2000 0.1
-2.32607 0.15001 -2.36585
-2.84999 0.15001 0.334791
-2.84999 0.15001 0.492009
-1.92473 0.15001 0.528382
-2.53649 0.15001 0.374156
-2.84999 0.15001 0.650829
-2.53995 0.15001 -0.186751
-2.84999 0.15001 1.98687
-2.35429 0.15001 2.1863
-2.51577 0.15001 2.10566
-2.54117 0.15001 -1.25896
-2.69744 0.15001 -1.51564
-2.23532 0.15001 -1.44692
-2.69514 0.15001 -0.985219
-2.43147 0.406508 -1.76837
-1.19306 0.15001 2.41214
-2.84999 0.15001 0.97898
-2.84999 0.15001 2.84999
-2.84999 0.15001 2.33838
-2.33442 0.15001 2.84999
-1.99183 0.15001 -2.70472
-2.84999 0.15001 -1.06856
-2.69975 0.15001 -0.809837
-2.68891 0.15001 1.70368
-0.588389 0.278582 0.251966
-2.84999 0.15001 0.813455
-1.34419 0.320177 1.58476
-2.84999 0.15001 2.16
-1.24449 0.15001 1.74858
-1.95865 0.15001 2.84999
-2.84999 0.15001 -2.39209
-2.51878 0.15001 -2.3682
-2.38675 0.15001 -1.35082
-2.69483 0.405894 -2.84999
-1.07076 0.15001 1.45401
-2.08259 0.15001 0.619343
-0.394204 0.288691 -0.247429
-2.50829 0.15001 1.93808
-2.84999 0.15001 2.51635
-2.84999 0.15001 1.81828
-2.69719 0.15001 -1.33573
-1.70871 0.293398 -1.12777
-2.50171 0.295091 -2.47189
-1.17341 0.15001 1.14432
-1.75946 0.15001 -1.03337
-2.45968 0.310859 -0.462524
-2.84999 0.15001 1.31543
-0.693311 0.15001 -0.706773
-1.83122 0.27344 2.84999
-2.6927 0.15001 2.06881
-1.99586 0.292864 -1.99727
-2.84999 0.15001 0.175372
-1.54638 0.303889 -0.977698
-1.22419 0.15001 1.52848
-1.26868 0.30268 1.41049
-0.253678 0.308558 2.70332
-2.69837 0.15001 -0.266925
-2.84999 0.15001 2.68533
-2.54818 0.15001 0.202613
-2.74058 0.315446 -0.756061
-1.91196 0.15001 -0.93327
-2.84999 0.15001 0.00649433
-2.5327 0.15001 -0.560528
-2.39512 0.15001 -0.0877652
-2.68011 0.15001 1.18696
-2.39169 0.15001 -0.283706
-2.27263 0.451204 -2.82672
-2.67926 0.15001 2.84999
-1.82367 0.423158 2.70555
-2.60076 0.296917 -2.24787
-2.04914 0.15001 1.33775
-2.22141 0.15001 -0.750635
-2.84999 0.15001 -0.365061
-2.54079 0.15001 -0.37614
-2.64584 0.576465 2.23055
-1.46122 0.15001 1.95271
-1.08956 0.31878 0.396304
-2.84999 0.15001 1.14762
-2.52855 0.15001 1.09962
-2.05038 0.15001 2.70641
-2.23462 0.15001 0.535122
-2.23295 0.15001 -0.561753
-2.84999 0.15001 -1.24508
-1.80103 0.434317 -2.70233
-2.68926 0.15001 0.500635
-1.37848 0.15001 2.67011
-2.31646 0.306461 2.67213
-1.75583 0.15001 2.55923
-2.60811 0.295586 -1.83782
-2.04374 0.329925 2.84942
-2.69543 0.15001 -0.450628
-1.03122 0.15001 1.25672
0.268407 0.15001 2.6058
-2.44131 0.29368 -2.6439
-2.13877 0.298623 -0.91188
-0.810327 0.15001 2.70142
-1.49523 0.15001 1.48152
-2.80778 0.369015 2.63635
-1.73418 0.302881 -0.947463
-2.62708 0.15001 2.40476
-2.6292 0.15001 -2.84999
-0.864904 0.15001 -1.94707
-2.70167 0.15001 -0.0871584
-2.07882 0.15001 0.44491
-2.84999 0.15001 1.65016
-1.51546 0.15001 2.33475
-2.20038 0.15001 2.09358
-2.68617 0.15001 0.0940071
-2.40048 0.15001 2.40512
-2.21909 0.15001 2.40416
-2.05712 0.15001 -1.58753
-2.53887 0.15001 1.60495
-2.68673 0.15001 -0.634637
-0.894129 0.278786 1.09014
-1.72127 0.15001 1.68442
-0.933194 0.15001 1.56167
-2.21999 0.15001 2.6994
-1.36685 0.15001 2.45943
-1.17479 0.296616 1.87912
-1.27082 0.15001 2.84999
-0.493515 0.295749 -2.10891
-2.64875 0.15001 -2.47003
-2.54013 0.15001 -1.0848
-1.33896 0.15001 1.40799
-2.55077 0.15001 -0.00576271
-1.08913 0.15001 1.64365
-1.18701 0.15001 2.07537
-1.04175 0.15001 2.33855
-1.21025 0.15001 2.64686
-2.15741 0.15001 2.84999
-2.84999 0.15001 -1.41926
-2.27869 0.314627 1.36699
-1.31736 0.15001 1.04253
-2.68629 0.15001 1.35227
-1.07383 0.30345 1.15771
-2.13851 0.15001 2.25337
-2.68003 0.15001 1.88804
-0.940586 0.450915 -2.63786
-0.921661 0.291845 2.1829
-2.51169 0.15001 2.84999
-2.26364 0.15001 -2.54533
-0.854739 0.294171 0.84772
-1.46932 0.15001 0.604839
-2.84999 0.15001 1.48301
-1.01868 0.293349 1.74069
-2.31182 0.15001 2.55647
-0.80194 0.291837 1.82343
-1.09577 0.304393 2.23418
-2.53105 0.15001 1.77225
-1.09385 0.15001 2.84999
-0.916641 0.292329 -0.482253
-2.38158 0.15001 -1.70387
-1.0039 0.304449 0.0481989
-1.79147 0.15001 0.0805791
-0.923036 0.304679 1.27367
-2.28801 0.292127 -1.01691
-2.12167 0.15001 2.54296
-2.40999 0.15001 0.0947723
-2.69129 0.15001 2.56815
-1.23953 0.314327 2.35205
-1.69995 0.284674 -2.3174
-1.20206 0.307379 0.879177
-2.84804 0.47558 -2.38879
-0.960636 0.39062 1.43375
-0.878336 0.448402 1.81548
-2.64613 0.363656 0.824701
-0.822256 0.562088 1.66838
-1.34492 0.308841 1.95713
-2.34214 0.311415 1.93283
-1.43291 0.15001 2.84999
-1.52972 0.15001 2.11006
-2.03659 0.15001 -2.08652
-2.84999 0.15001 -1.75186
-1.93133 0.15001 0.356056
-2.35347 0.289152 -2.84999
-1.15038 0.431696 1.45991
-1.68193 0.15001 2.39344
-2.509 0.15001 2.27555
-2.73019 0.35692 -1.27403
-1.06278 0.29708 2.43729
-2.84999 0.15001 -2.072
-1.02504 0.293727 -1.17628
-2.23811 0.15001 -0.190049
-1.91588 0.316885 0.294083
-1.93525 0.15001 2.57393
-2.24226 0.15001 0.180122
-0.556536 0.573411 2.5089
-1.03858 0.410179 1.88923
-1.72427 0.290577 2.66048
-1.65349 0.15001 2.84999
2.45911 0.492235 -1.5233
-1.02532 0.327969 -0.323088
-2.05165 0.15001 1.6767
-1.38015 0.310199 0.985488
-1.35992 0.304775 -0.578702
-1.19126 0.301217 -0.709082
-0.544586 0.15001 0.531289
-1.36071 0.15001 2.09611
0.140045 0.30516 -0.379447
-2.30205 0.320888 0.123413
-0.876445 0.15001 0.762129
-1.77706 0.15001 0.950636
-2.69012 0.15001 0.686994
-0.864224 0.15001 1.19957
-0.914942 0.15001 1.38483
-1.54127 0.15001 2.52399
-0.92599 0.15001 1.73687
-1.65514 0.15001 2.21439
-0.503377 0.15001 2.69358
-1.58264 0.15001 1.82664
-1.86336 0.15001 -2.08628
-2.84999 0.15001 -0.893802
-2.84999 0.15001 -0.716416
-0.663734 0.30117 0.779801
-0.750335 0.15001 1.34789
-0.740712 0.15001 1.73148
-1.08916 0.15001 1.82476
-0.898335 0.15001 2.04236
-0.893443 0.15001 2.28031
-0.744728 0.15001 2.84999
-1.32266 0.15001 -0.378621
-2.69051 0.15001 1.02427
-0.86398 0.15001 0.974893
-0.830243 0.272952 1.46181
-1.05998 0.297329 1.55322
-0.591726 0.15001 1.62822
-0.526873 0.415572 1.90594
-1.03025 0.15001 2.15096
-0.618739 0.15001 2.2323
-0.539766 0.316165 2.66097
1.13447 0.287052 -2.72602
-2.38224 0.15001 -1.17728
-2.84999 0.15001 -2.54466
-2.84999 0.15001 -0.543166
-0.665769 0.297081 1.56077
-0.845227 0.274604 1.6467
-0.961223 0.226871 1.9066
-0.764397 0.279226 2.06238
-0.969854 0.417625 2.31854
-0.877909 0.281934 2.38323
-1.57181 0.296403 -0.626306
-0.788123 0.408102 1.15305
-0.577502 0.30183 0.950043
-2.45828 0.15001 -2.84999
-1.03372 0.303834 0.969354
-0.94801 0.421315 1.63915
-0.73578 0.403948 1.69684
-0.583814 0.287332 2.10151
-2.0279 0.15001 2.04988
-0.560513 0.443516 2.37611
-1.02885 0.299642 0.77206
1.3568 0.15001 2.17693
-1.7742 0.303468 1.91785
-0.965969 0.44539 1.08639
-0.470429 0.454313 1.53609
-2.69499 0.270587 -2.01915
-2.50924 0.15001 2.53861
-0.68816 0.431846 2.02228
-2.83532 0.31537 2.84645
-0.927392 0.292274 2.59078
-2.84999 0.15001 -1.58853
1.91237 0.155365 1.59993
-2.09074 0.15001 0.086227
-0.640693 0.463247 1.24774
-1.01008 0.547476 1.52315
-2.08852 0.15001 0.263481
-0.564542 0.569359 2.00149
-1.07279 0.297145 2.04436
-2.84216 0.376782 -0.227471
-0.0614183 0.15001 2.84999
-1.41272 0.295434 0.045883
-0.789769 0.286307 0.338187
-2.52786 0.598887 -2.00124
-2.1728 0.41884 -2.38947
-1.48138 0.15001 -0.470661
-0.829932 0.479078 1.33198
-2.20618 0.344206 1.6774
-1.8208 0.15001 2.10417
-2.47358 0.300819 -2.1047
-0.919363 0.15001 2.84999
-2.53785 0.15001 -0.910985
-0.764278 0.307765 -0.590913
-2.06908 0.15001 -1.01406
-1.79005 0.15001 2.73798
-0.487148 0.626444 1.60846
-0.742768 0.452517 2.35083
-2.83676 0.323297 -1.1412
2.05527 0.264197 1.76618
1.60009 0.286918 1.28953
-2.35621 0.15001 2.01857
-1.012 0.15001 -0.539968
-1.28491 0.308546 0.445834
-2.27107 0.312157 -0.216984
-2.68945 0.15001 0.30643
-1.55132 0.15001 2.70823
-2.68778 0.15001 0.858984
0.812799 0.15001 1.45811
-2.6921 0.15001 1.52314
-0.224816 0.15001 2.84999
-1.6495 0.332527 0.520063
-1.97487 0.15001 -2.40891
-1.77155 0.15001 1.29852
-1.72909 0.15001 1.51369
-2.53218 0.15001 0.554462
-0.483545 0.15001 1.35217
-0.758789 0.15001 1.5555
-0.611912 0.15001 1.85214
-0.469744 0.15001 2.3502
-0.62989 0.15001 2.54668
-0.746308 0.15001 2.3576
-2.09248 0.15001 -0.280322
-1.88801 0.15001 1.42615
-0.56743 0.15001 0.874256
-0.531594 0.15001 1.05577
-1.09115 0.295174 1.34711
-0.447674 0.15001 1.72215
-0.781564 0.15001 1.912
-0.650888 0.292903 1.92237
-0.710027 0.288982 2.45621
-0.78729 0.15001 2.53045
-1.8083 0.15001 -2.70677
-0.455139 0.25695 0.780633
-1.55122 0.15001 1.64609
-0.640804 0.298143 1.13043
-0.397709 0.15001 1.20033
-1.01481 0.15001 1.06071
-0.468773 0.273076 1.83149
-0.390268 0.276727 2.14912
-0.474788 0.420898 2.07923
-0.462723 0.15001 2.52359
-2.2222 0.15001 -0.928245
-0.0912557 0.307213 -1.1443
1.0028 0.302748 -1.62441
-0.749984 0.306868 0.98597
-0.617131 0.15001 1.45497
-0.61902 0.279968 1.73649
-2.81247 0.36285 -1.92486
-0.644867 0.15001 2.02869
-0.998841 0.448762 2.13073
-0.708394 0.292586 2.26764
-1.14579 0.15001 -1.31647
-1.95283 0.15001 -2.24099
-0.641164 0.413432 1.42958
-0.748234 0.316748 1.30743
-0.578792 0.287498 1.30916
-0.798321 0.434203 1.52443
-0.80413 0.422496 2.1773
-0.619838 0.440393 2.19738
-2.83854 0.337519 -2.51292
-0.533547 0.294579 2.46849
-2.4451 0.15001 -2.53456
-1.32676 0.15001 1.22246
-2.55645 0.15266 -2.69088
-0.48269 0.445939 1.34119
-0.38934 0.292633 1.32018
-0.532665 0.429559 1.71511
-0.893843 0.365393 1.99385
-0.67067 0.496005 1.83777
-2.6878 0.15001 -1.88024
-0.742701 0.303242 2.64601
-0.446265 0.301626 -0.989334
-1.908 0.15001 2.40556
-0.954898 0.441935 0.867833
-2.38487 0.15001 0.276978
-1.13138 0.298009 -1.98481
-0.64148 0.518374 1.59195
-0.190709 0.574902 2.07419
-0.907182 0.299356 -1.33939
-0.651636 0.427601 2.55753
-0.848441 0.426581 2.49631
-2.84999 0.15001 -1.91306
0.978928 0.15001 -0.481776
-0.424983 0.570942 0.943963
1.26047 0.15001 1.27028
-0.0434336 0.640251 1.44631
-2.61841 0.425988 -0.651357
-0.843569 0.537359 2.03808
-0.811996 0.613373 1.86636
-1.67977 0.15001 2.01616
-1.42741 0.323137 -0.134334
-2.37772 0.15001 0.996223
-2.38424 0.15001 0.819939
-2.23263 0.15001 0.364487
-0.48036 0.541882 1.16517
1.20328 0.15001 0.0797607
-1.18849 0.15001 2.24239
-0.930026 0.15001 2.46052
-1.80905 0.15001 2.27267
-0.503613 0.574137 2.25851
-2.40453 0.15001 2.6966
0.297275 0.15001 0.00462204
0.606227 0.295201 0.39694
-1.32141 0.15001 -0.0281894
-1.12419 0.280834 -1.41887
-0.199529 0.308853 -0.109108
-2.00621 0.310421 -0.647925
-2.84999 0.15001 -2.23269
-1.20899 0.332664 0.219818
-2.40794 0.323123 1.53955
-1.26892 0.15001 1.92953
-0.119619 0.15001 -2.23168
-2.53076 0.15001 1.43676
-1.77206 0.15001 1.12413
-0.710277 0.15001 1.07029
-0.211966 0.15001 1.21443
-0.442485 0.15001 1.5301
0.13209 0.15001 1.83118
-0.150282 0.15001 2.14125
-0.781737 0.15001 2.16068
-0.572105 0.15001 2.84999
-0.693327 0.15001 -0.176986
-0.735062 0.15001 0.855595
0.731345 0.15001 1.61341
-0.287708 0.15001 1.0456
-0.319487 0.26892 1.50199
-0.296618 0.15001 1.63258
-0.190461 0.244174 1.91111
-0.337867 0.15001 1.85777
-0.337538 0.15001 2.24499
-0.521328 0.299292 2.27432
-2.84363 0.15001 -2.84999
-0.399062 0.15001 0.914679
-0.419478 0.272173 1.0382
-0.439727 0.396839 0.887142
-0.210683 0.270291 1.34095
-0.192073 0.15001 1.77376
-0.475167 0.15001 1.97123
-0.293903 0.15001 2.03101
-0.300282 0.15001 2.4838
-0.390751 0.15001 2.84999
1.42758 0.15001 -1.48563
-0.0636589 0.15001 -1.84345
-0.284612 0.282517 0.914818
-0.345596 0.398445 0.725915
-0.167425 0.358266 1.48144
-0.437244 0.296456 1.63902
-0.311897 0.34168 1.77906
-0.365943 0.301161 1.97224
-0.210793 0.292098 2.07462
-0.372191 0.287679 2.58472
-0.876996 0.15001 0.588461
-0.573198 0.15001 0.705955
-1.21267 0.476089 2.69644
-0.016817 0.441321 1.19169
-0.479617 0.355166 1.17811
-0.505259 0.294562 1.46776
-0.303935 0.41672 1.60561
-0.363462 0.278591 2.37978
-0.20179 0.282517 2.50903
-0.86013 0.329467 2.81807
-0.164897 0.310203 0.376183
-0.253719 0.460205 0.89094
-1.9257 0.15001 -0.743606
-0.159595 0.431881 1.30954
-0.320426 0.428854 1.41903
-1.19509 0.34985 0.581239
-0.2114 0.508484 1.72866
-0.207506 0.421129 1.93395
-0.296797 0.431882 2.10597
0.640108 0.15001 2.68719
-0.224494 0.15001 -0.788596
-2.70692 0.15001 -2.6188
1.07358 0.15001 2.15616
-0.782659 0.482396 0.958779
-0.360916 0.43303 1.05144
-2.07558 0.292609 1.23605
-0.043157 0.536102 1.95469
-2.01053 0.284213 2.29937
-0.0636819 0.30129 2.6348
-0.40195 0.433535 2.47745
-1.61074 0.15001 0.508669
-1.02281 0.15001 0.682433
2.69516 0.15001 -1.55626
-0.597923 0.296873 -0.154469
-0.392025 0.530644 1.75268
-0.569545 0.588392 1.42393
-0.370661 0.496555 1.93458
-0.209922 0.605695 1.88377
2.01734 0.306971 -0.772632
0.371796 0.480124 2.84953
2.26853 0.15001 -0.720547
-0.593794 0.457016 1.03888
-2.49285 0.297404 2.84999
0.222683 0.300846 -0.0352162
-0.345781 0.598164 1.34253
-2.1289 0.470818 -0.908039
-0.248102 0.436419 2.59881
-1.77589 0.644247 2.17649
-1.94207 0.294673 1.87505
-2.68355 0.15001 2.24281
0.237869 0.15001 0.790262
-1.88896 0.15001 1.94776
-2.79337 0.294525 0.109938
-1.73444 0.313766 0.873181
-0.295854 0.640286 1.62489
1.71759 0.325259 1.45431
0.753688 0.447926 -0.859563
-2.52059 0.15001 1.27165
-2.06219 0.296963 1.73272
0.716128 0.34745 2.82335
0.479808 0.15001 -2.69477
0.694934 0.15001 1.00482
0.219753 0.15001 0.968544
-0.596642 0.15001 1.22761
-0.0846443 0.15001 1.34444
-0.314725 0.15001 1.38016
0.328892 0.15001 1.81969
0.078633 0.15001 1.98655
-0.0470406 0.15001 2.49274
0.106177 0.15001 2.84999
1.49163 0.15001 1.78317
-0.305371 0.15001 0.772732
-0.173502 0.15001 0.882007
-1.47414 0.15001 1.30837
0.049188 0.15001 1.47421
-0.0766228 0.15001 1.64512
0.0130477 0.28962 1.70645
-0.0331167 0.15001 1.80993
0.283805 0.15001 2.84999
0.147422 0.15001 2.40269
-1.35115 0.299589 -2.66782
0.374572 0.15001 0.891222
-0.128907 0.19469 1.03988
0.15857 0.15001 1.13952
-0.0270862 0.309232 1.35353
-0.174316 0.15001 1.49562
-0.0486612 0.24042 2.03377
0.470835 0.15001 2.84999
-0.19017 0.15001 2.34872
-0.165253 0.15001 2.62124
-0.557844 0.15001 -1.43005
0.70373 0.15001 0.341309
0.0110625 0.30838 0.72574
-0.295807 0.29174 1.16301
-0.0178194 0.289476 1.53249
-0.187396 0.280722 1.63865
0.0823728 0.405302 2.00105
0.273709 0.390229 2.03896
-0.0166493 0.15001 2.31638
0.721675 0.15001 2.55309
0.00549244 0.15001 0.839432
-0.360992 0.306847 0.569983
-0.0873162 0.311408 0.886652
0.0014491 0.324126 1.04246
-0.185484 0.368227 1.0416
-0.0802126 0.432477 1.62172
-0.131112 0.357832 1.78433
-0.231476 0.287379 2.25162
-0.0536731 0.29208 2.20856
-0.078087 0.293 2.3859
0.133751 0.15001 -1.10071
0.0194514 0.308297 0.528276
2.57863 0.318119 -1.80803
0.108542 0.581366 1.53822
-0.194002 0.537328 1.50295
2.66275 0.15001 2.84999
-0.084437 0.410392 2.07251
1.07013 0.305773 -0.485668
-0.237955 0.411646 2.39096
-2.43224 0.447457 2.8403
-0.554913 0.15001 -2.69918
-1.01489 0.15001 0.864781
0.225531 0.373861 0.793623
-0.029031 0.612035 1.13782
0.184872 0.403516 1.23557
-0.326073 0.450275 1.23365
0.0948606 0.397007 2.181
-0.383711 0.426243 2.2716
0.151984 0.545058 2.29668
2.78982 0.327479 -0.158769
0.440271 0.15001 -1.07351
2.48565 0.297467 -2.04768
0.814508 0.324751 0.115152
-0.216628 0.541289 1.11009
0.837123 0.411949 1.13389
-0.168578 0.49214 2.75042
0.00461803 0.551489 2.14537
1.22126 0.15001 2.04972
0.1581 0.565489 1.72075
0.0801874 0.509674 2.50572
1.16487 0.267919 0.779425
-1.74264 0.30008 -0.593609
-1.07694 0.15001 2.54082
1.91941 0.321402 2.20895
0.0635391 0.657428 1.86067
-2.61991 0.445945 -2.13219
2.5576 0.315896 -0.396644
-0.0235162 0.311648 2.84999
-0.116818 0.621954 2.27516
-0.326861 0.15001 2.67795
0.640629 0.303909 -0.0416525
0.563727 0.15001 0.228456
2.84999 0.307886 -2.20139
0.0216588 0.464758 0.243464
2.07172 0.323593 -0.605559
-2.57568 0.15001 2.69626
-1.24771 0.321464 2.84999
-1.50708 0.383681 0.298474
-2.56898 0.312333 0.582282
1.98712 0.15001 2.84999
0.400623 0.15001 -2.53523
-0.0826966 0.15001 -1.66083
1.21228 0.15001 1.43434
2.33235 0.15001 0.551666
1.51084 0.15001 1.95824
1.18032 0.15001 1.87619
0.633368 0.15001 1.95686
1.39155 0.15001 1.58276
0.533634 0.15001 2.36329
0.0996976 0.15001 2.61214
2.36047 0.15001 -2.21774
0.812308 0.15001 1.15192
0.0390618 0.15001 0.997692
-0.0321837 0.15001 1.1721
2.12801 0.15001 2.50988
0.104856 0.15001 1.6711
0.192135 0.290992 1.91334
-0.000293291 0.303714 1.88492
0.884584 0.15001 2.09974
1.0046 0.15001 2.58152
0.564309 0.15001 -2.84999
0.178163 0.305148 0.628877
0.107073 0.280189 0.894733
0.33688 0.283298 1.1689
0.270636 0.15001 1.2729
0.0890836 0.15001 1.30288
0.206208 0.280875 1.72985
0.0406191 0.15001 2.15592
0.208789 0.15001 2.21835
0.187688 0.253508 2.72536
0.385016 0.15001 0.285372
0.967643 0.307002 0.0161607
0.182614 0.303331 1.07083
-0.118427 0.296935 1.19165
0.30371 0.340067 1.51976
0.157996 0.25705 1.55813
0.113048 0.4101 1.80279
0.157043 0.262209 2.09117
0.292267 0.25201 2.33232
0.0637469 0.308855 2.50935
1.57362 0.325344 2.84999
-0.195569 0.287632 0.744578
0.39294 0.3088 0.792735
0.0648875 0.285316 1.20467
0.147479 0.279568 1.38343
0.578369 0.293923 1.4575
-0.0296101 0.513644 1.77635
2.37545 0.308847 -0.126503
-0.158965 0.449671 2.23246
0.107546 0.267928 2.29882
0.18842 0.30618 0.430891
2.84999 0.15001 -1.97167
2.52637 0.15001 1.28539
-0.0663976 0.493476 0.985201
-0.0169994 0.45869 1.44768
0.10521 0.414703 1.61235
0.311864 0.529409 1.51158
0.193305 0.542599 2.10606
0.00296961 0.438432 2.33196
0.831444 0.15001 2.84999
0.985551 0.15001 1.11388
2.84999 0.15001 -1.47319
2.15889 0.15001 -0.412488
0.075597 0.549991 1.30891
1.9818 0.308964 0.79042
-0.148162 0.606571 1.29581
0.272836 0.405538 2.22578
-0.392784 0.584893 2.1056
2.31825 0.15001 2.84999
-2.04677 0.306577 2.48321
2.51668 0.15001 -2.30869
1.45561 0.15001 1.08662
2.06285 0.15001 2.67385
-0.217975 0.15001 0.621973
2.13893 0.159859 0.517403
-0.0735427 0.621198 1.63273
0.767439 0.295363 2.08465
2.15722 0.354004 1.2336
0.245647 0.300789 2.53234
1.00664 0.346107 1.6781
2.36779 0.15001 1.41102
0.0632916 0.457765 0.854408
2.84999 0.339259 -0.536543
2.18837 0.15001 0.678123
1.2751 0.15001 1.09921
1.68752 0.15001 2.66673
1.60228 0.284507 0.544592
1.74527 0.309244 0.68886
-2.72661 0.356673 1.03081
0.14911 0.409439 2.65225
1.71322 0.298402 -0.61198
2.1774 0.328911 -1.00882
2.27913 0.15001 1.73918
0.788652 0.473618 0.808053
1.56385 0.312236 -0.728267
-1.2113 0.302018 -0.900786
2.68702 0.15001 1.21002
1.64489 0.15001 -0.691029
1.69326 0.426977 2.37646
2.56105 0.15001 0.951674
1.264 0.15001 -1.917
1.48358 0.15001 2.53114
0.916317 0.15001 1.2998
1.09078 0.15001 1.25414
0.943441 0.15001 1.60607
1.63186 0.15001 2.42633
1.58006 0.15001 1.63721
1.34816 0.15001 1.87687
0.547579 0.15001 2.53869
1.19734 0.15001 2.84999
2.17103 0.15001 -2.70463
2.52894 0.15001 -1.30972
1.94799 0.15001 0.234038
2.68619 0.15001 0.832387
0.410851 0.15001 1.38423
1.52464 0.15001 2.28739
1.0204 0.15001 1.43423
0.263456 0.15001 2.00599
1.28963 0.15001 2.54042
0.0494026 0.319375 -0.0767026
0.951392 0.15001 -1.89836
0.412519 0.15001 0.723311
0.630028 0.15001 1.18174
0.455121 0.15001 1.04307
0.248437 0.15001 1.45605
0.289672 0.15001 1.63733
0.483127 0.15001 1.68553
0.442445 0.15001 2.04956
1.37696 0.15001 2.38938
1.13836 0.15001 2.46826
2.64671 0.318689 -2.53382
2.84999 0.15001 -2.48039
0.68052 0.304078 0.927156
0.314281 0.307508 0.957477
0.776036 0.2992 1.30301
0.427238 0.216097 1.5388
2.58691 0.15001 2.68668
0.37543 0.272897 1.94746
0.582742 0.433873 2.34131
1.82048 0.15001 2.84999
1.40625 0.15001 -2.84999
0.51845 0.296526 1.12651
0.496508 0.297111 0.950026
0.313662 0.447607 1.09118
0.312184 0.319824 1.34382
2.42801 0.15001 1.61741
0.321042 0.408496 1.84706
0.332449 0.243563 2.14739
0.702026 0.297928 1.91014
0.658273 0.15001 2.84999
2.26311 0.15001 0.39814
1.02064 0.15001 -0.836553
1.03775 0.15001 0.691994
0.445325 0.450511 1.2309
0.290928 0.52693 1.31185
0.460885 0.402399 1.6083
0.19723 0.525244 1.91664
0.556845 0.237394 2.14098
0.419071 0.265303 2.53937
1.39062 0.15001 2.84999
2.70795 0.15001 -2.57355
-1.32046 0.15001 0.147984
1.11443 0.313901 0.571497
0.16854 0.441879 1.43288
0.972161 0.301819 0.229999
0.282814 0.436302 1.6717
0.532188 0.349738 1.98483
0.181717 0.393879 2.39646
2.27713 0.37858 0.452728
0.882953 0.15001 1.76916
0.793464 0.15001 -1.81672
2.57723 0.15001 -0.549868
1.82265 0.563188 -1.17186
2.49446 0.319159 -1.39539
2.25052 0.15001 1.09287
0.446648 0.424536 1.42459
0.960665 0.286541 -0.203862
0.499578 0.457422 1.80168
0.27561 0.490986 2.5352
0.467658 0.435981 2.58468
1.99018 0.15001 -0.389665
0.379891 0.15001 -1.90407
1.25398 0.315239 0.265576
1.60516 0.15001 1.42153
2.20792 0.267509 2.73597
1.06567 0.15001 1.75159
2.82555 0.314475 2.04768
0.392868 0.527032 2.07735
2.13758 0.15001 -0.590557
1.04046 0.15001 1.97689
0.38824 0.15001 -0.710161
1.49547 0.15001 0.642191
2.42059 0.15001 -0.628561
1.9174 0.294802 1.13199
2.66437 0.15001 2.51508
2.84999 0.15001 1.81831
0.972322 0.328262 1.31865
2.49625 0.15001 1.83403
2.5323 0.15001 0.121961
2.82283 0.15001 2.34545
1.90306 0.15001 -0.113923
1.76272 0.15001 1.34514
2.76112 0.15001 0.379685
2.27392 0.15001 0.905745
2.55015 0.15001 1.11176
2.09173 0.15001 1.50861
0.874939 0.15001 1.93365
1.23615 0.15001 1.71498
0.693015 0.15001 2.40038
2.25083 0.15001 2.63629
1.02812 0.15001 0.864103
2.26509 0.15001 0.15198
2.09301 0.295978 -0.298579
2.38826 0.15001 0.0366656
1.65386 0.15001 1.85237
2.47309 0.15001 2.48293
1.59506 0.15001 2.11126
0.641272 0.15001 1.77187
1.88589 0.15001 2.659
1.12704 0.15001 1.58318
2.84999 0.15001 -1.64244
2.55445 0.15001 -0.732024
2.25414 0.15001 -0.904275
0.450456 0.15001 1.21317
0.596343 0.15001 1.3587
0.539294 0.281882 1.81537
0.698826 0.15001 2.14927
0.60042 0.294166 2.4555
2.74269 0.299195 1.6262
1.6432 0.15001 2.84999
2.84999 0.15001 -1.80678
0.701608 0.304584 1.11512
2.69101 0.15001 -0.869087
2.20351 0.15001 -1.43341
0.46508 0.303949 -0.339795
0.482034 0.287523 1.30604
2.62645 0.30624 -1.07819
2.84999 0.15001 2.56823
0.788931 0.308179 2.44331
1.56483 0.370452 1.48233
2.84999 0.15001 -2.67594
2.6294 0.15001 0.48358
2.84999 0.15001 -0.644172
0.621723 0.390729 1.27474
2.84999 0.15001 1.13597
0.382213 0.286768 1.72238
2.57824 0.15001 2.01108
0.477577 0.286489 2.29866
1.38462 0.301044 1.03515
0.67306 0.341859 2.6173
2.69618 0.15001 -1.38798
2.68479 0.15001 -2.23234
-0.0071444 0.299428 0.0955654
0.750824 0.287391 -1.15034
2.24696 0.15001 -0.0505577
1.49366 0.290612 0.0243781
0.596442 0.27956 1.63499
2.29188 0.15001 -0.522836
0.376302 0.391719 2.41329
2.82488 0.298622 -0.729511
1.59483 0.304316 -0.348365
0.368528 0.303334 0.603208
2.67831 0.15001 -0.395681
0.122132 0.474166 1.05656
2.45275 0.15001 -0.446504
2.09293 0.15001 1.67726
2.16901 0.398736 -0.722976
0.449091 0.37448 2.15101
2.04992 0.317065 1.05204
2.39709 0.425806 2.84999
1.55909 0.15001 -0.243433
0.573029 0.310274 0.776099
1.29324 0.480712 0.953392
2.13827 0.303204 -1.34071
2.07242 0.15001 0.357896
1.50651 0.292202 -2.57483
2.40413 0.15001 1.01725
2.08784 0.15001 2.15512
2.32656 0.297746 -1.94639
-2.00771 0.348099 2.09941
2.53579 0.15001 1.46401
2.39442 0.15001 0.288116
2.51578 0.15001 -0.0799715
1.25312 0.284296 -0.509925
2.64935 0.15001 2.34863
0.980874 0.398182 0.836399
0.683484 0.291602 2.2715
1.97274 0.15001 0.533825
1.9529 0.15001 2.47991
1.00769 0.15001 2.84999
1.59675 0.292784 0.192803
1.00073 0.304175 0.433081
2.63485 0.28279 -0.698834
1.78208 0.15001 0.00305919
2.36908 0.15001 -0.182601
1.93468 0.15001 1.80201
2.24562 0.15001 2.07539
2.35118 0.15001 1.23284
2.84975 0.333458 2.61507
1.20302 0.374925 1.78032
2.84999 0.15001 -2.13618
2.36667 0.15001 -1.19208
2.84999 0.15001 0.543758
2.31862 0.15001 -0.349563
2.84999 0.15001 0.737391
2.41516 0.15001 2.31354
2.41674 0.15001 2.66077
1.75898 0.15001 2.17749
2.84999 0.15001 1.98801
2.48668 0.15001 2.84999
2.6812 0.15001 -2.84999
2.21967 0.15001 -1.08665
2.84999 0.15001 -1.14079
2.84999 0.15001 -0.127905
2.84999 0.15001 0.917304
2.53135 0.15001 2.19751
2.84999 0.15001 1.64642
2.62492 0.15001 1.70352
2.03725 0.266554 1.32353
2.84999 0.15001 2.84999
2.84999 0.15001 -1.30581
2.70295 0.15001 -0.644931
2.84999 0.15001 -0.480101
2.71886 0.15001 1.02203
2.84447 0.287586 2.42997
2.84999 0.15001 1.30212
1.78778 0.15001 2.52125
2.17702 0.15001 1.87962
2.42045 0.15001 2.064
0.840431 0.15001 2.67817
2.11343 0.305311 -2.64101
2.70954 0.15001 -2.39703
2.84999 0.15001 -0.974145
2.70729 0.15001 -0.211009
1.89765 0.15001 2.06797
2.8466 0.15001 1.4712
2.32266 0.318755 -1.57755
1.97249 0.325665 -0.437225
2.15374 0.15001 2.84999
2.4289 0.295308 0.610931
2.68223 0.15001 -1.72473
2.84999 0.15001 0.238924
2.84999 0.15001 -0.311006
2.42019 0.15001 -0.845613
1.30718 0.301586 0.676508
1.40278 0.270349 -0.331509
0.753274 0.302124 1.73013
0.948187 0.303284 2.03119
2.84999 0.15001 2.16976
1.29751 0.15001 2.70865
2.04155 0.15001 -2.03373
0.560467 0.303852 0.582611
2.68896 0.15001 0.650247
1.39546 0.300653 -0.864595
1.01635 0.15001 2.34602
2.11689 0.310599 -2.43343
2.75767 0.15001 2.70663
2.69531 0.163427 0.180539
2.28641 0.15001 2.43065
2.828 0.314291 2.84968
2.84825 0.317428 -1.86017
1.97781 0.15001 0.705431
1.95974 0.307176 -1.36051
1.8062 0.15001 1.92668
2.07095 0.15001 2.34076
0.753425 0.309481 1.50911
2.04593 0.15001 1.98265
2.68747 0.15001 -0.0209938
0.903038 0.300211 2.226
2.81599 0.385214 0.0629108
2.84999 0.15001 -2.30296
2.39164 0.293094 -2.84999
2.84999 0.15001 -0.809479
0.722904 0.310281 -0.590312
1.76354 0.331801 0.0782612
2.59688 0.339838 0.20627
1.4283 0.357732 0.553612
1.74919 0.15001 1.71004
2.17326 0.340211 0.838344
1.68543 0.287006 0.883501
2.54657 0.15001 -0.961631
2.44015 0.304526 -1.71329
2.67926 0.15001 1.86997
2.07874 0.15001 -0.0615117
1.80799 0.15001 2.35181
2.05092 0.15001 -1.34803
1.86531 0.380079 1.99844
2.22491 0.15001 2.25155
1.70707 0.420615 0.301842
1.10034 0.15001 2.7141
2.56979 0.330405 -1.5869
0.808032 0.300137 -0.0983251
2.84999 0.15001 0.0570869
1.55835 0.295856 -1.1378
2.25638 0.406619 -1.23544
1.33746 0.264512 1.70838
0.878822 0.15001 2.45856
2.4351 0.341259 2.26253
0.818436 0.15001 2.28487
2.42408 0.295246 0.202197
-1.01406 0.309321 -1.5458
-2.07269 0.15001 -2.55434
-0.853627 0.300582 -2.14028
-1.62253 0.301796 -2.49205
-1.98817 0.30301 -2.8205
-1.3752 0.299208 -1.0557
-0.0447615 0.302966 -0.412768
-1.47497 0.15001 -0.649234
-2.66627 0.360229 2.84997
-2.5308 0.15001 0.925633
-2.18664 0.305295 -1.96833
-1.441 0.303975 -2.50151
-2.25809 0.15001 -2.84999
-2.84999 0.319498 -2.84999
-2.56261 0.15001 -2.00514
-2.69702 0.15001 -2.31208
-0.365192 0.306942 0.12728
-1.40095 0.285764 -1.70068
-1.94032 0.301277 -1.41073
-1.18846 0.15001 1.32802
0.80506 0.15001 -1.43736
-0.55154 0.310181 -1.29204
-0.619523 0.308145 -1.47681
-2.84999 0.15001 -2.69977
-2.84999 0.349466 -2.67895
-0.889024 0.15001 -1.44581
-0.0785372 0.307471 -0.597875
-2.33387 0.15001 -1.87518
-2.69566 0.15001 -1.16234
-2.84999 0.15001 -0.180376
-0.278734 0.303427 -0.875869
-0.734933 0.300216 -0.798199
0.717685 0.307181 -2.64115
-2.29777 0.303622 -1.38204
-0.380131 0.301682 0.377868
-1.3205 0.15001 -1.61825
-1.32125 0.15001 -0.550914
-1.92727 0.15001 -1.10916
-2.69126 0.311807 -1.4606
-1.93597 0.15001 0.179331
-2.1778 0.15001 -2.69715
-2.0924 0.305981 -2.67343
-0.979161 0.303177 -2.32395
-0.406269 0.294274 -1.41377
-2.84999 0.304422 -2.3535
-1.40567 0.301224 -1.35041
-2.72022 0.255957 -2.7586
-1.99286 0.299606 1.38561
-2.2271 0.15001 -1.27801
-1.90464 0.30439 -2.16065
-1.98894 0.309743 -2.49348
-1.16062 0.302709 -2.3311
-1.87737 0.291821 -2.34017
-0.718498 0.15001 -1.46382
-2.08091 0.15001 -0.654501
-2.06651 0.15001 -1.21097
-1.63596 0.15001 -0.374863
-2.24754 0.15001 0.00418492
-2.51355 0.290128 -1.67917
-1.93274 0.298594 -1.21404
-2.09945 0.308989 -2.14237
-1.81913 0.305163 -1.96269
-0.69486 0.302685 -1.6587
-1.52084 0.290876 -1.19206
-2.67943 0.15001 -2.14451
-2.54329 0.15001 -1.60401
-2.32902 0.28413 -2.46404
-1.76775 0.296412 -1.29978
-2.07551 0.304703 -1.093
-2.15154 0.302561 2.15916
-1.58386 0.299264 -1.66874
-1.91128 0.300594 -2.65941
-2.26711 0.299992 -2.6893
-1.49463 0.298618 -1.50992
-1.89971 0.304874 -1.02304
-2.2944 0.437275 -2.52843
-1.16435 0.15001 -0.283627
-2.54412 0.15001 -1.43139
-2.64004 0.308567 -2.59936
-2.3887 0.15001 0.45964
-1.23546 0.303094 -0.211827
-1.57507 0.15001 -1.92728
-2.14408 0.15001 -2.22131
-1.9014 0.287024 -1.79649
-2.44278 0.423849 -2.77379
-2.23322 0.287913 -2.29022
-2.3837 0.15001 -1.0062
-2.37775 0.15001 -0.657477
-1.82348 0.317191 -0.314921
-2.66616 0.316547 -2.41862
-1.66658 0.28819 -1.85588
-2.16186 0.289611 -2.51358
-2.39238 0.15001 -2.03594
-2.37059 0.15001 -2.70043
-2.0691 0.15001 -1.40586
-2.13788 0.293541 -1.49237
-0.931055 0.301611 -0.756542
-2.38402 0.15001 -0.474474
-2.53606 0.15001 0.745191
-2.2898 0.297685 -1.79361
-1.7141 0.15001 -2.84999
-2.08094 0.15001 -2.84999
-1.37195 0.15001 -2.24893
-0.816748 0.299134 -1.51264
-1.62516 0.15001 -0.73914
-1.78132 0.15001 -0.655302
-2.4561 0.294834 -1.26197
1.12046 0.305492 -0.658243
-1.60133 0.319707 -0.193549
-1.62259 0.15001 1.02693
-1.48469 0.15001 -1.31618
-1.89965 0.15001 -2.84999
-2.50458 0.15001 -2.19215
-1.76211 0.15001 -1.40105
-1.61859 0.15001 -0.924408
-2.51159 0.15001 -1.82496
-0.588507 0.30203 -0.543166
-2.37496 0.15001 1.50668
-2.3575 0.15001 1.3391
-2.37483 0.15001 -0.834202
-1.89102 0.15001 -2.55761
-1.01917 0.310889 -0.944083
0.214826 0.303708 -1.35041
-1.71857 0.15001 -1.58371
-1.92773 0.15001 -1.92427
-0.438878 0.29834 -0.786315
-0.843215 0.15001 -0.796521
-2.38844 0.15001 -1.52604
-2.24206 0.15001 -0.372156
-1.19551 0.310368 1.68948
-2.55093 0.301843 -2.84999
-1.44878 0.15001 -2.40384
-2.01885 0.15001 -1.76344
-0.669103 0.15001 -1.74925
-1.59115 0.15001 -1.10739
-1.63758 0.15001 -0.19763
-1.94619 0.15001 -0.18652
-1.48378 0.15001 0.0641326
-1.31393 0.15001 0.867558
-2.22016 0.15001 1.06903
-1.53165 0.303049 -2.66186
-2.07181 0.306186 -1.835
-2.14897 0.15001 -2.39376
-2.39908 0.3028 -1.94169
-1.052 0.15001 -1.46381
-1.92097 0.15001 -1.31658
-2.53547 0.15001 -0.740094
-2.68208 0.15001 -1.70489
-0.999755 0.15001 2.69412
-2.36926 0.15001 1.83743
-2.42335 0.2907 -2.29785
-1.77299 0.15001 -2.23245
-2.0527 0.288439 -2.31713
-2.29975 0.297549 -1.59494
-2.28287 0.310554 -2.1194
-1.26896 0.284931 -1.22008
-2.21872 0.15001 -1.10592
-2.84797 0.302647 -2.16833
-1.74993 0.15001 1.84984
-1.51114 0.330417 1.59536
-1.62446 0.15001 -2.40313
-1.79599 0.15001 -1.81598
-1.59394 0.29699 -1.35747
-1.40844 0.15001 -1.46826
-2.22911 0.15001 -1.61534
-1.35781 0.298995 -2.34006
-2.73901 0.305809 -1.64032
-2.08849 0.15001 -0.46746
-2.2054 0.15001 1.24679
-1.57511 0.310399 2.01195
-2.16986 0.304073 -2.84999
-1.64604 0.15001 -1.74342
-2.32674 0.15001 -2.19555
-1.59441 0.15001 -1.45656
-2.10199 0.15001 -1.92442
-2.06539 0.15001 -0.840564
-2.09596 0.15001 -0.0925073
-2.38885 0.15001 0.642739
-2.21105 0.15001 1.58983
-2.36716 0.15001 1.16746
-1.21604 0.303742 -2.15245
-1.8032 0.304179 -2.50466
-1.7252 0.30424 -2.12389
-1.15075 0.15001 -1.78721
-1.452 0.15001 -1.00066
-0.00789306 0.302137 -1.47238
-1.37623 0.306939 -0.842686
-1.78042 0.15001 0.262225
-1.77035 0.15001 0.433712
-2.36814 0.15001 1.67128
-1.25461 0.300753 -2.49933
-2.12942 0.287547 -1.67197
-1.90628 0.15001 -1.49702
-1.64282 0.15001 -1.27435
-1.27342 0.15001 -1.07091
-1.63589 0.15001 -0.555722
-1.47941 0.15001 -0.291374
-1.57652 0.309616 0.141967
-2.23472 0.15001 0.712576
-1.3782 0.15001 1.61339
-1.80221 0.30438 -2.84899
-1.64428 0.15001 -2.1148
-1.26188 0.15001 -2.70456
-1.0042 0.15001 -2.54045
1.92397 0.15001 -1.07272
-2.10457 0.29732 -1.30549
-1.79144 0.15001 -1.2051
-1.94334 0.15001 -0.00389383
-2.06893 0.15001 1.86148
-1.96408 0.15001 2.20847
0.509728 0.15001 -1.61478
-2.2159 0.15001 -2.05482
-1.48309 0.15001 -1.77941
-1.29719 0.15001 -2.09528
-0.481911 0.289877 -1.62612
-0.853666 0.15001 -0.622894
-2.19212 0.15001 -1.77897
0.176518 0.15001 0.33209
-2.20969 0.15001 1.75911
-0.651922 0.15001 0.349323
-1.56407 0.294579 -2.03225
-0.846917 0.15001 -2.24217
-1.03616 0.302131 -2.14838
-1.51204 0.15001 -1.6102
-1.31646 0.15001 -1.78786
-1.1704 0.301038 -1.07194
-1.77255 0.15001 -0.837662
-2.07612 0.15001 0.967265
-1.92693 0.15001 0.698672
-1.62781 0.15001 1.37765
-1.04347 0.308888 -1.81725
-0.381791 0.15001 -2.69792
-1.40829 0.15001 -1.16776
-1.04087 0.15001 -1.9345
-0.957696 0.15001 -1.60477
-1.47224 0.15001 -0.827749
-1.16585 0.15001 -0.456432
-1.78754 0.15001 -0.465518
-1.94065 0.15001 -0.37146
-0.21792 0.306896 -0.341999
-1.93606 0.297878 -1.59966
-1.16741 0.299935 -2.66667
-1.39431 0.299293 -2.15478
-1.96256 0.301562 -0.462022
-1.13613 0.15001 -1.61746
-1.15884 0.15001 -0.803528
-1.7918 0.15001 -0.278084
-1.93377 0.15001 -0.561578
-1.91128 0.15001 1.77532
-2.18811 0.315798 -0.65947
-1.55908 0.318032 -2.21485
-0.903674 0.15001 -2.70275
-0.434981 0.302845 -0.444787
-1.40081 0.15001 -1.9388
-1.13554 0.15001 -0.972558
-0.992126 0.15001 -0.879988
-1.20417 0.301603 -1.67022
-1.32068 0.15001 0.325733
-2.23113 0.15001 0.892326
-1.65159 0.31149 1.45615
-1.73774 0.15001 -1.97347
-1.87671 0.15001 -1.66676
-0.672847 0.304312 -2.46642
-1.31327 0.15001 -1.31765
-1.30702 0.15001 -0.902021
-1.48414 0.15001 -0.111135
-1.63763 0.15001 0.157338
-1.32925 0.15001 -0.202828
-1.88565 0.15001 1.60262
-1.52526 0.308193 1.22707
-1.47294 0.15001 -2.09383
-1.54474 0.15001 -2.25446
-0.672804 0.304687 -2.14969
-1.22315 0.15001 -1.94175
-1.23105 0.15001 -1.47154
-0.30794 0.307685 -1.74463
-1.79428 0.15001 -0.0995465
-1.16952 0.15001 0.241425
-1.4749 0.15001 0.236985
-2.22053 0.15001 1.92642
-1.27386 0.15001 -2.40168
-1.71262 0.15001 -2.55552
-0.871262 0.305151 -2.47289
-1.12635 0.15001 -1.15555
-0.988023 0.15001 -1.06018
-1.55648 0.311973 -0.409675
-1.16406 0.15001 -0.111121
-1.92402 0.15001 1.04588
-1.46449 0.15001 0.416336
-1.41232 0.15001 1.7861
-1.25786 0.299004 -2.83234
-1.75976 0.287545 -1.68784
-1.2391 0.303435 -1.84215
-1.19851 0.15001 -2.24657
-1.31999 0.15001 -0.72891
-1.01025 0.15001 -0.709764
-1.00137 0.15001 -0.197276
-0.701596 0.15001 0.0034904
-2.08337 0.15001 0.793413
-1.1629 0.15001 0.960603
-1.47955 0.302439 -1.87457
-1.79852 0.15001 -2.40274
-0.297007 0.15001 -2.54161
-1.09988 0.15001 -2.39854
-0.644938 0.296614 -0.995053
-0.858809 0.15001 0.0787246
0.106415 0.15001 -0.927029
-0.563341 0.15001 0.11262
-2.06584 0.15001 1.14339
-0.0875821 0.430976 2.50644
-0.78015 0.305272 -2.63582
-0.728702 0.15001 -2.70183
-2.48693 0.302584 -1.50202
-0.839915 0.15001 -0.975482
-0.692237 0.15001 -0.891661
-0.350189 0.15001 -1.06363
-0.845854 0.15001 -1.15079
0.22562 0.15001 -0.642265
-0.175353 0.309347 0.182578
2.03028 0.15001 -0.227027
-0.816057 0.15001 -2.84999
-1.53476 0.15001 -2.55452
-0.38913 0.15001 -2.38895
-0.94621 0.15001 -2.09375
0.230073 0.15001 -1.81998
-2.20242 0.15001 1.4212
-0.623281 0.15001 -1.26969
-0.844479 0.15001 -0.276587
-1.46421 0.15001 0.778041
-1.26913 0.297515 2.14691
-1.30534 0.308214 -1.51534
-1.35097 0.15001 -2.84999
-0.209818 0.15001 -2.3869
0.0289031 0.15001 -1.3806
-0.59431 0.15001 -2.09612
-0.977191 0.15001 -1.27509
-1.00391 0.15001 -0.369383
-1.76824 0.15001 0.603424
-1.61928 0.15001 0.684483
-0.037603 0.15001 0.600684
-1.53128 0.15001 -2.84999
-1.62074 0.15001 -2.70535
-0.6707 0.15001 -2.24849
-0.943033 0.304355 -1.97633
-0.486647 0.15001 -2.23625
-0.791964 0.15001 -1.30897
-0.0902937 0.15001 -0.505277
-1.32481 0.15001 0.517138
-1.3563 0.15001 2.27238
-1.60955 0.314422 1.7789
0.0122244 0.306612 -2.29088
-1.3561 0.15001 -2.55502
-0.115392 0.300847 -1.75578
-0.687625 0.15001 -1.92499
-0.884584 0.291582 -1.69797
-0.683318 0.15001 -1.08902
-1.75226 0.297005 -1.49127
-1.2752 0.307587 1.14446
-1.62154 0.15001 1.20359
1.36149 0.305714 1.24276
-1.71258 0.290482 -2.66632
-1.44247 0.15001 -2.70411
-0.921082 0.15001 -2.39416
-0.987784 0.15001 -1.76876
-0.510437 0.15001 -1.95367
-0.381783 0.15001 -0.889996
-1.16418 0.15001 0.0633296
-1.63925 0.15001 -0.0201341
-2.30208 0.313005 0.742041
-1.02492 0.15001 0.334789
0.0533066 0.15001 -2.53685
-0.09886 0.305413 -2.63298
-0.746148 0.15001 -2.40114
-0.825736 0.15001 -1.78758
-0.78625 0.15001 -1.61854
-0.417413 0.15001 -1.52218
-0.246528 0.15001 -0.435489
-1.92837 0.15001 0.869844
-1.99889 0.477494 2.4018
-0.870664 0.15001 0.421908
-1.06827 0.308964 -2.82646
-1.43907 0.301724 -2.83833
-0.78108 0.299229 -1.87584
-0.588953 0.15001 -1.59873
-0.445133 0.15001 -1.31101
0.0525139 0.15001 -0.395873
-0.39916 0.15001 -0.356059
-1.9193 0.15001 1.22589
-2.04531 0.15001 1.51112
-0.566215 0.304915 0.61677
-0.99197 0.15001 -2.84999
-0.782967 0.301857 -2.31405
-0.512442 0.15001 -1.78452
-0.729109 0.285259 -1.2185
-0.208008 0.15001 -0.961639
-1.00631 0.15001 -0.0245223
-1.16728 0.15001 -0.629363
-0.584425 0.29398 0.440424
0.518384 0.15001 0.396022
0.355152 0.306369 0.204368
-0.289026 0.15001 -2.84999
-1.17869 0.15001 -2.5532
-0.43374 0.307691 -2.45601
-1.12117 0.15001 -2.09059
-0.221752 0.15001 -1.76129
-0.360289 0.15001 -1.87129
0.962198 0.313656 -0.970893
-1.62052 0.15001 0.333735
-0.0117684 0.15001 -0.0411306
-0.413128 0.15001 0.643023
-1.61844 0.302986 -2.83807
-0.115523 0.15001 -2.84999
0.192318 0.15001 -1.45425
0.658487 0.15001 -2.38706
-0.169367 0.15001 -1.13119
-0.541846 0.15001 -0.802244
0.852243 0.15001 -0.749923
-0.0973303 0.15001 0.107858
-0.333383 0.15001 0.4918
-0.427133 0.15001 0.214939
-0.557168 0.301999 -2.79823
0.361553 0.305793 -2.11003
1.73243 0.15001 -1.86104
-0.765491 0.15001 -2.0882
-0.0449496 0.15001 -2.04525
-0.541881 0.15001 -0.444432
-0.685742 0.15001 -0.351856
0.429722 0.15001 0.116307
0.672005 0.301179 0.231326
-0.809475 0.306883 -0.00854264
1.17531 0.305061 -0.842771
0.226516 0.15001 -2.53214
-0.225917 0.305331 -1.31244
-0.0334712 0.15001 -2.38332
0.383328 0.301104 -2.30098
-0.134705 0.15001 -0.154314
-0.69065 0.15001 -0.53262
-0.848006 0.15001 -0.100253
0.278502 0.15001 0.615093
-0.0122556 0.284212 0.283432
-1.16765 0.15001 -2.84999
-0.978686 0.285689 -2.63215
-1.02491 0.15001 -2.24552
-0.616779 0.303239 -1.9727
-0.0316883 0.15001 -1.0319
-0.531944 0.15001 -0.248204
0.189819 0.15001 -0.285479
-1.31719 0.15001 0.691315
-1.16752 0.15001 0.776454
-0.529222 0.304219 0.0231708
-0.641838 0.15001 -2.84999
0.309648 0.15001 -2.69051
-0.314021 0.28518 -1.99466
-0.546701 0.303591 -2.60838
-0.00173657 0.15001 -1.20624
-0.543943 0.15001 -0.0698871
-0.106561 0.15001 -0.328593
-1.17251 0.15001 0.60051
-0.124782 0.15001 0.281454
2.46374 0.15001 0.444314
1.72193 0.298575 -1.04445
-0.826774 0.15001 -2.55141
-0.573974 0.301212 -2.30237
-0.566913 0.15001 -2.39525
-0.219879 0.15001 -2.09553
-0.321948 0.304715 -0.625935
-0.870404 0.15001 0.253883
-2.2406 0.314048 0.566237
-1.77183 0.15001 0.777002
0.922418 0.281957 1.05099
-0.310625 0.306399 -2.65134
-0.304398 0.15001 -2.24003
-0.216275 0.30439 -2.48439
-0.195591 0.303784 -2.29271
-0.298929 0.15001 -1.23427
-0.538861 0.15001 -0.977682
-0.715108 0.15001 0.186623
-0.379563 0.15001 -0.132172
-1.47087 0.15001 1.12715
-1.61847 0.15001 0.857003
-0.371466 0.307952 -2.84999
0.0551341 0.15001 -2.84999
-0.202757 0.15001 -1.93354
-0.463046 0.303368 -1.86053
-0.246404 0.15001 -1.58471
0.211285 0.15001 -0.46535
-1.01536 0.15001 0.156179
-1.02871 0.15001 0.506858
-1.46743 0.15001 0.951628
0.586865 0.15001 0.689159
-0.118698 0.300066 -2.12332
-0.183421 0.306175 -2.80712
0.140456 0.15001 -2.37411
0.354385 0.15001 -1.53184
-0.231869 0.15001 -0.612073
0.0845177 0.15001 -0.75239
-0.234281 0.15001 -0.0147458
0.268137 0.30705 -0.233382
-0.732569 0.15001 0.676577
-0.150512 0.15001 0.460133
0.395294 0.15001 -2.84999
1.4868 0.15001 -2.69614
-0.824101 0.325591 -0.959562
0.79747 0.15001 -2.18706
-0.394751 0.15001 -2.08328
-0.283212 0.15001 -1.41069
0.489209 0.15001 -0.24572
0.652671 0.15001 -0.320623
-0.29005 0.15001 0.329611
0.135216 0.15001 0.517177
1.24301 0.15001 -2.84999
0.90928 0.15001 -2.84999
-0.206282 0.15001 -2.69455
-0.504087 0.15001 -1.14506
0.0743862 0.15001 -1.74059
-0.0751729 0.15001 -0.685232
0.0530308 0.15001 0.208945
-0.839393 0.15001 -0.448414
0.807159 0.15001 0.602239
1.12542 0.302594 -0.285384
0.812472 0.309935 -2.84999
0.650237 0.15001 -2.69424
-1.32488 0.299115 -1.99335
0.546811 0.297382 -2.14019
0.415501 0.307681 -0.80871
0.30366 0.15001 -1.17556
0.628206 0.15001 -0.143399
-1.17973 0.15001 0.422681
0.724977 0.28981 0.674813
0.104392 0.15001 0.691098
0.214791 0.304066 -2.63869
1.01184 0.15001 -2.69949
-0.647995 0.15001 -2.55041
0.65663 0.15001 -2.08489
0.487539 0.15001 -2.04636
-0.381596 0.15001 -0.711736
0.159225 0.15001 -0.109597
-0.402751 0.15001 0.0402668
0.645226 0.15001 0.521538
1.99771 0.307126 -0.0419033
0.821332 0.298531 -1.72486
0.35973 0.308799 -2.77594
0.746445 0.15001 -2.54085
-0.12057 0.15001 -2.5386
0.106445 0.307213 -0.647437
0.0668012 0.15001 -0.572684
0.125022 0.15001 0.0587213
0.457272 0.304194 -0.154729
2.53294 0.31974 -0.153806
1.93155 0.15001 1.41859
-1.0804 0.15001 -2.6995
0.822456 0.15001 -2.70325
0.313894 0.15001 -2.3762
0.0881248 0.15001 -1.9173
0.650989 0.15001 -1.51559
0.834726 0.15001 -0.576785
0.745552 0.294759 -0.769607
0.162132 0.303792 0.19212
0.01221 0.15001 0.39739
0.308977 0.15001 0.443913
-0.466072 0.15001 -2.84999
-0.471604 0.15001 -2.54481
0.411786 0.15001 -2.20813
0.494893 0.15001 -1.42633
0.332881 0.15001 -1.35157
-0.264691 0.15001 -0.257615
0.814558 0.15001 -0.398641
-0.262995 0.15001 0.157736
0.424452 0.504085 2.27613
1.35471 0.30625 0.853907
1.00197 0.311354 -2.84999
0.623903 0.309719 -2.80385
0.136793 0.15001 -2.07626
0.514926 0.15001 -1.80133
-0.389551 0.15001 -0.53493
0.53225 0.15001 -0.604547
0.463427 0.15001 -0.0633943
1.03636 0.15001 0.169524
-0.396221 0.292688 -1.17844
1.44103 0.15001 1.25671
1.10606 0.31208 -2.27252
0.138658 0.15001 -2.69235
1.12746 0.15001 -2.34023
0.234222 0.15001 -2.2216
0.21197 0.15001 -1.63508
0.690116 0.15001 -0.676798
0.351401 0.15001 -0.353365
0.252371 0.15001 0.174332
0.7595 0.286494 0.495025
0.853976 0.15001 0.426822
-0.886494 0.304791 -2.79713
0.225469 0.15001 -2.84999
0.0571371 0.303969 -2.75581
1.48317 0.302961 -1.71889
-0.11046 0.15001 -1.48412
0.674924 0.15001 -0.500762
0.597728 0.15001 0.0432078
0.539485 0.29926 0.119778
-0.717395 0.15001 0.506777
0.821328 0.303219 0.326488
1.07952 0.15001 -2.84999
0.898801 0.311583 -2.34616
-0.137256 0.15001 -1.31094
0.953931 0.15001 -2.07692
0.802324 0.15001 -1.99415
0.311652 0.303547 -0.447693
-1.70771 0.303996 -0.766019
1.32545 0.15001 -0.63277
1.42053 0.15001 0.914667
0.550028 0.15001 0.87421
2.28204 0.293406 -2.69803
0.307744 0.15001 -2.05927
1.88472 0.15001 -2.31146
0.622856 0.305046 -0.427922
0.367861 0.15001 -1.71439
0.545687 0.15001 -0.7815
0.585044 0.15001 -2.23519
1.10934 0.300818 -0.100507
1.24294 0.15001 0.890395
2.52143 0.15001 -0.277282
0.992926 0.302973 -1.81078
-0.0328181 0.15001 -2.69419
0.0513374 0.15001 -2.22118
0.647222 0.15001 -1.34106
1.10448 0.15001 -1.81384
0.0271198 0.15001 -0.218059
2.542 0.15001 -1.4725
1.40275 0.305542 0.378756
2.27019 0.15001 1.55961
2.16091 0.306345 1.4628
0.819239 0.304971 -1.54096
1.35456 0.275508 -2.69547
0.483763 0.15001 -2.37758
0.901235 0.305171 -1.97431
0.404827 0.15001 -0.889438
1.83957 0.305313 -1.19654
0.476406 0.303091 -0.534114
1.37266 0.15001 -0.00521534
1.13009 0.302489 0.12736
0.822189 0.434687 2.31016
1.81875 0.304165 -2.76892
1.27906 0.15001 -2.27445
1.23076 0.15001 -2.66903
0.211409 0.305544 -1.13876
0.656522 0.15001 -1.70902
0.272216 0.15001 -0.999003
1.51651 0.15001 -0.413148
0.923858 0.15001 -0.108384
1.02649 0.15001 0.351606
0.714403 0.15001 0.815585
1.38084 0.304802 -1.22756
1.38258 0.15001 -2.5649
0.960171 0.15001 -2.25055
0.730548 0.310697 -2.05757
1.37197 0.311775 -0.683327
0.631941 0.15001 -1.17025
0.326306 0.15001 -0.171664
1.32695 0.15001 0.193501
0.874092 0.15001 0.25348
0.455185 0.15001 0.554145
0.708816 0.287124 -2.26252
0.734522 0.15001 -2.84999
1.25101 0.15001 -2.45831
0.0462958 0.305155 -1.65759
0.961844 0.15001 -1.36567
0.543825 0.292726 -1.11116
0.513352 0.15001 -0.426654
1.17664 0.15001 0.269831
1.20185 0.15001 0.650803
1.65173 0.299936 1.09052
1.74223 0.15001 -2.54171
0.323043 0.302703 -2.48102
0.91074 0.304023 -2.68291
0.737587 0.303923 -1.36803
-0.0599259 0.15001 -0.861255
0.862983 0.15001 -0.922773
1.25821 0.15001 -0.279536
1.08899 0.15001 -0.197689
1.15483 0.15001 0.485386
0.986099 0.15001 0.531086
0.736365 0.305373 -2.45802
0.489651 0.301776 -2.59736
1.80819 0.303836 -2.2175
0.823639 0.15001 -2.36953
0.987201 0.15001 -1.19806
0.71175 0.15001 -1.02196
1.45957 0.15001 0.302461
0.75784 0.15001 -0.0309507
0.795818 0.15001 -0.220095
1.43164 0.208853 1.41789
1.01007 0.306455 -2.51808
0.57256 0.15001 -2.53674
1.56922 0.15001 -2.30072
0.803411 0.15001 -1.25981
0.475915 0.15001 -1.24729
0.247148 0.15001 -0.818348
1.00504 0.15001 -0.658837
0.728915 0.15001 0.156112
-0.472668 0.15001 0.377083
0.919037 0.293317 0.623386
1.57439 0.15001 -2.84999
1.65528 0.15001 -2.69038
1.41867 0.15001 -2.39066
0.371215 0.15001 -0.534215
1.10458 0.15001 -1.63843
1.73491 0.15001 -1.51169
1.77459 0.260899 0.324325
1.56347 0.15001 0.818587
1.93537 0.15001 2.23207
0.86104 0.15001 0.948242
1.91228 0.15001 -2.84999
1.42324 0.15001 -2.01599
-0.379906 0.15001 -1.68871
0.255208 0.30334 -1.53579
1.30197 0.296984 0.0636946
1.12929 0.15001 -1.29151
1.11152 0.15001 -1.46348
1.66422 0.15001 -0.511647
1.55654 0.15001 -0.0652761
1.61776 0.15001 1.20078
-0.537078 0.15001 -0.626928
0.0541883 0.15001 -1.55795
1.26694 0.15001 -2.0937
1.89298 0.15001 -1.43231
0.560873 0.15001 -0.955399
0.857715 0.15001 -1.09621
-1.05745 0.307721 -0.137655
1.30374 0.15001 0.389844
1.95865 0.15001 0.0570653
2.58161 0.306701 0.835875
1.99576 0.30722 -2.81835
1.72402 0.15001 -2.20746
1.42504 0.15001 -2.19391
0.46697 0.30185 -1.51658
1.76362 0.15001 -1.14829
1.2119 0.302651 -1.04219
1.17043 0.15001 -0.738401
1.50018 0.15001 -0.591309
1.60846 0.15001 0.99821
1.92233 0.15001 1.24576
1.66614 0.287197 -0.0736466
0.639673 0.299649 -1.80948
0.91411 0.15001 -2.56242
1.94607 0.305346 -1.67531
1.39982 0.309458 -1.41206
1.15499 0.15001 -0.562626
2.84999 0.318367 -1.03148
1.39687 0.15001 -0.179794
1.78326 0.15001 0.941797
0.634895 0.407748 2.12839
1.98826 0.304145 -2.12328
1.57735 0.15001 -1.93816
1.11195 0.15001 -2.16797
0.180884 0.306165 -0.891276
1.30976 0.15001 -1.02397
1.01069 0.15001 -1.01547
1.87647 0.15001 0.394452
1.34846 0.15001 0.556627
1.93176 0.15001 1.053
0.881096 0.15001 0.760919
1.81999 0.301858 -2.02905
0.985306 0.15001 -2.41726
1.83093 0.290255 -2.4351
1.55312 0.31119 -1.53282
0.7982 0.15001 -1.6192
1.33787 0.15001 -0.443701
0.938553 0.295415 -0.794453
1.40389 0.275143 2.01477
2.34226 0.15001 1.91141
2.69253 0.15001 1.38022
2.19871 0.15001 -2.27605
1.41782 0.15001 -1.83717
0.932957 0.306889 -2.16315
1.26388 0.15001 -1.56056
1.44384 0.15001 -1.30765
1.31355 0.15001 -0.837285
1.70042 0.15001 -0.340064
1.69703 0.15001 0.458138
-0.164894 0.315243 0.563789
2.20736 0.296792 0.213861
1.65767 0.309263 -2.84999
1.93071 0.295272 -2.61723
1.65686 0.306359 -1.7737
1.10622 0.15001 -1.99126
0.952441 0.15001 -1.54092
0.310948 0.306074 -0.651529
1.22374 0.15001 -0.0952945
1.51242 0.15001 0.463991
1.05612 0.15001 -0.00504081
2.10358 0.15001 0.992744
1.62471 0.306414 -2.03703
2.14453 0.313647 -2.22453
1.13504 0.305377 -2.0843
1.32986 0.304816 -2.00271
0.377009 0.302093 -0.994454
0.703974 0.15001 -0.851049
0.959475 0.15001 -0.307217
0.89006 0.15001 0.0760522
0.408948 0.295203 0.395187
1.76439 0.15001 1.12113
1.73261 0.15001 -1.689
2.08399 0.15001 -2.84999
1.10074 0.15001 -2.5485
0.642589 0.15001 -1.9143
1.61769 0.15001 -1.0462
2.09116 0.15001 -0.972648
1.60513 0.15001 -1.228
2.19961 0.15001 -0.224199
1.80776 0.15001 -0.628422
2.50023 0.15001 0.800672
2.28645 0.314632 -2.51212
2.69109 0.15001 -2.06278
2.56507 0.15001 -2.47047
1.57998 0.15001 -1.59152
2.38016 0.15001 -1.52952
1.58878 0.15001 -1.41274
2.27454 0.311841 -1.7747
1.48527 0.303442 -1.90444
0.565399 0.306334 -0.694339
2.11335 0.15001 0.826356
1.65966 0.311369 -2.34394
1.99788 0.15001 -2.69397
0.945025 0.15001 -1.71994
2.0465 0.15001 -1.52205
1.78061 0.15001 -0.970652
2.7353 0.422576 -2.27686
2.11246 0.15001 -0.790682
1.12383 0.15001 1.01432
1.64151 0.15001 0.0937982
0.925292 0.335197 1.47243
2.21708 0.15001 -2.43793
0.122808 0.303645 -2.46722
1.88992 0.15001 -1.7787
1.69369 0.313824 -2.58793
1.75886 0.308058 -1.61036
1.1481 0.15001 -1.11466
1.79135 0.15001 -0.798567
-0.113068 0.303002 -0.784009
1.49125 0.294894 -0.158716
2.34699 0.15001 0.734615
1.21124 0.300876 -2.54614
2.61884 0.294408 -2.3427
1.57516 0.15001 -2.11617
2.29002 0.15001 -2.58703
1.46969 0.15001 -0.949076
2.06392 0.15001 -1.1684
-1.82772 0.308684 1.65532
1.81121 0.15001 0.584421
1.43718 0.291233 -0.503214
2.18169 0.15001 1.32849
1.74396 0.15001 -2.84999
1.82873 0.15001 -2.68865
1.41757 0.15001 -1.65936
2.04925 0.15001 -1.69098
1.74703 0.15001 -1.33026
1.59179 0.30661 -1.32542
1.78556 0.15001 0.187198
1.66132 0.15001 0.6674
2.57734 0.15001 0.307663
2.76597 0.309975 1.8632
2.49348 0.298127 -2.69468
2.52286 0.15001 -1.80531
1.88691 0.15001 -1.6054
1.27858 0.15001 -1.38287
1.47531 0.15001 -0.768017
1.16413 0.15001 -0.931075
1.29698 0.305265 -0.127802
1.77606 0.303851 -1.43092
1.85292 0.307441 0.498642
2.08088 0.15001 1.16564
1.72939 0.15001 -2.03447
2.38715 0.15001 -2.42181
2.2182 0.15001 -1.6018
1.26253 0.15001 -1.73872
2.6068 0.305221 -0.85039
1.29285 0.15001 -1.20567
1.48165 0.15001 0.129384
2.51512 0.15001 0.624714
1.35365 0.15001 0.74689
1.73141 0.15001 1.53626
1.97296 0.301314 -2.31251
1.72581 0.15001 -2.37739
1.16819 0.301573 -1.71066
1.57396 0.15001 -1.76424
2.53295 0.15001 -1.63679
1.57023 0.303375 -0.926452
2.29667 0.307055 -1.41064
0.919192 0.30023 -0.617818
1.56623 0.303979 0.723167
1.89785 0.297444 0.944616
2.59437 0.15001 -2.69877
2.09033 0.15001 -2.54978
2.14934 0.306927 -2.02035
2.20104 0.15001 -1.9402
2.36434 0.15001 -1.35986
1.34142 0.306779 -1.6045
1.12733 0.15001 -0.389601
1.63523 0.15001 0.290534
2.16769 0.303178 -0.101025
2.41361 0.329376 -1.13202
2.0471 0.15001 -2.38153
2.26077 0.15001 -2.84999
2.36387 0.15001 -1.87006
2.38194 0.15001 -2.73774
1.47825 0.305587 -2.27334
1.30452 0.306338 -2.18436
2.30279 0.303983 -2.12525
2.38603 0.15001 -1.02453
1.95101 0.15001 0.880014
0.749036 0.308004 -0.292849
2.50712 0.15001 -2.84999
2.84999 0.15001 -2.84999
1.88631 0.15001 -1.95434
2.36933 0.15001 -1.70046
1.97641 0.302291 -0.988579
0.16455 0.15001 -1.27541
2.20866 0.15001 -1.26161
2.68263 0.15001 -1.22309
0.268385 0.303734 -1.72562
1.80766 0.15001 0.764864
2.04343 0.15001 -1.86193
0.37687 0.304547 -1.23694
1.47119 0.313963 -2.84999
2.78907 0.496668 -2.84999
2.84999 0.42142 -2.69163
0.504576 0.287714 -1.93254
1.86031 0.15001 -0.279643
2.69557 0.15001 -1.0518
1.03594 0.30687 -1.13691
-0.38783 0.303718 -2.26738
1.15593 0.30124 -1.90307
2.17924 0.309404 -2.84999
1.56986 0.15001 -2.49022
0.54392 0.300169 -1.32564
0.2256 0.272399 -1.95604
0.561648 0.306829 -2.39872
1.17886 0.298634 1.18138
2.84999 0.305171 -1.55457
1.58988 0.298327 0.368244
-1.43387 0.331939 2.83923
0.636123 0.302611 -1.60378
1.91642 0.15001 -2.50649
2.45831 0.15001 -2.59098
2.69161 0.15001 -1.89137
2.36784 0.15001 -2.04431
1.93958 0.15001 -0.893749
1.95431 0.15001 -0.723585
0.396657 0.302794 0.0170428
0.76867 0.31228 -0.96785
0.850601 0.31526 -0.449446
2.60133 0.311606 -2.84999
2.84999 0.321864 -2.84999
2.5228 0.15001 -2.14191
2.84999 0.309244 -2.38662
1.31132 0.301128 -2.3789
1.40078 0.306653 -1.04458
1.90651 0.15001 -1.25465
1.97197 0.15001 -0.555989
1.41638 0.307117 0.19685
2.79258 0.302686 -1.2082
1.00836 0.3054 -1.44368
2.04154 0.15001 -2.20784
2.45892 0.308525 -2.23309
2.30233 0.285661 -2.33015
2.09458 0.307695 -1.77765
1.20158 0.301459 -1.4832
2.71714 0.306713 -1.6772
1.72462 0.15001 -0.167727
2.1002 0.15001 0.168216
1.18387 0.15001 2.29205
2.19894 0.15001 -2.10931
2.84993 0.457899 -2.50667
2.72704 0.272736 -2.71545
2.84999 0.317684 -2.02792
2.6545 0.307035 -1.97062
2.53417 0.15001 -1.13771
1.19121 0.311491 -1.25512
2.84999 0.312029 -1.37362
1.88988 0.302567 -0.640406
2.69075 0.15001 1.54894
2.4732 0.304486 -2.48456
1.88451 0.15001 -2.13227
2.84999 0.290771 -2.57236
1.45454 0.15001 -1.13007
1.32031 0.305349 -1.81568
1.63078 0.15001 -0.866404
2.63295 0.304283 -2.15887
2.69615 0.312057 -1.46886
1.98503 0.309748 0.365296
2.68578 0.213403 2.1527
1.98293 0.306081 -1.92843
1.82289 0.306513 -1.84141
2.53528 0.15001 -1.97278
2.20568 0.15001 -1.77133
0.902165 0.300461 -1.27765
2.12072 0.308289 -1.54219
1.82046 0.313593 -0.857173
1.82836 0.15001 -0.457144
0.826785 0.295815 0.828115
1.51201 0.15001 2.71821
