1240 0.1
-2.19459 0.15001 -2.30505
-0.979723 0.15001 -0.733866
-1.01048 0.15001 -0.535978
-0.61879 0.15001 -0.168663
-0.565831 0.15001 0.14988
-0.636657 0.15001 0.300495
-0.675678 0.15001 0.471305
-1.49198 0.15001 1.11897
-1.91513 0.15001 1.66639
-2.44727 0.15001 2.48379
-2.60064 0.15001 -2.68776
-2.36433 0.15001 -2.23532
-1.20353 0.15001 -0.474952
-1.24881 0.15001 -0.276487
-1.29447 0.15001 -0.0770663
-1.35111 0.15001 0.12103
-2.25095 0.15001 0.979772
-2.27913 0.15001 1.17162
-2.82072 0.15001 2.25219
-2.64218 0.15001 2.84905
-2.46784 0.15001 -2.55741
-2.20151 0.15001 -2.11641
-1.15772 0.15001 -0.662356
-1.05406 0.15001 -0.336835
-1.09713 0.15001 -0.135527
-1.14784 0.15001 0.0686383
-2.05726 0.15001 0.992024
-2.11057 0.15001 1.30451
-2.84914 0.15001 2.44892
-2.84925 0.15001 2.8492
-2.32928 0.15001 -2.43082
-0.547769 0.15001 -0.505507
-0.618289 0.15001 -0.341542
-0.496974 0.221017 -0.113155
-0.482519 0.277685 0.129809
-0.469093 0.15001 0.284528
-1.0437 0.15001 0.250138
-1.93654 0.15001 1.17084
-2.62444 0.15001 2.24369
-2.34764 0.15001 2.78313
-2.00341 0.15001 -2.10734
-0.792205 0.15001 -0.666089
-0.530047 0.265465 -0.393499
-0.566987 0.279536 -0.242786
-0.581802 0.238714 0.0143847
-0.53962 0.206746 0.413261
-0.598611 0.15001 0.625039
-1.93562 0.15001 1.4346
-2.64946 0.15001 2.47646
-2.76519 0.15001 2.65456
-2.09027 0.262615 -2.2139
-0.517376 0.277039 -0.583781
-0.479288 0.383494 -0.30957
-0.510253 0.376916 -0.134689
-0.549827 0.27696 0.261143
-0.675432 0.29832 0.376366
-0.602963 0.280064 0.533255
-1.67546 0.15001 1.19435
-2.35307 0.15001 2.26657
-2.53055 0.15001 2.67488
-0.63572 0.255148 -0.695578
-0.66662 0.266636 -0.511502
-0.677906 0.325065 -0.344811
-0.658534 0.313794 -0.116073
-0.57327 0.405733 0.160123
-0.537655 0.37489 0.375375
-0.676039 0.294187 0.677026
-1.40985 0.15001 1.29781
-1.70364 0.15001 1.65956
-2.17068 0.15001 2.6628
-0.498659 0.376608 -0.722279
-0.547763 0.401348 -0.473128
-0.420133 0.481561 -0.209375
-0.598687 0.453315 -0.239198
-0.443471 0.393563 0.256357
-0.300495 0.528069 0.369791
-0.625748 0.438578 0.486472
-0.570142 0.291189 0.844485
-1.38161 0.15001 1.54513
-2.24619 0.15001 2.45778
-0.39112 0.522645 -0.679779
-0.441975 0.545014 -0.512666
-0.369898 0.557175 -0.332664
-0.444241 0.485072 -0.0289525
-0.378552 0.530007 0.218225
-0.469565 0.515824 0.363148
-0.482894 0.54238 0.647557
-0.44943 0.402355 0.740855
-0.551294 0.226951 1.03086
-1.40998 0.15001 1.93233
-0.268134 0.607919 -0.47493
-0.188958 0.609387 -0.313116
-0.202612 0.636448 -0.132065
-0.30141 0.651316 0.0124042
-0.253434 0.634819 0.247257
-0.422981 0.62244 0.484594
-0.777349 0.275497 0.532104
-0.604536 0.431309 0.745612
-0.479368 0.409187 0.940878
-1.32062 0.15001 1.75059
-0.490789 0.15001 -1.04733
-0.314695 0.15001 -0.294739
-0.224779 0.15001 -0.13786
-0.266505 0.15001 0.00560245
-0.260681 0.15001 0.155277
-0.244934 0.15001 0.42549
-0.314179 0.15001 0.560831
-0.230479 0.15001 0.693464
-0.179217 0.15001 0.869195
-1.35309 0.15001 2.12415
-2.13795 0.15001 -2.48003
-0.656737 0.15001 -0.852141
-0.472162 0.162094 -0.272303
-0.426964 0.161772 0.00427734
-0.406022 0.15001 0.151932
-0.398861 0.15001 0.427025
-0.494637 0.15001 0.763771
-0.321739 0.15001 0.813053
-0.445446 0.15001 0.917606
-1.56751 0.15001 2.78518
-2.00711 0.15001 -2.33229
-0.499427 0.15001 -0.683717
-0.424666 0.15001 -0.412812
-0.373568 0.15001 -0.157153
-0.338803 0.260588 0.0772843
-0.318125 0.15001 0.292119
-0.461534 0.191157 0.560859
-1.63628 0.15001 1.41118
-2.03931 0.15001 2.48314
-1.87328 0.15001 2.84999
-0.311608 0.15001 -0.734146
-0.282905 0.178244 -0.443845
-0.373876 0.274143 -0.346668
-0.330024 0.253325 -0.0747058
-0.356833 0.277043 0.219424
-0.337103 0.270704 0.481746
-0.393084 0.333477 0.609061
-0.37365 0.207322 0.687636
-0.28344 0.275275 0.88663
-1.39266 0.15001 2.51425
-0.445718 0.15001 -0.855594
-0.391529 0.160712 -0.564263
-0.415032 0.287596 -0.479877
-0.412554 0.288077 -0.212052
-0.445796 0.326643 -0.010479
-0.419359 0.273725 0.348998
-0.51526 0.273314 0.684066
-0.698871 0.15001 0.872887
-1.5959 0.15001 1.98627
-1.74716 0.15001 2.70303
-0.393674 0.267681 -0.682716
-0.280322 0.344827 -0.441335
-0.316449 0.390504 -0.284541
-0.284192 0.369445 -0.00238922
-0.406253 0.404718 0.11093
-0.46926 0.321722 0.487362
-0.310198 0.343848 0.735611
-0.418517 0.275316 0.821012
-1.11597 0.15001 1.83912
-1.58759 0.15001 2.5858
-0.320604 0.308944 -0.819987
-0.421276 0.397495 -0.58066
-0.396759 0.428306 -0.418519
-0.355604 0.386364 -0.126153
-0.291477 0.408837 0.273331
-0.368718 0.3989 0.399427
-0.533433 0.398854 0.605074
-0.396188 0.279756 0.978034
-0.290654 0.15001 0.968797
-1.34639 0.15001 2.32225
-0.299394 0.397174 -0.682895
-0.294698 0.463565 -0.531991
-0.257033 0.505829 -0.21589
-0.293857 0.509758 -0.0690013
-0.310135 0.512165 0.0803965
-0.213589 0.399773 0.399651
-0.428599 0.463538 0.516994
-0.34545 0.410195 0.862973
-0.395351 0.15001 1.08905
-1.11975 0.15001 2.0534
-0.201694 0.528807 -0.652314
-0.141422 0.511334 -0.50129
-0.146692 0.500536 -0.0827167
-0.156501 0.591355 0.0415738
-0.203623 0.496992 0.187636
-0.295944 0.542041 0.521406
-0.340073 0.467967 0.650421
-0.238409 0.482305 0.765136
-0.282996 0.388764 1.00138
-0.90222 0.15001 1.8013
-0.0704432 0.639699 -0.421906
-0.097984 0.524742 -0.216592
-0.047757 0.616763 -0.0853948
-0.0951264 0.732142 0.0898396
-0.105885 0.60771 0.192574
-0.210074 0.654322 0.433001
-0.309773 0.622072 0.660165
-0.389282 0.542757 0.796213
-0.249017 0.528115 0.926789
-0.400544 0.331012 1.12633
-0.221445 0.15001 -1.02142
-0.0245958 0.15001 -0.297897
-0.0707759 0.15001 -0.149493
-0.107261 0.15001 -0.000671918
-0.116023 0.15001 0.154428
-0.163553 0.15001 0.295728
-0.0934867 0.15001 0.43592
-0.158298 0.15001 0.566413
-0.0889806 0.15001 0.750347
-0.146153 0.15001 1.03307
-0.151351 0.15001 -1.2153
-0.0965718 0.15001 -0.553421
-0.0161316 0.256519 -0.0695432
-0.0353255 0.25323 0.0851811
-0.0570152 0.266719 0.239673
-0.128077 0.273751 0.363749
-0.0494035 0.262208 0.52536
-0.120491 0.265557 0.651663
-0.0402759 0.15001 0.919264
-0.333297 0.15001 2.61078
-0.344868 0.15001 -1.17447
-0.241822 0.15001 -0.591083
-0.169935 0.15001 -0.271901
-0.180002 0.262618 -0.0688937
-0.190665 0.258832 0.072452
-0.206632 0.269146 0.224943
-0.193387 0.270523 0.488041
-0.20445 0.262972 0.771
-0.882667 0.15001 2.02235
-1.20879 0.15001 2.84999
-0.114625 0.15001 -0.708635
-0.127511 0.163377 -0.410172
-0.123932 0.27326 -0.201415
-0.0970916 0.356132 -0.00679322
-0.11619 0.357687 0.140311
-0.0658231 0.399153 0.397588
-0.125106 0.385506 0.528705
-0.258892 0.272927 0.614998
-0.162201 0.274781 0.961332
-0.440101 0.15001 2.3666
-0.217944 0.267712 -0.691332
-0.30475 0.291673 -0.570996
-0.218121 0.271637 -0.34125
-0.269777 0.271028 -0.208114
-0.265179 0.371014 0.141026
-0.273723 0.278254 0.351242
-0.0239534 0.374775 0.633187
-0.0812525 0.271442 0.840114
-0.0838628 0.15001 1.2008
-1.35972 0.15001 2.7112
-0.0819831 0.284594 -0.635324
-0.179571 0.259826 -0.510346
-0.161873 0.39619 -0.274818
-0.211928 0.385153 -0.135091
-0.137382 0.392408 0.272545
-0.28136 0.397518 0.525028
-0.120604 0.379548 0.751035
-0.19124 0.390151 0.876632
-0.264584 0.257513 1.06964
-0.516308 0.15001 2.5448
-0.154892 0.243505 -0.844882
-0.180805 0.385721 -0.585219
-0.241272 0.476196 -0.380984
-0.181455 0.449847 0.0458843
-0.0606744 0.483857 0.122263
-0.158422 0.515773 0.470589
-0.201422 0.399848 0.644499
-0.0492683 0.394931 0.923424
-0.24381 0.15001 1.17296
-0.497299 0.15001 2.17779
-0.119183 0.398659 -0.736252
-0.137737 0.374739 -0.433243
-0.0848111 0.488683 -0.361356
-0.0171927 0.477522 -0.0223334
-0.0246142 0.48729 0.267405
-0.0077153 0.528404 0.419775
-0.0409545 0.502574 0.555586
-0.0530735 0.504452 0.702942
-0.136735 0.403221 1.04131
-0.189523 0.15001 1.38407
0.0224902 0.526325 -0.465525
0.0312548 0.553214 -0.296243
0.0378285 0.508125 -0.151896
-0.00467561 0.610348 0.0600783
0.0426942 0.606407 0.202842
-0.152513 0.531958 0.327192
-0.176809 0.53928 0.619637
-0.0991611 0.506137 0.84317
0.0149431 0.462191 1.04924
-0.23763 0.376641 1.17021
0.171754 0.553674 -0.487735
0.105313 0.65255 -0.389457
0.0828314 0.657017 -0.182481
0.0739639 0.734578 -0.00340649
0.125826 0.713071 0.291729
-0.0421741 0.650629 0.333703
0.00471785 0.632443 0.625572
-0.160487 0.62267 0.754722
-0.0938163 0.553159 0.991798
-0.0892432 0.464176 1.18016
0.226718 0.150401 -0.791106
0.121121 0.157455 -0.277698
0.0791938 0.15001 -0.131944
0.0508861 0.15001 0.0173111
0.0295259 0.15001 0.171379
-0.00885306 0.15001 0.314564
0.0469959 0.15001 0.483781
-0.0156785 0.15001 0.619322
0.056617 0.15001 0.804072
0.160746 0.15001 1.09491
0.0550471 0.15001 -1.25154
0.150135 0.15001 -0.538322
0.170524 0.265012 -0.176886
0.196294 0.15001 0.0662888
0.170179 0.15001 0.215135
0.135736 0.152577 0.367719
0.124204 0.154416 0.669304
0.151773 0.255006 0.774522
0.111555 0.15001 0.948073
0.204296 0.15001 1.41457
-0.018778 0.15001 -1.05958
0.0260714 0.15001 -0.451897
0.0220215 0.264802 -0.216836
0.140612 0.264209 -0.0336329
0.110256 0.258178 0.116797
0.0827777 0.262183 0.267281
0.0133235 0.268684 0.39569
0.0515469 0.274586 0.880568
0.00516947 0.15001 1.06362
0.0321368 0.15001 2.84832
0.263287 0.15001 -0.639478
0.0567083 0.256587 -0.368501
0.140196 0.331991 -0.293836
0.197341 0.364166 0.0575586
0.174929 0.357221 0.200087
0.149863 0.296815 0.433581
0.0929986 0.264998 0.576696
0.0110538 0.259899 0.719194
0.104477 0.272357 1.04695
-0.222652 0.15001 2.31905
0.0296146 0.188062 -0.6098
-0.0406125 0.27546 -0.489313
-0.0750224 0.289086 -0.33578
0.0730753 0.360536 -0.12079
0.0463912 0.357724 0.0294108
0.181581 0.385056 0.561948
0.106731 0.365583 0.684759
0.145346 0.392901 0.82889
0.0517587 0.212841 1.18849
-0.127361 0.15001 2.70291
0.0555119 0.345446 -0.643007
0.0178077 0.386401 -0.414902
0.005863 0.402601 -0.269779
0.144396 0.452946 -0.041578
0.0259714 0.371805 0.179108
0.0369603 0.379623 0.499799
0.00994967 0.391104 0.792287
-0.0278746 0.281971 1.00496
-0.120411 0.272307 1.12133
-0.101756 0.15001 2.49283
0.0203211 0.238181 -0.764471
-0.0384058 0.413729 -0.553685
0.127487 0.463382 -0.363719
-0.0643654 0.390488 -0.144242
0.0764694 0.486964 0.0870952
0.0634875 0.39216 0.333586
0.0926491 0.50854 0.745275
0.0989809 0.384758 0.961234
0.161992 0.317578 1.18374
0.051935 0.15001 1.32922
0.0571558 0.513925 -0.632047
0.121113 0.420805 -0.524447
0.146467 0.443541 -0.211005
0.211859 0.500656 0.0943432
0.120727 0.482127 0.219756
0.131288 0.470656 0.450871
0.229413 0.440727 0.702501
0.220778 0.518264 0.841342
0.0106158 0.346057 1.13966
0.0783854 0.316107 1.31541
0.272502 0.440659 -0.522568
0.185108 0.573523 -0.270537
0.237064 0.529737 -0.134106
0.109072 0.589033 -0.0433496
0.146774 0.633276 0.101848
0.106517 0.560551 0.337558
0.0952466 0.49601 0.600288
0.0531554 0.506645 0.893727
0.165552 0.422044 1.08405
-0.0837245 0.304137 1.27229
0.228883 0.541346 -0.643123
0.280745 0.662217 -0.36446
0.279651 0.676572 -0.156357
0.290357 0.705047 0.144583
0.215535 0.601407 0.233535
0.128341 0.618828 0.491036
0.200964 0.609907 0.704858
0.00815107 0.627627 0.805623
0.17274 0.544721 0.991258
0.0855405 0.466079 1.2127
0.404699 0.15001 -0.731191
0.286346 0.15001 -0.488941
0.252671 0.15001 -0.22211
0.218448 0.15001 -0.077223
0.345992 0.15001 0.0991931
0.315773 0.15001 0.251593
0.186056 0.15001 0.528917
0.268374 0.15001 0.67451
0.235503 0.15001 0.831108
0.305356 0.151292 1.12817
0.237782 0.15001 -1.3536
0.3845 0.198606 -0.583486
0.305999 0.252059 -0.129714
0.369054 0.15001 -0.0484634
0.409002 0.259249 0.185449
0.282431 0.165795 0.408015
0.343533 0.15001 0.545079
0.347298 0.232189 0.771599
0.266436 0.15001 0.981026
0.50001 0.15001 2.38049
0.17096 0.15001 -0.985295
0.235071 0.282132 -0.552531
0.188758 0.201749 -0.399352
0.285286 0.264231 0.00919689
0.261012 0.255173 0.152165
0.219242 0.2583 0.303593
0.259771 0.272914 0.528379
0.189582 0.268951 0.919448
0.334009 0.15001 1.29027
0.484528 0.15001 2.84922
0.309235 0.285406 -0.698039
0.327864 0.271364 -0.448127
0.273168 0.277045 -0.299958
0.382066 0.362775 -0.0462073
0.31939 0.345853 0.24985
0.294402 0.324858 0.401209
0.367205 0.2678 0.626422
0.234637 0.29459 0.668637
0.245096 0.281213 1.05839
0.142421 0.15001 2.60063
0.153787 0.238976 -0.673244
0.0998832 0.282646 -0.505584
0.207394 0.353583 -0.418382
0.241761 0.375395 -0.113376
0.464212 0.365096 0.285871
0.439682 0.392118 0.428273
0.465395 0.486189 0.763417
0.331387 0.271656 0.93074
0.192137 0.179285 1.2408
0.325836 0.15001 2.70503
0.532812 0.287432 -0.815104
0.203901 0.389341 -0.651348
0.355417 0.399028 -0.39937
0.380709 0.321117 -0.216473
0.339676 0.37889 0.102826
0.270145 0.441124 0.462504
0.27064 0.33824 0.812491
0.247893 0.402928 0.952205
0.304594 0.286807 1.20276
0.33055 0.15001 2.49993
0.184766 0.32721 -0.800468
0.369848 0.347781 -0.570462
0.276646 0.417302 -0.264381
0.297972 0.468109 -0.0117761
0.44032 0.482777 0.0387508
0.201726 0.416867 0.332426
0.373906 0.381425 0.71414
0.403651 0.387904 0.965563
0.426162 0.373439 1.20458
0.240879 0.299838 1.34745
0.38049 0.437665 -0.692279
0.265282 0.507207 -0.381932
0.376212 0.450249 -0.153602
0.340683 0.562593 0.113386
0.271805 0.471477 0.214938
0.347764 0.455986 0.33861
0.339251 0.406414 0.577035
0.351024 0.451136 0.844791
0.31231 0.41173 1.09491
0.409111 0.288128 1.33789
0.426456 0.474528 -0.52259
0.41344 0.53804 -0.38145
0.338606 0.556666 -0.249263
0.255992 0.614918 -0.00497118
0.41437 0.465193 0.198367
0.252284 0.565507 0.38137
0.24334 0.531749 0.572424
0.340797 0.531915 0.698135
0.337278 0.522434 0.985103
0.262135 0.436899 1.24212
0.326137 0.593546 -0.512524
0.445452 0.671141 -0.300692
0.390047 0.572814 -0.0794787
0.423348 0.670547 0.0350849
0.368342 0.592312 0.269367
0.387568 0.527619 0.472621
0.36454 0.63667 0.580354
0.365566 0.606166 0.843558
0.359244 0.551684 1.14812
0.537364 0.397714 1.35623
0.58856 0.15001 -0.727119
0.486034 0.15001 -0.31784
0.398903 0.159856 -0.20302
0.5135 0.15001 -0.0166809
0.493608 0.15001 0.128867
0.468399 0.15001 0.27281
0.441455 0.15001 0.425425
0.423595 0.15001 0.690761
0.391178 0.15001 0.883066
0.55143 0.169457 1.10121
0.453246 0.15001 -1.4333
0.581727 0.15001 -0.443364
0.513153 0.270514 -0.238092
0.575883 0.257705 0.074188
0.55331 0.260058 0.22086
0.522174 0.254677 0.36435
0.486735 0.196168 0.565322
0.508596 0.187243 0.813131
0.419015 0.15001 1.03001
0.762807 0.15001 2.38855
0.406654 0.15001 -1.2309
0.43343 0.15001 -0.453489
0.33195 0.15001 -0.344657
0.457365 0.258414 -0.103716
0.43042 0.262947 0.0437847
0.385239 0.24973 0.333951
0.399691 0.275105 0.483921
0.574996 0.15001 0.948708
0.647731 0.15001 1.22697
0.781931 0.15001 2.84645
0.528512 0.170098 -0.583085
0.563558 0.272279 -0.371734
0.516638 0.388191 -0.15743
0.5246 0.371145 -0.0137011
0.493738 0.367893 0.131804
0.562605 0.323398 0.471845
0.479772 0.358546 0.579575
0.487251 0.286134 0.704241
0.388061 0.28729 1.0721
0.521563 0.15001 2.62639
0.61543 0.278822 -0.656123
0.465584 0.288701 -0.673758
0.421988 0.279011 -0.347413
0.707359 0.46576 0.249983
0.667276 0.417063 0.424192
0.627384 0.409631 0.57238
0.72647 0.336127 0.663785
0.439143 0.324371 0.837574
0.435584 0.203848 1.18542
0.891085 0.15001 2.68546
0.723491 0.25636 -0.775371
0.620658 0.27802 -0.505133
0.593587 0.389568 -0.286345
0.679288 0.488149 -0.0345677
0.777664 0.505917 0.370579
0.544604 0.481115 0.478101
0.558405 0.397312 0.832282
0.483716 0.258996 0.960382
0.526092 0.319212 1.10289
0.721704 0.15001 2.59574
0.60365 0.426305 -0.714267
0.473708 0.281836 -0.492301
0.44738 0.423471 -0.287697
0.532988 0.505585 -0.0773018
0.559461 0.473656 0.227778
0.726238 0.498686 0.521098
0.565249 0.412606 0.690555
0.552389 0.389681 0.976564
0.673763 0.415298 1.0645
0.504095 0.15001 1.31885
0.532288 0.383988 -0.579577
0.505283 0.400574 -0.420056
0.625562 0.499962 -0.199582
0.586332 0.472698 0.0819134
0.651186 0.583191 0.1778
0.627554 0.541868 0.355472
0.459479 0.499981 0.607097
0.481359 0.508307 0.913446
0.461902 0.454716 1.08041
0.550926 0.279925 1.24758
0.591571 0.498691 -0.507658
0.560653 0.52355 -0.354023
0.485562 0.544165 -0.214545
0.572699 0.605001 0.0203482
0.491243 0.582652 0.148717
0.481438 0.511799 0.344155
0.601454 0.557932 0.605614
0.60834 0.533487 0.775245
0.640667 0.490938 0.920998
0.584968 0.43479 1.19453
0.497166 0.61918 -0.488577
0.611498 0.643898 -0.262866
0.5139 0.667013 -0.117538
0.59924 0.719594 0.118155
0.530221 0.647841 0.283378
0.511377 0.629562 0.466303
0.493323 0.627005 0.706094
0.579693 0.635713 0.890203
0.574068 0.551397 1.04979
0.595762 0.224986 1.44335
0.800859 0.15001 -0.937239
0.628046 0.15001 -0.293988
0.546885 0.15001 -0.164001
0.659879 0.15001 0.00960301
0.64078 0.15001 0.164533
0.614327 0.15001 0.314763
0.588707 0.159155 0.469391
0.57203 0.15001 0.67673
0.728878 0.180466 0.927754
1.07 0.15001 2.21659
0.883877 0.15001 -2.22793
0.833427 0.166712 -0.516599
0.74264 0.257977 -0.05438
0.72393 0.251826 0.103027
0.701171 0.256074 0.253415
0.672629 0.260629 0.397711
0.714529 0.186857 0.660153
0.653491 0.15001 0.804018
0.697991 0.15001 1.07216
1.08201 0.15001 2.68231
0.902321 0.15001 -2.03493
0.681894 0.151381 -0.567378
0.648703 0.270216 -0.208853
0.597363 0.259567 -0.0755426
0.641905 0.361835 0.166457
0.605416 0.366953 0.313473
0.748502 0.273644 0.813811
0.88598 0.15001 0.877231
1.2826 0.15001 2.17439
1.22088 0.15001 2.85
0.616036 0.15001 -1.2249
0.726724 0.150647 -0.417109
0.664381 0.380521 -0.122221
0.664437 0.357698 0.0211384
0.763926 0.362061 0.333377
0.724103 0.32423 0.517533
0.611312 0.26372 0.591551
0.620914 0.28369 0.739406
0.630062 0.270253 1.0158
1.03209 0.15001 2.44311
0.816504 0.15001 -0.677042
0.903736 0.273681 -0.612215
0.699967 0.278862 -0.338902
0.805796 0.357328 0.0377837
0.917667 0.361521 0.364004
0.822551 0.422294 0.610259
0.845022 0.276294 0.711829
0.608317 0.274964 0.878058
1.00885 0.15001 1.96563
1.35507 0.15001 2.691
0.757068 0.273436 -0.618134
0.760359 0.289524 -0.473056
0.838597 0.262766 -0.349507
0.815552 0.376239 -0.106156
0.955689 0.335939 0.217908
0.9596 0.383725 0.548299
0.850774 0.387546 0.826806
0.844477 0.279361 0.928244
0.815099 0.195317 1.17792
1.21722 0.15001 2.53014
0.822658 0.394412 -0.693887
0.793973 0.398906 -0.379815
0.737184 0.391458 -0.246516
0.73512 0.46607 0.10409
0.864929 0.447252 0.263039
0.834766 0.412166 0.467758
0.851256 0.506311 0.735667
0.715201 0.36035 0.928798
0.768908 0.287225 1.05102
0.861619 0.15001 2.20161
0.68816 0.394864 -0.574002
0.652494 0.394085 -0.41949
0.769183 0.505837 -0.156502
0.832883 0.496813 -0.0124844
0.813767 0.56037 0.186291
0.924925 0.522793 0.582377
0.708975 0.485034 0.677145
0.699126 0.40689 0.791933
0.83491 0.4204 0.993383
0.670584 0.289051 1.15999
0.747707 0.496899 -0.478908
0.708708 0.512948 -0.327371
0.665616 0.614935 -0.108923
0.728526 0.605624 0.0429277
0.903106 0.579525 0.322499
0.844887 0.584873 0.471694
0.791146 0.591263 0.615569
0.935463 0.517056 0.880164
0.807902 0.387467 1.16393
0.71024 0.286466 1.31552
0.722991 0.535409 -0.630108
0.666334 0.624599 -0.436269
0.833219 0.632649 -0.0895169
0.773529 0.709065 0.153893
0.748067 0.642664 0.309943
0.684978 0.636753 0.480344
0.737045 0.620888 0.763498
0.776166 0.508073 0.871292
0.752886 0.550673 1.0268
0.959738 0.15001 1.69197
0.981667 0.15001 -0.551105
0.909681 0.178657 -0.240232
0.69602 0.15001 -0.141492
0.807334 0.15001 0.0381732
0.796248 0.15001 0.194637
0.764395 0.15001 0.349818
0.727738 0.172005 0.513994
0.798335 0.15001 0.769064
1.43175 0.15001 1.97777
1.60062 0.15001 2.78452
1.07593 0.15001 -2.25435
0.917123 0.15001 -0.389799
0.844625 0.15001 -0.111258
0.873913 0.255478 0.120402
0.853637 0.256651 0.276816
0.868155 0.15001 0.476965
0.848279 0.15001 0.621495
1.0426 0.15001 0.83531
0.846426 0.152216 1.02298
1.40083 0.15001 2.45672
1.2121 0.15001 -2.08897
1.15201 0.15001 -0.57321
0.981538 0.28176 -0.320604
1.03545 0.264609 -0.044914
1.09433 0.268724 0.196613
1.05098 0.150824 0.426207
0.945794 0.15001 0.727711
1.14896 0.15001 0.9521
1.7551 0.15001 2.22938
1.79602 0.15001 2.84999
1.08286 0.15001 -1.91826
0.773559 0.15001 -0.27775
0.791836 0.263742 -0.194178
0.88733 0.256617 -0.0268165
0.79088 0.354392 0.185595
0.819399 0.267254 0.420642
0.84731 0.282248 0.564081
0.9419 0.273313 0.822101
0.979018 0.15001 1.11729
1.5552 0.15001 2.58462
1.32735 0.15001 -1.90813
1.05925 0.203235 -0.431823
0.937926 0.297124 -0.150737
1.0058 0.288865 0.0889036
1.02025 0.266697 0.327653
0.957891 0.262668 0.463445
0.969121 0.263922 0.635435
1.28279 0.15001 1.08175
1.58714 0.15001 2.10822
1.76226 0.15001 2.64198
0.983316 0.183259 -0.725451
0.928898 0.28614 -0.465315
1.04591 0.400006 -0.116179
1.17012 0.300689 -0.0849253
1.04082 0.425375 0.149074
1.1458 0.276044 0.415569
1.05673 0.274885 0.743688
0.986821 0.206137 0.967259
1.30527 0.15001 1.68133
1.68791 0.15001 2.42791
1.19538 0.282093 -0.477732
1.06294 0.364444 -0.42689
0.879523 0.365196 -0.25361
0.943409 0.386056 -0.0110779
1.1178 0.37351 0.297479
1.07715 0.275451 0.544492
0.932107 0.388133 0.699231
1.09105 0.286941 0.892138
0.913562 0.292308 1.0732
1.46424 0.15001 2.26533
1.05077 0.310675 -0.574953
0.93191 0.420196 -0.390509
1.17027 0.47004 -0.076419
0.896634 0.440708 0.116887
1.00638 0.459497 0.295685
1.05092 0.378206 0.433678
1.07072 0.493086 0.545044
1.02267 0.40748 0.812822
1.27747 0.15001 1.44138
1.2305 0.15001 1.97485
0.845159 0.394542 -0.532299
0.862141 0.504531 -0.277682
0.923083 0.474051 -0.140269
1.0069 0.514766 0.0132213
0.974953 0.552335 0.183471
0.956468 0.490196 0.43275
1.01563 0.512981 0.700104
0.969349 0.365663 0.945859
1.08109 0.29282 1.06148
1.12561 0.15001 1.78828
0.976132 0.476518 -0.532051
0.865218 0.571839 -0.415453
0.776866 0.634728 -0.24897
0.897385 0.615671 0.0648032
1.05278 0.622988 0.31034
1.00538 0.62844 0.483092
0.925343 0.643571 0.686827
1.1251 0.429079 0.947377
0.969832 0.441362 1.08903
1.1241 0.15001 1.57645
1.98094 0.15001 -1.57671
1.04561 0.15001 -0.286419
0.99896 0.15001 -0.12665
0.963056 0.15001 0.0320756
0.965665 0.171909 0.199542
0.925069 0.15001 0.342857
0.990638 0.15001 0.560378
2.07902 0.15001 1.3226
2.07561 0.15001 2.09699
2.15679 0.15001 2.67718
2.35018 0.15001 -2.48382
1.194 0.15001 -0.346452
1.12372 0.15001 -0.0363568
1.08695 0.15001 0.110302
1.09455 0.15001 0.285122
1.20548 0.15001 0.394282
1.34907 0.15001 0.46781
1.09004 0.15001 0.672608
1.48845 0.15001 1.40038
1.88361 0.15001 2.4724
2.47206 0.15001 -2.79519
2.56485 0.15001 -2.00153
2.35323 0.15001 -0.846995
1.26737 0.185172 -0.0942909
2.20145 0.15001 0.291202
2.14841 0.15001 0.669681
2.24128 0.15001 1.1787
2.29313 0.15001 1.68781
2.24533 0.15001 2.38536
2.31447 0.15001 2.84999
2.35153 0.15001 -2.29321
1.13453 0.286827 -0.322381
1.07096 0.273203 -0.193395
1.16143 0.266969 0.0579683
1.20981 0.15001 0.194045
1.2107 0.263056 0.285405
1.1516 0.15001 0.536881
1.47323 0.15001 0.998128
1.90938 0.15001 1.79995
1.95896 0.15001 2.71629
2.5363 0.15001 -2.61555
2.27277 0.15001 -1.40417
1.32918 0.15001 -0.237243
1.40911 0.15001 -0.016042
1.37251 0.15001 0.148214
1.48218 0.15001 0.273372
2.08477 0.15001 0.85849
2.18173 0.15001 1.51164
2.2502 0.15001 2.19238
2.33024 0.232634 2.68523
2.36964 0.15001 -2.07847
1.95509 0.15001 -0.875231
1.24287 0.271859 -0.222855
1.32617 0.276526 0.00842683
1.3809 0.282059 0.257228
1.30875 0.283229 0.392841
1.26336 0.15001 0.652751
1.80344 0.15001 1.11968
2.08826 0.15001 1.89429
2.07841 0.15001 2.48997
1.97806 0.15001 -1.38322
1.3287 0.251989 -0.374964
1.40566 0.260132 -0.14327
1.27745 0.275745 0.149842
1.22741 0.409001 0.395354
1.25347 0.255923 0.525285
1.18045 0.280015 0.651388
1.18277 0.201415 0.789236
1.77324 0.15001 1.64267
1.96076 0.15001 2.26618
1.86484 0.15001 -1.22352
1.1635 0.400033 -0.213976
1.29337 0.373182 -0.113878
1.09354 0.386724 0.0204542
1.2775 0.397885 0.258321
1.17544 0.385721 0.530185
1.07478 0.385576 0.650396
1.32923 0.15001 0.832574
1.67075 0.15001 1.47638
1.76754 0.15001 2.02327
1.21357 0.415738 -0.364918
1.02139 0.410638 -0.263155
1.25046 0.397062 0.0344024
1.15106 0.511271 0.0784558
1.14444 0.508677 0.237654
1.11196 0.507084 0.394455
1.21147 0.462521 0.660618
1.17064 0.36665 0.782083
1.55641 0.15001 1.18843
1.55653 0.15001 1.81607
1.06381 0.516199 -0.368518
1.2684 0.515925 -0.199369
1.0615 0.543318 -0.182375
1.12056 0.617279 -0.0379102
1.09636 0.64 0.141771
1.22854 0.535398 0.498457
1.13449 0.523991 0.802713
1.25194 0.293445 0.907464
1.35031 0.15001 1.26152
1.49923 0.15001 1.62056
2.53961 0.15001 -2.41962
2.37796 0.15001 -1.21822
1.15294 0.15001 -0.183855
1.24793 0.15001 0.0514913
1.31897 0.15001 0.30089
1.96654 0.15001 0.453044
2.3145 0.15001 0.957057
2.73676 0.15001 1.72095
2.60615 0.15001 2.31016
2.53793 0.15001 2.835
2.84999 0.15001 -2.66557
2.85 0.15001 -1.31428
2.73003 0.15001 -0.500501
2.37868 0.15001 -0.0347111
2.39994 0.15001 0.336414
2.43451 0.15001 0.569462
2.73387 0.15001 0.978498
2.52601 0.15001 1.34342
2.45772 0.15001 1.97435
2.3765 0.15001 2.52729
2.84999 0.15001 -2.84999
2.84999 0.15001 -1.63408
2.84999 0.15001 -0.768393
2.84864 0.15001 -0.0958748
2.8491 0.15001 0.351252
2.84999 0.15001 0.596437
2.84714 0.15001 1.13853
2.84999 0.15001 1.89581
2.84999 0.15001 2.57058
2.84999 0.15001 2.84999
2.81201 0.15001 -2.34228
2.65102 0.15001 -1.08757
2.51295 0.15001 -0.538551
2.45213 0.15001 -0.270144
2.63929 0.15001 -0.0350402
2.63739 0.15001 0.426906
2.53449 0.15001 0.968435
2.5995 0.15001 1.56926
2.69273 0.15001 2.10977
2.65279 0.15001 2.5838
2.66526 0.15001 -2.7864
2.73492 0.15001 -1.47786
2.83577 0.15001 -0.99498
2.84999 0.15001 -0.318154
2.7308 0.15001 0.170974
2.77195 0.15001 0.788083
2.75816 0.15001 1.3286
2.64422 0.15001 1.90334
2.76002 0.195569 2.40932
2.70556 0.217501 2.75065
2.73247 0.15001 -2.5221
2.64353 0.15001 -1.30678
2.64723 0.15001 -0.701621
2.65252 0.15001 -0.264207
2.51762 0.15001 0.14893
2.57747 0.15001 0.72342
2.61702 0.15001 1.16015
2.49297 0.15001 1.7546
2.46154 0.15001 2.17248
2.51541 0.265625 2.55387
2.67496 0.15001 -2.19805
2.46099 0.15001 -1.02295
2.29825 0.15001 -0.520912
2.2541 0.15001 -0.236847
2.19925 0.15001 0.0884597
2.23671 0.15001 0.49263
2.3256 0.15001 0.749324
2.32204 0.15001 1.36869
2.28471 0.15001 1.88299
2.42874 0.211423 2.35487
2.43278 0.15001 -1.5309
2.1481 0.15001 -0.86732
2.14672 0.15001 -0.397774
1.39641 0.37455 0.128044
1.46406 0.255273 0.402161
1.61183 0.15001 0.485782
1.47569 0.15001 0.657233
2.05337 0.15001 1.07701
2.08295 0.15001 1.68649
2.22799 0.246042 2.03399
2.15783 0.15001 -1.21599
1.58586 0.15001 -0.398117
1.43495 0.390959 -0.0359815
1.17633 0.381044 0.157318
1.39947 0.414784 0.356398
1.3422 0.386206 0.523908
1.31428 0.300131 0.729573
1.88588 0.15001 0.941413
1.92591 0.15001 1.48149
1.9343 0.225558 1.97597
1.99243 0.15001 -1.0774
1.35765 0.37978 -0.262471
1.31244 0.526197 -0.0262866
1.29036 0.51015 0.15316
1.8492 0.15001 0.293115
1.79476 0.15001 0.579772
1.6932 0.15001 0.759906
1.68914 0.15001 0.959947
1.80877 0.15001 1.31806
1.73311 0.218232 1.81999
-3 0 -3
-3 0 3
-3 1 -3
-3 1 3
-3 2 -3
-3 2 3
-3 3 -3
-3 3 3
-3 4 -3
-3 4 3
-3 5 -3
-3 5 3
-3 6 -3
-3 6 3
-2 0 -3
-2 0 3
-2 1 -3
-2 1 3
-2 2 -3
-2 2 3
-2 3 -3
-2 3 3
-2 4 -3
-2 4 3
-2 5 -3
-2 5 3
-2 6 -3
-2 6 3
-1 0 -3
-1 0 3
-1 1 -3
-1 1 3
-1 2 -3
-1 2 3
-1 3 -3
-1 3 3
-1 4 -3
-1 4 3
-1 5 -3
-1 5 3
-1 6 -3
-1 6 3
0 0 -3
0 0 3
0 1 -3
0 1 3
0 2 -3
0 2 3
0 3 -3
0 3 3
0 4 -3
0 4 3
0 5 -3
0 5 3
0 6 -3
0 6 3
1 0 -3
1 0 3
1 1 -3
1 1 3
1 2 -3
1 2 3
1 3 -3
1 3 3
1 4 -3
1 4 3
1 5 -3
1 5 3
1 6 -3
1 6 3
2 0 -3
2 0 3
2 1 -3
2 1 3
2 2 -3
2 2 3
2 3 -3
2 3 3
2 4 -3
2 4 3
2 5 -3
2 5 3
2 6 -3
2 6 3
-3 0 -3
-3 7 -3
-3 0 -2
-3 7 -2
-3 0 -1
-3 7 -1
-3 0 0
-3 7 0
-3 0 1
-3 7 1
-3 0 2
-3 7 2
-2 0 -3
-2 7 -3
-2 0 -2
-2 7 -2
-2 0 -1
-2 7 -1
-2 0 0
-2 7 0
-2 0 1
-2 7 1
-2 0 2
-2 7 2
-1 0 -3
-1 7 -3
-1 0 -2
-1 7 -2
-1 0 -1
-1 7 -1
-1 0 0
-1 7 0
-1 0 1
-1 7 1
-1 0 2
-1 7 2
0 0 -3
0 7 -3
0 0 -2
0 7 -2
0 0 -1
0 7 -1
0 0 0
0 7 0
0 0 1
0 7 1
0 0 2
0 7 2
1 0 -3
1 7 -3
1 0 -2
1 7 -2
1 0 -1
1 7 -1
1 0 0
1 7 0
1 0 1
1 7 1
1 0 2
1 7 2
2 0 -3
2 7 -3
2 0 -2
2 7 -2
2 0 -1
2 7 -1
2 0 0
2 7 0
2 0 1
2 7 1
2 0 2
2 7 2
-3 0 -3
3 0 -3
-3 0 -2
3 0 -2
-3 0 -1
3 0 -1
-3 0 0
3 0 0
-3 0 1
3 0 1
-3 0 2
3 0 2
-3 1 -3
3 1 -3
-3 1 -2
3 1 -2
-3 1 -1
3 1 -1
-3 1 0
3 1 0
-3 1 1
3 1 1
-3 1 2
3 1 2
-3 2 -3
3 2 -3
-3 2 -2
3 2 -2
-3 2 -1
3 2 -1
-3 2 0
3 2 0
-3 2 1
3 2 1
-3 2 2
3 2 2
-3 3 -3
3 3 -3
-3 3 -2
3 3 -2
-3 3 -1
3 3 -1
-3 3 0
3 3 0
-3 3 1
3 3 1
-3 3 2
3 3 2
-3 4 -3
3 4 -3
-3 4 -2
3 4 -2
-3 4 -1
3 4 -1
-3 4 0
3 4 0
-3 4 1
3 4 1
-3 4 2
3 4 2
-3 5 -3
3 5 -3
-3 5 -2
3 5 -2
-3 5 -1
3 5 -1
-3 5 0
3 5 0
-3 5 1
3 5 1
-3 5 2
3 5 2
-3 6 -3
3 6 -3
-3 6 -2
3 6 -2
-3 6 -1
3 6 -1
-3 6 0
3 6 0
-3 6 1
3 6 1
-3 6 2
3 6 2
