1240 0.1
-2.2337 0.15001 -2.35195
-0.936662 0.15001 -0.833114
-0.960576 0.15001 -0.631763
-0.492286 0.15001 -0.280049
-0.39152 0.15001 -0.001823
-0.46949 0.15001 0.149272
-0.507864 0.15001 0.322295
-2.12315 0.15001 1.22557
-2.5208 0.15001 1.82255
-2.45568 0.15001 2.43903
-2.6859 0.15001 -2.66141
-2.4079 0.15001 -2.28149
-1.14218 0.15001 -0.563401
-1.19569 0.15001 -0.376758
-1.24209 0.15001 -0.173608
-1.29653 0.15001 0.0290196
-2.84722 0.15001 1.17759
-2.84999 0.15001 1.37055
-2.81554 0.15001 2.21321
-2.64009 0.15001 2.83416
-2.5608 0.15001 -2.52393
-2.2599 0.15001 -2.16358
-1.12162 0.15001 -0.7551
-0.998412 0.15001 -0.432343
-1.04225 0.15001 -0.230948
-1.0915 0.15001 -0.0253393
-2.6566 0.15001 1.18653
-2.70407 0.15001 1.50471
-2.84999 0.15001 2.40376
-2.84999 0.15001 2.83242
-2.38189 0.15001 -2.46869
-0.445853 0.15001 -0.62563
-0.485734 0.15001 -0.451636
-0.354676 0.198278 -0.236158
-0.307726 0.289233 -0.00539307
-0.304194 0.15001 0.148421
-0.985009 0.15001 0.160049
-2.53916 0.15001 1.36246
-2.62256 0.15001 2.20114
-2.38874 0.15001 2.77267
-2.10889 0.15001 -2.05122
-0.747972 0.15001 -0.759764
-0.416647 0.266516 -0.518744
-0.428702 0.272377 -0.361057
-0.432086 0.261567 -0.111691
-0.384726 0.219288 0.265865
-0.46344 0.15001 0.491374
-2.53977 0.15001 1.63037
-2.654 0.15001 2.43397
-2.76823 0.15001 2.62431
-2.08533 0.15001 -2.2365
-0.406888 0.275399 -0.698735
-0.354419 0.377659 -0.439657
-0.381427 0.357667 -0.243786
-0.378723 0.278747 0.117175
-0.508867 0.308986 0.225048
-0.46001 0.280175 0.392933
-2.29427 0.15001 1.31763
-2.36706 0.15001 2.21475
-2.54931 0.15001 2.63946
-0.55389 0.195203 -0.774368
-0.554223 0.279302 -0.616795
-0.55448 0.321146 -0.444936
-0.536864 0.309572 -0.242682
-0.390434 0.421365 0.0310398
-0.364602 0.389258 0.216841
-0.543841 0.297848 0.528397
-2.02595 0.15001 1.39343
-2.32575 0.15001 1.80194
-2.23054 0.15001 2.63232
-0.438914 0.31807 -0.847971
-0.428233 0.407133 -0.595124
-0.295859 0.45629 -0.328228
-0.464082 0.443517 -0.348971
-0.255227 0.397617 0.107595
-0.150255 0.520226 0.332569
-0.458944 0.434123 0.339692
-0.465736 0.297263 0.700221
-1.97891 0.15001 1.59944
-2.25775 0.15001 2.40874
-0.323765 0.441525 -0.861985
-0.313442 0.545656 -0.665439
-0.243309 0.548537 -0.441283
-0.310086 0.480698 -0.168434
-0.201575 0.540979 0.181422
-0.330167 0.530963 0.277358
-0.360582 0.534976 0.528135
-0.328963 0.389365 0.623184
-0.413864 0.28134 0.873904
-1.97485 0.15001 1.95903
-0.150063 0.600791 -0.597672
-0.0530527 0.593218 -0.419814
-0.0599081 0.606267 -0.249363
-0.173773 0.600036 -0.0773121
-0.0741596 0.642394 0.055204
-0.231045 0.605922 0.436595
-0.630584 0.256162 0.375315
-0.482739 0.436789 0.605142
-0.301915 0.412795 0.800978
-1.86623 0.15001 1.78185
-0.415718 0.15001 -1.1735
-0.183264 0.15001 -0.428973
-0.0703842 0.15001 -0.266738
-0.0945899 0.15001 -0.11598
-0.0954661 0.15001 0.0380861
-0.0992591 0.15001 0.315283
-0.189176 0.15001 0.436056
-0.125381 0.15001 0.582082
-0.0612474 0.15001 0.725046
-1.83244 0.15001 2.12228
-2.20651 0.15001 -2.53849
-0.528777 0.15001 -0.961469
-0.33465 0.15616 -0.390439
-0.255872 0.152207 -0.130517
-0.239783 0.15001 0.0172141
-0.252321 0.15001 0.294914
-0.387601 0.15001 0.663113
-0.218728 0.15001 0.697593
-0.322419 0.15001 0.818311
-1.84211 0.15001 2.78673
-2.05848 0.15001 -2.4228
-0.389891 0.15001 -0.809779
-0.316223 0.15001 -0.539118
-0.220882 0.15001 -0.285224
-0.172805 0.257431 -0.054445
-0.155125 0.15001 0.174565
-0.332982 0.193413 0.41591
-2.25378 0.15001 1.52886
-2.05827 0.15001 2.45295
-2.16163 0.15001 2.84999
-0.20936 0.15001 -0.8638
-0.176149 0.176221 -0.578554
-0.255084 0.267094 -0.469835
-0.159456 0.249978 -0.203758
-0.189736 0.265918 0.0942783
-0.193841 0.272907 0.35427
-0.263868 0.315494 0.481174
-0.273595 0.167794 0.555389
-0.154951 0.276258 0.747717
-1.67325 0.15001 2.515
-0.340109 0.15001 -0.987141
-0.286671 0.16597 -0.690709
-0.299192 0.293585 -0.600214
-0.276227 0.287999 -0.328984
-0.285539 0.306099 -0.147778
-0.256732 0.27792 0.216156
-0.387133 0.264384 0.558651
-0.614551 0.15001 0.743187
-2.18175 0.15001 2.03216
-2.0283 0.15001 2.69268
-0.287002 0.273565 -0.810651
-0.164151 0.345625 -0.567323
-0.193657 0.38484 -0.41876
-0.0960869 0.353631 -0.128319
-0.224664 0.410765 -0.0589642
-0.326409 0.331882 0.346471
-0.208461 0.292024 0.610852
-0.308958 0.27513 0.718334
-1.64211 0.15001 1.86665
-1.86549 0.15001 2.57059
-0.2119 0.312417 -0.946368
-0.309659 0.395955 -0.709094
-0.276703 0.438133 -0.547771
-0.205644 0.380634 -0.244442
-0.108986 0.406068 0.158605
-0.211877 0.404567 0.268026
-0.394528 0.390769 0.477448
-0.249842 0.276402 0.86075
-0.151791 0.15001 0.839534
-1.72477 0.15001 2.30933
-0.183275 0.400324 -0.808441
-0.174474 0.458326 -0.661287
-0.132806 0.48637 -0.332554
-0.142378 0.489832 -0.175088
-0.159946 0.501728 0.0430124
-0.0562219 0.399031 0.29814
-0.278505 0.458073 0.403015
-0.180251 0.416451 0.690517
-0.240457 0.15001 0.970153
-1.6201 0.15001 2.08423
-0.0821864 0.527042 -0.779355
-0.0210595 0.502303 -0.63046
0.0073732 0.471829 -0.187348
-0.00159696 0.591058 -0.0963983
-0.0103696 0.505401 0.0806897
-0.09815 0.521734 0.479541
-0.221388 0.45369 0.543372
-0.0568439 0.50613 0.637469
-0.141663 0.389935 0.842136
-1.42265 0.15001 1.83446
0.0406301 0.62768 -0.553303
0.0214175 0.481074 -0.33258
0.0991026 0.585219 -0.238661
0.0844116 0.715278 -0.128501
0.0872432 0.618728 0.0248212
-0.0621703 0.655386 0.338367
-0.166276 0.604634 0.59665
-0.287324 0.532457 0.686622
-0.0500306 0.516943 0.809941
-0.275993 0.309871 1.01305
-0.124395 0.15001 -1.16002
0.113171 0.15001 -0.408712
0.0815918 0.15001 -0.257778
0.0582797 0.15001 -0.102072
0.0482265 0.15001 0.0539717
-0.00608506 0.15001 0.19297
0.0505003 0.15001 0.338111
-0.0367944 0.15001 0.45982
0.0249906 0.15001 0.607096
-0.0120766 0.15001 0.904092
-0.0511175 0.15001 -1.35887
0.00941332 0.15001 -0.698661
0.144846 0.253375 -0.168897
0.123778 0.25728 -0.014488
0.107193 0.269499 0.135232
0.0355278 0.275637 0.25859
0.100207 0.27408 0.406391
0.017093 0.273221 0.521923
0.0750747 0.15001 0.779209
-0.56123 0.15001 2.5971
-0.257891 0.15001 -1.31666
-0.138163 0.15001 -0.723541
-0.0358151 0.15001 -0.406906
-0.00531812 0.254153 -0.188989
-0.0227958 0.256512 -0.0357627
-0.0378845 0.270642 0.115954
-0.0448546 0.273833 0.37649
-0.0645967 0.271937 0.638252
-1.39853 0.15001 2.05969
-1.46361 0.15001 2.84999
-0.00929914 0.15001 -0.851545
-0.0180892 0.15001 -0.552675
0.0194193 0.262627 -0.336985
0.0562246 0.357295 -0.106998
0.0401312 0.369811 0.0407267
0.0909168 0.395623 0.326328
0.00110413 0.395605 0.444935
-0.126925 0.26657 0.493334
-0.024786 0.270203 0.812443
-0.6741 0.15001 2.33472
-0.108712 0.265662 -0.820339
-0.194712 0.293141 -0.698992
-0.0964149 0.259568 -0.483384
-0.132382 0.267295 -0.345487
-0.109591 0.35998 0.0250271
-0.111671 0.278482 0.23621
0.144541 0.395869 0.479357
0.0675891 0.272863 0.691072
0.0742384 0.151729 1.0302
-1.64093 0.15001 2.72764
0.0355667 0.281766 -0.777762
-0.070329 0.256746 -0.642684
-0.0434394 0.376204 -0.414704
-0.061837 0.368495 -0.267586
0.0410542 0.400673 0.181675
-0.145069 0.392774 0.416637
0.0530254 0.39287 0.59981
-0.0360194 0.386641 0.724523
-0.119663 0.265118 0.933684
-0.769597 0.15001 2.53064
-0.0562027 0.238856 -0.984542
-0.0618235 0.380189 -0.717821
-0.115253 0.475588 -0.507117
-0.0531483 0.463052 -0.0524562
0.0915308 0.479045 -0.0380768
0.00201656 0.520606 0.364732
-0.091224 0.388966 0.560454
0.0839154 0.389366 0.807519
-0.0909806 0.15001 1.04417
-0.726152 0.15001 2.14832
-0.0183639 0.39426 -0.875808
-0.0178149 0.368094 -0.563712
0.0423115 0.478399 -0.486702
0.155126 0.463468 -0.168154
0.133611 0.501193 0.107547
0.103727 0.523899 0.250733
0.143627 0.520329 0.395737
0.17199 0.50347 0.589426
-0.0115728 0.393267 0.916837
-0.116654 0.15001 1.32324
0.14045 0.515092 -0.601522
0.114267 0.579379 -0.402041
0.172141 0.469612 -0.31332
0.175579 0.592834 -0.100623
0.237576 0.620391 0.0385847
-0.0459645 0.532359 0.219177
0.0464447 0.519895 0.515666
0.0778783 0.501451 0.709412
0.144642 0.406495 0.952735
-0.134668 0.402936 1.01531
0.294525 0.513584 -0.566413
0.212238 0.635262 -0.516088
0.190586 0.691522 -0.31485
0.266115 0.718149 -0.139392
0.333625 0.713568 0.190009
0.0572986 0.649149 0.174239
0.173797 0.634077 0.492996
0.0443972 0.631069 0.625941
0.129964 0.532932 0.861537
0.0386167 0.423058 1.0749
0.329131 0.15001 -0.920517
0.265544 0.152692 -0.387653
0.233342 0.15001 -0.234962
0.208733 0.15001 -0.0796059
0.191785 0.15001 0.0753243
0.144223 0.15001 0.216592
0.196476 0.15001 0.367607
0.111664 0.15001 0.488663
0.161615 0.15001 0.655395
0.3087 0.15001 0.911369
0.16048 0.15001 -1.39603
0.27133 0.15001 -0.670979
0.322622 0.259472 -0.289828
0.356109 0.15001 -0.0438997
0.334921 0.15001 0.106553
0.294231 0.15001 0.252718
0.250239 0.15001 0.535239
0.252874 0.267924 0.672711
0.240456 0.15001 0.778783
0.424427 0.15001 1.37684
0.0842357 0.15001 -1.1983
0.140714 0.15001 -0.564809
0.170223 0.256416 -0.320873
0.294998 0.256134 -0.141145
0.27003 0.256515 0.0128831
0.249028 0.266552 0.163374
0.179705 0.275083 0.287165
0.168174 0.270855 0.793629
0.156847 0.15001 0.901747
-0.195807 0.15001 2.83968
0.39173 0.15001 -0.769276
0.196281 0.258011 -0.472268
0.258258 0.355818 -0.383849
0.35021 0.357143 -0.0518969
0.333408 0.36352 0.0945355
0.318757 0.277506 0.32762
0.239144 0.273398 0.449543
0.152737 0.274438 0.568307
0.231886 0.278136 0.92987
-0.455255 0.15001 2.28201
0.145449 0.179092 -0.734259
0.0676453 0.265115 -0.628916
0.0494692 0.262524 -0.482187
0.233936 0.356294 -0.230062
0.204296 0.356984 -0.0811751
0.348426 0.380143 0.451935
0.258031 0.383737 0.568442
0.324579 0.394772 0.705496
0.224593 0.156752 1.03797
-0.358949 0.15001 2.68999
0.176915 0.333818 -0.773687
0.134617 0.371272 -0.547342
0.107138 0.368445 -0.399898
0.299345 0.463998 -0.142956
0.187178 0.369911 0.0664318
0.23549 0.393423 0.360178
0.170611 0.383064 0.687702
0.0818685 0.271781 0.909012
-0.00911688 0.283083 1.0254
-0.332466 0.15001 2.46945
0.142834 0.216668 -0.890266
0.0793527 0.402262 -0.685638
0.200457 0.466207 -0.463497
0.0861313 0.361628 -0.253022
0.229197 0.481475 -0.0138665
0.189457 0.399714 0.210595
0.323695 0.513822 0.606912
0.236152 0.400908 0.833492
0.296136 0.288866 1.0752
0.301727 0.15001 1.17865
0.156435 0.498519 -0.776905
0.235928 0.412035 -0.660592
0.314485 0.457079 -0.297011
0.36347 0.482281 0.00577722
0.278373 0.493584 0.131504
0.25149 0.51909 0.293138
0.416086 0.394999 0.585464
0.391483 0.527062 0.74221
0.141498 0.291527 1.05028
0.166098 0.229668 1.18612
0.387965 0.412529 -0.627999
0.272795 0.571175 -0.381837
0.426086 0.519361 -0.242864
0.261802 0.578584 -0.227329
0.336237 0.595202 -0.0817084
0.212473 0.613604 0.186922
0.269796 0.503851 0.465628
0.233989 0.51177 0.738151
0.303104 0.406719 0.973567
0.00253211 0.223107 1.16893
0.32018 0.530994 -0.727519
0.412567 0.605552 -0.445427
0.535411 0.632263 -0.273119
0.520283 0.696572 0.0142297
0.379895 0.61682 0.0781134
0.339224 0.623577 0.382701
0.396425 0.649622 0.620571
0.224427 0.640554 0.658077
0.320414 0.536993 0.88523
0.211553 0.42346 1.10731
0.502826 0.15001 -0.892615
0.423083 0.15001 -0.62654
0.408003 0.15001 -0.340706
0.37908 0.15001 -0.193589
0.501198 0.15001 0.00184106
0.47637 0.15001 0.154753
0.33473 0.15001 0.411837
0.413085 0.15001 0.541062
0.327865 0.15001 0.660609
0.466803 0.15001 0.928162
0.330857 0.15001 -1.48892
0.535228 0.15001 -0.734441
0.466419 0.257543 -0.246269
0.521859 0.15001 -0.149221
0.563352 0.260173 0.0913401
0.442296 0.167907 0.308993
0.513681 0.15001 0.44202
0.476019 0.15001 0.672488
0.393659 0.15001 0.793611
0.253245 0.15001 2.38016
0.28415 0.15001 -1.11879
0.334501 0.276464 -0.662622
0.306055 0.178625 -0.533866
0.440496 0.259018 -0.0972309
0.41905 0.257767 0.0507175
0.386327 0.258345 0.201686
0.420851 0.26208 0.433523
0.316058 0.275473 0.805074
0.473353 0.15001 1.17134
0.235008 0.15001 2.82994
0.423378 0.279124 -0.85266
0.439322 0.276467 -0.563803
0.364883 0.266838 -0.434873
0.527689 0.362716 -0.146678
0.476241 0.353676 0.155106
0.448138 0.34534 0.316898
0.504055 0.272796 0.550477
0.340981 0.268963 0.555353
0.380015 0.277984 0.940978
-0.115737 0.15001 2.57326
0.276055 0.23247 -0.798484
0.204558 0.271667 -0.626565
0.294792 0.350802 -0.531839
0.387048 0.365505 -0.199188
0.62352 0.366505 0.184927
0.599325 0.388957 0.322593
0.634952 0.515346 0.670273
0.463733 0.274008 0.817014
0.37887 0.15414 1.04424
0.0681287 0.15001 2.68681
0.664328 0.15001 -0.853397
0.335902 0.378303 -0.772748
0.468317 0.38612 -0.484306
0.50533 0.264968 -0.389157
0.490359 0.377814 0.00642399
0.386275 0.476597 0.35298
0.408457 0.280145 0.682375
0.388455 0.400522 0.840193
0.449466 0.283636 1.07723
0.0830292 0.15001 2.47879
0.282239 0.334428 -0.92064
0.463668 0.28732 -0.710918
0.413083 0.367602 -0.343004
0.445459 0.467021 -0.107854
0.592645 0.467609 -0.0565209
0.336297 0.399274 0.236153
0.562564 0.395078 0.60141
0.559003 0.376219 0.840572
0.576571 0.360053 1.0734
0.376227 0.290523 1.22175
0.497117 0.419065 -0.79284
0.355384 0.459213 -0.444405
0.543053 0.378334 -0.288789
0.493586 0.549176 0.00863282
0.424502 0.478003 0.126488
0.492889 0.465133 0.248812
0.499726 0.396728 0.455243
0.487944 0.41293 0.724177
0.458502 0.405636 0.973002
0.561465 0.287736 1.21204
0.526834 0.400335 -0.632475
0.558039 0.499658 -0.517416
0.494273 0.494519 -0.373042
0.475298 0.611362 -0.128663
0.56723 0.465082 0.103197
0.377493 0.568501 0.231586
0.421614 0.519566 0.489924
0.493058 0.525775 0.619563
0.492351 0.507514 0.863988
0.39093 0.427637 1.11417
0.442414 0.554058 -0.602637
0.594462 0.623522 -0.429681
0.572499 0.494911 -0.20243
0.619697 0.607177 -0.101908
0.521441 0.597178 0.162451
0.536975 0.521438 0.37686
0.526259 0.636227 0.493391
0.532123 0.607097 0.75128
0.522099 0.533098 1.0367
0.679859 0.425995 1.17578
0.83001 0.15001 -0.818461
0.610523 0.15001 -0.434667
0.550684 0.15001 -0.29898
0.664245 0.15001 -0.113947
0.64833 0.15001 0.0328534
0.623651 0.15001 0.176149
0.600121 0.15001 0.322621
0.578404 0.15001 0.578227
0.546353 0.15001 0.798035
0.73281 0.160586 1.01199
0.509674 0.15001 -1.56576
0.715182 0.15001 -0.546061
0.643508 0.266668 -0.346138
0.72945 0.257199 -0.0221622
0.711152 0.261079 0.123257
0.679349 0.255844 0.26406
0.64969 0.203111 0.460538
0.661404 0.16694 0.70745
0.617196 0.15001 0.924125
0.53552 0.15001 2.32552
0.474506 0.15001 -1.35785
0.566822 0.15001 -0.583008
0.458407 0.15001 -0.477963
0.607348 0.258835 -0.205771
0.580041 0.262253 -0.0524467
0.537636 0.258781 0.241422
0.556532 0.275198 0.387169
0.744091 0.15001 0.842108
0.83258 0.15001 1.13327
0.531479 0.15001 2.81123
0.678179 0.15001 -0.695152
0.712096 0.274596 -0.472198
0.68298 0.37893 -0.256973
0.669126 0.360179 -0.112135
0.648344 0.365911 0.0357502
0.722923 0.318701 0.373765
0.638837 0.356247 0.479335
0.652642 0.277354 0.599333
0.530087 0.279777 0.944872
0.261337 0.15001 2.58606
0.742063 0.267957 -0.769724
0.581748 0.278103 -0.80751
0.573125 0.274825 -0.513288
0.867097 0.474008 0.154629
0.829869 0.416137 0.341231
0.791879 0.379308 0.488031
0.91137 0.28258 0.54642
0.550702 0.273101 0.69997
0.573687 0.191864 1.06038
0.645928 0.15001 2.65306
0.866348 0.313336 -0.872701
0.728612 0.277731 -0.618445
0.74619 0.391162 -0.387316
0.863344 0.483554 -0.136056
0.943336 0.493047 0.286127
0.699807 0.468273 0.386717
0.650468 0.371746 0.724283
0.638742 0.259856 0.826795
0.666393 0.29009 0.967317
0.482271 0.15001 2.54463
0.687741 0.354052 -0.894988
0.593653 0.27051 -0.65602
0.603581 0.387287 -0.421274
0.719264 0.482715 -0.163327
0.713696 0.476576 0.12842
0.910168 0.458483 0.45562
0.711833 0.418351 0.594553
0.722329 0.386031 0.861737
0.858064 0.418629 0.944838
0.66171 0.15001 1.18904
0.657342 0.389333 -0.72248
0.650417 0.387513 -0.561469
0.78677 0.499567 -0.29726
0.736779 0.473004 -0.0177431
0.805056 0.584026 0.0689102
0.774719 0.525314 0.257083
0.610761 0.503657 0.508702
0.640476 0.500496 0.815292
0.614786 0.439771 0.956032
0.700596 0.27384 1.11472
0.733307 0.489085 -0.628627
0.703317 0.508311 -0.474794
0.640846 0.503083 -0.335711
0.766689 0.601224 -0.0832276
0.641943 0.580026 0.0443821
0.629161 0.51382 0.246678
0.769884 0.524909 0.506943
0.794536 0.539346 0.657365
0.798773 0.505778 0.820015
0.742214 0.398523 1.03145
0.594876 0.53584 -0.67698
0.758452 0.631326 -0.375839
0.68821 0.608172 -0.235368
0.714967 0.71493 0.00415415
0.692189 0.64063 0.17998
0.675867 0.61742 0.373119
0.685001 0.633806 0.576534
0.716208 0.630111 0.762399
0.735015 0.539781 0.958158
0.732074 0.15001 1.38275
0.974198 0.15001 -1.03706
0.761266 0.15001 -0.396862
0.693937 0.15001 -0.263107
0.81156 0.15001 -0.0884328
0.797506 0.15001 0.0635618
0.771198 0.15001 0.210811
0.747445 0.15001 0.360098
0.724782 0.15001 0.571573
0.891972 0.189634 0.807455
0.844293 0.15001 2.16555
1.08034 0.15001 -2.84963
0.977309 0.182344 -0.614236
0.893595 0.258862 -0.150239
0.876352 0.256898 0.00153177
0.857077 0.258016 0.15165
0.831115 0.257326 0.296859
0.86768 0.15001 0.550363
0.810206 0.15001 0.692166
0.867741 0.15001 0.951502
0.841925 0.15001 2.653
1.10425 0.15001 -2.6571
0.823615 0.15723 -0.660046
0.782756 0.269824 -0.309455
0.749908 0.257463 -0.171906
0.796354 0.367251 0.0712949
0.764575 0.371377 0.221614
0.909008 0.297724 0.692412
1.06769 0.15001 0.752122
1.06029 0.15001 2.12769
0.981499 0.15001 2.82948
0.68983 0.15001 -1.35603
0.864589 0.15001 -0.513394
0.825673 0.375528 -0.220524
0.810396 0.362338 -0.0771771
0.918644 0.360947 0.235535
0.89618 0.312643 0.410404
0.787087 0.236972 0.472664
0.788474 0.28644 0.614759
0.792243 0.270551 0.906861
0.788706 0.15001 2.36793
0.992647 0.15001 -0.774067
1.05894 0.283461 -0.72354
0.850314 0.279633 -0.430452
0.955857 0.365249 -0.0684643
1.07399 0.363686 0.257195
1.00535 0.388683 0.538344
1.03117 0.266249 0.623738
0.76309 0.271048 0.75787
0.810357 0.15001 1.91479
1.12505 0.15001 2.65287
0.904755 0.266553 -0.727166
0.864385 0.280796 -0.576536
0.982444 0.257002 -0.478923
0.973819 0.377496 -0.210934
1.10927 0.340521 0.11189
1.13763 0.383141 0.452886
1.03373 0.386614 0.717508
1.01416 0.274381 0.803689
0.986118 0.186447 1.05483
0.97557 0.15001 2.47955
0.957519 0.42047 -0.758663
0.930725 0.396338 -0.484316
0.887492 0.39638 -0.346538
0.887832 0.469947 0.00569026
1.01816 0.451623 0.160719
1.00994 0.397946 0.377342
1.02004 0.50603 0.629775
0.877057 0.350489 0.817452
0.937837 0.282511 0.933389
0.649057 0.15001 2.1597
0.81504 0.374786 -0.688188
0.79046 0.392159 -0.52484
0.934791 0.506904 -0.262759
1.00916 0.501767 -0.115747
0.972217 0.566088 0.0804146
1.06689 0.506566 0.480041
0.880259 0.423408 0.602715
0.788574 0.403757 0.715096
1.00495 0.412527 0.873152
0.841578 0.281212 1.04677
0.887428 0.476009 -0.606505
0.852855 0.51154 -0.438582
0.842443 0.614604 -0.212891
0.913473 0.606345 -0.0622793
1.05361 0.581195 0.226995
0.987727 0.585296 0.389841
0.912067 0.571509 0.544513
1.10528 0.515639 0.767789
0.976189 0.377681 1.05168
0.830176 0.32574 1.19722
0.774411 0.479182 -0.792493
0.807688 0.608026 -0.557747
1.01501 0.628385 -0.205579
0.903849 0.709045 0.0582531
0.895384 0.62495 0.220108
0.837191 0.56886 0.382587
0.924132 0.620908 0.69975
0.922745 0.471447 0.743237
0.934868 0.551671 0.88826
0.839606 0.15001 1.57261
1.12874 0.15001 -0.658222
1.05166 0.186322 -0.347656
0.841487 0.15001 -0.2409
0.958846 0.15001 -0.0647145
0.950928 0.15001 0.0883214
0.921986 0.15001 0.241545
0.897419 0.158932 0.401316
0.95363 0.15001 0.669671
1.25359 0.15001 1.91944
1.36987 0.15001 2.76122
1.27395 0.15001 -2.8499
1.0744 0.15001 -0.494156
0.991244 0.15001 -0.216579
1.02358 0.261698 0.0124111
1.00843 0.259073 0.168496
1.04096 0.15001 0.374871
1.0112 0.15001 0.524116
1.22715 0.15001 0.720949
1.01479 0.15001 0.894856
1.17956 0.15001 2.40466
1.42851 0.15001 -2.71286
1.31762 0.15001 -0.659971
1.13187 0.278036 -0.43121
1.18724 0.263049 -0.151193
1.24244 0.270825 0.0877165
1.21015 0.15001 0.316028
1.12544 0.15001 0.615471
1.32774 0.15001 0.843928
1.57967 0.15001 2.17207
1.58179 0.15001 2.82852
1.29406 0.15001 -2.54736
0.915663 0.15001 -0.37758
0.929641 0.265151 -0.291107
1.03743 0.25848 -0.134575
0.943777 0.359199 0.0839343
0.985951 0.260435 0.311635
1.02686 0.272455 0.4558
1.13572 0.276878 0.719477
1.14651 0.15001 1.00013
1.33325 0.15001 2.54702
1.54542 0.15001 -2.53929
1.22055 0.197384 -0.535398
1.09032 0.302353 -0.258321
1.15576 0.289989 -0.0181322
1.17447 0.267031 0.219041
1.12788 0.266192 0.356516
1.14525 0.264616 0.533273
1.41302 0.15001 1.02676
1.41996 0.15001 2.05758
1.5451 0.15001 2.60168
1.15344 0.198384 -0.831573
1.09822 0.276591 -0.578696
1.20478 0.401131 -0.218261
1.32422 0.296018 -0.187639
1.20035 0.427802 0.0460224
1.30278 0.277612 0.303697
1.24347 0.278767 0.632877
1.16292 0.202788 0.852497
1.2081 0.15001 1.60532
1.47461 0.15001 2.36028
1.36493 0.283493 -0.561632
1.21486 0.365743 -0.535604
1.01984 0.345865 -0.368567
1.0998 0.384781 -0.116467
1.27074 0.374201 0.188965
1.24908 0.2772 0.439212
1.12613 0.384046 0.607835
1.27597 0.286903 0.784533
1.08151 0.287809 0.951685
1.25985 0.15001 2.20939
1.22279 0.292533 -0.682173
1.07332 0.403616 -0.501249
1.33683 0.459626 -0.18261
1.05208 0.438965 0.0135078
1.16192 0.463308 0.193765
1.20928 0.382908 0.325739
1.22643 0.503176 0.439759
1.21989 0.417915 0.710634
1.21927 0.15001 1.39563
1.03422 0.15001 1.91888
0.979313 0.356214 -0.617381
1.01743 0.49157 -0.386582
1.08318 0.471114 -0.250201
1.167 0.512142 -0.0851314
1.12509 0.550315 0.082749
1.11038 0.492461 0.332662
1.17116 0.520372 0.5871
1.14774 0.366952 0.836332
1.25118 0.293998 0.950014
0.998414 0.15001 1.70989
1.11574 0.428613 -0.657427
1.00278 0.545511 -0.533073
0.929783 0.627512 -0.361141
1.06869 0.628934 -0.0373867
1.20557 0.62329 0.20226
1.14784 0.631468 0.381719
1.05943 0.643846 0.547157
1.32 0.429863 0.834777
1.13134 0.43775 0.980221
1.02703 0.15001 1.47953
1.98329 0.15001 -1.96147
1.19328 0.15001 -0.386466
1.14398 0.15001 -0.23325
1.11049 0.15001 -0.075906
1.11295 0.173861 0.0902505
1.08101 0.15001 0.234529
1.16117 0.15001 0.456098
2.07618 0.15001 1.13889
1.98207 0.15001 2.02277
1.97134 0.15001 2.63991
2.26371 0.15001 -2.52869
1.34433 0.15001 -0.443413
1.27568 0.15001 -0.139291
1.23148 0.15001 0.00306402
1.24435 0.15001 0.171109
1.36046 0.15001 0.27233
1.50049 0.15001 0.34521
1.26933 0.15001 0.560833
1.44631 0.15001 1.34573
1.68041 0.15001 2.41315
2.40479 0.15001 -2.82492
2.49186 0.15001 -2.06302
2.34736 0.15001 -1.19858
1.42646 0.185182 -0.204908
2.21736 0.15001 0.0506106
2.17728 0.15001 0.443708
2.27107 0.15001 0.986901
2.29188 0.15001 1.4941
2.06465 0.15001 2.28901
2.15499 0.15001 2.84999
2.26446 0.15001 -2.31674
1.28193 0.290189 -0.427275
1.2221 0.273015 -0.297309
1.3154 0.261532 -0.0436825
1.3582 0.15001 0.07613
1.36131 0.263103 0.168966
1.32067 0.15001 0.418869
1.58821 0.15001 0.916636
1.86104 0.15001 1.66972
1.75164 0.15001 2.68093
2.45211 0.15001 -2.63731
2.25822 0.15001 -1.7741
1.48363 0.15001 -0.354024
1.57695 0.15001 -0.140603
1.53735 0.15001 0.0272128
1.63867 0.15001 0.165316
2.12989 0.15001 0.65571
2.1589 0.15001 1.33425
2.17804 0.15001 2.11021
2.19724 0.15001 2.64287
2.29714 0.15001 -2.11038
1.92498 0.15001 -1.25502
1.38713 0.264954 -0.328717
1.49665 0.269864 -0.0991687
1.54894 0.278881 0.14095
1.46503 0.283588 0.269299
1.43753 0.15001 0.529831
1.86635 0.15001 0.973867
2.04404 0.15001 1.7582
1.89654 0.15001 2.42805
1.97522 0.15001 -1.76786
1.54045 0.15001 -0.552349
1.56774 0.257486 -0.268234
1.43975 0.271115 0.0400292
1.38391 0.412866 0.278576
1.41663 0.265861 0.406146
1.35873 0.279145 0.539029
1.36663 0.198751 0.677641
1.72993 0.15001 1.53043
1.7812 0.15001 2.20158
1.85985 0.15001 -1.6116
1.316 0.397097 -0.319565
1.45385 0.356865 -0.22314
1.25043 0.382553 -0.0825478
1.44196 0.391347 0.146837
1.33438 0.395144 0.414673
1.26189 0.396829 0.545455
1.51254 0.15001 0.729883
1.65493 0.15001 1.35244
1.6172 0.15001 1.96412
1.34213 0.435676 -0.469503
1.16616 0.404294 -0.367459
1.40911 0.382249 -0.0725579
1.3181 0.503256 -0.0303628
1.30633 0.507116 0.132828
1.26855 0.51223 0.289665
1.43206 0.421188 0.53605
1.36194 0.363248 0.673314
1.60296 0.15001 1.12459
1.42175 0.15001 1.76438
1.17705 0.51893 -0.472318
1.44265 0.49134 -0.310144
1.22538 0.536913 -0.29647
1.28034 0.604038 -0.150195
1.24836 0.625487 0.0291234
1.38606 0.541318 0.392532
1.32312 0.517507 0.629883
1.43616 0.289006 0.800523
1.3 0.15001 1.20295
1.41927 0.15001 1.55312
2.45424 0.15001 -2.42086
2.36969 0.15001 -1.5916
1.30057 0.15001 -0.282893
1.40721 0.15001 -0.062454
1.47186 0.150764 0.174874
2.07762 0.15001 0.257572
2.33513 0.15001 0.756953
2.74141 0.15001 1.53592
2.56893 0.15001 2.18415
2.41716 0.15001 2.81939
2.82235 0.15001 -2.63621
2.84284 0.15001 -1.70669
2.70973 0.15001 -0.75741
2.3697 0.15001 -0.288849
2.42423 0.15001 0.100029
2.4661 0.15001 0.335184
2.74777 0.15001 0.75129
2.53856 0.15001 1.15431
2.44169 0.15001 1.81632
2.2193 0.15001 2.43327
2.81621 0.15001 -2.84999
2.83983 0.15001 -2.07482
2.80692 0.15001 -1.02643
2.84538 0.15001 -0.36552
2.84999 0.15001 0.115302
2.84999 0.15001 0.373493
2.84999 0.15001 0.93799
2.84999 0.15001 1.72723
2.84999 0.15001 2.51993
2.8333 0.15001 2.84623
2.75039 0.15001 -2.34501
2.65436 0.15001 -1.45191
2.50323 0.15001 -0.79132
2.43059 0.15001 -0.519832
2.63111 0.15001 -0.297256
2.64659 0.15001 0.192326
2.54123 0.15001 0.744272
2.59706 0.15001 1.37125
2.66887 0.15001 1.96199
2.63656 0.15001 2.51089
2.59764 0.15001 -2.79874
2.71734 0.15001 -1.88885
2.83018 0.15001 -1.31701
2.84931 0.15001 -0.59537
2.73024 0.15001 -0.0804269
2.78829 0.15001 0.55926
2.75949 0.15001 1.13715
2.63804 0.15001 1.73574
2.75262 0.15001 2.31451
2.64424 0.15001 2.73133
2.64947 0.15001 -2.50921
2.6227 0.15001 -1.68715
2.63346 0.15001 -0.937112
2.639 0.15001 -0.534327
2.51203 0.15001 -0.109473
2.60311 0.15001 0.502978
2.63028 0.15001 0.949589
2.48779 0.15001 1.57671
2.41119 0.15001 2.03299
2.42854 0.15001 2.46963
2.59969 0.15001 -2.22392
2.44759 0.15001 -1.38869
2.27353 0.15001 -0.765359
2.22836 0.15001 -0.47985
2.20809 0.15001 -0.16384
2.26986 0.15001 0.258684
2.3664 0.15001 0.533984
2.33181 0.15001 1.18965
2.26474 0.15001 1.70375
2.33892 0.15001 2.24689
2.43488 0.15001 -1.88017
2.13331 0.15001 -1.23904
2.1231 0.15001 -0.64431
1.55797 0.374279 0.0136747
1.61977 0.257936 0.294301
1.77674 0.15001 0.339721
1.62164 0.15001 0.493717
2.08757 0.15001 0.898699
2.04965 0.15001 1.53703
2.18845 0.15001 1.90381
2.14566 0.15001 -1.59405
1.77507 0.15001 -0.566065
1.60746 0.374122 -0.152145
1.33561 0.37655 0.0525498
1.57222 0.41477 0.228135
1.50878 0.392516 0.385456
1.49957 0.283996 0.620069
1.94829 0.15001 0.750618
1.90666 0.15001 1.37581
1.82909 0.15001 1.88047
1.97737 0.15001 -1.45704
1.49025 0.347773 -0.406724
1.48456 0.502996 -0.133804
1.45291 0.506387 0.0464052
1.95904 0.15001 0.101261
1.96351 0.15001 0.414448
1.81578 0.15001 0.582525
1.75243 0.15001 0.795783
1.80715 0.15001 1.19082
1.64787 0.15001 1.7173
-3 0 -3
-3 0 3
-3 1 -3
-3 1 3
-3 2 -3
-3 2 3
-3 3 -3
-3 3 3
-3 4 -3
-3 4 3
-3 5 -3
-3 5 3
-3 6 -3
-3 6 3
-2 0 -3
-2 0 3
-2 1 -3
-2 1 3
-2 2 -3
-2 2 3
-2 3 -3
-2 3 3
-2 4 -3
-2 4 3
-2 5 -3
-2 5 3
-2 6 -3
-2 6 3
-1 0 -3
-1 0 3
-1 1 -3
-1 1 3
-1 2 -3
-1 2 3
-1 3 -3
-1 3 3
-1 4 -3
-1 4 3
-1 5 -3
-1 5 3
-1 6 -3
-1 6 3
0 0 -3
0 0 3
0 1 -3
0 1 3
0 2 -3
0 2 3
0 3 -3
0 3 3
0 4 -3
0 4 3
0 5 -3
0 5 3
0 6 -3
0 6 3
1 0 -3
1 0 3
1 1 -3
1 1 3
1 2 -3
1 2 3
1 3 -3
1 3 3
1 4 -3
1 4 3
1 5 -3
1 5 3
1 6 -3
1 6 3
2 0 -3
2 0 3
2 1 -3
2 1 3
2 2 -3
2 2 3
2 3 -3
2 3 3
2 4 -3
2 4 3
2 5 -3
2 5 3
2 6 -3
2 6 3
-3 0 -3
-3 7 -3
-3 0 -2
-3 7 -2
-3 0 -1
-3 7 -1
-3 0 0
-3 7 0
-3 0 1
-3 7 1
-3 0 2
-3 7 2
-2 0 -3
-2 7 -3
-2 0 -2
-2 7 -2
-2 0 -1
-2 7 -1
-2 0 0
-2 7 0
-2 0 1
-2 7 1
-2 0 2
-2 7 2
-1 0 -3
-1 7 -3
-1 0 -2
-1 7 -2
-1 0 -1
-1 7 -1
-1 0 0
-1 7 0
-1 0 1
-1 7 1
-1 0 2
-1 7 2
0 0 -3
0 7 -3
0 0 -2
0 7 -2
0 0 -1
0 7 -1
0 0 0
0 7 0
0 0 1
0 7 1
0 0 2
0 7 2
1 0 -3
1 7 -3
1 0 -2
1 7 -2
1 0 -1
1 7 -1
1 0 0
1 7 0
1 0 1
1 7 1
1 0 2
1 7 2
2 0 -3
2 7 -3
2 0 -2
2 7 -2
2 0 -1
2 7 -1
2 0 0
2 7 0
2 0 1
2 7 1
2 0 2
2 7 2
-3 0 -3
3 0 -3
-3 0 -2
3 0 -2
-3 0 -1
3 0 -1
-3 0 0
3 0 0
-3 0 1
3 0 1
-3 0 2
3 0 2
-3 1 -3
3 1 -3
-3 1 -2
3 1 -2
-3 1 -1
3 1 -1
-3 1 0
3 1 0
-3 1 1
3 1 1
-3 1 2
3 1 2
-3 2 -3
3 2 -3
-3 2 -2
3 2 -2
-3 2 -1
3 2 -1
-3 2 0
3 2 0
-3 2 1
3 2 1
-3 2 2
3 2 2
-3 3 -3
3 3 -3
-3 3 -2
3 3 -2
-3 3 -1
3 3 -1
-3 3 0
3 3 0
-3 3 1
3 3 1
-3 3 2
3 3 2
-3 4 -3
3 4 -3
-3 4 -2
3 4 -2
-3 4 -1
3 4 -1
-3 4 0
3 4 0
-3 4 1
3 4 1
-3 4 2
3 4 2
-3 5 -3
3 5 -3
-3 5 -2
3 5 -2
-3 5 -1
3 5 -1
-3 5 0
3 5 0
-3 5 1
3 5 1
-3 5 2
3 5 2
-3 6 -3
3 6 -3
-3 6 -2
3 6 -2
-3 6 -1
3 6 -1
-3 6 0
3 6 0
-3 6 1
3 6 1
-3 6 2
3 6 2
