1000 0.1
1.86096 0.15001 0.00488444
-2.67902 0.15001 0.943849
-2.49927 0.15001 -2.3076
-2.33047 0.15001 -2.4128
-2.84524 0.15001 -0.548343
2.84999 0.15001 1.31078
1.4671 0.15001 2.01311
-1.56932 0.15001 1.65675
-1.48924 0.15001 -0.728392
-0.729016 0.15001 0.0172215
-2.67687 0.15001 2.31215
0.640962 0.15001 2.84999
-0.292049 0.15001 1.42563
2.84999 0.15001 0.562843
-0.759235 0.15001 1.67009
-0.206845 0.15001 -1.96717
-0.262993 0.15001 -1.09597
0.226457 0.15001 -1.2595
-0.942762 0.15001 0.514627
-0.123079 0.15001 1.33277
-2.1385 0.15001 -1.92517
-2.84395 0.15001 -2.09621
-0.73463 0.15001 -0.829485
-1.76204 0.15001 -2.50885
-1.32322 0.15001 -2.14798
2.5214 0.15001 0.564557
-2.66588 0.15001 -1.81067
-0.437355 0.15001 -2.67451
-2.50497 0.15001 0.446882
-1.69078 0.15001 1.44532
-2.11091 0.15001 -0.946013
0.214372 0.15001 -0.405318
-1.9153 0.15001 -0.388816
-1.98181 0.15001 -1.47638
0.662935 0.15001 -2.84959
-2.30917 0.15001 -0.949339
0.551767 0.15001 -0.973773
-1.48975 0.15001 -1.28168
-1.14916 0.15001 0.981186
-2.84981 0.15001 0.0323351
-0.132191 0.15001 -2.49569
-1.69469 0.15001 -0.729547
-0.415519 0.15001 -0.976622
0.765996 0.15001 -2.32973
0.0117368 0.15001 -1.61226
-0.723778 0.15001 -2.13265
0.342841 0.15001 2.67992
-0.152245 0.15001 2.84999
-1.18817 0.15001 -0.537052
-2.66855 0.15001 1.92189
-1.53634 0.15001 -1.82516
-2.47206 0.15001 -1.51535
-1.08877 0.15001 0.643966
-1.40494 0.15001 -1.09656
-0.985316 0.15001 2.84999
-1.81594 0.15001 2.17029
-2.66525 0.15001 1.72835
-2.84999 0.15001 2.40439
-2.30451 0.15001 1.35703
0.897573 0.15001 1.53328
-0.511505 0.15001 -1.14901
1.45328 0.15001 -2.49435
-1.32737 0.15001 -0.906229
-0.939344 0.15001 -0.8538
-0.666251 0.15001 1.01707
-1.24235 0.15001 0.233811
0.0524599 0.15001 -0.701922
-1.68089 0.15001 0.528136
-2.67523 0.15001 2.11743
-2.84999 0.15001 0.8432
-2.67654 0.15001 -2.5994
-2.84999 0.15001 -1.51409
-2.67991 0.15001 -0.0623564
1.04672 0.15001 0.845778
2.84999 0.15001 0.190136
-2.66281 0.15001 1.33667
-2.84999 0.15001 1.43494
-2.84999 0.15001 0.227027
-1.48549 0.15001 1.47877
-0.728406 0.15001 2.01459
-2.67313 0.15001 -2.20249
-2.1889 0.15001 -2.84999
-1.2075 0.15001 -1.08158
-2.50541 0.15001 -0.348914
-0.585627 0.15001 2.51887
-2.84999 0.15001 2.59474
-2.15895 0.15001 0.875126
-2.84999 0.15001 2.01612
-2.33998 0.15001 2.12955
-0.613461 0.15001 2.18105
-0.0682419 0.15001 -1.43346
-2.67967 0.15001 -0.839837
-2.49802 0.15001 -2.51056
-1.09151 0.15001 -1.25772
-2.50403 0.15001 0.0486091
-1.93481 0.15001 -0.0336312
-1.76276 0.15001 1.2599
-2.30805 0.15001 1.13616
0.437023 0.15001 2.84999
-2.31145 0.15001 1.74553
-1.23915 0.15001 -2.32472
-0.134662 0.15001 1.97514
-2.29981 0.15001 -1.63064
2.67846 0.15001 1.97757
1.53605 0.15001 1.30978
-0.964117 0.15001 1.68205
1.82663 0.15001 -1.8747
-0.537611 0.15001 -2.49968
1.69584 0.15001 -0.276538
2.35412 0.15001 -1.01879
2.36958 0.15001 -2.76755
0.0380486 0.15001 -0.898202
-1.60278 0.15001 -1.10644
-0.11874 0.15001 -0.211442
0.376999 0.15001 -1.088
-2.67564 0.15001 -0.645445
-0.334652 0.15001 -2.4965
-2.66989 0.15001 -2.40301
-0.357374 0.15001 2.84999
-2.67818 0.15001 -0.255491
-1.66097 0.15001 -2.67859
2.19093 0.15001 1.12409
0.385206 0.15001 -1.96852
-1.70865 0.15001 -0.375128
-2.04425 0.15001 0.134165
-0.0483295 0.15001 2.6729
-1.66437 0.15001 -1.98956
0.549278 0.15001 -0.396328
-0.124093 0.15001 0.75578
0.718843 0.15001 0.657114
-2.30016 0.15001 -1.30691
-0.159708 0.15001 -1.25897
0.557488 0.15001 -1.16386
-2.3194 0.15001 -2.0185
-2.84999 0.15001 -2.66497
-0.645248 0.15001 -2.67865
0.723962 0.15001 -1.26852
-1.7334 0.15001 0.897303
-1.53756 0.15001 0.925287
-2.84999 0.15001 1.62933
-1.14041 0.15001 -1.78928
-0.613516 0.15001 -1.95481
-0.782543 0.15001 -1.40556
-2.68101 0.15001 -1.03243
-0.630457 0.15001 0.389322
1.3684 0.15001 0.279302
-1.57084 0.15001 1.28477
-1.26885 0.15001 1.8423
-2.84999 0.15001 2.21041
-1.76394 0.15001 0.346006
0.209725 0.15001 -0.811903
-2.3386 0.15001 -2.62285
0.0470649 0.15001 -0.115981
0.711753 0.15001 -0.105397
1.36852 0.15001 -0.470543
1.6681 0.15001 2.5132
-0.468167 0.15001 2.68002
-2.0126 0.15001 2.84999
-2.68214 0.15001 0.132918
-1.94998 0.15001 1.60143
-0.847044 0.15001 -1.59988
-2.84999 0.15001 -2.47756
-1.55694 0.15001 -2.84999
-1.9656 0.15001 -1.82568
-0.432954 0.15001 -0.632893
-0.818932 0.15001 -1.01004
-2.3242 0.15001 0.537234
-1.65685 0.15001 -2.32247
-0.815407 0.15001 0.366502
-2.84999 0.15001 2.84851
-0.843848 0.15001 -2.67837
1.36712 0.15001 -0.282598
-2.14 0.15001 1.25383
-1.39093 0.15001 -0.552532
-2.69967 0.15001 2.69944
-2.09074 0.15001 1.88215
-2.11588 0.15001 -0.401087
-2.51244 0.15001 2.64316
-0.660548 0.15001 1.49727
-1.61597 0.15001 2.52201
-1.35309 0.15001 -2.84999
-0.126261 0.15001 -0.0224097
-2.84999 0.15001 -0.739732
-1.2716 0.15001 -0.713825
0.16242 0.15001 -1.06299
0.717163 0.15001 -0.679688
-1.65768 0.15001 -1.64587
-2.30852 0.15001 1.9339
-2.6797 0.15001 0.745027
-1.8139 0.15001 2.84999
-1.28434 0.15001 0.601369
0.313444 0.15001 -1.44618
-2.84999 0.15001 -0.936477
-2.84999 0.15001 -0.160341
-1.45571 0.15001 -2.30541
0.215083 0.15001 1.14294
-2.66364 0.15001 2.50477
-2.16844 0.15001 0.663946
-2.31591 0.15001 2.32059
0.227205 0.15001 1.92535
-0.741874 0.15001 -2.50538
-1.9129 0.15001 -0.931548
1.39349 0.15001 1.61378
1.53265 0.15001 0.374562
0.230307 0.15001 1.72845
-0.165201 0.15001 2.51306
-0.456873 0.15001 -1.44495
2.35564 0.15001 1.03191
1.37089 0.15001 0.655017
2.34119 0.15001 1.79014
1.70127 0.15001 -1.21435
-1.14723 0.15001 -2.84999
-1.13312 0.15001 -0.888441
-0.390295 0.15001 -1.62324
-1.03539 0.15001 -2.32316
-0.363881 0.15001 -1.26713
-0.944369 0.15001 -2.84999
-1.71553 0.15001 -0.927607
-2.67266 0.15001 -2.00673
-2.66709 0.15001 1.53487
-2.84999 0.15001 -1.70901
-2.48725 0.15001 -1.91388
2.18831 0.15001 1.3122
-0.448353 0.15001 1.82978
-2.48156 0.15001 1.83387
-1.97558 0.15001 -2.50587
-2.50728 0.15001 0.645802
-1.51247 0.15001 2.68758
0.405128 0.15001 2.22098
-0.463566 0.15001 1.50784
-1.872 0.15001 -2.67763
-2.67472 0.15001 1.13903
-1.28853 0.15001 -1.27349
0.0462602 0.15001 1.23687
0.880888 0.15001 -0.579627
-2.0024 0.15001 -0.566953
-0.811356 0.15001 2.18412
-2.0948 0.15001 -0.747846
-1.76021 0.15001 1.63441
-2.84999 0.15001 0.430163
-0.818856 0.15001 -1.94283
0.856734 0.15001 -2.84999
-2.67633 0.15001 -0.449546
0.564357 0.15001 1.53635
1.20717 0.15001 0.560429
-0.98706 0.15001 -0.516827
2.02253 0.15001 1.40555
2.35645 0.15001 0.471673
-2.16239 0.15001 0.292096
-1.61091 0.15001 2.84999
-2.51433 0.15001 -2.70636
-0.614702 0.15001 -0.987404
-1.04192 0.15001 -2.67643
1.55909 0.15001 -2.319
0.49127 0.15001 -1.79686
-0.299943 0.15001 1.23374
-1.32053 0.15001 2.35515
-2.34013 0.15001 0.944578
-0.303273 0.15001 0.847876
-2.59419 0.15001 2.84999
-1.53218 0.15001 0.0061293
0.0455955 0.15001 -0.311183
-1.97815 0.15001 0.689519
-0.289783 0.15001 -0.28118
-2.49948 0.15001 2.23638
-2.33464 0.15001 -0.0510976
-2.00599 0.15001 2.16932
-1.92046 0.15001 2.67804
-1.71884 0.15001 2.68499
0.149459 0.15001 2.6799
1.05668 0.15001 -2.84999
2.35378 0.15001 1.21969
-2.17375 0.15001 -2.52032
0.881286 0.15001 -1.79781
1.20284 0.15001 -0.191881
-2.33938 0.15001 0.751878
0.887209 0.15001 1.13844
-1.42738 0.15001 2.18929
0.045837 0.15001 2.84999
-0.486991 0.15001 0.933977
-0.539961 0.15001 -2.84999
-1.45674 0.15001 -2.67016
-1.87063 0.15001 -1.64759
1.45798 0.15001 2.48415
-2.507 0.15001 -0.750638
-1.84505 0.15001 0.162773
0.715526 0.15001 -0.487815
-1.89162 0.15001 -1.292
-2.10225 0.15001 1.4637
1.83018 0.15001 1.87975
-2.65059 0.15001 -2.84999
0.401562 0.15001 -1.61954
-1.06999 0.15001 1.1619
1.17433 0.15001 -1.96606
0.267343 0.15001 -2.5048
-0.138436 0.15001 -0.404598
-1.13502 0.15001 -0.0258135
-2.0665 0.15001 1.06327
-1.41451 0.15001 2.52408
-1.6551 0.15001 1.09804
-0.746444 0.15001 -2.84999
2.67904 0.15001 2.1702
-2.49364 0.15001 -2.10898
2.68561 0.15001 0.844074
-2.03313 0.15001 -0.216653
-0.171101 0.15001 2.16945
1.86065 0.15001 -0.181529
0.412547 0.15001 2.41814
2.6831 0.15001 1.40627
1.6963 0.15001 0.0963644
0.834274 0.15001 2.84999
-0.833364 0.15001 -2.31815
-0.188466 0.15001 -1.6158
-2.18482 0.15001 -1.47311
-2.84999 0.15001 -2.84999
-1.22812 0.15001 -0.191345
1.85958 0.15001 -1.30732
-1.06166 0.15001 0.147383
-1.89199 0.15001 1.41373
-1.59758 0.15001 0.731775
-0.939908 0.15001 -2.50461
-0.703845 0.15001 -1.1645
2.18861 0.15001 -0.553093
-2.34432 0.15001 0.344921
-0.68629 0.15001 -0.318968
-1.36937 0.15001 1.66711
-1.07487 0.15001 1.50812
-1.68275 0.15001 1.82084
0.382787 0.15001 -0.888975
-0.876042 0.15001 1.51367
-2.32199 0.15001 -0.425551
-0.0347826 0.15001 -1.07866
1.2131 0.15001 -1.14517
1.44088 0.15001 1.80543
-2.16365 0.15001 2.06654
-1.90307 0.15001 1.79122
1.15872 0.15001 -2.6761
-2.4832 0.15001 1.44393
-0.0095672 0.15001 -1.96628
-0.956247 0.15001 1.00745
-2.84973 0.15001 -1.12852
-0.23494 0.15001 -2.67192
1.53649 0.15001 -0.935177
1.97211 0.15001 2.35462
2.02678 0.15001 0.471117
1.99761 0.15001 1.97546
1.69649 0.15001 0.282897
0.219651 0.15001 0.370473
-0.975926 0.15001 1.33679
0.920982 0.15001 1.92193
-2.48178 0.15001 -1.71564
2.19051 0.15001 0.0054329
0.0792408 0.15001 -2.14298
0.0349084 0.15001 -1.25674
-1.02738 0.15001 -1.96007
2.15923 0.15001 2.68544
-1.6202 0.15001 2.1843
1.03364 0.15001 2.84999
-0.678811 0.15001 2.68659
2.02621 0.15001 1.21641
1.25737 0.15001 -2.4986
-1.80192 0.15001 -1.10806
1.20655 0.15001 -0.570158
1.22445 0.15001 1.52611
-1.73329 0.15001 -0.0112413
-1.22818 0.15001 -1.97134
0.0476472 0.15001 0.8543
-2.48133 0.15001 1.24386
2.84999 0.15001 2.46077
0.218504 0.15001 2.31739
1.068 0.15001 -2.14784
2.18977 0.15001 -0.180912
-0.135328 0.15001 -2.84999
-0.318353 0.15001 -2.14457
-1.56036 0.15001 -2.49481
-2.50722 0.15001 0.244309
0.757465 0.15001 2.41241
-2.84999 0.15001 1.23896
-0.567342 0.15001 2.84999
0.0546461 0.15001 0.466427
-0.0273214 0.15001 -2.3202
0.213754 0.15001 -0.600466
1.63705 0.15001 -2.84999
-1.47545 0.15001 1.83479
-0.901525 0.15001 2.35115
-2.02179 0.15001 2.50441
-1.87942 0.15001 0.50969
-1.17482 0.15001 -1.43895
-1.26512 0.15001 1.13819
-2.84999 0.15001 1.82238
-2.1985 0.15001 -0.581127
0.413517 0.15001 -1.28409
-1.0014 0.15001 0.33045
0.214458 0.15001 -0.0163185
1.07682 0.15001 -1.79214
2.19136 0.15001 0.378314
-1.94386 0.15001 0.89088
1.03954 0.15001 0.0882417
-1.40187 0.15001 2.84999
2.0284 0.15001 1.02897
0.188309 0.15001 -1.96674
2.54599 0.15001 2.67787
0.389171 0.15001 0.660752
0.761367 0.15001 2.21376
1.5338 0.15001 0.561583
0.402414 0.15001 2.02654
-0.999581 0.15001 2.51805
-1.07076 0.15001 -0.695487
-0.329675 0.15001 2.00586
1.84599 0.15001 1.69459
1.57626 0.15001 -1.95577
-1.77357 0.15001 -1.47151
-2.49743 0.15001 -1.31684
-1.80319 0.15001 -0.555889
-1.25129 0.15001 -2.67346
-1.76069 0.15001 -1.81697
2.19006 0.15001 -1.11421
0.12516 0.15001 -1.43254
-0.105796 0.15001 1.72018
0.0528014 0.15001 2.50145
-2.48835 0.15001 -0.551505
-1.76823 0.15001 -2.84999
0.0684853 0.15001 -2.49907
-0.481557 0.15001 -0.290523
-0.157292 0.15001 -0.932548
0.940122 0.15001 2.11273
0.585804 0.15001 2.5046
-1.36181 0.15001 0.39855
-1.8273 0.15001 -0.203016
0.550402 0.15001 0.370796
-2.09454 0.15001 -1.29579
-1.76582 0.15001 -2.16223
0.468682 0.15001 -2.84999
0.277508 0.15001 -2.14506
-2.84999 0.15001 -2.28476
2.18884 0.15001 -0.367083
2.84999 0.15001 -1.87405
0.861709 0.15001 -2.5048
-1.22979 0.15001 2.18781
0.887314 0.15001 -1.16443
-1.97005 0.15001 -2.17948
1.20564 0.15001 0.37184
1.82516 0.15001 2.07117
2.35683 0.15001 0.844856
0.881238 0.15001 0.560224
0.578071 0.15001 1.93158
2.68621 0.15001 2.5554
0.400547 0.15001 1.63616
1.28958 0.15001 2.10971
0.216986 0.15001 1.33624
1.80153 0.15001 -2.27506
2.52071 0.15001 0.191158
2.02628 0.15001 -0.833559
1.86378 0.15001 -1.11708
-1.62696 0.15001 -0.187994
-0.806475 0.15001 0.881174
-1.20824 0.15001 2.52024
2.67965 0.15001 1.78633
1.06695 0.15001 1.62827
-0.371278 0.15001 2.50892
1.37401 0.15001 -1.96185
-1.30346 0.15001 -0.376814
0.0986584 0.15001 -1.78962
-0.429777 0.15001 -2.3195
-1.14505 0.15001 -2.50092
-1.57038 0.15001 -1.46573
-0.779431 0.15001 2.84999
-1.81804 0.15001 2.51542
-0.47783 0.15001 1.31798
0.21862 0.15001 0.949692
1.53485 0.15001 -0.747377
-0.227909 0.15001 -0.58238
-1.86276 0.15001 -2.34158
-0.271092 0.15001 2.34007
2.35119 0.15001 1.40851
-0.129927 0.15001 -0.745774
0.386775 0.15001 0.468766
-1.51973 0.15001 2.3547
2.26221 0.15001 2.84946
1.229 0.15001 2.84999
0.976824 0.15001 -1.97198
0.0512028 0.15001 0.269403
-0.506954 0.15001 -1.78441
-1.42746 0.15001 -0.173024
-1.46921 0.15001 -2.01629
-1.59685 0.15001 -0.550986
-1.4822 0.15001 0.563213
-1.71665 0.15001 2.00603
-2.21092 0.15001 2.84999
-1.09447 0.15001 2.68535
0.713278 0.15001 -0.296376
-1.01064 0.15001 -1.0559
0.55592 0.15001 0.948634
-0.29576 0.15001 0.654884
1.06761 0.15001 -1.44843
-0.887859 0.15001 2.68686
-0.979881 0.15001 -1.42692
-1.95984 0.15001 0.325597
-2.47161 0.15001 2.44196
-1.05379 0.15001 1.84929
1.86145 0.15001 0.377443
0.90437 0.15001 1.72721
0.0571073 0.15001 1.62299
2.67841 0.15001 2.36514
2.5118 0.15001 2.27112
2.49485 0.15001 -2.27602
-1.16868 0.15001 1.67766
-1.45961 0.15001 1.11692
1.53197 0.15001 0.18756
-0.702089 0.15001 2.35115
-0.631429 0.15001 -2.31942
-2.08077 0.15001 -2.68696
-0.316783 0.15001 -0.799121
-2.00242 0.15001 -1.11528
-2.38661 0.15001 -2.84999
-0.520984 0.15001 -2.13834
-1.9742 0.15001 -2.84999
-2.49963 0.15001 2.02973
2.19261 0.15001 0.937152
0.713417 0.15001 0.275039
1.37343 0.15001 -1.03824
2.19041 0.15001 -0.926267
-1.68966 0.15001 -1.28731
1.35966 0.15001 -2.31874
2.52091 0.15001 0.377877
-0.646884 0.15001 1.8396
-2.4204 0.15001 -1.12994
-1.84807 0.15001 1.06401
-0.66258 0.15001 0.19924
-0.748347 0.15001 0.546885
-2.13784 0.15001 -0.04408
-2.68003 0.15001 0.335943
-0.228258 0.15001 -2.32167
2.50067 0.15001 -2.46443
-2.24686 0.15001 -0.233803
-0.716167 0.15001 -1.76466
-2.20926 0.15001 -1.12496
0.87532 0.15001 -0.00796419
2.35714 0.15001 0.658223
1.04337 0.15001 0.465302
-0.0996253 0.15001 -1.79022
1.3732 0.15001 1.22155
2.33802 0.15001 1.98021
1.6973 0.15001 0.469332
1.65743 0.15001 1.96027
0.226697 0.15001 1.53225
0.711621 0.15001 0.084888
2.34241 0.15001 2.3573
0.742509 0.15001 1.83069
-0.11046 0.15001 0.564766
-0.626421 0.15001 -1.57317
2.51511 0.15001 1.50362
2.06114 0.15001 2.84999
0.789533 0.15001 -1.62008
1.86188 0.15001 -0.741395
1.17397 0.15001 -1.61453
2.84999 0.15001 2.07301
1.20436 0.15001 -0.380555
2.15709 0.15001 2.27839
0.04445 0.15001 1.04567
0.066882 0.15001 -2.84999
0.367728 0.15001 -2.32547
0.295218 0.15001 -1.78987
-0.300889 0.15001 -1.79506
1.16261 0.15001 -2.32312
2.68258 0.15001 -1.39572
-1.33509 0.15001 -1.80531
-1.19137 0.15001 2.84999
1.70085 0.15001 1.02737
-2.28862 0.15001 1.55867
1.64818 0.15001 -2.49403
1.82659 0.15001 -2.84999
1.03893 0.15001 -0.100296
-2.66846 0.15001 -1.42028
-0.933445 0.15001 -0.00388484
1.53292 0.15001 -0.559867
-2.84999 0.15001 -1.31874
-0.523041 0.15001 -0.809877
1.37851 0.15001 -1.23002
-1.3728 0.15001 -1.45299
0.366417 0.15001 -2.67895
1.04816 0.15001 -1.05778
0.54782 0.15001 -0.20398
1.05006 0.15001 1.23298
2.02478 0.15001 -0.646752
0.878738 0.15001 0.370312
-1.56666 0.15001 0.365541
-2.66 0.15001 -1.61489
-2.11828 0.15001 2.32577
-1.78672 0.15001 0.701298
1.26356 0.15001 -2.1422
-0.858699 0.15001 -0.672347
-0.302287 0.15001 0.071477
-1.06057 0.15001 -1.60847
0.562528 0.15001 -2.68
-1.10665 0.15001 -0.359434
-1.02543 0.15001 0.829975
-1.3297 0.15001 2.02314
2.52143 0.15001 0.751329
2.19217 0.15001 0.564659
0.93504 0.15001 2.68759
0.17081 0.15001 -2.32281
-2.11707 0.15001 2.67152
-1.30208 0.15001 2.68669
-2.32156 0.15001 0.153231
2.84999 0.15001 -1.10925
-1.35557 0.15001 -2.49118
1.96132 0.15001 2.68559
-1.52064 0.15001 -0.924651
-2.22 0.15001 2.49743
-0.892768 0.15001 -1.22788
-2.15412 0.15001 -2.1194
-1.89641 0.15001 -0.732239
-0.494983 0.15001 2.35008
-1.92732 0.15001 1.99146
-2.50736 0.15001 -0.946439
1.37435 0.15001 1.41407
1.86395 0.15001 0.749112
2.51898 0.15001 -0.924055
1.04564 0.15001 -0.863153
0.691951 0.15001 -1.45641
-2.32334 0.15001 -2.21399
2.35082 0.15001 -1.39874
-0.645591 0.15001 1.21311
-2.3086 0.15001 -0.748003
-2.31599 0.15001 2.66788
-2.51018 0.15001 0.848119
0.387441 0.15001 1.04655
0.716229 0.15001 0.465725
-0.12595 0.15001 1.14282
0.382548 0.15001 -0.498574
-1.45705 0.15001 -1.64081
1.20974 0.15001 0.940003
-0.946569 0.15001 -1.77727
-0.119717 0.15001 -2.14474
2.02418 0.15001 -0.460352
-2.08922 0.15001 -1.66468
0.729764 0.15001 1.43819
0.560721 0.15001 1.33772
1.86416 0.15001 1.12141
0.755386 0.15001 2.02381
-0.546927 0.15001 0.566793
1.53736 0.15001 1.49792
0.0475704 0.15001 1.42957
0.556748 0.15001 1.14265
-1.87363 0.15001 -1.99697
1.04128 0.15001 0.276572
2.18406 0.15001 1.50188
1.28326 0.15001 2.30842
1.60573 0.15001 2.33457
1.85543 0.15001 -1.49331
2.35304 0.15001 -1.20755
0.269896 0.15001 -2.84999
1.11608 0.15001 2.20778
1.69744 0.15001 -0.649983
-1.4454 0.15001 0.201139
-0.410481 0.15001 -1.96504
1.11245 0.15001 2.01479
-1.17179 0.15001 1.32919
0.242417 0.15001 2.84999
-0.603099 0.15001 -1.32582
1.66146 0.15001 -1.76959
0.207684 0.15001 -1.61161
0.721709 0.15001 -1.06846
1.69937 0.15001 -0.837242
1.95049 0.15001 -2.65731
-0.646079 0.15001 -0.653404
-1.21664 0.15001 0.798139
-1.52034 0.15001 2.02141
-0.792453 0.15001 2.52146
2.16377 0.15001 -2.07575
0.672824 0.15001 -2.1533
0.965238 0.15001 -2.32847
1.22636 0.15001 -1.34215
-2.13276 0.15001 -2.32233
1.37198 0.15001 -0.848192
-1.37137 0.15001 1.31088
-1.32543 0.15001 0.0321313
1.20412 0.15001 0.183809
-2.50654 0.15001 -0.153805
0.474715 0.15001 -2.14893
0.554882 0.15001 0.754856
0.550865 0.15001 -0.781321
-0.892985 0.15001 -0.340662
0.550085 0.15001 -0.588994
1.53135 0.15001 -0.185939
0.229243 0.15001 2.12375
0.381639 0.15001 -0.110701
-0.926785 0.15001 2.01863
-2.50423 0.15001 1.04377
1.74936 0.15001 -2.66887
0.565628 0.15001 -2.32857
2.84999 0.15001 -2.44753
0.382671 0.15001 -0.30423
1.37038 0.15001 -0.659135
0.504197 0.15001 -1.45228
2.68576 0.15001 0.283682
2.01646 0.15001 1.59702
-0.844514 0.15001 1.84513
2.46106 0.15001 2.84999
1.04505 0.15001 0.654983
2.51971 0.15001 -0.181509
-0.443299 0.15001 0.397987
2.50009 0.15001 2.47784
-0.673831 0.15001 0.732832
-1.01827 0.15001 -0.181518
1.86356 0.15001 -0.928808
2.35316 0.15001 2.6793
0.569184 0.15001 1.73663
-0.380881 0.15001 -0.115571
-1.25567 0.15001 -1.61546
-2.67532 0.15001 -1.22379
1.36696 0.15001 -0.0952877
1.45762 0.15001 -2.14159
1.05525 0.15001 -1.25457
1.86182 0.15001 1.30952
-2.40512 0.15001 2.84999
2.50683 0.15001 2.0779
1.05821 0.15001 1.43338
2.35413 0.15001 -0.274219
-2.84999 0.15001 -1.90594
1.99239 0.15001 -2.16687
2.17653 0.15001 -1.68792
2.16975 0.15001 -1.88236
-0.466139 0.15001 0.207725
0.745537 0.15001 2.65635
2.25028 0.15001 2.51785
-2.30781 0.15001 -1.82668
2.17261 0.15001 1.88549
0.87643 0.15001 0.181133
0.215403 0.15001 -0.210341
1.20806 0.15001 -0.760527
-0.124708 0.15001 0.169307
1.98119 0.15001 -2.3591
0.582231 0.15001 -1.97498
-0.305597 0.15001 1.63075
-1.13306 0.15001 2.02104
-0.861589 0.15001 0.181911
2.68592 0.15001 0.470225
1.1041 0.15001 2.40476
2.84999 0.15001 -1.48949
1.08243 0.15001 1.82278
-1.91831 0.15001 2.34323
1.69838 0.15001 1.40207
2.5179 0.15001 1.31395
2.84999 0.15001 1.12356
2.84999 0.15001 1.49972
2.68409 0.15001 1.21855
0.388016 0.15001 1.24071
0.0578059 0.15001 1.82114
2.69288 0.15001 -2.7382
2.84999 0.15001 -2.06559
1.3671 0.15001 -1.61975
2.68533 0.15001 -0.0887709
0.222039 0.15001 0.565752
2.35422 0.15001 -0.831591
2.02168 0.15001 -1.39966
2.84999 0.15001 1.88077
-0.0700705 0.15001 2.34773
2.84999 0.15001 0.936353
2.84999 0.15001 -1.68193
-1.12245 0.15001 -2.14353
2.33422 0.15001 -1.98284
1.36756 0.15001 0.0918695
2.67487 0.15001 -2.16847
2.35503 0.15001 -0.0881382
1.53512 0.15001 0.748452
2.6837 0.15001 -1.20502
-1.95007 0.15001 1.22752
-0.809794 0.15001 -0.161624
1.64965 0.15001 -2.1449
2.18344 0.15001 -1.49523
-0.0332061 0.15001 -2.67335
0.870923 0.15001 -2.1528
-2.84999 0.15001 -0.35677
1.84062 0.15001 -2.48908
0.93494 0.15001 2.30561
-0.78292 0.15001 1.34736
-1.16238 0.15001 0.442703
1.85875 0.15001 2.84999
0.686862 0.15001 -1.79946
1.82504 0.15001 -2.06932
2.0024 0.15001 -1.78152
1.44598 0.15001 -2.84999
0.980093 0.15001 -1.62062
-1.01297 0.15001 2.18779
1.04015 0.15001 -0.28962
1.69863 0.15001 0.655538
2.84999 0.15001 2.6572
2.84999 0.15001 2.84999
1.27174 0.15001 -1.79052
2.84999 0.15001 -2.25677
0.661696 0.15001 -2.50427
-0.366367 0.15001 -0.450766
0.717824 0.15001 -0.873509
0.77939 0.15001 -1.97595
1.45432 0.15001 2.21187
0.881657 0.15001 -0.772177
0.734049 0.15001 1.63377
-1.71978 0.15001 2.35036
0.0536786 0.15001 2.01416
-0.127397 0.15001 0.947411
0.552892 0.15001 0.563089
2.50867 0.15001 1.88546
2.84999 0.15001 -0.736711
-2.47827 0.15001 1.64039
2.51132 0.15001 1.69428
1.63915 0.15001 1.77305
2.00926 0.15001 1.78832
0.389649 0.15001 0.852723
-0.607596 0.15001 -0.142476
-0.769484 0.15001 -0.496699
-0.262295 0.15001 -1.43535
0.0391309 0.15001 -0.505529
-0.839088 0.15001 1.16007
1.86101 0.15001 0.191248
-1.64806 0.15001 0.18204
0.578121 0.15001 2.1235
1.12596 0.15001 2.66331
1.21254 0.15001 1.32538
-2.84999 0.15001 0.636408
2.15795 0.15001 -2.27111
0.247917 0.15001 2.51261
-0.286275 0.15001 0.273289
1.3696 0.15001 0.467005
-1.34094 0.15001 0.953433
2.02613 0.15001 0.285019
2.84999 0.15001 1.68974
0.382041 0.15001 0.081767
-0.258829 0.15001 1.82601
1.06094 0.15001 -2.50281
2.32281 0.15001 -2.37664
2.68134 0.15001 -1.58839
1.25283 0.15001 -2.84999
2.33203 0.15001 -2.5699
1.4438 0.15001 2.84999
1.86487 0.15001 0.934868
2.51951 0.15001 1.1261
2.17828 0.15001 1.69406
2.84999 0.15001 0.749506
1.35575 0.15001 -2.67243
2.32804 0.15001 -2.17847
0.222803 0.15001 0.758083
1.70072 0.15001 -1.02504
0.536153 0.15001 2.68598
-1.11397 0.15001 2.35198
0.932626 0.15001 2.50028
2.65444 0.15001 2.84198
2.34668 0.15001 -1.59162
2.68562 0.15001 0.0972751
1.20297 0.15001 -0.00395006
-0.112154 0.15001 0.364585
-0.470079 0.15001 1.12614
1.8625 0.15001 0.56341
0.0538219 0.15001 2.20524
0.883054 0.15001 0.751425
0.401004 0.15001 1.8328
2.50214 0.15001 -2.08075
1.26222 0.15001 2.51099
-2.12807 0.15001 1.68992
0.722217 0.15001 1.04348
2.50672 0.15001 -1.88346
1.5316 0.15001 -0.372693
2.68497 0.15001 -0.27427
2.84999 0.15001 -0.551602
2.02475 0.15001 -0.274021
2.18805 0.15001 -1.30368
-0.558859 0.15001 1.66969
1.34205 0.15001 2.68504
2.52029 0.15001 0.0046122
2.6773 0.15001 -2.54868
0.883634 0.15001 -0.966145
2.68458 0.15001 -0.644532
2.54572 0.15001 -2.84999
2.02581 0.15001 0.0987619
1.69249 0.15001 1.59282
2.19096 0.15001 0.191857
1.99573 0.15001 2.16626
1.2812 0.15001 1.91831
2.35568 0.15001 0.0983058
0.170042 0.15001 -2.67698
1.04459 0.15001 -0.67103
2.51177 0.15001 -1.68808
0.0451256 0.15001 0.0765506
1.69622 0.15001 -0.0901411
1.69606 0.15001 -0.463088
1.86037 0.15001 -0.554493
-0.126085 0.15001 1.52954
-0.297126 0.15001 1.04207
2.84999 0.15001 0.376406
2.0134 0.15001 -1.59081
2.51509 0.15001 -1.49402
-0.87911 0.15001 0.699733
2.68433 0.15001 -1.01647
0.462326 0.15001 -2.50696
2.84999 0.15001 -0.922329
-0.271586 0.15001 0.467189
1.53676 0.15001 1.12196
-0.528204 0.15001 2.00778
2.19292 0.15001 0.750856
2.68485 0.15001 1.03158
-2.84999 0.15001 1.04036
0.89177 0.15001 1.33799
1.7583 0.15001 2.68631
1.86385 0.15001 2.51875
0.393766 0.15001 1.43588
2.01479 0.15001 -2.84999
1.54367 0.15001 2.66622
2.6766 0.15001 -1.97547
-0.404111 0.15001 2.18192
2.51718 0.15001 -1.30171
0.959868 0.15001 -2.67761
0.759316 0.15001 -2.67988
1.55989 0.15001 -1.59733
0.0540478 0.15001 0.663828
-0.922986 0.15001 -2.13366
-2.67877 0.15001 0.537459
-1.28071 0.15001 1.49629
2.1651 0.15001 2.07619
0.876015 0.15001 -0.197791
1.24273 0.15001 1.7235
1.20854 0.15001 0.749736
1.67872 0.15001 -1.43989
2.35345 0.15001 -0.45994
0.216745 0.15001 0.176291
1.86008 0.15001 -0.36793
-0.562943 0.15001 -0.474652
2.18946 0.15001 -0.739267
2.84999 0.15001 2.2667
2.51846 0.15001 -1.11171
2.84999 0.15001 -2.64024
1.55172 0.15001 -2.67056
2.20285 0.15001 -2.84999
0.5962 0.15001 -1.62516
1.83557 0.15001 -1.68062
1.80002 0.15001 2.27188
1.69994 0.15001 1.21407
1.85723 0.15001 1.50044
2.68605 0.15001 0.656991
2.52048 0.15001 0.938415
1.46906 0.15001 -1.78513
0.876664 0.15001 -1.41776
0.380391 0.15001 -0.694361
2.34103 0.15001 -1.78587
0.547864 0.15001 0.178918
0.725627 0.15001 1.23913
2.51904 0.15001 -0.367095
2.84999 0.15001 -0.181435
2.334 0.15001 2.17008
2.84999 0.15001 0.00413945
1.21065 0.15001 1.13137
2.1413 0.15001 -2.46962
-0.336682 0.15001 -2.84999
2.51894 0.15001 -0.737888
1.7001 0.15001 0.841452
2.06152 0.15001 2.52072
2.84999 0.15001 -1.29843
2.0289 0.15001 0.842762
1.53171 0.15001 0.000706864
2.35362 0.15001 -0.645554
2.51874 0.15001 -0.552431
2.84999 0.15001 -2.84999
2.02577 0.15001 -1.20994
-2.08904 0.15001 0.481912
2.15148 0.15001 -2.66343
2.02547 0.15001 -0.0876272
1.53633 0.15001 0.935066
-0.519548 0.15001 0.0265456
-1.40715 0.15001 0.761946
0.546995 0.15001 -0.0124862
1.53834 0.15001 -1.12355
2.68467 0.15001 -0.459399
1.04827 0.15001 1.0382
2.02727 0.15001 -1.02122
-0.472747 0.15001 0.743275
-1.50397 0.15001 -0.36746
1.37296 0.15001 1.03191
1.20929 0.15001 -0.95216
1.64541 0.15001 2.84999
1.37203 0.15001 0.843312
2.51864 0.15001 -2.65329
2.67126 0.15001 -2.35952
2.68455 0.15001 -0.829993
1.04281 0.15001 -0.47984
1.39773 0.15001 -1.43089
0.384131 0.15001 0.274735
1.54385 0.15001 -1.31309
1.644 0.15001 2.14795
2.02796 0.15001 0.656965
2.68143 0.15001 1.59608
2.67944 0.15001 -1.78206
1.99809 0.15001 -1.97415
0.878301 0.15001 -0.388411
2.84999 0.15001 -0.366588
0.72037 0.15001 0.849731
2.35603 0.15001 0.284971
0.884976 0.15001 0.943874
-0.258929 0.15001 2.68098
0.584757 0.15001 2.31353
2.34671 0.15001 1.59872
