1240 0.1
-0.993286 0.15001 -0.994805
-0.989234 0.15001 -0.573732
-0.960773 0.15001 -0.273972
-0.739636 0.15001 -0.0433757
-0.576925 0.15001 0.172269
-0.678235 0.152009 0.338522
-0.619437 0.15001 0.511656
-0.713221 0.15001 0.863706
-0.93296 0.15001 1.26054
-1.07089 0.15001 1.59977
-1.28862 0.15001 -1.29103
-1.23126 0.15001 -0.902325
-1.14644 0.15001 -0.228736
-1.11068 0.15001 0.0138609
-1.11069 0.15001 0.205632
-1.18153 0.15001 0.432595
-1.27792 0.15001 0.684933
-1.30169 0.15001 0.916453
-1.33705 0.15001 1.35563
-1.18828 0.15001 1.9254
-1.15174 0.15001 -1.15588
-1.04956 0.15001 -0.814295
-1.08745 0.168389 -0.411945
-0.961431 0.187574 -0.0910349
-0.927281 0.15001 0.106958
-0.985705 0.15001 0.351912
-1.07632 0.15001 0.698208
-1.13214 0.15001 1.02357
-1.31946 0.15001 1.64079
-1.41953 0.15001 2.02281
-1.06884 0.281828 -1.07633
-0.687216 0.15001 -0.449715
-0.720594 0.15001 -0.225484
-0.567892 0.181555 -0.00804358
-0.489031 0.272318 0.207364
-0.524042 0.155756 0.325237
-0.87177 0.15001 0.521398
-0.976085 0.175549 0.867712
-1.13986 0.15001 1.3695
-0.998779 0.15001 1.82033
-0.869768 0.208067 -0.874635
-0.820541 0.232493 -0.601749
-0.626665 0.223857 -0.323387
-0.65027 0.247926 -0.122703
-0.683493 0.243654 0.0855417
-0.529012 0.249025 0.451448
-0.634116 0.185592 0.68564
-0.976726 0.227223 1.0957
-1.18238 0.288037 1.61702
-1.32224 0.273102 1.92588
-0.947815 0.351085 -0.961579
-0.583206 0.265511 -0.4713
-0.560247 0.309852 -0.222665
-0.607695 0.343277 -0.0163006
-0.595174 0.296175 0.312676
-0.681941 0.304125 0.44468
-0.591702 0.296335 0.579642
-0.788321 0.302757 0.890581
-0.954577 0.213571 1.43842
-1.10467 0.296967 1.83924
-0.633599 0.266578 -0.634932
-0.740537 0.303081 -0.411525
-0.723694 0.327788 -0.239226
-0.767641 0.330581 -0.053959
-0.601864 0.372658 0.159396
-0.538308 0.399161 0.42544
-0.632174 0.374003 0.70781
-0.633584 0.267609 1.01949
-0.770495 0.227393 1.2551
-0.875101 0.254765 1.71817
-0.539577 0.400173 -0.613034
-0.612618 0.410456 -0.411667
-0.606729 0.433875 -0.153994
-0.642796 0.491149 0.00308016
-0.492267 0.411617 0.284885
-0.424319 0.518366 0.426835
-0.567486 0.464163 0.568905
-0.54144 0.365106 0.846286
-0.579739 0.258589 1.21638
-0.892558 0.3513 1.55267
-0.501398 0.527802 -0.512911
-0.480368 0.586444 -0.322134
-0.472247 0.528976 -0.169091
-0.511863 0.511269 0.105897
-0.442057 0.559771 0.26593
-0.49864 0.609796 0.516657
-0.45316 0.57258 0.666658
-0.431637 0.489212 0.823866
-0.575004 0.404978 1.1123
-0.643167 0.3183 1.41207
-0.383194 0.664465 -0.428062
-0.355685 0.654434 -0.232337
-0.374213 0.632989 -0.0529607
-0.381431 0.646391 0.134358
-0.426935 0.708109 0.330924
-0.462318 0.772211 0.494666
-0.496723 0.730663 0.682072
-0.48907 0.642727 0.867931
-0.501931 0.565583 1.06877
-0.566812 0.462417 1.32456
-0.55156 0.15001 -0.982297
-0.298848 0.15001 -0.248815
-0.292666 0.15001 -0.101409
-0.284884 0.15001 0.0591303
-0.263147 0.15001 0.210829
-0.243387 0.15001 0.450232
-0.312585 0.150126 0.590095
-0.215883 0.15001 0.774495
-0.211445 0.15001 0.924943
-0.551251 0.15001 1.55401
-0.905734 0.15001 -1.23537
-0.731766 0.15001 -0.739521
-0.554032 0.151164 -0.184451
-0.446125 0.15001 0.084554
-0.407574 0.15001 0.235184
-0.418584 0.15001 0.432044
-0.472551 0.15001 0.728113
-0.359656 0.15001 0.881672
-0.417678 0.15001 1.04506
-0.585396 0.15001 2.01703
-0.814952 0.15001 -1.05519
-0.544604 0.15001 -0.574501
-0.492926 0.15001 -0.326295
-0.441087 0.15001 -0.0839368
-0.35277 0.256907 0.137309
-0.314316 0.197003 0.339793
-0.464513 0.190018 0.576822
-0.747922 0.15001 1.07853
-0.842881 0.15001 1.57392
-0.864514 0.15001 2.1483
-0.407813 0.15001 -0.686726
-0.362032 0.215852 -0.355507
-0.421398 0.219207 -0.213882
-0.372658 0.241276 -0.00594973
-0.337193 0.321853 0.261656
-0.350015 0.25444 0.485753
-0.358501 0.295819 0.620727
-0.338063 0.206556 0.731623
-0.2893 0.245194 1.01233
-0.475901 0.15001 1.81107
-0.580673 0.232847 -0.816953
-0.449437 0.193551 -0.46748
-0.49351 0.29462 -0.348831
-0.48739 0.290103 -0.0938074
-0.491628 0.302204 0.0640518
-0.437589 0.281872 0.348866
-0.491348 0.285046 0.703171
-0.528295 0.194565 0.879635
-0.696136 0.15001 1.42506
-0.790744 0.196337 1.97349
-0.443838 0.27345 -0.595098
-0.36961 0.365496 -0.369886
-0.427941 0.371069 -0.205464
-0.350581 0.372219 0.0295882
-0.419704 0.402164 0.156742
-0.462333 0.353478 0.547831
-0.323729 0.369164 0.732733
-0.404785 0.294043 0.835623
-0.463987 0.15001 1.31144
-0.602799 0.266684 1.87447
-0.355268 0.3166 -0.716509
-0.469719 0.371956 -0.477531
-0.498048 0.438574 -0.313127
-0.47397 0.428885 -0.0390368
-0.349547 0.450236 0.313788
-0.382166 0.381447 0.4344
-0.45489 0.422141 0.686553
-0.40122 0.349135 0.984698
-0.305148 0.194486 1.16634
-0.506548 0.289651 1.65314
-0.35407 0.415998 -0.579815
-0.386328 0.501497 -0.417188
-0.345989 0.462858 -0.119546
-0.358663 0.513195 0.0481714
-0.308222 0.501594 0.189476
-0.263073 0.474084 0.424542
-0.373436 0.470631 0.570891
-0.310433 0.414384 0.86862
-0.394573 0.346656 1.16647
-0.406408 0.291967 1.46665
-0.283372 0.574721 -0.524272
-0.261988 0.572811 -0.33336
-0.247716 0.54971 -0.0476238
-0.234129 0.604124 0.117193
-0.240757 0.563246 0.305789
-0.305261 0.585572 0.518755
-0.311886 0.515415 0.706596
-0.249781 0.549354 0.845631
-0.289564 0.461667 1.06551
-0.38332 0.404788 1.34127
-0.207919 0.703258 -0.399962
-0.19451 0.679535 -0.188732
-0.165305 0.660743 -0.00733405
-0.217708 0.758709 0.108081
-0.224296 0.704938 0.275593
-0.27938 0.734653 0.477841
-0.313333 0.669409 0.660052
-0.30335 0.704277 0.868993
-0.299763 0.633806 1.07202
-0.315786 0.559043 1.28125
-0.243805 0.15001 -0.936787
-0.0868049 0.151053 -0.259678
-0.120012 0.15001 -0.105321
-0.125786 0.15001 0.0433067
-0.114441 0.15001 0.191592
-0.150021 0.15001 0.334317
-0.0917961 0.15001 0.497192
-0.16933 0.15001 0.633267
-0.0811359 0.153659 0.850241
-0.163629 0.15001 1.06967
-0.203424 0.15001 -1.12177
-0.167333 0.161179 -0.500394
-0.0415277 0.249081 -0.0209109
-0.0446624 0.25669 0.125191
-0.0586081 0.25612 0.27552
-0.122559 0.26252 0.406621
-0.0604164 0.236379 0.615625
-0.108663 0.239118 0.74449
-0.038045 0.15001 0.985248
-0.121762 0.15001 1.88814
-0.383028 0.168396 -1.06475
-0.304696 0.15001 -0.46542
-0.200969 0.231868 -0.188673
-0.219166 0.248914 -0.0267039
-0.200072 0.249315 0.12304
-0.202833 0.27049 0.272242
-0.201383 0.252866 0.532118
-0.253943 0.268491 0.856658
-0.32614 0.15001 1.45751
-0.312478 0.15001 2.14972
-0.155938 0.15001 -0.658731
-0.197995 0.174214 -0.352539
-0.126262 0.326775 -0.11237
-0.13398 0.345978 0.0384841
-0.121777 0.359726 0.193574
-0.108441 0.395491 0.432647
-0.116788 0.359867 0.567909
-0.218805 0.28464 0.671382
-0.139959 0.257854 0.964874
-0.190872 0.15001 1.6825
-0.290555 0.213632 -0.604524
-0.332093 0.297668 -0.491461
-0.299979 0.303781 -0.264626
-0.328275 0.302235 -0.123246
-0.261351 0.372965 0.149878
-0.251653 0.323093 0.401179
-0.0632148 0.369065 0.700815
-0.0780339 0.315235 0.855919
-0.105435 0.15116 1.24799
-0.39923 0.229504 1.99054
-0.188247 0.312983 -0.541788
-0.22919 0.312564 -0.389744
-0.220754 0.39082 -0.194358
-0.239695 0.394306 -0.0497301
-0.1984 0.415745 0.300035
-0.26873 0.378696 0.541088
-0.185672 0.374574 0.793079
-0.218489 0.375643 0.9675
-0.180244 0.278155 1.12231
-0.249771 0.266814 1.81593
-0.191607 0.309736 -0.695306
-0.259595 0.438543 -0.457945
-0.331888 0.463362 -0.271092
-0.202196 0.468304 0.0668482
-0.142948 0.507277 0.193107
-0.174331 0.494761 0.528221
-0.204423 0.432277 0.660042
-0.080921 0.421592 0.953377
-0.205415 0.291349 1.27405
-0.217556 0.262087 1.53693
-0.169485 0.459261 -0.599762
-0.17506 0.445196 -0.324169
-0.211027 0.532229 -0.189164
-0.0817582 0.544062 0.0422714
-0.114029 0.516336 0.378186
-0.0485498 0.57285 0.505726
-0.0691434 0.500977 0.632625
-0.119706 0.500996 0.770308
-0.140282 0.413979 1.09763
-0.0728909 0.318133 1.38784
-0.152076 0.559216 -0.434229
-0.0841849 0.568714 -0.261554
-0.0569596 0.612547 -0.0998737
-0.0942768 0.653613 0.145091
-0.0671572 0.598795 0.281678
-0.182075 0.624301 0.438458
-0.186181 0.588412 0.641739
-0.100396 0.562406 0.907252
-0.0605089 0.5387 1.06585
-0.12183 0.439921 1.25325
-0.039287 0.673791 -0.375934
-0.0397739 0.729329 -0.206761
-0.038984 0.75143 -0.0253519
-0.0264355 0.792858 0.140878
-0.0613611 0.744268 0.310848
-0.0787036 0.728921 0.481337
-0.107772 0.72394 0.662812
-0.10367 0.721448 0.86502
-0.101265 0.696356 1.07669
-0.107101 0.607849 1.27215
0.0257922 0.15001 -0.683888
0.0606996 0.15001 -0.224517
0.0358286 0.15001 -0.0816702
0.0356064 0.15001 0.065614
0.0342847 0.15001 0.221124
0.00657778 0.164015 0.379568
0.0547187 0.155035 0.564968
0.0116561 0.15001 0.715015
0.0645866 0.15001 0.859209
0.142907 0.15001 1.15397
0.0306195 0.15001 -1.07725
0.0939944 0.15001 -0.367234
0.110609 0.267744 -0.0746586
0.12755 0.237299 0.142107
0.114545 0.244349 0.301059
0.124043 0.220628 0.455116
0.141393 0.216757 0.67541
0.163843 0.235283 0.82117
0.105293 0.15001 1.0094
0.170811 0.15001 1.47198
-0.0603681 0.179345 -0.917478
-0.0443822 0.15001 -0.409272
-0.0219252 0.25678 -0.169657
0.0652459 0.321706 0.0518949
0.0427186 0.336598 0.207927
0.0140321 0.332833 0.364497
-0.00716468 0.280519 0.492223
0.0320202 0.272733 0.929374
-0.0164346 0.17355 1.12606
0.0241861 0.15001 2.04766
0.0801225 0.15001 -0.517476
0.0203449 0.261842 -0.307436
0.0619492 0.370089 -0.183956
0.121121 0.4362 0.139678
0.127187 0.40787 0.300131
0.115785 0.365952 0.458984
0.0580317 0.318266 0.61681
0.0384344 0.289301 0.769584
0.0842692 0.281515 1.08352
0.00501597 0.15001 1.68215
-0.0521218 0.224043 -0.5652
-0.0943875 0.279992 -0.42611
-0.1233 0.303914 -0.284802
-0.0114286 0.386665 -0.0498207
-0.0332592 0.416789 0.102706
0.15555 0.433334 0.577125
0.156561 0.370213 0.714448
0.131979 0.366126 0.865097
0.0581646 0.231523 1.245
-0.00168715 0.307997 1.97231
-0.0134171 0.373399 -0.547528
-0.00905795 0.387506 -0.354516
-0.0721972 0.423289 -0.216785
0.0568254 0.499021 0.0237397
-0.0333143 0.441361 0.27715
0.00747185 0.428655 0.53625
0.00655817 0.433889 0.82698
-0.0459714 0.305511 1.04937
-0.0526896 0.31099 1.20281
0.0361721 0.30183 1.76898
-0.0273906 0.322911 -0.703736
-0.113791 0.419433 -0.456841
0.0548165 0.494652 -0.276271
-0.121092 0.475981 -0.0805463
0.0112564 0.533193 0.167961
0.0304926 0.477399 0.403519
0.0549016 0.460327 0.690246
0.0634243 0.409955 0.983497
0.132901 0.362878 1.19571
0.0229209 0.171815 1.38615
-0.00943281 0.528367 -0.550511
-0.0137605 0.523446 -0.397761
0.0227844 0.498227 -0.130567
0.161228 0.589773 0.141701
0.103801 0.54469 0.280656
0.100144 0.556929 0.528242
0.197917 0.526041 0.679978
0.165749 0.493158 0.819341
0.0177131 0.420666 1.12279
0.118177 0.32974 1.35707
0.134008 0.559323 -0.435799
0.0678496 0.620543 -0.210696
0.109851 0.595567 -0.0672736
0.0373683 0.644345 0.0565203
0.0504377 0.669515 0.2149
0.0399636 0.623104 0.389058
0.040155 0.605695 0.666795
0.0635817 0.552108 0.913155
0.139546 0.516883 1.08377
0.0439554 0.453983 1.27546
0.131671 0.723482 -0.428885
0.146927 0.737588 -0.261601
0.124155 0.746434 -0.0851151
0.147294 0.74741 0.114823
0.142607 0.7273 0.320786
0.0919647 0.722092 0.494919
0.102569 0.753963 0.666524
0.104374 0.713415 0.868066
0.106837 0.687863 1.07459
0.0975784 0.616137 1.27531
0.216236 0.15001 -0.602017
0.216641 0.15001 -0.284098
0.185335 0.15001 -0.129384
0.181412 0.161764 0.0242353
0.20215 0.15001 0.219483
0.212439 0.15001 0.370341
0.213243 0.15001 0.562346
0.248257 0.15001 0.738779
0.231513 0.15001 0.910063
0.303249 0.154833 1.20079
0.220923 0.15001 -1.08758
0.224033 0.154148 -0.439443
0.26018 0.266779 -0.0445816
0.280178 0.225091 0.120731
0.294367 0.237182 0.284547
0.285264 0.2339 0.46521
0.308897 0.240725 0.631445
0.334684 0.219023 0.841848
0.259505 0.15001 1.05666
0.358618 0.15001 1.67788
0.131526 0.15001 -0.846888
0.165391 0.278987 -0.370785
0.14362 0.261069 -0.224759
0.207495 0.342364 0.0616317
0.21177 0.334137 0.211678
0.216131 0.319525 0.369417
0.197403 0.299237 0.562306
0.171441 0.268428 0.968902
0.31878 0.15001 1.36996
0.333809 0.15001 2.03828
0.189683 0.287497 -0.517913
0.272424 0.31847 -0.289516
0.224241 0.352009 -0.154492
0.313089 0.429642 0.104808
0.305722 0.434317 0.319466
0.277538 0.400733 0.469983
0.294004 0.393554 0.631872
0.26253 0.296633 0.747514
0.220342 0.276536 1.11994
0.18888 0.154664 1.83523
0.0875845 0.270819 -0.613706
0.0477222 0.277576 -0.453209
0.155188 0.401922 -0.2904
0.136594 0.405397 -0.0524961
0.434375 0.433708 0.414037
0.394953 0.473527 0.545584
0.440727 0.448613 0.783547
0.311665 0.263269 0.993744
0.197393 0.209711 1.28711
0.309009 0.314291 1.98506
0.318834 0.298192 -0.606717
0.119107 0.410094 -0.442105
0.295814 0.4612 -0.225014
0.307238 0.410063 -0.053474
0.236829 0.484125 0.207429
0.261784 0.528489 0.537944
0.272947 0.347859 0.886846
0.208684 0.39925 1.01715
0.2625 0.340285 1.25948
0.293854 0.301108 1.74178
0.131629 0.421462 -0.605458
0.264818 0.451148 -0.374087
0.173392 0.493648 -0.156718
0.208001 0.498412 0.0251019
0.393272 0.510193 0.208723
0.181051 0.487834 0.409573
0.293579 0.433145 0.771867
0.365606 0.389498 1.01585
0.420899 0.385443 1.20697
0.266624 0.291524 1.42817
0.280966 0.44433 -0.529311
0.19433 0.562045 -0.293184
0.308597 0.559937 -0.0669177
0.314213 0.578367 0.0989016
0.242054 0.581992 0.310597
0.349701 0.553512 0.410099
0.353742 0.52683 0.67696
0.350167 0.472232 0.901244
0.286999 0.423359 1.13762
0.379295 0.402373 1.36456
0.311802 0.597825 -0.400305
0.35397 0.59639 -0.241886
0.225577 0.635022 -0.161617
0.216558 0.651602 0.0122054
0.336516 0.645512 0.229096
0.205414 0.630685 0.442871
0.266633 0.652809 0.617361
0.296223 0.585083 0.810239
0.329247 0.541698 1.03789
0.26526 0.494337 1.27333
0.321442 0.756139 -0.443055
0.308862 0.740802 -0.255566
0.329619 0.720671 -0.0740823
0.326002 0.732384 0.0976286
0.299988 0.787886 0.280597
0.286158 0.762439 0.466658
0.300539 0.802814 0.673141
0.307247 0.733547 0.872804
0.31317 0.708217 1.07385
0.305388 0.657656 1.27857
0.395783 0.15001 -0.641961
0.425033 0.15001 -0.204587
0.327609 0.15001 -0.0742791
0.392689 0.159743 0.0506168
0.37666 0.15001 0.208225
0.373717 0.15001 0.376003
0.377956 0.15001 0.542589
0.393099 0.15001 0.713845
0.38755 0.15001 0.954989
0.469501 0.15001 1.2725
0.443367 0.15001 -1.16035
0.460621 0.15001 -0.395215
0.40584 0.264206 -0.0818863
0.459634 0.249661 0.14782
0.45612 0.242572 0.29057
0.460714 0.238961 0.454402
0.458445 0.250277 0.619396
0.473694 0.179565 0.837064
0.417021 0.15001 1.10212
0.605949 0.15001 1.75074
0.367114 0.15001 -0.971657
0.340872 0.198297 -0.340271
0.30084 0.223227 -0.189601
0.368116 0.31444 0.0476801
0.355916 0.336178 0.203643
0.368927 0.316593 0.376392
0.376072 0.325611 0.532621
0.529871 0.15001 0.991889
0.591945 0.15001 1.40608
0.62164 0.15001 2.12619
0.354613 0.181132 -0.498711
0.464226 0.267613 -0.286819
0.462276 0.392213 -0.0465801
0.471514 0.398361 0.119437
0.456306 0.402229 0.274807
0.515138 0.362091 0.507168
0.465121 0.391121 0.64724
0.400215 0.310298 0.746397
0.357 0.281586 1.13348
0.451555 0.210418 1.8671
0.441349 0.303987 -0.475721
0.301231 0.315014 -0.437804
0.379632 0.347299 -0.189088
0.597251 0.451875 0.257317
0.594574 0.457436 0.405617
0.595619 0.440743 0.591471
0.662089 0.350934 0.72467
0.430755 0.327394 0.891862
0.380316 0.261637 1.28701
0.670566 0.281023 2.00139
0.487111 0.292854 -0.638126
0.526551 0.390586 -0.392601
0.512735 0.393321 -0.191638
0.562019 0.500638 -0.00281873
0.719231 0.51637 0.329146
0.519383 0.531351 0.49898
0.562961 0.379814 0.844308
0.458687 0.275042 1.02969
0.502885 0.249559 1.17242
0.607853 0.321555 1.77092
0.500585 0.439411 -0.548806
0.391692 0.370005 -0.338158
0.409483 0.485722 -0.136109
0.412306 0.49812 0.0255989
0.490659 0.539669 0.327985
0.660619 0.565071 0.557435
0.575776 0.456459 0.729134
0.54124 0.385325 0.99699
0.57324 0.374615 1.14993
0.472325 0.272304 1.48594
0.404905 0.479769 -0.432212
0.442145 0.488351 -0.28179
0.553272 0.520655 -0.143096
0.529115 0.527658 0.142405
0.631301 0.596585 0.228074
0.618284 0.605371 0.396691
0.49298 0.541374 0.645605
0.496318 0.495105 0.922876
0.460733 0.462233 1.08863
0.530479 0.319003 1.31598
0.535461 0.548242 -0.412729
0.531431 0.603938 -0.268233
0.447298 0.622363 -0.112461
0.458629 0.629401 0.0507393
0.486702 0.648445 0.2311
0.466997 0.657594 0.43913
0.546977 0.673815 0.608473
0.503626 0.590789 0.80125
0.549975 0.579518 1.07981
0.521818 0.485704 1.25417
0.490644 0.694858 -0.4122
0.471653 0.733432 -0.231456
0.498644 0.755828 -0.0600982
0.499592 0.759385 0.111201
0.488877 0.807586 0.278565
0.492655 0.822934 0.472209
0.494887 0.821806 0.679094
0.513019 0.752196 0.871753
0.519952 0.749063 1.08279
0.515987 0.648057 1.2918
0.547777 0.15001 -0.719891
0.555551 0.15001 -0.282199
0.496508 0.15001 -0.0672654
0.541374 0.15001 0.0760465
0.558304 0.150424 0.221169
0.541095 0.15001 0.371493
0.533183 0.15001 0.539091
0.536916 0.15001 0.688017
0.677913 0.167709 0.963298
0.758543 0.15001 1.58948
0.691472 0.15001 -1.24512
0.64751 0.15001 -0.440621
0.62729 0.214073 -0.0259929
0.632526 0.246134 0.121328
0.641231 0.242098 0.303061
0.616254 0.243005 0.454184
0.667694 0.200022 0.689913
0.616015 0.15001 0.821295
0.61752 0.15001 1.13485
0.805274 0.15001 1.98495
0.717266 0.15001 -1.04774
0.520092 0.17676 -0.531163
0.532543 0.25647 -0.154288
0.51246 0.280495 0.022158
0.560845 0.323099 0.214501
0.542309 0.32994 0.365758
0.697845 0.267028 0.840856
0.812643 0.15001 0.91275
0.975704 0.15001 1.51918
0.969399 0.15001 2.1814
0.547247 0.175871 -0.921463
0.560705 0.252507 -0.395231
0.596157 0.362811 -0.067862
0.612782 0.380457 0.0744709
0.692489 0.369144 0.342767
0.666803 0.365655 0.490554
0.59643 0.287002 0.601602
0.539945 0.281028 0.746702
0.60774 0.266122 1.05139
0.812965 0.198238 1.78308
0.66603 0.179104 -0.604349
0.744844 0.250556 -0.49169
0.605107 0.317726 -0.265466
0.803717 0.393049 0.105417
0.8341 0.393806 0.383048
0.730059 0.413737 0.616948
0.785296 0.290564 0.718788
0.569662 0.26048 0.910451
0.807021 0.193881 1.40727
1.00414 0.252151 2.02989
0.60217 0.314359 -0.52609
0.678422 0.337132 -0.39216
0.753897 0.320558 -0.254155
0.725334 0.40904 -0.0243119
0.892866 0.345044 0.235095
0.840523 0.388807 0.531217
0.762791 0.397756 0.834296
0.786409 0.298078 0.959467
0.765668 0.162919 1.20715
0.968216 0.311701 1.82636
0.745106 0.390277 -0.561044
0.726466 0.445204 -0.307851
0.668376 0.425346 -0.172705
0.685633 0.473872 0.145569
0.794793 0.437675 0.247668
0.741569 0.4776 0.46414
0.756442 0.495807 0.728928
0.672827 0.376228 0.948567
0.733035 0.308177 1.09701
0.719416 0.317308 1.58626
0.645248 0.459584 -0.463332
0.589003 0.466666 -0.29386
0.703811 0.537755 -0.0746776
0.796352 0.525019 0.045469
0.793973 0.567351 0.188024
0.824112 0.526251 0.582107
0.637998 0.584588 0.711982
0.645615 0.497624 0.855813
0.67293 0.457116 1.07179
0.682201 0.300987 1.24531
0.68627 0.57169 -0.364028
0.673793 0.570106 -0.213871
0.609156 0.648861 -0.0863342
0.655308 0.590729 0.0640207
0.751364 0.65583 0.301617
0.768654 0.619302 0.455333
0.765422 0.646438 0.647949
0.770037 0.5817 0.858768
0.758538 0.579768 1.12081
0.714214 0.454705 1.30485
0.655822 0.681882 -0.459698
0.651129 0.707626 -0.26684
0.67616 0.795362 -0.0672976
0.679381 0.728665 0.111978
0.679237 0.798072 0.285153
0.691206 0.758424 0.47527
0.701987 0.796106 0.684969
0.722016 0.75486 0.881334
0.727807 0.74906 1.09919
0.72529 0.632369 1.31129
0.849862 0.15001 -0.520257
0.782625 0.168989 -0.212676
0.635126 0.15001 -0.162456
0.717024 0.15001 0.0789482
0.724717 0.153721 0.224078
0.711216 0.15001 0.384938
0.677381 0.15001 0.543547
0.766784 0.15001 0.782185
1.14053 0.15001 1.39173
1.25168 0.15001 2.11153
0.912583 0.15001 -1.25007
0.805996 0.162402 -0.364824
0.75547 0.152089 -0.065077
0.818662 0.253868 0.142972
0.79601 0.266205 0.296166
0.821497 0.15001 0.497262
0.79352 0.15001 0.637358
0.943979 0.15001 0.852821
0.798002 0.170248 1.05689
1.02017 0.15001 1.76192
1.00947 0.15001 -1.07866
1.01691 0.15001 -0.606945
0.884827 0.280845 -0.262806
0.905529 0.259255 -0.0089925
0.986934 0.246175 0.213054
0.974422 0.15001 0.451027
0.89677 0.182784 0.727189
1.02999 0.15001 0.975629
1.33494 0.15001 1.69125
1.40975 0.15001 2.27962
0.861205 0.15001 -0.913171
0.683296 0.205685 -0.309607
0.689724 0.282262 -0.136508
0.753894 0.280912 0.0173398
0.707319 0.333549 0.198868
0.767056 0.274975 0.435072
0.743158 0.275436 0.575832
0.863328 0.283254 0.836275
0.939846 0.15001 1.14318
1.21396 0.15001 1.90041
1.07275 0.214712 -0.917059
0.936277 0.218807 -0.407581
0.829014 0.285254 -0.119981
0.94137 0.329177 0.100003
0.949909 0.282819 0.348749
0.905651 0.272213 0.478932
0.879339 0.27593 0.617065
1.06491 0.278913 1.05091
1.22454 0.198075 1.5415
1.40156 0.262991 2.11002
0.863848 0.255216 -0.651685
0.821905 0.318051 -0.389156
0.960364 0.384456 -0.18594
1.02629 0.332366 -0.0514881
1.04224 0.373146 0.206443
1.05844 0.284737 0.459732
0.977089 0.30628 0.739012
0.919819 0.246911 0.976132
1.05775 0.248647 1.27978
1.27384 0.301053 1.81912
1.06163 0.267337 -0.487876
0.973405 0.364257 -0.371162
0.811783 0.417995 -0.151955
0.881026 0.402707 -0.0184768
1.05365 0.389487 0.353358
1.0067 0.31613 0.588808
0.870823 0.40338 0.685837
0.994838 0.343784 0.888939
0.882638 0.299587 1.11471
1.06668 0.269696 1.63701
0.905689 0.352755 -0.515022
0.872686 0.428571 -0.294874
0.988449 0.479363 -0.0830192
0.924812 0.463556 0.155657
0.934391 0.465382 0.310635
0.961364 0.410321 0.455238
0.969838 0.462997 0.595518
0.902392 0.437388 0.822391
1.00755 0.379225 1.17908
0.964474 0.296068 1.43959
0.80565 0.461717 -0.430477
0.813546 0.540541 -0.231556
0.855808 0.540751 -0.0885968
0.952853 0.541369 0.0417793
0.943477 0.588793 0.227612
0.926437 0.555487 0.46011
0.915299 0.554089 0.712364
0.953076 0.535805 0.931955
0.928083 0.512764 1.11132
0.939749 0.432384 1.33767
0.827769 0.614746 -0.434299
0.827147 0.679674 -0.267215
0.846976 0.687134 -0.0809887
0.860569 0.660902 0.0899441
0.890575 0.730533 0.279335
0.902639 0.720727 0.483508
0.923707 0.730676 0.690348
0.932067 0.719144 0.903357
0.93557 0.690338 1.1185
0.933476 0.609537 1.32816
1.24576 0.15001 -0.858037
0.929504 0.15001 -0.264563
0.890273 0.15001 -0.113298
0.860626 0.15001 0.0532803
0.879655 0.15001 0.215729
0.862489 0.153077 0.35773
0.940955 0.15001 0.590897
1.39534 0.15001 1.14591
1.57041 0.15001 1.60099
1.82514 0.15001 2.15904
1.35497 0.15001 -1.28625
1.0728 0.15001 -0.371175
1.01091 0.155306 -0.0305408
0.995535 0.15001 0.114681
1.01898 0.15001 0.30906
1.11719 0.15001 0.435207
1.2144 0.15001 0.593858
1.0354 0.15001 0.712569
1.19133 0.15001 1.18213
1.46236 0.15001 1.86973
1.65328 0.15001 -1.2847
1.57487 0.15001 -0.814939
1.50785 0.15001 -0.345508
1.14537 0.207849 -0.0535793
1.532 0.15001 0.351583
1.5168 0.15001 0.618354
1.51687 0.15001 0.981512
1.69233 0.15001 1.33461
1.8372 0.15001 1.84338
1.9416 0.15001 2.34253
1.36851 0.15001 -1.08715
1.03128 0.258529 -0.285659
0.971063 0.251633 -0.148073
1.06736 0.264508 0.0709397
1.12501 0.204902 0.204234
1.11302 0.263707 0.330297
1.07693 0.189009 0.57386
1.18877 0.15001 0.931625
1.41083 0.15001 1.39864
1.60963 0.15001 2.05382
1.64548 0.302223 -1.12749
1.45517 0.173832 -0.662233
1.22135 0.15001 -0.180718
1.2903 0.233775 0.0288102
1.35897 0.164281 0.206216
1.37236 0.233835 0.370705
1.44237 0.193979 0.801818
1.54737 0.203079 1.22333
1.71065 0.195233 1.71148
1.85615 0.322448 2.16152
1.4232 0.218516 -0.894933
1.31041 0.15001 -0.414249
1.12038 0.289374 -0.170833
1.17394 0.347017 -0.00970925
1.25098 0.28307 0.270916
1.22782 0.240615 0.447865
1.20054 0.15001 0.766614
1.29187 0.248248 1.0447
1.49575 0.25857 1.49456
1.64038 0.265509 1.90137
1.25223 0.168934 -0.666007
1.18272 0.263477 -0.330081
1.27037 0.306569 -0.15719
1.18163 0.322497 0.136815
1.19389 0.377955 0.403496
1.17552 0.311923 0.57131
1.12854 0.26456 0.704629
1.06979 0.224623 0.839163
1.30268 0.244842 1.30397
1.46547 0.272091 1.71736
1.22053 0.308448 -0.545742
1.0921 0.396713 -0.274833
1.11838 0.43094 -0.128591
1.05122 0.414998 0.0601094
1.17055 0.406906 0.257309
1.0969 0.42104 0.517135
1.07894 0.398505 0.687473
1.16642 0.321459 0.903065
1.19569 0.314432 1.1796
1.32296 0.346068 1.54172
1.09381 0.424274 -0.439858
0.991507 0.518871 -0.238029
1.11599 0.526558 -0.00695393
1.08341 0.509048 0.162986
1.07372 0.521604 0.307223
1.11591 0.549797 0.452631
1.10838 0.53846 0.677611
1.1137 0.474506 0.892769
1.15125 0.464184 1.12555
1.17415 0.386229 1.38033
1.04342 0.585659 -0.460729
1.0549 0.657638 -0.27489
1.03984 0.652971 -0.0761653
1.05679 0.641252 0.103205
1.08204 0.670391 0.282175
1.10839 0.712568 0.490258
1.12241 0.707403 0.697756
1.13165 0.659168 0.911148
1.14005 0.634868 1.12586
1.15291 0.563455 1.3504
1.60457 0.15001 -1.04605
1.59299 0.15001 -0.536851
1.06296 0.15001 -0.181186
1.16571 0.15001 0.0804086
1.21788 0.15001 0.318545
1.35608 0.15001 0.512581
1.63134 0.15001 0.788411
2.10125 0.15001 1.27208
2.15187 0.15001 1.83275
2.29873 0.15001 2.30321
1.94358 0.15001 -1.16014
2.02087 0.15001 -0.588781
1.92167 0.15001 -0.138803
1.63356 0.15001 0.1748
1.74376 0.15001 0.366138
1.78188 0.15001 0.608938
1.99947 0.15001 0.787955
1.7611 0.15001 1.02321
1.86368 0.15001 1.47405
1.99433 0.15001 2.00086
2.0238 0.15001 -1.36104
2.14836 0.15001 -0.85894
2.16088 0.15001 -0.31242
2.07412 0.15001 0.0163192
2.06917 0.15001 0.336607
2.1476 0.15001 0.61142
2.18098 0.15001 0.956146
2.27863 0.15001 1.41711
2.33973 0.15001 1.94222
2.44994 0.15001 2.45076
1.83051 0.15001 -0.982653
1.82956 0.15001 -0.464842
1.72291 0.15001 -0.20284
1.74736 0.15001 0.00146168
1.87581 0.159475 0.188504
1.90836 0.216933 0.462269
1.81372 0.198396 0.830532
1.8948 0.15001 1.21231
2.05254 0.15001 1.61374
2.15327 0.184333 2.15174
1.87805 0.284299 -1.25905
1.97494 0.20231 -0.786702
2.00783 0.2323 -0.405347
2.01331 0.306501 -0.0428922
2.02199 0.31625 0.311349
2.03562 0.28717 0.668002
2.03494 0.251562 1.00806
2.1133 0.270834 1.4124
2.16569 0.323414 1.85237
2.32528 0.321611 2.32657
1.8436 0.313699 -1.04936
1.87127 0.265241 -0.601812
1.84491 0.269287 -0.269718
1.81459 0.312174 0.00255175
1.79119 0.305761 0.300906
1.81646 0.316702 0.631262
1.83589 0.316611 0.97873
1.82584 0.302269 1.28334
1.89994 0.266015 1.64336
2.03104 0.323378 2.02917
1.71247 0.254733 -0.868395
1.66869 0.288486 -0.458962
1.56951 0.251112 -0.212495
1.53771 0.200537 0.0173168
1.53887 0.299792 0.263753
1.58969 0.296118 0.519909
1.63265 0.31271 0.736717
1.64478 0.274865 1.07123
1.71579 0.270834 1.46838
1.8595 0.316955 1.86101
1.5609 0.324511 -0.745242
1.45187 0.307158 -0.369339
1.44475 0.327005 -0.0835873
1.34437 0.338562 0.151851
1.3436 0.39441 0.330921
1.33616 0.323925 0.524652
1.28655 0.270902 0.685995
1.45146 0.297927 0.960416
1.5441 0.348845 1.32392
1.65444 0.361826 1.65602
1.40261 0.335325 -0.557469
1.27716 0.395502 -0.305029
1.26543 0.446836 -0.0676297
1.21546 0.458904 0.097976
1.25383 0.52296 0.261297
1.27667 0.47441 0.484854
1.30137 0.433056 0.691983
1.33629 0.415903 0.913911
1.38913 0.383359 1.1632
1.49521 0.426345 1.49602
1.29992 0.485263 -0.496465
1.26135 0.563763 -0.281471
1.25345 0.603575 -0.0758565
1.25795 0.608646 0.10628
1.29519 0.676328 0.295833
1.30928 0.644699 0.491017
1.31993 0.610172 0.698797
1.33554 0.591707 0.91438
1.35923 0.559401 1.14046
1.39 0.528873 1.38414
-3 0 -3
-3 0 3
-3 1 -3
-3 1 3
-3 2 -3
-3 2 3
-3 3 -3
-3 3 3
-3 4 -3
-3 4 3
-3 5 -3
-3 5 3
-3 6 -3
-3 6 3
-2 0 -3
-2 0 3
-2 1 -3
-2 1 3
-2 2 -3
-2 2 3
-2 3 -3
-2 3 3
-2 4 -3
-2 4 3
-2 5 -3
-2 5 3
-2 6 -3
-2 6 3
-1 0 -3
-1 0 3
-1 1 -3
-1 1 3
-1 2 -3
-1 2 3
-1 3 -3
-1 3 3
-1 4 -3
-1 4 3
-1 5 -3
-1 5 3
-1 6 -3
-1 6 3
0 0 -3
0 0 3
0 1 -3
0 1 3
0 2 -3
0 2 3
0 3 -3
0 3 3
0 4 -3
0 4 3
0 5 -3
0 5 3
0 6 -3
0 6 3
1 0 -3
1 0 3
1 1 -3
1 1 3
1 2 -3
1 2 3
1 3 -3
1 3 3
1 4 -3
1 4 3
1 5 -3
1 5 3
1 6 -3
1 6 3
2 0 -3
2 0 3
2 1 -3
2 1 3
2 2 -3
2 2 3
2 3 -3
2 3 3
2 4 -3
2 4 3
2 5 -3
2 5 3
2 6 -3
2 6 3
-3 0 -3
-3 7 -3
-3 0 -2
-3 7 -2
-3 0 -1
-3 7 -1
-3 0 0
-3 7 0
-3 0 1
-3 7 1
-3 0 2
-3 7 2
-2 0 -3
-2 7 -3
-2 0 -2
-2 7 -2
-2 0 -1
-2 7 -1
-2 0 0
-2 7 0
-2 0 1
-2 7 1
-2 0 2
-2 7 2
-1 0 -3
-1 7 -3
-1 0 -2
-1 7 -2
-1 0 -1
-1 7 -1
-1 0 0
-1 7 0
-1 0 1
-1 7 1
-1 0 2
-1 7 2
0 0 -3
0 7 -3
0 0 -2
0 7 -2
0 0 -1
0 7 -1
0 0 0
0 7 0
0 0 1
0 7 1
0 0 2
0 7 2
1 0 -3
1 7 -3
1 0 -2
1 7 -2
1 0 -1
1 7 -1
1 0 0
1 7 0
1 0 1
1 7 1
1 0 2
1 7 2
2 0 -3
2 7 -3
2 0 -2
2 7 -2
2 0 -1
2 7 -1
2 0 0
2 7 0
2 0 1
2 7 1
2 0 2
2 7 2
-3 0 -3
3 0 -3
-3 0 -2
3 0 -2
-3 0 -1
3 0 -1
-3 0 0
3 0 0
-3 0 1
3 0 1
-3 0 2
3 0 2
-3 1 -3
3 1 -3
-3 1 -2
3 1 -2
-3 1 -1
3 1 -1
-3 1 0
3 1 0
-3 1 1
3 1 1
-3 1 2
3 1 2
-3 2 -3
3 2 -3
-3 2 -2
3 2 -2
-3 2 -1
3 2 -1
-3 2 0
3 2 0
-3 2 1
3 2 1
-3 2 2
3 2 2
-3 3 -3
3 3 -3
-3 3 -2
3 3 -2
-3 3 -1
3 3 -1
-3 3 0
3 3 0
-3 3 1
3 3 1
-3 3 2
3 3 2
-3 4 -3
3 4 -3
-3 4 -2
3 4 -2
-3 4 -1
3 4 -1
-3 4 0
3 4 0
-3 4 1
3 4 1
-3 4 2
3 4 2
-3 5 -3
3 5 -3
-3 5 -2
3 5 -2
-3 5 -1
3 5 -1
-3 5 0
3 5 0
-3 5 1
3 5 1
-3 5 2
3 5 2
-3 6 -3
3 6 -3
-3 6 -2
3 6 -2
-3 6 -1
3 6 -1
-3 6 0
3 6 0
-3 6 1
3 6 1
-3 6 2
3 6 2
