1240 0.1
-1.33917 0.15001 -1.3556
-1.06277 0.15001 -0.658863
-1.05503 0.15001 -0.401177
-0.708934 0.15001 -0.0945773
-0.605227 0.15001 0.199742
-0.68277 0.15001 0.346881
-0.711469 0.15001 0.520561
-0.902206 0.15001 0.857453
-1.30807 0.15001 1.41491
-1.59053 0.15001 1.97792
-1.68378 0.15001 -1.7072
-1.51706 0.15001 -1.29921
-1.23759 0.15001 -0.339042
-1.25247 0.15001 -0.134742
-1.25925 0.15001 0.0537416
-1.32148 0.15001 0.244097
-1.62332 0.15001 0.718361
-1.65622 0.15001 0.914725
-1.84126 0.15001 1.68838
-1.8555 0.15001 2.47139
-1.55129 0.15001 -1.57705
-1.36953 0.15001 -1.17376
-1.19133 0.15001 -0.523353
-1.08608 0.15001 -0.220539
-1.08826 0.15001 -0.0333713
-1.13476 0.15001 0.195293
-1.43056 0.15001 0.730836
-1.49155 0.15001 1.04756
-1.98024 0.15001 2.07279
-2.19278 0.15001 2.62599
-1.43446 0.241315 -1.47334
-0.651395 0.15001 -0.485927
-0.734083 0.15001 -0.267455
-0.563626 0.179721 -0.0643729
-0.521904 0.276852 0.185954
-0.506985 0.15001 0.326739
-1.03482 0.15001 0.360791
-1.31926 0.15001 0.906346
-1.64907 0.15001 1.69639
-1.53643 0.15001 2.27055
-1.18593 0.15001 -1.21697
-0.871283 0.15001 -0.627385
-0.655268 0.241544 -0.367693
-0.668946 0.279089 -0.172406
-0.643739 0.225457 0.0670487
-0.572615 0.194602 0.453134
-0.647727 0.15001 0.676573
-1.32044 0.15001 1.17181
-1.79093 0.15001 2.03781
-2.05953 0.15001 2.481
-1.24776 0.290485 -1.30783
-0.608838 0.286808 -0.529375
-0.580602 0.332818 -0.282362
-0.611566 0.332334 -0.045317
-0.596531 0.276294 0.312854
-0.712016 0.297173 0.430662
-0.62238 0.272535 0.573745
-1.08237 0.160983 0.931282
-1.44893 0.15001 1.75813
-1.7366 0.166058 2.3073
-0.707452 0.270859 -0.656687
-0.77146 0.271439 -0.4788
-0.748339 0.348438 -0.28596
-0.774966 0.292335 -0.0451674
-0.617896 0.394358 0.167529
-0.566921 0.360205 0.434236
-0.695907 0.315198 0.708001
-0.831828 0.15001 1.03849
-1.08569 0.15001 1.39619
-1.37433 0.15001 2.12255
-0.580909 0.404767 -0.655003
-0.651318 0.400658 -0.421505
-0.569682 0.42519 -0.164357
-0.713911 0.440109 -0.1068
-0.494622 0.389597 0.293588
-0.385096 0.52851 0.379842
-0.653454 0.428538 0.547627
-0.589406 0.318765 0.84632
-0.805116 0.15001 1.28049
-1.42691 0.26645 1.91381
-0.476103 0.541351 -0.592307
-0.510037 0.579527 -0.413964
-0.497376 0.539727 -0.23804
-0.544572 0.472592 0.0128873
-0.464571 0.536728 0.240254
-0.546404 0.504146 0.391374
-0.534571 0.535706 0.661539
-0.460246 0.414368 0.779168
-0.598481 0.252824 1.09135
-0.8731 0.184089 1.58843
-0.352095 0.648214 -0.45574
-0.344978 0.619334 -0.272707
-0.381339 0.628369 -0.0771829
-0.405271 0.632044 0.0980895
-0.33266 0.660031 0.313149
-0.475574 0.611127 0.496971
-0.728718 0.536883 0.684297
-0.608484 0.475327 0.804652
-0.481813 0.451936 0.954354
-0.761999 0.27472 1.41062
-0.594622 0.15001 -1.0324
-0.347628 0.15001 -0.262807
-0.309558 0.15001 -0.113049
-0.327702 0.15001 0.035731
-0.300817 0.15001 0.183072
-0.266394 0.15001 0.455993
-0.34174 0.15001 0.589432
-0.261803 0.159409 0.7445
-0.221892 0.15001 0.934495
-0.816966 0.15001 1.79861
-1.2902 0.15001 -1.54696
-0.790566 0.15001 -0.793783
-0.581425 0.168727 -0.230655
-0.489705 0.158098 0.0623558
-0.443299 0.15001 0.200057
-0.425525 0.15001 0.461025
-0.51996 0.15001 0.828365
-0.359499 0.160376 0.866186
-0.459786 0.15001 0.992073
-0.887283 0.15001 2.59672
-1.1599 0.15001 -1.40489
-0.590677 0.15001 -0.648551
-0.528892 0.15001 -0.367599
-0.450279 0.15001 -0.160118
-0.386466 0.257605 0.118155
-0.346524 0.15001 0.328145
-0.498656 0.158071 0.59405
-1.04272 0.15001 1.15154
-1.2824 0.15001 1.9244
-1.18906 0.15001 2.7283
-0.416965 0.15001 -0.678854
-0.385223 0.179869 -0.403882
-0.453652 0.247222 -0.28514
-0.41639 0.237472 -0.0430354
-0.386796 0.277823 0.255405
-0.349973 0.267143 0.501276
-0.410267 0.307739 0.644195
-0.402982 0.173526 0.716825
-0.330132 0.258718 0.979176
-0.732699 0.15001 2.29241
-0.610438 0.15001 -0.841689
-0.494066 0.161751 -0.517998
-0.515651 0.288214 -0.414166
-0.510944 0.285481 -0.153166
-0.504339 0.318815 0.0451902
-0.448596 0.269865 0.381174
-0.538653 0.247226 0.710476
-0.637891 0.181161 0.93987
-1.05719 0.15001 1.64717
-1.10748 0.15001 2.55069
-0.496016 0.2751 -0.632918
-0.386948 0.356588 -0.398968
-0.435375 0.383832 -0.238131
-0.345497 0.348995 0.0249184
-0.440939 0.408965 0.14543
-0.484047 0.294021 0.529471
-0.320929 0.325478 0.75027
-0.440064 0.275678 0.817675
-0.640066 0.15001 1.45614
-0.914357 0.15001 2.39834
-0.423492 0.317403 -0.767947
-0.507425 0.404232 -0.510921
-0.508049 0.436677 -0.359141
-0.442918 0.392186 -0.0789087
-0.34835 0.409896 0.294372
-0.40525 0.393047 0.432914
-0.546053 0.381869 0.657802
-0.474355 0.296197 0.960183
-0.315083 0.15001 1.07457
-0.762434 0.15001 2.0354
-0.403904 0.404758 -0.625971
-0.386889 0.49099 -0.466083
-0.364774 0.492344 -0.163171
-0.38117 0.494704 0.0145748
-0.329816 0.515317 0.166282
-0.262731 0.424721 0.419633
-0.4776 0.447165 0.543224
-0.357803 0.377748 0.888749
-0.426945 0.266715 1.11498
-0.632395 0.165917 1.6736
-0.255355 0.539127 -0.556277
-0.253379 0.540983 -0.393205
-0.252358 0.542383 -0.0747085
-0.249111 0.593999 0.0687912
-0.257144 0.519834 0.288225
-0.348214 0.528794 0.526433
-0.377621 0.456626 0.664966
-0.299528 0.479897 0.797109
-0.342644 0.397273 1.04564
-0.481748 0.234637 1.41324
-0.159013 0.665301 -0.378334
-0.195232 0.660201 -0.184227
-0.145336 0.635251 -0.0369974
-0.205745 0.74304 0.0743403
-0.210042 0.640657 0.214645
-0.259598 0.662324 0.543617
-0.388058 0.615221 0.660476
-0.433081 0.56462 0.818674
-0.324067 0.531877 0.949935
-0.409629 0.415157 1.1904
-0.302175 0.15001 -1.00433
-0.115528 0.15001 -0.267959
-0.148576 0.15001 -0.121371
-0.171066 0.15001 0.0236773
-0.158145 0.15001 0.176067
-0.187772 0.15001 0.325458
-0.113058 0.15001 0.472208
-0.191182 0.15001 0.60711
-0.128688 0.15001 0.810872
-0.162203 0.165554 1.08529
-0.247845 0.15001 -1.18459
-0.190158 0.15001 -0.508462
-0.0759454 0.248349 -0.0441183
-0.0864051 0.248365 0.0987796
-0.0892037 0.264658 0.244494
-0.134747 0.276519 0.372552
-0.0960545 0.250188 0.589587
-0.158654 0.265841 0.72508
-0.0709307 0.153404 0.95678
-0.211008 0.15001 2.36581
-0.434255 0.15001 -1.13436
-0.333662 0.15001 -0.54124
-0.231623 0.221106 -0.211387
-0.251502 0.256994 -0.0502937
-0.237361 0.260987 0.0937044
-0.236662 0.262956 0.243251
-0.206329 0.275172 0.492169
-0.251682 0.267092 0.854414
-0.434593 0.15001 1.62651
-0.583764 0.15001 2.73135
-0.215489 0.15001 -0.663864
-0.233447 0.151038 -0.36182
-0.161914 0.325743 -0.1414
-0.15674 0.35685 -0.000454635
-0.150596 0.364294 0.149979
-0.12418 0.404817 0.432607
-0.153332 0.37498 0.56804
-0.264818 0.271348 0.628685
-0.184162 0.279044 0.990103
-0.29945 0.15001 2.07271
-0.325929 0.270516 -0.643161
-0.405627 0.283861 -0.518408
-0.312091 0.283488 -0.31242
-0.354341 0.28886 -0.162756
-0.295993 0.372673 0.168829
-0.290237 0.286951 0.37227
-0.0754894 0.374369 0.687997
-0.1083 0.274525 0.867082
-0.104638 0.15001 1.23453
-0.677331 0.15001 2.53782
-0.190431 0.283239 -0.590661
-0.267706 0.267194 -0.452383
-0.259889 0.383815 -0.2303
-0.277056 0.400465 -0.0874243
-0.188388 0.389209 0.291852
-0.307793 0.390526 0.554613
-0.185087 0.388187 0.814294
-0.22899 0.410219 0.949223
-0.263595 0.286942 1.11681
-0.401409 0.15001 2.26646
-0.253917 0.259175 -0.788364
-0.296743 0.388819 -0.524436
-0.354214 0.47069 -0.315527
-0.242918 0.449137 0.0568107
-0.160602 0.500333 0.174802
-0.20379 0.502866 0.537512
-0.226281 0.410321 0.679819
-0.0795875 0.387233 0.961609
-0.267978 0.185217 1.23906
-0.308287 0.15001 1.83026
-0.239012 0.40879 -0.677133
-0.223894 0.399049 -0.37748
-0.220588 0.519832 -0.2382
-0.107089 0.496482 0.0196656
-0.116769 0.511637 0.335146
-0.0773021 0.552437 0.480802
-0.0868092 0.501938 0.624184
-0.125286 0.511319 0.759264
-0.160296 0.398414 1.08767
-0.147525 0.22603 1.38
-0.112573 0.525401 -0.427199
-0.0832087 0.550987 -0.281307
-0.0480405 0.602807 -0.144113
-0.100734 0.624429 0.104752
-0.0628549 0.600891 0.241682
-0.232195 0.575958 0.417359
-0.24419 0.55581 0.668636
-0.128875 0.515138 0.907042
-0.0288485 0.494995 1.05274
-0.243691 0.385702 1.23679
0.0174987 0.598318 -0.406537
-0.0343471 0.703807 -0.277601
-0.0444121 0.749588 -0.0956734
-0.0194957 0.755275 0.0721835
-0.000861894 0.740249 0.266744
-0.128084 0.675505 0.366615
-0.107135 0.650282 0.620431
-0.224315 0.617453 0.822842
-0.188076 0.545086 1.05132
-0.104733 0.490975 1.20328
0.0534193 0.15001 -0.70646
0.0310969 0.15001 -0.258076
0.00593981 0.15001 -0.111289
-0.00640919 0.15001 0.0383598
-0.0118695 0.15001 0.190431
-0.0282697 0.159517 0.347638
0.0247333 0.161075 0.546839
-0.0495421 0.150521 0.685719
0.0267887 0.15001 0.832188
0.131147 0.15001 1.13484
-0.0498754 0.15001 -1.16922
0.0632632 0.15001 -0.407735
0.0834035 0.267266 -0.143346
0.11877 0.182854 0.107017
0.104569 0.183529 0.265131
0.104307 0.196071 0.4276
0.0963791 0.189504 0.67729
0.138476 0.23929 0.808032
0.0837997 0.15001 0.981803
0.167151 0.15001 1.44265
-0.116115 0.15001 -0.989046
-0.0801465 0.15001 -0.411235
-0.0541375 0.260618 -0.196652
0.0650558 0.279386 0.00136373
0.0367921 0.291801 0.171365
0.0279152 0.301118 0.326658
-0.026118 0.280657 0.464393
0.0199714 0.2718 0.919224
-0.0132514 0.15001 1.10136
-0.00471395 0.15001 2.66041
0.100102 0.15482 -0.550963
-0.0182306 0.264362 -0.338185
0.0402908 0.362635 -0.241998
0.113499 0.386009 0.0905059
0.117594 0.393797 0.241392
0.099528 0.351642 0.455296
0.0293581 0.304331 0.613246
-0.000171479 0.276057 0.760821
0.0794256 0.276028 1.07908
-0.0888207 0.15001 2.07571
-0.0528291 0.186186 -0.563293
-0.12412 0.283686 -0.457485
-0.159977 0.284779 -0.316504
-0.0199324 0.36977 -0.0897065
-0.0291327 0.373246 0.0649084
0.110926 0.426198 0.590238
0.128631 0.350552 0.710847
0.0979615 0.375405 0.850224
0.0205256 0.239448 1.21859
-0.0612746 0.203917 2.47871
-0.0565689 0.352332 -0.590041
-0.0623365 0.393259 -0.38077
-0.10504 0.406784 -0.24769
0.0474577 0.473899 -0.00956893
-0.0439343 0.406566 0.240574
-0.0183919 0.413979 0.53194
-0.0424134 0.400399 0.82768
-0.0559303 0.279259 1.04978
-0.124735 0.286782 1.18439
-0.02382 0.191474 2.26328
-0.0852358 0.253943 -0.713477
-0.159276 0.418419 -0.511977
0.0397804 0.48285 -0.323824
-0.130896 0.472766 -0.119421
-0.011329 0.498339 0.130127
0.00358248 0.435328 0.378752
0.0369715 0.461688 0.727735
0.0645557 0.392387 0.993217
0.136368 0.332162 1.21712
0.0218358 0.15001 1.3457
-0.0883902 0.507366 -0.61988
0.00256706 0.454074 -0.492371
0.0151178 0.479576 -0.167347
0.135036 0.518067 0.133464
0.0541129 0.515584 0.260806
0.0733676 0.518578 0.483169
0.177933 0.496635 0.694875
0.176273 0.495662 0.845525
-0.00391091 0.379441 1.14934
0.0877858 0.304806 1.3683
0.14053 0.503969 -0.45486
0.0772731 0.604366 -0.238877
0.12794 0.550801 -0.103404
0.00489139 0.61174 -0.00431336
0.0502325 0.638033 0.148226
0.0145255 0.597909 0.37483
0.0441344 0.565596 0.622118
0.0283798 0.505574 0.902138
0.138056 0.435183 1.11057
-0.0534168 0.359935 1.30626
0.0562111 0.582907 -0.565682
0.124748 0.700434 -0.363501
0.123773 0.703349 -0.109979
0.202234 0.685812 0.160467
0.125251 0.644542 0.285814
0.0574443 0.677052 0.505436
0.158729 0.640583 0.745383
-0.000153225 0.601407 0.783548
0.14435 0.547697 0.999469
0.070242 0.483763 1.24408
0.268823 0.15001 -0.641252
0.191742 0.15001 -0.338513
0.15888 0.15001 -0.185541
0.137604 0.15001 -0.033888
0.234742 0.15001 0.184276
0.228278 0.15001 0.334595
0.182982 0.15001 0.559361
0.227274 0.15001 0.717058
0.210764 0.15001 0.885214
0.274987 0.15256 1.17168
0.137388 0.15001 -1.2245
0.235997 0.15001 -0.485109
0.223577 0.247063 -0.0919671
0.273429 0.162891 0.0430264
0.307141 0.251251 0.254221
0.25674 0.219806 0.454051
0.296239 0.231918 0.600984
0.315323 0.216849 0.816223
0.23804 0.15001 1.02719
0.445285 0.15001 2.12041
0.0556208 0.15001 -0.896408
0.155492 0.262769 -0.455899
0.118872 0.256415 -0.299185
0.210714 0.299282 0.0364535
0.190613 0.28846 0.182344
0.177076 0.293244 0.336974
0.161935 0.286325 0.564017
0.157241 0.27315 0.955028
0.308798 0.15001 1.33055
0.395583 0.15001 2.59827
0.201571 0.27801 -0.604787
0.254091 0.284848 -0.358302
0.202001 0.331013 -0.216309
0.316619 0.397464 0.01686
0.269679 0.392403 0.289974
0.244467 0.367028 0.442703
0.260604 0.382706 0.602049
0.248587 0.287628 0.713211
0.215985 0.28449 1.09574
0.161141 0.15001 2.33832
0.058611 0.277218 -0.631122
0.0196887 0.291146 -0.474225
0.115382 0.378117 -0.376073
0.144149 0.385787 -0.086274
0.411655 0.42809 0.382827
0.358815 0.459443 0.508314
0.419649 0.463964 0.773922
0.298018 0.269325 0.966737
0.162027 0.189441 1.27639
0.309869 0.231926 2.45005
0.367242 0.298975 -0.655606
0.119044 0.386109 -0.543492
0.261535 0.426605 -0.311451
0.306843 0.352793 -0.122223
0.254606 0.417427 0.149064
0.21316 0.485625 0.510727
0.240812 0.339839 0.851197
0.214283 0.405308 0.984442
0.276072 0.287277 1.24471
0.307008 0.210286 2.23393
0.0653658 0.425724 -0.685155
0.242806 0.390041 -0.458884
0.151042 0.464255 -0.224791
0.203203 0.477328 0.00796909
0.392483 0.476104 0.117876
0.148539 0.46005 0.367614
0.291028 0.417383 0.741861
0.365225 0.389959 1.00364
0.401866 0.362377 1.23842
0.248229 0.295393 1.39982
0.262975 0.437291 -0.604588
0.188673 0.559307 -0.33314
0.261541 0.484168 -0.131912
0.281705 0.563613 0.107005
0.211733 0.529854 0.251436
0.288095 0.506895 0.383452
0.312723 0.521526 0.630991
0.315392 0.461288 0.885354
0.28061 0.411533 1.14066
0.411435 0.29013 1.37898
0.308331 0.513224 -0.431303
0.336492 0.554742 -0.288588
0.234791 0.616655 -0.195862
0.14856 0.621359 0.0281408
0.353232 0.510695 0.251802
0.179649 0.606636 0.419557
0.185628 0.606965 0.5851
0.299772 0.565989 0.772394
0.305642 0.520236 1.03245
0.238103 0.435897 1.29172
0.226314 0.62041 -0.509628
0.289254 0.688082 -0.344159
0.279776 0.608617 -0.0426053
0.359954 0.696963 0.113275
0.294319 0.654751 0.31107
0.321953 0.604657 0.496137
0.324226 0.674434 0.644021
0.329122 0.619702 0.915924
0.329616 0.552735 1.1894
0.422538 0.479822 1.33248
0.456289 0.15001 -0.654371
0.410535 0.15001 -0.242936
0.331801 0.15001 -0.101572
0.424213 0.15001 0.0272557
0.382529 0.15001 0.174557
0.375886 0.15001 0.354182
0.376991 0.15001 0.515115
0.377316 0.15001 0.686556
0.372415 0.15001 0.927763
0.521331 0.16998 1.12784
0.363281 0.15001 -1.31419
0.469817 0.15001 -0.392778
0.418749 0.264489 -0.155605
0.480241 0.240566 0.115414
0.457644 0.234339 0.263756
0.460554 0.240341 0.43536
0.449569 0.255588 0.602819
0.454242 0.175816 0.810232
0.386783 0.15001 1.07295
0.695101 0.15001 2.21081
0.30461 0.15001 -1.13044
0.331032 0.155109 -0.367674
0.280492 0.205456 -0.229222
0.369413 0.270029 -0.0177021
0.337092 0.289659 0.121561
0.354685 0.301954 0.367976
0.359177 0.315819 0.509156
0.525088 0.15001 0.967901
0.62757 0.15001 1.24358
0.715205 0.15001 2.77872
0.385837 0.15001 -0.51574
0.484636 0.263298 -0.298922
0.449347 0.383615 -0.0844397
0.46279 0.369963 0.0642116
0.407791 0.371497 0.225691
0.494677 0.363495 0.500659
0.410476 0.398427 0.626965
0.398501 0.304215 0.731022
0.355497 0.286696 1.11156
0.499053 0.15001 2.35571
0.470524 0.275878 -0.535199
0.310176 0.276556 -0.514374
0.355453 0.323026 -0.265666
0.620301 0.422824 0.271325
0.586227 0.433808 0.412966
0.583376 0.443508 0.576648
0.677854 0.356661 0.685153
0.401254 0.332356 0.870108
0.409616 0.199763 1.22304
0.764847 0.15001 2.59162
0.571119 0.26516 -0.675594
0.533046 0.34046 -0.414505
0.504495 0.381568 -0.231262
0.532221 0.479027 -0.00528854
0.709688 0.50996 0.341251
0.48788 0.517376 0.491363
0.53249 0.397281 0.842965
0.442082 0.262734 0.99707
0.496892 0.321087 1.12792
0.677555 0.296329 2.31143
0.535126 0.412366 -0.586099
0.394406 0.287967 -0.404228
0.382669 0.449384 -0.200498
0.386135 0.504658 -0.0385883
0.498358 0.485602 0.288242
0.671724 0.522264 0.490121
0.534844 0.410525 0.699678
0.510584 0.393843 0.990371
0.628336 0.412057 1.08006
0.494334 0.15001 1.35397
0.395466 0.407804 -0.503815
0.415535 0.427257 -0.352488
0.525546 0.494099 -0.152471
0.535987 0.477124 0.144828
0.616003 0.577323 0.232121
0.579098 0.582766 0.385608
0.460653 0.539086 0.64338
0.449745 0.508119 0.921601
0.431504 0.452124 1.1183
0.532275 0.275355 1.26783
0.518853 0.492747 -0.446944
0.484793 0.542735 -0.286768
0.397631 0.589912 -0.153757
0.459418 0.593939 0.0503723
0.456568 0.599435 0.20113
0.421418 0.584776 0.372836
0.582904 0.597855 0.58465
0.553464 0.537548 0.794061
0.615022 0.493984 0.940489
0.562202 0.429605 1.22602
0.422252 0.610958 -0.426223
0.451774 0.693249 -0.251519
0.407547 0.706699 -0.0526078
0.552041 0.69643 0.119055
0.51691 0.699492 0.303652
0.466058 0.670742 0.507687
0.439244 0.63536 0.768764
0.54622 0.639768 0.915521
0.529683 0.550159 1.06231
0.576052 0.356305 1.39931
0.610049 0.15001 -0.808329
0.557026 0.15001 -0.251437
0.490325 0.15001 -0.105514
0.579832 0.15001 0.0289178
0.560407 0.15001 0.194251
0.541111 0.15001 0.355664
0.533541 0.15001 0.518986
0.527659 0.15001 0.667948
0.671242 0.182979 0.932005
0.934918 0.15001 2.04218
0.712801 0.15001 -1.52251
0.714454 0.15001 -0.455739
0.670663 0.260331 -0.0250241
0.63663 0.253011 0.115047
0.61912 0.251827 0.28912
0.604116 0.264667 0.435741
0.66447 0.200729 0.682299
0.596351 0.15001 0.808828
0.660512 0.15001 1.0796
0.970577 0.15001 2.58742
0.72998 0.15001 -1.33102
0.552712 0.15001 -0.52238
0.562475 0.267077 -0.16386
0.523041 0.27147 -0.0216851
0.548012 0.339079 0.188516
0.513038 0.338085 0.33947
0.67156 0.284083 0.812082
0.861777 0.15001 0.883306
1.19154 0.15001 1.9726
1.14734 0.15001 2.84816
0.501441 0.15001 -1.10504
0.594731 0.205372 -0.391458
0.59896 0.378688 -0.0875476
0.628647 0.385863 0.0537923
0.704268 0.354727 0.357402
0.674585 0.361615 0.507063
0.585778 0.28713 0.592371
0.542711 0.278358 0.739142
0.584503 0.267876 1.02874
0.96867 0.15001 2.328
0.684857 0.15001 -0.612985
0.773987 0.269259 -0.544541
0.628293 0.304988 -0.287223
0.773461 0.364299 0.0941982
0.868911 0.360713 0.371823
0.750484 0.442759 0.597648
0.792768 0.273383 0.736
0.539328 0.265552 0.887715
0.947744 0.15001 1.69754
1.18815 0.15001 2.65533
0.623664 0.281356 -0.530754
0.710338 0.288601 -0.408499
0.785691 0.276651 -0.285989
0.744196 0.383495 -0.0639124
0.906406 0.323218 0.232259
0.886092 0.382726 0.542823
0.805357 0.39448 0.827705
0.786892 0.275452 0.913033
0.783748 0.194384 1.17381
1.13265 0.208018 2.43782
0.714706 0.393603 -0.61962
0.732099 0.406268 -0.33119
0.667765 0.424294 -0.199535
0.688272 0.463927 0.158209
0.799936 0.421927 0.256274
0.785135 0.439028 0.450931
0.793941 0.516183 0.73184
0.6535 0.351192 0.933909
0.725073 0.289621 1.04808
0.776622 0.248621 2.04994
0.649726 0.412699 -0.46679
0.589678 0.446849 -0.324086
0.668424 0.516517 -0.0779017
0.770804 0.502797 0.0338753
0.796982 0.553035 0.177092
0.868939 0.524045 0.573727
0.650525 0.509335 0.688191
0.671366 0.434938 0.811063
0.774077 0.423449 0.979191
0.64426 0.285973 1.17107
0.693715 0.536171 -0.385865
0.629798 0.570316 -0.229413
0.540781 0.616805 -0.0804749
0.630343 0.564927 0.065664
0.847497 0.555517 0.315793
0.800685 0.59361 0.455389
0.740509 0.598291 0.603884
0.880885 0.522092 0.876791
0.772109 0.390867 1.15956
0.713927 0.273748 1.31917
0.656997 0.547446 -0.54236
0.577969 0.63567 -0.374332
0.664495 0.689202 -0.019652
0.713095 0.677769 0.154579
0.726875 0.662186 0.322787
0.667582 0.684124 0.482322
0.638345 0.661279 0.721836
0.717166 0.577919 0.855382
0.715545 0.544521 1.06246
0.850886 0.264213 1.48207
0.868943 0.15001 -0.515915
0.808701 0.15001 -0.208478
0.640701 0.15001 -0.123532
0.728039 0.15001 0.0703611
0.710101 0.15001 0.224239
0.700013 0.1542 0.380573
0.67582 0.176945 0.535001
0.746477 0.15001 0.800052
1.36962 0.15001 1.78539
1.74287 0.15001 2.73372
0.907413 0.15001 -1.54957
0.830476 0.15001 -0.357069
0.774296 0.15001 -0.0686213
0.813751 0.231143 0.152849
0.796208 0.250715 0.299336
0.814331 0.15001 0.502252
0.791777 0.15001 0.643652
1.00662 0.153274 0.835071
0.799696 0.155663 1.01437
1.26867 0.15001 2.30026
1.03846 0.15001 -1.38938
1.01081 0.15001 -0.633415
0.922902 0.296659 -0.267905
0.960538 0.270714 -0.0332755
1.04993 0.260778 0.20175
1.00302 0.15001 0.443615
0.900135 0.15001 0.734595
1.11319 0.15001 0.941551
1.82099 0.15001 2.23708
1.92494 0.15001 2.84999
0.902765 0.15001 -1.22097
0.692194 0.159555 -0.290886
0.707944 0.274907 -0.165976
0.812923 0.26479 0.00666589
0.709554 0.322043 0.209531
0.77015 0.272126 0.445087
0.769681 0.289105 0.588028
0.902106 0.275551 0.82677
0.932436 0.15001 1.10671
1.67746 0.15001 2.56353
1.15295 0.15001 -1.21642
0.969554 0.190446 -0.404696
0.848426 0.272337 -0.132512
0.937913 0.289231 0.10142
0.967331 0.256912 0.343277
0.904889 0.256581 0.47797
0.902901 0.267542 0.637519
1.16752 0.285972 1.00312
1.54493 0.15001 1.99535
1.94224 0.15001 2.67555
0.835798 0.203604 -0.684713
0.856634 0.284957 -0.417436
0.942561 0.380588 -0.138428
1.08254 0.34965 -0.0870183
1.03 0.395792 0.169978
1.09788 0.273025 0.429974
1.00579 0.27543 0.736487
0.958302 0.217949 0.969311
1.26019 0.15001 1.5087
1.7933 0.182596 2.42206
1.07806 0.258719 -0.508953
0.993966 0.348685 -0.400377
0.810821 0.392114 -0.201118
0.878033 0.393344 -0.00977007
1.05639 0.363432 0.313265
1.02376 0.272327 0.556033
0.858701 0.393907 0.688195
1.04997 0.30335 0.887366
0.865545 0.293653 1.0628
1.35549 0.158123 2.1075
0.926188 0.327265 -0.550843
0.875409 0.415524 -0.340111
1.02172 0.494552 -0.104337
0.892492 0.436803 0.133429
0.951661 0.455356 0.2867
0.996051 0.370753 0.448002
1.01773 0.488002 0.545334
0.96397 0.409501 0.800205
1.16755 0.15001 1.28671
1.15655 0.15001 1.75235
0.799192 0.414421 -0.474175
0.780042 0.526788 -0.252903
0.836692 0.501461 -0.105306
0.930899 0.53182 0.0174704
0.946003 0.567135 0.185316
0.920299 0.495858 0.429554
0.954247 0.514724 0.693759
0.913257 0.368376 0.941495
1.0234 0.296571 1.09615
1.0623 0.15001 1.53602
0.850826 0.553554 -0.403209
0.741049 0.670528 -0.310437
0.755134 0.631258 -0.139285
0.841327 0.647157 0.0522099
0.994751 0.610513 0.334825
0.960051 0.632342 0.505136
0.872416 0.649199 0.677595
1.04377 0.453141 0.941533
0.918493 0.44564 1.07956
1.07659 0.28541 1.42418
1.46457 0.15001 -1.1519
0.953129 0.15001 -0.257649
0.920637 0.15001 -0.109396
0.892403 0.15001 0.044507
0.924044 0.165131 0.221854
0.86795 0.15001 0.36597
0.942557 0.15001 0.579203
1.81763 0.15001 1.3102
2.13466 0.15001 2.14501
2.39985 0.15001 2.71636
1.7081 0.15001 -1.66241
1.12025 0.15001 -0.390089
1.04734 0.15001 -0.0421497
1.02462 0.15001 0.107622
1.05334 0.15001 0.30523
1.16553 0.15001 0.413605
1.31715 0.15001 0.466948
1.04877 0.15001 0.683934
1.3836 0.15001 1.30854
2.01635 0.15001 2.49234
2.16486 0.15001 -1.8348
1.94919 0.15001 -1.18041
1.90493 0.15001 -0.499198
1.16359 0.224981 -0.0865785
1.92 0.15001 0.359969
1.92712 0.15001 0.686792
1.99686 0.15001 1.15702
2.25175 0.15001 1.80048
2.41583 0.15001 2.42793
2.52559 0.15001 2.84999
1.71504 0.15001 -1.46885
1.06279 0.253398 -0.306884
1.01506 0.252544 -0.164585
1.08277 0.28004 0.0508827
1.15021 0.15001 0.194116
1.15744 0.256305 0.300714
1.10785 0.15001 0.550172
1.31827 0.15001 0.915864
1.85306 0.15001 1.78668
2.18534 0.15001 2.72022
2.14177 0.165364 -1.64454
1.75732 0.15001 -0.900267
1.26989 0.15001 -0.157359
1.31552 0.208048 -0.00216317
1.30703 0.15001 0.149068
1.41255 0.182361 0.303939
1.83273 0.15001 0.877706
2.03461 0.15001 1.50123
2.31251 0.15001 2.29898
2.48859 0.302446 2.74587
1.73982 0.15001 -1.24626
1.52448 0.15001 -0.514317
1.17152 0.293944 -0.218007
1.21578 0.335689 -0.00985641
1.30022 0.286491 0.241449
1.27656 0.272478 0.392834
1.21674 0.15001 0.66845
1.56514 0.15001 1.13787
2.01831 0.15001 1.97193
2.23666 0.15001 2.5245
1.4841 0.15001 -0.894886
1.25398 0.197205 -0.313672
1.3108 0.312781 -0.13902
1.19982 0.272618 0.135133
1.1912 0.394044 0.387174
1.21708 0.253139 0.529566
1.13147 0.281618 0.650965
1.1406 0.219058 0.793417
1.65606 0.15001 1.56885
2.01171 0.151824 2.29748
1.40403 0.15001 -0.697245
1.0501 0.392144 -0.245438
1.18514 0.427964 -0.155122
1.01535 0.406125 0.026353
1.18222 0.382616 0.238301
1.13157 0.382383 0.529723
1.00997 0.385255 0.645649
1.28057 0.279961 0.818701
1.51234 0.23916 1.40622
1.76844 0.176504 1.98111
1.15693 0.352749 -0.380699
0.932949 0.496295 -0.233663
1.14412 0.481357 -0.0214187
1.06026 0.526227 0.101681
1.0983 0.506172 0.250698
1.07154 0.48862 0.399142
1.14251 0.479001 0.650142
1.11541 0.377691 0.767142
1.3496 0.201671 1.13202
1.48306 0.210366 1.63657
1.01551 0.499478 -0.37631
1.09914 0.541986 -0.234256
0.931192 0.623634 -0.135298
1.06288 0.626352 -0.0169739
1.086 0.654471 0.191822
1.19584 0.524436 0.486997
1.07379 0.533238 0.794233
1.20215 0.409649 0.893195
1.24057 0.349339 1.16761
1.35008 0.301104 1.50459
2.03935 0.15001 -1.46278
1.96281 0.15001 -0.747221
1.10616 0.15001 -0.204386
1.17307 0.153113 0.0444792
1.2589 0.15001 0.299462
1.60867 0.15001 0.462098
2.09233 0.15001 0.921917
2.72139 0.15001 1.75558
2.70546 0.15001 2.42623
2.69139 0.15001 2.78963
2.49945 0.15001 -1.67924
2.64511 0.15001 -0.846321
2.47584 0.15001 -0.241117
2.06733 0.15001 0.121752
2.18857 0.15001 0.388023
2.24898 0.15001 0.629609
2.64033 0.15001 0.93142
2.33397 0.15001 1.23041
2.49118 0.15001 2.03043
2.52172 0.15001 2.55303
2.55273 0.15001 -1.90419
2.77041 0.15001 -1.15467
2.78813 0.15001 -0.532375
2.74893 0.15001 0.0184463
2.66238 0.15001 0.366671
2.84815 0.15001 0.66403
2.84999 0.15001 1.1025
2.84999 0.15001 1.93205
2.84999 0.15001 2.5645
2.84999 0.15001 2.84999
2.31463 0.15001 -1.39606
2.37697 0.15001 -0.664201
2.20733 0.15001 -0.304606
2.20689 0.15001 -0.0764289
2.40736 0.15001 0.12048
2.43363 0.15001 0.472523
2.40825 0.15001 0.957396
2.56032 0.15001 1.65561
2.72182 0.15001 2.19662
2.67315 0.15001 2.62157
2.37095 0.162857 -1.83007
2.59325 0.15001 -1.06887
2.60346 0.15001 -0.626736
2.61776 0.196071 -0.111456
2.52408 0.235821 0.269564
2.67695 0.155012 0.734577
2.68231 0.15001 1.17098
2.67654 0.15001 1.95984
2.7733 0.303441 2.48972
2.77807 0.311348 2.79557
2.3421 0.203478 -1.58121
2.4464 0.15001 -0.86223
2.38531 0.15001 -0.4339
2.38952 0.214203 -0.077588
2.30004 0.229252 0.256026
2.40218 0.231378 0.700708
2.49335 0.203502 1.1281
2.4387 0.18232 1.7938
2.52787 0.15001 2.24072
2.62291 0.321121 2.61162
2.14951 0.15001 -1.26455
2.14083 0.15001 -0.631092
1.9668 0.15001 -0.294836
1.93049 0.15001 -0.0499368
1.89339 0.205273 0.176802
2.0325 0.187779 0.527472
2.09712 0.239931 0.755538
2.14422 0.158567 1.31464
2.29456 0.15001 2.00459
2.48281 0.310896 2.4694
1.91046 0.214237 -1.00077
1.71035 0.185667 -0.493206
1.76482 0.15001 -0.162999
1.3323 0.35642 0.104228
1.3839 0.374213 0.337672
1.44701 0.255148 0.462045
1.38477 0.176841 0.625384
1.80087 0.170516 1.07669
2.0328 0.192799 1.72229
2.24277 0.276336 2.20891
1.64865 0.157474 -0.722802
1.43293 0.250766 -0.309305
1.3082 0.45895 -0.0342946
1.16385 0.413554 0.103979
1.27561 0.495707 0.262707
1.30927 0.382958 0.504739
1.27103 0.338007 0.663895
1.59527 0.15001 0.935043
1.71242 0.269165 1.39908
1.9477 0.297475 1.90424
1.49977 0.2915 -0.613765
1.28073 0.407656 -0.282214
1.22007 0.582954 -0.119211
1.21889 0.561373 0.104047
1.50845 0.489819 0.296571
1.49907 0.423512 0.491509
1.47391 0.318796 0.706181
1.47572 0.287017 0.92145
1.58765 0.302111 1.22782
1.78162 0.29765 1.71928
-3 0 -3
-3 0 3
-3 1 -3
-3 1 3
-3 2 -3
-3 2 3
-3 3 -3
-3 3 3
-3 4 -3
-3 4 3
-3 5 -3
-3 5 3
-3 6 -3
-3 6 3
-2 0 -3
-2 0 3
-2 1 -3
-2 1 3
-2 2 -3
-2 2 3
-2 3 -3
-2 3 3
-2 4 -3
-2 4 3
-2 5 -3
-2 5 3
-2 6 -3
-2 6 3
-1 0 -3
-1 0 3
-1 1 -3
-1 1 3
-1 2 -3
-1 2 3
-1 3 -3
-1 3 3
-1 4 -3
-1 4 3
-1 5 -3
-1 5 3
-1 6 -3
-1 6 3
0 0 -3
0 0 3
0 1 -3
0 1 3
0 2 -3
0 2 3
0 3 -3
0 3 3
0 4 -3
0 4 3
0 5 -3
0 5 3
0 6 -3
0 6 3
1 0 -3
1 0 3
1 1 -3
1 1 3
1 2 -3
1 2 3
1 3 -3
1 3 3
1 4 -3
1 4 3
1 5 -3
1 5 3
1 6 -3
1 6 3
2 0 -3
2 0 3
2 1 -3
2 1 3
2 2 -3
2 2 3
2 3 -3
2 3 3
2 4 -3
2 4 3
2 5 -3
2 5 3
2 6 -3
2 6 3
-3 0 -3
-3 7 -3
-3 0 -2
-3 7 -2
-3 0 -1
-3 7 -1
-3 0 0
-3 7 0
-3 0 1
-3 7 1
-3 0 2
-3 7 2
-2 0 -3
-2 7 -3
-2 0 -2
-2 7 -2
-2 0 -1
-2 7 -1
-2 0 0
-2 7 0
-2 0 1
-2 7 1
-2 0 2
-2 7 2
-1 0 -3
-1 7 -3
-1 0 -2
-1 7 -2
-1 0 -1
-1 7 -1
-1 0 0
-1 7 0
-1 0 1
-1 7 1
-1 0 2
-1 7 2
0 0 -3
0 7 -3
0 0 -2
0 7 -2
0 0 -1
0 7 -1
0 0 0
0 7 0
0 0 1
0 7 1
0 0 2
0 7 2
1 0 -3
1 7 -3
1 0 -2
1 7 -2
1 0 -1
1 7 -1
1 0 0
1 7 0
1 0 1
1 7 1
1 0 2
1 7 2
2 0 -3
2 7 -3
2 0 -2
2 7 -2
2 0 -1
2 7 -1
2 0 0
2 7 0
2 0 1
2 7 1
2 0 2
2 7 2
-3 0 -3
3 0 -3
-3 0 -2
3 0 -2
-3 0 -1
3 0 -1
-3 0 0
3 0 0
-3 0 1
3 0 1
-3 0 2
3 0 2
-3 1 -3
3 1 -3
-3 1 -2
3 1 -2
-3 1 -1
3 1 -1
-3 1 0
3 1 0
-3 1 1
3 1 1
-3 1 2
3 1 2
-3 2 -3
3 2 -3
-3 2 -2
3 2 -2
-3 2 -1
3 2 -1
-3 2 0
3 2 0
-3 2 1
3 2 1
-3 2 2
3 2 2
-3 3 -3
3 3 -3
-3 3 -2
3 3 -2
-3 3 -1
3 3 -1
-3 3 0
3 3 0
-3 3 1
3 3 1
-3 3 2
3 3 2
-3 4 -3
3 4 -3
-3 4 -2
3 4 -2
-3 4 -1
3 4 -1
-3 4 0
3 4 0
-3 4 1
3 4 1
-3 4 2
3 4 2
-3 5 -3
3 5 -3
-3 5 -2
3 5 -2
-3 5 -1
3 5 -1
-3 5 0
3 5 0
-3 5 1
3 5 1
-3 5 2
3 5 2
-3 6 -3
3 6 -3
-3 6 -2
3 6 -2
-3 6 -1
3 6 -1
-3 6 0
3 6 0
-3 6 1
3 6 1
-3 6 2
3 6 2
