1240 0.1
-2.23281 0.15001 -2.35063
-0.936626 0.15001 -0.833364
-0.960495 0.15001 -0.632063
-0.491754 0.15001 -0.280437
-0.39087 0.15001 -0.00245055
-0.468966 0.15001 0.148662
-0.5075 0.15001 0.321689
-2.12475 0.15001 1.2256
-2.52175 0.15001 1.82279
-2.45571 0.15001 2.43898
-2.68502 0.15001 -2.66008
-2.40702 0.15001 -2.28018
-1.14208 0.15001 -0.563696
-1.19558 0.15001 -0.377066
-1.24198 0.15001 -0.173981
-1.29641 0.15001 0.028609
-2.84748 0.15001 1.17766
-2.84999 0.15001 1.37062
-2.81555 0.15001 2.21314
-2.64006 0.15001 2.83416
-2.55993 0.15001 -2.5226
-2.25901 0.15001 -2.1623
-1.12155 0.15001 -0.755384
-0.998311 0.15001 -0.432652
-1.04216 0.15001 -0.231299
-1.0914 0.15001 -0.0257472
-2.65682 0.15001 1.18667
-2.70437 0.15001 1.50502
-2.84999 0.15001 2.40369
-2.84999 0.15001 2.83241
-2.38101 0.15001 -2.46737
-0.445493 0.15001 -0.626057
-0.485219 0.15001 -0.45203
-0.35418 0.198309 -0.236462
-0.307084 0.289301 -0.00578094
-0.303699 0.15001 0.147942
-0.984916 0.15001 0.159601
-2.5397 0.15001 1.36269
-2.62259 0.15001 2.20107
-2.38879 0.15001 2.77271
-2.10806 0.15001 -2.04989
-0.748027 0.15001 -0.759911
-0.416289 0.266557 -0.519191
-0.428174 0.272343 -0.361497
-0.431549 0.261839 -0.112021
-0.384274 0.219252 0.265374
-0.463123 0.15001 0.490887
-2.54046 0.15001 1.63063
-2.65401 0.15001 2.43391
-2.76824 0.15001 2.62427
-2.08441 0.15001 -2.23518
-0.406521 0.275513 -0.699083
-0.35393 0.37764 -0.440126
-0.380878 0.357667 -0.244239
-0.378245 0.278747 0.11669
-0.508436 0.308901 0.224474
-0.459637 0.28008 0.39243
-2.29569 0.15001 1.31769
-2.36732 0.15001 2.21469
-2.54935 0.15001 2.6394
-0.553812 0.194506 -0.774326
-0.553833 0.279409 -0.617167
-0.554093 0.32105 -0.445228
-0.536322 0.309577 -0.243124
-0.389862 0.42142 0.0305554
-0.364178 0.389201 0.216452
-0.543518 0.297827 0.527883
-2.02758 0.15001 1.39341
-2.32693 0.15001 1.80211
-2.23062 0.15001 2.63227
-0.439193 0.317256 -0.848475
-0.427796 0.407245 -0.595478
-0.295353 0.456304 -0.328729
-0.463576 0.443485 -0.349436
-0.254812 0.397551 0.107273
-0.149808 0.520173 0.332338
-0.45871 0.433956 0.339231
-0.465364 0.297203 0.699863
-1.98047 0.15001 1.59942
-2.25777 0.15001 2.40865
-0.323745 0.440375 -0.862671
-0.312831 0.545769 -0.665956
-0.242828 0.548603 -0.441745
-0.30954 0.480672 -0.168912
-0.201381 0.540983 0.181399
-0.330018 0.530889 0.277199
-0.360228 0.534845 0.527693
-0.328559 0.389286 0.622718
-0.413429 0.281467 0.873538
-1.97607 0.15001 1.95901
-0.149559 0.600799 -0.598079
-0.0525389 0.593249 -0.420357
-0.0593484 0.606246 -0.249962
-0.172672 0.599493 -0.0776769
-0.0733828 0.642352 0.0542687
-0.2306 0.605813 0.436396
-0.630227 0.256107 0.374795
-0.482342 0.436658 0.604734
-0.301372 0.412884 0.800651
-1.86757 0.15001 1.78177
-0.415619 0.15001 -1.17372
-0.182806 0.15001 -0.42932
-0.0698623 0.15001 -0.267143
-0.094069 0.15001 -0.116358
-0.0949026 0.15001 0.0377097
-0.0988388 0.15001 0.314926
-0.188793 0.15001 0.43568
-0.125069 0.15001 0.581742
-0.0610559 0.15001 0.724738
-1.83349 0.15001 2.12219
-2.20564 0.15001 -2.53718
-0.528572 0.15001 -0.961541
-0.334161 0.156033 -0.390756
-0.255291 0.152292 -0.130883
-0.239171 0.15001 0.0168124
-0.251881 0.15001 0.294499
-0.387177 0.15001 0.662807
-0.218554 0.15001 0.697159
-0.322079 0.15001 0.818069
-1.84218 0.15001 2.78676
-2.0576 0.15001 -2.42149
-0.389589 0.15001 -0.810017
-0.315889 0.15001 -0.539495
-0.220353 0.15001 -0.285507
-0.172183 0.257548 -0.054842
-0.154669 0.15001 0.174149
-0.332605 0.19337 0.415483
-2.25531 0.15001 1.52893
-2.05824 0.15001 2.45291
-2.16179 0.15001 2.84999
-0.209124 0.15001 -0.864083
-0.175774 0.176202 -0.578934
-0.254676 0.267006 -0.470254
-0.158817 0.250067 -0.204086
-0.189069 0.266016 0.0938347
-0.193402 0.272918 0.353894
-0.263486 0.31544 0.480794
-0.273257 0.167836 0.554971
-0.154635 0.276279 0.747342
-1.67336 0.15001 2.51488
-0.339904 0.15001 -0.987394
-0.286318 0.166022 -0.691066
-0.298791 0.293626 -0.600583
-0.275772 0.287903 -0.329447
-0.284953 0.306182 -0.14816
-0.256232 0.277896 0.215697
-0.38684 0.264336 0.558249
-0.614143 0.15001 0.742772
-2.18278 0.15001 2.03217
-2.02843 0.15001 2.69265
-0.286761 0.273621 -0.811019
-0.163741 0.345597 -0.567735
-0.193208 0.384744 -0.419244
-0.0954124 0.353843 -0.128653
-0.22401 0.410929 -0.0593779
-0.326002 0.33181 0.346051
-0.208069 0.29204 0.61051
-0.308586 0.27519 0.718048
-1.64336 0.15001 1.86653
-1.86563 0.15001 2.57052
-0.211436 0.312293 -0.946726
-0.309213 0.396041 -0.709413
-0.27623 0.438211 -0.548204
-0.205179 0.380518 -0.245036
-0.108568 0.405945 0.15829
-0.211441 0.404533 0.267702
-0.394182 0.39067 0.476968
-0.249447 0.276534 0.860491
-0.151762 0.15001 0.839087
-1.72547 0.15001 2.3092
-0.182906 0.400381 -0.808826
-0.17395 0.458321 -0.661676
-0.132291 0.486318 -0.333225
-0.141912 0.489754 -0.175996
-0.1596 0.501682 0.0431591
-0.0557547 0.398992 0.297805
-0.278066 0.457963 0.40266
-0.17975 0.416589 0.690077
-0.24008 0.15001 0.969878
-1.62119 0.15001 2.08413
-0.0816732 0.52702 -0.779781
-0.0205831 0.502285 -0.630889
0.00783284 0.471743 -0.187822
-0.000205692 0.591275 -0.0973245
-0.00985712 0.505399 0.0803812
-0.0976055 0.521735 0.479225
-0.220931 0.453641 0.542972
-0.0561437 0.506267 0.636887
-0.141086 0.390001 0.841596
-1.42389 0.15001 1.83434
0.041166 0.627676 -0.553806
0.0218976 0.481054 -0.333039
0.0996607 0.585229 -0.239124
0.0856495 0.715712 -0.128905
0.0879845 0.61871 0.0244925
-0.0617484 0.655354 0.338131
-0.165999 0.604402 0.596498
-0.287287 0.53237 0.686218
-0.0495013 0.517021 0.809447
-0.275595 0.309826 1.01281
-0.124191 0.15001 -1.16043
0.11365 0.15001 -0.409114
0.0820912 0.15001 -0.258168
0.0587889 0.15001 -0.102461
0.0487608 0.15001 0.0536218
-0.00563853 0.15001 0.192605
0.0509084 0.15001 0.337764
-0.0364371 0.15001 0.459481
0.0252646 0.15001 0.606774
-0.0118019 0.15001 0.903026
-0.0509921 0.15001 -1.35925
0.00976971 0.15001 -0.699158
0.145324 0.253381 -0.169288
0.124272 0.257284 -0.0148749
0.107684 0.269529 0.134853
0.036014 0.275639 0.258246
0.100656 0.274123 0.406041
0.017517 0.273231 0.521616
0.0755288 0.15001 0.778265
-0.562098 0.15001 2.59695
-0.257779 0.15001 -1.31697
-0.137818 0.15001 -0.723913
-0.0353377 0.15001 -0.40735
-0.00480633 0.254173 -0.189371
-0.0222565 0.256489 -0.036152
-0.0373572 0.270668 0.11556
-0.0444029 0.273829 0.376165
-0.0641905 0.271935 0.637971
-1.39972 0.15001 2.05958
-1.46355 0.15001 2.84999
-0.00900536 0.15001 -0.852031
-0.0176614 0.15001 -0.553145
0.0199138 0.262595 -0.337409
0.0567004 0.357349 -0.107369
0.0406152 0.369872 0.0402811
0.091437 0.395673 0.325929
0.00161293 0.395631 0.444581
-0.126517 0.266575 0.493008
-0.0242243 0.270374 0.811708
-0.675043 0.15001 2.33455
-0.108365 0.265646 -0.82073
-0.194343 0.293151 -0.699414
-0.0959703 0.259535 -0.483824
-0.131907 0.267248 -0.345909
-0.108878 0.360178 0.0245416
-0.111173 0.278421 0.235862
0.145147 0.39608 0.478729
0.0681977 0.272996 0.690343
0.0746425 0.15169 1.02896
-1.64094 0.15001 2.7276
0.0359822 0.28174 -0.778263
-0.0699455 0.256738 -0.643114
-0.0429501 0.376147 -0.415168
-0.0613636 0.368449 -0.268063
0.0414829 0.400632 0.181285
-0.144583 0.392746 0.416331
0.0536565 0.393041 0.5992
-0.035419 0.386835 0.723915
-0.119039 0.265168 0.933031
-0.770553 0.15001 2.53051
-0.0557137 0.238931 -0.985025
-0.061376 0.380156 -0.718282
-0.114789 0.475559 -0.507542
-0.0529495 0.463782 -0.0529196
0.0919676 0.479042 -0.0384787
0.00251184 0.520585 0.364295
-0.0907212 0.388955 0.560136
0.0844268 0.389346 0.807074
-0.09056 0.15001 1.04317
-0.727122 0.15001 2.14816
-0.0180888 0.394192 -0.876325
-0.0173802 0.368069 -0.564168
0.0427799 0.478378 -0.487152
0.155574 0.463479 -0.168564
0.134122 0.501068 0.107081
0.104083 0.523887 0.25019
0.144216 0.520583 0.395094
0.172549 0.503575 0.589001
-0.011048 0.393302 0.916408
-0.115939 0.15001 1.32235
0.140917 0.51505 -0.602001
0.114724 0.57938 -0.402479
0.172606 0.469591 -0.313742
0.176258 0.592826 -0.101079
0.238339 0.620412 0.0379743
-0.0457011 0.532285 0.218812
0.0470979 0.520091 0.515061
0.0784821 0.501513 0.709019
0.145052 0.40634 0.952395
-0.134299 0.403008 1.01466
0.294958 0.513496 -0.566871
0.212722 0.63521 -0.516555
0.1911 0.691552 -0.315286
0.266977 0.718147 -0.13974
0.333828 0.713524 0.189445
0.0574331 0.649118 0.173837
0.174453 0.634181 0.492589
0.0450912 0.631146 0.625513
0.130497 0.532847 0.861203
0.0391341 0.423186 1.07461
0.329611 0.15001 -0.92104
0.266018 0.152659 -0.388075
0.233821 0.15001 -0.235365
0.209217 0.15001 -0.0799952
0.192296 0.15001 0.0749632
0.144664 0.15001 0.216222
0.196876 0.15001 0.367194
0.111969 0.15001 0.488274
0.162105 0.15001 0.654443
0.309175 0.15001 0.910504
0.160559 0.15001 -1.39645
0.271797 0.15001 -0.671424
0.323097 0.259463 -0.290271
0.356617 0.15001 -0.0443797
0.335442 0.15001 0.106072
0.294683 0.15001 0.252217
0.250716 0.15001 0.534298
0.253318 0.26794 0.672149
0.240961 0.15001 0.77781
0.424853 0.15001 1.37634
0.0844057 0.15001 -1.19876
0.141134 0.15001 -0.565202
0.170722 0.256409 -0.321286
0.295473 0.25611 -0.141583
0.270535 0.256494 0.0124477
0.249525 0.266574 0.162964
0.180178 0.27512 0.286785
0.168583 0.270826 0.793153
0.157393 0.15001 0.900731
-0.196556 0.15001 2.83953
0.392193 0.15001 -0.769751
0.196769 0.258019 -0.472672
0.258738 0.355843 -0.384276
0.350699 0.357127 -0.0523618
0.333897 0.363534 0.0940539
0.319282 0.277601 0.326979
0.239706 0.273527 0.44885
0.153336 0.274582 0.567581
0.232257 0.278081 0.929455
-0.456132 0.15001 2.28183
0.145864 0.17902 -0.734624
0.0680628 0.2651 -0.629402
0.0499364 0.262498 -0.482643
0.234408 0.356294 -0.230488
0.204786 0.356973 -0.0816103
0.348974 0.380201 0.45141
0.258574 0.38383 0.56793
0.325067 0.394786 0.705023
0.225053 0.15653 1.03715
-0.359734 0.15001 2.68983
0.17734 0.333687 -0.774085
0.135055 0.371244 -0.547793
0.107609 0.368414 -0.400327
0.299806 0.46399 -0.143407
0.18769 0.369866 0.0659838
0.236091 0.393608 0.359573
0.171166 0.383131 0.687238
0.0822072 0.271683 0.908617
-0.00871327 0.283225 1.02517
-0.333251 0.15001 2.46927
0.143232 0.216483 -0.890656
0.0797962 0.402247 -0.68611
0.20089 0.466184 -0.46394
0.0866152 0.361599 -0.253443
0.229666 0.481455 -0.0143092
0.189945 0.399728 0.210134
0.32423 0.513904 0.606459
0.236593 0.400883 0.833094
0.296555 0.28863 1.07476
0.302725 0.15001 1.17794
0.156988 0.49836 -0.777469
0.236365 0.411973 -0.661058
0.31496 0.457098 -0.297427
0.363938 0.482278 0.00531589
0.278897 0.49367 0.131038
0.251981 0.519266 0.292452
0.416579 0.395046 0.58498
0.391991 0.527082 0.741778
0.14194 0.291397 1.05005
0.166114 0.227748 1.18527
0.388422 0.412519 -0.628591
0.273199 0.571158 -0.382277
0.426735 0.519182 -0.243402
0.262349 0.578609 -0.227785
0.337037 0.59515 -0.0822811
0.212655 0.613661 0.186211
0.270319 0.503926 0.46514
0.234553 0.511803 0.737774
0.303509 0.406625 0.973191
0.00290878 0.22112 1.16807
0.320657 0.530989 -0.727935
0.413005 0.605651 -0.44564
0.535986 0.632142 -0.273793
0.52086 0.69655 0.01361
0.380549 0.616868 0.0776401
0.339722 0.623625 0.382206
0.396989 0.649694 0.62014
0.225042 0.640629 0.65773
0.320944 0.536935 0.884887
0.212102 0.423301 1.10702
0.503248 0.15001 -0.893119
0.42355 0.15001 -0.627021
0.408499 0.15001 -0.341179
0.37958 0.15001 -0.194068
0.501718 0.15001 0.00129647
0.476917 0.15001 0.154179
0.335258 0.15001 0.411009
0.413568 0.15001 0.5402
0.328329 0.15001 0.659654
0.467212 0.15001 0.927288
0.330908 0.15001 -1.48935
0.53571 0.15001 -0.73496
0.466923 0.257549 -0.246784
0.522369 0.15001 -0.149756
0.563871 0.260186 0.0907902
0.442865 0.167893 0.308343
0.514263 0.15001 0.441316
0.476499 0.15001 0.671633
0.394097 0.15001 0.792691
0.252509 0.15001 2.38001
0.284389 0.15001 -1.1194
0.334911 0.276469 -0.663176
0.306511 0.178615 -0.534311
0.440999 0.259014 -0.0977355
0.419559 0.257771 0.0502058
0.386862 0.258343 0.201126
0.421342 0.262088 0.432886
0.316453 0.275481 0.804574
0.473908 0.15001 1.17072
0.234333 0.15001 2.82973
0.423799 0.27913 -0.853094
0.439631 0.276477 -0.564243
0.365322 0.266826 -0.435285
0.528167 0.36272 -0.147217
0.476764 0.353693 0.154582
0.44867 0.34539 0.31633
0.504511 0.272807 0.54988
0.341446 0.268987 0.554744
0.380414 0.27798 0.940449
-0.116309 0.15001 2.57303
0.276467 0.232371 -0.798991
0.205005 0.271617 -0.626937
0.295285 0.35081 -0.532295
0.387499 0.36546 -0.199646
0.624053 0.366514 0.184384
0.59984 0.388982 0.322041
0.635457 0.515373 0.669723
0.464159 0.274018 0.816434
0.379409 0.15401 1.04341
0.0674696 0.15001 2.68653
0.664756 0.15001 -0.853923
0.336253 0.378288 -0.773299
0.46874 0.386159 -0.484813
0.505807 0.264986 -0.389676
0.49086 0.377805 0.00590753
0.386753 0.476664 0.35244
0.408866 0.280128 0.681812
0.388899 0.400516 0.839722
0.449847 0.283555 1.07673
0.082363 0.15001 2.47885
0.282604 0.334327 -0.921148
0.464143 0.287269 -0.711339
0.413563 0.367623 -0.343465
0.445925 0.466987 -0.108336
0.593123 0.467602 -0.057036
0.336835 0.399348 0.235604
0.563032 0.395098 0.600849
0.559456 0.376209 0.8401
0.576936 0.360008 1.07285
0.376745 0.290613 1.22141
0.497476 0.419068 -0.793234
0.355839 0.459262 -0.444825
0.543568 0.378339 -0.289323
0.494087 0.549164 0.00810308
0.425025 0.478018 0.125982
0.49341 0.465176 0.248289
0.500223 0.396739 0.454698
0.488419 0.412926 0.72368
0.458898 0.405638 0.972538
0.561897 0.287745 1.21152
0.527301 0.400245 -0.632908
0.558644 0.499593 -0.517956
0.494824 0.494494 -0.373642
0.476117 0.611235 -0.129286
0.567739 0.465073 0.102668
0.37806 0.568591 0.231064
0.422136 0.51959 0.489422
0.493557 0.52581 0.619096
0.492816 0.50751 0.863537
0.391354 0.427532 1.11374
0.442846 0.553992 -0.602822
0.595021 0.623517 -0.430335
0.573152 0.494857 -0.202935
0.620463 0.607107 -0.102395
0.522011 0.597186 0.161934
0.53747 0.521462 0.376334
0.526747 0.636255 0.492904
0.532617 0.60711 0.750814
0.522448 0.533055 1.03635
0.680206 0.426047 1.17512
0.830498 0.15001 -0.819062
0.610977 0.15001 -0.435229
0.551194 0.15001 -0.299512
0.664755 0.15001 -0.114495
0.648848 0.15001 0.0322894
0.624186 0.15001 0.175567
0.600705 0.15001 0.322005
0.57895 0.15001 0.577491
0.546776 0.15001 0.797265
0.73318 0.160604 1.01136
0.509704 0.15001 -1.56619
0.715661 0.15001 -0.546626
0.644008 0.266647 -0.34666
0.729959 0.257214 -0.0227282
0.711674 0.261085 0.12269
0.679895 0.255855 0.263489
0.650251 0.203169 0.4599
0.661862 0.166925 0.706796
0.617573 0.15001 0.923447
0.535098 0.15001 2.3253
0.474535 0.15001 -1.35826
0.567287 0.15001 -0.583542
0.458866 0.15001 -0.478455
0.607854 0.258843 -0.2063
0.580555 0.262263 -0.0529936
0.538181 0.258797 0.240859
0.557043 0.275222 0.386587
0.744511 0.15001 0.841506
0.832923 0.15001 1.13268
0.530941 0.15001 2.81101
0.678682 0.15001 -0.69569
0.7125 0.274577 -0.472767
0.683508 0.378927 -0.257524
0.669615 0.360211 -0.11269
0.648858 0.365915 0.035205
0.723443 0.318731 0.373191
0.639334 0.356271 0.478766
0.653116 0.277365 0.59876
0.530429 0.27976 0.944338
0.260575 0.15001 2.58591
0.742482 0.267944 -0.770284
0.582146 0.278127 -0.808043
0.57349 0.274846 -0.513873
0.867613 0.474014 0.154073
0.830385 0.416157 0.340677
0.792375 0.379325 0.487465
0.911864 0.282578 0.545863
0.551127 0.273113 0.699354
0.574107 0.191816 1.05973
0.645371 0.15001 2.65286
0.866544 0.313567 -0.873156
0.729174 0.277712 -0.619
0.746685 0.391118 -0.387882
0.86399 0.483517 -0.136648
0.94385 0.493059 0.285574
0.700314 0.468293 0.386168
0.650878 0.371774 0.723728
0.639144 0.259841 0.826165
0.666734 0.29011 0.966697
0.481729 0.15001 2.54446
0.68809 0.354079 -0.895537
0.594211 0.270487 -0.656577
0.604073 0.387234 -0.421825
0.719916 0.482691 -0.16387
0.714212 0.476578 0.127886
0.910677 0.458495 0.455076
0.7123 0.418353 0.593984
0.722728 0.386041 0.861182
0.858513 0.418634 0.944281
0.662095 0.15001 1.18846
0.657798 0.389343 -0.723029
0.650948 0.387455 -0.562022
0.787301 0.499538 -0.297866
0.737253 0.473029 -0.0182805
0.80557 0.58403 0.0683883
0.775243 0.525328 0.256535
0.611243 0.503682 0.508165
0.640896 0.500502 0.814754
0.615193 0.439842 0.955555
0.700973 0.273835 1.11411
0.73376 0.489081 -0.62918
0.70388 0.508279 -0.475338
0.641366 0.503064 -0.336293
0.767413 0.601188 -0.0837606
0.642437 0.580027 0.0439099
0.629689 0.513831 0.246147
0.770355 0.52492 0.506397
0.795011 0.539355 0.656817
0.799213 0.505758 0.819461
0.742642 0.398481 1.03084
0.595249 0.535769 -0.67753
0.758977 0.631312 -0.376414
0.688774 0.608124 -0.235931
0.715503 0.714867 0.0035758
0.692724 0.640651 0.179478
0.676352 0.617435 0.372599
0.685504 0.633841 0.575988
0.716672 0.630107 0.761877
0.735458 0.539785 0.957606
0.732234 0.15001 1.38215
0.974478 0.15001 -1.03753
0.76172 0.15001 -0.397429
0.694453 0.15001 -0.263636
0.812064 0.15001 -0.0889935
0.798019 0.15001 0.062992
0.771722 0.15001 0.210238
0.748003 0.15001 0.359522
0.725299 0.15001 0.570944
0.892371 0.189653 0.806889
0.843835 0.15001 2.16545
1.08103 0.15001 -2.84959
0.977824 0.182353 -0.614795
0.894103 0.25887 -0.150804
0.876853 0.256913 0.000958653
0.857591 0.258027 0.15108
0.831638 0.257334 0.296292
0.868189 0.15001 0.5498
0.810655 0.15001 0.69158
0.868135 0.15001 0.950925
0.841345 0.15001 2.65285
1.10498 0.15001 -2.65703
0.824135 0.157237 -0.66064
0.783279 0.269799 -0.310014
0.750414 0.257483 -0.172456
0.796864 0.367266 0.0707294
0.765106 0.371389 0.221053
0.909464 0.297752 0.691846
1.06819 0.15001 0.751524
1.05998 0.15001 2.1276
0.98096 0.15001 2.82935
0.689855 0.15001 -1.35646
0.865062 0.15001 -0.513985
0.82621 0.375516 -0.221109
0.810894 0.36237 -0.0777448
0.919157 0.360957 0.234975
0.896687 0.312657 0.40984
0.787628 0.236988 0.472077
0.788952 0.286444 0.614173
0.792626 0.270562 0.906312
0.788148 0.15001 2.3678
0.993146 0.15001 -0.774617
1.05948 0.283447 -0.724105
0.850753 0.279608 -0.431069
0.95637 0.36527 -0.0690321
1.07449 0.363695 0.256628
1.00584 0.388664 0.537802
1.03165 0.266225 0.623197
0.763501 0.271053 0.757278
0.810061 0.15001 1.91466
1.12458 0.15001 2.65273
0.905276 0.266569 -0.727759
0.86495 0.280815 -0.577142
0.98294 0.256989 -0.479439
0.974346 0.377475 -0.211508
1.10976 0.340542 0.111312
1.13812 0.383141 0.452321
1.03422 0.38662 0.716932
1.01459 0.274365 0.803078
0.986518 0.186404 1.05424
0.975055 0.15001 2.47941
0.958057 0.420473 -0.759245
0.931249 0.396305 -0.484905
0.887998 0.396327 -0.347148
0.888319 0.46997 0.00512421
1.01866 0.451634 0.160149
1.01044 0.397937 0.376783
1.02048 0.506032 0.629206
0.877445 0.350472 0.816895
0.938244 0.282496 0.932807
0.648588 0.15001 2.15975
0.815516 0.374788 -0.688806
0.79097 0.392125 -0.525406
0.935333 0.506862 -0.263406
1.00977 0.501757 -0.116392
0.972736 0.566099 0.0798484
1.06736 0.506548 0.479485
0.880719 0.423414 0.602146
0.788997 0.403759 0.714524
1.00536 0.412496 0.872556
0.842006 0.281198 1.04622
0.88789 0.475976 -0.607087
0.853407 0.511522 -0.439168
0.843013 0.614553 -0.213487
0.914148 0.606311 -0.0628675
1.05412 0.581205 0.22643
0.988216 0.585315 0.389294
0.912513 0.571535 0.543964
1.10576 0.515643 0.767191
0.976616 0.377625 1.05113
0.830462 0.32571 1.1967
0.774846 0.47923 -0.79305
0.808199 0.608012 -0.558324
1.0156 0.628338 -0.206236
0.904341 0.709033 0.0576266
0.895899 0.624957 0.219546
0.837684 0.568869 0.382053
0.924601 0.620879 0.69924
0.923185 0.471398 0.742667
0.935325 0.551662 0.887653
0.839582 0.15001 1.5722
1.12927 0.15001 -0.658789
1.05214 0.18629 -0.348246
0.842004 0.15001 -0.241442
0.959345 0.15001 -0.0652779
0.951427 0.15001 0.0877561
0.922489 0.15001 0.240978
0.897949 0.158934 0.400756
0.95408 0.15001 0.669145
1.25341 0.15001 1.91932
1.36949 0.15001 2.76109
1.27465 0.15001 -2.84987
1.07491 0.15001 -0.494748
0.991757 0.15001 -0.217137
1.02407 0.261703 0.0118453
1.00893 0.259085 0.167923
1.04148 0.15001 0.37431
1.0117 0.15001 0.523569
1.22764 0.15001 0.72038
1.0152 0.15001 0.894236
1.17913 0.15001 2.40452
1.42935 0.15001 -2.71274
1.31816 0.15001 -0.660525
1.13237 0.27801 -0.43178
1.18776 0.263033 -0.151761
1.24292 0.270823 0.0871336
1.21063 0.15001 0.315444
1.12596 0.15001 0.614889
1.32821 0.15001 0.84337
1.57946 0.15001 2.17196
1.58146 0.15001 2.82838
1.29487 0.15001 -2.5472
0.916108 0.15001 -0.378151
0.93017 0.265143 -0.291697
1.03793 0.258487 -0.13513
0.944283 0.359219 0.0833592
0.986458 0.260429 0.311065
1.02735 0.272445 0.455235
1.13621 0.276883 0.718909
1.14691 0.15001 0.999534
1.33289 0.15001 2.54686
1.54631 0.15001 -2.53907
1.22107 0.197389 -0.535975
1.09084 0.302295 -0.258888
1.15624 0.289996 -0.0187104
1.17494 0.26702 0.218465
1.12838 0.266197 0.355954
1.14572 0.264614 0.5327
1.41326 0.15001 1.02647
1.41979 0.15001 2.05753
1.54477 0.15001 2.60151
1.15393 0.198351 -0.832156
1.09872 0.276583 -0.579256
1.20532 0.401115 -0.218822
1.32475 0.296008 -0.188201
1.20086 0.42781 0.0454467
1.30325 0.277602 0.30312
1.24395 0.278755 0.632297
1.16338 0.20279 0.851919
1.20811 0.15001 1.60499
1.47436 0.15001 2.35995
1.36546 0.283533 -0.562221
1.21537 0.365727 -0.536177
1.0204 0.345912 -0.36911
1.10034 0.384775 -0.117059
1.27119 0.374186 0.188386
1.24958 0.277199 0.438653
1.12661 0.384033 0.607273
1.27644 0.286902 0.783965
1.08192 0.287793 0.951078
1.25958 0.15001 2.20924
1.22331 0.292515 -0.682746
1.07385 0.403591 -0.501808
1.33736 0.459626 -0.183154
1.05259 0.438988 0.0129174
1.16241 0.463326 0.193203
1.20977 0.382912 0.32517
1.22689 0.503195 0.439214
1.22038 0.417911 0.710064
1.21933 0.15001 1.39542
1.03401 0.15001 1.91873
0.979862 0.356245 -0.61797
1.01794 0.4916 -0.387241
1.08371 0.471026 -0.25089
1.16758 0.512132 -0.085744
1.1256 0.550315 0.082177
1.11086 0.492459 0.332108
1.17161 0.520366 0.586556
1.14818 0.366955 0.835755
1.25159 0.294007 0.949441
0.998373 0.15001 1.7096
1.11629 0.428603 -0.658007
1.00332 0.545457 -0.533775
0.930294 0.627527 -0.361736
1.0693 0.628928 -0.037984
1.20608 0.623302 0.201667
1.14832 0.631474 0.38112
1.05988 0.643839 0.546566
1.32045 0.429857 0.834223
1.13171 0.437737 0.979644
1.02716 0.15001 1.47916
1.98303 0.15001 -1.96247
1.19377 0.15001 -0.387057
1.14449 0.15001 -0.233837
1.11098 0.15001 -0.0764934
1.11344 0.173859 0.0896684
1.08148 0.15001 0.233951
1.16168 0.15001 0.455528
2.07634 0.15001 1.13851
1.98199 0.15001 2.0227
1.97109 0.15001 2.63982
2.26359 0.15001 -2.52909
1.34484 0.15001 -0.444012
1.27621 0.15001 -0.139884
1.23196 0.15001 0.00247275
1.24482 0.15001 0.170516
1.36093 0.15001 0.271701
1.5009 0.15001 0.344657
1.26984 0.15001 0.560243
1.44629 0.15001 1.34553
1.6801 0.15001 2.41294
2.40466 0.15001 -2.8252
2.49172 0.15001 -2.06369
2.34717 0.15001 -1.19944
1.42697 0.185163 -0.2055
2.21749 0.15001 0.0499518
2.1775 0.15001 0.443001
2.27134 0.15001 0.986498
2.29194 0.15001 1.4939
2.06446 0.15001 2.28892
2.15478 0.15001 2.84999
2.26439 0.15001 -2.31716
1.28246 0.290177 -0.427848
1.22263 0.273017 -0.297879
1.31591 0.261515 -0.0442395
1.35868 0.15001 0.0755503
1.36179 0.263115 0.168378
1.32117 0.15001 0.418258
1.58854 0.15001 0.916322
1.86103 0.15001 1.66957
1.75133 0.15001 2.68079
2.45199 0.15001 -2.63762
2.25795 0.15001 -1.77496
1.48416 0.15001 -0.354649
1.57748 0.15001 -0.141237
1.53787 0.15001 0.0266
1.63921 0.15001 0.164662
2.13022 0.15001 0.655106
2.15896 0.15001 1.33398
2.17798 0.15001 2.11016
2.19705 0.15001 2.64283
2.29721 0.15001 -2.11082
1.9246 0.15001 -1.25586
1.38767 0.264937 -0.329291
1.49717 0.269845 -0.0997472
1.54947 0.278876 0.140358
1.46551 0.283587 0.268703
1.43802 0.15001 0.529232
1.86662 0.15001 0.973468
2.04407 0.15001 1.75808
1.89626 0.15001 2.42793
1.97495 0.15001 -1.76886
1.54093 0.15001 -0.552967
1.56824 0.257503 -0.268867
1.44027 0.271101 0.039461
1.38436 0.412858 0.277978
1.4171 0.265909 0.405561
1.35923 0.279145 0.538461
1.36712 0.198749 0.677072
1.72991 0.15001 1.53025
1.78078 0.15001 2.20142
1.85957 0.15001 -1.6126
1.31659 0.397087 -0.320108
1.45437 0.35687 -0.223702
1.25096 0.382531 -0.0831039
1.44248 0.391335 0.146274
1.33484 0.395172 0.414097
1.26237 0.396823 0.544885
1.51301 0.15001 0.729384
1.65502 0.15001 1.3522
1.61704 0.15001 1.96417
1.34257 0.435732 -0.470058
1.1668 0.404229 -0.368046
1.40962 0.382222 -0.0731137
1.31864 0.503233 -0.0309148
1.30684 0.507093 0.132285
1.26901 0.512247 0.289116
1.43257 0.421158 0.535457
1.36242 0.363246 0.672737
1.60316 0.15001 1.12438
1.42168 0.15001 1.76426
1.1775 0.518933 -0.472842
1.44319 0.491377 -0.31068
1.22593 0.536892 -0.296989
1.28096 0.604069 -0.150729
1.2489 0.625458 0.0285618
1.38654 0.541329 0.391944
1.3236 0.517502 0.629259
1.43662 0.289022 0.799954
1.29998 0.15001 1.20274
1.41924 0.15001 1.55291
2.45413 0.15001 -2.42122
2.36947 0.15001 -1.59249
1.30105 0.15001 -0.283502
1.40772 0.15001 -0.0630315
1.47236 0.150783 0.174267
2.07794 0.15001 0.256963
2.3353 0.15001 0.756405
2.74144 0.15001 1.5357
2.56892 0.15001 2.18409
2.41702 0.15001 2.81938
2.82225 0.15001 -2.63634
2.84273 0.15001 -1.70757
2.70969 0.15001 -0.758282
2.36992 0.15001 -0.289833
2.42441 0.15001 0.099304
2.46631 0.15001 0.334498
2.74791 0.15001 0.750679
2.53868 0.15001 1.15392
2.44171 0.15001 1.81621
2.21916 0.15001 2.4332
2.8161 0.15001 -2.84999
2.8397 0.15001 -2.07564
2.80686 0.15001 -1.02731
2.84535 0.15001 -0.366374
2.84999 0.15001 0.114546
2.84999 0.15001 0.372846
2.84999 0.15001 0.937492
2.84999 0.15001 1.72705
2.84999 0.15001 2.51989
2.83324 0.15001 2.84624
2.75033 0.15001 -2.34543
2.65425 0.15001 -1.45285
2.50321 0.15001 -0.792197
2.4307 0.15001 -0.520601
2.63113 0.15001 -0.298121
2.64667 0.15001 0.191603
2.54137 0.15001 0.743684
2.59712 0.15001 1.37096
2.66887 0.15001 1.96188
2.63652 0.15001 2.51085
2.59751 0.15001 -2.79894
2.7172 0.15001 -1.88971
2.8301 0.15001 -1.31797
2.84927 0.15001 -0.596204
2.7303 0.15001 -0.0812487
2.78842 0.15001 0.55865
2.75956 0.15001 1.13671
2.63806 0.15001 1.73558
2.75261 0.15001 2.31445
2.64415 0.15001 2.73133
2.64934 0.15001 -2.50955
2.62257 0.15001 -1.68802
2.63341 0.15001 -0.937979
2.63883 0.15001 -0.535149
2.51214 0.15001 -0.110322
2.60324 0.15001 0.502346
2.63036 0.15001 0.949086
2.48784 0.15001 1.57652
2.41117 0.15001 2.03291
2.42845 0.15001 2.46958
2.59957 0.15001 -2.22445
2.44743 0.15001 -1.3896
2.27374 0.15001 -0.766247
2.22876 0.15001 -0.480771
2.20812 0.15001 -0.164607
2.27015 0.15001 0.25797
2.36664 0.15001 0.533365
2.33193 0.15001 1.18933
2.26474 0.15001 1.7036
2.33888 0.15001 2.24685
2.43476 0.15001 -1.88084
2.13308 0.15001 -1.23991
2.12339 0.15001 -0.645149
1.55848 0.374275 0.0130847
1.62023 0.257845 0.293711
1.77727 0.15001 0.339106
1.62216 0.15001 0.493048
2.08782 0.15001 0.898262
2.04969 0.15001 1.53686
2.18848 0.15001 1.90372
2.14538 0.15001 -1.59497
1.77552 0.15001 -0.566643
1.60801 0.374075 -0.152733
1.33612 0.376534 0.0519987
1.57279 0.414728 0.227527
1.50924 0.392567 0.384808
1.50006 0.283971 0.619521
1.9486 0.15001 0.750064
1.90665 0.15001 1.37568
1.82899 0.15001 1.88037
1.97707 0.15001 -1.45801
1.49069 0.347839 -0.407348
1.4851 0.502958 -0.134352
1.45344 0.506383 0.0458576
1.95933 0.15001 0.100665
1.96399 0.15001 0.413907
1.8162 0.15001 0.581936
1.7527 0.15001 0.795271
1.8073 0.15001 1.19053
1.64784 0.15001 1.71707
-3 0 -3
-3 0 3
-3 1 -3
-3 1 3
-3 2 -3
-3 2 3
-3 3 -3
-3 3 3
-3 4 -3
-3 4 3
-3 5 -3
-3 5 3
-3 6 -3
-3 6 3
-2 0 -3
-2 0 3
-2 1 -3
-2 1 3
-2 2 -3
-2 2 3
-2 3 -3
-2 3 3
-2 4 -3
-2 4 3
-2 5 -3
-2 5 3
-2 6 -3
-2 6 3
-1 0 -3
-1 0 3
-1 1 -3
-1 1 3
-1 2 -3
-1 2 3
-1 3 -3
-1 3 3
-1 4 -3
-1 4 3
-1 5 -3
-1 5 3
-1 6 -3
-1 6 3
0 0 -3
0 0 3
0 1 -3
0 1 3
0 2 -3
0 2 3
0 3 -3
0 3 3
0 4 -3
0 4 3
0 5 -3
0 5 3
0 6 -3
0 6 3
1 0 -3
1 0 3
1 1 -3
1 1 3
1 2 -3
1 2 3
1 3 -3
1 3 3
1 4 -3
1 4 3
1 5 -3
1 5 3
1 6 -3
1 6 3
2 0 -3
2 0 3
2 1 -3
2 1 3
2 2 -3
2 2 3
2 3 -3
2 3 3
2 4 -3
2 4 3
2 5 -3
2 5 3
2 6 -3
2 6 3
-3 0 -3
-3 7 -3
-3 0 -2
-3 7 -2
-3 0 -1
-3 7 -1
-3 0 0
-3 7 0
-3 0 1
-3 7 1
-3 0 2
-3 7 2
-2 0 -3
-2 7 -3
-2 0 -2
-2 7 -2
-2 0 -1
-2 7 -1
-2 0 0
-2 7 0
-2 0 1
-2 7 1
-2 0 2
-2 7 2
-1 0 -3
-1 7 -3
-1 0 -2
-1 7 -2
-1 0 -1
-1 7 -1
-1 0 0
-1 7 0
-1 0 1
-1 7 1
-1 0 2
-1 7 2
0 0 -3
0 7 -3
0 0 -2
0 7 -2
0 0 -1
0 7 -1
0 0 0
0 7 0
0 0 1
0 7 1
0 0 2
0 7 2
1 0 -3
1 7 -3
1 0 -2
1 7 -2
1 0 -1
1 7 -1
1 0 0
1 7 0
1 0 1
1 7 1
1 0 2
1 7 2
2 0 -3
2 7 -3
2 0 -2
2 7 -2
2 0 -1
2 7 -1
2 0 0
2 7 0
2 0 1
2 7 1
2 0 2
2 7 2
-3 0 -3
3 0 -3
-3 0 -2
3 0 -2
-3 0 -1
3 0 -1
-3 0 0
3 0 0
-3 0 1
3 0 1
-3 0 2
3 0 2
-3 1 -3
3 1 -3
-3 1 -2
3 1 -2
-3 1 -1
3 1 -1
-3 1 0
3 1 0
-3 1 1
3 1 1
-3 1 2
3 1 2
-3 2 -3
3 2 -3
-3 2 -2
3 2 -2
-3 2 -1
3 2 -1
-3 2 0
3 2 0
-3 2 1
3 2 1
-3 2 2
3 2 2
-3 3 -3
3 3 -3
-3 3 -2
3 3 -2
-3 3 -1
3 3 -1
-3 3 0
3 3 0
-3 3 1
3 3 1
-3 3 2
3 3 2
-3 4 -3
3 4 -3
-3 4 -2
3 4 -2
-3 4 -1
3 4 -1
-3 4 0
3 4 0
-3 4 1
3 4 1
-3 4 2
3 4 2
-3 5 -3
3 5 -3
-3 5 -2
3 5 -2
-3 5 -1
3 5 -1
-3 5 0
3 5 0
-3 5 1
3 5 1
-3 5 2
3 5 2
-3 6 -3
3 6 -3
-3 6 -2
3 6 -2
-3 6 -1
3 6 -1
-3 6 0
3 6 0
-3 6 1
3 6 1
-3 6 2
3 6 2
