1240 0.1
-2.18199 0.15001 -2.27434
-0.933879 0.15001 -0.8498
-0.956093 0.15001 -0.650099
-0.462597 0.15001 -0.30515
-0.360117 0.15001 -0.0365313
-0.44654 0.15001 0.113007
-0.493957 0.15001 0.285608
-2.17718 0.15001 1.21371
-2.55062 0.15001 1.8385
-2.4539 0.15001 2.43675
-2.63501 0.15001 -2.58222
-2.35668 0.15001 -2.20387
-1.13725 0.15001 -0.580569
-1.19064 0.15001 -0.393905
-1.23738 0.15001 -0.193203
-1.29107 0.15001 0.00769984
-2.84999 0.15001 1.1711
-2.84999 0.15001 1.36458
-2.81436 0.15001 2.20907
-2.63827 0.15001 2.83482
-2.51008 0.15001 -2.44458
-2.20832 0.15001 -2.08697
-1.11748 0.15001 -0.771988
-0.993715 0.15001 -0.450142
-1.03867 0.15001 -0.249972
-1.08759 0.15001 -0.0466271
-2.6587 0.15001 1.1841
-2.71511 0.15001 1.51466
-2.84999 0.15001 2.40159
-2.84999 0.15001 2.83271
-2.33072 0.15001 -2.39069
-0.423119 0.15001 -0.650556
-0.457095 0.15001 -0.476283
-0.329143 0.200789 -0.253653
-0.278626 0.286397 -0.0273526
-0.283694 0.15001 0.119901
-0.981406 0.15001 0.13672
-2.55863 0.15001 1.36915
-2.62063 0.15001 2.20005
-2.39081 0.15001 2.77463
-2.05921 0.15001 -1.97308
-0.747788 0.15001 -0.773021
-0.397032 0.26944 -0.545299
-0.40071 0.271045 -0.387575
-0.406384 0.274851 -0.130927
-0.364502 0.215943 0.236655
-0.45285 0.15001 0.46152
-2.55954 0.15001 1.6452
-2.65308 0.15001 2.43089
-2.76829 0.15001 2.62292
-2.03301 0.15001 -2.15851
-0.383651 0.279803 -0.71986
-0.327491 0.376552 -0.465833
-0.354822 0.357166 -0.269695
-0.357364 0.281509 0.0911206
-0.487442 0.307072 0.192575
-0.440946 0.274296 0.362414
-2.35068 0.15001 1.32165
-2.37428 0.15001 2.21203
-2.54998 0.15001 2.63689
-0.542567 0.16248 -0.785162
-0.531437 0.282818 -0.644987
-0.534621 0.313222 -0.465659
-0.509135 0.307502 -0.267948
-0.363855 0.42015 -0.00409442
-0.341706 0.3885 0.196185
-0.52656 0.299389 0.496816
-2.08187 0.15001 1.39785
-2.35846 0.15001 1.81349
-2.2342 0.15001 2.62919
-0.4337 0.300334 -0.870338
-0.403966 0.412692 -0.616543
-0.270523 0.456401 -0.354193
-0.439204 0.440041 -0.376965
-0.236273 0.395598 0.0842232
-0.129038 0.516315 0.312902
-0.446956 0.425749 0.313171
-0.443916 0.293641 0.675567
-2.03878 0.15001 1.60604
-2.25556 0.15001 2.40365
-0.313851 0.423204 -0.883698
-0.282437 0.550283 -0.692385
-0.217029 0.551241 -0.464413
-0.286243 0.47718 -0.192362
-0.197295 0.535904 0.16808
-0.323605 0.53058 0.266908
-0.339776 0.526408 0.499092
-0.307347 0.380051 0.594352
-0.386897 0.288041 0.849012
-2.02012 0.15001 1.96135
-0.12359 0.600912 -0.619298
-0.0281172 0.593925 -0.445924
-0.0347046 0.605395 -0.276546
-0.179272 0.58083 -0.0946084
-0.0434897 0.636026 -0.00367511
-0.206316 0.597382 0.422568
-0.608281 0.261274 0.34343
-0.45988 0.430958 0.579056
-0.26474 0.41463 0.782405
-1.92324 0.15001 1.78852
-0.405334 0.15001 -1.18758
-0.157761 0.15001 -0.447834
-0.044243 0.15001 -0.289128
-0.0691385 0.15001 -0.13732
-0.0658379 0.15001 0.016897
-0.079907 0.15001 0.292893
-0.170064 0.15001 0.414117
-0.107256 0.15001 0.560844
-0.0477754 0.15001 0.705127
-1.883 0.15001 2.11269
-2.15558 0.15001 -2.46092
-0.510623 0.15001 -0.973601
-0.308263 0.150784 -0.407573
-0.228242 0.156935 -0.150158
-0.208262 0.15001 -0.00439657
-0.232324 0.15001 0.270606
-0.365009 0.15001 0.6424
-0.201056 0.15001 0.676089
-0.302902 0.15001 0.798401
-1.84549 0.15001 2.78685
-2.00729 0.15001 -2.34531
-0.369079 0.15001 -0.82652
-0.296972 0.15001 -0.558288
-0.194365 0.15001 -0.302184
-0.142249 0.262738 -0.0758451
-0.135969 0.15001 0.149455
-0.315637 0.186608 0.392056
-2.30907 0.15001 1.53598
-2.05554 0.15001 2.45021
-2.16957 0.15001 2.84999
-0.191106 0.15001 -0.883627
-0.154605 0.175236 -0.599113
-0.231624 0.263419 -0.491709
-0.130418 0.25334 -0.223489
-0.157552 0.271284 0.0687282
-0.170486 0.271825 0.330756
-0.243457 0.30804 0.457389
-0.254617 0.166892 0.533489
-0.134299 0.276814 0.72982
-1.67734 0.15001 2.50704
-0.323109 0.15001 -1.0046
-0.265372 0.167616 -0.709594
-0.276046 0.295532 -0.620203
-0.250941 0.284765 -0.352367
-0.257367 0.310864 -0.169163
-0.23323 0.27577 0.188479
-0.372027 0.258577 0.531075
-0.594409 0.15001 0.718748
-2.20754 0.15001 2.03156
-2.03405 0.15001 2.69078
-0.26759 0.27409 -0.831092
-0.140753 0.344694 -0.589167
-0.168898 0.381752 -0.442877
-0.0668897 0.361713 -0.149646
-0.197174 0.41337 -0.0768856
-0.304906 0.323153 0.321465
-0.186429 0.289941 0.590876
-0.286022 0.277918 0.703397
-1.6993 0.15001 1.86334
-1.87137 0.15001 2.56586
-0.188771 0.311032 -0.967352
-0.285236 0.399075 -0.728173
-0.250622 0.442032 -0.571131
-0.180446 0.378759 -0.272215
-0.0914026 0.399651 0.137124
-0.189976 0.400311 0.24687
-0.37491 0.383754 0.448088
-0.221607 0.282043 0.852354
-0.141488 0.15001 0.821384
-1.75791 0.15001 2.30066
-0.163633 0.402161 -0.830558
-0.147736 0.457988 -0.683385
-0.106707 0.485044 -0.360886
-0.122059 0.491529 -0.206709
-0.137842 0.502595 0.0350263
-0.0336631 0.39563 0.27573
-0.256233 0.449693 0.377822
-0.153007 0.419398 0.662315
-0.239988 0.15001 0.952978
-1.67068 0.15001 2.07813
-0.0567629 0.525473 -0.80342
0.00289827 0.500495 -0.654749
0.0297551 0.470733 -0.212296
0.0439538 0.597446 -0.13541
0.0129432 0.503986 0.0576671
-0.0699388 0.519733 0.455954
-0.197773 0.444698 0.516378
-0.0155289 0.513845 0.600669
-0.10455 0.396539 0.807051
-1.48035 0.15001 1.8297
0.0648375 0.626663 -0.580279
0.0466931 0.479872 -0.357743
0.126347 0.584781 -0.269354
0.126955 0.725369 -0.151134
0.123209 0.614556 0.000504005
-0.0422997 0.651633 0.32259
-0.151592 0.579155 0.589077
-0.289455 0.520528 0.662333
-0.0174169 0.523187 0.779349
-0.276496 0.307042 1.00518
-0.112239 0.15001 -1.18008
0.139811 0.15001 -0.432556
0.10755 0.15001 -0.281942
0.0841834 0.15001 -0.125873
0.0770245 0.15001 0.0329766
0.0129866 0.15001 0.169335
0.0690757 0.15001 0.314918
-0.0190063 0.15001 0.437988
0.0408013 0.15001 0.583749
0.0120139 0.15001 0.8503
-0.044748 0.15001 -1.37767
0.0304908 0.15001 -0.724659
0.170699 0.253024 -0.194814
0.151612 0.255313 -0.0395319
0.134509 0.272038 0.112038
0.0593361 0.274313 0.235795
0.122428 0.275752 0.381296
0.0397588 0.274204 0.500753
0.0993773 0.15001 0.728187
-0.609252 0.15001 2.58227
-0.249738 0.15001 -1.33236
-0.117863 0.15001 -0.744867
-0.00935479 0.15001 -0.430505
0.0199995 0.254751 -0.211772
0.00469089 0.256318 -0.0587573
-0.0100232 0.27223 0.0916715
-0.022292 0.272631 0.35531
-0.0430965 0.271339 0.619552
-1.45384 0.15001 2.05412
-1.46088 0.15001 2.8493
0.00590302 0.15001 -0.877036
0.00651116 0.15001 -0.57738
0.0456048 0.261978 -0.36074
0.082268 0.35685 -0.131353
0.0719263 0.36932 0.0150421
0.116954 0.397185 0.298386
0.0280443 0.396164 0.420088
-0.104902 0.267103 0.473514
0.0121419 0.277105 0.767317
-0.722346 0.15001 2.32653
-0.0892648 0.265831 -0.842618
-0.172948 0.293783 -0.720832
-0.0717522 0.257939 -0.506571
-0.106502 0.26595 -0.367673
-0.0729292 0.369662 -0.000772776
-0.0872157 0.274433 0.213088
0.175881 0.404119 0.441158
0.099732 0.278452 0.646697
0.0848077 0.15001 0.98209
-1.6411 0.15001 2.72467
0.0576445 0.279416 -0.804437
-0.0479856 0.255679 -0.665492
-0.0178932 0.374111 -0.439216
-0.0366798 0.367809 -0.291995
0.0585606 0.397618 0.157385
-0.119926 0.390006 0.395508
0.0884579 0.401334 0.56313
-0.00302674 0.395486 0.686456
-0.0756764 0.269324 0.886372
-0.809404 0.15001 2.51551
-0.0293387 0.243315 -1.01004
-0.0387548 0.377973 -0.742688
-0.0903706 0.47437 -0.529979
-0.0401232 0.486976 -0.0797487
0.107798 0.480315 -0.0674348
0.02653 0.518178 0.334377
-0.0623223 0.389119 0.539038
0.107347 0.396871 0.783226
-0.0789634 0.15001 0.983522
-0.775768 0.15001 2.14021
-2.59831e-005 0.39235 -0.901466
0.0063272 0.366369 -0.5887
0.0663115 0.476588 -0.51218
0.178209 0.463841 -0.194276
0.154926 0.486539 0.0761612
0.118515 0.523513 0.215055
0.17333 0.529435 0.354436
0.200511 0.51027 0.561139
0.0148825 0.400983 0.896754
-0.134411 0.15001 1.30164
0.16267 0.512851 -0.629523
0.135841 0.579323 -0.429671
0.197939 0.468378 -0.339365
0.206852 0.592886 -0.131035
0.279243 0.621688 -0.00237447
-0.0364826 0.527166 0.193504
0.0808017 0.528104 0.476192
0.110722 0.509271 0.684146
0.16716 0.401828 0.932641
-0.126814 0.38878 0.975086
0.314395 0.508083 -0.594414
0.235395 0.633013 -0.546134
0.213151 0.694996 -0.342616
0.299967 0.719425 -0.154336
0.334587 0.699128 0.157362
0.0547792 0.646144 0.142075
0.207568 0.638325 0.460564
0.0835702 0.636535 0.592709
0.161831 0.532939 0.842268
0.061741 0.421889 1.05483
0.356168 0.15001 -0.949737
0.291857 0.151541 -0.41379
0.259468 0.15001 -0.261363
0.235302 0.15001 -0.1054
0.22023 0.15001 0.0528166
0.163337 0.15001 0.191402
0.215144 0.15001 0.338722
0.127682 0.15001 0.461513
0.185715 0.15001 0.606533
0.325559 0.15001 0.868558
0.16139 0.15001 -1.41688
0.298814 0.15001 -0.69663
0.34888 0.259344 -0.317668
0.384967 0.15001 -0.074993
0.364065 0.15001 0.0762119
0.315083 0.15001 0.219767
0.272574 0.15001 0.487111
0.270614 0.270136 0.640514
0.256729 0.15001 0.735895
0.440271 0.15001 1.34539
0.0934207 0.15001 -1.22044
0.16527 0.15001 -0.587312
0.197287 0.257184 -0.34637
0.320936 0.254996 -0.169076
0.299253 0.253776 -0.0157119
0.276929 0.268674 0.136737
0.203432 0.276797 0.260544
0.183278 0.273346 0.764019
0.172378 0.15001 0.857552
-0.235809 0.15001 2.82803
0.417879 0.15001 -0.796483
0.223866 0.25977 -0.496271
0.286276 0.359172 -0.40908
0.375786 0.357885 -0.0808119
0.362143 0.364591 0.0632346
0.344408 0.281666 0.288703
0.266127 0.278832 0.407761
0.183102 0.279187 0.525792
0.247846 0.276233 0.899215
-0.500955 0.15001 2.27037
0.169238 0.17432 -0.754591
0.0921341 0.264478 -0.655659
0.0753158 0.261514 -0.50735
0.260255 0.357699 -0.257062
0.230431 0.355943 -0.109272
0.372864 0.38294 0.420761
0.282223 0.388725 0.539031
0.348411 0.395972 0.675101
0.240678 0.15001 0.993072
-0.4014 0.15001 2.67718
0.199261 0.32593 -0.796838
0.158727 0.369738 -0.574359
0.132513 0.367147 -0.425084
0.322589 0.466822 -0.169976
0.219833 0.364834 0.0373955
0.266004 0.403345 0.322089
0.196731 0.389236 0.661912
0.0976683 0.273725 0.883919
0.00848103 0.284404 1.00574
-0.374459 0.15001 2.456
0.163294 0.206128 -0.911516
0.102461 0.401707 -0.713883
0.222687 0.464361 -0.490103
0.111445 0.361296 -0.277727
0.246356 0.481301 -0.0421764
0.212958 0.400611 0.181053
0.351702 0.516496 0.576955
0.257498 0.401449 0.807205
0.313596 0.281499 1.04072
0.31308 0.15001 1.13798
0.188213 0.489255 -0.809275
0.259219 0.408505 -0.688325
0.342966 0.463089 -0.321258
0.381775 0.487508 -0.025758
0.303493 0.499082 0.100328
0.274884 0.530478 0.248072
0.439299 0.394173 0.553702
0.418363 0.527922 0.712463
0.160312 0.280708 1.02981
0.149992 0.15001 1.12712
0.414628 0.414663 -0.661702
0.288786 0.57112 -0.410349
0.4692 0.505997 -0.275398
0.288468 0.583097 -0.256214
0.383198 0.596948 -0.122845
0.211608 0.611934 0.135256
0.295597 0.507602 0.434736
0.264169 0.515307 0.713224
0.323009 0.404682 0.945946
-0.0103525 0.19065 1.13235
0.347707 0.53185 -0.750973
0.434436 0.612241 -0.415197
0.573288 0.624926 -0.309535
0.551808 0.693761 -0.0257806
0.415279 0.621045 0.0496985
0.365504 0.62397 0.350092
0.426714 0.651806 0.589985
0.25768 0.643864 0.631364
0.348863 0.536298 0.859642
0.233623 0.412988 1.08524
0.526545 0.15001 -0.921448
0.450303 0.15001 -0.654313
0.435873 0.15001 -0.370446
0.406532 0.15001 -0.224147
0.530582 0.15001 -0.032122
0.506287 0.15001 0.120362
0.358249 0.15001 0.367307
0.430638 0.15001 0.498511
0.343774 0.15001 0.616886
0.48168 0.15001 0.884738
0.340368 0.15001 -1.51885
0.562797 0.15001 -0.764927
0.494026 0.258806 -0.278076
0.549702 0.15001 -0.182546
0.591995 0.260405 0.057306
0.469375 0.16754 0.272758
0.537437 0.15001 0.406687
0.49319 0.15001 0.628815
0.409815 0.15001 0.749489
0.208681 0.15001 2.36892
0.297859 0.15001 -1.14885
0.359209 0.277846 -0.694514
0.332413 0.17821 -0.559714
0.467812 0.25994 -0.128811
0.447346 0.257154 0.0185476
0.41498 0.257664 0.167741
0.441533 0.262868 0.397364
0.332452 0.276053 0.77211
0.487173 0.15001 1.13451
0.195775 0.15001 2.81807
0.446517 0.279768 -0.876854
0.458468 0.277552 -0.590268
0.390586 0.267085 -0.460186
0.553234 0.364233 -0.181248
0.504405 0.353578 0.122267
0.473971 0.346826 0.282428
0.524186 0.271897 0.514869
0.359268 0.270131 0.5205
0.396514 0.277463 0.905949
-0.147174 0.15001 2.55718
0.298948 0.227377 -0.826975
0.231208 0.268927 -0.648648
0.322965 0.352413 -0.558618
0.410112 0.364019 -0.227468
0.652273 0.365763 0.151578
0.625262 0.387687 0.289294
0.660614 0.515263 0.635149
0.481978 0.274055 0.780641
0.396403 0.15001 1.00335
0.0299472 0.15001 2.67254
0.689076 0.15001 -0.885941
0.354286 0.378457 -0.804406
0.49265 0.388893 -0.514181
0.532991 0.266351 -0.420629
0.516732 0.376937 -0.025823
0.410078 0.477852 0.319604
0.425618 0.278416 0.647784
0.409491 0.40022 0.808849
0.465318 0.280727 1.04293
0.0434137 0.15001 2.47651
0.30272 0.327811 -0.950032
0.492047 0.284276 -0.73543
0.440416 0.370305 -0.370974
0.468862 0.464607 -0.136586
0.616726 0.467137 -0.0880246
0.363026 0.403216 0.201102
0.585215 0.394504 0.565752
0.579556 0.374504 0.809873
0.593443 0.356961 1.03704
0.391521 0.287778 1.19011
0.517343 0.418587 -0.816357
0.380625 0.465353 -0.468732
0.574388 0.377692 -0.322983
0.518476 0.547111 -0.0226727
0.451131 0.477679 0.0917231
0.520578 0.464742 0.2148
0.523724 0.396384 0.421265
0.510613 0.410941 0.691512
0.477264 0.405437 0.94126
0.578636 0.28648 1.17591
0.553864 0.39518 -0.658031
0.598621 0.494582 -0.551714
0.529225 0.492771 -0.411663
0.528227 0.598665 -0.163457
0.594481 0.463343 0.0705123
0.410304 0.56922 0.199748
0.447961 0.519458 0.457888
0.518227 0.524858 0.588439
0.515337 0.506911 0.833036
0.410768 0.424027 1.08438
0.462523 0.546585 -0.584878
0.62811 0.62249 -0.468112
0.616525 0.488647 -0.234605
0.671131 0.598073 -0.13255
0.552416 0.595934 0.13111
0.561734 0.521103 0.342654
0.55198 0.635984 0.46042
0.557702 0.607346 0.71953
0.541241 0.529671 1.0103
0.69795 0.426828 1.13408
0.857542 0.15001 -0.853859
0.638116 0.15001 -0.468441
0.57955 0.15001 -0.331674
0.692643 0.15001 -0.148423
0.677477 0.15001 -0.00204901
0.652668 0.15001 0.141469
0.62674 0.15001 0.288233
0.601759 0.15001 0.54149
0.562658 0.15001 0.756129
0.749108 0.160508 0.972937
0.531407 0.15001 -1.59588
0.743975 0.15001 -0.580662
0.673465 0.265016 -0.378506
0.757918 0.258797 -0.0582175
0.740097 0.261161 0.0878495
0.707608 0.254934 0.228925
0.674924 0.203168 0.424267
0.682282 0.165057 0.671123
0.632027 0.15001 0.884766
0.510578 0.15001 2.31508
0.494327 0.15001 -1.38218
0.594893 0.15001 -0.615281
0.486182 0.15001 -0.507676
0.635839 0.259881 -0.238664
0.608444 0.263631 -0.0872119
0.56569 0.259062 0.207858
0.57913 0.27471 0.353731
0.762941 0.15001 0.807253
0.847777 0.15001 1.09636
0.5001 0.15001 2.80033
0.70777 0.15001 -0.728661
0.737228 0.272733 -0.507157
0.716054 0.377926 -0.291872
0.696238 0.363909 -0.147339
0.676259 0.365716 0.00155281
0.749225 0.318734 0.338591
0.663363 0.355313 0.444034
0.674982 0.276852 0.564991
0.544366 0.277418 0.91046
0.218049 0.15001 2.57621
0.767152 0.268067 -0.804051
0.605226 0.279132 -0.838855
0.595127 0.275651 -0.547982
0.895511 0.473439 0.119874
0.856672 0.416093 0.306802
0.816738 0.378909 0.453256
0.935609 0.282278 0.512467
0.569196 0.271937 0.662161
0.590196 0.188796 1.02306
0.614676 0.15001 2.64238
0.886697 0.319302 -0.903637
0.763378 0.275583 -0.652697
0.776707 0.38788 -0.422936
0.906738 0.479788 -0.174135
0.970082 0.49364 0.251983
0.726116 0.467954 0.352271
0.669372 0.371244 0.689429
0.656399 0.258061 0.788139
0.681101 0.289787 0.928295
0.450781 0.15001 2.53523
0.709575 0.355916 -0.927195
0.62718 0.269362 -0.689055
0.63398 0.383506 -0.455733
0.763341 0.48021 -0.198067
0.741096 0.475743 0.0948624
0.935535 0.45819 0.422278
0.734771 0.41701 0.559062
0.741457 0.385119 0.826184
0.880083 0.418702 0.910248
0.677945 0.15001 1.15255
0.683147 0.390602 -0.755773
0.683146 0.382325 -0.596223
0.820613 0.497431 -0.336459
0.761062 0.474931 -0.0515092
0.831938 0.583706 0.0388698
0.803478 0.525415 0.22227
0.635368 0.503112 0.474018
0.660875 0.499068 0.780297
0.635083 0.442284 0.923721
0.717975 0.272284 1.07564
0.759148 0.489376 -0.662238
0.740128 0.50692 -0.507942
0.673829 0.501112 -0.372337
0.816319 0.596268 -0.114434
0.666836 0.580345 0.0151511
0.65786 0.512181 0.214075
0.794404 0.524171 0.47319
0.818859 0.538959 0.623157
0.820063 0.503927 0.785723
0.762485 0.394626 0.992468
0.613711 0.532708 -0.70824
0.792419 0.631154 -0.411709
0.72497 0.604065 -0.270843
0.746293 0.709177 -0.0346685
0.720416 0.641356 0.149289
0.701182 0.617005 0.339469
0.710687 0.634194 0.541678
0.739601 0.628886 0.728823
0.757391 0.538994 0.923741
0.739372 0.15001 1.34673
0.998902 0.15001 -1.06817
0.789347 0.15001 -0.431748
0.724064 0.15001 -0.296108
0.839922 0.15001 -0.123791
0.826412 0.15001 0.0275329
0.800063 0.15001 0.174877
0.774511 0.15001 0.324491
0.748321 0.15001 0.535742
0.911214 0.190055 0.773446
0.820877 0.15001 2.15572
1.12378 0.15001 -2.84425
1.00914 0.182684 -0.647531
0.923374 0.259691 -0.184682
0.904601 0.258447 -0.034213
0.885733 0.258882 0.115947
0.858572 0.257251 0.261744
0.891849 0.15001 0.516572
0.831608 0.15001 0.657444
0.886595 0.15001 0.91695
0.810829 0.15001 2.6435
1.14902 0.15001 -2.65169
0.85484 0.157027 -0.696027
0.814597 0.267805 -0.34453
0.778913 0.259461 -0.20636
0.824414 0.368216 0.0354578
0.793209 0.370918 0.186507
0.93101 0.298358 0.658152
1.09127 0.15001 0.71775
1.04353 0.15001 2.11882
0.953608 0.15001 2.82059
0.707758 0.15001 -1.3819
0.893567 0.15001 -0.549654
0.859419 0.374024 -0.257746
0.839075 0.365373 -0.112979
0.946479 0.36125 0.201115
0.921742 0.312294 0.376215
0.812414 0.236435 0.437482
0.811479 0.285857 0.579426
0.810798 0.270925 0.873356
0.758692 0.15001 2.35732
1.02164 0.15001 -0.807128
1.0911 0.281999 -0.757251
0.877548 0.277815 -0.468755
0.986407 0.367067 -0.102909
1.10076 0.364453 0.223758
1.02978 0.387864 0.505391
1.05462 0.26544 0.591037
0.782553 0.27064 0.722473
0.794635 0.15001 1.90329
1.10082 0.15001 2.64297
0.935662 0.267736 -0.762404
0.899373 0.282126 -0.613637
1.01339 0.256455 -0.509958
1.00694 0.375745 -0.24617
1.13671 0.342547 0.0774754
1.16268 0.38309 0.419985
1.05696 0.38658 0.683669
1.0349 0.2736 0.768429
1.00537 0.184832 1.01985
0.948577 0.15001 2.46946
0.988777 0.420217 -0.794457
0.963378 0.394397 -0.521102
0.918794 0.392715 -0.385199
0.913681 0.47248 -0.0299176
1.04611 0.45251 0.126601
1.03524 0.397789 0.343692
1.04273 0.505706 0.596318
0.896072 0.349416 0.78308
0.957606 0.281843 0.898436
0.626064 0.15001 2.15802
0.842752 0.375433 -0.725673
0.8218 0.390124 -0.560066
0.969367 0.503867 -0.304539
1.05068 0.500747 -0.157754
1.00076 0.56688 0.0464498
1.09141 0.505967 0.44752
0.903342 0.422942 0.568382
0.808583 0.403181 0.679959
1.02528 0.411315 0.8381
0.862397 0.28013 1.0128
0.915267 0.474237 -0.642575
0.888694 0.511128 -0.475701
0.8789 0.610188 -0.249849
0.960258 0.602103 -0.100099
1.08156 0.581501 0.194442
1.01322 0.585133 0.356767
0.935897 0.571914 0.510664
1.1284 0.515605 0.73398
0.996708 0.375669 1.01797
0.844246 0.322773 1.16378
0.798858 0.482511 -0.825921
0.839081 0.607467 -0.594444
1.05174 0.625747 -0.247183
0.928957 0.706631 0.013784
0.923639 0.62557 0.18483
0.862672 0.568557 0.349293
0.94822 0.619733 0.667195
0.944133 0.469297 0.708801
0.956763 0.551491 0.852288
0.836105 0.15001 1.54829
1.1609 0.15001 -0.691204
1.08164 0.184693 -0.38191
0.872257 0.15001 -0.274477
0.98705 0.15001 -0.0990205
0.978946 0.15001 0.0537724
0.94949 0.15001 0.206795
0.923823 0.158786 0.367242
0.975629 0.150254 0.63735
1.2438 0.15001 1.9093
1.35142 0.15001 2.75176
1.31757 0.15001 -2.84574
1.10637 0.15001 -0.527884
1.02205 0.15001 -0.250192
1.0515 0.262022 -0.021698
1.03613 0.260141 0.13386
1.06741 0.15001 0.341477
1.03568 0.15001 0.491155
1.25079 0.15001 0.688595
1.03468 0.15001 0.859423
1.15686 0.15001 2.39385
1.47697 0.15001 -2.70542
1.35179 0.15001 -0.690201
1.16377 0.277156 -0.463469
1.21874 0.26155 -0.183315
1.26941 0.270774 0.0550631
1.23577 0.15001 0.282857
1.15034 0.15001 0.58198
1.35006 0.15001 0.812529
1.56863 0.15001 2.16481
1.5653 0.15001 2.81918
1.34093 0.15001 -2.53863
0.943761 0.15001 -0.412684
0.961951 0.264487 -0.326896
1.0672 0.258757 -0.168264
0.972301 0.361204 0.0481315
1.01279 0.260413 0.277451
1.0518 0.272197 0.422111
1.15915 0.276989 0.686545
1.166 0.15001 0.966317
1.31501 0.15001 2.53576
1.59538 0.15001 -2.52785
1.25274 0.197266 -0.567604
1.12328 0.299267 -0.292397
1.18407 0.289878 -0.0510596
1.19954 0.266632 0.185565
1.15403 0.266423 0.323578
1.16931 0.264542 0.5002
1.42382 0.15001 1.00625
1.40944 0.15001 2.05141
1.52916 0.15001 2.59031
1.18393 0.19584 -0.865143
1.12963 0.275852 -0.61168
1.23752 0.39984 -0.250656
1.35658 0.294993 -0.218165
1.22967 0.428933 0.0127436
1.32808 0.277022 0.271412
1.26737 0.278335 0.600285
1.18456 0.202857 0.81942
1.20683 0.15001 1.58994
1.46268 0.15001 2.34042
1.39786 0.284996 -0.593683
1.2476 0.364248 -0.56902
1.05403 0.348903 -0.40125
1.1325 0.383131 -0.150545
1.29582 0.373166 0.156678
1.27466 0.277255 0.407327
1.15026 0.383551 0.574982
1.29864 0.286898 0.752536
1.10121 0.287308 0.917074
1.24521 0.15001 2.19829
1.25523 0.290415 -0.715321
1.10678 0.401876 -0.53523
1.36897 0.458668 -0.212269
1.08107 0.442344 -0.0224417
1.1894 0.464212 0.161605
1.23531 0.382991 0.293353
1.25097 0.503909 0.408803
1.24359 0.417746 0.678243
1.2214 0.15001 1.3773
1.02214 0.15001 1.90648
1.01358 0.358683 -0.653493
1.04952 0.493845 -0.428293
1.11628 0.465517 -0.292615
1.20364 0.51053 -0.122025
1.15356 0.550646 0.0506872
1.1362 0.49227 0.300606
1.19456 0.520169 0.555812
1.16913 0.366977 0.803181
1.27127 0.294444 0.91777
0.994537 0.15001 1.69205
1.15132 0.427108 -0.692268
1.03751 0.540401 -0.578313
0.963074 0.629044 -0.398602
1.1095 0.628233 -0.0733522
1.23409 0.623769 0.169473
1.17327 0.631772 0.34819
1.08362 0.643545 0.513687
1.3419 0.429777 0.803607
1.14987 0.437631 0.946673
1.0266 0.15001 1.45937
1.96711 0.15001 -2.01149
1.22513 0.15001 -0.418469
1.17549 0.15001 -0.266528
1.13877 0.15001 -0.109622
1.14021 0.174055 0.0565938
1.10692 0.15001 0.200685
1.18703 0.15001 0.423142
2.08387 0.15001 1.11778
1.97839 0.15001 2.01811
1.95927 0.15001 2.63425
2.25622 0.15001 -2.55313
1.37662 0.15001 -0.475448
1.30792 0.15001 -0.171187
1.25908 0.15001 -0.0301746
1.27078 0.15001 0.138073
1.38661 0.15001 0.238802
1.52374 0.15001 0.3155
1.2946 0.15001 0.528074
1.44867 0.15001 1.32891
1.6662 0.15001 2.39985
2.40096 0.15001 -2.84334
2.48521 0.15001 -2.09698
2.33474 0.15001 -1.24422
1.45916 0.184547 -0.236088
2.22573 0.15001 0.00644072
2.19314 0.15001 0.409445
2.28474 0.15001 0.964948
2.29411 0.15001 1.48244
2.05563 0.15001 2.28382
2.14509 0.15001 2.84999
2.25747 0.15001 -2.34141
1.31521 0.289923 -0.459417
1.25587 0.272913 -0.329352
1.34607 0.259945 -0.0737735
1.38547 0.15001 0.0439596
1.38806 0.263444 0.136947
1.34658 0.15001 0.385677
1.60304 0.15001 0.896637
1.8599 0.15001 1.65939
1.73703 0.15001 2.67196
2.44732 0.15001 -2.65597
2.24213 0.15001 -1.81817
1.51648 0.15001 -0.386558
1.60978 0.15001 -0.173089
1.56883 0.15001 -0.00409317
1.6686 0.15001 0.134226
2.14729 0.15001 0.624347
2.16135 0.15001 1.31884
2.17531 0.15001 2.10672
2.18825 0.15001 2.64045
2.29405 0.15001 -2.13555
1.90432 0.15001 -1.30014
1.4202 0.26414 -0.359686
1.52914 0.268871 -0.129179
1.57953 0.278423 0.110907
1.49153 0.283339 0.23772
1.46249 0.15001 0.497876
1.87872 0.15001 0.951516
2.04485 0.15001 1.7498
1.88379 0.15001 2.42017
1.95895 0.15001 -1.81804
1.57159 0.15001 -0.586715
1.5994 0.258181 -0.301009
1.47037 0.270048 0.0100974
1.4085 0.412329 0.245944
1.4415 0.267585 0.374417
1.38375 0.279123 0.507582
1.3904 0.198678 0.646237
1.72916 0.15001 1.51789
1.76364 0.15001 2.19255
1.84346 0.15001 -1.66193
1.35108 0.396608 -0.349788
1.48628 0.356206 -0.252797
1.28223 0.380238 -0.113621
1.47195 0.390158 0.116607
1.35906 0.396225 0.382758
1.28625 0.396579 0.513347
1.53539 0.15001 0.701837
1.65952 0.15001 1.33646
1.6081 0.15001 1.9647
1.37016 0.438088 -0.499878
1.20393 0.40322 -0.40313
1.44033 0.380018 -0.102092
1.35094 0.501219 -0.0607098
1.33583 0.505493 0.103018
1.29416 0.512938 0.259085
1.45761 0.420118 0.504236
1.38553 0.363188 0.641579
1.61184 0.15001 1.10911
1.41785 0.15001 1.75414
1.2065 0.520318 -0.505105
1.47638 0.492435 -0.337966
1.25928 0.536454 -0.32505
1.32048 0.60585 -0.179528
1.2797 0.622452 -0.00188244
1.41192 0.54173 0.360976
1.34727 0.517291 0.596409
1.45857 0.289659 0.769525
1.30153 0.15001 1.18053
1.41886 0.15001 1.53904
2.44867 0.15001 -2.44278
2.35684 0.15001 -1.63705
1.3329 0.15001 -0.314775
1.43896 0.15001 -0.0934735
1.49959 0.151688 0.142453
2.08883 0.15001 0.212874
2.3438 0.15001 0.727793
2.74313 0.15001 1.52434
2.56859 0.15001 2.18074
2.40986 0.15001 2.81911
2.82159 0.15001 -2.643
2.83582 0.15001 -1.75123
2.71143 0.15001 -0.802342
2.37968 0.15001 -0.342178
2.43635 0.15001 0.0570647
2.48021 0.15001 0.297073
2.75622 0.15001 0.718225
2.54455 0.15001 1.13287
2.44265 0.15001 1.81004
2.21285 0.15001 2.42919
2.81387 0.15001 -2.84999
2.83385 0.15001 -2.11725
2.82089 0.15001 -1.09139
2.84707 0.15001 -0.411413
2.84999 0.15001 0.0731992
2.84999 0.15001 0.338221
2.84999 0.15001 0.910888
2.84999 0.15001 1.71788
2.84999 0.15001 2.51858
2.82996 0.15001 2.84737
2.75169 0.15001 -2.36894
2.64805 0.15001 -1.5015
2.50073 0.15001 -0.836762
2.43704 0.15001 -0.563008
2.63476 0.15001 -0.344498
2.65149 0.15001 0.151863
2.54945 0.15001 0.712601
2.60012 0.15001 1.35574
2.66907 0.15001 1.9563
2.63457 0.15001 2.50934
2.59346 0.15001 -2.8117
2.70942 0.15001 -1.93276
2.82774 0.15001 -1.36944
2.84989 0.15001 -0.639765
2.73423 0.15001 -0.125824
2.79594 0.15001 0.526259
2.7629 0.15001 1.11313
2.63894 0.15001 1.72705
2.75228 0.15001 2.31231
2.63974 0.15001 2.73154
2.64516 0.15001 -2.52943
2.61433 0.15001 -1.73168
2.63428 0.15001 -0.996468
2.63825 0.15001 -0.57915
2.51827 0.15001 -0.15662
2.61123 0.15001 0.468724
2.63427 0.15001 0.922268
2.49051 0.15001 1.56608
2.41028 0.15001 2.02861
2.42453 0.15001 2.46687
2.59637 0.15001 -2.25448
2.43715 0.15001 -1.43591
2.28153 0.15001 -0.813249
2.23892 0.15001 -0.528019
2.21283 0.15001 -0.211516
2.28985 0.15001 0.216435
2.38104 0.15001 0.501463
2.33738 0.15001 1.17192
2.26485 0.15001 1.69472
2.33728 0.15001 2.24423
2.42683 0.15001 -1.91415
2.11841 0.15001 -1.28549
2.1318 0.15001 -0.689604
1.58837 0.373948 -0.016359
1.64517 0.254692 0.265131
1.8032 0.15001 0.308851
1.64775 0.15001 0.459685
2.09977 0.15001 0.87521
2.0508 0.15001 1.52693
2.18995 0.15001 1.89822
2.12897 0.15001 -1.64042
1.80483 0.15001 -0.600742
1.64141 0.371035 -0.181891
1.36501 0.375281 0.0225401
1.60324 0.413227 0.197399
1.53331 0.394455 0.352071
1.52379 0.283163 0.590305
1.96385 0.15001 0.721462
1.90473 0.15001 1.36733
1.82374 0.15001 1.87313
1.95955 0.15001 -1.5063
1.51891 0.350762 -0.438967
1.51772 0.499985 -0.161888
1.48388 0.506287 0.0182543
1.97528 0.15001 0.0565342
1.9848 0.15001 0.390357
1.83645 0.15001 0.552766
1.76519 0.15001 0.767953
1.81401 0.15001 1.17374
1.64664 0.15001 1.70201
-3 0 -3
-3 0 3
-3 1 -3
-3 1 3
-3 2 -3
-3 2 3
-3 3 -3
-3 3 3
-3 4 -3
-3 4 3
-3 5 -3
-3 5 3
-3 6 -3
-3 6 3
-2 0 -3
-2 0 3
-2 1 -3
-2 1 3
-2 2 -3
-2 2 3
-2 3 -3
-2 3 3
-2 4 -3
-2 4 3
-2 5 -3
-2 5 3
-2 6 -3
-2 6 3
-1 0 -3
-1 0 3
-1 1 -3
-1 1 3
-1 2 -3
-1 2 3
-1 3 -3
-1 3 3
-1 4 -3
-1 4 3
-1 5 -3
-1 5 3
-1 6 -3
-1 6 3
0 0 -3
0 0 3
0 1 -3
0 1 3
0 2 -3
0 2 3
0 3 -3
0 3 3
0 4 -3
0 4 3
0 5 -3
0 5 3
0 6 -3
0 6 3
1 0 -3
1 0 3
1 1 -3
1 1 3
1 2 -3
1 2 3
1 3 -3
1 3 3
1 4 -3
1 4 3
1 5 -3
1 5 3
1 6 -3
1 6 3
2 0 -3
2 0 3
2 1 -3
2 1 3
2 2 -3
2 2 3
2 3 -3
2 3 3
2 4 -3
2 4 3
2 5 -3
2 5 3
2 6 -3
2 6 3
-3 0 -3
-3 7 -3
-3 0 -2
-3 7 -2
-3 0 -1
-3 7 -1
-3 0 0
-3 7 0
-3 0 1
-3 7 1
-3 0 2
-3 7 2
-2 0 -3
-2 7 -3
-2 0 -2
-2 7 -2
-2 0 -1
-2 7 -1
-2 0 0
-2 7 0
-2 0 1
-2 7 1
-2 0 2
-2 7 2
-1 0 -3
-1 7 -3
-1 0 -2
-1 7 -2
-1 0 -1
-1 7 -1
-1 0 0
-1 7 0
-1 0 1
-1 7 1
-1 0 2
-1 7 2
0 0 -3
0 7 -3
0 0 -2
0 7 -2
0 0 -1
0 7 -1
0 0 0
0 7 0
0 0 1
0 7 1
0 0 2
0 7 2
1 0 -3
1 7 -3
1 0 -2
1 7 -2
1 0 -1
1 7 -1
1 0 0
1 7 0
1 0 1
1 7 1
1 0 2
1 7 2
2 0 -3
2 7 -3
2 0 -2
2 7 -2
2 0 -1
2 7 -1
2 0 0
2 7 0
2 0 1
2 7 1
2 0 2
2 7 2
-3 0 -3
3 0 -3
-3 0 -2
3 0 -2
-3 0 -1
3 0 -1
-3 0 0
3 0 0
-3 0 1
3 0 1
-3 0 2
3 0 2
-3 1 -3
3 1 -3
-3 1 -2
3 1 -2
-3 1 -1
3 1 -1
-3 1 0
3 1 0
-3 1 1
3 1 1
-3 1 2
3 1 2
-3 2 -3
3 2 -3
-3 2 -2
3 2 -2
-3 2 -1
3 2 -1
-3 2 0
3 2 0
-3 2 1
3 2 1
-3 2 2
3 2 2
-3 3 -3
3 3 -3
-3 3 -2
3 3 -2
-3 3 -1
3 3 -1
-3 3 0
3 3 0
-3 3 1
3 3 1
-3 3 2
3 3 2
-3 4 -3
3 4 -3
-3 4 -2
3 4 -2
-3 4 -1
3 4 -1
-3 4 0
3 4 0
-3 4 1
3 4 1
-3 4 2
3 4 2
-3 5 -3
3 5 -3
-3 5 -2
3 5 -2
-3 5 -1
3 5 -1
-3 5 0
3 5 0
-3 5 1
3 5 1
-3 5 2
3 5 2
-3 6 -3
3 6 -3
-3 6 -2
3 6 -2
-3 6 -1
3 6 -1
-3 6 0
3 6 0
-3 6 1
3 6 1
-3 6 2
3 6 2
