1240 0.1
-0.609575 0.15001 -0.608667
-0.644414 0.15001 -0.325511
-0.645333 0.15001 -0.0807473
-0.56212 0.15001 0.0986927
-0.515528 0.15001 0.260953
-0.579522 0.15001 0.425301
-0.591849 0.15001 0.628231
-0.565889 0.15001 0.848772
-0.567435 0.15001 1.08569
-0.651612 0.15001 1.30378
-0.85565 0.15001 -0.855241
-0.839525 0.15001 -0.513785
-0.831368 0.15001 -0.0689209
-0.824272 0.15001 0.136693
-0.842224 0.15001 0.326587
-0.909569 0.15001 0.522777
-0.941944 0.15001 0.722134
-0.898862 0.15001 0.917136
-0.800622 0.15001 1.14004
-0.722071 0.15001 1.5201
-0.729116 0.173947 -0.729214
-0.68752 0.218013 -0.470427
-0.722002 0.237542 -0.200374
-0.707253 0.249626 0.0428678
-0.679222 0.233579 0.23328
-0.741871 0.210652 0.458651
-0.757327 0.19562 0.740291
-0.724813 0.190747 0.967639
-0.816909 0.186628 1.33425
-0.883112 0.15001 1.60147
-0.67365 0.327757 -0.673583
-0.513524 0.230827 -0.284004
-0.515072 0.220483 -0.0442053
-0.451352 0.242381 0.150694
-0.422317 0.293136 0.294482
-0.478259 0.255163 0.426325
-0.664219 0.289669 0.584758
-0.623538 0.288326 0.837304
-0.666024 0.249333 1.15223
-0.62402 0.250549 1.43944
-0.541451 0.284872 -0.540324
-0.610595 0.342245 -0.377317
-0.477692 0.315673 -0.159417
-0.463367 0.32867 0.0380093
-0.533816 0.356032 0.205325
-0.464499 0.396999 0.470772
-0.561822 0.338276 0.700512
-0.651239 0.339155 0.999839
-0.700806 0.325752 1.29891
-0.792221 0.303258 1.53552
-0.564854 0.436815 -0.565618
-0.452584 0.403096 -0.302865
-0.442791 0.440063 -0.0709585
-0.458717 0.46086 0.106335
-0.494758 0.459235 0.315403
-0.577472 0.493208 0.504329
-0.52533 0.484492 0.685184
-0.544995 0.424901 0.89965
-0.58998 0.38968 1.1583
-0.663593 0.414057 1.46539
-0.474591 0.534964 -0.474033
-0.492879 0.555684 -0.289959
-0.489468 0.576082 -0.103825
-0.499089 0.598662 0.0966325
-0.507951 0.611925 0.298776
-0.511301 0.634499 0.505395
-0.521836 0.631623 0.714716
-0.528081 0.582208 0.920301
-0.551228 0.542281 1.14313
-0.552509 0.504103 1.3513
-0.482045 0.695024 -0.481572
-0.484832 0.714084 -0.292121
-0.490309 0.72943 -0.0986015
-0.494441 0.74829 0.0973679
-0.500014 0.765697 0.296286
-0.507052 0.787891 0.496991
-0.516165 0.783152 0.701424
-0.527618 0.743509 0.910836
-0.534349 0.703987 1.11487
-0.578027 0.670919 1.35738
-0.478395 0.857659 -0.478004
-0.481944 0.875349 -0.288921
-0.485833 0.887136 -0.0963359
-0.490715 0.902947 0.0987271
-0.496673 0.922298 0.295738
-0.504252 0.943238 0.495749
-0.512983 0.939681 0.700097
-0.520785 0.911343 0.905043
-0.533093 0.882841 1.11572
-0.537534 0.856642 1.32542
-0.473852 1.02636 -0.473511
-0.477703 1.04236 -0.284596
-0.482102 1.05211 -0.0934631
-0.487592 1.06612 0.100007
-0.494425 1.08618 0.296244
-0.502402 1.10581 0.495514
-0.510431 1.10617 0.697072
-0.520317 1.09347 0.902286
-0.527806 1.07671 1.11152
-0.53303 1.05973 1.31997
-0.327035 0.15001 -0.644056
-0.177422 0.15001 -0.17676
-0.218813 0.15001 -0.0207493
-0.216489 0.164148 0.136183
-0.230658 0.15001 0.297017
-0.212008 0.15599 0.468156
-0.251912 0.15001 0.63001
-0.20641 0.15001 0.800793
-0.192828 0.15001 0.986351
-0.349703 0.15001 1.2886
-0.51528 0.15001 -0.838876
-0.485739 0.15001 -0.484238
-0.396634 0.15001 0.0142588
-0.354355 0.15001 0.188207
-0.382598 0.15001 0.337408
-0.365426 0.160206 0.500098
-0.40945 0.15001 0.716011
-0.364712 0.160947 0.882406
-0.368598 0.156291 1.10619
-0.35344 0.15001 1.4961
-0.471753 0.21822 -0.686993
-0.403303 0.249386 -0.402688
-0.339611 0.18634 -0.139983
-0.322243 0.245584 0.0669951
-0.287615 0.266902 0.237401
-0.304783 0.249757 0.387304
-0.44178 0.261628 0.59821
-0.495127 0.246952 0.990399
-0.500965 0.209675 1.29269
-0.512332 0.15001 1.59599
-0.285422 0.230952 -0.5137
-0.22331 0.267274 -0.222828
-0.246086 0.285754 -0.0631362
-0.232898 0.336284 0.121786
-0.221559 0.3771 0.306073
-0.223201 0.305695 0.487923
-0.257641 0.338578 0.625362
-0.272904 0.295766 0.786041
-0.259042 0.292111 1.05787
-0.337242 0.264423 1.39633
-0.37889 0.342612 -0.610114
-0.314336 0.325937 -0.313436
-0.333837 0.352231 -0.157522
-0.333247 0.378606 0.00532131
-0.366252 0.374556 0.178455
-0.334342 0.387041 0.400143
-0.391289 0.357991 0.710468
-0.377976 0.317879 0.909105
-0.422328 0.331097 1.22327
-0.481982 0.318328 1.51672
-0.303518 0.403171 -0.452085
-0.246292 0.446387 -0.24579
-0.252743 0.461688 -0.0865935
-0.272286 0.471382 0.0974775
-0.31098 0.475011 0.27034
-0.320994 0.481196 0.510405
-0.302324 0.48273 0.697455
-0.312572 0.454743 0.903623
-0.329952 0.424284 1.13036
-0.365996 0.412458 1.41693
-0.290562 0.555744 -0.492631
-0.300238 0.566464 -0.299948
-0.303131 0.586822 -0.103627
-0.305694 0.602556 0.09389
-0.312363 0.613151 0.300248
-0.323706 0.635008 0.503668
-0.329061 0.637358 0.712503
-0.331939 0.607895 0.92057
-0.332074 0.580803 1.12737
-0.347044 0.548957 1.3452
-0.292637 0.714148 -0.484433
-0.295425 0.723896 -0.295031
-0.299523 0.735557 -0.101712
-0.303525 0.750074 0.0963672
-0.307939 0.767657 0.295578
-0.312174 0.791197 0.497885
-0.319131 0.794281 0.703334
-0.32576 0.76606 0.911332
-0.332799 0.739787 1.1219
-0.327389 0.70932 1.33519
-0.289335 0.875406 -0.481635
-0.291701 0.884959 -0.29138
-0.29518 0.893234 -0.0982346
-0.299228 0.907493 0.0971273
-0.30393 0.928682 0.294891
-0.309081 0.951492 0.495461
-0.315093 0.954255 0.699524
-0.321987 0.931464 0.906673
-0.326674 0.908758 1.11615
-0.332233 0.888016 1.32638
-0.284923 1.0424 -0.477425
-0.287868 1.05177 -0.287601
-0.29156 1.06011 -0.0957239
-0.295923 1.07532 0.0983485
-0.301032 1.09797 0.295055
-0.306732 1.11972 0.494844
-0.313001 1.12409 0.697992
-0.318686 1.11289 0.90427
-0.324131 1.09888 1.11293
-0.327003 1.08673 1.32112
-0.0831195 0.15001 -0.645509
-0.0213383 0.15001 -0.21874
-0.0635169 0.15001 -0.0631652
-0.0754866 0.15001 0.0832581
-0.0962873 0.15001 0.228239
-0.0965453 0.15001 0.379313
-0.0618683 0.15001 0.528921
-0.0917611 0.15001 0.688843
-0.0721034 0.15001 0.889615
-0.0918743 0.15001 1.14635
-0.0716172 0.15001 -0.832341
0.0136735 0.15001 -0.39708
0.0104906 0.247884 0.010795
-0.00470155 0.247475 0.157259
-0.0236547 0.241677 0.303278
-0.0732254 0.275346 0.450849
-0.0130282 0.259327 0.636961
-0.0207664 0.233487 0.787721
-0.00638436 0.180321 1.02004
-0.0475057 0.15001 1.41954
-0.202602 0.237648 -0.722511
-0.140618 0.186191 -0.339101
-0.11506 0.255479 -0.114689
-0.140541 0.259521 0.0390619
-0.141271 0.28012 0.20727
-0.162635 0.265534 0.34999
-0.146305 0.248772 0.589846
-0.152854 0.276001 0.887549
-0.216145 0.213488 1.23702
-0.194153 0.15001 1.58942
-0.0463824 0.219973 -0.515294
-0.0633198 0.285559 -0.246027
-0.0480588 0.353213 -0.0456944
-0.0673583 0.361909 0.110726
-0.0626565 0.376135 0.284022
-0.0294383 0.41834 0.417541
-0.0702609 0.381846 0.555044
-0.142744 0.277773 0.734594
-0.0781056 0.319084 1.01189
-0.104453 0.279661 1.37419
-0.1612 0.315145 -0.476128
-0.157959 0.352378 -0.332801
-0.156101 0.381858 -0.155552
-0.173189 0.399203 0.00745104
-0.16549 0.448378 0.195296
-0.176571 0.424434 0.437838
-0.109161 0.403523 0.685602
-0.0519877 0.38062 0.839188
-0.120165 0.32574 1.18564
-0.211551 0.330258 1.51995
-0.0731844 0.439877 -0.442545
-0.0868852 0.462042 -0.252104
-0.0814894 0.485191 -0.0806653
-0.0997162 0.498849 0.076636
-0.122649 0.499606 0.327048
-0.160042 0.531212 0.532109
-0.154194 0.522743 0.744053
-0.138221 0.455698 0.926893
-0.124355 0.457975 1.11178
-0.133625 0.429126 1.39358
-0.104469 0.576516 -0.489032
-0.103794 0.586987 -0.3031
-0.116496 0.608365 -0.117906
-0.115811 0.629735 0.0969341
-0.122588 0.634232 0.288266
-0.11592 0.672997 0.500444
-0.128197 0.668353 0.712325
-0.132383 0.618183 0.92288
-0.13092 0.61085 1.13042
-0.143324 0.577273 1.34496
-0.0992132 0.729822 -0.490178
-0.102223 0.735761 -0.299351
-0.10445 0.751935 -0.104145
-0.108519 0.773537 0.0926616
-0.110467 0.790131 0.293934
-0.112465 0.826718 0.49708
-0.116604 0.822754 0.703813
-0.123019 0.78352 0.914265
-0.124972 0.768804 1.12461
-0.121085 0.738882 1.33567
-0.0968501 0.887416 -0.485592
-0.0985774 0.893396 -0.294958
-0.101335 0.906298 -0.101118
-0.104229 0.927687 0.0951868
-0.107503 0.9525 0.293885
-0.110827 0.983619 0.495365
-0.114444 0.982146 0.700498
-0.11885 0.955327 0.908927
-0.121008 0.937493 1.11871
-0.122942 0.919352 1.32797
-0.0937594 1.05228 -0.481899
-0.0959632 1.06021 -0.29137
-0.0988096 1.07319 -0.0986419
-0.101974 1.09517 0.0963973
-0.105422 1.12286 0.29418
-0.109023 1.14884 0.495104
-0.112866 1.15251 0.699337
-0.116062 1.1415 0.906428
-0.118899 1.12905 1.11523
-0.12041 1.11941 1.3237
0.0983684 0.15001 -0.560333
0.135882 0.16476 -0.217664
0.0830932 0.15001 -0.0758924
0.079256 0.15001 0.0789651
0.0620967 0.15001 0.234787
0.0460749 0.153723 0.404159
0.0789578 0.15001 0.561323
0.0642829 0.15001 0.710422
0.0747864 0.15001 0.866391
0.110784 0.15001 1.123
0.133995 0.15001 -0.826192
0.190875 0.15001 -0.355488
0.156938 0.247164 -0.00597427
0.151184 0.241388 0.150968
0.146702 0.231027 0.307457
0.15616 0.222391 0.461391
0.134925 0.256708 0.638892
0.133328 0.254388 0.792682
0.144817 0.193061 0.988285
0.146522 0.15001 1.36996
0.0403317 0.249191 -0.708245
0.0664591 0.245392 -0.322644
0.0375936 0.258908 -0.139273
0.0858846 0.349295 0.0855944
0.0741658 0.341752 0.235231
0.062538 0.317459 0.377233
0.0475479 0.29103 0.517316
0.030629 0.279846 0.91194
0.0187757 0.255946 1.17242
0.0618225 0.15001 1.57988
0.149976 0.244519 -0.449909
0.11919 0.335423 -0.232162
0.110228 0.361594 -0.0681732
0.169351 0.438846 0.167923
0.150974 0.44062 0.320108
0.116185 0.411531 0.461335
0.0875184 0.40536 0.605651
0.0339893 0.35527 0.728825
0.0832734 0.331174 1.0367
0.0825542 0.286715 1.38998
0.0353463 0.327784 -0.462784
0.00516776 0.379263 -0.332814
0.00496107 0.398183 -0.1709
0.022104 0.452785 0.0209643
0.00466888 0.462136 0.184233
0.181581 0.512624 0.526165
0.134535 0.461596 0.734623
0.115607 0.385344 0.858956
0.1124 0.36532 1.22576
0.0672891 0.354406 1.55219
0.100965 0.461032 -0.45677
0.0947732 0.472284 -0.26707
0.0788328 0.498061 -0.10174
0.101342 0.53577 0.0994488
0.0384704 0.527152 0.306459
0.0149896 0.525283 0.506397
0.0137437 0.542396 0.739291
0.0491776 0.480775 0.940272
0.0680417 0.474462 1.1194
0.0785723 0.444209 1.39594
0.0961784 0.599311 -0.49994
0.0907604 0.602856 -0.305683
0.0970986 0.629635 -0.115413
0.0657095 0.661907 0.06426
0.0763089 0.670016 0.282544
0.0818966 0.672296 0.506052
0.080273 0.687606 0.71683
0.070111 0.638197 0.929183
0.0759716 0.631006 1.13723
0.0747257 0.597547 1.35347
0.0964654 0.749031 -0.494202
0.0959111 0.750883 -0.303416
0.0923506 0.773529 -0.108263
0.0929783 0.803343 0.0931466
0.0910672 0.82465 0.294218
0.0888296 0.839408 0.497214
0.0867886 0.847223 0.704721
0.0821965 0.804998 0.917562
0.0826629 0.791292 1.12851
0.0847262 0.763264 1.33991
0.0979641 0.903456 -0.490572
0.096755 0.908065 -0.29906
0.0949836 0.927753 -0.104072
0.0932035 0.957495 0.0933591
0.091416 0.984195 0.293174
0.0897709 1.005 0.496149
0.0880517 1.00952 0.702209
0.0860564 0.982105 0.911565
0.0855437 0.964396 1.12184
0.0855201 0.948303 1.33135
0.0997821 1.06639 -0.48747
0.0981673 1.07555 -0.295794
0.0962697 1.0952 -0.101852
0.0944148 1.12357 0.0945119
0.0926657 1.15339 0.293674
0.090969 1.17629 0.495929
0.0892852 1.18237 0.701163
0.0880232 1.17227 0.908927
0.0871669 1.15944 1.11814
0.0868436 1.15007 1.32701
0.26186 0.150019 -0.515839
0.296495 0.15001 -0.233207
0.227857 0.15001 -0.0984134
0.234351 0.15001 0.0608806
0.224954 0.15001 0.224621
0.239344 0.15001 0.379683
0.232703 0.15001 0.564615
0.214773 0.15001 0.713848
0.223837 0.15001 0.862177
0.270358 0.15001 1.15316
0.324254 0.15001 -0.843969
0.340681 0.15001 -0.384794
0.303156 0.240539 -0.0248558
0.307557 0.230366 0.145246
0.306024 0.243332 0.305891
0.30376 0.238012 0.464861
0.297412 0.260288 0.645152
0.302038 0.257606 0.800767
0.305896 0.185888 0.993518
0.334483 0.15001 1.39059
0.231013 0.233279 -0.681869
0.2395 0.270471 -0.285861
0.207338 0.281747 -0.142167
0.234618 0.340431 0.0731995
0.229139 0.330974 0.228503
0.219052 0.330073 0.38436
0.209372 0.328128 0.542552
0.216322 0.298547 0.917081
0.348366 0.243612 1.25888
0.336815 0.15001 1.60649
0.294682 0.290653 -0.424282
0.323351 0.383871 -0.221487
0.285037 0.3758 -0.0619901
0.320975 0.438857 0.147592
0.303533 0.431818 0.2991
0.28661 0.428305 0.456567
0.264003 0.434799 0.622353
0.210366 0.3447 0.717755
0.240488 0.322964 1.06557
0.264546 0.284194 1.4319
0.205011 0.361363 -0.525083
0.18201 0.378895 -0.361227
0.201175 0.445004 -0.167863
0.184129 0.461099 0.00310625
0.332451 0.557611 0.360898
0.382012 0.517115 0.50801
0.357234 0.529761 0.677526
0.276347 0.404875 0.829936
0.282094 0.375985 1.23615
0.338226 0.3677 1.56385
0.320113 0.461131 -0.513875
0.280549 0.48098 -0.311487
0.336317 0.498357 -0.119391
0.306415 0.525066 0.0365428
0.218157 0.568946 0.213714
0.2832 0.606633 0.563142
0.241696 0.546571 0.782692
0.257644 0.483001 0.954166
0.278019 0.500233 1.14989
0.293102 0.452435 1.40956
0.298443 0.613236 -0.507358
0.301082 0.622899 -0.314379
0.288688 0.632893 -0.118118
0.282883 0.667018 0.074754
0.294382 0.696364 0.29523
0.295415 0.733159 0.487016
0.289994 0.689951 0.71789
0.280857 0.650015 0.937149
0.287785 0.653092 1.14326
0.290672 0.610901 1.3641
0.295284 0.766723 -0.499911
0.29476 0.773453 -0.307415
0.293722 0.790406 -0.110058
0.293822 0.823086 0.091086
0.292387 0.856395 0.29252
0.292772 0.885248 0.498454
0.292267 0.859032 0.706718
0.290441 0.822632 0.92071
0.292009 0.811661 1.13271
0.293909 0.781266 1.34522
0.294969 0.922934 -0.496704
0.294535 0.930852 -0.303666
0.293729 0.952713 -0.107333
0.29307 0.983796 0.091534
0.29277 1.0179 0.292836
0.292749 1.04118 0.497185
0.292783 1.02859 0.704443
0.292745 1.0052 0.914442
0.293491 0.9874 1.12525
0.294378 0.970744 1.33542
0.296234 1.08657 -0.494328
0.294998 1.09848 -0.300922
0.294127 1.12282 -0.105325
0.293629 1.15329 0.0927325
0.293455 1.18598 0.293489
0.293447 1.20687 0.497074
0.293496 1.20783 0.703299
0.293776 1.1985 0.911692
0.29428 1.18454 1.12136
0.294806 1.17367 1.33076
0.421802 0.15001 -0.577947
0.46496 0.15001 -0.215848
0.379495 0.15001 -0.0978118
0.404181 0.153235 0.0442631
0.378773 0.15001 0.239531
0.399307 0.15001 0.400174
0.385772 0.160977 0.558946
0.363726 0.15001 0.703391
0.385449 0.15001 0.860645
0.466652 0.15001 1.23159
0.519739 0.15001 -0.910033
0.504368 0.161668 -0.363006
0.452276 0.2764 -0.075352
0.459971 0.220067 0.155785
0.462619 0.237624 0.303574
0.471315 0.260785 0.473121
0.462038 0.27591 0.631085
0.446051 0.247429 0.776432
0.466729 0.15001 1.05407
0.516879 0.15001 1.42521
0.455766 0.211536 -0.742315
0.383549 0.247535 -0.306943
0.346249 0.263826 -0.163523
0.376622 0.317784 0.0605499
0.384441 0.329532 0.217139
0.379491 0.333603 0.380478
0.359959 0.334377 0.545146
0.460733 0.268574 0.926743
0.570312 0.256363 1.28315
0.568585 0.15001 1.62793
0.429435 0.248112 -0.465735
0.481094 0.293463 -0.221271
0.421674 0.415618 -0.0319203
0.464107 0.410491 0.11492
0.459102 0.425396 0.287305
0.461057 0.403439 0.464202
0.436085 0.427915 0.612109
0.372263 0.367853 0.720008
0.428161 0.316866 1.09854
0.468818 0.294205 1.45043
0.459345 0.39104 -0.475193
0.418805 0.379894 -0.335314
0.463059 0.418635 -0.1737
0.506886 0.524461 0.18082
0.488429 0.519932 0.385291
0.540335 0.504787 0.542869
0.563179 0.449944 0.673671
0.435794 0.405692 0.849751
0.493072 0.383651 1.2584
0.577146 0.366353 1.56163
0.512027 0.493763 -0.570379
0.518323 0.482901 -0.322029
0.520539 0.543131 -0.159411
0.504517 0.527038 0.012007
0.559078 0.604959 0.291216
0.488864 0.621281 0.492067
0.489515 0.544626 0.755936
0.492292 0.50886 0.959226
0.498871 0.505731 1.16517
0.516533 0.463371 1.42325
0.504615 0.636573 -0.511078
0.502869 0.636525 -0.323062
0.501468 0.679269 -0.112882
0.503941 0.677117 0.0790387
0.485535 0.734117 0.295885
0.502854 0.757713 0.503997
0.500338 0.702222 0.715372
0.501259 0.671739 0.935409
0.503382 0.66081 1.14861
0.507866 0.621431 1.37106
0.495663 0.789257 -0.506565
0.497172 0.792509 -0.311731
0.496645 0.829223 -0.112048
0.496824 0.841327 0.0891529
0.498364 0.885419 0.292949
0.499065 0.903334 0.498982
0.500287 0.869356 0.709244
0.501779 0.840601 0.9228
0.503749 0.82276 1.13644
0.505946 0.793609 1.35031
0.494702 0.94412 -0.504048
0.4952 0.95217 -0.308884
0.495321 0.984164 -0.110658
0.496082 1.00565 0.0899084
0.497173 1.04093 0.292799
0.498477 1.05684 0.498496
0.499899 1.04034 0.706759
0.50136 1.0211 0.91722
0.503001 1.00193 1.12862
0.5044 0.984196 1.33947
0.495941 1.10631 -0.502275
0.494981 1.11989 -0.306619
0.49515 1.14861 -0.108931
0.495942 1.17633 0.0910192
0.497078 1.20659 0.293463
0.498377 1.22385 0.498374
0.499742 1.22392 0.705534
0.501164 1.215 0.914507
0.502573 1.19974 1.12465
0.503627 1.18705 1.33464
0.625521 0.15001 -0.590952
0.629205 0.15001 -0.25166
0.528758 0.15001 -0.0664409
0.560721 0.15001 0.0784865
0.564791 0.15001 0.232682
0.557129 0.160106 0.383907
0.527979 0.15001 0.527425
0.51268 0.15001 0.680577
0.633612 0.15001 0.93568
0.672615 0.15001 1.292
0.719707 0.15001 -0.939658
0.713016 0.15001 -0.402645
0.631605 0.24895 -0.0134499
0.640536 0.255035 0.136768
0.647988 0.264733 0.292588
0.628278 0.274593 0.459356
0.611344 0.22765 0.612964
0.597013 0.205222 0.792441
0.636404 0.183378 1.11173
0.693153 0.15001 1.47784
0.741728 0.195806 -0.755168
0.596991 0.260563 -0.447447
0.591953 0.253507 -0.150066
0.51536 0.287951 0.0479475
0.54128 0.32499 0.209516
0.54396 0.330856 0.360857
0.693089 0.293378 0.703627
0.708655 0.274849 0.936176
0.797649 0.231752 1.25899
0.800821 0.16136 1.64352
0.58229 0.289366 -0.663353
0.603985 0.314887 -0.288961
0.56879 0.382794 -0.0562126
0.606504 0.400456 0.0925215
0.61736 0.436943 0.26277
0.60293 0.433289 0.430176
0.56295 0.351402 0.56128
0.550765 0.33775 0.7499
0.630412 0.350805 1.10879
0.718053 0.295535 1.44182
0.700125 0.338436 -0.562125
0.70926 0.359222 -0.390086
0.648767 0.40176 -0.173117
0.738487 0.459323 0.100672
0.676878 0.533103 0.358284
0.6742 0.45094 0.553218
0.706563 0.431412 0.695667
0.647327 0.410794 0.899395
0.75693 0.382443 1.26292
0.806967 0.366756 1.57267
0.684572 0.484231 -0.522813
0.694448 0.483041 -0.297681
0.737416 0.511122 -0.130767
0.743758 0.571662 0.0214125
0.780445 0.541491 0.233309
0.756492 0.549462 0.490954
0.738853 0.563524 0.740245
0.730431 0.535798 0.954417
0.720502 0.504852 1.17134
0.748874 0.4661 1.42788
0.715767 0.631407 -0.520395
0.711777 0.636896 -0.326685
0.713017 0.666553 -0.127824
0.714713 0.704466 0.0840685
0.717654 0.69309 0.289173
0.715392 0.704132 0.500695
0.718067 0.713119 0.718475
0.720394 0.693066 0.935512
0.72147 0.662665 1.15227
0.726807 0.625617 1.37615
0.700226 0.783101 -0.51523
0.702672 0.79433 -0.318532
0.703614 0.822931 -0.116177
0.703522 0.856942 0.0876993
0.706482 0.861486 0.292528
0.709098 0.869827 0.500482
0.711258 0.871086 0.711372
0.714221 0.854346 0.924965
0.716933 0.827329 1.1398
0.719815 0.798582 1.35437
0.698676 0.939888 -0.512928
0.699461 0.954528 -0.31474
0.700533 0.982742 -0.114106
0.702125 1.0143 0.0882868
0.704405 1.02973 0.292882
0.706748 1.04041 0.499931
0.709038 1.03976 0.709059
0.71142 1.02716 0.919939
0.71374 1.00648 1.13187
0.71562 0.987067 1.34343
0.697794 1.10648 -0.510141
0.698276 1.12436 -0.312818
0.699469 1.15288 -0.112758
0.701213 1.18368 0.0893405
0.70333 1.20816 0.293504
0.705551 1.22398 0.499733
0.70776 1.22746 0.707745
0.709937 1.21968 0.917266
0.711964 1.20341 1.12789
0.713402 1.18877 1.33849
0.846109 0.15001 -0.563189
0.800992 0.15001 -0.205207
0.689217 0.15001 -0.0991492
0.7114 0.15001 0.0633795
0.714446 0.15001 0.214109
0.70112 0.15001 0.361809
0.680296 0.15001 0.512189
0.728745 0.15001 0.74034
0.929553 0.15001 1.17877
0.990861 0.15001 1.54446
0.915215 0.15001 -0.896353
0.877985 0.161562 -0.361595
0.792347 0.22281 -0.0254947
0.793826 0.252735 0.134855
0.797965 0.259025 0.298632
0.776003 0.249375 0.444519
0.793418 0.199 0.605723
0.839578 0.217381 0.842969
0.81374 0.166953 1.04586
0.876904 0.150787 1.39415
0.967907 0.192026 -0.72259
0.989111 0.247638 -0.490488
0.883799 0.277151 -0.154569
0.90981 0.282194 0.030245
0.917816 0.299429 0.216567
0.927922 0.269186 0.46032
0.936182 0.278614 0.712363
0.984438 0.211748 0.985372
1.03448 0.210885 1.29255
1.0651 0.224265 1.67713
0.838594 0.288627 -0.621345
0.768486 0.290846 -0.265664
0.731893 0.296652 -0.126279
0.726266 0.338259 0.0296319
0.720023 0.357236 0.202042
0.715553 0.370214 0.373164
0.73625 0.327184 0.556899
0.824207 0.382147 0.824711
0.888021 0.308213 1.1308
0.967779 0.284752 1.46767
1.00198 0.339493 -0.646617
0.905937 0.315976 -0.36794
0.835781 0.383138 -0.0499991
0.858575 0.385217 0.118421
0.830891 0.403934 0.281602
0.843152 0.404653 0.442893
0.897342 0.412979 0.646444
0.970374 0.369836 0.974099
1.01182 0.366247 1.26716
1.0537 0.382707 1.58566
0.897183 0.426122 -0.544115
0.902935 0.456358 -0.312078
0.927426 0.456414 -0.135546
0.93992 0.480393 0.0502396
0.954557 0.48303 0.258563
0.956816 0.50834 0.491559
0.95361 0.53554 0.731378
0.944312 0.520773 0.942944
0.955533 0.48995 1.18272
0.984285 0.463054 1.4369
0.924596 0.582938 -0.527683
0.919813 0.609274 -0.330316
0.922684 0.619941 -0.130518
0.929534 0.640381 0.0706035
0.936822 0.651136 0.280893
0.935154 0.671631 0.50171
0.935369 0.692731 0.720508
0.936445 0.679161 0.936817
0.940003 0.649352 1.15568
0.948861 0.61987 1.38095
0.908595 0.744388 -0.524791
0.911329 0.767524 -0.325118
0.914372 0.78538 -0.122433
0.917483 0.807845 0.08281
0.920679 0.823913 0.290594
0.922732 0.840527 0.501889
0.924889 0.854093 0.714313
0.928006 0.842777 0.92804
0.931377 0.817113 1.14334
0.935424 0.791759 1.35881
0.906446 0.912586 -0.521661
0.907067 0.932754 -0.321071
0.909127 0.956688 -0.11821
0.911596 0.983947 0.0863496
0.914463 1.00596 0.292823
0.917232 1.02112 0.501378
0.91994 1.02709 0.711423
0.922821 1.01818 0.922825
0.925682 0.997692 1.13522
0.92804 0.977399 1.34744
0.902646 1.09469 -0.519466
0.904597 1.11384 -0.318494
0.906622 1.14227 -0.115991
0.909029 1.17313 0.0880367
0.911749 1.19893 0.293749
0.914541 1.21509 0.501127
0.91729 1.21969 0.709907
0.920007 1.21229 0.919986
0.922504 1.1948 1.13108
0.924248 1.17804 1.34227
1.08453 0.15001 -0.566319
0.985927 0.15001 -0.198269
0.898948 0.15001 -0.0744924
0.869676 0.15001 0.0739993
0.863265 0.15001 0.223816
0.859707 0.15001 0.382755
0.943483 0.15001 0.644797
1.17597 0.15001 0.930046
1.228 0.15001 1.23199
1.29385 0.15001 1.56711
1.1412 0.15001 -0.798523
1.10631 0.156208 -0.36718
1.02216 0.183929 -0.00357128
0.988918 0.19397 0.146067
0.993735 0.187131 0.306518
1.0536 0.15001 0.467387
1.11131 0.187512 0.63608
1.04449 0.16984 0.814656
1.09923 0.15001 1.1006
1.14703 0.15001 1.42794
1.33651 0.190716 -0.812075
1.2905 0.211672 -0.499602
1.23973 0.21392 -0.215157
1.17465 0.255345 0.0183519
1.25637 0.244301 0.351029
1.28179 0.25603 0.573008
1.25612 0.235523 0.798174
1.29117 0.210939 1.03353
1.33647 0.223714 1.33789
1.36672 0.246773 1.6867
1.15434 0.250884 -0.663718
1.06116 0.293218 -0.259827
1.00991 0.318909 -0.0793
1.03554 0.332047 0.0836779
1.0657 0.323434 0.241494
1.09708 0.317285 0.429794
1.10736 0.354364 0.632502
1.12887 0.310429 0.888451
1.1646 0.290869 1.16461
1.22102 0.281302 1.49137
1.30516 0.32685 -0.687041
1.23024 0.33586 -0.418123
1.1897 0.328433 -0.121261
1.22472 0.366168 0.111312
1.2363 0.375399 0.280692
1.25754 0.382765 0.49354
1.26525 0.385466 0.755658
1.26607 0.366504 1.01212
1.28224 0.36497 1.28461
1.32516 0.383903 1.58738
1.1595 0.395404 -0.590303
1.13072 0.427063 -0.329512
1.11507 0.460486 -0.124356
1.12126 0.477311 0.0681847
1.15009 0.500196 0.278842
1.16428 0.505345 0.499314
1.169 0.50527 0.721636
1.18238 0.490594 0.955926
1.19791 0.472491 1.19776
1.22812 0.453648 1.45302
1.14029 0.546696 -0.541956
1.12778 0.583919 -0.333967
1.13072 0.61382 -0.131125
1.13753 0.633673 0.076485
1.14366 0.653341 0.288106
1.14842 0.660698 0.503659
1.15203 0.66316 0.721475
1.15538 0.649777 0.939941
1.1626 0.627771 1.16277
1.17487 0.600946 1.39031
1.11875 0.710769 -0.53506
1.12303 0.743285 -0.330634
1.12508 0.771657 -0.124063
1.12875 0.793598 0.0828812
1.13281 0.812105 0.292037
1.13647 0.822715 0.503772
1.13973 0.827508 0.716958
1.14326 0.817339 0.931413
1.14761 0.795458 1.14765
1.15336 0.77026 1.36472
1.11711 0.88827 -0.530514
1.1168 0.911978 -0.326349
1.11898 0.93972 -0.120927
1.12198 0.965939 0.085527
1.12534 0.987857 0.293423
1.12867 1.00185 0.502939
1.13188 1.00636 0.713701
1.13522 0.997694 0.925667
1.13862 0.976978 1.13863
1.14156 0.954966 1.35158
1.11138 1.0809 -0.527066
1.1131 1.10127 -0.32353
1.11543 1.13054 -0.118697
1.11827 1.1604 0.087152
1.12144 1.18488 0.294197
1.1247 1.19966 0.502489
1.12791 1.20323 0.711905
1.13109 1.19471 0.922475
1.13402 1.17513 1.13401
1.13605 1.15579 1.34575
1.30468 0.15001 -0.64853
1.28981 0.15001 -0.349265
1.14609 0.15001 -0.092158
1.12302 0.15001 0.111207
1.15293 0.15001 0.270531
1.23047 0.15001 0.468856
1.29083 0.15001 0.676695
1.53994 0.15001 0.994385
1.56542 0.15001 1.29534
1.60889 0.15001 1.60968
1.52786 0.15001 -0.726125
1.49421 0.15001 -0.35659
1.4161 0.15001 -0.0482477
1.36765 0.15001 0.145516
1.38813 0.15001 0.332789
1.42453 0.15001 0.513547
1.47609 0.15001 0.688526
1.3929 0.152163 0.874657
1.42428 0.15001 1.14972
1.46918 0.15001 1.47069
1.62422 0.15001 -0.882713
1.60351 0.15001 -0.509352
1.58879 0.15001 -0.196642
1.57821 0.15001 0.058168
1.6055 0.15001 0.334564
1.62741 0.15001 0.566717
1.64106 0.159981 0.799768
1.67568 0.222938 1.06439
1.68639 0.246494 1.36662
1.70268 0.258865 1.70238
1.44526 0.241727 -0.611791
1.39815 0.267538 -0.33815
1.37885 0.282199 -0.104382
1.39048 0.287628 0.0841752
1.42946 0.28542 0.266564
1.44842 0.295414 0.470738
1.44243 0.295573 0.718574
1.46641 0.285125 0.967904
1.49001 0.281218 1.22228
1.52231 0.289552 1.52224
1.51651 0.31949 -0.760508
1.51906 0.326179 -0.479448
1.5195 0.332939 -0.214342
1.55088 0.355194 0.0581833
1.56569 0.367499 0.333794
1.56552 0.365428 0.574311
1.57373 0.366682 0.807525
1.58544 0.382396 1.0532
1.58786 0.384142 1.32411
1.62161 0.398343 1.62243
1.48119 0.461338 -0.668795
1.41474 0.416938 -0.366129
1.39439 0.431942 -0.136322
1.39588 0.445308 0.0773596
1.4091 0.452149 0.293365
1.42285 0.461552 0.517013
1.42851 0.465855 0.748514
1.43671 0.463188 0.98445
1.45237 0.453854 1.22852
1.48596 0.444226 1.48574
1.35014 0.52093 -0.551202
1.34648 0.555672 -0.345782
1.34612 0.580913 -0.139311
1.35434 0.599114 0.0761145
1.36472 0.610724 0.291038
1.37201 0.620048 0.508092
1.37607 0.625257 0.726989
1.38079 0.619934 0.948828
1.39012 0.601192 1.17476
1.41051 0.57454 1.41073
1.3544 0.690056 -0.559249
1.33581 0.717051 -0.331497
1.33607 0.743354 -0.123893
1.34016 0.765001 0.0834943
1.34546 0.781225 0.293483
1.35047 0.792587 0.505853
1.35441 0.798172 0.719806
1.35873 0.791788 0.935448
1.36463 0.770495 1.15341
1.37213 0.74028 1.37218
1.32602 0.869548 -0.535868
1.32671 0.894327 -0.330481
1.32821 0.922762 -0.122542
1.33152 0.949672 0.0853782
1.33553 0.970852 0.294171
1.33955 0.983595 0.504261
1.34346 0.98659 0.715546
1.34743 0.977281 0.928014
1.35156 0.955045 1.14157
1.35527 0.929634 1.35529
1.31971 1.06856 -0.53174
1.32124 1.09134 -0.326346
1.32388 1.12175 -0.120141
1.32715 1.15106 0.0868358
1.33085 1.17377 0.29469
1.3347 1.18659 0.50351
1.33852 1.1883 0.713325
1.34228 1.17784 0.924209
1.34575 1.15579 1.13604
1.34812 1.13389 1.34812
-3 0 -3
-3 0 3
-3 1 -3
-3 1 3
-3 2 -3
-3 2 3
-3 3 -3
-3 3 3
-3 4 -3
-3 4 3
-3 5 -3
-3 5 3
-3 6 -3
-3 6 3
-2 0 -3
-2 0 3
-2 1 -3
-2 1 3
-2 2 -3
-2 2 3
-2 3 -3
-2 3 3
-2 4 -3
-2 4 3
-2 5 -3
-2 5 3
-2 6 -3
-2 6 3
-1 0 -3
-1 0 3
-1 1 -3
-1 1 3
-1 2 -3
-1 2 3
-1 3 -3
-1 3 3
-1 4 -3
-1 4 3
-1 5 -3
-1 5 3
-1 6 -3
-1 6 3
0 0 -3
0 0 3
0 1 -3
0 1 3
0 2 -3
0 2 3
0 3 -3
0 3 3
0 4 -3
0 4 3
0 5 -3
0 5 3
0 6 -3
0 6 3
1 0 -3
1 0 3
1 1 -3
1 1 3
1 2 -3
1 2 3
1 3 -3
1 3 3
1 4 -3
1 4 3
1 5 -3
1 5 3
1 6 -3
1 6 3
2 0 -3
2 0 3
2 1 -3
2 1 3
2 2 -3
2 2 3
2 3 -3
2 3 3
2 4 -3
2 4 3
2 5 -3
2 5 3
2 6 -3
2 6 3
-3 0 -3
-3 7 -3
-3 0 -2
-3 7 -2
-3 0 -1
-3 7 -1
-3 0 0
-3 7 0
-3 0 1
-3 7 1
-3 0 2
-3 7 2
-2 0 -3
-2 7 -3
-2 0 -2
-2 7 -2
-2 0 -1
-2 7 -1
-2 0 0
-2 7 0
-2 0 1
-2 7 1
-2 0 2
-2 7 2
-1 0 -3
-1 7 -3
-1 0 -2
-1 7 -2
-1 0 -1
-1 7 -1
-1 0 0
-1 7 0
-1 0 1
-1 7 1
-1 0 2
-1 7 2
0 0 -3
0 7 -3
0 0 -2
0 7 -2
0 0 -1
0 7 -1
0 0 0
0 7 0
0 0 1
0 7 1
0 0 2
0 7 2
1 0 -3
1 7 -3
1 0 -2
1 7 -2
1 0 -1
1 7 -1
1 0 0
1 7 0
1 0 1
1 7 1
1 0 2
1 7 2
2 0 -3
2 7 -3
2 0 -2
2 7 -2
2 0 -1
2 7 -1
2 0 0
2 7 0
2 0 1
2 7 1
2 0 2
2 7 2
-3 0 -3
3 0 -3
-3 0 -2
3 0 -2
-3 0 -1
3 0 -1
-3 0 0
3 0 0
-3 0 1
3 0 1
-3 0 2
3 0 2
-3 1 -3
3 1 -3
-3 1 -2
3 1 -2
-3 1 -1
3 1 -1
-3 1 0
3 1 0
-3 1 1
3 1 1
-3 1 2
3 1 2
-3 2 -3
3 2 -3
-3 2 -2
3 2 -2
-3 2 -1
3 2 -1
-3 2 0
3 2 0
-3 2 1
3 2 1
-3 2 2
3 2 2
-3 3 -3
3 3 -3
-3 3 -2
3 3 -2
-3 3 -1
3 3 -1
-3 3 0
3 3 0
-3 3 1
3 3 1
-3 3 2
3 3 2
-3 4 -3
3 4 -3
-3 4 -2
3 4 -2
-3 4 -1
3 4 -1
-3 4 0
3 4 0
-3 4 1
3 4 1
-3 4 2
3 4 2
-3 5 -3
3 5 -3
-3 5 -2
3 5 -2
-3 5 -1
3 5 -1
-3 5 0
3 5 0
-3 5 1
3 5 1
-3 5 2
3 5 2
-3 6 -3
3 6 -3
-3 6 -2
3 6 -2
-3 6 -1
3 6 -1
-3 6 0
3 6 0
-3 6 1
3 6 1
-3 6 2
3 6 2
