1000 0.1
1.85991 0.15001 -0.0236071
-2.67793 0.15001 0.903637
-2.49965 0.15001 -2.30901
-2.33197 0.15001 -2.41406
-2.84833 0.15001 -0.55697
2.84999 0.15001 1.30843
1.46856 0.15001 1.9736
-1.56392 0.15001 1.60641
-1.4644 0.15001 -0.730317
-0.733578 0.15001 0.0491574
-2.6569 0.15001 2.28412
0.561593 0.15001 2.84999
-0.263608 0.15001 1.45491
2.84999 0.15001 0.548221
-0.759856 0.15001 1.62243
-0.259984 0.15001 -1.97726
-0.3584 0.15001 -1.11802
0.155516 0.15001 -1.27568
-0.945857 0.15001 0.573412
-0.135502 0.15001 1.312
-2.14079 0.15001 -1.92355
-2.84235 0.15001 -2.10127
-0.700656 0.15001 -0.768093
-1.77114 0.15001 -2.49987
-1.36998 0.15001 -2.14658
2.5199 0.15001 0.547946
-2.67133 0.15001 -1.81574
-0.468612 0.15001 -2.67556
-2.49823 0.15001 0.413754
-1.67287 0.15001 1.41973
-2.14061 0.15001 -0.990714
0.203408 0.15001 -0.434091
-1.90842 0.15001 -0.443339
-1.96875 0.15001 -1.47734
0.624811 0.15001 -2.84667
-2.33164 0.15001 -1.02335
0.545979 0.15001 -1.00565
-1.47647 0.15001 -1.27149
-1.15871 0.15001 0.910937
-2.84975 0.15001 0.0207237
-0.165067 0.15001 -2.5001
-1.66297 0.15001 -0.756356
-0.290806 0.15001 -0.939177
0.734978 0.15001 -2.32206
-0.0523422 0.15001 -1.62811
-0.767161 0.15001 -2.14938
0.253139 0.15001 2.67588
-0.250136 0.15001 2.84999
-1.19954 0.15001 -0.510402
-2.67705 0.15001 1.87944
-1.56088 0.15001 -1.80211
-2.4937 0.15001 -1.52326
-1.14447 0.15001 0.558399
-1.39018 0.15001 -1.08965
-1.05328 0.15001 2.84999
-1.863 0.15001 2.13733
-2.67544 0.15001 1.68528
-2.84999 0.15001 2.34942
-2.34074 0.15001 1.29366
0.878681 0.15001 1.4922
-0.549992 0.15001 -1.12707
1.42138 0.15001 -2.49083
-1.34208 0.15001 -0.894299
-0.962606 0.15001 -0.816958
-0.55931 0.15001 0.926263
-1.28804 0.15001 0.184477
0.0367777 0.15001 -0.730294
-1.7473 0.15001 0.464135
-2.67318 0.15001 2.07592
-2.84999 0.15001 0.804655
-2.67291 0.15001 -2.60013
-2.84999 0.15001 -1.5209
-2.68012 0.15001 -0.0763783
1.03949 0.15001 0.815123
2.84999 0.15001 0.172498
-2.68036 0.15001 1.29286
-2.84999 0.15001 1.38856
-2.84999 0.15001 0.211681
-1.46858 0.15001 1.42915
-0.759201 0.15001 1.97555
-2.67319 0.15001 -2.20464
-2.17676 0.15001 -2.84999
-1.18046 0.15001 -1.07895
-2.50219 0.15001 -0.36483
-0.651263 0.15001 2.49659
-2.84999 0.15001 2.53849
-2.16061 0.15001 0.823482
-2.84999 0.15001 1.9684
-2.26926 0.15001 2.13499
-0.658933 0.15001 2.14741
-0.150008 0.15001 -1.45515
-2.67766 0.15001 -0.844789
-2.50086 0.15001 -2.5113
-1.06981 0.15001 -1.26839
-2.50466 0.15001 0.0235655
-1.95961 0.15001 -0.0925808
-1.76775 0.15001 1.24509
-2.33266 0.15001 1.10256
0.356192 0.15001 2.84999
-2.32256 0.15001 1.69144
-1.26931 0.15001 -2.32167
-0.158821 0.15001 1.97874
-2.3215 0.15001 -1.62354
2.68087 0.15001 1.99103
1.53201 0.15001 1.29662
-0.961007 0.15001 1.6195
1.81942 0.15001 -1.90711
-0.568952 0.15001 -2.50165
1.69459 0.15001 -0.30838
2.35253 0.15001 -1.04826
2.34948 0.15001 -2.77572
0.0377997 0.15001 -0.928597
-1.6006 0.15001 -1.10497
-0.140162 0.15001 -0.245882
0.381753 0.15001 -1.10446
-2.67727 0.15001 -0.654526
-0.366874 0.15001 -2.50061
-2.6713 0.15001 -2.40502
-0.449318 0.15001 2.84999
-2.67808 0.15001 -0.26862
-1.67115 0.15001 -2.67434
2.18823 0.15001 1.11441
0.34278 0.15001 -1.97501
-1.71116 0.15001 -0.410497
-2.1093 0.15001 0.0381178
-0.152068 0.15001 2.66887
-1.65824 0.15001 -1.98598
0.540721 0.15001 -0.425984
-0.133388 0.15001 0.727474
0.708012 0.15001 0.624157
-2.3167 0.15001 -1.41571
-0.247839 0.15001 -1.28045
0.545219 0.15001 -1.21017
-2.31924 0.15001 -2.01763
-2.84999 0.15001 -2.6653
-0.67281 0.15001 -2.67691
0.721992 0.15001 -1.29292
-1.77447 0.15001 0.857913
-1.56397 0.15001 0.888675
-2.84999 0.15001 1.58363
-1.16472 0.15001 -1.79276
-0.66536 0.15001 -1.97452
-0.764435 0.15001 -1.45243
-2.67933 0.15001 -1.03702
-0.638679 0.15001 0.432489
1.36708 0.15001 0.251654
-1.57229 0.15001 1.24762
-1.26109 0.15001 1.79283
-2.84999 0.15001 2.15983
-1.79652 0.15001 0.278809
0.206356 0.15001 -0.823841
-2.33463 0.15001 -2.61533
0.032251 0.15001 -0.146868
0.706697 0.15001 -0.136642
1.36579 0.15001 -0.503515
1.56449 0.15001 2.4972
-0.549647 0.15001 2.67249
-2.04909 0.15001 2.84999
-2.6789 0.15001 0.117295
-1.9581 0.15001 1.59512
-0.866331 0.15001 -1.62259
-2.84999 0.15001 -2.4792
-1.57111 0.15001 -2.84999
-1.96761 0.15001 -1.81771
-0.48183 0.15001 -0.65264
-0.821658 0.15001 -0.942454
-2.3265 0.15001 0.512574
-1.66907 0.15001 -2.32611
-0.830751 0.15001 0.405588
-2.84999 0.15001 2.84999
-0.8693 0.15001 -2.67728
1.36543 0.15001 -0.314635
-2.16385 0.15001 1.22112
-1.38999 0.15001 -0.541339
-2.73906 0.15001 2.68799
-2.07508 0.15001 1.77671
-2.11949 0.15001 -0.461121
-2.54555 0.15001 2.66962
-0.660122 0.15001 1.44808
-1.66257 0.15001 2.49052
-1.3704 0.15001 -2.84999
-0.140542 0.15001 -0.0508766
-2.84999 0.15001 -0.747783
-1.26821 0.15001 -0.700662
0.209168 0.15001 -1.02147
0.708416 0.15001 -0.709109
-1.66517 0.15001 -1.63241
-2.33263 0.15001 1.88856
-2.67623 0.15001 0.710469
-1.85211 0.15001 2.84999
-1.34416 0.15001 0.531508
0.249782 0.15001 -1.45533
-2.84999 0.15001 -0.942564
-2.84999 0.15001 -0.170506
-1.47188 0.15001 -2.31741
0.204495 0.15001 1.11517
-2.6544 0.15001 2.48997
-2.15369 0.15001 0.615635
-2.36179 0.15001 2.31816
0.211613 0.15001 1.89778
-0.770624 0.15001 -2.50485
-1.94054 0.15001 -0.96705
1.368 0.15001 1.58648
1.53239 0.15001 0.34822
0.206482 0.15001 1.70102
-0.250884 0.15001 2.49621
-0.555441 0.15001 -1.46053
2.35345 0.15001 1.02051
1.36881 0.15001 0.628982
2.34418 0.15001 1.7988
1.6946 0.15001 -1.2498
-1.16957 0.15001 -2.84999
-1.14788 0.15001 -0.875582
-0.455849 0.15001 -1.63079
-1.06827 0.15001 -2.32376
-0.451609 0.15001 -1.29076
-0.967954 0.15001 -2.84999
-1.73706 0.15001 -0.940032
-2.67129 0.15001 -2.01045
-2.67685 0.15001 1.48641
-2.84999 0.15001 -1.71712
-2.48977 0.15001 -1.91769
2.18625 0.15001 1.30702
-0.456292 0.15001 1.80218
-2.50488 0.15001 1.78239
-1.97304 0.15001 -2.49795
-2.50107 0.15001 0.611477
-1.55895 0.15001 2.67052
0.464267 0.15001 2.33568
-0.359782 0.15001 1.62828
-1.87322 0.15001 -2.67409
-2.67944 0.15001 1.09798
-1.26897 0.15001 -1.26713
0.0359389 0.15001 1.21622
0.873137 0.15001 -0.609027
-1.99388 0.15001 -0.622777
-0.856842 0.15001 2.1465
-2.07446 0.15001 -0.8049
-1.76162 0.15001 1.59997
-2.84999 0.15001 0.409423
-0.867156 0.15001 -1.97199
0.817079 0.15001 -2.84999
-2.67866 0.15001 -0.460203
0.541848 0.15001 1.49838
1.20382 0.15001 0.532494
-1.00773 0.15001 -0.481953
2.02065 0.15001 1.40209
2.35528 0.15001 0.452778
-2.15966 0.15001 0.224348
-1.65455 0.15001 2.84999
-2.50853 0.15001 -2.70644
-0.628047 0.15001 -0.954841
-1.06557 0.15001 -2.67607
1.53251 0.15001 -2.30978
0.44469 0.15001 -1.80121
-0.338475 0.15001 1.25833
-1.36214 0.15001 2.3155
-2.33309 0.15001 0.910375
-0.299105 0.15001 0.830572
-2.63989 0.15001 2.84999
-1.56001 0.15001 -0.0303314
0.0322246 0.15001 -0.340509
-1.99098 0.15001 0.721991
-0.312811 0.15001 -0.34679
-2.48958 0.15001 2.17128
-2.33475 0.15001 -0.0759363
-2.06399 0.15001 2.13978
-1.95825 0.15001 2.6668
-1.75888 0.15001 2.66995
0.0492326 0.15001 2.67446
1.01573 0.15001 -2.84999
2.35212 0.15001 1.21187
-2.16898 0.15001 -2.51186
0.843367 0.15001 -1.79883
1.20106 0.15001 -0.223017
-2.32747 0.15001 0.714865
0.874835 0.15001 1.10242
-1.46015 0.15001 2.14239
-0.0506442 0.15001 2.84999
-0.471094 0.15001 1.09932
-0.56872 0.15001 -2.84999
-1.46977 0.15001 -2.67378
-1.8688 0.15001 -1.6452
1.36926 0.15001 2.49639
-2.49378 0.15001 -0.750162
-1.89839 0.15001 0.110808
0.70747 0.15001 -0.517576
-1.89076 0.15001 -1.29987
-2.07816 0.15001 1.407
1.84262 0.15001 1.8953
-2.64739 0.15001 -2.84999
0.347703 0.15001 -1.62745
-1.06616 0.15001 1.08753
1.1382 0.15001 -1.96431
0.236338 0.15001 -2.50395
-0.139216 0.15001 -0.441047
-1.16723 0.15001 0.0232322
-2.1514 0.15001 1.02094
-1.46127 0.15001 2.49352
-1.66581 0.15001 1.06964
-0.770868 0.15001 -2.84999
2.67849 0.15001 2.19288
-2.49165 0.15001 -2.11189
2.68464 0.15001 0.831732
-2.02437 0.15001 -0.287797
-0.0583783 0.15001 2.15141
1.85953 0.15001 -0.211441
0.355134 0.15001 2.50308
2.683 0.15001 1.40502
1.69537 0.15001 0.0678958
0.765677 0.15001 2.84999
-0.868301 0.15001 -2.32562
-0.253319 0.15001 -1.63036
-2.15375 0.15001 -1.52482
-2.84999 0.15001 -2.84999
-1.24314 0.15001 -0.160115
1.85836 0.15001 -1.33883
-1.08893 0.15001 0.202621
-1.87241 0.15001 1.41311
-1.63074 0.15001 0.696515
-0.967239 0.15001 -2.50399
-0.744506 0.15001 -1.11887
2.18937 0.15001 -0.581239
-2.32791 0.15001 0.318354
-0.655061 0.15001 -0.346315
-1.36388 0.15001 1.61198
-1.06351 0.15001 1.44132
-1.6631 0.15001 1.78388
0.376927 0.15001 -0.912265
-0.861587 0.15001 1.44507
-2.31957 0.15001 -0.482485
0.0445402 0.15001 -1.11788
1.20543 0.15001 -1.17408
1.52372 0.15001 1.69108
-2.15475 0.15001 1.96227
-1.86695 0.15001 1.77708
1.11961 0.15001 -2.67224
-2.50719 0.15001 1.39008
-0.058089 0.15001 -1.97675
-0.962611 0.15001 0.921075
-2.84836 0.15001 -1.13366
-0.266212 0.15001 -2.67505
1.53094 0.15001 -0.971767
1.85682 0.15001 2.31852
2.02631 0.15001 0.449275
2.00582 0.15001 1.99321
1.69645 0.15001 0.256257
0.205203 0.15001 0.33704
-0.963969 0.15001 1.268
0.888435 0.15001 1.88448
-2.49435 0.15001 -1.72135
2.19003 0.15001 -0.0189214
0.0400399 0.15001 -2.15079
-0.050253 0.15001 -1.28126
-1.06756 0.15001 -1.9667
2.06836 0.15001 2.6735
-1.65775 0.15001 2.13955
0.968302 0.15001 2.84999
-0.750975 0.15001 2.67325
2.02323 0.15001 1.20823
1.22449 0.15001 -2.49332
-1.80903 0.15001 -1.12232
1.20197 0.15001 -0.60159
1.20595 0.15001 1.48867
-1.76235 0.15001 -0.058058
-1.26315 0.15001 -1.96642
0.0385334 0.15001 0.823344
-2.51001 0.15001 1.19786
2.84999 0.15001 2.48495
0.249515 0.15001 2.33161
1.03589 0.15001 -2.1424
2.1897 0.15001 -0.206474
-0.165624 0.15001 -2.84999
-0.363482 0.15001 -2.15115
-1.56943 0.15001 -2.49865
-2.49777 0.15001 0.21906
0.764532 0.15001 2.50393
-2.84999 0.15001 1.19465
-0.649576 0.15001 2.84999
0.0355079 0.15001 0.434407
-0.0627974 0.15001 -2.32546
0.204782 0.15001 -0.627959
1.60077 0.15001 -2.84999
-1.46166 0.15001 1.7893
-0.954604 0.15001 2.31776
-2.05948 0.15001 2.49131
-1.96685 0.15001 0.511439
-1.16673 0.15001 -1.44242
-1.26343 0.15001 1.07749
-2.84999 0.15001 1.77753
-2.20206 0.15001 -0.646648
0.355925 0.15001 -1.29178
-1.02602 0.15001 0.390102
0.203859 0.15001 -0.0487452
1.04403 0.15001 -1.79154
2.19072 0.15001 0.357017
-1.97714 0.15001 0.917041
1.03682 0.15001 0.0582107
-1.45619 0.15001 2.84999
2.02476 0.15001 1.01699
0.142762 0.15001 -1.97582
2.4663 0.15001 2.68645
0.374797 0.15001 0.625476
0.759368 0.15001 2.16693
1.53322 0.15001 0.536851
0.384493 0.15001 1.98559
-1.05595 0.15001 2.49506
-1.07795 0.15001 -0.662669
-0.25504 0.15001 2.15056
1.85058 0.15001 1.69759
1.62584 0.15001 -1.93109
-1.77069 0.15001 -1.46447
-2.49419 0.15001 -1.32729
-1.78724 0.15001 -0.599591
-1.26879 0.15001 -2.67352
-1.76121 0.15001 -1.81241
2.18764 0.15001 -1.14453
0.0509972 0.15001 -1.45198
-0.0476872 0.15001 1.79746
-0.0539317 0.15001 2.49556
-2.50143 0.15001 -0.558449
-1.7719 0.15001 -2.84999
0.0362153 0.15001 -2.50028
-0.48386 0.15001 -0.24952
-0.149026 0.15001 -1.093
0.958443 0.15001 2.15066
0.561176 0.15001 2.50723
-1.41552 0.15001 0.346564
-1.8311 0.15001 -0.249904
0.5409 0.15001 0.337698
-2.11654 0.15001 -1.32803
-1.761 0.15001 -2.15464
0.431968 0.15001 -2.84999
0.240485 0.15001 -2.15028
-2.84999 0.15001 -2.28849
2.18947 0.15001 -0.393891
2.84999 0.15001 -1.89449
0.828728 0.15001 -2.49774
-1.26228 0.15001 2.14443
0.879506 0.15001 -1.18518
-1.96367 0.15001 -2.15323
1.20292 0.15001 0.343774
1.82906 0.15001 2.0947
2.35422 0.15001 0.830611
0.873503 0.15001 0.529496
0.552496 0.15001 1.89225
2.65401 0.15001 2.64317
0.374971 0.15001 1.59782
1.26069 0.15001 1.97155
0.202471 0.15001 1.30985
1.73822 0.15001 -2.29996
2.5203 0.15001 0.171732
2.02433 0.15001 -0.865021
1.85912 0.15001 -1.15014
-1.63558 0.15001 -0.218888
-0.757913 0.15001 0.927681
-1.25955 0.15001 2.49461
2.68197 0.15001 1.79548
1.04573 0.15001 1.58978
-0.447365 0.15001 2.49588
1.33323 0.15001 -1.96732
-1.3183 0.15001 -0.354114
0.0448943 0.15001 -1.80201
-0.466383 0.15001 -2.3259
-1.16837 0.15001 -2.49891
-1.56814 0.15001 -1.45116
-0.85101 0.15001 2.84999
-1.86452 0.15001 2.49188
-0.459071 0.15001 1.44767
0.206618 0.15001 0.918608
1.53085 0.15001 -0.78271
-0.135502 0.15001 -0.636746
-1.87283 0.15001 -2.32671
-0.350227 0.15001 2.32287
2.35008 0.15001 1.40536
-0.129615 0.15001 -0.833884
0.374102 0.15001 0.434018
-1.55992 0.15001 2.3129
2.16777 0.15001 2.84999
1.1687 0.15001 2.84999
0.941374 0.15001 -1.96857
0.0344227 0.15001 0.240039
-0.561778 0.15001 -1.80179
-1.43861 0.15001 -0.191421
-1.46196 0.15001 -1.97366
-1.58783 0.15001 -0.569551
-1.5419 0.15001 0.507669
-1.75875 0.15001 1.96115
-2.24591 0.15001 2.84999
-1.15498 0.15001 2.67215
0.706956 0.15001 -0.326896
-0.968765 0.15001 -1.08705
0.542234 0.15001 0.912803
-0.30434 0.15001 0.635647
1.03935 0.15001 -1.46557
-0.952749 0.15001 2.67281
-0.970855 0.15001 -1.44553
-1.98269 0.15001 0.30802
-2.45469 0.15001 2.49238
-1.05981 0.15001 1.79512
1.86157 0.15001 0.352801
0.883043 0.15001 1.69042
0.0332769 0.15001 1.61083
2.67719 0.15001 2.39599
2.50737 0.15001 2.29628
2.49685 0.15001 -2.28359
-1.16252 0.15001 1.61623
-1.46539 0.15001 1.07138
1.53115 0.15001 0.159665
-0.756555 0.15001 2.31855
-0.667976 0.15001 -2.32649
-2.07509 0.15001 -2.68048
-0.303373 0.15001 -0.740919
-2.02351 0.15001 -1.151
-2.37508 0.15001 -2.84999
-0.565743 0.15001 -2.1506
-1.97258 0.15001 -2.84999
-2.50574 0.15001 1.97679
2.18947 0.15001 0.924015
0.706908 0.15001 0.243484
1.36723 0.15001 -1.07256
2.1885 0.15001 -0.956486
-1.68446 0.15001 -1.28477
1.33102 0.15001 -2.31467
2.52022 0.15001 0.359673
-0.65816 0.15001 1.79943
-2.49657 0.15001 -1.13456
-1.86007 0.15001 1.07213
-0.662001 0.15001 0.23564
-0.748803 0.15001 0.589183
-2.15853 0.15001 -0.152448
-2.67423 0.15001 0.313782
-0.26446 0.15001 -2.3256
2.49991 0.15001 -2.47512
-2.31457 0.15001 -0.281525
-0.765938 0.15001 -1.79867
-2.28948 0.15001 -1.21688
0.871931 0.15001 -0.0389607
2.35492 0.15001 0.6414
1.03844 0.15001 0.436207
-0.156019 0.15001 -1.80328
1.36884 0.15001 1.19896
2.34166 0.15001 1.99482
1.69744 0.15001 0.44482
1.66845 0.15001 1.98324
0.204971 0.15001 1.50628
0.706632 0.15001 0.0534141
2.33654 0.15001 2.40005
0.718379 0.15001 1.78789
-0.136339 0.15001 0.53407
-0.662111 0.15001 -1.62769
2.51538 0.15001 1.50299
1.96655 0.15001 2.84999
0.744422 0.15001 -1.62739
1.85983 0.15001 -0.774453
1.2043 0.15001 -1.57071
2.84999 0.15001 2.0908
1.20136 0.15001 -0.412278
2.16423 0.15001 2.29866
0.0377406 0.15001 1.02153
0.0348685 0.15001 -2.84999
0.337522 0.15001 -2.32617
0.245057 0.15001 -1.80095
-0.358238 0.15001 -1.80378
1.13194 0.15001 -2.31744
2.6829 0.15001 -1.4215
-1.35937 0.15001 -1.79379
-1.25545 0.15001 2.84999
1.69673 0.15001 1.01217
-2.3195 0.15001 1.48316
1.61684 0.15001 -2.48887
1.79406 0.15001 -2.84999
1.03666 0.15001 -0.131059
-2.67174 0.15001 -1.4247
-0.97065 0.15001 0.0438255
1.53044 0.15001 -0.59416
-2.84999 0.15001 -1.32411
-0.467642 0.15001 -0.849138
1.36807 0.15001 -1.26493
-1.36275 0.15001 -1.44378
0.332449 0.15001 -2.67719
1.04177 0.15001 -1.08247
0.54045 0.15001 -0.234978
1.0401 0.15001 1.19785
2.02454 0.15001 -0.677505
0.872727 0.15001 0.339977
-1.60787 0.15001 0.317927
-2.67167 0.15001 -1.62014
-2.16186 0.15001 2.31719
-1.81559 0.15001 0.647721
1.23209 0.15001 -2.14068
-0.864469 0.15001 -0.644546
-0.310413 0.15001 0.0455657
-1.06827 0.15001 -1.61893
0.526861 0.15001 -2.67822
-1.12557 0.15001 -0.324952
-1.05284 0.15001 0.744326
-1.36113 0.15001 1.9714
2.51939 0.15001 0.736742
2.1907 0.15001 0.54556
0.867397 0.15001 2.67623
0.138267 0.15001 -2.32586
-2.15244 0.15001 2.66587
-1.35739 0.15001 2.67208
-2.32528 0.15001 0.121428
2.84999 0.15001 -1.1371
-1.36984 0.15001 -2.49619
1.86679 0.15001 2.67112
-1.53771 0.15001 -0.917884
-2.25382 0.15001 2.49248
-0.865731 0.15001 -1.27469
-2.15392 0.15001 -2.11885
-1.86771 0.15001 -0.782191
-0.553522 0.15001 2.32182
-1.95834 0.15001 1.95704
-2.50867 0.15001 -0.939878
1.36879 0.15001 1.39096
1.86199 0.15001 0.730342
2.51824 0.15001 -0.952264
1.0393 0.15001 -0.890868
0.64581 0.15001 -1.46463
-2.32141 0.15001 -2.21562
2.34984 0.15001 -1.42697
-0.663361 0.15001 1.09769
-2.29492 0.15001 -0.825278
-2.34907 0.15001 2.6712
-2.50305 0.15001 0.808986
0.37446 0.15001 1.01234
0.707294 0.15001 0.433746
-0.130806 0.15001 1.12111
0.373173 0.15001 -0.526112
-1.46338 0.15001 -1.62201
1.20437 0.15001 0.911196
-0.969616 0.15001 -1.79439
-0.161352 0.15001 -2.1511
2.02447 0.15001 -0.490056
-2.13932 0.15001 -1.72049
0.710124 0.15001 1.39668
0.542097 0.15001 1.30225
1.86005 0.15001 1.10991
0.725564 0.15001 1.98086
-0.47739 0.15001 0.54649
1.53066 0.15001 1.49041
0.0310594 0.15001 1.41226
0.542104 0.15001 1.10672
-1.86349 0.15001 -1.98392
1.03751 0.15001 0.247271
2.18336 0.15001 1.50235
1.26625 0.15001 2.32034
1.46535 0.15001 2.32345
1.8558 0.15001 -1.52869
2.35159 0.15001 -1.23686
0.235216 0.15001 -2.84999
1.1641 0.15001 2.14786
1.69515 0.15001 -0.68435
-1.48496 0.15001 0.161609
-0.462738 0.15001 -1.97664
1.05757 0.15001 1.98091
-1.16603 0.15001 1.26139
0.15179 0.15001 2.84999
-0.653034 0.15001 -1.2899
1.63457 0.15001 -1.73002
0.147356 0.15001 -1.62732
0.711023 0.15001 -1.09822
1.69527 0.15001 -0.872397
1.90695 0.15001 -2.66632
-0.659269 0.15001 -0.569122
-1.24572 0.15001 0.733013
-1.55768 0.15001 1.96814
-0.853547 0.15001 2.49604
2.15726 0.15001 -2.09744
0.63922 0.15001 -2.14774
0.933598 0.15001 -2.31974
1.20745 0.15001 -1.37027
-2.09751 0.15001 -2.31783
1.367 0.15001 -0.881871
-1.36839 0.15001 1.25289
-1.36117 0.15001 -0.000828201
1.20183 0.15001 0.155042
-2.50705 0.15001 -0.173132
0.439984 0.15001 -2.14945
0.541364 0.15001 0.720051
0.543161 0.15001 -0.810552
-0.927782 0.15001 -0.294108
0.541537 0.15001 -0.617667
1.52989 0.15001 -0.217314
0.361159 0.15001 2.17303
0.372772 0.15001 -0.142441
-0.957002 0.15001 1.97441
-2.50688 0.15001 1.00127
1.709 0.15001 -2.66887
0.536 0.15001 -2.32468
2.84999 0.15001 -2.46534
0.372636 0.15001 -0.334063
1.3664 0.15001 -0.692427
0.454076 0.15001 -1.45747
2.68548 0.15001 0.266202
2.01676 0.15001 1.59901
-0.859203 0.15001 1.79736
2.36709 0.15001 2.84999
1.03913 0.15001 0.62537
2.51997 0.15001 -0.203256
-0.473852 0.15001 0.337849
2.50797 0.15001 2.50024
-0.658414 0.15001 0.760638
-1.04966 0.15001 -0.135523
1.85967 0.15001 -0.962159
2.27407 0.15001 2.6688
0.545778 0.15001 1.6925
-0.311848 0.15001 -0.147897
-1.26205 0.15001 -1.61782
-2.67616 0.15001 -1.22961
1.36543 0.15001 -0.125811
1.42828 0.15001 -2.13884
1.04398 0.15001 -1.27496
1.85854 0.15001 1.30201
-2.4434 0.15001 2.84999
2.50956 0.15001 2.09406
1.04151 0.15001 1.39205
2.35464 0.15001 -0.29829
-2.84999 0.15001 -1.91284
1.98546 0.15001 -2.19563
2.1763 0.15001 -1.71631
2.1645 0.15001 -1.9064
-0.482253 0.15001 0.142386
0.664257 0.15001 2.67769
2.16491 0.15001 2.49888
-2.31435 0.15001 -1.82354
2.17628 0.15001 1.89666
0.872138 0.15001 0.150539
0.203179 0.15001 -0.241235
1.20279 0.15001 -0.791237
-0.138326 0.15001 0.141747
1.97687 0.15001 -2.39057
0.542505 0.15001 -1.9742
-0.253248 0.15001 1.80217
-1.15981 0.15001 1.97022
-0.869397 0.15001 0.212499
2.68532 0.15001 0.454171
1.0654 0.15001 2.32336
2.84999 0.15001 -1.51382
1.05081 0.15001 1.78824
-1.96445 0.15001 2.31856
1.69401 0.15001 1.39583
2.51737 0.15001 1.30849
2.84999 0.15001 1.11718
2.84999 0.15001 1.50238
2.68386 0.15001 1.21275
0.373862 0.15001 1.20794
0.0375843 0.15001 1.97919
2.68633 0.15001 -2.753
2.84999 0.15001 -2.08494
1.37987 0.15001 -1.65236
2.68544 0.15001 -0.108766
0.206988 0.15001 0.530559
2.35352 0.15001 -0.860298
2.02085 0.15001 -1.43114
2.84999 0.15001 1.89228
-0.155297 0.15001 2.32348
2.84999 0.15001 0.926361
2.84999 0.15001 -1.70396
-1.16843 0.15001 -2.14544
2.33061 0.15001 -2.00186
1.36597 0.15001 0.0629707
2.67491 0.15001 -2.18383
2.35496 0.15001 -0.110923
1.5334 0.15001 0.725657
2.68345 0.15001 -1.23323
-1.96503 0.15001 1.23698
-0.849225 0.15001 -0.113934
1.6219 0.15001 -2.13015
2.18271 0.15001 -1.52559
-0.064468 0.15001 -2.67483
0.838241 0.15001 -2.1453
-2.84999 0.15001 -0.365652
1.81101 0.15001 -2.49213
0.86539 0.15001 2.33088
-0.760694 0.15001 1.27198
-1.22315 0.15001 0.370897
1.76609 0.15001 2.84999
0.6446 0.15001 -1.80085
1.81347 0.15001 -2.10403
1.9979 0.15001 -1.81111
1.40696 0.15001 -2.84999
0.938873 0.15001 -1.62719
-1.05503 0.15001 2.14595
1.03689 0.15001 -0.320536
1.69781 0.15001 0.633527
2.84999 0.15001 2.67745
2.76754 0.15001 2.84999
1.24222 0.15001 -1.78849
2.84999 0.15001 -2.27512
0.630636 0.15001 -2.49989
-0.310439 0.15001 -0.544227
0.709909 0.15001 -0.902215
0.742142 0.15001 -1.97265
1.3667 0.15001 2.14461
0.874143 0.15001 -0.800211
0.713437 0.15001 1.59193
-1.76298 0.15001 2.31388
0.159282 0.15001 2.14113
-0.129017 0.15001 0.924002
0.540775 0.15001 0.529226
2.51361 0.15001 1.89417
2.84999 0.15001 -0.762348
-2.4969 0.15001 1.58537
2.51488 0.15001 1.69929
1.6833 0.15001 1.79175
2.01209 0.15001 1.79881
0.37507 0.15001 0.817526
-0.655792 0.15001 -0.144956
-0.815716 0.15001 -0.45345
-0.350155 0.15001 -1.45806
0.0337023 0.15001 -0.534717
-0.864007 0.15001 1.09672
1.86068 0.15001 0.164441
-1.68468 0.15001 0.125779
0.560252 0.15001 2.10374
1.06924 0.15001 2.67445
1.20472 0.15001 1.29408
-2.84999 0.15001 0.607513
2.15401 0.15001 -2.28959
0.149078 0.15001 2.5014
-0.306875 0.15001 0.238452
1.36821 0.15001 0.440258
-1.35623 0.15001 0.899451
2.02586 0.15001 0.260843
2.84999 0.15001 1.69788
0.373092 0.15001 0.0492337
-0.354742 0.15001 1.97843
1.02684 0.15001 -2.49556
2.32491 0.15001 -2.38549
2.68175 0.15001 -1.6108
1.21225 0.15001 -2.84999
2.32738 0.15001 -2.58103
1.3677 0.15001 2.84999
1.86122 0.15001 0.919636
2.51861 0.15001 1.11702
2.17949 0.15001 1.70082
2.84999 0.15001 0.736836
1.3166 0.15001 -2.67057
2.32427 0.15001 -2.19206
0.207799 0.15001 0.723284
1.695 0.15001 -1.06075
0.458166 0.15001 2.67745
-1.15848 0.15001 2.31962
0.967876 0.15001 2.50118
2.56916 0.15001 2.84999
2.34572 0.15001 -1.61862
2.6855 0.15001 0.0785705
1.20117 0.15001 -0.0339091
-0.136362 0.15001 0.33804
-0.557447 0.15001 1.27521
1.86211 0.15001 0.541457
0.049943 0.15001 2.31991
0.874125 0.15001 0.719514
0.37936 0.15001 1.79035
2.50174 0.15001 -2.09338
1.16862 0.15001 2.49738
-2.15336 0.15001 1.59296
0.708865 0.15001 1.00754
2.50697 0.15001 -1.9028
1.53 0.15001 -0.40575
2.68529 0.15001 -0.295856
2.84999 0.15001 -0.575496
2.02448 0.15001 -0.302556
2.18615 0.15001 -1.3338
-0.558794 0.15001 1.62417
1.26894 0.15001 2.67307
2.52019 0.15001 -0.015902
2.67753 0.15001 -2.5645
0.875601 0.15001 -0.992627
2.68475 0.15001 -0.669787
2.52786 0.15001 -2.84999
2.02524 0.15001 0.0727898
1.68993 0.15001 1.59368
2.19044 0.15001 0.168883
2.00172 0.15001 2.18997
1.36685 0.15001 1.80446
2.35523 0.15001 0.0766649
0.137491 0.15001 -2.67598
1.0382 0.15001 -0.700213
2.51173 0.15001 -1.71084
0.0336285 0.15001 0.0463542
1.69471 0.15001 -0.120291
1.69481 0.15001 -0.496383
1.85971 0.15001 -0.586842
-0.16094 0.15001 1.6248
-0.297111 0.15001 1.02539
2.84999 0.15001 0.360161
2.01518 0.15001 -1.62293
2.51542 0.15001 -1.51915
-0.856236 0.15001 0.753964
2.68389 0.15001 -1.04456
0.431943 0.15001 -2.50473
2.84999 0.15001 -0.949479
-0.307444 0.15001 0.441064
1.53257 0.15001 1.10547
-0.556796 0.15001 1.97532
2.1903 0.15001 0.734592
2.68436 0.15001 1.02219
-2.84999 0.15001 0.998095
0.875614 0.15001 1.2963
1.66467 0.15001 2.66984
1.76149 0.15001 2.49686
0.373142 0.15001 1.40437
1.98603 0.15001 -2.84999
1.46823 0.15001 2.67009
2.67746 0.15001 -1.99372
-0.451894 0.15001 2.14994
2.51715 0.15001 -1.32957
0.921791 0.15001 -2.6736
0.723129 0.15001 -2.67684
1.54464 0.15001 -1.55412
0.0370277 0.15001 0.628435
-0.968165 0.15001 -2.14702
-2.67462 0.15001 0.511622
-1.26578 0.15001 1.43589
2.1726 0.15001 2.09289
0.872097 0.15001 -0.228657
1.21146 0.15001 1.68972
1.20422 0.15001 0.721537
1.69536 0.15001 -1.43971
2.3544 0.15001 -0.485542
0.204549 0.15001 0.143983
1.8595 0.15001 -0.399178
-0.486719 0.15001 -0.452473
2.1891 0.15001 -0.76869
2.84999 0.15001 2.28879
2.51749 0.15001 -1.14037
2.84999 0.15001 -2.65695
1.51284 0.15001 -2.66911
2.17695 0.15001 -2.84999
0.546762 0.15001 -1.62992
1.82933 0.15001 -1.71536
1.66075 0.15001 2.32639
1.69555 0.15001 1.2032
1.85513 0.15001 1.49755
2.68498 0.15001 0.642588
2.51888 0.15001 0.926264
1.46279 0.15001 -1.8244
0.840713 0.15001 -1.45133
0.374494 0.15001 -0.718967
2.33943 0.15001 -1.80988
0.54055 0.15001 0.146602
0.709166 0.15001 1.20126
2.5197 0.15001 -0.390411
2.84999 0.15001 -0.201904
2.33788 0.15001 2.19699
2.84999 0.15001 -0.0148464
1.20449 0.15001 1.10191
2.1527 0.15001 -2.48419
-0.366817 0.15001 -2.84999
2.51892 0.15001 -0.764758
1.6975 0.15001 0.822502
1.96491 0.15001 2.48963
2.84999 0.15001 -1.32549
2.02587 0.15001 0.827282
1.5302 0.15001 -0.0288372
2.3541 0.15001 -0.672819
2.51937 0.15001 -0.577532
2.84999 0.15001 -2.84999
2.02302 0.15001 -1.24112
-2.15282 0.15001 0.418281
2.1043 0.15001 -2.67104
2.02475 0.15001 -0.114969
1.53308 0.15001 0.914979
-0.482472 0.15001 -0.0504789
-1.43888 0.15001 0.711928
0.540416 0.15001 -0.0442163
1.53082 0.15001 -1.16189
2.68504 0.15001 -0.482814
1.03974 0.15001 1.00577
2.02395 0.15001 -1.05284
-0.468545 0.15001 0.7451
-1.51454 0.15001 -0.38073
1.36877 0.15001 1.00787
1.20388 0.15001 -0.982008
1.56657 0.15001 2.84999
1.36892 0.15001 0.818053
2.51027 0.15001 -2.66449
2.67324 0.15001 -2.37361
2.68435 0.15001 -0.856947
1.03741 0.15001 -0.510253
1.37338 0.15001 -1.46137
0.373512 0.15001 0.241266
1.53162 0.15001 -1.35437
1.56811 0.15001 2.15059
2.02634 0.15001 0.638088
2.68229 0.15001 1.60144
2.67978 0.15001 -1.8025
1.98993 0.15001 -2.00333
0.872497 0.15001 -0.418626
2.84999 0.15001 -0.388742
0.708504 0.15001 0.815222
2.35539 0.15001 0.264552
0.874449 0.15001 0.910355
-0.348858 0.15001 2.66895
0.660704 0.15001 2.33314
2.34765 0.15001 1.60145
