1000 0.1
1.86181 0.15001 0.0117767
-2.67845 0.15001 0.926091
-2.49079 0.15001 -2.29939
-2.32022 0.15001 -2.40034
-2.84589 0.15001 -0.542262
2.84999 0.15001 1.3329
1.47063 0.15001 1.97749
-1.56445 0.15001 1.61598
-1.42149 0.15001 -0.707064
-0.796793 0.15001 0.134498
-2.66564 0.15001 2.31009
0.564808 0.15001 2.84999
-0.274045 0.15001 1.45627
2.84999 0.15001 0.577986
-0.762107 0.15001 1.63457
-0.229854 0.15001 -1.96595
-0.335276 0.15001 -1.1091
0.181236 0.15001 -1.25703
-0.954707 0.15001 0.603594
-0.131325 0.15001 1.33024
-2.13272 0.15001 -1.88601
-2.83824 0.15001 -2.09078
-0.715612 0.15001 -0.749646
-1.75313 0.15001 -2.49581
-1.35834 0.15001 -2.13756
2.51949 0.15001 0.578975
-2.67241 0.15001 -1.80485
-0.438621 0.15001 -2.67285
-2.50122 0.15001 0.433557
-1.66722 0.15001 1.43551
-2.132 0.15001 -0.977483
0.212068 0.15001 -0.409474
-1.89071 0.15001 -0.430251
-1.95979 0.15001 -1.44802
0.660781 0.15001 -2.84374
-2.32746 0.15001 -0.997416
0.557367 0.15001 -0.977197
-1.45214 0.15001 -1.25067
-1.16336 0.15001 0.928762
-2.84938 0.15001 0.0374944
-0.133528 0.15001 -2.49653
-1.62259 0.15001 -0.735293
-0.284504 0.15001 -0.924462
0.765 0.15001 -2.31381
-0.0238622 0.15001 -1.61343
-0.744279 0.15001 -2.14312
0.255413 0.15001 2.6784
-0.24172 0.15001 2.84999
-1.16592 0.15001 -0.469481
-2.67295 0.15001 1.91359
-1.5506 0.15001 -1.78462
-2.4947 0.15001 -1.50778
-1.15332 0.15001 0.586848
-1.35844 0.15001 -1.0689
-1.03717 0.15001 2.84999
-1.84055 0.15001 2.14749
-2.67462 0.15001 1.71552
-2.84999 0.15001 2.38812
-2.32871 0.15001 1.32167
0.874912 0.15001 1.51632
-0.535163 0.15001 -1.09935
1.45379 0.15001 -2.48947
-1.26738 0.15001 -0.881313
-0.914734 0.15001 -0.76341
-0.558086 0.15001 0.947692
-1.30696 0.15001 0.215462
0.0458162 0.15001 -0.711527
-1.75771 0.15001 0.481988
-2.67024 0.15001 2.111
-2.84999 0.15001 0.827113
-2.66636 0.15001 -2.60252
-2.84999 0.15001 -1.5123
-2.68029 0.15001 -0.0598512
1.03899 0.15001 0.846237
2.84999 0.15001 0.203899
-2.6767 0.15001 1.31971
-2.84999 0.15001 1.41758
-2.84999 0.15001 0.230254
-1.46632 0.15001 1.44102
-0.755945 0.15001 1.98417
-2.66952 0.15001 -2.19412
-2.16834 0.15001 -2.84999
-1.15511 0.15001 -1.0798
-2.50305 0.15001 -0.34724
-0.641698 0.15001 2.50039
-2.84999 0.15001 2.57827
-2.16512 0.15001 0.838653
-2.84999 0.15001 2.00406
-2.32087 0.15001 2.1097
-0.653244 0.15001 2.1542
-0.125375 0.15001 -1.44235
-2.67903 0.15001 -0.829736
-2.49358 0.15001 -2.50244
-1.05027 0.15001 -1.26517
-2.50432 0.15001 0.0414925
-1.96601 0.15001 -0.077733
-1.76352 0.15001 1.26217
-2.33197 0.15001 1.12359
0.358605 0.15001 2.84999
-2.32514 0.15001 1.71724
-1.24908 0.15001 -2.31483
-0.160969 0.15001 1.97991
-2.31932 0.15001 -1.59908
2.67995 0.15001 2.01064
1.53147 0.15001 1.32542
-0.962325 0.15001 1.63045
1.80932 0.15001 -1.86792
-0.540496 0.15001 -2.49649
1.69835 0.15001 -0.272902
2.35538 0.15001 -1.01455
2.35632 0.15001 -2.75257
0.0545066 0.15001 -0.904625
-1.56751 0.15001 -1.07976
-0.13033 0.15001 -0.229693
0.394729 0.15001 -1.08058
-2.67532 0.15001 -0.638357
-0.336747 0.15001 -2.4962
-2.66878 0.15001 -2.39909
-0.439652 0.15001 2.84999
-2.67771 0.15001 -0.252687
-1.65265 0.15001 -2.67344
2.18883 0.15001 1.14365
0.373097 0.15001 -1.96383
-1.69317 0.15001 -0.391561
-2.12484 0.15001 0.0476929
-0.146158 0.15001 2.6705
-1.6496 0.15001 -1.96634
0.54794 0.15001 -0.396015
-0.13536 0.15001 0.746657
0.708293 0.15001 0.654164
-2.31711 0.15001 -1.39296
-0.226322 0.15001 -1.27084
0.563032 0.15001 -1.17965
-2.3114 0.15001 -1.99463
-2.84999 0.15001 -2.66314
-0.643636 0.15001 -2.67448
0.738802 0.15001 -1.26704
-1.77698 0.15001 0.885158
-1.56653 0.15001 0.908507
-2.84999 0.15001 1.61419
-1.14851 0.15001 -1.78415
-0.638172 0.15001 -1.96908
-0.743934 0.15001 -1.44462
-2.67873 0.15001 -1.02372
-0.643218 0.15001 0.453329
1.36829 0.15001 0.285889
-1.56902 0.15001 1.26238
-1.26098 0.15001 1.80129
-2.84999 0.15001 2.19681
-1.80559 0.15001 0.296623
0.217303 0.15001 -0.798644
-2.32263 0.15001 -2.60299
0.0393652 0.15001 -0.125428
0.711653 0.15001 -0.104764
1.37127 0.15001 -0.467814
1.56963 0.15001 2.49999
-0.539496 0.15001 2.67461
-2.01944 0.15001 2.84999
-2.67945 0.15001 0.135256
-1.96229 0.15001 1.60998
-0.843523 0.15001 -1.61826
-2.84999 0.15001 -2.47436
-1.54955 0.15001 -2.84999
-1.95608 0.15001 -1.7895
-0.471148 0.15001 -0.643693
-0.833689 0.15001 -0.932531
-2.33121 0.15001 0.532251
-1.65164 0.15001 -2.31643
-0.838155 0.15001 0.444822
-2.84999 0.15001 2.84999
-0.840291 0.15001 -2.67571
1.37015 0.15001 -0.279242
-2.15351 0.15001 1.23408
-1.36023 0.15001 -0.513367
-2.71233 0.15001 2.70259
-2.07862 0.15001 1.80739
-2.09978 0.15001 -0.457413
-2.51784 0.15001 2.66052
-0.666014 0.15001 1.46187
-1.63479 0.15001 2.49596
-1.34419 0.15001 -2.84999
-0.132927 0.15001 -0.0316613
-2.84999 0.15001 -0.732979
-1.22374 0.15001 -0.676674
0.224154 0.15001 -0.993363
0.716697 0.15001 -0.677791
-1.6524 0.15001 -1.60998
-2.32486 0.15001 1.91323
-2.67744 0.15001 0.73239
-1.82418 0.15001 2.84999
-1.35021 0.15001 0.562373
0.276674 0.15001 -1.43697
-2.84999 0.15001 -0.929519
-2.84999 0.15001 -0.155492
-1.45173 0.15001 -2.31539
0.203831 0.15001 1.13734
-2.65765 0.15001 2.50798
-2.1587 0.15001 0.633259
-2.32378 0.15001 2.30588
0.217676 0.15001 1.93458
-0.743445 0.15001 -2.50136
-1.92857 0.15001 -0.941479
1.36494 0.15001 1.61118
1.53248 0.15001 0.382689
0.194015 0.15001 1.73544
-0.245992 0.15001 2.49831
-0.538031 0.15001 -1.44846
2.3537 0.15001 1.04936
1.36806 0.15001 0.661913
2.34726 0.15001 1.81952
1.70043 0.15001 -1.21673
-1.14057 0.15001 -2.84999
-1.04846 0.15001 -0.908448
-0.432221 0.15001 -1.61926
-1.04737 0.15001 -2.31672
-0.43717 0.15001 -1.27699
-0.937865 0.15001 -2.84999
-1.69385 0.15001 -0.919328
-2.66947 0.15001 -1.99627
-2.67561 0.15001 1.51805
-2.84999 0.15001 -1.71098
-2.49441 0.15001 -1.90038
2.18778 0.15001 1.3343
-0.457152 0.15001 1.80812
-2.49983 0.15001 1.81608
-1.95821 0.15001 -2.49502
-2.50414 0.15001 0.632693
-1.53216 0.15001 2.67294
0.463176 0.15001 2.34082
-0.362723 0.15001 1.63269
-1.86137 0.15001 -2.67415
-2.67807 0.15001 1.11985
-1.24826 0.15001 -1.26036
0.0367549 0.15001 1.23502
0.880244 0.15001 -0.575883
-1.96865 0.15001 -0.614683
-0.850209 0.15001 2.15432
-2.0661 0.15001 -0.789131
-1.76427 0.15001 1.6147
-2.84999 0.15001 0.429608
-0.845578 0.15001 -1.96604
0.851669 0.15001 -2.84999
-2.67608 0.15001 -0.444744
0.540144 0.15001 1.5199
1.20365 0.15001 0.565385
-0.95924 0.15001 -0.427443
2.02231 0.15001 1.42906
2.35464 0.15001 0.485378
-2.16178 0.15001 0.239377
-1.62825 0.15001 2.84999
-2.49592 0.15001 -2.70102
-0.640483 0.15001 -0.931524
-1.03685 0.15001 -2.67504
1.56326 0.15001 -2.31258
0.47346 0.15001 -1.7863
-0.319695 0.15001 1.25418
-1.34369 0.15001 2.3204
-2.33449 0.15001 0.930784
-0.300914 0.15001 0.849478
-2.5989 0.15001 2.84999
-1.56746 0.15001 -0.00974485
0.0409664 0.15001 -0.320415
-1.99592 0.15001 0.741844
-0.307702 0.15001 -0.332487
-2.49269 0.15001 2.21172
-2.33015 0.15001 -0.0575433
-2.03853 0.15001 2.15683
-1.92862 0.15001 2.67051
-1.72942 0.15001 2.67269
0.0522517 0.15001 2.67764
1.04902 0.15001 -2.84999
2.35318 0.15001 1.23906
-2.15571 0.15001 -2.50286
0.872356 0.15001 -1.78006
1.20556 0.15001 -0.188416
-2.3325 0.15001 0.735209
0.873507 0.15001 1.13115
-1.44567 0.15001 2.14819
-0.0440663 0.15001 2.84999
-0.471362 0.15001 1.12013
-0.537904 0.15001 -2.84999
-1.44633 0.15001 -2.6725
-1.85743 0.15001 -1.61688
1.3708 0.15001 2.50143
-2.49884 0.15001 -0.732617
-1.90541 0.15001 0.12749
0.714455 0.15001 -0.486132
-1.86791 0.15001 -1.27417
-2.07937 0.15001 1.42969
1.84279 0.15001 1.91621
-2.64019 0.15001 -2.8498
0.374656 0.15001 -1.61214
-1.06899 0.15001 1.10341
1.16784 0.15001 -1.95596
0.268927 0.15001 -2.50244
-0.132498 0.15001 -0.425549
-1.17936 0.15001 0.0609668
-2.1578 0.15001 1.0344
-1.43696 0.15001 2.4968
-1.66629 0.15001 1.08677
-0.740394 0.15001 -2.84999
2.67614 0.15001 2.20837
-2.48515 0.15001 -2.10031
2.68456 0.15001 0.860113
-2.01693 0.15001 -0.279005
-0.0570832 0.15001 2.15301
1.86228 0.15001 -0.176159
0.357578 0.15001 2.50936
2.68397 0.15001 1.42917
1.69724 0.15001 0.103268
0.770137 0.15001 2.84999
-0.845744 0.15001 -2.3199
-0.227247 0.15001 -1.61643
-2.14901 0.15001 -1.4934
-2.84999 0.15001 -2.84999
-1.23436 0.15001 -0.124923
1.86395 0.15001 -1.3047
-1.11585 0.15001 0.244415
-1.8649 0.15001 1.43368
-1.63957 0.15001 0.720698
-0.940807 0.15001 -2.50119
-0.743074 0.15001 -1.10189
2.19179 0.15001 -0.546469
-2.33082 0.15001 0.336495
-0.680525 0.15001 -0.188027
-1.36404 0.15001 1.62202
-1.06615 0.15001 1.45367
-1.66346 0.15001 1.79164
0.388754 0.15001 -0.885888
-0.865628 0.15001 1.45793
-2.30465 0.15001 -0.462136
0.0613466 0.15001 -1.09596
1.21507 0.15001 -1.13903
1.52343 0.15001 1.71267
-2.15462 0.15001 2.00176
-1.86906 0.15001 1.79109
1.15403 0.15001 -2.66873
-2.50237 0.15001 1.42
-0.0280813 0.15001 -1.96577
-0.966479 0.15001 0.938989
-2.84734 0.15001 -1.12091
-0.234662 0.15001 -2.67319
1.5376 0.15001 -0.936651
1.86204 0.15001 2.34102
2.02538 0.15001 0.483546
2.00596 0.15001 2.01252
1.6969 0.15001 0.291309
0.206455 0.15001 0.36177
-0.968386 0.15001 1.28173
0.884948 0.15001 1.91459
-2.49787 0.15001 -1.70585
2.19075 0.15001 0.015852
0.0705408 0.15001 -2.14278
-0.0273734 0.15001 -1.26763
-1.05121 0.15001 -1.95846
2.06377 0.15001 2.68133
-1.64058 0.15001 2.14684
0.973291 0.15001 2.84999
-0.738918 0.15001 2.67554
2.02409 0.15001 1.23761
1.25606 0.15001 -2.48963
-1.79029 0.15001 -1.09199
1.2083 0.15001 -0.566137
1.20301 0.15001 1.51359
-1.76999 0.15001 -0.039332
-1.24936 0.15001 -1.9554
0.0371743 0.15001 0.843294
-2.50433 0.15001 1.22196
2.84999 0.15001 2.47993
0.246774 0.15001 2.34471
1.06407 0.15001 -2.13302
2.19106 0.15001 -0.171652
-0.132175 0.15001 -2.84999
-0.334338 0.15001 -2.14292
-1.54946 0.15001 -2.49525
-2.50011 0.15001 0.23823
0.767968 0.15001 2.50918
-2.84999 0.15001 1.22009
-0.638761 0.15001 2.84999
0.0351679 0.15001 0.455982
-0.032052 0.15001 -2.31949
0.213783 0.15001 -0.603404
1.63075 0.15001 -2.84999
-1.46204 0.15001 1.79611
-0.94452 0.15001 2.32461
-2.03324 0.15001 2.49921
-1.97563 0.15001 0.532354
-1.14764 0.15001 -1.43655
-1.26562 0.15001 1.09385
-2.84999 0.15001 1.80979
-2.19342 0.15001 -0.632437
0.382839 0.15001 -1.2711
-1.04215 0.15001 0.430375
0.209112 0.15001 -0.0231123
1.07165 0.15001 -1.77789
2.19006 0.15001 0.391005
-1.9824 0.15001 0.93779
1.04029 0.15001 0.0915068
-1.4321 0.15001 2.84999
2.02499 0.15001 1.04791
0.172774 0.15001 -1.96566
2.50444 0.15001 2.71314
0.374788 0.15001 0.651462
0.763508 0.15001 2.18113
1.53239 0.15001 0.570618
0.395814 0.15001 2.00795
-1.04016 0.15001 2.50025
-1.03546 0.15001 -0.613704
-0.25264 0.15001 2.15254
1.85144 0.15001 1.71842
1.61947 0.15001 -1.93254
-1.75493 0.15001 -1.43894
-2.49751 0.15001 -1.31172
-1.75999 0.15001 -0.583084
-1.24164 0.15001 -2.67272
-1.75258 0.15001 -1.79056
2.19156 0.15001 -1.11072
0.0779678 0.15001 -1.43578
-0.0562178 0.15001 1.80247
-0.0513587 0.15001 2.49742
-2.48993 0.15001 -0.540303
-1.75722 0.15001 -2.84999
0.0684764 0.15001 -2.49769
-0.484534 0.15001 -0.238709
-0.13146 0.15001 -1.05407
0.960829 0.15001 2.16317
0.562282 0.15001 2.51281
-1.42775 0.15001 0.373671
-1.82517 0.15001 -0.233679
0.54325 0.15001 0.367289
-2.1081 0.15001 -1.29919
-1.74633 0.15001 -2.1408
0.469315 0.15001 -2.84999
0.271257 0.15001 -2.14235
-2.84999 0.15001 -2.27971
2.19139 0.15001 -0.359088
2.84999 0.15001 -1.87783
0.860419 0.15001 -2.49192
-1.2499 0.15001 2.1492
0.891447 0.15001 -1.15138
-1.94901 0.15001 -2.14601
1.20386 0.15001 0.377204
1.79734 0.15001 2.15093
2.3539 0.15001 0.860828
0.874212 0.15001 0.56108
0.550709 0.15001 1.90414
2.66877 0.15001 2.60463
0.369737 0.15001 1.62256
1.25899 0.15001 1.9794
0.201423 0.15001 1.33229
1.78839 0.15001 -2.28057
2.52018 0.15001 0.204571
2.02815 0.15001 -0.830336
1.86433 0.15001 -1.11591
-1.62944 0.15001 -0.199747
-0.759876 0.15001 0.948575
-1.23934 0.15001 2.49894
2.68232 0.15001 1.81707
1.0405 0.15001 1.61042
-0.440439 0.15001 2.49895
1.36511 0.15001 -1.96315
-1.29624 0.15001 -0.317197
0.0742192 0.15001 -1.7891
-0.438203 0.15001 -2.31966
-1.14319 0.15001 -2.49513
-1.55043 0.15001 -1.42852
-0.838137 0.15001 2.84999
-1.8366 0.15001 2.49825
-0.467354 0.15001 1.46032
0.20538 0.15001 0.940872
1.53682 0.15001 -0.747153
-0.127731 0.15001 -0.622577
-1.85665 0.15001 -2.32029
-0.345366 0.15001 2.32559
2.35228 0.15001 1.43049
-0.117544 0.15001 -0.823872
0.375468 0.15001 0.460946
-1.53878 0.15001 2.31894
2.16877 0.15001 2.84999
1.17353 0.15001 2.84999
0.970656 0.15001 -1.95442
0.035897 0.15001 0.262468
-0.534728 0.15001 -1.79362
-1.43178 0.15001 -0.164819
-1.45058 0.15001 -1.96026
-1.55886 0.15001 -0.546078
-1.54964 0.15001 0.531586
-1.75239 0.15001 1.96882
-2.21379 0.15001 2.84999
-1.13714 0.15001 2.67487
0.712855 0.15001 -0.295201
-0.949547 0.15001 -1.08769
0.540775 0.15001 0.939845
-0.306907 0.15001 0.654739
1.05129 0.15001 -1.43201
-0.938314 0.15001 2.67538
-0.951081 0.15001 -1.44171
-1.98979 0.15001 0.330384
-2.4543 0.15001 2.46465
-1.05928 0.15001 1.80337
1.86112 0.15001 0.387677
0.879621 0.15001 1.71081
0.0310359 0.15001 1.62711
2.67144 0.15001 2.40646
2.50221 0.15001 2.31331
2.50014 0.15001 -2.26507
-1.16338 0.15001 1.6271
-1.46632 0.15001 1.08754
1.53274 0.15001 0.194622
-0.748107 0.15001 2.32503
-0.642886 0.15001 -2.32039
-2.07063 0.15001 -2.68061
-0.294107 0.15001 -0.729364
-2.00211 0.15001 -1.1284
-2.36311 0.15001 -2.84999
-0.538562 0.15001 -2.14389
-1.96449 0.15001 -2.84999
-2.49311 0.15001 2.0155
2.18937 0.15001 0.95469
0.709918 0.15001 0.274854
1.3754 0.15001 -1.03735
2.19195 0.15001 -0.922007
-1.6626 0.15001 -1.25645
1.35974 0.15001 -2.31352
2.51986 0.15001 0.391706
-0.658639 0.15001 1.80929
-2.49104 0.15001 -1.11795
-1.86102 0.15001 1.09102
-0.647884 0.15001 0.256821
-0.748118 0.15001 0.615763
-2.15752 0.15001 -0.147944
-2.67581 0.15001 0.333361
-0.234448 0.15001 -2.31948
2.50055 0.15001 -2.45902
-2.32139 0.15001 -0.261656
-0.740748 0.15001 -1.79458
-2.28226 0.15001 -1.19193
0.876155 0.15001 -0.00625564
2.35427 0.15001 0.672897
1.03928 0.15001 0.468842
-0.126526 0.15001 -1.78954
1.36786 0.15001 1.228
2.342 0.15001 2.01663
1.69673 0.15001 0.479289
1.66893 0.15001 2.00153
0.200734 0.15001 1.53046
0.710717 0.15001 0.0851831
2.32906 0.15001 2.4131
0.716535 0.15001 1.80799
-0.138159 0.15001 0.553914
-0.639197 0.15001 -1.6207
2.51751 0.15001 1.52673
1.96537 0.15001 2.84999
0.771378 0.15001 -1.60712
1.86409 0.15001 -0.7396
1.21435 0.15001 -1.53469
2.84999 0.15001 2.10232
1.20669 0.15001 -0.377201
2.15477 0.15001 2.31598
0.0374518 0.15001 1.0412
0.070839 0.15001 -2.84999
0.368112 0.15001 -2.32094
0.273818 0.15001 -1.78834
-0.329637 0.15001 -1.79179
1.16072 0.15001 -2.31189
2.68347 0.15001 -1.3944
-1.34585 0.15001 -1.78139
-1.23524 0.15001 2.84999
1.69679 0.15001 1.04353
-2.32468 0.15001 1.51661
1.64966 0.15001 -2.49131
1.82097 0.15001 -2.84999
1.04096 0.15001 -0.0974489
-2.67182 0.15001 -1.41455
-0.989026 0.15001 0.0914186
1.53573 0.15001 -0.558475
-2.84999 0.15001 -1.31119
-0.464541 0.15001 -0.842936
1.37682 0.15001 -1.23071
-1.34436 0.15001 -1.43322
0.368139 0.15001 -2.67623
1.05206 0.15001 -1.04763
0.546528 0.15001 -0.204514
1.0387 0.15001 1.22643
2.02786 0.15001 -0.6427
0.874743 0.15001 0.372078
-1.61843 0.15001 0.340163
-2.67172 0.15001 -1.61337
-2.12998 0.15001 2.33054
-1.82206 0.15001 0.665641
1.2596 0.15001 -2.13542
-0.836113 0.15001 -0.581313
-0.302525 0.15001 0.0626934
-1.04948 0.15001 -1.6132
0.561889 0.15001 -2.67549
-1.09648 0.15001 -0.281774
-1.06116 0.15001 0.764826
-1.35408 0.15001 1.97755
2.51912 0.15001 0.76655
2.18975 0.15001 0.57866
0.872048 0.15001 2.67855
0.169025 0.15001 -2.32102
-2.12343 0.15001 2.66913
-1.33508 0.15001 2.67406
-2.32808 0.15001 0.139643
2.84999 0.15001 -1.10615
-1.34601 0.15001 -2.49418
1.86724 0.15001 2.67911
-1.48172 0.15001 -0.898006
-2.23855 0.15001 2.49336
-0.847959 0.15001 -1.27005
-2.13359 0.15001 -2.08459
-1.83332 0.15001 -0.76812
-0.54682 0.15001 2.32635
-1.95386 0.15001 1.9736
-2.50954 0.15001 -0.923198
1.36644 0.15001 1.41897
1.86102 0.15001 0.763553
2.52005 0.15001 -0.918796
1.04828 0.15001 -0.855931
0.668256 0.15001 -1.4437
-2.3041 0.15001 -2.19909
2.3524 0.15001 -1.39704
-0.664217 0.15001 1.11617
-2.30309 0.15001 -0.798255
-2.32134 0.15001 2.67237
-2.50561 0.15001 0.831484
0.372769 0.15001 1.03718
0.708941 0.15001 0.464504
-0.131018 0.15001 1.13956
0.381701 0.15001 -0.498556
-1.44935 0.15001 -1.60615
1.20383 0.15001 0.942227
-0.950357 0.15001 -1.78833
-0.131438 0.15001 -2.14228
2.02735 0.15001 -0.455171
-2.13207 0.15001 -1.68703
0.708659 0.15001 1.42145
0.540199 0.15001 1.32631
1.86058 0.15001 1.14061
0.712604 0.15001 2.00161
-0.480665 0.15001 0.565599
1.52943 0.15001 1.51724
0.0317476 0.15001 1.43083
0.540312 0.15001 1.13264
-1.85733 0.15001 -1.96609
1.03972 0.15001 0.280278
2.18602 0.15001 1.52677
1.27001 0.15001 2.32776
1.46662 0.15001 2.32756
1.86279 0.15001 -1.49175
2.35445 0.15001 -1.20451
0.272982 0.15001 -2.84999
1.16729 0.15001 2.15977
1.69997 0.15001 -0.649112
-1.49851 0.15001 0.184353
-0.433172 0.15001 -1.96735
1.06253 0.15001 1.99799
-1.1685 0.15001 1.27476
0.156328 0.15001 2.84999
-0.640098 0.15001 -1.27315
1.64886 0.15001 -1.72857
0.175799 0.15001 -1.61206
0.723591 0.15001 -1.06727
1.7006 0.15001 -0.837501
1.95059 0.15001 -2.65931
-0.643749 0.15001 -0.555117
-1.25368 0.15001 0.750834
-1.55073 0.15001 1.97387
-0.84114 0.15001 2.50102
2.16131 0.15001 -2.07152
0.669822 0.15001 -2.13608
0.962881 0.15001 -2.31167
1.21836 0.15001 -1.33589
-2.10969 0.15001 -2.29579
1.37434 0.15001 -0.846166
-1.36806 0.15001 1.26632
-1.36967 0.15001 0.0254372
1.20427 0.15001 0.188855
-2.50584 0.15001 -0.154946
0.470936 0.15001 -2.14002
0.540917 0.15001 0.747927
0.552855 0.15001 -0.781415
-0.890977 0.15001 -0.242274
0.549819 0.15001 -0.588163
1.53383 0.15001 -0.181801
0.348411 0.15001 2.18661
0.378719 0.15001 -0.113834
-0.952722 0.15001 1.98229
-2.50624 0.15001 1.02397
1.7479 0.15001 -2.66714
0.566547 0.15001 -2.31762
2.84999 0.15001 -2.45875
0.380142 0.15001 -0.305902
1.37273 0.15001 -0.656603
0.477315 0.15001 -1.44012
2.68538 0.15001 0.297756
2.01907 0.15001 1.6225
-0.859101 0.15001 1.80734
2.36678 0.15001 2.84999
1.03903 0.15001 0.657405
2.52048 0.15001 -0.169475
-0.47561 0.15001 0.356588
2.49379 0.15001 2.51544
-0.659163 0.15001 0.785083
-1.03888 0.15001 -0.0940603
1.86443 0.15001 -0.927565
2.30544 0.15001 2.65606
0.543257 0.15001 1.71255
-0.299175 0.15001 -0.135107
-1.24484 0.15001 -1.60876
-2.67589 0.15001 -1.21746
1.3693 0.15001 -0.0907832
1.45449 0.15001 -2.13887
1.05511 0.15001 -1.24094
1.85935 0.15001 1.33095
-2.40745 0.15001 2.84999
2.50777 0.15001 2.11422
1.03863 0.15001 1.41888
2.35577 0.15001 -0.263775
-2.84999 0.15001 -1.9025
1.9885 0.15001 -2.16653
2.17755 0.15001 -1.68862
2.16667 0.15001 -1.88012
-0.477658 0.15001 0.153492
0.667958 0.15001 2.68034
2.1634 0.15001 2.51399
-2.31587 0.15001 -1.79638
2.17743 0.15001 1.91746
0.875452 0.15001 0.182988
0.210581 0.15001 -0.216031
1.21035 0.15001 -0.755621
-0.135453 0.15001 0.162632
1.983 0.15001 -2.36006
0.572802 0.15001 -1.96031
-0.256171 0.15001 1.80229
-1.15339 0.15001 1.97691
-0.923763 0.15001 0.275608
2.68513 0.15001 0.484858
1.06991 0.15001 2.33161
2.84999 0.15001 -1.48973
1.04625 0.15001 1.80805
-1.93538 0.15001 2.32908
1.69446 0.15001 1.4239
2.51868 0.15001 1.33389
2.84999 0.15001 1.14299
2.84999 0.15001 1.52538
2.68436 0.15001 1.23822
0.372036 0.15001 1.23192
0.0328161 0.15001 1.97874
2.68511 0.15001 -2.75046
2.84999 0.15001 -2.07155
1.38531 0.15001 -1.62547
2.68558 0.15001 -0.0760639
0.207097 0.15001 0.554197
2.35605 0.15001 -0.825904
2.02616 0.15001 -1.39804
2.84999 0.15001 1.9103
-0.151811 0.15001 2.32527
2.84999 0.15001 0.95369
2.84999 0.15001 -1.68368
-1.15345 0.15001 -2.13545
2.33404 0.15001 -1.97683
1.36871 0.15001 0.0976095
2.67553 0.15001 -2.16816
2.35555 0.15001 -0.076575
1.53251 0.15001 0.758495
2.68419 0.15001 -1.20247
-1.95905 0.15001 1.26097
-0.836977 0.15001 -0.0553593
1.64623 0.15001 -2.13249
2.18612 0.15001 -1.49496
-0.0309219 0.15001 -2.67381
0.86764 0.15001 -2.13326
-2.84999 0.15001 -0.351514
1.84339 0.15001 -2.49075
0.870143 0.15001 2.34072
-0.766216 0.15001 1.28672
-1.23667 0.15001 0.404678
1.76896 0.15001 2.84999
0.673214 0.15001 -1.78325
1.82367 0.15001 -2.06458
1.99646 0.15001 -1.78165
1.43895 0.15001 -2.84999
0.968945 0.15001 -1.60614
-1.0467 0.15001 2.15306
1.04193 0.15001 -0.286546
1.69672 0.15001 0.667187
2.84999 0.15001 2.66578
2.84999 0.15001 2.84999
1.26979 0.15001 -1.78356
2.84999 0.15001 -2.26492
0.662642 0.15001 -2.49469
-0.304728 0.15001 -0.530656
0.719736 0.15001 -0.871014
0.772091 0.15001 -1.95678
1.36498 0.15001 2.14847
0.882746 0.15001 -0.7668
0.711174 0.15001 1.61397
-1.73687 0.15001 2.3219
0.1514 0.15001 2.14321
-0.130074 0.15001 0.942839
0.541723 0.15001 0.557884
2.51381 0.15001 1.91586
2.84999 0.15001 -0.72937
-2.49966 0.15001 1.61764
2.51681 0.15001 1.7217
1.68258 0.15001 1.81153
2.01362 0.15001 1.81766
0.373817 0.15001 0.842833
-0.646039 0.15001 0.0165959
-0.748831 0.15001 -0.385189
-0.330032 0.15001 -1.44474
0.0416491 0.15001 -0.515101
-0.866922 0.15001 1.1133
1.86142 0.15001 0.199724
-1.69438 0.15001 0.144343
0.557824 0.15001 2.14568
1.0736 0.15001 2.67698
1.20305 0.15001 1.32268
-2.84999 0.15001 0.628429
2.15639 0.15001 -2.26472
0.148248 0.15001 2.50873
-0.307068 0.15001 0.257148
1.36807 0.15001 0.473951
-1.35966 0.15001 0.917847
2.02568 0.15001 0.295723
2.84999 0.15001 1.71891
0.377324 0.15001 0.0778404
-0.354755 0.15001 1.98156
1.05822 0.15001 -2.49013
2.32483 0.15001 -2.36496
2.6827 0.15001 -1.58757
1.24475 0.15001 -2.84999
2.32699 0.15001 -2.56026
1.37181 0.15001 2.84999
1.861 0.15001 0.951716
2.51908 0.15001 1.14396
2.18264 0.15001 1.72117
2.84999 0.15001 0.7655
1.35152 0.15001 -2.66812
2.32843 0.15001 -2.16923
0.206837 0.15001 0.746068
1.70079 0.15001 -1.02652
0.460684 0.15001 2.6811
-1.1445 0.15001 2.32509
0.972712 0.15001 2.50674
2.64936 0.15001 2.84999
2.34842 0.15001 -1.59081
2.68554 0.15001 0.110785
1.20481 0.15001 0.000270054
-0.136947 0.15001 0.358626
-0.564657 0.15001 1.29091
1.86098 0.15001 0.575619
0.0502588 0.15001 2.32324
0.87388 0.15001 0.750316
0.374492 0.15001 1.81527
2.50447 0.15001 -2.07156
1.17246 0.15001 2.50254
-2.156 0.15001 1.61858
0.707509 0.15001 1.03554
2.51023 0.15001 -1.87874
1.53468 0.15001 -0.370095
2.68558 0.15001 -0.262698
2.84999 0.15001 -0.542464
2.02685 0.15001 -0.267553
2.19037 0.15001 -1.30123
-0.56193 0.15001 1.63546
1.27264 0.15001 2.67576
2.52035 0.15001 0.0175044
2.68139 0.15001 -2.55654
0.886055 0.15001 -0.95881
2.68543 0.15001 -0.636235
2.52456 0.15001 -2.84999
2.02605 0.15001 0.107926
1.69023 0.15001 1.61731
2.19044 0.15001 0.20341
1.99372 0.15001 2.20378
1.36238 0.15001 1.8148
2.35536 0.15001 0.110688
0.172952 0.15001 -2.67607
1.0456 0.15001 -0.665501
2.51388 0.15001 -1.6856
0.037841 0.15001 0.0688183
1.69772 0.15001 -0.0848111
1.69914 0.15001 -0.460984
1.86352 0.15001 -0.551828
-0.163307 0.15001 1.62165
-0.298078 0.15001 1.04389
2.84999 0.15001 0.390846
2.01701 0.15001 -1.59152
2.51639 0.15001 -1.49229
-0.859001 0.15001 0.776534
2.68477 0.15001 -1.01229
0.464376 0.15001 -2.50161
2.84999 0.15001 -0.917091
-0.309638 0.15001 0.460569
1.53248 0.15001 1.13539
-0.554692 0.15001 1.98205
2.18956 0.15001 0.766546
2.68445 0.15001 1.04909
-2.84999 0.15001 1.02188
0.873671 0.15001 1.32407
1.67053 0.15001 2.6784
1.76741 0.15001 2.51018
0.370534 0.15001 1.42692
2.01002 0.15001 -2.84999
1.47125 0.15001 2.6749
2.67918 0.15001 -1.97507
-0.448267 0.15001 2.15432
2.51813 0.15001 -1.29941
0.956159 0.15001 -2.67001
0.758069 0.15001 -2.6734
1.55259 0.15001 -1.52828
0.0358721 0.15001 0.64904
-0.949538 0.15001 -2.13942
-2.67632 0.15001 0.532028
-1.26637 0.15001 1.44789
2.16963 0.15001 2.11556
0.877022 0.15001 -0.195782
1.20463 0.15001 1.70747
1.20368 0.15001 0.753636
1.70097 0.15001 -1.40824
2.35597 0.15001 -0.450938
0.20756 0.15001 0.169462
1.86286 0.15001 -0.364029
-0.483094 0.15001 -0.437754
2.19204 0.15001 -0.733963
2.84999 0.15001 2.29225
2.51934 0.15001 -1.10817
2.84999 0.15001 -2.65514
1.54889 0.15001 -2.66829
2.19836 0.15001 -2.84999
0.573548 0.15001 -1.61182
1.83469 0.15001 -1.67624
1.66776 0.15001 2.32448
1.69615 0.15001 1.2329
1.85655 0.15001 1.52349
2.68484 0.15001 0.672217
2.51887 0.15001 0.954725
1.46952 0.15001 -1.80018
0.858454 0.15001 -1.42871
0.384114 0.15001 -0.691837
2.34259 0.15001 -1.78401
0.544185 0.15001 0.176954
0.707459 0.15001 1.22789
2.52057 0.15001 -0.356355
2.84999 0.15001 -0.169497
2.33415 0.15001 2.21567
2.84999 0.15001 0.0171111
1.2037 0.15001 1.13165
2.14801 0.15001 -2.46579
-0.335265 0.15001 -2.84999
2.52049 0.15001 -0.730701
1.69686 0.15001 0.85514
1.96578 0.15001 2.50865
2.84999 0.15001 -1.29704
2.02529 0.15001 0.859471
1.53319 0.15001 0.00643964
2.35615 0.15001 -0.638212
2.52057 0.15001 -0.543356
2.84999 0.15001 -2.84999
2.02797 0.15001 -1.20726
-2.15987 0.15001 0.435137
2.1514 0.15001 -2.66181
2.02639 0.15001 -0.0798508
1.53268 0.15001 0.946597
-0.465048 0.15001 -0.0423314
-1.44807 0.15001 0.73628
0.54524 0.15001 -0.0135607
1.53792 0.15001 -1.12763
2.68554 0.15001 -0.449314
1.03894 0.15001 1.03574
2.02833 0.15001 -1.01847
-0.470342 0.15001 0.764147
-1.4941 0.15001 -0.355581
1.36835 0.15001 1.0385
1.21271 0.15001 -0.946486
1.56944 0.15001 2.84999
1.36827 0.15001 0.849977
2.51707 0.15001 -2.65254
2.67481 0.15001 -2.36172
2.68519 0.15001 -0.82373
1.04351 0.15001 -0.475858
1.38278 0.15001 -1.4315
0.376151 0.15001 0.269252
1.53853 0.15001 -1.32186
1.56177 0.15001 2.15824
2.02526 0.15001 0.671416
2.68331 0.15001 1.62417
2.68145 0.15001 -1.7813
1.99454 0.15001 -1.97276
0.878347 0.15001 -0.385641
2.84999 0.15001 -0.355928
0.707759 0.15001 0.844329
2.35502 0.15001 0.298003
0.873658 0.15001 0.94016
-0.341078 0.15001 2.67108
0.659884 0.15001 2.34221
2.35071 0.15001 1.62421
