1000 0.1
1.85966 0.15001 -0.0375239
-2.67699 0.15001 0.894383
-2.48842 0.15001 -2.36478
-2.31604 0.15001 -2.46262
-2.8456 0.15001 -0.582825
2.84999 0.15001 1.29191
1.44012 0.15001 1.94124
-1.5594 0.15001 1.59145
-1.46606 0.15001 -0.760178
-0.764334 0.15001 0.0445317
-2.65863 0.15001 2.28537
0.575878 0.15001 2.84999
-0.239786 0.15001 1.45231
2.84999 0.15001 0.532692
-0.752929 0.15001 1.60345
-0.24448 0.15001 -1.97741
-0.318413 0.15001 -1.10725
0.18742 0.15001 -1.28632
-0.937329 0.15001 0.543021
-0.150483 0.15001 1.28069
-2.1348 0.15001 -1.98121
-2.84999 0.15001 -2.10847
-0.742054 0.15001 -0.806771
-1.7237 0.15001 -2.50348
-1.34023 0.15001 -2.14245
2.51828 0.15001 0.531697
-2.66251 0.15001 -1.86475
-0.4353 0.15001 -2.67486
-2.50008 0.15001 0.402246
-1.66913 0.15001 1.38729
-2.14944 0.15001 -1.02343
0.211924 0.15001 -0.465038
-1.92015 0.15001 -0.480573
-1.96986 0.15001 -1.50353
0.645303 0.15001 -2.8484
-2.33411 0.15001 -1.07668
0.563978 0.15001 -1.0322
-1.48969 0.15001 -1.29094
-1.17021 0.15001 0.878964
-2.84966 0.15001 0.00157118
-0.142204 0.15001 -2.49806
-1.66943 0.15001 -0.789059
-0.419649 0.15001 -0.942457
0.751807 0.15001 -2.32811
-0.0360205 0.15001 -1.63118
-0.744942 0.15001 -2.13966
0.266327 0.15001 2.67638
-0.232366 0.15001 2.84999
-1.19377 0.15001 -0.540565
-2.67402 0.15001 1.88137
-1.55556 0.15001 -1.81594
-2.48469 0.15001 -1.57394
-1.13203 0.15001 0.523155
-1.40836 0.15001 -1.10798
-1.03325 0.15001 2.84999
-1.85945 0.15001 2.1315
-2.67333 0.15001 1.68726
-2.84999 0.15001 2.34875
-2.34174 0.15001 1.29313
0.872375 0.15001 1.47922
-0.51332 0.15001 -1.1176
1.43709 0.15001 -2.49704
-1.33569 0.15001 -0.920654
-0.948122 0.15001 -0.838916
-0.565435 0.15001 0.899245
-1.2843 0.15001 0.147499
0.0453523 0.15001 -0.762078
-1.72479 0.15001 0.444626
-2.67142 0.15001 2.07694
-2.84999 0.15001 0.796889
-2.65521 0.15001 -2.65889
-2.84999 0.15001 -1.53989
-2.67807 0.15001 -0.101796
1.03225 0.15001 0.794364
2.84999 0.15001 0.156781
-2.67874 0.15001 1.29154
-2.84999 0.15001 1.38649
-2.84999 0.15001 0.202759
-1.4674 0.15001 1.40885
-0.746374 0.15001 1.96358
-2.65955 0.15001 -2.26282
-2.11282 0.15001 -2.84999
-1.20608 0.15001 -1.09201
-2.49552 0.15001 -0.393041
-0.638101 0.15001 2.49802
-2.84999 0.15001 2.53806
-2.16177 0.15001 0.803849
-2.84999 0.15001 1.96773
-2.28927 0.15001 2.11148
-0.646598 0.15001 2.13996
-0.133088 0.15001 -1.46019
-2.67541 0.15001 -0.876364
-2.48488 0.15001 -2.5646
-1.08406 0.15001 -1.26594
-2.50332 0.15001 0.00104606
-1.95863 0.15001 -0.133816
-1.76981 0.15001 1.21813
-2.33284 0.15001 1.10134
0.373094 0.15001 2.84999
-2.31899 0.15001 1.68946
-1.2338 0.15001 -2.31212
-0.150579 0.15001 1.97661
-2.31368 0.15001 -1.67924
2.67623 0.15001 1.97331
1.52479 0.15001 1.26879
-0.954976 0.15001 1.60294
1.83138 0.15001 -1.91049
-0.538472 0.15001 -2.50006
1.69644 0.15001 -0.321666
2.35652 0.15001 -1.06237
2.35582 0.15001 -2.78137
0.0418605 0.15001 -0.953887
-1.61116 0.15001 -1.13049
-0.133827 0.15001 -0.275426
0.401512 0.15001 -1.12805
-2.67904 0.15001 -0.682782
-0.34025 0.15001 -2.49891
-2.65732 0.15001 -2.46618
-0.434364 0.15001 2.84999
-2.67698 0.15001 -0.295072
-1.61533 0.15001 -2.67478
2.18235 0.15001 1.09272
0.356886 0.15001 -1.98188
-1.72128 0.15001 -0.450665
-2.08521 0.15001 0.0159004
-0.131925 0.15001 2.66396
-1.64423 0.15001 -1.99816
0.546442 0.15001 -0.452816
-0.134529 0.15001 0.699835
0.702109 0.15001 0.602588
-2.30662 0.15001 -1.47725
-0.224911 0.15001 -1.27864
0.56879 0.15001 -1.23921
-2.31422 0.15001 -2.07259
-2.84999 0.15001 -2.66404
-0.635687 0.15001 -2.67559
0.746744 0.15001 -1.31638
-1.79905 0.15001 0.825998
-1.58502 0.15001 0.829715
-2.84999 0.15001 1.58234
-1.1528 0.15001 -1.78589
-0.647775 0.15001 -1.96371
-0.761554 0.15001 -1.42667
-2.67939 0.15001 -1.07118
-0.632523 0.15001 0.410748
1.36201 0.15001 0.232736
-1.57629 0.15001 1.20644
-1.2542 0.15001 1.7883
-2.84999 0.15001 2.15912
-1.78921 0.15001 0.254212
0.217186 0.15001 -0.852737
-2.31021 0.15001 -2.65586
0.0367217 0.15001 -0.176105
0.70641 0.15001 -0.160168
1.36974 0.15001 -0.518115
1.60588 0.15001 2.49529
-0.533981 0.15001 2.67164
-2.04363 0.15001 2.84999
-2.67593 0.15001 0.101605
-1.95705 0.15001 1.57169
-0.855573 0.15001 -1.60334
-2.84999 0.15001 -2.47828
-1.51378 0.15001 -2.84999
-1.96284 0.15001 -1.8532
-0.470688 0.15001 -0.60017
-0.828391 0.15001 -0.986615
-2.32613 0.15001 0.499588
-1.62988 0.15001 -2.32786
-0.81953 0.15001 0.38423
-2.84999 0.15001 2.84999
-0.82959 0.15001 -2.6757
1.36667 0.15001 -0.330235
-2.16772 0.15001 1.21482
-1.38835 0.15001 -0.573702
-2.73731 0.15001 2.68712
-2.07805 0.15001 1.76772
-2.13784 0.15001 -0.512129
-2.54218 0.15001 2.66834
-0.653788 0.15001 1.4247
-1.64891 0.15001 2.49056
-1.31739 0.15001 -2.84999
-0.135821 0.15001 -0.078752
-2.84999 0.15001 -0.775227
-1.2652 0.15001 -0.729679
0.228114 0.15001 -1.04559
0.717967 0.15001 -0.734424
-1.66629 0.15001 -1.65343
-2.32437 0.15001 1.88909
-2.67746 0.15001 0.699659
-1.84483 0.15001 2.84999
-1.32674 0.15001 0.497022
0.266625 0.15001 -1.46592
-2.84999 0.15001 -0.97075
-2.84999 0.15001 -0.198002
-1.43451 0.15001 -2.31509
0.203133 0.15001 1.09227
-2.65547 0.15001 2.48938
-2.15097 0.15001 0.596298
-2.3491 0.15001 2.31703
0.205412 0.15001 1.87768
-0.736195 0.15001 -2.50232
-1.9529 0.15001 -1.01132
1.37399 0.15001 1.56583
1.52674 0.15001 0.329535
0.196629 0.15001 1.68162
-0.234242 0.15001 2.49451
-0.525856 0.15001 -1.4606
2.34867 0.15001 1.00063
1.3608 0.15001 0.607836
2.33401 0.15001 1.77206
1.70627 0.15001 -1.26193
-1.12132 0.15001 -2.84999
-1.13536 0.15001 -0.902511
-0.433733 0.15001 -1.62978
-1.03617 0.15001 -2.30893
-0.419371 0.15001 -1.28357
-0.92431 0.15001 -2.84999
-1.73933 0.15001 -0.972302
-2.66528 0.15001 -2.06397
-2.67697 0.15001 1.48657
-2.84999 0.15001 -1.7318
-2.48551 0.15001 -1.97121
2.17916 0.15001 1.28424
-0.44697 0.15001 1.79136
-2.5004 0.15001 1.78654
-1.93059 0.15001 -2.50978
-2.50533 0.15001 0.60161
-1.5452 0.15001 2.67047
0.482069 0.15001 2.33241
-0.352814 0.15001 1.61509
-1.81374 0.15001 -2.67723
-2.6779 0.15001 1.09642
-1.2843 0.15001 -1.27733
0.0313911 0.15001 1.19335
0.879996 0.15001 -0.631359
-2.00104 0.15001 -0.662706
-0.843027 0.15001 2.13714
-2.09961 0.15001 -0.833345
-1.75822 0.15001 1.57456
-2.84999 0.15001 0.403447
-0.847787 0.15001 -1.95445
0.836957 0.15001 -2.84999
-2.67533 0.15001 -0.485446
0.535634 0.15001 1.48546
1.19636 0.15001 0.511818
-0.998288 0.15001 -0.509286
2.01228 0.15001 1.37807
2.35321 0.15001 0.43635
-2.15723 0.15001 0.196151
-1.64381 0.15001 2.84999
-2.48054 0.15001 -2.75785
-0.620236 0.15001 -0.958946
-1.02281 0.15001 -2.6732
1.54714 0.15001 -2.32266
0.458747 0.15001 -1.81331
-0.344165 0.15001 1.22226
-1.34966 0.15001 2.31148
-2.33091 0.15001 0.901534
-0.301225 0.15001 0.803965
-2.63881 0.15001 2.84999
-1.56427 0.15001 -0.0727692
0.0424165 0.15001 -0.370551
-1.99132 0.15001 0.709956
-0.312528 0.15001 -0.37454
-2.48945 0.15001 2.17861
-2.33545 0.15001 -0.105733
-2.06489 0.15001 2.14412
-1.94716 0.15001 2.66688
-1.74684 0.15001 2.67056
0.0679542 0.15001 2.67308
1.0348 0.15001 -2.84999
2.34634 0.15001 1.19083
-2.14342 0.15001 -2.54625
0.860596 0.15001 -1.8152
1.20085 0.15001 -0.240609
-2.32988 0.15001 0.698993
0.868625 0.15001 1.08395
-1.4495 0.15001 2.13859
-0.031268 0.15001 2.84999
-0.475005 0.15001 1.06875
-0.530857 0.15001 -2.84999
-1.41779 0.15001 -2.67106
-1.87597 0.15001 -1.674
1.40186 0.15001 2.48432
-2.49722 0.15001 -0.784367
-1.88701 0.15001 0.0678438
0.713564 0.15001 -0.542668
-1.89954 0.15001 -1.32496
-2.07868 0.15001 1.39508
1.81658 0.15001 1.86017
-2.65265 0.15001 -2.84999
0.359723 0.15001 -1.63983
-1.07416 0.15001 1.06825
1.15805 0.15001 -1.97754
0.255638 0.15001 -2.50563
-0.12421 0.15001 -0.469298
-1.16627 0.15001 -0.0085783
-2.15485 0.15001 1.01214
-1.44678 0.15001 2.49091
-1.67147 0.15001 1.02477
-0.729649 0.15001 -2.84999
2.67468 0.15001 2.1715
-2.48607 0.15001 -2.16567
2.68329 0.15001 0.815343
-2.04683 0.15001 -0.331955
-0.0481552 0.15001 2.15086
1.86087 0.15001 -0.224407
0.373119 0.15001 2.50393
2.68022 0.15001 1.3873
1.69355 0.15001 0.0524842
0.783319 0.15001 2.84999
-0.840137 0.15001 -2.31739
-0.23464 0.15001 -1.63309
-2.14033 0.15001 -1.5877
-2.84999 0.15001 -2.84999
-1.24141 0.15001 -0.194783
1.86956 0.15001 -1.34971
-1.08712 0.15001 0.172016
-1.86976 0.15001 1.38817
-1.63772 0.15001 0.635384
-0.930154 0.15001 -2.49899
-0.708569 0.15001 -1.1321
2.1922 0.15001 -0.594493
-2.3266 0.15001 0.298716
-0.718203 0.15001 -0.297958
-1.36078 0.15001 1.6065
-1.0636 0.15001 1.42774
-1.66232 0.15001 1.76667
0.392025 0.15001 -0.938093
-0.859196 0.15001 1.42334
-2.33061 0.15001 -0.506851
0.0672148 0.15001 -1.13877
1.22136 0.15001 -1.19051
1.44036 0.15001 1.74788
-2.14436 0.15001 1.96228
-1.86705 0.15001 1.75623
1.13854 0.15001 -2.67378
-2.5073 0.15001 1.39015
-0.0420942 0.15001 -1.97976
-0.968315 0.15001 0.896626
-2.84972 0.15001 -1.16081
-0.236852 0.15001 -2.67412
1.54069 0.15001 -0.984491
1.91645 0.15001 2.3389
2.02224 0.15001 0.432257
1.9853 0.15001 1.95984
1.6925 0.15001 0.239407
0.203088 0.15001 0.310848
-0.970442 0.15001 1.2481
0.894311 0.15001 1.87322
-2.48713 0.15001 -1.77295
2.19055 0.15001 -0.0334929
0.0563807 0.15001 -2.15312
-0.0339378 0.15001 -1.29247
-1.04783 0.15001 -1.95175
2.11124 0.15001 2.68087
-1.65023 0.15001 2.13505
0.996106 0.15001 2.84999
-0.736815 0.15001 2.67339
2.01675 0.15001 1.18475
1.24254 0.15001 -2.4968
-1.8135 0.15001 -1.15212
1.2078 0.15001 -0.617643
1.20451 0.15001 1.47106
-1.76423 0.15001 -0.0996539
-1.24452 0.15001 -1.9623
0.0373034 0.15001 0.795319
-2.50838 0.15001 1.19565
2.84999 0.15001 2.46278
0.275124 0.15001 2.32844
1.05421 0.15001 -2.15161
2.19119 0.15001 -0.220516
-0.13523 0.15001 -2.84999
-0.346626 0.15001 -2.14897
-1.52362 0.15001 -2.49717
-2.49916 0.15001 0.20107
0.792693 0.15001 2.5063
-2.84999 0.15001 1.19275
-0.635803 0.15001 2.84999
0.0336981 0.15001 0.407206
-0.044864 0.15001 -2.32447
0.214363 0.15001 -0.658712
1.61684 0.15001 -2.84999
-1.4581 0.15001 1.78486
-0.940754 0.15001 2.31025
-2.04838 0.15001 2.49462
-1.97258 0.15001 0.483579
-1.16985 0.15001 -1.44264
-1.27553 0.15001 1.05068
-2.84999 0.15001 1.77675
-2.24764 0.15001 -0.684365
0.384647 0.15001 -1.313
-1.01052 0.15001 0.358681
0.205289 0.15001 -0.0765775
1.06376 0.15001 -1.80813
2.18841 0.15001 0.340868
-1.98896 0.15001 0.90494
1.03345 0.15001 0.0382098
-1.4409 0.15001 2.84999
2.01838 0.15001 0.994822
0.157796 0.15001 -1.97955
2.51548 0.15001 2.67814
0.370841 0.15001 0.601481
0.743042 0.15001 2.16727
1.52594 0.15001 0.516633
0.375809 0.15001 1.97527
-1.04017 0.15001 2.49183
-1.0737 0.15001 -0.691552
-0.24501 0.15001 2.14978
1.83287 0.15001 1.66977
1.64322 0.15001 -1.9545
-1.77543 0.15001 -1.4912
-2.48249 0.15001 -1.37605
-1.79768 0.15001 -0.637855
-1.22073 0.15001 -2.66875
-1.7582 0.15001 -1.83308
2.19361 0.15001 -1.1572
0.0692423 0.15001 -1.45599
0.00634098 0.15001 1.77675
-0.0335729 0.15001 2.48826
-2.5009 0.15001 -0.590256
-1.71097 0.15001 -2.84999
0.0563949 0.15001 -2.50007
-0.490515 0.15001 -0.268106
-0.118413 0.15001 -1.08382
0.913147 0.15001 2.0687
0.575247 0.15001 2.51093
-1.40068 0.15001 0.310278
-1.843 0.15001 -0.292486
0.537063 0.15001 0.314497
-2.12865 0.15001 -1.38134
-1.73961 0.15001 -2.16881
0.453317 0.15001 -2.84999
0.255285 0.15001 -2.15431
-2.84999 0.15001 -2.29189
2.19173 0.15001 -0.407518
2.84999 0.15001 -1.90857
0.847582 0.15001 -2.50105
-1.24951 0.15001 2.13972
0.899938 0.15001 -1.20503
-1.95079 0.15001 -2.18039
1.19676 0.15001 0.323744
1.81227 0.15001 2.05496
2.35035 0.15001 0.811952
0.867152 0.15001 0.508525
0.547796 0.15001 1.88062
2.67639 0.15001 2.56849
0.367386 0.15001 1.58378
1.26327 0.15001 2.04894
0.199164 0.15001 1.29009
1.77102 0.15001 -2.30253
2.52016 0.15001 0.155933
2.02958 0.15001 -0.876799
1.86809 0.15001 -1.1615
-1.64393 0.15001 -0.262368
-0.763752 0.15001 0.902315
-1.24364 0.15001 2.49169
2.67784 0.15001 1.77642
1.04272 0.15001 1.57328
-0.431597 0.15001 2.49606
1.35253 0.15001 -1.9763
-1.31511 0.15001 -0.388423
0.060175 0.15001 -1.80557
-0.444315 0.15001 -2.32373
-1.12748 0.15001 -2.48889
-1.57329 0.15001 -1.47246
-0.833833 0.15001 2.84999
-1.85206 0.15001 2.49097
-0.44141 0.15001 1.42274
0.205135 0.15001 0.89339
1.53834 0.15001 -0.79549
-0.127437 0.15001 -0.677311
-1.83557 0.15001 -2.33997
-0.337576 0.15001 2.32218
2.34326 0.15001 1.38289
-0.144702 0.15001 -0.877548
0.370612 0.15001 0.409608
-1.54849 0.15001 2.3091
2.21189 0.15001 2.84999
1.20521 0.15001 2.84999
0.959813 0.15001 -1.98153
0.033885 0.15001 0.213176
-0.545943 0.15001 -1.792
-1.44247 0.15001 -0.232237
-1.44722 0.15001 -1.98023
-1.59404 0.15001 -0.604484
-1.51958 0.15001 0.470173
-1.74989 0.15001 1.95276
-2.24238 0.15001 2.84999
-1.13858 0.15001 2.6713
0.70959 0.15001 -0.351205
-1.00406 0.15001 -1.07975
0.537403 0.15001 0.891737
-0.303972 0.15001 0.610035
1.0593 0.15001 -1.4855
-0.93665 0.15001 2.67212
-0.970188 0.15001 -1.43088
-1.98162 0.15001 0.281573
-2.45294 0.15001 2.48813
-1.04954 0.15001 1.78318
1.85746 0.15001 0.336042
0.880142 0.15001 1.67789
0.0314883 0.15001 1.58376
2.67063 0.15001 2.37124
2.49946 0.15001 2.26862
2.50428 0.15001 -2.29282
-1.15926 0.15001 1.60792
-1.47458 0.15001 1.02794
1.52763 0.15001 0.142375
-0.743372 0.15001 2.31273
-0.642978 0.15001 -2.32302
-2.01189 0.15001 -2.68592
-0.318056 0.15001 -0.766355
-2.0546 0.15001 -1.19738
-2.30842 0.15001 -2.84999
-0.546593 0.15001 -2.1462
-1.90884 0.15001 -2.84999
-2.49988 0.15001 1.9816
2.18402 0.15001 0.903552
0.702831 0.15001 0.221203
1.37991 0.15001 -1.08672
2.19328 0.15001 -0.969223
-1.69336 0.15001 -1.31194
1.34865 0.15001 -2.32085
2.51933 0.15001 0.343773
-0.646468 0.15001 1.78293
-2.50005 0.15001 -1.17963
-1.86339 0.15001 1.05053
-0.666192 0.15001 0.217316
-0.745332 0.15001 0.56318
-2.15434 0.15001 -0.171197
-2.67446 0.15001 0.303786
-0.244995 0.15001 -2.32339
2.50206 0.15001 -2.48052
-2.29716 0.15001 -0.317772
-0.750225 0.15001 -1.78249
-2.30453 0.15001 -1.27364
0.869805 0.15001 -0.0604034
2.35182 0.15001 0.624036
1.03189 0.15001 0.415611
-0.139135 0.15001 -1.80645
1.36053 0.15001 1.1754
2.32794 0.15001 1.96571
1.69155 0.15001 0.426292
1.64188 0.15001 1.95014
0.196606 0.15001 1.48586
0.704121 0.15001 0.0305389
2.32412 0.15001 2.35729
0.715745 0.15001 1.77759
-0.137773 0.15001 0.50642
-0.650122 0.15001 -1.61228
2.50993 0.15001 1.48174
2.01061 0.15001 2.84999
0.761492 0.15001 -1.64575
1.86531 0.15001 -0.78609
1.2255 0.15001 -1.58936
2.84999 0.15001 2.071
1.20374 0.15001 -0.429018
2.12233 0.15001 2.31813
0.0380749 0.15001 0.992467
0.0612944 0.15001 -2.84999
0.353416 0.15001 -2.32969
0.258639 0.15001 -1.8079
-0.34136 0.15001 -1.80355
1.15036 0.15001 -2.32276
2.68438 0.15001 -1.43734
-1.35026 0.15001 -1.79862
-1.23668 0.15001 2.84999
1.68892 0.15001 0.988
-2.32417 0.15001 1.48283
1.63035 0.15001 -2.49866
1.80756 0.15001 -2.84999
1.03532 0.15001 -0.150673
-2.66207 0.15001 -1.46607
-0.968723 0.15001 0.0173927
1.53544 0.15001 -0.607308
-2.84999 0.15001 -1.34856
-0.53458 0.15001 -0.782393
1.38339 0.15001 -1.28019
-1.3679 0.15001 -1.4555
0.353663 0.15001 -2.67824
1.05828 0.15001 -1.10027
0.542707 0.15001 -0.260748
1.03261 0.15001 1.18024
2.02839 0.15001 -0.689418
0.867388 0.15001 0.318837
-1.59382 0.15001 0.286613
-2.66277 0.15001 -1.66518
-2.15016 0.15001 2.32521
-1.8268 0.15001 0.615433
1.25158 0.15001 -2.14889
-0.869608 0.15001 -0.658292
-0.303695 0.15001 0.0194486
-1.06208 0.15001 -1.60867
0.547704 0.15001 -2.67929
-1.11987 0.15001 -0.35588
-1.05581 0.15001 0.712528
-1.3505 0.15001 1.96775
2.51711 0.15001 0.719791
2.18695 0.15001 0.528203
0.889997 0.15001 2.68107
0.155296 0.15001 -2.3283
-2.14349 0.15001 2.66875
-1.34214 0.15001 2.67095
-2.32416 0.15001 0.093293
2.84999 0.15001 -1.15403
-1.32588 0.15001 -2.49027
1.91304 0.15001 2.67823
-1.53718 0.15001 -0.945815
-2.2467 0.15001 2.49714
-0.875217 0.15001 -1.24663
-2.14701 0.15001 -2.17536
-1.87852 0.15001 -0.825679
-0.54203 0.15001 2.32338
-1.94882 0.15001 1.94299
-2.50601 0.15001 -0.978395
1.36226 0.15001 1.36681
1.85496 0.15001 0.70994
2.52065 0.15001 -0.967768
1.05142 0.15001 -0.908935
0.6627 0.15001 -1.48364
-2.31593 0.15001 -2.26731
2.35486 0.15001 -1.44112
-0.667078 0.15001 1.07187
-2.31253 0.15001 -0.876601
-2.3443 0.15001 2.67173
-2.50575 0.15001 0.797357
0.371128 0.15001 0.991338
0.702205 0.15001 0.411866
-0.131361 0.15001 1.08926
0.381683 0.15001 -0.555071
-1.46201 0.15001 -1.63554
1.19615 0.15001 0.890007
-0.95525 0.15001 -1.77717
-0.145131 0.15001 -2.15078
2.02738 0.15001 -0.502314
-2.14189 0.15001 -1.78201
0.704176 0.15001 1.38217
0.537694 0.15001 1.28569
1.85332 0.15001 1.08581
0.72899 0.15001 1.97234
-0.47408 0.15001 0.522625
1.52502 0.15001 1.45803
0.0140655 0.15001 1.39277
0.538172 0.15001 1.08724
-1.85102 0.15001 -2.01022
1.03237 0.15001 0.226896
2.17462 0.15001 1.47827
1.29625 0.15001 2.28359
1.51175 0.15001 2.31658
1.86895 0.15001 -1.53813
2.35625 0.15001 -1.25094
0.258188 0.15001 -2.84999
1.09665 0.15001 2.15156
1.70059 0.15001 -0.696564
-1.48143 0.15001 0.125459
-0.447128 0.15001 -1.97229
1.07775 0.15001 1.95857
-1.17456 0.15001 1.24405
0.171129 0.15001 2.84999
-0.613558 0.15001 -1.29256
1.65723 0.15001 -1.75334
0.16088 0.15001 -1.63264
0.729532 0.15001 -1.12351
1.7027 0.15001 -0.884478
1.91824 0.15001 -2.66712
-0.66427 0.15001 -0.625912
-1.25258 0.15001 0.689336
-1.54841 0.15001 1.96523
-0.839347 0.15001 2.49299
2.16498 0.15001 -2.10846
0.654644 0.15001 -2.15655
0.951512 0.15001 -2.32597
1.22639 0.15001 -1.38894
-2.06205 0.15001 -2.35708
1.37695 0.15001 -0.895593
-1.37609 0.15001 1.22622
-1.36184 0.15001 -0.0403519
1.19757 0.15001 0.13574
-2.5074 0.15001 -0.199557
0.45433 0.15001 -2.15536
0.536282 0.15001 0.697769
0.555773 0.15001 -0.837387
-0.92097 0.15001 -0.325083
0.550456 0.15001 -0.644862
1.53052 0.15001 -0.232232
0.380965 0.15001 2.16671
0.374757 0.15001 -0.169289
-0.943855 0.15001 1.96312
-2.50416 0.15001 0.997074
1.7231 0.15001 -2.67311
0.551585 0.15001 -2.32902
2.84999 0.15001 -2.47427
0.378185 0.15001 -0.362375
1.37345 0.15001 -0.706422
0.471445 0.15001 -1.47977
2.68527 0.15001 0.250541
2.00516 0.15001 1.57363
-0.848175 0.15001 1.78252
2.42155 0.15001 2.84999
1.03185 0.15001 0.604604
2.52098 0.15001 -0.219141
-0.473713 0.15001 0.308554
2.48922 0.15001 2.47616
-0.661863 0.15001 0.735081
-1.04819 0.15001 -0.163807
1.86684 0.15001 -0.973705
2.31248 0.15001 2.67836
0.539802 0.15001 1.68093
-0.305266 0.15001 -0.177275
-1.25782 0.15001 -1.62043
-2.67545 0.15001 -1.26704
1.36461 0.15001 -0.142525
1.44702 0.15001 -2.14682
1.06329 0.15001 -1.29458
1.85184 0.15001 1.2765
-2.4414 0.15001 2.84999
2.50041 0.15001 2.06922
1.03587 0.15001 1.3772
2.35629 0.15001 -0.313331
-2.84999 0.15001 -1.92347
1.98572 0.15001 -2.20687
2.18512 0.15001 -1.72949
2.175 0.15001 -1.9184
-0.482796 0.15001 0.115526
0.678726 0.15001 2.67694
2.20875 0.15001 2.51202
-2.31155 0.15001 -1.8801
2.16094 0.15001 1.86702
0.868125 0.15001 0.129254
0.20894 0.15001 -0.270334
1.2122 0.15001 -0.806768
-0.136178 0.15001 0.115436
1.98607 0.15001 -2.39992
0.557381 0.15001 -1.98511
-0.247 0.15001 1.80195
-1.14659 0.15001 1.96291
-0.88091 0.15001 0.203221
2.68473 0.15001 0.438523
1.09626 0.15001 2.34181
2.84999 0.15001 -1.52993
1.05439 0.15001 1.76889
-1.95275 0.15001 2.31785
1.68753 0.15001 1.36742
2.51208 0.15001 1.289
2.84999 0.15001 1.10048
2.84999 0.15001 1.48478
2.68128 0.15001 1.19529
0.37072 0.15001 1.18912
0.0438377 0.15001 1.97887
2.68802 0.15001 -2.75757
2.84999 0.15001 -2.09802
1.4016 0.15001 -1.66893
2.68588 0.15001 -0.124835
0.204021 0.15001 0.5046
2.35671 0.15001 -0.874556
2.0311 0.15001 -1.44272
2.84999 0.15001 1.8746
-0.141987 0.15001 2.32184
2.84999 0.15001 0.91032
2.84999 0.15001 -1.71914
-1.14053 0.15001 -2.13264
2.34105 0.15001 -2.01377
1.3631 0.15001 0.0451435
2.67979 0.15001 -2.19504
2.35595 0.15001 -0.126181
1.52508 0.15001 0.70389
2.68485 0.15001 -1.24947
-1.96939 0.15001 1.21591
-0.848904 0.15001 -0.141027
1.63849 0.15001 -2.15035
2.19054 0.15001 -1.53894
-0.0390945 0.15001 -2.67414
0.855219 0.15001 -2.15492
-2.84999 0.15001 -0.393285
1.82164 0.15001 -2.49665
0.891988 0.15001 2.31333
-0.760632 0.15001 1.24809
-1.20919 0.15001 0.335023
1.80594 0.15001 2.84999
0.660039 0.15001 -1.81625
1.82257 0.15001 -2.10365
2.01018 0.15001 -1.82283
1.42446 0.15001 -2.84999
0.957223 0.15001 -1.64602
-1.04071 0.15001 2.13736
1.03795 0.15001 -0.339886
1.69045 0.15001 0.613207
2.84999 0.15001 2.65803
2.84431 0.15001 2.84999
1.26088 0.15001 -1.79984
2.84999 0.15001 -2.28671
0.648889 0.15001 -2.50215
-0.285591 0.15001 -0.569091
0.723705 0.15001 -0.927327
0.758395 0.15001 -1.98545
1.43801 0.15001 2.13585
0.884804 0.15001 -0.822153
0.707062 0.15001 1.57953
-1.75076 0.15001 2.31139
0.186204 0.15001 2.1196
-0.130121 0.15001 0.894641
0.536099 0.15001 0.506379
2.50418 0.15001 1.87216
2.84999 0.15001 -0.779224
-2.4971 0.15001 1.58817
2.50738 0.15001 1.67637
1.64866 0.15001 1.75641
1.99569 0.15001 1.76889
0.371321 0.15001 0.794422
-0.654054 0.15001 -0.116105
-0.793521 0.15001 -0.477775
-0.328058 0.15001 -1.45704
0.0429505 0.15001 -0.567406
-0.870041 0.15001 1.07414
1.85855 0.15001 0.149246
-1.68142 0.15001 0.0882876
0.558727 0.15001 2.0826
1.09989 0.15001 2.67778
1.19715 0.15001 1.27465
-2.84999 0.15001 0.602371
2.15799 0.15001 -2.29872
0.165659 0.15001 2.49707
-0.306429 0.15001 0.21141
1.36131 0.15001 0.420219
-1.37255 0.15001 0.856351
2.02358 0.15001 0.245262
2.84999 0.15001 1.67905
0.372274 0.15001 0.0234649
-0.346422 0.15001 1.97835
1.04603 0.15001 -2.49869
2.32905 0.15001 -2.39551
2.68349 0.15001 -1.62574
1.23062 0.15001 -2.84999
2.32588 0.15001 -2.5907
1.40693 0.15001 2.84999
1.85397 0.15001 0.897347
2.51406 0.15001 1.09797
2.16841 0.15001 1.67426
2.84999 0.15001 0.721171
1.33385 0.15001 -2.67327
2.33306 0.15001 -2.20365
0.205008 0.15001 0.69741
1.70439 0.15001 -1.07279
0.471433 0.15001 2.68114
-1.14421 0.15001 2.31422
0.993527 0.15001 2.50819
2.63001 0.15001 2.84999
2.3517 0.15001 -1.63257
2.68566 0.15001 0.0627354
1.19893 0.15001 -0.0523669
-0.137441 0.15001 0.311247
-0.551808 0.15001 1.25096
1.85621 0.15001 0.522933
0.0786348 0.15001 2.30743
0.86743 0.15001 0.698652
0.372862 0.15001 1.77732
2.51051 0.15001 -2.10424
1.20321 0.15001 2.50397
-2.15298 0.15001 1.58091
0.703785 0.15001 0.987427
2.51381 0.15001 -1.91457
1.53262 0.15001 -0.419634
2.68593 0.15001 -0.312121
2.84999 0.15001 -0.592195
2.02653 0.15001 -0.315341
2.19322 0.15001 -1.34656
-0.551075 0.15001 1.60016
1.30563 0.15001 2.67364
2.5207 0.15001 -0.0317427
2.67893 0.15001 -2.5713
0.890747 0.15001 -1.01379
2.68574 0.15001 -0.686235
2.53066 0.15001 -2.84999
2.0247 0.15001 0.0583974
1.67658 0.15001 1.56508
2.1897 0.15001 0.153623
1.98426 0.15001 2.15768
1.25879 0.15001 1.85375
2.3554 0.15001 0.0611683
0.159664 0.15001 -2.67637
1.04634 0.15001 -0.718895
2.51608 0.15001 -1.72432
0.0352113 0.15001 0.018714
1.6949 0.15001 -0.134537
1.69833 0.15001 -0.508954
1.86358 0.15001 -0.598628
-0.15167 0.15001 1.63174
-0.299115 0.15001 0.998253
2.84999 0.15001 0.344616
2.02557 0.15001 -1.63517
2.51862 0.15001 -1.53387
-0.859314 0.15001 0.727596
2.68519 0.15001 -1.06097
0.450645 0.15001 -2.50678
2.84999 0.15001 -0.966441
-0.308842 0.15001 0.414242
1.52435 0.15001 1.08019
-0.545675 0.15001 1.96616
2.18546 0.15001 0.715664
2.68233 0.15001 1.00473
-2.84999 0.15001 0.994829
0.869444 0.15001 1.28121
1.70453 0.15001 2.67481
1.80914 0.15001 2.50626
0.368529 0.15001 1.38882
1.99619 0.15001 -2.84999
1.50453 0.15001 2.66823
2.68173 0.15001 -2.00564
-0.44333 0.15001 2.14988
2.52009 0.15001 -1.34482
0.941621 0.15001 -2.67476
0.743094 0.15001 -2.67783
1.5658 0.15001 -1.57334
0.0347546 0.15001 0.600819
-0.942811 0.15001 -2.12972
-2.67676 0.15001 0.504986
-1.26579 0.15001 1.42598
2.15468 0.15001 2.06082
0.872335 0.15001 -0.250358
1.21529 0.15001 1.66632
1.19629 0.15001 0.700357
1.70906 0.15001 -1.45178
2.35653 0.15001 -0.500348
0.2038 0.15001 0.11728
1.86213 0.15001 -0.411415
-0.583484 0.15001 -0.441396
2.19276 0.15001 -0.781609
2.84999 0.15001 2.26748
2.52031 0.15001 -1.15577
2.84999 0.15001 -2.66189
1.52841 0.15001 -2.67341
2.18414 0.15001 -2.84999
0.562351 0.15001 -1.64804
1.8463 0.15001 -1.72232
1.71709 0.15001 2.32635
1.68861 0.15001 1.17688
1.84495 0.15001 1.472
2.68408 0.15001 0.626721
2.51574 0.15001 0.908379
1.486 0.15001 -1.83983
0.860272 0.15001 -1.4735
0.385402 0.15001 -0.747039
2.34726 0.15001 -1.82308
0.53802 0.15001 0.122722
0.704142 0.15001 1.18366
2.5211 0.15001 -0.406292
2.84999 0.15001 -0.218152
2.32328 0.15001 2.16258
2.84999 0.15001 -0.0308249
1.19608 0.15001 1.08136
2.1573 0.15001 -2.49094
-0.332446 0.15001 -2.84999
2.52091 0.15001 -0.780383
1.68945 0.15001 0.800309
2.01496 0.15001 2.50816
2.84999 0.15001 -1.34215
2.01946 0.15001 0.806716
1.5289 0.15001 -0.0449012
2.35666 0.15001 -0.687329
2.52109 0.15001 -0.593316
2.84999 0.15001 -2.84999
2.0314 0.15001 -1.25268
-2.15169 0.15001 0.396116
2.11191 0.15001 -2.67485
2.02563 0.15001 -0.128441
1.52442 0.15001 0.891618
-0.468674 0.15001 -0.0745579
-1.44767 0.15001 0.667452
0.539812 0.15001 -0.0689607
1.54303 0.15001 -1.17489
2.68589 0.15001 -0.499202
1.03238 0.15001 0.985982
2.03066 0.15001 -1.06454
-0.47141 0.15001 0.720178
-1.51822 0.15001 -0.419175
1.35997 0.15001 0.985073
1.21687 0.15001 -0.997315
1.60596 0.15001 2.84999
1.36031 0.15001 0.795994
2.51214 0.15001 -2.66611
2.67655 0.15001 -2.38332
2.68547 0.15001 -0.873391
1.04171 0.15001 -0.529342
1.39306 0.15001 -1.47836
0.371145 0.15001 0.216348
1.54653 0.15001 -1.36779
1.63555 0.15001 2.14696
2.02082 0.15001 0.619365
2.67905 0.15001 1.58101
2.68247 0.15001 -1.81582
1.99797 0.15001 -2.01364
0.875719 0.15001 -0.440742
2.84999 0.15001 -0.405223
0.702608 0.15001 0.794128
2.35447 0.15001 0.248716
0.868235 0.15001 0.889959
-0.330662 0.15001 2.66888
0.678468 0.15001 2.34705
2.3397 0.15001 1.57684
