1000 0.1
1.86213 0.15001 -0.0533043
-2.67921 0.15001 0.868708
-2.48438 0.15001 -2.37106
-2.31652 0.15001 -2.47052
-2.84999 0.15001 -0.607436
2.84999 0.15001 1.28099
1.43916 0.15001 1.9375
-1.55085 0.15001 1.5663
-1.45466 0.15001 -0.771377
-0.752456 0.15001 0.02856
-2.6573 0.15001 2.26912
0.590833 0.15001 2.84999
-0.25821 0.15001 1.43985
2.84999 0.15001 0.519631
-0.743639 0.15001 1.59785
-0.246764 0.15001 -1.9909
-0.321632 0.15001 -1.1337
0.197311 0.15001 -1.25061
-0.935227 0.15001 0.523657
-0.143626 0.15001 1.28558
-2.12951 0.15001 -1.97959
-2.84986 0.15001 -2.11588
-0.748265 0.15001 -0.831122
-1.73022 0.15001 -2.5025
-1.34462 0.15001 -2.15489
2.51991 0.15001 0.519134
-2.6653 0.15001 -1.87607
-0.453298 0.15001 -2.67585
-2.5028 0.15001 0.378305
-1.66473 0.15001 1.36358
-2.14923 0.15001 -1.02864
0.209672 0.15001 -0.462521
-1.90589 0.15001 -0.488659
-1.98449 0.15001 -1.51063
0.639289 0.15001 -2.84999
-2.33359 0.15001 -1.08246
0.549041 0.15001 -1.0267
-1.49661 0.15001 -1.3008
-1.16273 0.15001 0.858383
-2.84999 0.15001 -0.0206532
-0.150579 0.15001 -2.50813
-1.65569 0.15001 -0.794321
-0.421135 0.15001 -0.966026
0.746635 0.15001 -2.33411
-0.0337474 0.15001 -1.65318
-0.751253 0.15001 -2.15615
0.280712 0.15001 2.67884
-0.216387 0.15001 2.84999
-1.1865 0.15001 -0.551825
-2.67701 0.15001 1.85786
-1.55802 0.15001 -1.82238
-2.49927 0.15001 -1.5788
-1.13138 0.15001 0.503007
-1.41409 0.15001 -1.12011
-1.04183 0.15001 2.84999
-1.85872 0.15001 2.11539
-2.67489 0.15001 1.66209
-2.84999 0.15001 2.33764
-2.33533 0.15001 1.2681
0.876556 0.15001 1.46766
-0.515567 0.15001 -1.14251
1.42507 0.15001 -2.50251
-1.33447 0.15001 -0.934772
-0.949155 0.15001 -0.854822
-0.566092 0.15001 0.890056
-1.27751 0.15001 0.134191
0.0425196 0.15001 -0.757318
-1.72712 0.15001 0.419535
-2.67436 0.15001 2.05611
-2.84999 0.15001 0.768908
-2.65623 0.15001 -2.66065
-2.84999 0.15001 -1.56125
-2.67432 0.15001 -0.120024
1.0367 0.15001 0.787331
2.84999 0.15001 0.145374
-2.67618 0.15001 1.26623
-2.84999 0.15001 1.36218
-2.84999 0.15001 0.177689
-1.46549 0.15001 1.37864
-0.735883 0.15001 1.95775
-2.65596 0.15001 -2.26976
-2.1173 0.15001 -2.84999
-1.21408 0.15001 -1.10327
-2.48538 0.15001 -0.413013
-0.627461 0.15001 2.49122
-2.84999 0.15001 2.52935
-2.15629 0.15001 0.782663
-2.84999 0.15001 1.95008
-2.28069 0.15001 2.11292
-0.63519 0.15001 2.13404
-0.124048 0.15001 -1.47907
-2.67644 0.15001 -0.895743
-2.48517 0.15001 -2.57012
-1.09124 0.15001 -1.27886
-2.50199 0.15001 -0.0199738
-1.95245 0.15001 -0.136273
-1.76366 0.15001 1.1907
-2.32473 0.15001 1.07612
0.385789 0.15001 2.84999
-2.32288 0.15001 1.66552
-1.23954 0.15001 -2.33009
-0.139302 0.15001 1.97568
-2.32849 0.15001 -1.68277
2.67617 0.15001 1.96731
1.53101 0.15001 1.25999
-0.944829 0.15001 1.60096
1.81733 0.15001 -1.91527
-0.549684 0.15001 -2.50147
1.69857 0.15001 -0.338745
2.3561 0.15001 -1.07284
2.35646 0.15001 -2.78477
0.0329793 0.15001 -0.947133
-1.62011 0.15001 -1.13198
-0.134128 0.15001 -0.280872
0.381198 0.15001 -1.12705
-2.6736 0.15001 -0.706101
-0.350825 0.15001 -2.50487
-2.65643 0.15001 -2.46923
-0.422605 0.15001 2.84999
-2.67148 0.15001 -0.317479
-1.62553 0.15001 -2.67592
2.18878 0.15001 1.08604
0.357569 0.15001 -1.99668
-1.70451 0.15001 -0.453117
-2.09441 0.15001 0.00469934
-0.121214 0.15001 2.66817
-1.6448 0.15001 -2.00365
0.547984 0.15001 -0.452824
-0.132993 0.15001 0.696353
0.708141 0.15001 0.596065
-2.32698 0.15001 -1.47379
-0.206892 0.15001 -1.29586
0.548286 0.15001 -1.22229
-2.3112 0.15001 -2.07809
-2.84999 0.15001 -2.66621
-0.651098 0.15001 -2.67554
0.717511 0.15001 -1.31047
-1.77215 0.15001 0.8099
-1.56584 0.15001 0.830389
-2.84999 0.15001 1.55977
-1.1567 0.15001 -1.8042
-0.65411 0.15001 -1.98314
-0.766492 0.15001 -1.43958
-2.67885 0.15001 -1.0867
-0.631264 0.15001 0.397748
1.3691 0.15001 0.221489
-1.56953 0.15001 1.18687
-1.25213 0.15001 1.7719
-2.84999 0.15001 2.14522
-1.79429 0.15001 0.232383
0.212012 0.15001 -0.84828
-2.30941 0.15001 -2.66098
0.0392605 0.15001 -0.178183
0.713559 0.15001 -0.166026
1.37041 0.15001 -0.533409
1.6051 0.15001 2.50158
-0.525183 0.15001 2.67027
-2.04751 0.15001 2.84999
-2.67523 0.15001 0.0792831
-1.952 0.15001 1.54713
-0.863066 0.15001 -1.61961
-2.84999 0.15001 -2.48253
-1.52558 0.15001 -2.84999
-1.96743 0.15001 -1.85374
-0.478504 0.15001 -0.630206
-0.834894 0.15001 -1.00964
-2.32925 0.15001 0.478999
-1.63211 0.15001 -2.32895
-0.817936 0.15001 0.366499
-2.84999 0.15001 2.84999
-0.843166 0.15001 -2.6772
1.37061 0.15001 -0.345075
-2.1592 0.15001 1.19286
-1.37895 0.15001 -0.58521
-2.74254 0.15001 2.68471
-2.07506 0.15001 1.76034
-2.12869 0.15001 -0.497938
-2.54762 0.15001 2.66345
-0.655851 0.15001 1.41656
-1.65421 0.15001 2.47982
-1.32967 0.15001 -2.84999
-0.13223 0.15001 -0.0844443
-2.84999 0.15001 -0.800794
-1.25683 0.15001 -0.742423
0.210646 0.15001 -1.04191
0.714609 0.15001 -0.735213
-1.67498 0.15001 -1.65862
-2.3275 0.15001 1.8664
-2.67881 0.15001 0.672475
-1.84793 0.15001 2.84999
-1.32997 0.15001 0.475018
0.273824 0.15001 -1.48119
-2.84999 0.15001 -0.992257
-2.84999 0.15001 -0.218361
-1.43684 0.15001 -2.32716
0.200732 0.15001 1.08598
-2.65672 0.15001 2.47583
-2.16017 0.15001 0.580543
-2.36191 0.15001 2.30649
0.209959 0.15001 1.86643
-0.747432 0.15001 -2.50422
-1.95367 0.15001 -0.994563
1.37728 0.15001 1.55594
1.53293 0.15001 0.317877
0.209837 0.15001 1.67321
-0.22313 0.15001 2.49605
-0.523382 0.15001 -1.48035
2.35381 0.15001 0.992267
1.36772 0.15001 0.598736
2.33453 0.15001 1.77343
1.69798 0.15001 -1.27621
-1.1337 0.15001 -2.84999
-1.1373 0.15001 -0.912068
-0.439634 0.15001 -1.65112
-1.04308 0.15001 -2.33085
-0.412425 0.15001 -1.30668
-0.938401 0.15001 -2.84999
-1.74794 0.15001 -0.967266
-2.66052 0.15001 -2.07319
-2.67453 0.15001 1.46059
-2.84999 0.15001 -1.74827
-2.48396 0.15001 -1.98077
2.18489 0.15001 1.28002
-0.434216 0.15001 1.78968
-2.50377 0.15001 1.76125
-1.93751 0.15001 -2.5101
-2.5064 0.15001 0.57735
-1.54747 0.15001 2.665
0.485861 0.15001 2.33157
-0.341872 0.15001 1.61773
-1.82068 0.15001 -2.67595
-2.67738 0.15001 1.07194
-1.28987 0.15001 -1.29055
0.0278562 0.15001 1.18752
0.878983 0.15001 -0.637336
-2.01611 0.15001 -0.658383
-0.833039 0.15001 2.13176
-2.10161 0.15001 -0.837299
-1.75194 0.15001 1.55142
-2.84999 0.15001 0.374846
-0.854408 0.15001 -1.97892
0.830793 0.15001 -2.84999
-2.66324 0.15001 -0.512578
0.542442 0.15001 1.47938
1.20352 0.15001 0.503277
-0.990337 0.15001 -0.521047
2.01769 0.15001 1.37404
2.35533 0.15001 0.423777
-2.16097 0.15001 0.185356
-1.64654 0.15001 2.84999
-2.48272 0.15001 -2.76244
-0.627452 0.15001 -0.988021
-1.03558 0.15001 -2.67815
1.53206 0.15001 -2.32974
0.461523 0.15001 -1.8238
-0.347995 0.15001 1.22052
-1.35201 0.15001 2.29904
-2.32975 0.15001 0.877982
-0.300505 0.15001 0.795146
-2.64191 0.15001 2.84999
-1.54993 0.15001 -0.0787963
0.0384804 0.15001 -0.371505
-1.98858 0.15001 0.669217
-0.317896 0.15001 -0.383999
-2.48912 0.15001 2.15395
-2.32831 0.15001 -0.118857
-2.06311 0.15001 2.13294
-1.95305 0.15001 2.66425
-1.75026 0.15001 2.66587
0.0788542 0.15001 2.67608
1.02791 0.15001 -2.84999
2.35136 0.15001 1.18499
-2.14314 0.15001 -2.54778
0.857096 0.15001 -1.81981
1.20684 0.15001 -0.253329
-2.33278 0.15001 0.679223
0.869381 0.15001 1.07667
-1.45193 0.15001 2.1237
-0.0165821 0.15001 2.84999
-0.482019 0.15001 1.06193
-0.550946 0.15001 -2.84999
-1.43002 0.15001 -2.67683
-1.8801 0.15001 -1.67666
1.40269 0.15001 2.49592
-2.49835 0.15001 -0.80192
-1.89845 0.15001 0.0643386
0.714334 0.15001 -0.54523
-1.90211 0.15001 -1.33262
-2.07462 0.15001 1.37868
1.81663 0.15001 1.85837
-2.65506 0.15001 -2.84999
0.367142 0.15001 -1.6531
-1.07209 0.15001 1.04861
1.14692 0.15001 -1.9836
0.252157 0.15001 -2.5114
-0.133641 0.15001 -0.474984
-1.15141 0.15001 -0.0258572
-2.14145 0.15001 0.98761
-1.44899 0.15001 2.48199
-1.66699 0.15001 1.00956
-0.746203 0.15001 -2.84999
2.67389 0.15001 2.16484
-2.4797 0.15001 -2.17526
2.68469 0.15001 0.802837
-2.02285 0.15001 -0.33113
-0.036031 0.15001 2.15028
1.86258 0.15001 -0.241215
0.382886 0.15001 2.50739
2.68177 0.15001 1.37921
1.69767 0.15001 0.0377102
0.796135 0.15001 2.84999
-0.847077 0.15001 -2.32986
-0.23643 0.15001 -1.65262
-2.16343 0.15001 -1.57876
-2.84999 0.15001 -2.84999
-1.22918 0.15001 -0.211402
1.8633 0.15001 -1.36104
-1.07833 0.15001 0.157443
-1.86242 0.15001 1.36475
-1.62506 0.15001 0.638225
-0.941209 0.15001 -2.50658
-0.718076 0.15001 -1.16006
2.19203 0.15001 -0.608523
-2.33004 0.15001 0.281275
-0.70653 0.15001 -0.31315
-1.35009 0.15001 1.58606
-1.06312 0.15001 1.41352
-1.66176 0.15001 1.74252
0.382238 0.15001 -0.934789
-0.859656 0.15001 1.41794
-2.31856 0.15001 -0.50938
0.0417412 0.15001 -1.1365
1.20771 0.15001 -1.2016
1.43729 0.15001 1.74185
-2.15074 0.15001 1.95212
-1.86679 0.15001 1.73432
1.12886 0.15001 -2.67701
-2.50194 0.15001 1.3641
-0.0445888 0.15001 -1.99491
-0.964438 0.15001 0.878545
-2.8489 0.15001 -1.18111
-0.253552 0.15001 -2.67847
1.53398 0.15001 -1.0006
1.90557 0.15001 2.3314
2.02647 0.15001 0.419638
1.98509 0.15001 1.95953
1.69736 0.15001 0.22609
0.208131 0.15001 0.307029
-0.968727 0.15001 1.23576
0.90005 0.15001 1.86015
-2.49547 0.15001 -1.78205
2.19109 0.15001 -0.0475558
0.0538586 0.15001 -2.16718
-0.00906388 0.15001 -1.31831
-1.05206 0.15001 -1.97445
2.10366 0.15001 2.67901
-1.65114 0.15001 2.12052
0.999144 0.15001 2.84999
-0.732335 0.15001 2.67095
2.02375 0.15001 1.17882
1.23064 0.15001 -2.50293
-1.82466 0.15001 -1.15046
1.20654 0.15001 -0.630776
1.20822 0.15001 1.45944
-1.75497 0.15001 -0.106682
-1.24729 0.15001 -1.97865
0.0363346 0.15001 0.792101
-2.50364 0.15001 1.16986
2.84999 0.15001 2.4575
0.277557 0.15001 2.32331
1.04439 0.15001 -2.15827
2.19137 0.15001 -0.234811
-0.153374 0.15001 -2.84999
-0.348053 0.15001 -2.16022
-1.5321 0.15001 -2.50218
-2.50053 0.15001 0.178431
0.793926 0.15001 2.50541
-2.84999 0.15001 1.16767
-0.630931 0.15001 2.84999
0.0370805 0.15001 0.403858
-0.0479455 0.15001 -2.33738
0.211157 0.15001 -0.654559
1.61171 0.15001 -2.84999
-1.45857 0.15001 1.7599
-0.933147 0.15001 2.30381
-2.05648 0.15001 2.48872
-1.94627 0.15001 0.456076
-1.17589 0.15001 -1.45744
-1.26934 0.15001 1.02803
-2.84999 0.15001 1.75655
-2.24336 0.15001 -0.68646
0.378218 0.15001 -1.31752
-1.00886 0.15001 0.341523
0.210145 0.15001 -0.0779901
1.05662 0.15001 -1.81136
2.19094 0.15001 0.327833
-1.97551 0.15001 0.865327
1.04242 0.15001 0.0279951
-1.44425 0.15001 2.84999
2.0259 0.15001 0.987034
0.156047 0.15001 -1.99637
2.51068 0.15001 2.67565
0.375943 0.15001 0.594838
0.765325 0.15001 2.16412
1.53273 0.15001 0.506226
0.379727 0.15001 1.96597
-1.03669 0.15001 2.48427
-1.06707 0.15001 -0.701162
-0.232241 0.15001 2.14732
1.83437 0.15001 1.66701
1.63009 0.15001 -1.95991
-1.787 0.15001 -1.49544
-2.50003 0.15001 -1.38013
-1.77854 0.15001 -0.639106
-1.23352 0.15001 -2.67737
-1.76019 0.15001 -1.83801
2.19222 0.15001 -1.16886
0.0789484 0.15001 -1.48747
0.0168069 0.15001 1.77628
-0.0268765 0.15001 2.4945
-2.48092 0.15001 -0.610152
-1.72088 0.15001 -2.84999
0.0509753 0.15001 -2.50951
-0.495462 0.15001 -0.278445
-0.138626 0.15001 -1.06785
0.923503 0.15001 2.0509
0.58975 0.15001 2.51209
-1.40548 0.15001 0.291882
-1.82729 0.15001 -0.296916
0.545426 0.15001 0.308233
-2.12923 0.15001 -1.37143
-1.74324 0.15001 -2.17104
0.44676 0.15001 -2.84999
0.254074 0.15001 -2.16668
-2.84999 0.15001 -2.29855
2.19169 0.15001 -0.42181
2.84999 0.15001 -1.91339
0.839613 0.15001 -2.50612
-1.25134 0.15001 2.12677
0.880509 0.15001 -1.21287
-1.95159 0.15001 -2.18098
1.20472 0.15001 0.314187
1.81028 0.15001 2.05395
2.35485 0.15001 0.801525
0.874546 0.15001 0.501213
0.556183 0.15001 1.87233
2.67402 0.15001 2.56289
0.378039 0.15001 1.57688
1.26269 0.15001 2.04148
0.199555 0.15001 1.28356
1.77227 0.15001 -2.30364
2.52035 0.15001 0.143825
2.02793 0.15001 -0.89168
1.8633 0.15001 -1.17518
-1.62803 0.15001 -0.263851
-0.764185 0.15001 0.889118
-1.24339 0.15001 2.48188
2.67845 0.15001 1.77046
1.04683 0.15001 1.56043
-0.41991 0.15001 2.4923
1.34 0.15001 -1.98821
-1.30624 0.15001 -0.399868
0.0605168 0.15001 -1.82512
-0.448509 0.15001 -2.33057
-1.13817 0.15001 -2.50507
-1.58424 0.15001 -1.48021
-0.838034 0.15001 2.84999
-1.85963 0.15001 2.48664
-0.45174 0.15001 1.3997
0.203556 0.15001 0.888127
1.5344 0.15001 -0.812158
-0.131213 0.15001 -0.677148
-1.84102 0.15001 -2.34099
-0.326093 0.15001 2.31843
2.34741 0.15001 1.37987
-0.15387 0.15001 -0.87228
0.377281 0.15001 0.403804
-1.55219 0.15001 2.29701
2.20704 0.15001 2.85
1.2005 0.15001 2.84999
0.952087 0.15001 -1.98731
0.0380986 0.15001 0.210016
-0.554971 0.15001 -1.81124
-1.42766 0.15001 -0.2388
-1.44884 0.15001 -1.9896
-1.5783 0.15001 -0.61116
-1.52748 0.15001 0.450286
-1.75233 0.15001 1.93032
-2.24607 0.15001 2.84999
-1.14117 0.15001 2.66513
0.713921 0.15001 -0.355656
-1.01637 0.15001 -1.08703
0.537977 0.15001 0.885991
-0.302679 0.15001 0.603633
1.05001 0.15001 -1.49121
-0.937716 0.15001 2.66811
-0.977627 0.15001 -1.44699
-1.98412 0.15001 0.261726
-2.45534 0.15001 2.48374
-1.04415 0.15001 1.77752
1.86192 0.15001 0.322914
0.885766 0.15001 1.66601
0.0437082 0.15001 1.58211
2.67171 0.15001 2.36381
2.49725 0.15001 2.2673
2.49643 0.15001 -2.29568
-1.14823 0.15001 1.59615
-1.46734 0.15001 1.01148
1.53334 0.15001 0.129252
-0.734017 0.15001 2.30668
-0.648893 0.15001 -2.32927
-2.01565 0.15001 -2.68755
-0.331834 0.15001 -0.77529
-2.03601 0.15001 -1.18955
-2.31076 0.15001 -2.84999
-0.550009 0.15001 -2.15748
-1.91567 0.15001 -2.84999
-2.5052 0.15001 1.95662
2.19037 0.15001 0.894683
0.712127 0.15001 0.214005
1.36975 0.15001 -1.10019
2.19224 0.15001 -0.981896
-1.69845 0.15001 -1.3149
1.3344 0.15001 -2.32906
2.52015 0.15001 0.331241
-0.636125 0.15001 1.7704
-2.49999 0.15001 -1.187
-1.8621 0.15001 1.02297
-0.679546 0.15001 0.210839
-0.743552 0.15001 0.548868
-2.14728 0.15001 -0.18427
-2.67487 0.15001 0.277515
-0.248423 0.15001 -2.33456
2.50014 0.15001 -2.48121
-2.2976 0.15001 -0.319121
-0.758832 0.15001 -1.80296
-2.30904 0.15001 -1.27701
0.878317 0.15001 -0.0689672
2.35518 0.15001 0.612199
1.03994 0.15001 0.407299
-0.141003 0.15001 -1.82304
1.36681 0.15001 1.16583
2.32775 0.15001 1.96789
1.69739 0.15001 0.414402
1.64104 0.15001 1.94649
0.205955 0.15001 1.47995
0.712875 0.15001 0.0238884
2.32063 0.15001 2.36099
0.725696 0.15001 1.77305
-0.133639 0.15001 0.503688
-0.657921 0.15001 -1.62797
2.5124 0.15001 1.47795
2.00739 0.15001 2.84999
0.760685 0.15001 -1.65006
1.86329 0.15001 -0.80259
1.20801 0.15001 -1.60432
2.84999 0.15001 2.0634
1.20669 0.15001 -0.442053
2.11173 0.15001 2.31636
0.0321892 0.15001 0.990062
0.0487421 0.15001 -2.84999
0.352504 0.15001 -2.33722
0.262675 0.15001 -1.82738
-0.346114 0.15001 -1.82081
1.13837 0.15001 -2.33012
2.68442 0.15001 -1.4451
-1.35304 0.15001 -1.81164
-1.24294 0.15001 2.84999
1.69723 0.15001 0.979497
-2.31417 0.15001 1.45859
1.619 0.15001 -2.50236
1.80339 0.15001 -2.84999
1.04286 0.15001 -0.161311
-2.67394 0.15001 -1.47636
-0.951512 0.15001 -0.00027271
1.53438 0.15001 -0.624143
-2.84999 0.15001 -1.36963
-0.5453 0.15001 -0.81166
1.37189 0.15001 -1.29142
-1.37416 0.15001 -1.46827
0.348201 0.15001 -2.68086
1.04365 0.15001 -1.11048
0.547477 0.15001 -0.263117
1.03574 0.15001 1.17032
2.02773 0.15001 -0.705209
0.876433 0.15001 0.310716
-1.59844 0.15001 0.26167
-2.67057 0.15001 -1.67564
-2.16024 0.15001 2.31306
-1.81061 0.15001 0.600046
1.23886 0.15001 -2.15722
-0.868079 0.15001 -0.673677
-0.297137 0.15001 0.0140909
-1.06763 0.15001 -1.627
0.542426 0.15001 -2.68173
-1.11004 0.15001 -0.369406
-1.04769 0.15001 0.691111
-1.35133 0.15001 1.95178
2.51965 0.15001 0.707828
2.19084 0.15001 0.516119
0.896014 0.15001 2.67788
0.153463 0.15001 -2.33897
-2.14985 0.15001 2.66416
-1.3441 0.15001 2.66399
-2.32601 0.15001 0.0774514
2.84999 0.15001 -1.16153
-1.33549 0.15001 -2.50345
1.91038 0.15001 2.67843
-1.53511 0.15001 -0.954233
-2.25245 0.15001 2.48907
-0.889402 0.15001 -1.26127
-2.14454 0.15001 -2.17416
-1.88224 0.15001 -0.808253
-0.529716 0.15001 2.31308
-1.95269 0.15001 1.9281
-2.50679 0.15001 -0.99189
1.36712 0.15001 1.35697
1.86213 0.15001 0.699726
2.52065 0.15001 -0.976892
1.0428 0.15001 -0.918916
0.665848 0.15001 -1.48873
-2.30753 0.15001 -2.27595
2.35389 0.15001 -1.45016
-0.674356 0.15001 1.06149
-2.3067 0.15001 -0.882613
-2.34953 0.15001 2.6672
-2.50868 0.15001 0.773088
0.370062 0.15001 0.985409
0.710559 0.15001 0.404741
-0.145699 0.15001 1.09101
0.380283 0.15001 -0.551657
-1.46848 0.15001 -1.64475
1.20154 0.15001 0.881723
-0.961287 0.15001 -1.79817
-0.147353 0.15001 -2.16406
2.02745 0.15001 -0.51853
-2.1456 0.15001 -1.77494
0.706541 0.15001 1.37461
0.537467 0.15001 1.28003
1.8612 0.15001 1.07843
0.741875 0.15001 1.96798
-0.474919 0.15001 0.515726
1.52965 0.15001 1.44922
0.0277411 0.15001 1.39013
0.536612 0.15001 1.08209
-1.85458 0.15001 -2.01118
1.04144 0.15001 0.217571
2.17856 0.15001 1.47641
1.27315 0.15001 2.25553
1.5019 0.15001 2.3197
1.86296 0.15001 -1.54678
2.35573 0.15001 -1.26078
0.250113 0.15001 -2.84999
1.09576 0.15001 2.14291
1.6987 0.15001 -0.713784
-1.47383 0.15001 0.107573
-0.451233 0.15001 -1.98689
1.08689 0.15001 1.94476
-1.17065 0.15001 1.22326
0.182788 0.15001 2.84999
-0.609901 0.15001 -1.31286
1.63672 0.15001 -1.7591
0.169115 0.15001 -1.6578
0.714616 0.15001 -1.11872
1.6987 0.15001 -0.901101
1.90852 0.15001 -2.66907
-0.670987 0.15001 -0.650124
-1.2419 0.15001 0.669132
-1.55023 0.15001 1.94636
-0.83245 0.15001 2.48798
2.14784 0.15001 -2.11409
0.652231 0.15001 -2.16303
0.942591 0.15001 -2.33227
1.21299 0.15001 -1.39569
-2.06957 0.15001 -2.35861
1.37026 0.15001 -0.910445
-1.3702 0.15001 1.20059
-1.34997 0.15001 -0.0528538
1.20584 0.15001 0.124887
-2.49659 0.15001 -0.218744
0.45413 0.15001 -2.16539
0.540187 0.15001 0.691404
0.549047 0.15001 -0.833611
-0.90885 0.15001 -0.340042
0.548606 0.15001 -0.642722
1.5345 0.15001 -0.248028
0.390001 0.15001 2.15951
0.379404 0.15001 -0.170619
-0.934835 0.15001 1.96012
-2.50491 0.15001 0.971924
1.71347 0.15001 -2.67527
0.549698 0.15001 -2.33546
2.84999 0.15001 -2.47398
0.379588 0.15001 -0.361228
1.37038 0.15001 -0.721734
0.474802 0.15001 -1.48149
2.68542 0.15001 0.23847
2.00801 0.15001 1.5714
-0.839188 0.15001 1.77942
2.41521 0.15001 2.84999
1.03825 0.15001 0.597161
2.52065 0.15001 -0.230105
-0.466576 0.15001 0.307187
2.49008 0.15001 2.47235
-0.659781 0.15001 0.723352
-1.0307 0.15001 -0.18374
1.86343 0.15001 -0.989045
2.30343 0.15001 2.67196
0.550032 0.15001 1.67649
-0.303345 0.15001 -0.185529
-1.26285 0.15001 -1.6351
-2.67721 0.15001 -1.27925
1.37055 0.15001 -0.156493
1.43402 0.15001 -2.15704
1.04568 0.15001 -1.30252
1.8586 0.15001 1.27028
-2.44441 0.15001 2.84999
2.49971 0.15001 2.06789
1.03949 0.15001 1.36471
2.35604 0.15001 -0.325692
-2.84999 0.15001 -1.93308
1.96978 0.15001 -2.2156
2.17786 0.15001 -1.73576
2.15727 0.15001 -1.92244
-0.483302 0.15001 0.114298
0.694039 0.15001 2.68166
2.19513 0.15001 2.50769
-2.31062 0.15001 -1.88528
2.16111 0.15001 1.86848
0.877682 0.15001 0.120678
0.209796 0.15001 -0.270502
1.20652 0.15001 -0.819859
-0.131613 0.15001 0.111138
1.97997 0.15001 -2.41089
0.556762 0.15001 -1.99311
-0.221316 0.15001 1.78923
-1.14335 0.15001 1.9535
-0.879839 0.15001 0.184868
2.68523 0.15001 0.425798
1.08847 0.15001 2.33439
2.84999 0.15001 -1.53731
1.05743 0.15001 1.7559
-1.96156 0.15001 2.31331
1.69336 0.15001 1.36017
2.51539 0.15001 1.28281
2.84999 0.15001 1.08839
2.84999 0.15001 1.47508
2.68309 0.15001 1.18546
0.369045 0.15001 1.18358
0.0551338 0.15001 1.9774
2.68829 0.15001 -2.75611
2.84999 0.15001 -2.10049
1.38757 0.15001 -1.67715
2.68563 0.15001 -0.135152
0.208869 0.15001 0.499367
2.35645 0.15001 -0.885652
2.02678 0.15001 -1.45219
2.84999 0.15001 1.86664
-0.130381 0.15001 2.32338
2.84999 0.15001 0.897395
2.84999 0.15001 -1.72567
-1.14587 0.15001 -2.1542
2.32538 0.15001 -2.0184
1.36995 0.15001 0.0324343
2.67373 0.15001 -2.19634
2.35584 0.15001 -0.138761
1.53246 0.15001 0.694381
2.68495 0.15001 -1.2574
-1.96137 0.15001 1.19353
-0.832324 0.15001 -0.159531
1.62592 0.15001 -2.15937
2.18719 0.15001 -1.54694
-0.0514359 0.15001 -2.67971
0.848832 0.15001 -2.16052
-2.84999 0.15001 -0.414181
1.81046 0.15001 -2.49921
0.889843 0.15001 2.31829
-0.767221 0.15001 1.24058
-1.20832 0.15001 0.316552
1.80727 0.15001 2.84999
0.659752 0.15001 -1.82096
1.80804 0.15001 -2.10716
1.99152 0.15001 -1.82687
1.41826 0.15001 -2.84999
0.951712 0.15001 -1.64981
-1.03466 0.15001 2.1317
1.04294 0.15001 -0.35041
1.69744 0.15001 0.602668
2.84999 0.15001 2.65483
2.84878 0.15001 2.84999
1.25166 0.15001 -1.81143
2.84999 0.15001 -2.28727
0.643532 0.15001 -2.50676
-0.296123 0.15001 -0.579844
0.714449 0.15001 -0.926252
0.754393 0.15001 -1.99041
1.43432 0.15001 2.13396
0.878984 0.15001 -0.827519
0.714291 0.15001 1.57332
-1.75849 0.15001 2.29946
0.181684 0.15001 2.13894
-0.134267 0.15001 0.892972
0.543077 0.15001 0.499715
2.50451 0.15001 1.87064
2.84999 0.15001 -0.786947
-2.49659 0.15001 1.56151
2.50866 0.15001 1.67425
1.64953 0.15001 1.75209
1.99633 0.15001 1.7683
0.373176 0.15001 0.78826
-0.640307 0.15001 -0.131465
-0.787664 0.15001 -0.492992
-0.322104 0.15001 -1.47822
0.0388411 0.15001 -0.564724
-0.872695 0.15001 1.06065
1.86188 0.15001 0.134761
-1.67735 0.15001 0.0740926
0.575583 0.15001 2.07368
1.10015 0.15001 2.67145
1.20195 0.15001 1.26377
-2.84999 0.15001 0.573004
2.1473 0.15001 -2.30495
0.175142 0.15001 2.49816
-0.302942 0.15001 0.205218
1.36837 0.15001 0.410263
-1.36199 0.15001 0.840971
2.02643 0.15001 0.231477
2.84999 0.15001 1.67037
0.379268 0.15001 0.020541
-0.333178 0.15001 1.96601
1.0356 0.15001 -2.50431
2.32613 0.15001 -2.39991
2.68305 0.15001 -1.63289
1.22359 0.15001 -2.84999
2.3275 0.15001 -2.59339
1.40067 0.15001 2.84999
1.8621 0.15001 0.888534
2.51767 0.15001 1.08937
2.16984 0.15001 1.67449
2.84999 0.15001 0.707899
1.32386 0.15001 -2.67646
2.32059 0.15001 -2.20832
0.208172 0.15001 0.691829
1.69829 0.15001 -1.08849
0.488332 0.15001 2.68148
-1.14253 0.15001 2.30472
0.991047 0.15001 2.50276
2.63395 0.15001 2.85
2.34831 0.15001 -1.64056
2.68554 0.15001 0.0515337
1.20661 0.15001 -0.064385
-0.134725 0.15001 0.307554
-0.56646 0.15001 1.2371
1.86203 0.15001 0.511242
0.0761936 0.15001 2.3191
0.87234 0.15001 0.692164
0.381108 0.15001 1.77024
2.49846 0.15001 -2.10786
1.20287 0.15001 2.49246
-2.14799 0.15001 1.5709
0.703541 0.15001 0.981853
2.50622 0.15001 -1.91995
1.53448 0.15001 -0.436213
2.68571 0.15001 -0.321673
2.84999 0.15001 -0.600348
2.02708 0.15001 -0.331477
2.19137 0.15001 -1.35676
-0.539303 0.15001 1.58378
1.30085 0.15001 2.67234
2.52049 0.15001 -0.0432567
2.67736 0.15001 -2.56985
0.879053 0.15001 -1.01903
2.68569 0.15001 -0.694642
2.53218 0.15001 -2.84999
2.02645 0.15001 0.0435896
1.67959 0.15001 1.55935
2.19097 0.15001 0.139968
1.98326 0.15001 2.15539
1.26064 0.15001 1.8443
2.35563 0.15001 0.0484153
0.152323 0.15001 -2.68016
1.04281 0.15001 -0.728804
2.51316 0.15001 -1.7312
0.0395667 0.15001 0.0158464
1.69823 0.15001 -0.150649
1.69863 0.15001 -0.526422
1.86311 0.15001 -0.615882
-0.143368 0.15001 1.60341
-0.308677 0.15001 0.986924
2.84999 0.15001 0.332238
2.01943 0.15001 -1.64208
2.51795 0.15001 -1.54183
-0.854443 0.15001 0.710895
2.68526 0.15001 -1.06895
0.447041 0.15001 -2.51101
2.84999 0.15001 -0.973956
-0.303877 0.15001 0.410856
1.53194 0.15001 1.07132
-0.535508 0.15001 1.96043
2.19081 0.15001 0.704925
2.68408 0.15001 0.993311
-2.84999 0.15001 0.969101
0.871057 0.15001 1.27138
1.70997 0.15001 2.67883
1.80662 0.15001 2.50487
0.37255 0.15001 1.38275
1.99301 0.15001 -2.84999
1.50524 0.15001 2.67887
2.67687 0.15001 -2.00929
-0.42753 0.15001 2.13974
2.52005 0.15001 -1.35327
0.933152 0.15001 -2.67779
0.736442 0.15001 -2.68017
1.55064 0.15001 -1.57926
0.0384654 0.15001 0.597598
-0.949484 0.15001 -2.15431
-2.67647 0.15001 0.477529
-1.26572 0.15001 1.40141
2.15448 0.15001 2.06299
0.878713 0.15001 -0.258461
1.21816 0.15001 1.65548
1.20238 0.15001 0.692332
1.70033 0.15001 -1.46471
2.3563 0.15001 -0.512383
0.209771 0.15001 0.114615
1.86289 0.15001 -0.428782
-0.585901 0.15001 -0.465703
2.19222 0.15001 -0.795096
2.84999 0.15001 2.26043
2.5203 0.15001 -1.16456
2.84999 0.15001 -2.66139
1.51861 0.15001 -2.67612
2.18253 0.15001 -2.84999
0.564423 0.15001 -1.65232
1.82489 0.15001 -1.72737
1.70673 0.15001 2.32592
1.69597 0.15001 1.16915
1.84927 0.15001 1.4673
2.68502 0.15001 0.613787
2.51903 0.15001 0.89777
1.46851 0.15001 -1.8492
0.858639 0.15001 -1.44534
0.381182 0.15001 -0.742829
2.33859 0.15001 -1.82979
0.546243 0.15001 0.11751
0.703371 0.15001 1.17747
2.52081 0.15001 -0.416751
2.84999 0.15001 -0.227598
2.32264 0.15001 2.16545
2.84999 0.15001 -0.0411899
1.20127 0.15001 1.07195
2.1553 0.15001 -2.49623
-0.353772 0.15001 -2.84999
2.52089 0.15001 -0.789914
1.69741 0.15001 0.790906
2.0039 0.15001 2.50389
2.84999 0.15001 -1.3497
2.02654 0.15001 0.797104
1.53403 0.15001 -0.0594869
2.35649 0.15001 -0.698961
2.52089 0.15001 -0.603296
2.84999 0.15001 -2.84999
2.0281 0.15001 -1.26467
-2.14568 0.15001 0.383842
2.10203 0.15001 -2.67775
2.02672 0.15001 -0.144067
1.53224 0.15001 0.882579
-0.460806 0.15001 -0.0772208
-1.43439 0.15001 0.649618
0.547094 0.15001 -0.0730681
1.53367 0.15001 -1.18977
2.68574 0.15001 -0.508123
1.03563 0.15001 0.978197
2.02825 0.15001 -1.07819
-0.470049 0.15001 0.712513
-1.50571 0.15001 -0.425105
1.3668 0.15001 0.975998
1.20638 0.15001 -1.01011
1.60462 0.15001 2.84999
1.36712 0.15001 0.787175
2.51199 0.15001 -2.66529
2.67197 0.15001 -2.38346
2.68554 0.15001 -0.881493
1.04284 0.15001 -0.539463
1.37729 0.15001 -1.48813
0.378149 0.15001 0.212139
1.53544 0.15001 -1.38164
1.63091 0.15001 2.14326
2.02648 0.15001 0.608155
2.68013 0.15001 1.57436
2.68041 0.15001 -1.82159
1.98158 0.15001 -2.01883
0.878852 0.15001 -0.447806
2.84999 0.15001 -0.413949
0.705299 0.15001 0.788215
2.35552 0.15001 0.235888
0.870352 0.15001 0.883752
-0.319561 0.15001 2.66797
0.683493 0.15001 2.33913
2.34209 0.15001 1.57641
