1000 0.1
1.86015 0.15001 -0.0452031
-2.67574 0.15001 0.940505
-2.50253 0.15001 -2.29783
-2.33237 0.15001 -2.40396
-2.84434 0.15001 -0.535053
2.84999 0.15001 1.28464
1.50298 0.15001 1.96014
-1.54296 0.15001 1.5994
-1.47016 0.15001 -0.732561
-0.747336 0.15001 0.0517396
-2.67041 0.15001 2.32689
0.589777 0.15001 2.84999
-0.252869 0.15001 1.44204
2.84999 0.15001 0.522115
-0.742058 0.15001 1.62024
-0.262162 0.15001 -1.98221
-0.342666 0.15001 -1.12537
0.166935 0.15001 -1.27198
-0.934274 0.15001 0.563935
-0.118212 0.15001 1.30678
-2.15623 0.15001 -1.91403
-2.84516 0.15001 -2.08804
-0.743701 0.15001 -0.806867
-1.7786 0.15001 -2.50186
-1.38692 0.15001 -2.14813
2.52076 0.15001 0.522583
-2.67944 0.15001 -1.80187
-0.477313 0.15001 -2.67507
-2.49809 0.15001 0.445129
-1.64965 0.15001 1.41435
-2.15067 0.15001 -0.977534
0.207389 0.15001 -0.439537
-1.91983 0.15001 -0.434262
-1.9884 0.15001 -1.4747
0.613532 0.15001 -2.84888
-2.34131 0.15001 -1.00434
0.542092 0.15001 -1.01215
-1.49341 0.15001 -1.269
-1.14079 0.15001 0.904042
-2.84999 0.15001 0.0469326
-0.172264 0.15001 -2.49979
-1.67181 0.15001 -0.752276
-0.313434 0.15001 -0.935213
0.724854 0.15001 -2.32862
-0.0433824 0.15001 -1.63335
-0.77895 0.15001 -2.14872
0.280609 0.15001 2.67963
-0.218555 0.15001 2.84999
-1.1972 0.15001 -0.522824
-2.67104 0.15001 1.93194
-1.57736 0.15001 -1.79949
-2.50102 0.15001 -1.50845
-1.13355 0.15001 0.547967
-1.40865 0.15001 -1.08799
-1.0226 0.15001 2.84999
-1.83877 0.15001 2.13137
-2.67191 0.15001 1.73325
-2.84999 0.15001 2.41411
-2.31792 0.15001 1.34176
0.89089 0.15001 1.48695
-0.536021 0.15001 -1.13491
1.40497 0.15001 -2.49732
-1.34738 0.15001 -0.897565
-0.956888 0.15001 -0.837663
-0.544173 0.15001 0.922253
-1.27714 0.15001 0.175643
0.0330078 0.15001 -0.734157
-1.73838 0.15001 0.471027
-2.67316 0.15001 2.13034
-2.84999 0.15001 0.843435
-2.67725 0.15001 -2.59113
-2.84999 0.15001 -1.51029
-2.68178 0.15001 -0.0497512
1.04523 0.15001 0.801164
2.84999 0.15001 0.148148
-2.67282 0.15001 1.33479
-2.84999 0.15001 1.43442
-2.84999 0.15001 0.240984
-1.44709 0.15001 1.42343
-0.736189 0.15001 1.97542
-2.67748 0.15001 -2.18935
-2.18955 0.15001 -2.84999
-1.2063 0.15001 -1.07245
-2.4965 0.15001 -0.338666
-0.628312 0.15001 2.49557
-2.84999 0.15001 2.60574
-2.15869 0.15001 0.84446
-2.84999 0.15001 2.02607
-2.2589 0.15001 2.14257
-0.637634 0.15001 2.14654
-0.139961 0.15001 -1.46309
-2.68143 0.15001 -0.823027
-2.50105 0.15001 -2.50122
-1.08482 0.15001 -1.26657
-2.50652 0.15001 0.0519547
-1.955 0.15001 -0.0814876
-1.74386 0.15001 1.23878
-2.32591 0.15001 1.13709
0.385969 0.15001 2.84999
-2.26499 0.15001 1.75171
-1.28212 0.15001 -2.3227
-0.143276 0.15001 1.97461
-2.33767 0.15001 -1.61322
2.68163 0.15001 1.97588
1.54091 0.15001 1.27589
-0.94173 0.15001 1.61724
1.81857 0.15001 -1.9236
-0.579022 0.15001 -2.5015
1.69471 0.15001 -0.328724
2.35206 0.15001 -1.07021
2.34078 0.15001 -2.8031
0.0304631 0.15001 -0.931131
-1.61844 0.15001 -1.10197
-0.132183 0.15001 -0.249336
0.373371 0.15001 -1.11045
-2.67499 0.15001 -0.632049
-0.375126 0.15001 -2.50025
-2.67573 0.15001 -2.38937
-0.420772 0.15001 2.84999
-2.6783 0.15001 -0.244596
-1.68148 0.15001 -2.67603
2.19423 0.15001 1.09086
0.341844 0.15001 -1.97671
-1.7169 0.15001 -0.405045
-2.08382 0.15001 0.0715298
-0.122514 0.15001 2.66543
-1.67777 0.15001 -1.97826
0.543034 0.15001 -0.436121
-0.122389 0.15001 0.725707
0.71449 0.15001 0.613023
-2.32626 0.15001 -1.39126
-0.23599 0.15001 -1.2895
0.540371 0.15001 -1.20706
-2.32961 0.15001 -2.00519
-2.84999 0.15001 -2.66405
-0.682663 0.15001 -2.67717
0.708398 0.15001 -1.29575
-1.75026 0.15001 0.876313
-1.53833 0.15001 0.885926
-2.84999 0.15001 1.63253
-1.17674 0.15001 -1.7937
-0.67343 0.15001 -1.97421
-0.77196 0.15001 -1.44803
-2.6819 0.15001 -1.01838
-0.627565 0.15001 0.428959
1.36874 0.15001 0.232869
-1.54765 0.15001 1.24456
-1.23835 0.15001 1.78796
-2.84999 0.15001 2.22104
-1.78651 0.15001 0.285551
0.203643 0.15001 -0.826664
-2.33758 0.15001 -2.60882
0.0396566 0.15001 -0.150923
0.708942 0.15001 -0.148962
1.36582 0.15001 -0.521985
1.61314 0.15001 2.49208
-0.523712 0.15001 2.67265
-1.99825 0.15001 2.84999
-2.68018 0.15001 0.146792
-1.93897 0.15001 1.59032
-0.874913 0.15001 -1.62071
-2.84999 0.15001 -2.47617
-1.58168 0.15001 -2.84999
-1.98661 0.15001 -1.81267
-0.479915 0.15001 -0.633
-0.831432 0.15001 -0.982546
-2.32511 0.15001 0.541173
-1.68058 0.15001 -2.32556
-0.81901 0.15001 0.399064
-2.84999 0.15001 2.84999
-0.879875 0.15001 -2.67779
1.36567 0.15001 -0.333375
-2.14628 0.15001 1.23916
-1.39076 0.15001 -0.54521
-2.70098 0.15001 2.71654
-2.04732 0.15001 1.77412
-2.11871 0.15001 -0.452999
-2.51135 0.15001 2.65253
-0.644355 0.15001 1.44506
-1.62896 0.15001 2.4874
-1.3802 0.15001 -2.84999
-0.130662 0.15001 -0.0538331
-2.84999 0.15001 -0.726359
-1.27199 0.15001 -0.706405
0.204305 0.15001 -1.02183
0.708998 0.15001 -0.721037
-1.68219 0.15001 -1.62878
-2.32639 0.15001 1.94534
-2.67534 0.15001 0.746812
-1.80461 0.15001 2.84999
-1.33332 0.15001 0.523356
0.25965 0.15001 -1.45848
-2.84999 0.15001 -0.924109
-2.84999 0.15001 -0.146564
-1.48363 0.15001 -2.32127
0.217983 0.15001 1.11131
-2.6648 0.15001 2.52163
-2.15229 0.15001 0.642641
-2.32407 0.15001 2.32599
0.229332 0.15001 1.90791
-0.781643 0.15001 -2.50565
-1.9541 0.15001 -0.954506
1.37947 0.15001 1.56759
1.53377 0.15001 0.328195
0.213836 0.15001 1.70891
-0.225028 0.15001 2.49429
-0.541558 0.15001 -1.47202
2.35781 0.15001 0.995784
1.37217 0.15001 0.610848
2.35165 0.15001 1.77558
1.69382 0.15001 -1.26864
-1.17908 0.15001 -2.84999
-1.14951 0.15001 -0.877873
-0.449545 0.15001 -1.6408
-1.08072 0.15001 -2.32429
-0.437168 0.15001 -1.29859
-0.97768 0.15001 -2.84999
-1.75005 0.15001 -0.933925
-2.67766 0.15001 -1.99334
-2.67242 0.15001 1.5338
-2.84999 0.15001 -1.70463
-2.50273 0.15001 -1.90306
2.19324 0.15001 1.28359
-0.437549 0.15001 1.7951
-2.49237 0.15001 1.83526
-1.97822 0.15001 -2.50287
-2.5006 0.15001 0.643982
-1.52226 0.15001 2.66878
0.48591 0.15001 2.33054
-0.344311 0.15001 1.61851
-1.88371 0.15001 -2.67693
-2.67454 0.15001 1.13423
-1.28448 0.15001 -1.26322
0.0519453 0.15001 1.21189
0.873755 0.15001 -0.623662
-2.0013 0.15001 -0.613741
-0.834482 0.15001 2.14602
-2.08492 0.15001 -0.790461
-1.74191 0.15001 1.59421
-2.84999 0.15001 0.443737
-0.877188 0.15001 -1.97054
0.804984 0.15001 -2.84999
-2.67573 0.15001 -0.436013
0.556682 0.15001 1.49532
1.2073 0.15001 0.515995
-1.00241 0.15001 -0.500945
2.02882 0.15001 1.37899
2.356 0.15001 0.428584
-2.15841 0.15001 0.251253
-1.6101 0.15001 2.84999
-2.51096 0.15001 -2.69962
-0.631771 0.15001 -0.969856
-1.07636 0.15001 -2.67662
1.5223 0.15001 -2.31682
0.448657 0.15001 -1.80503
-0.31699 0.15001 1.24675
-1.33562 0.15001 2.30872
-2.32858 0.15001 0.941201
-0.287532 0.15001 0.830679
-2.57247 0.15001 2.84999
-1.55052 0.15001 -0.0307456
0.0380261 0.15001 -0.3451
-1.98364 0.15001 0.744028
-0.312792 0.15001 -0.345172
-2.49304 0.15001 2.2388
-2.33704 0.15001 -0.0523996
-2.04319 0.15001 2.13656
-1.92244 0.15001 2.66204
-1.72195 0.15001 2.66673
0.0780934 0.15001 2.67337
1.00319 0.15001 -2.84999
2.35743 0.15001 1.18763
-2.17258 0.15001 -2.50623
0.843674 0.15001 -1.81349
1.20161 0.15001 -0.240903
-2.32811 0.15001 0.744367
0.882968 0.15001 1.09168
-1.43552 0.15001 2.13426
-0.0177067 0.15001 2.84999
-0.455935 0.15001 1.09618
-0.57728 0.15001 -2.84999
-1.48045 0.15001 -2.67518
-1.89027 0.15001 -1.64215
1.41018 0.15001 2.4936
-2.48949 0.15001 -0.728291
-1.88126 0.15001 0.116325
0.7087 0.15001 -0.53012
-1.91096 0.15001 -1.29575
-2.04652 0.15001 1.41133
1.85743 0.15001 1.86529
-2.64747 0.15001 -2.84999
0.359224 0.15001 -1.62913
-1.04625 0.15001 1.08227
1.13146 0.15001 -1.97976
0.22823 0.15001 -2.50347
-0.136651 0.15001 -0.44317
-1.15595 0.15001 0.0095502
-2.15395 0.15001 1.0411
-1.42967 0.15001 2.48898
-1.63891 0.15001 1.06701
-0.780389 0.15001 -2.84999
2.68029 0.15001 2.17514
-2.5 0.15001 -2.09833
2.68581 0.15001 0.805029
-2.03837 0.15001 -0.272189
-0.0395665 0.15001 2.1497
1.85962 0.15001 -0.232796
0.382812 0.15001 2.50727
2.6852 0.15001 1.38191
1.69593 0.15001 0.046982
0.790522 0.15001 2.84999
-0.880699 0.15001 -2.32612
-0.245927 0.15001 -1.63799
-2.17405 0.15001 -1.51432
-2.84999 0.15001 -2.84999
-1.23361 0.15001 -0.171892
1.85744 0.15001 -1.35822
-1.07916 0.15001 0.187961
-1.84611 0.15001 1.4076
-1.62203 0.15001 0.699524
-0.978423 0.15001 -2.50484
-0.730387 0.15001 -1.14308
2.1895 0.15001 -0.603242
-2.32726 0.15001 0.346707
-0.70712 0.15001 -0.303691
-1.34211 0.15001 1.60627
-1.0442 0.15001 1.43833
-1.64084 0.15001 1.77663
0.373857 0.15001 -0.918158
-0.84377 0.15001 1.44243
-2.31886 0.15001 -0.458615
0.0432294 0.15001 -1.12101
1.20275 0.15001 -1.19133
1.53716 0.15001 1.66843
-2.13365 0.15001 1.95702
-1.84334 0.15001 1.77163
1.10514 0.15001 -2.67575
-2.49563 0.15001 1.43689
-0.0584691 0.15001 -1.97932
-0.946045 0.15001 0.91458
-2.84999 0.15001 -1.11862
-0.274289 0.15001 -2.67457
1.53042 0.15001 -0.990295
1.91431 0.15001 2.33022
2.02745 0.15001 0.426431
2.01584 0.15001 1.96586
1.69725 0.15001 0.235124
0.212751 0.15001 0.331536
-0.944162 0.15001 1.26481
0.908308 0.15001 1.89881
-2.50943 0.15001 -1.70903
2.18969 0.15001 -0.0414915
0.0367154 0.15001 -2.15191
-0.0393455 0.15001 -1.28983
-1.0811 0.15001 -1.96789
2.11171 0.15001 2.68024
-1.6334 0.15001 2.13226
0.99668 0.15001 2.84999
-0.726026 0.15001 2.67227
2.03054 0.15001 1.18526
1.20964 0.15001 -2.49966
-1.82853 0.15001 -1.1153
1.2019 0.15001 -0.619167
1.21562 0.15001 1.4748
-1.75525 0.15001 -0.0530031
-1.27849 0.15001 -1.96817
0.0500383 0.15001 0.819407
-2.49791 0.15001 1.23747
2.84999 0.15001 2.46617
0.27621 0.15001 2.32984
1.02689 0.15001 -2.15525
2.18938 0.15001 -0.228861
-0.17432 0.15001 -2.84999
-0.371811 0.15001 -2.15306
-1.57876 0.15001 -2.49996
-2.49731 0.15001 0.249275
0.791413 0.15001 2.49845
-2.84999 0.15001 1.23642
-0.623578 0.15001 2.84999
0.0442506 0.15001 0.430667
-0.0685397 0.15001 -2.32612
0.205489 0.15001 -0.632523
1.58333 0.15001 -2.84463
-1.43958 0.15001 1.78204
-0.932272 0.15001 2.31634
-2.02845 0.15001 2.48862
-1.96789 0.15001 0.534283
-1.17956 0.15001 -1.44056
-1.24143 0.15001 1.07317
-2.84999 0.15001 1.83
-2.20386 0.15001 -0.630299
0.368674 0.15001 -1.3005
-1.01626 0.15001 0.378189
0.209843 0.15001 -0.0535854
1.04101 0.15001 -1.80947
2.19115 0.15001 0.333843
-1.98167 0.15001 0.940741
1.03901 0.15001 0.0418227
-1.41514 0.15001 2.84999
2.03074 0.15001 0.993895
0.142852 0.15001 -1.97646
2.51464 0.15001 2.6832
0.382953 0.15001 0.617889
0.798369 0.15001 2.16944
1.53551 0.15001 0.516875
0.405284 0.15001 1.9903
-1.0306 0.15001 2.49299
-1.07889 0.15001 -0.681048
-0.236588 0.15001 2.14717
1.85935 0.15001 1.67375
1.62644 0.15001 -1.94259
-1.79012 0.15001 -1.46116
-2.50601 0.15001 -1.31049
-1.80039 0.15001 -0.591763
-1.27917 0.15001 -2.67477
-1.78146 0.15001 -1.80684
2.1871 0.15001 -1.16592
0.0621696 0.15001 -1.45684
-0.0344838 0.15001 1.79194
-0.0268657 0.15001 2.49034
-2.50002 0.15001 -0.534483
-1.78307 0.15001 -2.84999
0.0289889 0.15001 -2.50008
-0.497487 0.15001 -0.261561
-0.143035 0.15001 -1.06322
0.997934 0.15001 2.14738
0.590801 0.15001 2.50334
-1.40655 0.15001 0.344175
-1.83524 0.15001 -0.242851
0.547342 0.15001 0.328075
-2.13002 0.15001 -1.31998
-1.77107 0.15001 -2.15154
0.421788 0.15001 -2.84999
0.236353 0.15001 -2.15027
-2.84999 0.15001 -2.27888
2.18937 0.15001 -0.416086
2.84999 0.15001 -1.90991
0.816218 0.15001 -2.50297
-1.23815 0.15001 2.13712
0.874182 0.15001 -1.20155
-1.97021 0.15001 -2.15219
1.20565 0.15001 0.326648
1.81032 0.15001 2.14039
2.35744 0.15001 0.805634
0.878924 0.15001 0.516421
0.567829 0.15001 1.88896
2.67555 0.15001 2.57597
0.386634 0.15001 1.59959
1.30049 0.15001 1.96702
0.216662 0.15001 1.30733
1.72855 0.15001 -2.30243
2.51988 0.15001 0.147758
2.02418 0.15001 -0.886033
1.85874 0.15001 -1.16991
-1.63289 0.15001 -0.217901
-0.742328 0.15001 0.922758
-1.23087 0.15001 2.49107
2.68375 0.15001 1.77638
1.05888 0.15001 1.5832
-0.422243 0.15001 2.4958
1.32531 0.15001 -1.97753
-1.31129 0.15001 -0.362318
0.0502711 0.15001 -1.80421
-0.476439 0.15001 -2.32646
-1.17904 0.15001 -2.49973
-1.58472 0.15001 -1.44879
-0.823973 0.15001 2.84999
-1.8316 0.15001 2.48687
-0.446521 0.15001 1.44442
0.21815 0.15001 0.913475
1.53055 0.15001 -0.801475
-0.138678 0.15001 -0.63987
-1.88155 0.15001 -2.3288
-0.328084 0.15001 2.32057
2.35621 0.15001 1.38158
-0.140515 0.15001 -0.838551
0.381562 0.15001 0.426305
-1.53228 0.15001 2.30587
2.21147 0.15001 2.84999
1.20519 0.15001 2.84999
0.935558 0.15001 -1.98351
0.0421942 0.15001 0.236504
-0.566407 0.15001 -1.80239
-1.43177 0.15001 -0.196369
-1.47997 0.15001 -1.97444
-1.59475 0.15001 -0.567172
-1.53047 0.15001 0.505888
-1.73765 0.15001 1.95332
-2.19116 0.15001 2.84999
-1.12521 0.15001 2.67112
0.708544 0.15001 -0.339403
-1.00405 0.15001 -1.07886
0.550604 0.15001 0.904731
-0.292837 0.15001 0.634579
1.04189 0.15001 -1.48237
-0.926247 0.15001 2.67175
-0.982214 0.15001 -1.44345
-1.97343 0.15001 0.330769
-2.47376 0.15001 2.44876
-1.03682 0.15001 1.79242
1.86242 0.15001 0.330681
0.897721 0.15001 1.68891
0.0470279 0.15001 1.60675
2.67594 0.15001 2.37744
2.50961 0.15001 2.27589
2.49787 0.15001 -2.29507
-1.14183 0.15001 1.61254
-1.44013 0.15001 1.07051
1.53213 0.15001 0.139654
-0.734899 0.15001 2.31783
-0.67993 0.15001 -2.32679
-2.09029 0.15001 -2.67982
-0.3122 0.15001 -0.738203
-2.03745 0.15001 -1.14033
-2.38778 0.15001 -2.84999
-0.576403 0.15001 -2.15148
-1.98551 0.15001 -2.84999
-2.49682 0.15001 2.04001
2.19409 0.15001 0.900065
0.712021 0.15001 0.231608
1.36608 0.15001 -1.09037
2.18826 0.15001 -0.978063
-1.70438 0.15001 -1.28035
1.32026 0.15001 -2.32228
2.52028 0.15001 0.334967
-0.637343 0.15001 1.7976
-2.50459 0.15001 -1.11499
-1.83304 0.15001 1.06536
-0.654727 0.15001 0.231811
-0.738087 0.15001 0.583402
-2.15382 0.15001 -0.115244
-2.67487 0.15001 0.346084
-0.272033 0.15001 -2.32617
2.49937 0.15001 -2.48257
-2.29802 0.15001 -0.258838
-0.772735 0.15001 -1.79716
-2.28511 0.15001 -1.19155
0.874103 0.15001 -0.053591
2.35676 0.15001 0.616708
1.04253 0.15001 0.421082
-0.15206 0.15001 -1.80831
1.37703 0.15001 1.18065
2.34742 0.15001 1.97241
1.69891 0.15001 0.423491
1.70121 0.15001 1.97253
0.216581 0.15001 1.50587
0.710251 0.15001 0.0412905
2.33715 0.15001 2.36952
0.735908 0.15001 1.79152
-0.126038 0.15001 0.532186
-0.667908 0.15001 -1.62543
2.51993 0.15001 1.4796
2.01349 0.15001 2.84999
0.753211 0.15001 -1.64212
1.85975 0.15001 -0.794735
1.20266 0.15001 -1.59001
2.84999 0.15001 2.07322
1.20152 0.15001 -0.42994
2.15389 0.15001 2.29286
0.0523042 0.15001 1.01715
0.0258169 0.15001 -2.84999
0.330349 0.15001 -2.32612
0.250671 0.15001 -1.80181
-0.356424 0.15001 -1.81118
1.12073 0.15001 -2.32673
2.68231 0.15001 -1.44136
-1.37244 0.15001 -1.794
-1.21957 0.15001 2.84999
1.7034 0.15001 0.990477
-2.32267 0.15001 1.54351
1.59902 0.15001 -2.49645
1.77141 0.15001 -2.84999
1.03781 0.15001 -0.147638
-2.67755 0.15001 -1.41314
-0.957948 0.15001 0.0283667
1.53035 0.15001 -0.613208
-2.84999 0.15001 -1.31298
-0.489849 0.15001 -0.8337
1.36661 0.15001 -1.28184
-1.37639 0.15001 -1.44153
0.323143 0.15001 -2.67703
1.03895 0.15001 -1.09961
0.543276 0.15001 -0.244793
1.04832 0.15001 1.18529
2.02462 0.15001 -0.698775
0.877486 0.15001 0.326273
-1.59735 0.15001 0.320233
-2.67753 0.15001 -1.60971
-2.13255 0.15001 2.31705
-1.81041 0.15001 0.65701
1.22358 0.15001 -2.15206
-0.874851 0.15001 -0.657862
-0.298928 0.15001 0.0426843
-1.07874 0.15001 -1.61891
0.516744 0.15001 -2.67928
-1.11621 0.15001 -0.341386
-1.03963 0.15001 0.736166
-1.33746 0.15001 1.96372
2.52119 0.15001 0.710879
2.19224 0.15001 0.521918
0.89555 0.15001 2.67377
0.132438 0.15001 -2.32611
-2.11791 0.15001 2.66255
-1.32368 0.15001 2.67004
-2.32506 0.15001 0.14763
2.84999 0.15001 -1.15777
-1.3793 0.15001 -2.49882
1.91444 0.15001 2.67554
-1.54727 0.15001 -0.918521
-2.22609 0.15001 2.49122
-0.88063 0.15001 -1.27099
-2.16015 0.15001 -2.10902
-1.88093 0.15001 -0.770699
-0.532179 0.15001 2.32058
-1.93708 0.15001 1.95326
-2.51487 0.15001 -0.918071
1.37806 0.15001 1.37267
1.86552 0.15001 0.707799
2.51801 0.15001 -0.974255
1.03867 0.15001 -0.907434
0.665167 0.15001 -1.47655
-2.32853 0.15001 -2.20355
2.34819 0.15001 -1.44833
-0.647195 0.15001 1.0932
-2.29371 0.15001 -0.810541
-2.31588 0.15001 2.66576
-2.50139 0.15001 0.843752
0.384983 0.15001 1.0069
0.713391 0.15001 0.422203
-0.113911 0.15001 1.11692
0.375701 0.15001 -0.533713
-1.47643 0.15001 -1.62072
1.21041 0.15001 0.895328
-0.980251 0.15001 -1.79515
-0.165847 0.15001 -2.15363
2.02456 0.15001 -0.511647
-2.15519 0.15001 -1.70901
0.722712 0.15001 1.39151
0.554303 0.15001 1.2973
1.86727 0.15001 1.0874
0.731512 0.15001 1.99112
-0.465934 0.15001 0.544469
1.54112 0.15001 1.46915
0.0460947 0.15001 1.40773
0.552064 0.15001 1.10004
-1.88151 0.15001 -1.9784
1.04078 0.15001 0.231414
2.19112 0.15001 1.47872
1.30732 0.15001 2.31765
1.50895 0.15001 2.3164
1.85387 0.15001 -1.54745
2.35059 0.15001 -1.25865
0.225854 0.15001 -2.84999
1.20384 0.15001 2.14434
1.69506 0.15001 -0.703953
-1.47287 0.15001 0.16197
-0.469359 0.15001 -1.97868
1.09908 0.15001 1.97535
-1.14425 0.15001 1.25735
0.183014 0.15001 2.84999
-0.633767 0.15001 -1.30489
1.63375 0.15001 -1.74447
0.157797 0.15001 -1.6296
0.708948 0.15001 -1.10454
1.69501 0.15001 -0.891706
1.87875 0.15001 -2.66809
-0.673028 0.15001 -0.624863
-1.2329 0.15001 0.723969
-1.53501 0.15001 1.96054
-0.83017 0.15001 2.49493
2.15122 0.15001 -2.11949
0.631839 0.15001 -2.15463
0.92263 0.15001 -2.32904
1.20563 0.15001 -1.38519
-2.08844 0.15001 -2.31806
1.36637 0.15001 -0.900026
-1.34414 0.15001 1.25031
-1.35056 0.15001 -0.00851552
1.20384 0.15001 0.137382
-2.5104 0.15001 -0.146517
0.434333 0.15001 -2.15194
0.548897 0.15001 0.710955
0.542475 0.15001 -0.819346
-0.916199 0.15001 -0.316627
0.542714 0.15001 -0.627659
1.53019 0.15001 -0.236969
0.381723 0.15001 2.17388
0.377185 0.15001 -0.149442
-0.93277 0.15001 1.97329
-2.50079 0.15001 1.03712
1.68475 0.15001 -2.67448
0.527295 0.15001 -2.32768
2.84999 0.15001 -2.47418
0.376398 0.15001 -0.341506
1.36618 0.15001 -0.710744
0.471177 0.15001 -1.46431
2.68531 0.15001 0.241434
2.02562 0.15001 1.5754
-0.836592 0.15001 1.79683
2.41732 0.15001 2.84999
1.04391 0.15001 0.610942
2.5195 0.15001 -0.22601
-0.462877 0.15001 0.334001
2.49727 0.15001 2.48331
-0.64515 0.15001 0.755389
-1.03905 0.15001 -0.152175
1.85944 0.15001 -0.982179
2.31164 0.15001 2.67496
0.561208 0.15001 1.69252
-0.300465 0.15001 -0.151462
-1.27342 0.15001 -1.61695
-2.68087 0.15001 -1.21364
1.36607 0.15001 -0.144731
1.42014 0.15001 -2.14708
1.03863 0.15001 -1.29245
1.86689 0.15001 1.27934
-2.38285 0.15001 2.84999
2.51177 0.15001 2.076
1.05083 0.15001 1.38136
2.35433 0.15001 -0.32079
-2.84999 0.15001 -1.89735
1.96782 0.15001 -2.22539
2.17366 0.15001 -1.73663
2.16259 0.15001 -1.92628
-0.472506 0.15001 0.137508
0.691366 0.15001 2.67492
2.20665 0.15001 2.51092
-2.32837 0.15001 -1.81145
2.18525 0.15001 1.87203
0.875714 0.15001 0.136261
0.208687 0.15001 -0.246404
1.20235 0.15001 -0.808906
-0.129039 0.15001 0.139179
1.97431 0.15001 -2.42363
0.539809 0.15001 -1.97999
-0.236849 0.15001 1.79226
-1.13498 0.15001 1.96563
-0.873653 0.15001 0.210848
2.68552 0.15001 0.428528
1.10409 0.15001 2.32087
2.84999 0.15001 -1.53249
1.06771 0.15001 1.78368
-1.9351 0.15001 2.31468
1.70344 0.15001 1.37362
2.52094 0.15001 1.28435
2.84999 0.15001 1.0912
2.84999 0.15001 1.48017
2.68564 0.15001 1.18752
0.385944 0.15001 1.20396
0.0517828 0.15001 1.97755
2.68588 0.15001 -2.75945
2.84999 0.15001 -2.09838
1.37843 0.15001 -1.66978
2.68511 0.15001 -0.13178
0.215555 0.15001 0.524716
2.35344 0.15001 -0.882383
2.01931 0.15001 -1.4517
2.84999 0.15001 1.8755
-0.132255 0.15001 2.32149
2.84999 0.15001 0.899861
2.84999 0.15001 -1.72113
-1.18299 0.15001 -2.14701
2.32936 0.15001 -2.02076
1.36715 0.15001 0.0440132
2.67452 0.15001 -2.19651
2.35442 0.15001 -0.133684
1.53722 0.15001 0.705707
2.68289 0.15001 -1.25421
-1.94322 0.15001 1.22941
-0.839423 0.15001 -0.134114
1.61352 0.15001 -2.13822
2.1805 0.15001 -1.5465
-0.0727279 0.15001 -2.67451
0.8297 0.15001 -2.15649
-2.84999 0.15001 -0.343194
1.79224 0.15001 -2.4912
0.902712 0.15001 2.33318
-0.742147 0.15001 1.26853
-1.21571 0.15001 0.362879
1.81345 0.15001 2.84999
0.646788 0.15001 -1.81123
1.80595 0.15001 -2.11765
1.9964 0.15001 -1.8326
1.39471 0.15001 -2.84999
0.944617 0.15001 -1.64356
-1.03183 0.15001 2.14326
1.03739 0.15001 -0.337046
1.7006 0.15001 0.61208
2.84999 0.15001 2.65949
2.84994 0.15001 2.84999
1.23678 0.15001 -1.80097
2.84999 0.15001 -2.28639
0.619707 0.15001 -2.50258
-0.309556 0.15001 -0.53937
0.709148 0.15001 -0.912467
0.737977 0.15001 -1.98396
1.40619 0.15001 2.13854
0.874279 0.15001 -0.814563
0.727759 0.15001 1.59042
-1.73354 0.15001 2.30878
0.194563 0.15001 2.1295
-0.115733 0.15001 0.921266
0.547913 0.15001 0.519696
2.51658 0.15001 1.8755
2.84999 0.15001 -0.78387
-2.49566 0.15001 1.6377
2.51861 0.15001 1.67682
1.692 0.15001 1.77592
2.02329 0.15001 1.77208
0.384151 0.15001 0.810655
-0.645426 0.15001 -0.119613
-0.798688 0.15001 -0.475942
-0.340039 0.15001 -1.46699
0.0348392 0.15001 -0.539134
-0.846282 0.15001 1.09213
1.86108 0.15001 0.142607
-1.6719 0.15001 0.131539
0.569384 0.15001 2.13006
1.10403 0.15001 2.67597
1.21317 0.15001 1.27911
-2.84999 0.15001 0.64456
2.14446 0.15001 -2.31221
0.173476 0.15001 2.49992
-0.297102 0.15001 0.235319
1.37049 0.15001 0.42181
-1.33573 0.15001 0.894961
2.02618 0.15001 0.238331
2.84999 0.15001 1.67732
0.378342 0.15001 0.0422687
-0.337792 0.15001 1.97295
1.01332 0.15001 -2.50231
2.32122 0.15001 -2.40665
2.68128 0.15001 -1.62911
1.19931 0.15001 -2.84999
2.31878 0.15001 -2.60722
1.41001 0.15001 2.84999
1.86675 0.15001 0.89712
2.5215 0.15001 1.09132
2.18879 0.15001 1.67631
2.84999 0.15001 0.71032
1.29933 0.15001 -2.67453
2.32161 0.15001 -2.21304
0.217373 0.15001 0.71757
1.69462 0.15001 -1.07983
0.488969 0.15001 2.68002
-1.13443 0.15001 2.3151
1.00381 0.15001 2.50268
2.63995 0.15001 2.84999
2.34355 0.15001 -1.63906
2.68517 0.15001 0.0547391
1.20238 0.15001 -0.0518213
-0.127565 0.15001 0.335762
-0.540354 0.15001 1.27204
1.864 0.15001 0.519063
0.0794076 0.15001 2.31173
0.880042 0.15001 0.707004
0.391759 0.15001 1.7942
2.50117 0.15001 -2.10688
1.20647 0.15001 2.49629
-2.13474 0.15001 1.59271
0.717036 0.15001 0.998061
2.50617 0.15001 -1.91805
1.5301 0.15001 -0.425114
2.68506 0.15001 -0.318277
2.84999 0.15001 -0.597255
2.02443 0.15001 -0.324441
2.18493 0.15001 -1.35502
-0.542886 0.15001 1.62063
1.3091 0.15001 2.67204
2.51964 0.15001 -0.0391926
2.6767 0.15001 -2.57329
0.87454 0.15001 -1.00673
2.68477 0.15001 -0.691685
2.52563 0.15001 -2.84999
2.02526 0.15001 0.0505091
1.70061 0.15001 1.57136
2.19027 0.15001 0.146067
2.00623 0.15001 2.16011
1.39002 0.15001 1.79208
2.35474 0.15001 0.0535228
0.128687 0.15001 -2.67548
1.03823 0.15001 -0.716629
2.5106 0.15001 -1.7287
0.0412822 0.15001 0.042803
1.69506 0.15001 -0.140951
1.69485 0.15001 -0.516367
1.85977 0.15001 -0.607482
-0.146717 0.15001 1.61019
-0.281428 0.15001 1.02555
2.84999 0.15001 0.334818
2.01228 0.15001 -1.64373
2.51415 0.15001 -1.53907
-0.843182 0.15001 0.74776
2.68357 0.15001 -1.06619
0.422796 0.15001 -2.50506
2.84999 0.15001 -0.970688
-0.297147 0.15001 0.439496
1.54013 0.15001 1.085
-0.536518 0.15001 1.97178
2.1933 0.15001 0.710563
2.68583 0.15001 0.995286
-2.84999 0.15001 1.03819
0.885287 0.15001 1.28733
1.71313 0.15001 2.67413
1.81256 0.15001 2.49965
0.38625 0.15001 1.40188
1.96413 0.15001 -2.84999
1.51327 0.15001 2.66992
2.67719 0.15001 -2.00792
-0.433212 0.15001 2.14688
2.51605 0.15001 -1.35065
0.909133 0.15001 -2.67637
0.711347 0.15001 -2.67876
1.54191 0.15001 -1.57069
0.0469791 0.15001 0.624679
-0.980861 0.15001 -2.14644
-2.67499 0.15001 0.54588
-1.24479 0.15001 1.43115
2.17836 0.15001 2.06885
0.873259 0.15001 -0.243385
1.2285 0.15001 1.6805
1.20882 0.15001 0.705503
1.6937 0.15001 -1.45813
2.35436 0.15001 -0.507859
0.211149 0.15001 0.138997
1.85956 0.15001 -0.420208
-0.567768 0.15001 -0.451334
2.18914 0.15001 -0.790486
2.84999 0.15001 2.27077
2.51678 0.15001 -1.1621
2.84999 0.15001 -2.66218
1.49266 0.15001 -2.67452
2.15692 0.15001 -2.84999
0.558128 0.15001 -1.6378
1.82921 0.15001 -1.73352
1.71323 0.15001 2.31758
1.70372 0.15001 1.18124
1.86443 0.15001 1.47458
2.68568 0.15001 0.616274
2.52152 0.15001 0.900292
1.46196 0.15001 -1.84117
0.860797 0.15001 -1.41236
0.37438 0.15001 -0.725945
2.33724 0.15001 -1.82921
0.545709 0.15001 0.137063
0.718995 0.15001 1.19342
2.51948 0.15001 -0.412824
2.84999 0.15001 -0.22444
2.33971 0.15001 2.17394
2.84999 0.15001 -0.0381784
1.21202 0.15001 1.08625
2.15214 0.15001 -2.50524
-0.375096 0.15001 -2.84999
2.51896 0.15001 -0.786849
1.7022 0.15001 0.800987
2.01326 0.15001 2.5052
2.84999 0.15001 -1.34527
2.03003 0.15001 0.803953
1.53087 0.15001 -0.0487261
2.3542 0.15001 -0.695022
2.5194 0.15001 -0.599742
2.84999 0.15001 -2.84999
2.0224 0.15001 -1.26177
-2.15074 0.15001 0.444861
2.07192 0.15001 -2.67819
2.02466 0.15001 -0.137074
1.53886 0.15001 0.894862
-0.465779 0.15001 -0.0561352
-1.42742 0.15001 0.705192
0.544157 0.15001 -0.053748
1.53006 0.15001 -1.18012
2.685 0.15001 -0.504884
1.04676 0.15001 0.992274
2.02367 0.15001 -1.07366
-0.455596 0.15001 0.742786
-1.51487 0.15001 -0.381404
1.37551 0.15001 0.989661
1.20252 0.15001 -0.999745
1.61268 0.15001 2.84999
1.37387 0.15001 0.800027
2.50584 0.15001 -2.66816
2.67364 0.15001 -2.38474
2.68428 0.15001 -0.878766
1.03765 0.15001 -0.526625
1.37037 0.15001 -1.47851
0.379982 0.15001 0.233932
1.52986 0.15001 -1.3724
1.60682 0.15001 2.14309
2.02884 0.15001 0.614907
2.68459 0.15001 1.57829
2.67948 0.15001 -1.81876
1.98307 0.15001 -2.02657
0.873257 0.15001 -0.433355
2.84999 0.15001 -0.410784
0.715449 0.15001 0.80471
2.35526 0.15001 0.240917
0.881273 0.15001 0.89848
-0.320373 0.15001 2.66795
0.681181 0.15001 2.32303
2.35445 0.15001 1.57772
