1000 0.1
-0.710864 1.04102 -0.594893
-0.66189 0.986072 -0.428587
-1.02792 0.729196 0.0676906
-0.964856 0.711697 0.210107
-0.576709 0.777995 0.432209
-0.438774 0.622704 0.635635
-0.816204 0.621004 0.613676
-0.287793 0.715979 0.773031
-0.460506 0.563506 1.49638
-0.822589 0.371607 1.49569
-0.835323 0.874003 -0.662719
-1.15682 0.732485 -0.0627968
-2.09304 0.717697 0.0473904
-0.830213 0.862873 0.00173616
-1.14446 0.651072 0.243895
-0.709457 0.747392 0.568978
-0.859447 0.841703 0.651745
-0.725218 0.486392 1.1801
-0.77748 0.54095 0.927575
-0.230842 0.407975 1.6088
-0.895866 0.787082 -0.172957
-2.05897 0.646496 0.457558
-0.637244 0.687139 0.320685
-0.550998 1.04778 0.445024
-1.02867 0.598782 0.5768
-0.519141 0.943896 0.70122
-0.370332 0.854571 0.847457
-1.09115 0.538479 0.832904
-1.12184 0.466415 1.10874
-1.00035 0.453625 1.27786
-0.343313 0.934499 -0.852279
-1.09325 0.752046 -0.241498
-0.563746 0.765382 -0.0399276
-0.704973 0.738449 0.0269523
-0.704493 0.713444 0.180314
-0.479874 0.764807 0.561161
-0.626358 0.704846 0.831943
-0.606752 0.568575 0.889178
-2.2859 0.415808 1.49134
-0.550109 0.270083 1.95905
-0.88793 0.844761 -0.473776
-0.565191 0.863937 -0.50702
-0.62286 0.828106 -0.360188
-1.88073 0.612717 0.510969
-2.17047 0.432064 1.25572
-0.529245 0.645014 0.510191
-0.817498 0.708956 0.893198
-0.957668 0.685946 0.709789
-0.5324 0.665923 0.966276
-0.711079 0.507208 1.4559
-0.509673 0.944424 -0.63783
-0.953667 0.825183 -0.318992
-0.564279 0.733461 0.109275
-0.43808 0.801944 0.116948
-0.466898 0.673325 0.365153
-0.327043 0.58436 0.730626
-0.672456 0.654943 0.463994
-0.431908 0.552638 0.872099
-0.953466 0.547561 0.97447
-0.818449 0.462852 1.32087
-0.728149 0.858205 -0.520141
-0.81008 0.93105 -0.352196
-0.746609 0.779522 -0.113504
-0.818427 0.693593 0.287762
-1.46654 0.700158 0.236431
-0.833169 0.881422 0.33391
-0.842611 0.654158 0.455107
-0.539628 0.587698 0.745028
-0.721398 0.584744 0.769618
-1.00736 0.407593 1.48384
-0.412934 1.12598 -0.38151
-1.08544 0.81399 -0.436744
-0.849742 0.731262 0.0558675
-0.23586 0.705774 0.227847
-0.437246 1.04712 0.575154
-0.16474 0.745287 0.659985
-0.895969 0.581653 0.812055
-1.18541 0.567738 0.674038
-1.09046 0.280026 2.00382
-0.886064 0.49479 1.12885
-0.423604 1.08758 -0.677771
-0.709048 1.04882 -0.0521158
-2.82999 0.227666 2.06302
-1.66092 0.500578 1.07493
-1.33113 0.651086 0.348917
-1.1123 0.614505 0.42357
-0.743383 0.76757 0.402638
-1.23891 0.509139 0.951047
-0.487575 0.98599 0.862462
-1.73826 0.164365 2.71241
-0.756398 0.813157 -0.272957
-0.140061 0.801425 -0.218274
-0.235193 1.02262 -0.124817
-0.510437 1.12321 -0.0443134
-0.612505 1.03929 0.0989275
-0.377682 0.651208 0.487626
-2.38911 0.225286 2.11267
-0.274995 0.986914 1.10987
-0.432301 0.86513 1.18617
-1.20299 0.34423 1.82684
-0.427906 1.0675 -0.217399
-0.596131 0.793341 -0.194984
-0.695771 0.88454 0.108723
-0.323332 0.970908 0.29228
-0.252091 1.02904 0.57056
-0.202593 0.870641 0.574008
-0.775085 0.726353 0.72722
-0.155322 0.672579 0.98043
-0.265614 0.575025 1.53206
-0.673691 0.367079 1.62117
-0.327741 0.997128 -0.550693
-0.488689 0.981613 -0.432244
-0.677321 0.943346 -0.232838
-2.73989 0.566732 0.78316
-0.475457 1.04217 0.281198
-0.579239 0.737032 0.684695
-0.683644 0.713313 0.993348
-0.556169 0.499422 1.17586
-0.817276 0.338709 1.733
-0.577532 0.30386 1.77221
-0.730837 0.942801 -1.0066
-0.668116 0.893939 -0.0620986
-0.303443 0.736625 0.097436
-0.101681 0.714571 0.190203
-0.374831 0.79082 0.440405
-0.0960694 0.861213 0.755277
-0.395681 0.736736 0.961019
-0.355019 0.742083 1.25697
-0.560965 0.426812 1.48598
-0.72538 0.325524 1.89832
-0.149863 1.01694 -0.581773
-1.00964 0.822513 -0.605247
-0.184818 0.880326 -0.10333
-0.388306 0.828289 0.28339
-0.947603 0.74231 0.542825
-0.695321 0.851793 0.838659
-0.542163 0.783547 1.07679
-0.577914 0.604414 1.35417
-0.202878 0.442271 1.42332
-1.89398 0.15001 2.84813
-0.246208 0.957289 -0.980071
-0.825693 0.935441 -0.159667
-0.440939 0.836322 -0.386645
-0.404409 0.987751 -0.0453287
-0.677496 0.82878 0.25978
-0.323956 0.745738 0.615247
-0.813958 0.634859 1.06661
-1.71528 0.186762 2.32919
-1.24211 0.15001 2.84347
-0.319108 0.15001 2.82588
-0.439894 0.932357 -1.00695
-0.364975 0.897341 -0.695118
-0.163263 0.767127 0.0793663
-0.230972 0.757663 -0.0373011
-0.532934 0.906371 0.210251
-0.0492177 0.601337 0.724686
-2.61143 0.16588 2.43147
-0.330506 0.538345 1.01934
-0.0954543 0.552852 1.50137
-0.824767 0.269222 2.05299
-0.693494 0.889763 -0.84372
-0.405027 0.862015 -0.53541
-0.425283 0.804745 -0.230131
-0.3085 0.874968 0.00830328
-0.969461 0.713142 0.371684
-0.646628 0.613336 0.625349
-1.84833 0.480759 1.14763
-2.70084 0.191243 2.6421
-0.450883 0.411075 1.62536
-2.47294 0.15001 2.271
-0.220788 0.880968 -0.625949
-0.291574 0.824163 -0.318602
-0.461393 0.850601 -0.106
-0.539423 0.902168 0.0409868
-0.641172 0.921427 0.387493
-0.437415 0.800373 0.709592
-0.276438 0.620341 0.582821
-0.627327 0.467248 1.31529
-1.41172 0.213602 2.3546
-0.462599 0.164271 2.65915
-0.0999667 0.976593 -0.913244
-0.544223 1.08271 -0.54643
-0.993818 0.819157 -0.0513154
-1.43436 0.714948 0.00383876
-0.394244 0.755433 -0.0177382
-0.176631 0.543807 0.977214
-0.656176 0.536833 1.03925
-0.422527 0.654131 1.09456
-1.01381 0.325239 1.81027
-0.725685 0.15001 2.6086
-1.57918 1.04233 -1.4608
-0.265442 1.04077 -0.715008
-0.132464 0.82989 -0.366764
-0.13086 1.1017 0.481824
-0.69234 1.00235 0.247651
0.278152 1.21768 0.215808
-0.322299 1.12586 0.215882
-0.0796695 0.879262 1.18732
-0.351368 0.995478 0.720808
-0.304491 0.329323 1.7709
-0.200443 0.93426 -0.265596
-0.292991 0.791214 -0.164093
0.0301742 1.00765 0.0347294
-0.13996 0.675918 0.340209
-0.307552 0.681719 0.354326
0.221977 0.79047 0.473265
-0.442997 0.689948 0.809625
1.77305 1.18996 0.0362963
-0.160271 0.487991 1.26216
-0.042897 0.46052 1.37379
-0.0920639 1.06293 -0.752327
-0.103558 1.06319 -0.265871
-0.0578264 0.917648 -0.193365
-0.117049 1.10311 0.0455682
-0.350388 1.05781 0.426003
-0.176452 0.874677 1.03531
-0.253846 0.882517 1.24879
0.0874498 0.51818 1.08471
-0.345502 0.675296 1.41793
-0.472256 0.205751 2.44828
0.170409 0.909481 -0.742106
0.05068 0.844861 -0.444212
-0.376098 0.943573 0.136168
0.0216317 0.68336 0.346732
-0.232634 0.725039 0.47843
-0.116264 0.826668 0.444386
-0.245863 0.78205 0.919569
-0.0413932 0.530497 1.01545
-0.302261 0.630791 0.906272
0.0540677 0.15001 2.84999
-0.0596173 0.899683 -0.665399
-0.0345066 0.943903 -0.367603
-0.347233 0.926563 -0.198501
-0.256903 0.848001 0.186914
-0.469729 0.906866 0.396007
-0.564123 0.90527 0.544825
-0.0151442 0.627484 0.589835
-0.000875255 0.725674 0.720092
-0.0452333 0.496463 1.16023
-0.175967 0.264462 2.03748
-0.103658 0.864306 -0.509338
-0.577117 1.06322 -0.303006
0.0529452 1.15641 -0.0345075
-0.842629 0.815507 0.181699
-0.234202 0.801706 0.338011
-0.152377 0.934583 0.310981
-0.387231 0.881471 1.02019
-0.198141 0.576643 0.825381
-0.66935 0.651879 1.15843
-0.309333 0.472942 1.28259
0.00113443 1.19559 -0.193179
-0.0943568 0.770894 -0.0574236
0.213075 0.773117 -0.0779455
-0.0276094 0.874236 0.00866435
-0.38579 0.703447 0.216973
0.0771946 0.655103 0.478125
-0.182579 0.606832 0.68837
-0.0606131 0.569328 0.874403
-0.398306 0.501088 1.15406
-0.354675 0.441633 1.47991
0.304389 0.880853 -0.633134
-0.655313 0.892934 -0.6754
-0.549989 0.978206 -0.127603
0.00180798 0.790817 -0.157267
-0.52896 0.752301 0.250501
-0.128037 0.702305 0.813271
-0.491141 0.538241 1.01768
-0.121945 0.626871 1.13762
-0.522382 0.681083 1.21941
-0.133524 0.290985 1.85754
0.280929 0.969127 -1.05423
-0.518262 0.906147 -0.272965
-0.0156294 0.740893 0.0714471
0.0408935 0.710865 0.21382
-0.377084 0.891737 0.572948
-0.0635072 0.678356 0.452839
-0.0824649 0.80706 0.918162
-0.215665 0.515544 1.11828
0.124777 0.933262 1.26004
-0.0432178 0.578065 1.29411
-0.307171 0.968575 -1.14134
-0.512635 0.924219 -0.807462
-0.178743 0.925255 -0.783937
-0.28496 1.06986 0.0300801
-0.0413929 0.962068 0.432404
-0.0439293 0.78429 0.575821
-0.079549 1.01823 0.914238
-0.27254 0.738179 1.08057
-0.506861 0.737968 1.42426
-0.152711 0.208676 2.23273
-0.121357 1.20805 -0.343729
0.352784 1.15466 0.0709914
0.103612 1.24795 0.240323
0.032 1.1905 0.459175
-0.766131 0.886615 0.506045
-0.676047 0.874892 0.669309
0.0753275 0.960601 0.892492
0.377305 0.922078 1.03399
0.14441 0.829488 1.41867
-0.175845 0.713348 1.42846
0.0987408 1.08812 -0.525017
0.0521166 1.07804 -0.307826
0.182237 1.23331 0.0672781
0.0386917 0.841188 0.155609
-0.165242 1.01684 0.718248
0.357691 1.05133 0.867214
-0.206485 0.925051 0.859999
0.0570893 0.804305 0.844114
0.233002 0.84481 1.0745
0.126684 0.706145 1.32793
0.059796 1.01135 -0.680354
-0.179483 0.97726 -0.421875
-0.267701 1.08845 -0.284269
0.111493 1.04379 -0.151544
-0.179076 1.09842 0.317477
0.236218 0.9699 0.951033
-0.175827 0.739866 1.24203
0.239978 0.504114 1.17412
0.334374 0.15001 2.66063
0.0303308 0.248384 2.15213
0.158007 0.830139 -0.342493
0.31138 0.884336 0.0383731
0.147897 0.858011 0.0355546
0.153543 0.907575 0.387954
0.0188472 0.930255 0.289457
0.106045 0.742715 0.588733
0.0025783 0.676671 0.932784
0.405143 0.651138 1.00804
-0.0117621 0.711839 1.22998
0.0467667 0.486356 1.64759
-0.0588001 1.09212 -0.443714
0.0844188 0.899411 -0.0991957
-0.218957 1.00791 0.172122
0.413929 0.744312 0.0579176
0.202913 0.645973 0.524118
0.104929 0.617584 0.663554
0.15764 0.727952 0.749153
0.202771 0.850268 0.636969
-0.28705 0.617583 1.18277
-1.32335 0.15001 2.65362
-0.0945448 0.966214 -1.08489
-0.247091 1.12116 -0.460071
0.143588 0.789159 -0.203022
-0.0618247 1.03091 -0.0939063
-0.0622138 0.795286 0.302202
0.266858 0.823574 0.322022
0.0650705 0.59275 0.805623
0.223642 0.523268 1.49739
-1.52146 0.15001 2.66659
2.06587 1.00055 1.03579
0.0916472 0.881722 -0.600269
0.00590417 0.818714 -0.299771
0.245762 0.908949 -0.125974
0.125559 0.959694 0.155875
-0.266527 0.862098 0.717022
0.202165 0.585006 0.785826
-0.142413 0.634037 0.542139
0.0493998 0.654806 1.07724
-0.413013 0.591508 1.28964
0.231406 0.590153 1.29641
0.321698 0.927185 -0.794733
-0.338989 0.963527 -0.376057
0.131962 0.736977 0.0997876
0.217413 0.829665 0.171548
-1.17765 2.42855 -0.309105
0.176709 0.678614 0.374644
-0.529568 0.821129 0.891439
0.349168 0.597599 0.736412
-0.46488 0.457787 1.34826
0.212876 0.306763 1.88721
-0.264844 0.849236 -0.472493
0.293468 0.802257 -0.215961
0.186254 0.706774 0.228467
0.107581 1.04313 0.454371
0.199459 1.16987 0.368917
0.316294 0.661084 0.439319
0.13649 0.986392 1.08546
0.051667 0.868293 0.689876
-0.066216 0.76031 1.07695
-0.0120311 0.678401 1.42116
0.0115669 0.919293 -0.808219
0.0453073 0.959346 -0.985282
0.0805166 0.927979 -0.255083
-0.449661 1.0757 0.105503
-0.0687243 0.946581 0.597634
-0.265666 0.91456 0.437592
-0.00408392 0.912001 1.03095
0.0993706 0.785258 0.999335
-0.329987 1.01909 0.929699
-0.454025 0.15001 2.26026
0.223253 1.05941 -0.804966
-0.159721 1.16152 -0.11737
0.0708441 1.12262 0.138753
0.355192 0.771021 -0.0720415
0.00667827 1.09261 0.590952
0.80713 1.05184 0.542897
0.278263 1.13395 1.03743
0.0935696 0.546809 0.933719
0.131541 0.181921 2.67747
-0.0583034 0.381068 1.71699
0.200893 1.10082 -0.356892
0.358585 1.19546 -0.138149
0.380509 0.845406 0.175263
-1.55539 0.389722 1.35458
0.0748208 0.903891 0.53819
0.556188 0.777029 0.467834
0.22845 0.812179 0.908659
0.373754 0.573716 1.54005
0.0872048 0.480601 1.2467
0.395406 0.507665 1.70719
0.287347 1.12969 -0.669156
0.172074 1.23335 -0.571434
0.423947 0.819515 -0.328673
-0.0560605 1.02711 0.18254
0.00577527 1.01546 0.747632
0.31455 0.683567 0.869871
0.198999 0.569655 1.05319
0.282491 0.805833 1.29718
-0.361532 0.297825 1.95147
0.203352 0.245299 2.08065
0.406865 0.95568 -0.937886
0.268125 1.11473 -0.500957
0.352316 1.02138 -0.0289262
0.263992 0.744629 0.0482533
0.280594 1.01691 0.383995
0.354969 0.887377 0.444285
0.0874911 0.813828 1.15564
0.340468 0.608212 1.16171
0.219775 0.468781 1.35408
0.170623 0.395153 1.58534
0.212945 0.99241 -0.592019
0.423519 1.06516 -0.515998
0.207939 0.862676 -0.498558
0.520245 1.11429 0.190922
0.230611 0.944665 0.521151
0.392556 0.856592 0.61793
0.422629 0.68881 0.693353
0.40451 0.569214 0.865383
0.075263 0.439005 1.47592
0.508184 0.231449 2.31298
0.189198 0.946257 -0.90928
0.19113 1.17122 -0.214636
0.313424 0.988203 -0.403905
0.402322 0.891189 -0.106483
-0.167731 0.939699 0.0360487
0.140088 1.01086 0.64515
0.216345 0.708277 1.18005
0.369999 0.484477 1.26708
-0.0748432 0.427746 1.54923
0.126366 0.376039 1.74785
0.48454 0.88039 -0.630338
0.135476 0.965897 -0.421806
0.22535 1.13247 -0.0561033
0.315657 0.721455 0.172309
-0.104594 0.875563 0.16819
0.47769 0.651828 0.482515
0.243368 0.61269 0.654001
0.693788 0.546291 0.966796
-0.226162 0.596825 1.33384
0.473652 0.591996 1.24901
0.275245 0.952509 -1.2364
0.0583454 1.07026 -0.85757
-0.00260885 0.963734 -0.527956
0.655044 0.853893 0.0737748
-0.00784607 1.09832 0.325391
0.194775 1.06006 0.797112
0.672038 0.722713 1.05053
-0.0408539 0.822943 1.34692
0.869304 0.15001 2.79493
-0.772993 0.15001 2.81554
0.61394 0.968764 -0.352853
0.402489 1.23041 -0.531088
-0.145753 1.28077 0.161852
0.312399 0.693658 0.305858
0.447449 1.16104 0.563693
0.184606 0.894313 0.784704
0.248156 0.677703 1.4574
0.0935413 0.554258 1.38375
0.329303 0.530361 1.02549
-0.121822 0.15001 2.81785
0.448535 0.997896 -1.28205
-0.040533 1.13762 -0.61004
0.667247 0.855846 -0.471193
0.0768556 0.76576 -0.0369943
0.36545 1.18054 0.407075
0.0525359 0.791157 0.439274
0.252435 0.558811 0.91208
0.105281 0.603542 1.20578
0.0854415 0.61171 1.54729
-0.283397 0.15001 2.4146
0.111279 1.16261 -0.718813
0.0634926 1.22281 -0.410301
0.292417 0.838395 -0.375249
0.521104 1.14762 -0.140779
0.230578 1.07747 0.130261
0.419487 0.801229 0.322733
0.370906 0.633437 0.57387
0.599387 0.842294 1.40002
0.30808 0.949647 1.18634
0.473176 0.421246 1.57704
0.464064 0.955111 -0.395818
0.410532 0.993326 0.131331
0.370318 1.08753 0.260519
2.54262 0.373693 1.5387
-0.341904 1.18515 -0.104702
0.624693 0.853229 0.787508
0.449493 0.96702 0.730094
0.480296 0.544774 0.978219
0.770677 0.593509 1.2907
0.444278 0.506438 1.1245
0.529907 1.1106 -0.40286
2.73849 1.8634 2.61491
0.566078 0.826824 -0.337037
0.25214 2.40997 2.8039
0.691923 0.806335 0.228334
0.705271 0.689616 0.285332
0.760691 0.632812 1.12655
0.347697 0.894336 0.835368
2.82906 0.15001 2.57259
0.37285 0.219192 2.18903
0.486663 1.04086 -0.257457
0.447267 0.795705 -0.186624
0.544098 0.964468 0.260684
0.444964 0.684301 0.345434
0.376258 1.01238 0.531148
0.293178 0.738069 0.597796
0.470639 0.810657 0.769041
0.628745 0.625237 1.20308
0.619968 0.586515 1.35729
0.492338 0.691215 1.52275
0.573717 0.963141 -0.963954
0.630241 0.891317 -0.0762984
0.594323 1.21271 -0.285359
0.270876 0.957744 0.227675
0.580098 0.679547 0.358814
0.815767 0.660559 0.384622
0.501588 0.676122 1.12658
0.362085 0.642085 1.34135
0.398404 0.789466 1.42648
0.379086 0.282187 1.99756
0.701538 1.10892 -0.400406
0.512338 0.99312 -0.0937224
0.479369 0.879069 0.0301657
0.534788 0.841417 0.173077
0.243779 1.11126 0.541689
0.400634 0.760735 0.489749
0.508954 0.598386 0.733114
0.39761 0.790624 0.951032
0.567123 0.642668 0.989562
0.469455 0.555245 1.40776
0.37386 1.13886 -0.311376
0.222889 0.95263 -0.280238
0.655004 1.05124 -0.0455557
0.455662 0.714501 0.200441
0.483895 1.06553 0.399673
0.89682 0.74758 0.668321
0.59185 1.03678 0.742628
0.685292 0.877799 1.04759
0.94854 0.438554 1.49829
0.564739 0.4925 1.24145
0.0970482 0.940607 -1.15123
0.373939 0.85975 -0.500924
0.624582 0.797489 -0.184891
0.700462 0.733704 0.10437
0.109408 0.802361 0.293563
0.519131 0.914696 0.426959
0.681975 0.564848 0.779351
0.260081 0.698352 1.02514
0.157996 0.672027 0.905232
0.321406 0.41372 1.57317
0.534763 0.901991 -0.215932
0.188904 0.993451 -0.00298745
0.696904 0.918721 -0.223227
0.650767 1.05137 0.327797
0.56166 0.743173 0.0717059
0.296699 0.971156 0.680143
0.527808 0.99775 0.568365
0.591418 0.527948 1.08591
0.652645 1.03923 1.03614
0.563732 0.453479 1.42607
0.450044 0.982365 -1.10467
0.946097 0.909783 -0.102106
0.374153 0.923113 -0.255342
0.142481 1.0389 0.288118
1.1054 0.783967 0.435406
0.70024 0.895934 0.363334
0.518514 1.07553 0.918494
0.303868 0.76267 0.746588
1.79517 0.15001 2.76334
0.457132 0.358323 1.8238
0.482828 0.919231 -0.782638
-0.618935 1.21959 1.44297
0.306636 1.04763 -0.184648
0.625954 1.20348 0.0296451
0.563357 0.873683 0.649765
0.357226 1.12706 0.709125
0.799658 1.06509 0.716671
0.455911 0.852407 1.25741
0.0249753 0.313477 1.96863
0.526827 0.7129 1.33293
0.757785 1.11246 -0.669706
0.766901 0.948764 -0.726054
0.818887 1.18451 0.12313
0.581303 0.984645 0.0926265
0.824924 0.795799 0.323428
0.506819 0.748675 0.601211
0.505845 0.912854 0.906917
0.55749 0.545407 1.58147
0.842127 0.459673 1.37729
0.794654 0.422405 1.55785
0.556957 1.06184 -0.83933
0.764121 0.989594 -0.556888
1.01252 0.925392 -0.245336
1.25074 0.993071 -0.0598065
1.13365 1.05774 0.535855
0.909963 0.813918 0.805576
1.02665 0.683191 0.983754
0.902651 0.728957 1.3824
1.02075 0.328412 1.83727
0.652616 0.15001 2.79651
0.51903 0.856454 -0.483836
0.64643 1.06513 -0.210914
0.492719 1.08516 0.0245555
0.687585 1.09441 0.1528
1.07518 0.852959 0.0961431
0.705982 0.748963 0.420273
0.58376 0.774821 0.915167
0.870647 0.80265 0.996959
1.09921 0.41996 1.52059
0.678759 0.361442 1.75109
0.617535 1.15031 -0.560183
1.08174 0.960895 -0.421263
0.751421 0.976521 0.0587419
0.603334 1.16068 0.451278
0.629513 0.649719 0.486725
0.91628 0.648996 0.512197
0.560809 0.625817 0.60832
0.655229 0.645265 1.50272
1.11924 0.569645 1.31543
0.307427 0.380333 1.74075
0.922334 0.915269 -0.791249
1.08568 0.924459 -0.836854
1.1048 1.00113 -0.14394
0.923061 0.887521 0.053589
0.571319 0.811229 0.319395
0.403589 0.942521 0.307685
0.71106 0.660225 0.900729
0.84895 0.495173 1.21482
0.691467 0.469362 1.32518
0.208075 0.218835 2.27338
0.388778 1.07398 -0.823693
0.650344 0.889473 -0.625294
0.861171 0.935654 0.293094
0.941934 0.799175 0.184826
0.993318 0.823623 0.332792
0.656637 0.735858 0.607317
0.747033 0.819156 0.693883
0.475529 0.684453 0.853145
1.3269 0.566654 1.46219
0.370667 0.452823 1.41959
0.479952 1.14275 -0.677134
0.638323 0.928944 -0.808365
0.877735 0.891328 -0.634205
0.786535 0.859779 -0.0295053
1.25813 0.803651 0.357556
0.568812 0.559994 0.865847
0.615747 0.800682 1.19628
0.707651 0.495267 1.47399
0.871229 0.54758 1.58697
1.26859 0.15001 2.5122
0.764489 0.953426 -0.391172
0.855573 0.91958 -0.239489
0.527796 0.771938 -0.068712
0.805218 1.06081 0.372776
0.967886 1.01318 0.401629
0.676852 0.857763 0.526391
0.520172 0.821763 1.0569
0.91169 0.684499 0.875869
0.287267 0.175954 2.4586
0.223336 0.524177 1.68822
0.389423 1.0045 -0.662927
1.03593 0.899932 -0.665283
1.21993 0.79422 -0.173175
0.46161 1.23987 -0.0136564
0.666677 0.975711 0.876182
0.70281 0.618224 0.649417
1.02903 0.748393 1.13904
0.759465 0.89198 1.2761
1.17575 0.78248 1.22567
0.548702 0.286035 2.09408
0.594642 1.01726 -0.678499
0.889762 1.19567 -0.336239
0.270697 1.2582 -0.373088
0.941413 1.0781 -0.146368
0.994138 0.942681 0.207037
0.645257 1.20978 0.274068
1.13838 0.942016 0.903396
0.95678 0.942383 0.901991
0.370566 0.76985 1.13302
0.836821 0.315028 1.81515
0.711793 0.824799 -0.324598
0.77413 0.792092 -0.175025
0.832854 0.744176 0.0543634
0.822026 0.716248 0.199601
1.32018 0.663274 0.4171
0.849479 0.62143 0.645013
0.985414 0.89269 1.06674
0.791269 0.794208 1.14732
1.18057 0.460381 1.37673
0.997427 0.47007 1.32063
0.977499 1.01136 -0.560737
0.917801 0.967184 -0.406885
1.25909 0.875565 0.0683816
1.39607 0.78604 0.477475
1.01685 0.670263 0.39942
0.913621 0.767794 0.449832
1.14745 0.6978 0.83737
0.703914 0.506209 1.17422
2.68068 0.15001 2.47503
0.918034 0.268893 1.99101
0.731874 0.967776 -1.04073
1.17899 0.913929 -0.249124
0.892102 1.03689 0.00821887
0.831712 0.907963 0.455529
1.00749 0.86752 0.681099
0.771862 0.647074 0.524082
0.698394 0.956942 0.646342
0.97904 0.515877 1.0532
0.805151 0.620666 1.44647
0.237295 0.15001 2.83458
0.806332 1.06075 -0.271931
1.07537 0.795205 -0.226134
0.589666 0.7102 0.207053
0.861046 0.901899 0.617535
0.932869 0.695347 0.287335
1.17702 0.734115 0.65861
0.99475 0.610814 0.633639
1.04317 0.80463 0.897977
1.09016 0.616182 1.11086
0.601289 0.289332 1.89492
0.877169 0.955609 -1.12806
1.12872 0.870899 -0.532063
0.789124 0.987652 -0.114765
1.05436 0.723247 0.164018
1.14194 0.875218 0.585961
0.775135 0.697942 0.76754
0.898713 0.65254 1.06153
0.972122 0.568138 1.20967
1.40995 0.314725 1.8678
0.737176 0.276466 2.0523
0.809658 0.861911 -0.494562
0.750644 1.20312 -0.202226
1.05187 0.97475 0.00166004
1.19487 0.777825 0.172774
1.2487 0.686375 0.261262
0.662319 1.00074 0.476979
1.23532 0.763282 0.511359
1.02856 0.715689 0.742806
1.06678 0.558376 0.927262
0.722939 0.505212 1.67675
0.913811 1.04571 -0.708477
1.69815 0.841412 -0.415616
0.852561 1.0345 0.169784
0.997276 0.884925 0.504126
1.67992 0.717105 0.178235
0.803864 0.773715 0.550308
1.18568 0.651489 0.983329
0.812839 0.530511 1.05724
2.2576 0.16521 2.48783
0.632618 0.413166 1.57747
0.786506 0.946706 -0.886103
1.29171 0.860179 -0.494512
0.922136 0.795469 -0.211957
0.6848 0.765523 -0.0454422
1.23482 0.634275 0.553657
1.02575 0.748366 0.576584
1.141 1.00602 0.705491
0.964384 0.574996 1.41757
1.35504 0.462496 1.34758
1.11341 0.293891 2.01355
0.617455 0.961879 -1.17985
0.59303 0.996219 -0.514563
0.858098 0.82891 -0.354178
0.976927 0.747121 0.0426734
1.14111 0.748323 0.0404942
0.607894 0.698268 0.757452
1.56152 0.576999 0.829962
0.71909 0.741192 1.33002
1.67412 0.351646 1.75773
0.55038 0.457962 1.73215
0.987276 1.06802 -0.306224
1.26624 0.957465 -0.381721
0.697789 0.952388 0.213378
0.809471 0.861462 0.154007
1.45982 0.874317 0.611812
0.746365 0.803992 0.89027
1.42248 0.834938 0.867919
1.24367 0.641843 1.16997
0.521411 0.969962 1.13253
1.07388 0.15001 2.84873
1.20117 0.994172 -0.564026
1.38651 0.998123 -0.498033
1.43034 0.749994 0.00291338
1.10247 0.706065 0.288581
1.38442 0.820085 0.25613
1.13697 0.841305 0.769105
1.47984 0.685994 0.923713
1.18915 0.57555 0.821236
1.386 0.60017 1.26795
1.01779 0.63587 1.55785
0.948453 0.955121 -0.954577
1.37166 0.892666 -0.76021
1.32971 0.910541 -0.193916
1.36563 0.776385 -0.147436
1.57603 0.839819 0.209447
1.1333 0.607203 0.680632
1.74723 0.595135 0.716115
1.03508 0.698804 1.29491
1.26977 0.415331 1.53027
0.797396 0.209236 2.21731
1.19667 0.897819 -0.694698
1.44743 0.848411 -0.422723
1.15827 0.865304 -0.0620532
1.009 1.0869 0.118209
1.17443 0.6593 0.395175
0.847196 0.585188 0.781886
1.39933 0.580416 0.822231
0.887526 0.554839 0.927804
1.63044 0.443667 1.37768
1.15503 0.567292 1.49026
1.23051 0.945079 -1.05512
1.6935 0.777002 -0.105592
1.30896 0.822712 -0.318069
0.892611 0.774613 -0.0751483
1.56909 0.684067 0.285033
1.51127 0.80135 0.360671
1.46798 0.547121 0.990155
1.62744 0.624992 0.997574
1.31662 0.356484 1.70016
0.979533 0.223167 2.15152
0.976612 0.86602 -0.506513
1.84747 0.845674 -0.603727
1.00768 0.834365 -0.358493
1.5434 0.883118 -0.0120432
1.42355 0.86608 0.110643
1.0065 0.58724 0.789937
1.08933 0.5004 1.18153
1.30358 0.555251 0.955813
1.24612 0.491758 1.22847
0.920318 0.386301 1.67068
1.17958 0.983139 -1.23104
1.78333 0.809064 -0.250456
1.1618 0.8352 -0.372357
1.04465 0.775715 -0.0853668
1.27019 0.760386 -0.0289654
1.29691 0.608686 0.706182
1.62172 0.624429 0.615559
0.8079 0.959882 0.969512
1.80457 0.370542 1.62885
1.24457 0.663204 1.34819
1.25581 1.10289 -0.450499
1.4255 0.878898 -0.588939
1.31932 1.01604 -0.678365
1.28663 1.05951 -0.228963
1.83339 0.656633 0.43835
0.968261 1.02171 0.580863
1.09284 0.646307 0.520659
1.19307 0.524173 1.06361
1.59103 0.520922 1.11365
1.49268 0.15001 2.80654
1.31205 1.0921 -1.69472
1.99672 0.669824 0.346065
1.15156 0.984498 0.134529
1.3241 0.723997 0.120905
1.47717 0.724068 0.155937
0.805835 0.923371 0.797181
1.30658 0.665253 0.869848
0.879888 0.685715 1.22346
2.7169 0.296744 1.75983
1.0484 0.501161 1.6586
1.07112 1.12057 -0.478457
1.58476 0.949897 -1.02131
1.4612 0.812761 -0.267063
0.856277 1.10639 -0.48406
1.12789 0.871061 0.27198
1.33952 0.735824 0.629556
2.81605 0.15001 2.81572
0.937542 0.844049 1.23911
2.84648 0.304675 2.46672
1.24961 0.15001 2.72674
1.52331 0.9499 -0.693902
0.788095 1.14587 -0.0434383
0.946008 1.12091 0.275866
1.26673 1.01829 0.364667
1.11216 1.03863 0.282368
1.59962 0.931488 0.387521
0.658239 1.11859 0.609062
2.17138 0.346439 1.61327
0.958306 1.00749 0.750917
0.475735 0.17974 2.51484
1.1479 1.06318 -0.318345
1.10907 1.15735 -0.184726
1.14912 1.11937 0.0129441
1.27645 0.929491 0.228873
1.49151 0.660998 0.428699
1.28636 0.792191 0.772547
1.24619 0.799367 0.941284
1.14871 0.847656 1.06633
1.50422 0.483935 1.25316
1.1331 0.349149 1.69175
1.55742 0.960629 -0.455547
1.5324 0.779307 -0.127453
1.81245 0.724815 0.0732459
2.22658 0.617722 0.397373
2.04773 0.577845 0.504409
1.7596 0.710752 0.591105
1.90474 0.524763 0.821151
1.36435 0.510764 1.11415
1.98007 0.383059 1.57361
1.63062 0.391397 1.56136
1.40409 0.917496 -0.995983
1.85873 0.777643 -0.431037
2.20971 0.724546 0.0525104
1.45501 0.984169 0.230064
1.41264 0.932744 0.398637
1.56867 0.795455 0.725665
1.67107 0.699206 0.820054
1.97526 0.406618 1.37853
1.50062 0.220975 2.41274
1.38017 0.248834 2.02689
1.60775 0.845805 -0.5572
1.96364 0.735911 -0.256797
1.86344 0.765401 -0.0905781
1.6142 0.971505 0.114323
2.44263 0.673084 0.304917
2.05706 0.556396 0.701124
1.34378 0.676869 1.04175
1.42407 0.820826 1.03708
2.63254 0.310326 1.93746
1.5007 0.339488 1.6939
1.5529 0.894578 -0.848362
2.0361 0.733927 -0.0255053
1.3081 1.04331 0.0993897
1.71022 0.749202 0.341734
1.7194 0.557211 0.883593
1.42706 0.719322 0.761986
1.89606 0.590011 0.608777
1.76859 0.45542 1.14963
2.34325 0.513586 0.957732
1.23416 0.201777 2.13854
1.10157 1.03955 -0.707122
1.89047 0.909914 -0.775596
1.48395 0.975686 -0.160512
1.27667 0.913652 0.494757
1.12105 0.945111 0.415835
1.29718 0.909742 0.660447
1.62875 0.807736 0.502966
2.84999 0.414457 1.49017
1.45545 0.403238 1.50011
1.55954 0.245571 2.12745
1.71119 0.850926 -0.725511
2.2707 0.782367 -0.263096
1.98706 0.675145 0.1481
1.59882 0.740044 0.040417
2.22892 0.562926 0.604692
1.84381 0.698847 0.25067
2.08707 0.493147 0.99691
2.65171 0.563196 0.799906
1.7928 0.292942 1.9666
1.21418 0.314743 1.86485
1.25409 0.935009 -0.878937
1.61786 0.808969 -0.274992
1.46195 1.02601 0.0191703
1.376 0.893565 -0.044716
1.76207 0.853999 0.19998
1.38758 0.635766 0.549119
1.5156 0.718411 0.576241
1.80162 0.408275 1.31561
1.9704 0.473183 1.17059
1.5935 0.315827 1.92208
1.05296 0.972455 -1.09348
2.04807 0.794229 -0.432507
2.16554 0.666113 0.230778
2.52297 0.290451 1.75468
2.5062 0.456557 1.29562
1.65287 0.659115 0.456321
2.18481 0.543664 0.827029
1.48933 0.64455 1.13214
2.31319 0.406481 1.51974
2.47456 0.15001 2.78943
1.74059 0.914395 -0.928666
1.72707 0.864042 0.0195532
1.64891 0.921802 -0.151892
1.4281 0.975767 -0.326549
2.76123 0.15001 2.32692
1.40754 0.67198 0.290282
1.48177 0.602551 0.682398
1.8924 0.493267 0.999486
2.3387 0.194652 2.30171
1.90487 0.318931 1.78746
