1000 0.1
-0.694611 1.01884 -0.584204
-0.648575 0.987525 -0.420571
-1.00696 0.740019 0.0524296
-0.951009 0.713405 0.203975
-0.568627 0.77582 0.429568
-0.437036 0.623847 0.632758
-0.808469 0.616482 0.611115
-0.283677 0.720273 0.77323
-0.44552 0.571438 1.46317
-0.809936 0.387844 1.4458
-0.809452 0.877106 -0.673219
-1.14378 0.745619 -0.0795892
-2.09607 0.697079 0.0484888
-0.807361 0.896992 0.0289069
-1.12719 0.664375 0.216573
-0.671174 0.754977 0.561874
-0.830179 0.856297 0.666521
-0.692705 0.498516 1.17826
-0.775352 0.557093 0.921113
-0.216129 0.414256 1.59662
-0.886689 0.793355 -0.172922
-2.05916 0.648784 0.454045
-0.628784 0.685649 0.318319
-0.525457 1.05161 0.446181
-1.00104 0.613491 0.570502
-0.492221 0.957655 0.686742
-0.355265 0.883205 0.837964
-1.07536 0.544554 0.810346
-1.13767 0.469137 1.09225
-0.989864 0.448719 1.2659
-0.339107 0.930711 -0.8398
-1.07821 0.73946 -0.260573
-0.556011 0.766628 -0.0417046
-0.681365 0.783064 0.0459672
-0.687951 0.707182 0.177778
-0.471156 0.774858 0.561045
-0.618137 0.696857 0.830864
-0.599504 0.561843 0.883456
-2.28756 0.417131 1.48746
-0.539641 0.291065 1.91355
-0.863811 0.852317 -0.454705
-0.553497 0.856962 -0.509707
-0.609179 0.833841 -0.360216
-1.88069 0.617032 0.498278
-2.19198 0.383194 1.28079
-0.525263 0.649376 0.511755
-0.790269 0.711141 0.873946
-0.934637 0.706469 0.712025
-0.513514 0.667165 0.952242
-0.684419 0.566486 1.43168
-0.498834 0.957042 -0.621753
-0.951083 0.824676 -0.314205
-0.548558 0.733425 0.113918
-0.423792 0.803721 0.11935
-0.464791 0.676809 0.367977
-0.321793 0.596275 0.723491
-0.670539 0.633429 0.46274
-0.424814 0.570441 0.860357
-0.943187 0.56516 0.987931
-0.803017 0.474795 1.29883
-0.714466 0.864385 -0.513046
-0.799336 0.939667 -0.34182
-0.732511 0.779455 -0.101631
-0.80589 0.682708 0.283865
-1.46794 0.702776 0.234383
-0.788096 0.8955 0.331494
-0.845819 0.648886 0.450011
-0.534297 0.580296 0.741932
-0.712077 0.594941 0.763827
-0.99893 0.4046 1.47285
-0.409329 1.12815 -0.3834
-1.07064 0.811514 -0.438983
-0.829745 0.730816 0.062249
-0.23436 0.708647 0.229219
-0.400787 1.018 0.559098
-0.166294 0.732022 0.6499
-0.886441 0.580778 0.802937
-1.17911 0.567457 0.65739
-1.04272 0.292024 2.0302
-0.840517 0.515433 1.10881
-0.404109 1.09221 -0.65712
-0.685337 1.05927 -0.0496188
-2.5884 0.646632 1.62901
-1.64605 0.482929 1.0705
-1.33229 0.632367 0.342386
-1.06793 0.631607 0.401522
-0.739376 0.764687 0.406151
-1.2343 0.515982 0.924953
-0.493496 0.9917 0.854254
-1.43018 0.271469 2.7285
-0.751754 0.813827 -0.266496
-0.139165 0.801316 -0.218337
-0.221945 1.04065 -0.128372
-0.469285 1.13247 -0.0329586
-0.593942 1.07968 0.113346
-0.370942 0.647909 0.483394
-2.11021 0.66029 1.86682
-0.260986 0.995178 1.09475
-0.427945 0.868912 1.18053
-1.20611 0.356857 1.81641
-0.399853 1.07277 -0.192146
-0.584667 0.797751 -0.194535
-0.667652 0.941889 0.0968358
-0.319524 0.968753 0.282754
-0.230113 1.02422 0.564164
-0.185041 0.862048 0.562417
-0.745923 0.730331 0.710087
-0.156245 0.674392 0.975023
-0.269422 0.577521 1.47647
-0.701392 0.39632 1.57814
-0.315047 0.997035 -0.538456
-0.463752 0.977628 -0.434773
-0.650272 0.929957 -0.241489
-2.73992 0.566715 0.779248
-0.471158 1.05644 0.285795
-0.566454 0.728258 0.682729
-0.651585 0.782218 0.9791
-0.550757 0.574665 1.14822
-0.795128 0.333655 1.71714
-0.599106 0.31374 1.73361
-0.728238 0.936596 -1.0007
-0.647225 0.896497 -0.0711132
-0.292852 0.727241 0.096188
-0.101723 0.716242 0.181106
-0.382787 0.781704 0.42523
-0.101757 0.861123 0.728521
-0.378121 0.750485 0.937619
-0.329057 0.744257 1.22058
-0.550694 0.439911 1.4817
-0.715574 0.326562 1.89191
-0.140031 1.02049 -0.582069
-0.974583 0.820367 -0.593153
-0.178944 0.885229 -0.109816
-0.36759 0.823722 0.276239
-0.90767 0.761981 0.550063
-0.647534 0.851316 0.801893
-0.500797 0.782473 1.06132
-0.554064 0.589014 1.31249
-0.192531 0.449871 1.4153
-1.514 0.15001 2.84913
-0.231969 0.959302 -0.957012
-0.800659 0.935908 -0.148234
-0.445787 0.837406 -0.378097
-0.391168 0.985202 -0.0405736
-0.653101 0.835233 0.229502
-0.333787 0.733802 0.625853
-0.778115 0.661157 1.04889
-1.60261 0.201477 2.39374
-0.985317 0.15001 2.84999
-0.310605 0.15001 2.7506
-0.433707 0.917919 -0.999228
-0.363978 0.898135 -0.681636
-0.158473 0.793074 0.072698
-0.226433 0.760429 -0.034642
-0.50276 0.914932 0.211971
-0.048804 0.600665 0.724105
-2.47097 0.256468 2.63841
-0.326873 0.528906 1.00067
-0.0924566 0.574987 1.47682
-0.833907 0.284641 2.02328
-0.672496 0.888743 -0.841599
-0.391511 0.859773 -0.527852
-0.422431 0.805674 -0.226999
-0.301211 0.86927 -0.010319
-0.93997 0.761373 0.365912
-0.635902 0.621297 0.618043
-1.84984 0.464881 1.14655
-2.77508 0.161494 2.68137
-0.452319 0.401308 1.61179
-2.17457 0.15001 2.3507
-0.217391 0.884274 -0.613116
-0.293884 0.824793 -0.31729
-0.456244 0.85606 -0.106798
-0.522638 0.89577 0.0392554
-0.607697 0.91794 0.37061
-0.435925 0.812069 0.71297
-0.267586 0.623046 0.578493
-0.62184 0.465433 1.31314
-1.40799 0.15001 2.36214
-0.463615 0.171995 2.64216
-0.0960327 1.01289 -0.890918
-0.542014 1.09044 -0.524299
-0.947331 0.839349 -0.0363659
-1.43507 0.709266 0.000922243
-0.393429 0.758238 -0.015406
-0.173128 0.548002 0.97762
-0.657033 0.531178 1.02729
-0.400076 0.649991 1.07799
-1.01975 0.333922 1.78803
-0.715142 0.15001 2.59304
-1.57916 1.04418 -1.46541
-0.257334 1.02566 -0.707418
-0.124693 0.83139 -0.369128
-0.129219 1.13474 0.48076
-0.6848 1.002 0.251866
0.292172 1.22991 0.208671
-0.315323 1.12115 0.217851
-0.0912876 0.907077 1.15858
-0.325368 1.01807 0.714971
-0.308118 0.312815 1.76526
-0.194887 0.931269 -0.271646
-0.28927 0.790379 -0.163352
0.0254572 1.01194 0.0265089
-0.135692 0.682582 0.340975
-0.300276 0.678006 0.351319
0.229958 0.789005 0.463134
-0.436344 0.687777 0.796272
1.58019 1.08603 0.209824
-0.159949 0.481426 1.26053
-0.0388954 0.459651 1.35413
-0.0847603 1.06402 -0.732949
-0.104341 1.06303 -0.265828
-0.0535797 0.919837 -0.194505
-0.110355 1.1129 0.058689
-0.330109 1.06451 0.413924
-0.171766 0.888653 1.01098
-0.251402 0.887187 1.23351
0.0895456 0.525815 1.08321
-0.345685 0.700936 1.39368
-0.419709 0.401562 2.56317
0.171768 0.911498 -0.730586
0.052612 0.846843 -0.436338
-0.344049 0.930638 0.124074
0.0215272 0.683944 0.34776
-0.235344 0.732072 0.482771
-0.0828466 0.846392 0.434742
-0.222985 0.796685 0.89516
-0.0328698 0.537178 1.01059
-0.29518 0.632988 0.903234
0.067726 0.15001 2.84967
-0.0646185 0.898531 -0.661728
-0.0293604 0.944732 -0.358365
-0.334217 0.927533 -0.192935
-0.232064 0.842168 0.197494
-0.43741 0.921998 0.390595
-0.539449 0.911463 0.529819
-0.0134459 0.632225 0.589087
0.000942802 0.731958 0.711948
-0.0577901 0.504603 1.14994
-0.189426 0.26451 2.01377
-0.0931594 0.86007 -0.512219
-0.561376 1.06517 -0.300585
0.0555409 1.15295 -0.0462302
-0.829715 0.836838 0.188956
-0.221341 0.797712 0.348208
-0.146957 0.930136 0.301807
-0.377518 0.899492 1.00936
-0.19496 0.568712 0.821762
-0.649247 0.712965 1.14817
-0.305686 0.467271 1.28027
0.00759766 1.20938 -0.195853
-0.0939648 0.7708 -0.0568123
0.213293 0.771778 -0.0779283
-0.0205934 0.868834 0.00730819
-0.383485 0.709045 0.216872
0.0767919 0.650983 0.477031
-0.175897 0.612555 0.683955
-0.0574366 0.572436 0.875608
-0.398762 0.50635 1.14621
-0.349347 0.440567 1.47481
0.307465 0.877688 -0.620682
-0.635066 0.896804 -0.672739
-0.536043 1.00078 -0.125229
0.00114557 0.791833 -0.155771
-0.518527 0.759448 0.258244
-0.126043 0.70455 0.80495
-0.486319 0.538752 1.00746
-0.0962008 0.63379 1.12244
-0.489355 0.712168 1.2144
-0.113936 0.286216 1.83004
0.283466 1.01224 -1.01755
-0.484128 0.927501 -0.268098
-0.0151274 0.742585 0.0717896
0.0411422 0.711835 0.214558
-0.344537 0.871988 0.545192
-0.0626835 0.701528 0.454502
-0.0667642 0.842593 0.890057
-0.215711 0.512904 1.11726
0.103252 0.948929 1.22644
-0.0458836 0.590294 1.27499
-0.293201 0.96777 -1.12558
-0.501144 0.919373 -0.788165
-0.170587 0.9218 -0.779142
-0.2783 1.08574 0.0297583
-0.0507553 0.996478 0.41724
-0.0379903 0.788824 0.574709
-0.0862294 1.01752 0.918001
-0.268077 0.7632 1.05629
-0.514756 0.72962 1.39029
-0.122831 0.233656 2.19313
-0.115721 1.20746 -0.343493
0.351992 1.14701 0.0748461
0.113331 1.27044 0.219964
0.0387987 1.21444 0.453142
-0.752203 0.887719 0.507953
-0.652445 0.889046 0.647572
0.0748371 0.973201 0.867536
0.377338 0.940636 1.00337
0.144177 0.850998 1.36604
-0.182133 0.751199 1.38947
0.105846 1.08726 -0.520664
0.0609888 1.07808 -0.297707
0.186345 1.23978 0.0608687
0.0429957 0.836325 0.160934
-0.135625 1.02642 0.701437
0.357145 1.02933 0.852403
-0.20067 0.94533 0.827426
0.0666802 0.824226 0.814541
0.221087 0.875818 1.07122
0.140911 0.700059 1.33036
0.0616277 1.01357 -0.671754
-0.167792 0.973071 -0.428682
-0.260123 1.12994 -0.271152
0.121511 1.04231 -0.144617
-0.175294 1.09705 0.316984
0.22741 0.961186 0.93003
-0.156255 0.755671 1.21577
0.242255 0.511143 1.16432
0.323914 0.15001 2.65416
0.0619825 0.251359 2.1216
0.165298 0.822562 -0.333978
0.313452 0.880763 0.0387542
0.147451 0.856566 0.0374999
0.168988 0.917588 0.372159
0.022993 0.930436 0.295792
0.110129 0.744067 0.590948
-0.00998278 0.695984 0.916065
0.390526 0.644211 0.992559
0.00574971 0.732445 1.22557
0.0549736 0.492982 1.61673
-0.0441523 1.08759 -0.435456
0.0882454 0.900826 -0.0979432
-0.209645 1.00281 0.165689
0.411959 0.742234 0.0579124
0.202394 0.647225 0.524555
0.104309 0.606314 0.662267
0.165814 0.729351 0.746784
0.204882 0.855634 0.630843
-0.253909 0.632977 1.13961
-1.08456 0.163657 2.66864
-0.0874778 0.972366 -1.05951
-0.22529 1.12563 -0.459094
0.143506 0.800044 -0.196338
-0.0551706 1.04354 -0.105678
-0.0617711 0.797323 0.290737
0.270193 0.820317 0.317197
0.0622981 0.620713 0.806274
0.221073 0.537182 1.49004
-1.26457 0.167587 2.7294
1.79566 0.621334 1.06283
0.0816861 0.878399 -0.598884
0.00847476 0.818153 -0.29357
0.249848 0.911709 -0.122913
0.113897 0.96439 0.146942
-0.269972 0.861746 0.696806
0.195905 0.588255 0.785284
-0.134319 0.637049 0.537741
0.0596792 0.663446 1.05193
-0.389722 0.598253 1.274
0.236369 0.583158 1.2882
0.323371 0.920456 -0.783878
-0.317874 0.990119 -0.360621
0.131863 0.737344 0.098834
0.213371 0.829134 0.171441
-0.970139 3.03051 -0.225257
0.17838 0.678948 0.37417
-0.510691 0.823051 0.883001
0.349212 0.600113 0.729881
-0.452346 0.468241 1.33491
0.205217 0.31035 1.85647
-0.256442 0.843979 -0.465383
0.291945 0.801638 -0.214462
0.186524 0.709055 0.228109
0.105309 1.05245 0.440443
0.186769 1.18103 0.351376
0.313629 0.659331 0.440673
0.139736 1.04764 1.04772
0.0454012 0.888403 0.673143
-0.0608138 0.774583 1.0568
-0.0171035 0.700369 1.3968
0.0191304 0.924245 -0.789767
0.0344241 0.957731 -0.957674
0.0871756 0.926534 -0.252
-0.436656 1.0551 0.115269
-0.0632875 0.957603 0.571525
-0.243358 0.928121 0.429523
0.0140669 0.932598 1.02166
0.0968943 0.800671 0.968939
-0.31479 1.0382 0.907768
-0.238511 0.15001 2.34135
0.227198 1.04405 -0.803832
-0.137692 1.1872 -0.0951726
0.0597191 1.13861 0.127932
0.354208 0.772201 -0.07237
0.014954 1.10544 0.574391
0.804275 1.0538 0.536558
0.203947 1.15279 0.913605
0.0992082 0.552912 0.92076
0.131403 0.176827 2.68228
-0.0377506 0.378022 1.69255
0.203412 1.12171 -0.367962
0.346032 1.20203 -0.118551
0.38111 0.848818 0.172816
-1.49259 0.418213 1.2876
0.0798568 0.904634 0.514333
0.542492 0.785081 0.458461
0.235223 0.807658 0.889081
0.384748 0.574588 1.50752
0.0861821 0.485468 1.23737
0.389327 0.530268 1.67067
0.268039 1.11263 -0.668586
0.190195 1.23375 -0.542816
0.417494 0.822079 -0.320907
-0.0454782 1.03927 0.189556
0.0271525 1.05961 0.733989
0.312329 0.675603 0.856571
0.201573 0.592027 1.04745
0.290338 0.825107 1.27358
-0.361327 0.273218 1.95358
0.225635 0.272439 2.02383
0.406208 0.939784 -0.924922
0.283024 1.10073 -0.507401
0.355731 1.02107 -0.0262662
0.264713 0.746333 0.0499326
0.279534 1.0377 0.373084
0.379135 0.89237 0.441209
0.0807615 0.830029 1.12788
0.343717 0.62994 1.14639
0.220432 0.460996 1.34653
0.17499 0.40848 1.54546
0.207288 0.979919 -0.582864
0.436393 1.04169 -0.509895
0.207174 0.850643 -0.493556
0.509264 1.14687 0.185923
0.244611 0.940948 0.506887
0.384104 0.859432 0.613967
0.419847 0.690598 0.679883
0.404701 0.566972 0.853998
0.0784331 0.448668 1.44243
0.510958 0.23972 2.29481
0.189393 0.948115 -0.907199
0.196264 1.17212 -0.213258
0.334207 1.02469 -0.37347
0.410081 0.892861 -0.0940127
-0.161485 0.955219 0.0206209
0.145212 1.00133 0.623112
0.218095 0.715296 1.18257
0.36987 0.489581 1.25839
-0.0606566 0.433986 1.52559
0.133386 0.375756 1.69784
0.481538 0.878713 -0.617807
0.142399 0.969132 -0.412784
0.222976 1.12455 -0.0509715
0.315517 0.720534 0.172713
-0.0899342 0.897804 0.154441
0.475823 0.653255 0.481141
0.242869 0.619105 0.655211
0.686822 0.551328 0.963289
-0.219027 0.610178 1.30828
0.487203 0.6045 1.2192
0.256196 0.954197 -1.17304
0.0723972 1.05484 -0.84684
0.00498854 0.965514 -0.521237
0.654156 0.847698 0.0711632
0.000991132 1.12034 0.314765
0.199286 1.0752 0.764846
0.654169 0.755797 1.02878
-0.0333902 0.86241 1.32096
0.766916 0.15001 2.79513
-0.600072 0.15001 2.8192
0.610577 0.982577 -0.367101
0.386726 1.2217 -0.524148
-0.0339859 1.33268 -0.0578665
0.313758 0.69272 0.306595
0.42644 1.164 0.575543
0.202861 0.905428 0.773676
0.270264 0.674209 1.43212
0.0882041 0.561657 1.36695
0.32785 0.533396 1.02042
-0.14184 0.152311 2.84856
0.447502 0.976759 -1.27867
-0.0247277 1.17192 -0.583033
0.654726 0.856046 -0.468905
0.077364 0.766461 -0.0365559
0.361571 1.18251 0.398295
0.0735042 0.781319 0.438841
0.252092 0.5636 0.910981
0.103979 0.61033 1.19435
0.0744417 0.619217 1.51788
-0.0437546 0.15001 2.40547
0.108186 1.16161 -0.715184
0.0667956 1.22581 -0.398673
0.293058 0.872911 -0.367369
0.502255 1.14972 -0.1355
0.218383 1.08707 0.134589
0.424781 0.805953 0.316321
0.359484 0.629471 0.569126
0.603295 0.855013 1.37783
0.302963 0.985806 1.16432
0.472082 0.421723 1.57116
0.462695 0.949238 -0.380433
0.413089 0.995509 0.121728
0.370228 1.09166 0.242824
2.56382 0.370428 1.5066
-0.222708 1.4507 -0.0698176
0.611367 0.876304 0.778001
0.452907 0.965195 0.72738
0.480944 0.545649 0.977251
0.777144 0.61259 1.23226
0.436574 0.505322 1.11753
0.491597 1.14447 -0.40527
2.31609 3.88398 2.67622
0.563267 0.825995 -0.333367
0.355849 3.03734 2.28023
0.697097 0.810177 0.225398
0.703596 0.694333 0.284616
0.742543 0.641139 1.07107
0.362574 0.878275 0.827184
2.7818 0.163799 2.61175
0.378176 0.235132 2.13818
0.488956 1.03851 -0.254323
0.44829 0.790339 -0.183095
0.529793 0.979372 0.235668
0.444769 0.682774 0.342859
0.380898 1.0272 0.508163
0.283462 0.738532 0.593548
0.478892 0.805173 0.753283
0.62719 0.652134 1.16876
0.627569 0.596775 1.31798
0.492436 0.696048 1.52067
0.574055 0.951147 -0.952716
0.629797 0.897309 -0.0735484
0.587656 1.19613 -0.28858
0.268749 0.961758 0.209494
0.575938 0.674698 0.362304
0.805175 0.671019 0.384782
0.482541 0.705175 1.10691
0.369958 0.649248 1.30661
0.400157 0.777715 1.40387
0.40349 0.302582 1.96088
0.718292 1.10699 -0.397779
0.516686 0.9982 -0.0885428
0.481766 0.867942 0.0358751
0.536359 0.842042 0.175714
0.237715 1.10937 0.530947
0.394642 0.76149 0.492227
0.507109 0.601632 0.726091
0.398011 0.784739 0.945161
0.568855 0.640348 0.99569
0.476401 0.53403 1.36398
0.380646 1.13967 -0.278834
0.222037 0.976616 -0.272546
0.65857 1.069 -0.0413572
0.453989 0.715448 0.198053
0.484208 1.07033 0.378602
0.869429 0.748229 0.646801
0.544639 1.09234 0.737008
0.666123 0.911343 1.0631
0.935326 0.44191 1.48304
0.545153 0.491144 1.2311
0.0834869 0.932144 -1.11322
0.366516 0.862897 -0.490675
0.624717 0.79556 -0.185351
0.700196 0.732591 0.103507
0.111464 0.800117 0.296853
0.529564 0.924007 0.398978
0.676094 0.577635 0.770421
0.257647 0.729166 1.02528
0.163099 0.673745 0.911606
0.321244 0.418301 1.55599
0.530469 0.903522 -0.210846
0.196801 0.990037 0.00755559
0.68283 0.918509 -0.236214
0.64107 1.04617 0.324993
0.562516 0.74258 0.0717124
0.308967 0.998035 0.659843
0.521823 1.01614 0.572321
0.587436 0.526058 1.08424
0.651273 1.05752 0.999437
0.561777 0.454246 1.40973
0.429061 0.973404 -1.09039
0.933628 0.913536 -0.0911317
0.37288 0.920853 -0.240704
0.139785 1.0382 0.277211
1.08942 0.79562 0.438789
0.693917 0.896254 0.359333
0.49442 1.10202 0.917651
0.30924 0.766452 0.738927
1.68741 0.15001 2.81548
0.456298 0.364431 1.80784
0.481616 0.919827 -0.765781
-0.457587 1.96824 1.25133
0.318555 1.04529 -0.172502
0.618661 1.21582 0.0443032
0.550292 0.880808 0.628551
0.358323 1.15446 0.733748
0.80363 1.10729 0.707743
0.455327 0.873528 1.23701
0.00788663 0.333229 1.97566
0.528351 0.722772 1.31407
0.755317 1.12841 -0.620461
0.760205 0.979994 -0.714219
0.788293 1.19589 0.123893
0.577252 0.978669 0.0731341
0.816634 0.790457 0.330905
0.510651 0.75187 0.594897
0.515176 0.940525 0.895159
0.546684 0.542333 1.53054
0.829859 0.464551 1.36946
0.791025 0.42652 1.54138
0.543643 1.05551 -0.836397
0.785036 0.983476 -0.547379
1.00023 0.921889 -0.233328
1.23664 1.00946 -0.0670811
1.09076 1.08559 0.539546
0.883151 0.817356 0.802716
1.01692 0.681728 0.96309
0.905001 0.735772 1.35052
0.994424 0.348946 1.81679
0.556309 0.16086 2.74511
0.508626 0.856764 -0.472569
0.642866 1.06717 -0.202824
0.496103 1.10281 0.0253971
0.661704 1.08897 0.14811
1.06191 0.859914 0.0918188
0.689652 0.754199 0.415827
0.560377 0.778723 0.900922
0.811382 0.732176 0.958771
1.08541 0.419694 1.50112
0.656273 0.377474 1.72784
0.608206 1.17639 -0.52931
1.0774 0.958358 -0.412143
0.744899 0.973799 0.0544355
0.59021 1.18298 0.450047
0.628367 0.65081 0.485679
0.91205 0.650184 0.507103
0.559783 0.616555 0.603567
0.646412 0.682098 1.45692
1.10782 0.583978 1.3063
0.310162 0.378608 1.72071
0.913076 0.923387 -0.776491
1.07813 0.926597 -0.816201
1.0985 1.0177 -0.160534
0.922625 0.924128 0.0722738
0.576562 0.806436 0.313868
0.390413 0.94869 0.30132
0.676146 0.66585 0.888886
0.84487 0.49251 1.21189
0.687302 0.476073 1.32585
0.211902 0.258625 2.20282
0.390324 1.0863 -0.803195
0.647728 0.876742 -0.628587
0.849497 0.921419 0.276041
0.938303 0.800143 0.177984
0.976181 0.82953 0.32018
0.66558 0.739487 0.594847
0.732827 0.821253 0.699694
0.470675 0.67879 0.840796
1.28432 0.580799 1.41245
0.363159 0.456847 1.413
0.475997 1.13998 -0.647713
0.636199 0.91598 -0.793251
0.848161 0.890107 -0.627891
0.789946 0.85591 -0.0280003
1.24065 0.806569 0.355346
0.557938 0.562761 0.861387
0.609941 0.814187 1.1867
0.693908 0.519816 1.47169
0.845572 0.568959 1.56279
1.0872 0.15001 2.55311
0.759601 0.945678 -0.387536
0.841661 0.909329 -0.236426
0.53008 0.771725 -0.0663596
0.800509 1.0579 0.345941
0.962762 1.05813 0.407195
0.669585 0.874157 0.525987
0.513215 0.848075 1.04514
0.911044 0.679521 0.853562
0.250683 0.210074 2.40915
0.224071 0.508956 1.66689
0.385666 0.999788 -0.656231
1.02426 0.887894 -0.653466
1.20535 0.792935 -0.163525
0.46024 1.26732 -0.00467426
0.667377 1.02633 0.835508
0.697739 0.616777 0.643356
1.01781 0.77922 1.09103
0.761527 0.913245 1.26355
1.15335 0.81955 1.21517
0.546961 0.276615 2.08019
0.605244 1.04087 -0.684334
0.885816 1.20161 -0.32098
0.277706 1.2683 -0.344415
0.926596 1.12367 -0.135872
0.980867 0.988037 0.235205
0.655187 1.20692 0.278588
1.14078 0.95205 0.900868
0.946915 0.94685 0.893064
0.35962 0.8024 1.11994
0.819769 0.315254 1.77053
0.70563 0.825262 -0.323321
0.769253 0.792584 -0.173066
0.831285 0.744321 0.0531919
0.816923 0.710525 0.19831
1.31438 0.654694 0.416474
0.846688 0.614928 0.641075
0.900169 0.841925 1.00982
0.775831 0.799614 1.12728
1.1724 0.456248 1.35733
0.99798 0.476325 1.31614
0.974741 0.998747 -0.553679
0.918252 0.961113 -0.390678
1.2302 0.889281 0.0554085
1.38767 0.793992 0.462345
1.01689 0.67031 0.398196
0.917573 0.766137 0.446129
1.1313 0.707015 0.817183
0.696765 0.507858 1.17657
2.36428 0.182809 2.64139
0.866565 0.291087 1.93431
0.72304 0.970439 -1.01994
1.16505 0.910303 -0.247264
0.862543 1.05235 -0.00710438
0.821251 0.920736 0.442459
0.97354 0.863625 0.674493
0.769323 0.646217 0.520855
0.678914 0.97248 0.655058
0.970024 0.522378 1.04332
0.786998 0.60057 1.38832
0.316188 0.15001 2.84893
0.804388 1.05321 -0.262056
1.06787 0.797347 -0.221046
0.588247 0.708258 0.206257
0.832417 0.896887 0.607566
0.92731 0.69478 0.288754
1.1682 0.732852 0.657238
0.995247 0.621931 0.628646
1.02457 0.800926 0.881267
1.07352 0.624917 1.09227
0.581463 0.277788 1.87211
0.86361 0.938235 -1.12001
1.12706 0.865212 -0.521559
0.768307 0.977089 -0.117156
1.04959 0.717632 0.170723
1.12035 0.876195 0.583782
0.769169 0.696234 0.770703
0.900955 0.643478 1.05327
0.958727 0.576768 1.19863
1.42072 0.338751 1.81373
0.710937 0.283954 2.02437
0.790598 0.852374 -0.484744
0.748076 1.20078 -0.214779
1.0359 1.00598 -0.0121792
1.19133 0.803564 0.174842
1.22605 0.699874 0.250535
0.65125 1.017 0.477445
1.21762 0.759547 0.501079
1.00445 0.721025 0.729445
1.06589 0.558128 0.923278
0.697244 0.539978 1.64262
0.906632 1.05028 -0.692531
1.68074 0.87451 -0.389116
0.835759 1.04131 0.172939
0.976944 0.900688 0.465231
1.65688 0.718977 0.179797
0.794599 0.780821 0.516009
1.17955 0.653443 0.968053
0.810596 0.528802 1.05524
2.26283 0.208155 2.42075
0.632589 0.405234 1.55857
0.779159 0.932951 -0.87144
1.28803 0.850918 -0.485783
0.918674 0.796628 -0.210423
0.68375 0.766509 -0.0460975
1.23548 0.634816 0.55075
1.01358 0.749339 0.571719
1.13727 1.01745 0.68839
0.93788 0.581046 1.37539
1.34743 0.448497 1.34067
1.10335 0.28973 1.9718
0.602709 0.966295 -1.15258
0.619929 1.0105 -0.526344
0.85632 0.831597 -0.35236
0.976192 0.739964 0.0419952
1.135 0.746751 0.0419211
0.60484 0.701447 0.742696
1.54582 0.571428 0.82754
0.722413 0.741792 1.3013
1.65202 0.376099 1.7413
0.542435 0.491221 1.70851
0.972118 1.06857 -0.283369
1.25058 0.962636 -0.377276
0.692476 0.953472 0.206331
0.805043 0.856928 0.138658
1.45471 0.886594 0.599105
0.717812 0.818826 0.875493
1.40589 0.840988 0.848038
1.21298 0.648782 1.17377
0.511459 1.0063 1.10439
1.05593 0.15001 2.83714
1.17912 0.999894 -0.557156
1.35686 1.00211 -0.510476
1.41833 0.754999 0.00177219
1.10037 0.741987 0.295475
1.35524 0.832695 0.25726
1.09967 0.88036 0.762254
1.45599 0.688943 0.905761
1.17891 0.564722 0.818738
1.3681 0.592429 1.25064
0.987665 0.638814 1.51532
0.947005 0.945222 -0.939981
1.36204 0.882413 -0.750368
1.31229 0.910691 -0.193844
1.35817 0.780587 -0.145739
1.55337 0.833984 0.190334
1.13208 0.607371 0.673947
1.72832 0.600156 0.684809
1.04227 0.705905 1.23982
1.25768 0.429533 1.50318
0.792743 0.21109 2.18068
1.1871 0.897273 -0.681573
1.44773 0.838765 -0.407843
1.13159 0.886779 -0.069378
0.97773 1.11161 0.108395
1.16419 0.670832 0.387704
0.844092 0.585901 0.779899
1.37987 0.570446 0.819477
0.891406 0.547912 0.922872
1.62194 0.425344 1.36144
1.13002 0.573536 1.47602
1.21262 0.939593 -1.05293
1.68076 0.772014 -0.108714
1.30639 0.821514 -0.307458
0.891761 0.774104 -0.0743778
1.54676 0.68409 0.28524
1.50607 0.818983 0.347857
1.45947 0.547025 0.974305
1.60734 0.648857 0.986834
1.30558 0.374166 1.66816
0.989651 0.234717 2.10283
0.953578 0.854295 -0.499856
1.84499 0.814162 -0.595666
1.00554 0.830374 -0.355183
1.5227 0.886188 -0.00573251
1.39452 0.860034 0.109104
1.00489 0.58466 0.783283
1.07739 0.495019 1.17385
1.29444 0.552378 0.947798
1.23742 0.494447 1.21211
0.925119 0.407218 1.64643
1.17346 0.96273 -1.23246
1.77521 0.808068 -0.251342
1.16073 0.827456 -0.372259
1.04489 0.771131 -0.0829754
1.26374 0.761599 -0.0304009
1.29181 0.598892 0.694744
1.59036 0.607865 0.598437
0.795557 0.961224 0.971261
1.79312 0.360201 1.61254
1.20472 0.715927 1.33661
1.24537 1.1226 -0.460607
1.42167 0.872031 -0.579537
1.29811 1.0135 -0.679706
1.26877 1.06132 -0.232314
1.8262 0.647438 0.441252
0.959657 0.994269 0.581448
1.09186 0.644548 0.519212
1.18426 0.518008 1.05417
1.57918 0.524554 1.10019
1.49054 0.15001 2.76635
1.31192 1.09675 -1.70033
1.97921 0.680328 0.332149
1.12011 1.00211 0.126196
1.30307 0.726064 0.118835
1.45862 0.725373 0.149969
0.798083 0.942683 0.781442
1.28586 0.681267 0.851728
0.887292 0.712421 1.18979
2.7208 0.27491 1.76791
1.05115 0.507503 1.64105
1.0677 1.11334 -0.486628
1.57365 0.956118 -1.01479
1.45304 0.83974 -0.250103
0.876941 1.09697 -0.461747
1.10332 0.89466 0.257404
1.32526 0.755604 0.609331
2.63847 0.15001 2.70483
0.943725 0.865172 1.21414
2.8362 0.360739 2.6513
1.28983 0.15001 2.80755
1.48784 0.987776 -0.681711
0.773063 1.19938 -0.0473204
0.923533 1.15949 0.265661
1.26861 1.05003 0.368779
1.111 1.08791 0.278083
1.5822 0.970092 0.408171
0.652542 1.13886 0.608315
2.1726 0.33606 1.60446
0.95321 1.01931 0.742156
0.46497 0.176462 2.50786
1.13033 1.08881 -0.324854
1.10754 1.17708 -0.16404
1.14873 1.15348 0.0349958
1.24726 0.961489 0.229738
1.48515 0.667179 0.430165
1.25587 0.821247 0.763334
1.23703 0.810875 0.935938
1.14302 0.877446 1.05383
1.48916 0.479708 1.24197
1.11093 0.353645 1.67043
1.53051 0.969063 -0.458594
1.52031 0.779864 -0.123497
1.78652 0.737961 0.0748641
2.21596 0.612476 0.373275
2.03329 0.576976 0.483666
1.71878 0.734744 0.600937
1.87905 0.517415 0.798575
1.35989 0.521914 1.10343
1.97087 0.374702 1.56681
1.63673 0.397205 1.53622
1.3902 0.922278 -1.0212
1.80299 0.783455 -0.44374
2.20786 0.712036 0.048318
1.4266 0.975996 0.22877
1.40523 0.949296 0.404359
1.54353 0.784837 0.729474
1.6608 0.700856 0.806883
1.97313 0.388478 1.37384
1.50077 0.219583 2.40944
1.37964 0.255425 1.97965
1.5935 0.840471 -0.527146
1.94082 0.72912 -0.262812
1.85301 0.766663 -0.0850408
1.60394 0.972038 0.107887
2.44481 0.677863 0.300773
2.05967 0.573809 0.661205
1.32096 0.664605 1.05089
1.40876 0.813233 1.01864
2.63435 0.289149 1.93911
1.48718 0.358951 1.65985
1.53009 0.891073 -0.840656
2.02907 0.741839 -0.0398034
1.29346 1.04297 0.0919017
1.68818 0.751295 0.342824
1.70497 0.566315 0.887831
1.39655 0.719689 0.740703
1.88484 0.572685 0.605847
1.74949 0.473899 1.10159
2.33763 0.532364 0.936537
1.22419 0.215453 2.08466
1.0859 1.04505 -0.700975
1.88936 0.903929 -0.766898
1.45515 0.996529 -0.153325
1.25414 0.91801 0.483953
1.1125 0.958112 0.404754
1.29105 0.938053 0.647886
1.60695 0.822714 0.49301
2.84999 0.415256 1.48188
1.46473 0.41729 1.47124
1.5481 0.263808 2.09378
1.66715 0.851131 -0.702224
2.27117 0.790072 -0.274181
1.96014 0.675151 0.131613
1.58917 0.750649 0.0362035
2.22362 0.572649 0.56373
1.81481 0.699623 0.255048
2.06888 0.494426 0.97992
2.65171 0.564099 0.795652
1.80126 0.292351 1.94825
1.22732 0.328125 1.83573
1.24678 0.927028 -0.877649
1.59481 0.814674 -0.272747
1.45117 1.03334 0.0328342
1.35851 0.901501 -0.0422314
1.72883 0.863159 0.21018
1.38589 0.63774 0.548124
1.49769 0.724988 0.580289
1.79099 0.40366 1.3013
1.9814 0.474117 1.16114
1.58515 0.307295 1.90873
1.03819 0.942995 -1.0896
1.9867 0.838532 -0.448707
2.13605 0.669953 0.228791
2.57974 0.338769 1.67356
2.50465 0.450875 1.28903
1.6472 0.659092 0.46202
2.16025 0.538895 0.809332
1.47577 0.651702 1.11916
2.3373 0.363944 1.52741
2.15877 0.15001 2.83888
1.74632 0.916206 -0.939551
1.71134 0.874224 0.0139686
1.61563 0.915119 -0.155622
1.41057 0.97947 -0.331699
2.82662 0.15001 2.42571
1.38574 0.694565 0.288971
1.46015 0.608358 0.687527
1.86227 0.485518 0.974291
2.28812 0.230856 2.24494
1.89752 0.31052 1.77076
