1000 0.1
-0.638181 1.27433 -0.531038
-0.621704 1.00048 -0.400261
-0.955471 0.739266 0.0299853
-0.893248 0.70333 0.214963
-0.539007 0.799584 0.411147
-0.412699 0.625278 0.615174
-0.795194 0.628657 0.593676
-0.253321 0.716009 0.738997
-0.415323 0.650198 1.35533
-0.784948 0.387502 1.37091
-0.748057 0.88523 -0.67717
-1.14482 0.694466 -0.0778803
-1.477 1.10006 -0.0486736
-0.756415 0.975872 0.0223076
-1.09358 0.65673 0.17586
-0.608468 0.823347 0.563937
-0.746024 0.874478 0.674216
-0.649353 0.591114 1.15982
-0.750583 0.617058 0.904762
-0.193706 0.424498 1.55631
-0.869034 0.784309 -0.166985
-1.99136 0.551526 0.4869
-0.597175 0.687869 0.304113
-0.453845 1.12029 0.432877
-0.99289 0.563713 0.559514
-0.420727 0.947437 0.644292
-0.333389 0.950081 0.786993
-1.04 0.50477 0.85787
-1.15531 0.469819 1.03905
-0.984425 0.420656 1.25315
-0.316269 0.963623 -0.795487
-1.01268 0.756673 -0.309241
-0.544116 0.766136 -0.0439707
-0.658143 0.813295 0.0471438
-0.655156 0.722291 0.170151
-0.434631 0.838105 0.530747
-0.577372 0.712174 0.799046
-0.580783 0.570448 0.881248
-1.90331 0.532317 1.33955
-0.541585 0.346604 1.96989
-0.831053 0.846758 -0.42413
-0.510589 0.843389 -0.508526
-0.578164 0.818787 -0.353485
-1.69711 0.694763 0.432909
-1.38174 1.09997 0.806176
-0.489731 0.697576 0.519927
-0.732126 0.769401 0.831859
-0.854382 0.721736 0.712921
-0.472141 0.690428 0.920823
-0.591079 0.669591 1.32622
-0.461135 0.993351 -0.576703
-0.913241 0.897259 -0.2771
-0.515717 0.732964 0.103013
-0.397999 0.817056 0.115242
-0.456075 0.677504 0.373359
-0.319356 0.596822 0.714319
-0.610274 0.636162 0.458937
-0.420198 0.576046 0.853995
-0.856922 0.656497 1.03443
-0.757332 0.539114 1.27288
-0.671541 0.857247 -0.489237
-0.75515 0.960283 -0.30268
-0.70535 0.760651 -0.0912243
-0.754321 0.692763 0.285651
-1.48816 0.617393 0.229578
-0.701254 0.892388 0.342401
-0.781637 0.655078 0.430941
-0.504844 0.589635 0.732116
-0.678077 0.586256 0.751829
-0.992055 0.413102 1.4438
-0.374914 1.20315 -0.371137
-1.05809 0.811285 -0.483923
-0.793923 0.732183 0.0799296
-0.222172 0.704136 0.226003
-0.347278 1.00264 0.510037
-0.144943 0.753237 0.63598
-0.845246 0.580592 0.786821
-1.16934 0.603996 0.624352
-1.00169 1.03416 2.4616
-0.79681 0.512516 1.09996
-0.363624 1.10578 -0.630732
-0.626209 1.08839 -0.0401706
-1.89071 0.675902 0.481676
-1.59497 0.460065 1.05039
-1.35195 0.603878 0.313498
-1.05451 0.647865 0.373881
-0.689379 0.763048 0.424837
-1.23895 0.485383 0.895099
-0.442883 1.05644 0.834359
-0.858778 0.52818 2.07023
-0.723189 0.815379 -0.282743
-0.136817 0.81063 -0.197447
-0.197199 1.13328 -0.1106
-0.411208 1.16578 -0.0272416
-0.525654 1.15683 0.107119
-0.353344 0.656979 0.467368
-1.13869 1.52192 1.09132
-0.293149 1.02084 1.04742
-0.437802 0.941251 1.11565
-1.22227 0.298246 1.82663
-0.357066 1.10642 -0.185996
-0.583293 0.796118 -0.190321
-0.609096 0.989438 0.0969713
-0.265073 1.00542 0.270108
-0.212511 1.07956 0.557691
-0.144389 0.889115 0.541802
-0.685482 0.723933 0.660819
-0.150568 0.68735 0.951614
-0.261604 0.590337 1.39224
-0.650807 0.39764 1.50039
-0.291654 1.008 -0.501252
-0.446836 0.977851 -0.408604
-0.591782 0.947825 -0.235198
-2.62834 0.630133 0.667739
-0.469885 1.07836 0.27096
-0.494994 0.771865 0.666345
-0.598111 0.830811 0.932861
-0.523487 0.653355 1.07174
-0.729408 0.324572 1.70739
-0.554552 0.30511 1.65215
-0.693093 0.917215 -0.972063
-0.60578 0.92764 -0.0663469
-0.280351 0.722107 0.0968105
-0.0984334 0.720827 0.178686
-0.379436 0.784391 0.39167
-0.0814767 0.904445 0.694125
-0.273777 0.775845 0.889597
-0.313791 0.774265 1.16471
-0.518428 0.519438 1.42035
-0.675531 0.289434 1.85918
-0.12709 1.08309 -0.529228
-0.882521 0.820918 -0.588777
-0.174276 0.897379 -0.0754113
-0.323043 0.82223 0.249994
-0.801519 0.772237 0.537798
-0.594103 0.870248 0.756489
-0.406177 0.807757 1.01881
-0.491985 0.584983 1.22142
-0.181361 0.450647 1.38354
-0.592675 0.192296 2.78946
-0.203494 0.94845 -0.908053
-0.751074 0.903519 -0.146149
-0.425153 0.819005 -0.357778
-0.330101 1.00834 -0.0515146
-0.583949 0.853474 0.181848
-0.325376 0.745976 0.586211
-0.676033 0.697464 1.02246
-0.989812 0.593473 2.28544
-0.422511 0.203099 2.78861
-0.182627 0.16096 2.53524
-0.385464 0.892948 -0.955059
-0.338727 0.87756 -0.650134
-0.159579 0.808045 0.0702126
-0.221441 0.754444 -0.0334013
-0.417708 0.944047 0.195746
-0.0535304 0.602119 0.721773
-1.382 0.680258 1.90406
-0.30151 0.524882 0.970578
-0.0904186 0.592308 1.42393
-0.854671 0.314626 1.99752
-0.593128 0.890948 -0.842045
-0.352104 0.847497 -0.49239
-0.422166 0.786749 -0.205723
-0.306208 0.863822 -0.00659907
-0.863486 0.789506 0.366714
-0.587456 0.601335 0.606404
-1.80861 0.415277 1.11797
-1.54538 0.516938 2.22636
-0.465788 0.40379 1.537
-1.232 0.15001 2.74593
-0.173106 0.881078 -0.599913
-0.277924 0.825406 -0.314928
-0.447287 0.873539 -0.0943513
-0.468258 0.946944 0.0395273
-0.523628 0.920875 0.317766
-0.34622 0.826203 0.70742
-0.258042 0.632185 0.575277
-0.596341 0.477119 1.26705
-0.478156 0.17171 2.64325
-0.334376 0.318845 2.65096
-0.102618 1.05673 -0.777851
-0.511267 1.12529 -0.462083
-0.853344 0.848066 -0.0147498
-1.44073 0.723114 -0.0205786
-0.390954 0.75789 -0.013878
-0.153644 0.543517 0.961546
-0.648841 0.537721 1.01342
-0.359562 0.66345 1.03798
-1.03874 0.278478 1.81622
-0.63645 0.222192 2.16686
-1.46351 1.01556 -1.32061
-0.22783 1.01575 -0.652753
-0.0981622 0.831125 -0.361605
-0.135323 1.18473 0.462468
-0.640202 1.01546 0.252629
0.282932 1.29854 0.234135
-0.322007 1.17675 0.257462
-0.0969912 0.937531 1.08858
-0.314832 1.08429 0.690712
-0.241134 0.29754 1.78945
-0.176132 0.917288 -0.285865
-0.283474 0.798011 -0.162166
0.0288628 1.01263 0.0281616
-0.12577 0.683682 0.343659
-0.287395 0.679449 0.344931
0.218299 0.823558 0.442289
-0.406479 0.698426 0.77371
0.850104 1.6794 2.08937
-0.160399 0.554623 1.25674
-0.049757 0.473782 1.29246
-0.088319 1.17294 -0.661228
-0.0958464 1.12441 -0.240539
-0.0456015 0.930589 -0.172424
-0.0827752 1.13404 0.0378968
-0.279047 1.12139 0.40285
-0.1327 0.918239 0.931956
-0.245081 0.934279 1.18175
0.112782 0.52696 1.06179
-0.297049 0.770138 1.36886
-0.157886 0.57735 2.15157
0.161975 0.906431 -0.711138
0.0629638 0.839189 -0.421731
-0.28394 0.964563 0.103058
0.0242633 0.683548 0.34615
-0.218075 0.722803 0.465751
-0.0603949 0.881208 0.419021
-0.189934 0.856249 0.789299
-0.0130084 0.540433 0.997759
-0.295868 0.637017 0.875221
-0.0676196 0.15001 2.67878
-0.0595481 0.978771 -0.625228
-0.0222111 0.960839 -0.331484
-0.244205 0.989684 -0.18094
-0.188402 0.871684 0.201535
-0.371051 0.941391 0.362875
-0.517663 0.963096 0.481825
0.00035567 0.627512 0.587599
-0.00402498 0.724732 0.705625
-0.061982 0.506513 1.13503
-0.132617 0.338743 1.93813
-0.0563923 0.861178 -0.509115
-0.49435 1.07632 -0.288578
0.0985556 1.18265 -0.0626441
-0.756808 0.849036 0.188994
-0.201688 0.819985 0.348426
-0.0954877 0.971671 0.27413
-0.306921 0.912435 0.937045
-0.18277 0.578688 0.810796
-0.598888 0.835595 1.10395
-0.280243 0.476275 1.24255
0.0114319 1.23041 -0.195341
-0.0938076 0.769492 -0.0557969
0.209444 0.769903 -0.0728737
-0.023978 0.869392 -0.00847697
-0.361567 0.693224 0.216598
0.0804421 0.65122 0.469978
-0.169677 0.60971 0.670364
-0.045584 0.571173 0.860389
-0.379957 0.507196 1.11094
-0.331928 0.43865 1.44315
0.289356 0.881526 -0.599752
-0.591529 0.957851 -0.674854
-0.486084 1.03141 -0.121454
0.00171321 0.788961 -0.149023
-0.480811 0.770434 0.256907
-0.120305 0.69396 0.804496
-0.470512 0.541544 0.994509
-0.0610157 0.643456 1.08706
-0.474341 0.744867 1.20107
-0.0649117 0.316466 1.71968
0.30837 1.07835 -0.903968
-0.391743 0.945718 -0.241625
-0.00960547 0.742275 0.0725781
0.0417291 0.712471 0.214944
-0.284535 0.856403 0.486061
-0.0603086 0.736325 0.456142
0.00670981 0.967549 0.816128
-0.211708 0.521842 1.10682
0.127453 0.977581 1.13181
-0.015163 0.609879 1.23705
-0.280671 0.939058 -1.11247
-0.459593 1.02575 -0.764648
-0.156268 0.912349 -0.752575
-0.248935 1.16605 0.0362107
-0.0424519 1.0447 0.402904
-0.00923838 0.82145 0.582581
-0.0869281 1.0974 0.920667
-0.215701 0.802592 1.03616
-0.468218 0.837792 1.35739
-0.0944107 0.199821 2.17322
-0.0927938 1.2678 -0.326976
0.361991 1.23668 0.0936081
0.0979324 1.29971 0.21204
-0.00333257 1.28946 0.413773
-0.686576 0.95334 0.51047
-0.560121 1.02018 0.664001
0.0731482 1.10938 0.861109
0.354943 1.04893 0.949823
0.151014 0.991761 1.30042
-0.157128 0.86309 1.31213
0.119341 1.11078 -0.479603
0.0729066 1.08616 -0.258544
0.201914 1.27713 0.0167765
0.0853993 0.831549 0.190556
-0.11682 1.06999 0.69318
0.333221 1.03683 0.779429
-0.197593 1.02194 0.821478
0.0722829 0.851202 0.724345
0.14448 0.850172 1.0388
0.142318 0.818294 1.2852
0.0818388 1.05419 -0.663982
-0.165317 1.0111 -0.394551
-0.237819 1.18121 -0.27336
0.163863 1.04768 -0.110592
-0.139113 1.13943 0.300012
0.243819 0.940415 0.905192
-0.110573 0.799354 1.16485
0.254533 0.514602 1.13013
0.277857 0.316079 2.79283
0.0535022 0.327847 1.97704
0.179513 0.822611 -0.320476
0.285251 0.8853 0.0226826
0.12777 0.872586 0.0513677
0.199537 0.93228 0.299171
0.0536941 0.934292 0.330881
0.120881 0.740465 0.59498
-0.0406625 0.814442 0.84353
0.382191 0.659244 0.950667
0.0441293 0.746567 1.18449
0.0947748 0.560749 1.55848
-0.0317763 1.10445 -0.391617
0.0951726 0.907187 -0.0915891
-0.187496 1.07415 0.158103
0.409008 0.740193 0.0616359
0.206404 0.635334 0.526708
0.127445 0.616085 0.648743
0.153154 0.732192 0.75309
0.18627 0.875122 0.6092
-0.216008 0.65273 1.09019
-0.292102 0.591206 2.55334
-0.0916696 1.04916 -0.96317
-0.203681 1.20177 -0.443722
0.140285 0.798131 -0.187687
-0.0303109 1.06588 -0.106683
-0.049925 0.80346 0.289599
0.278553 0.813298 0.309425
0.0651887 0.614904 0.788021
0.205481 0.581149 1.42317
-0.722983 0.431984 2.19745
0.95625 0.854839 2.32161
0.0909428 0.871467 -0.57549
0.012142 0.810686 -0.28627
0.2432 0.906746 -0.13406
0.0850102 0.974578 0.170151
-0.245789 0.930425 0.640738
0.186427 0.577806 0.782217
-0.121813 0.642803 0.532321
0.00516265 0.679731 0.919267
-0.332534 0.617597 1.20711
0.285987 0.608824 1.24162
0.317293 0.905006 -0.746955
-0.312764 1.04959 -0.341565
0.142145 0.732231 0.0926623
0.229764 0.840124 0.167192
-0.461739 2.84678 -0.019832
0.182569 0.677553 0.373066
-0.445751 0.842688 0.846763
0.348946 0.603442 0.725379
-0.418374 0.459038 1.29221
0.169369 0.309136 1.76385
-0.208175 0.854236 -0.455327
0.29287 0.79655 -0.20836
0.187992 0.700623 0.223212
0.115186 1.07614 0.417545
0.187947 1.20895 0.339637
0.310216 0.662323 0.441086
0.171581 1.05658 0.981635
0.0585807 0.982902 0.65296
-0.0422317 0.79888 1.0094
-0.0412341 0.745307 1.33025
0.0101428 0.915959 -0.741492
0.0369676 0.991265 -0.870068
0.101367 0.924404 -0.24412
-0.369957 1.09516 0.126208
-0.0612916 1.01245 0.553008
-0.196957 0.973284 0.41515
0.0263809 0.972682 0.981442
0.106653 0.831333 0.883777
-0.27571 1.13904 0.919638
0.0632373 0.152533 2.37188
0.244403 1.05787 -0.745584
-0.0875972 1.2653 -0.0665373
0.0724184 1.15964 0.0968799
0.3521 0.773932 -0.0714423
0.0158449 1.16081 0.531258
0.789588 1.0883 0.540076
0.287922 1.29822 0.907328
0.0997881 0.563618 0.911909
0.115001 0.462046 2.42657
-0.0225239 0.446792 1.62374
0.230488 1.144 -0.353783
0.30692 1.25456 -0.121063
0.379766 0.849424 0.164865
-0.643687 1.1447 0.846565
0.0750272 0.926418 0.501068
0.523037 0.830046 0.436451
0.25774 0.810135 0.840073
0.354756 0.628672 1.38962
0.0919272 0.496271 1.21853
0.407372 0.613259 1.60863
0.277131 1.12287 -0.6078
0.181492 1.25937 -0.500385
0.414576 0.802054 -0.306483
-0.0297643 1.07256 0.181283
0.0258037 1.16122 0.702957
0.288334 0.669656 0.825795
0.214065 0.623313 1.03672
0.276207 0.890155 1.20506
-0.37666 0.260616 1.90348
0.231666 0.272083 1.91189
0.4009 0.939297 -0.864911
0.324131 1.05223 -0.47539
0.335935 1.00392 -0.0571722
0.269147 0.746226 0.0488755
0.275007 1.04772 0.365613
0.355728 0.918663 0.425293
0.0840989 0.710541 1.04354
0.357537 0.647373 1.10434
0.225854 0.475006 1.29731
0.169068 0.442692 1.44642
0.192146 0.990677 -0.557957
0.494452 1.04213 -0.503832
0.21686 0.854238 -0.467894
0.490367 1.2001 0.187785
0.223804 0.96935 0.490325
0.40029 0.872029 0.568407
0.413116 0.700992 0.647494
0.409178 0.565775 0.840728
0.0634363 0.508896 1.381
0.56106 0.172159 2.29914
0.194026 0.941556 -0.87621
0.171176 1.24218 -0.212137
0.357176 1.0471 -0.323991
0.425471 0.883509 -0.0644324
-0.1307 0.973334 0.0522562
0.15617 1.08121 0.585629
0.227436 0.743151 1.14968
0.369591 0.493182 1.2379
-0.0402443 0.434523 1.46722
0.176729 0.406264 1.61301
0.440742 0.879973 -0.573829
0.153337 0.967993 -0.397273
0.275596 1.13118 -0.00855888
0.314398 0.720675 0.173022
-0.0441119 0.873566 0.144324
0.465733 0.656204 0.478169
0.253908 0.671902 0.66572
0.641541 0.543978 0.95607
-0.196783 0.699502 1.26044
0.509757 0.638786 1.11917
0.222795 0.958527 -1.08682
0.1318 1.12587 -0.833822
0.0188989 0.983245 -0.487147
0.646738 0.856086 0.0555862
0.0232049 1.17301 0.306583
0.191471 1.11389 0.743216
0.624315 0.839123 0.944765
0.00140663 0.909023 1.23319
0.404251 0.243023 2.35224
-0.200289 0.15001 2.81838
0.598183 1.06513 -0.361236
0.335797 1.21671 -0.466182
-0.00971106 1.91929 -0.115055
0.316608 0.692581 0.306878
0.375276 1.21997 0.592246
0.202418 0.940867 0.74715
0.267471 0.751501 1.36004
0.106588 0.650146 1.32446
0.335807 0.542402 1.00709
-0.165442 0.31984 2.57551
0.467148 0.940838 -1.21992
-0.00200482 1.22553 -0.518395
0.623698 0.920139 -0.43072
0.0792353 0.763893 -0.0325552
0.341525 1.2635 0.393458
0.0777059 0.784329 0.4569
0.249058 0.565623 0.909234
0.14176 0.61628 1.17631
0.0474564 0.713431 1.47291
0.0863604 0.170614 2.56598
0.1511 1.23084 -0.66149
0.0808649 1.23427 -0.360925
0.291832 0.907388 -0.335804
0.445902 1.16178 -0.10846
0.223381 1.16524 0.14525
0.425669 0.817344 0.304314
0.347243 0.634824 0.563555
0.582998 0.898975 1.33396
0.285516 1.05519 1.1117
0.465943 0.458952 1.53272
0.471021 0.946752 -0.360546
0.401704 0.974987 0.0852934
0.351083 1.12566 0.246176
1.98679 1.57688 0.85375
0.188632 2.25779 0.116958
0.579812 0.922186 0.768542
0.453786 0.984372 0.681293
0.481611 0.552414 0.97041
0.708327 0.61131 1.0832
0.427748 0.517068 1.11312
0.459964 1.14519 -0.392655
1.28119 6.18577 1.03067
0.561111 0.824366 -0.321299
0.609938 2.91587 0.997224
0.676644 0.814856 0.199473
0.69322 0.697238 0.278299
0.716735 0.723707 0.979188
0.39556 0.89934 0.811466
1.69969 0.78577 2.23727
0.386516 0.231076 2.06792
0.488721 1.04712 -0.237093
0.445846 0.781384 -0.161914
0.498888 1.04667 0.21994
0.44785 0.685564 0.340786
0.381438 1.11698 0.461244
0.288469 0.778711 0.559013
0.475224 0.82316 0.700802
0.626386 0.72938 1.11545
0.633634 0.610573 1.23781
0.452902 0.72722 1.44738
0.557343 0.941987 -0.911177
0.648682 0.910698 -0.0947108
0.564285 1.2334 -0.294149
0.27316 0.992797 0.171633
0.57401 0.681054 0.361062
0.765965 0.664504 0.383234
0.456365 0.790522 1.08025
0.374576 0.757092 1.2244
0.407575 0.856756 1.34188
0.40207 0.294957 1.89287
0.715943 1.172 -0.370853
0.51675 1.01907 -0.0836243
0.49126 0.847241 0.0656255
0.537077 0.900828 0.200292
0.230428 1.18961 0.502043
0.386135 0.770953 0.444787
0.493334 0.604649 0.713544
0.403527 0.802529 0.927828
0.542949 0.684084 0.962787
0.455352 0.603799 1.2643
0.397349 1.20894 -0.261656
0.214048 1.01789 -0.259203
0.630196 1.11118 -0.00574061
0.447806 0.713424 0.197093
0.474522 1.17216 0.343634
0.856608 0.779396 0.602527
0.523946 1.1363 0.717192
0.621824 0.973248 1.05397
0.900787 0.54322 1.44201
0.540571 0.493239 1.22221
0.0697055 0.908203 -1.00916
0.364812 0.85018 -0.446828
0.632009 0.792137 -0.190711
0.700471 0.729059 0.0834854
0.119631 0.793071 0.320688
0.505593 0.981142 0.391217
0.66997 0.583157 0.741602
0.26314 0.755566 0.988243
0.157356 0.681487 0.900419
0.313326 0.43082 1.48406
0.52313 0.895385 -0.19268
0.186778 1.01522 0.0466452
0.645763 0.946466 -0.261792
0.617616 1.10677 0.341533
0.570668 0.737449 0.0674729
0.314537 1.01408 0.610377
0.496009 1.08222 0.562865
0.57352 0.52012 1.07689
0.674701 1.10415 0.965677
0.543108 0.461008 1.36953
0.41476 0.904786 -1.04859
0.893279 0.958845 -0.0780325
0.376736 0.925612 -0.208653
0.151964 1.07545 0.255733
1.03033 0.837473 0.431125
0.665225 0.911492 0.326254
0.50162 1.19528 0.883317
0.310973 0.809801 0.702854
1.41024 0.569934 2.2405
0.460532 0.470414 1.73008
0.497015 0.89146 -0.712744
-0.0622848 2.14395 0.78182
0.317021 1.09231 -0.17811
0.60367 1.26661 0.0936262
0.548023 0.898206 0.587421
0.354959 1.19643 0.752773
0.787896 1.20752 0.691797
0.436079 0.953954 1.15677
0.150968 0.715515 1.67941
0.533372 0.743811 1.27751
0.745141 1.18282 -0.56606
0.752053 0.991268 -0.688083
0.762324 1.25478 0.141599
0.562195 0.985529 0.0625471
0.798897 0.799938 0.307952
0.515986 0.752843 0.560751
0.495937 1.02894 0.846422
0.552557 0.596778 1.39018
0.831752 0.455913 1.31429
0.785284 0.423313 1.4652
0.501907 1.05213 -0.792596
0.798722 0.998435 -0.528164
0.936597 0.96626 -0.227884
1.17861 1.06278 -0.0535022
0.980526 1.10982 0.567672
0.861273 0.827229 0.763751
0.971222 0.692769 0.909448
0.898752 0.777031 1.24418
0.971507 0.315446 1.70064
0.416463 0.415871 2.75873
0.509052 0.839843 -0.449183
0.606715 1.12589 -0.170834
0.458706 1.11208 0.0451599
0.628675 1.1188 0.157167
1.00851 0.867749 0.077936
0.672328 0.764863 0.406039
0.537672 0.788023 0.835309
0.75111 0.602177 0.894964
1.05097 0.447136 1.45328
0.60709 0.38413 1.65675
0.594098 1.18444 -0.48942
1.06522 0.950606 -0.407136
0.732776 0.989808 0.0364305
0.564986 1.22579 0.470004
0.63245 0.653472 0.477722
0.897837 0.646391 0.486944
0.559616 0.624523 0.59049
0.658264 0.730235 1.39245
1.04961 0.679684 1.24261
0.33092 0.393101 1.68295
0.885933 0.901496 -0.73509
1.04858 0.913678 -0.786556
1.05413 1.05796 -0.177722
0.893378 0.970514 0.0902362
0.567876 0.796852 0.301246
0.381533 0.960104 0.279882
0.659184 0.701021 0.833726
0.807403 0.54705 1.19171
0.680026 0.475297 1.31269
0.248641 0.209009 2.24687
0.395531 1.17667 -0.741832
0.618952 0.881109 -0.576563
0.820719 0.941986 0.252347
0.918058 0.775313 0.169567
0.95389 0.831667 0.293373
0.661862 0.76518 0.56503
0.696505 0.846391 0.680637
0.429107 0.701023 0.799192
1.2155 0.6587 1.38394
0.398532 0.459013 1.37867
0.448477 1.17428 -0.584044
0.63368 0.918776 -0.761219
0.826975 0.867677 -0.594878
0.787037 0.86248 -0.0325747
1.14737 0.897765 0.337025
0.558093 0.57155 0.839161
0.576747 0.865081 1.17055
0.69909 0.553354 1.44491
0.807519 0.670182 1.48496
0.759858 0.154103 2.6524
0.75418 0.980543 -0.378463
0.790909 0.918085 -0.206201
0.543846 0.783868 -0.0646447
0.769668 1.13351 0.318218
0.903545 1.10092 0.408729
0.652556 0.909405 0.485572
0.489615 0.923257 0.962578
0.833617 0.701972 0.837605
0.507071 1.09159 2.40845
0.267788 0.533046 1.56608
0.406679 1.01834 -0.642882
1.00788 0.888826 -0.625762
1.14841 0.857378 -0.0992814
0.489671 1.31368 -0.0138034
0.657522 1.06385 0.806608
0.694857 0.623456 0.603586
0.972455 0.842218 0.989838
0.767188 0.965002 1.15696
1.08386 0.934081 1.17489
0.570122 0.224648 2.06898
0.601392 1.13691 -0.667985
0.854124 1.28107 -0.308154
0.273245 1.30401 -0.328659
0.872699 1.17933 -0.146838
0.935829 1.04363 0.25155
0.634631 1.25708 0.277959
1.06763 0.969439 0.885467
0.904354 0.957975 0.840806
0.318596 0.888425 1.04418
0.785779 0.359297 1.66606
0.701532 0.826346 -0.321486
0.771887 0.786328 -0.164969
0.829575 0.746541 0.054083
0.799438 0.704613 0.188481
1.29748 0.664398 0.40607
0.839741 0.624525 0.618468
0.82788 0.835001 0.936025
0.725452 0.847612 1.06765
1.1371 0.475737 1.29091
0.982719 0.467659 1.30206
0.958392 0.982485 -0.529191
0.910415 0.984721 -0.379157
1.15853 0.914495 0.0578369
1.32662 0.814056 0.41076
1.01053 0.670538 0.401839
0.899513 0.763093 0.42117
1.08012 0.701615 0.754485
0.675176 0.505049 1.15824
1.54326 0.439349 2.32613
0.863342 0.262556 1.89428
0.703068 1.00538 -0.962793
1.09875 0.921547 -0.23531
0.8296 1.10741 -0.00437595
0.764647 0.995593 0.404586
0.907715 0.938116 0.670896
0.769523 0.685804 0.511934
0.638709 1.00718 0.641049
0.957098 0.537177 1.0268
0.773547 0.640451 1.31688
0.542444 0.300424 2.55921
0.791557 1.07205 -0.26129
1.06907 0.757814 -0.200493
0.57514 0.711665 0.20384
0.775685 0.932431 0.57965
0.927146 0.690552 0.292366
1.15536 0.745889 0.622293
0.985255 0.623957 0.621669
1.031 0.822855 0.843192
1.06155 0.641315 1.04986
0.538894 0.301438 1.76774
0.853759 0.909962 -1.04632
1.13119 0.866978 -0.512015
0.731951 1.04253 -0.118771
1.04184 0.708637 0.176383
1.09285 0.897725 0.559149
0.754965 0.708234 0.704423
0.854464 0.649911 0.997524
0.928751 0.626036 1.13665
1.43215 0.310529 1.75634
0.66309 0.303128 1.92003
0.755202 0.85137 -0.461362
0.717389 1.24979 -0.20265
0.992272 1.12781 -0.0388474
1.14644 0.818179 0.170455
1.20377 0.705045 0.242972
0.630448 1.06096 0.484469
1.16443 0.771802 0.459389
0.929189 0.699811 0.721098
1.04225 0.552053 0.910252
0.641673 0.64549 1.55086
0.884849 1.08441 -0.635203
1.64279 0.893387 -0.360759
0.788736 1.10272 0.161226
0.898577 0.923401 0.386584
1.60416 0.714592 0.165988
0.785012 0.833998 0.467219
1.12646 0.673168 0.911218
0.812166 0.535302 1.04875
1.95122 0.202287 2.74402
0.623515 0.4182 1.50537
0.765114 0.926234 -0.83904
1.2731 0.854794 -0.454256
0.917871 0.800899 -0.199202
0.683342 0.766748 -0.0466212
1.23383 0.643686 0.535364
0.999148 0.748919 0.555697
1.06746 0.993049 0.712521
0.921999 0.595126 1.28444
1.29903 0.482375 1.3065
1.05186 0.291592 1.85928
0.607884 0.968586 -1.10512
0.649413 1.02858 -0.54797
0.842187 0.828032 -0.328564
0.969069 0.748631 0.0424548
1.11161 0.747855 0.0360433
0.591852 0.711048 0.698692
1.47868 0.609095 0.81027
0.724157 0.79018 1.23345
1.74991 0.349037 1.84191
0.56362 0.562023 1.64967
0.946155 1.13713 -0.298568
1.2219 0.932612 -0.347296
0.679623 0.976727 0.184746
0.796144 0.861407 0.127566
1.39414 0.937065 0.584501
0.724913 0.875502 0.825509
1.30526 0.932338 0.799877
1.18608 0.647 1.1583
0.487959 1.08036 1.0442
1.17654 0.161346 2.55464
1.12827 1.01292 -0.546762
1.29397 1.03364 -0.455755
1.37978 0.737759 0.00921016
1.08521 0.764414 0.304588
1.27807 0.839914 0.261753
1.01983 0.836453 0.686564
1.37833 0.728632 0.844025
1.15518 0.583075 0.805605
1.35026 0.631172 1.19967
0.949505 0.710673 1.39548
0.92019 0.945129 -0.890425
1.33791 0.869394 -0.695599
1.2634 0.906927 -0.190193
1.33452 0.781939 -0.134336
1.49326 0.837166 0.177236
1.13173 0.607243 0.652161
1.66868 0.611438 0.638725
1.03057 0.78009 1.12045
1.22478 0.433907 1.44658
0.776072 0.245793 2.0792
1.17895 0.888528 -0.666631
1.41827 0.831118 -0.384135
1.04556 0.974586 -0.0374479
0.937591 1.16841 0.114356
1.15227 0.677186 0.373028
0.8496 0.579624 0.741109
1.32458 0.567147 0.804537
0.893071 0.561297 0.881863
1.58373 0.429968 1.29921
1.07063 0.583183 1.38713
1.20457 0.906661 -1.00215
1.6407 0.76791 -0.137032
1.26412 0.808771 -0.291444
0.878024 0.766598 -0.0638246
1.50815 0.685232 0.278667
1.46293 0.854037 0.335664
1.43653 0.544772 0.943776
1.55843 0.68468 0.96577
1.28161 0.353231 1.63529
1.0197 0.238384 2.03251
0.918257 0.847287 -0.463306
1.83195 0.766586 -0.577046
0.986793 0.835513 -0.324751
1.43331 0.885329 -0.0109623
1.3246 0.875796 0.114545
1.00006 0.59102 0.781692
1.0499 0.512693 1.15825
1.26992 0.604738 0.941254
1.2215 0.508026 1.16325
0.917656 0.435426 1.5752
1.16355 0.942895 -1.16291
1.73634 0.873463 -0.214821
1.12479 0.818632 -0.334827
1.0036 0.827265 -0.0772668
1.23697 0.756712 -0.0371638
1.29283 0.614447 0.662908
1.52896 0.69021 0.597123
0.808075 0.994424 0.971881
1.75009 0.309058 1.5744
1.15938 0.806616 1.27795
1.18973 1.19988 -0.446555
1.38951 0.898651 -0.555174
1.24703 1.08271 -0.624426
1.22263 1.05608 -0.219843
1.76734 0.757572 0.440382
0.920644 0.97628 0.522624
1.08944 0.648383 0.518877
1.16345 0.532277 1.02003
1.51804 0.556704 1.09498
1.35137 0.284836 2.63774
1.14868 1.27936 -1.41602
1.56782 1.147 0.0377897
1.04852 1.04549 0.111188
1.26195 0.727126 0.108092
1.41687 0.720892 0.149717
0.782944 1.03204 0.717138
1.2314 0.694576 0.781104
0.856068 0.76232 1.09251
2.20211 0.700195 1.22765
1.01672 0.62529 1.54614
1.01373 1.12797 -0.48644
1.55971 0.977924 -0.992133
1.41879 0.857267 -0.227601
0.850317 1.12344 -0.447798
1.03211 0.927182 0.217161
1.2584 0.847239 0.545911
1.64705 0.285913 2.50995
0.919508 0.945402 1.2287
1.99267 0.757881 2.00222
1.16674 0.179868 2.84068
1.40167 1.04873 -0.678413
0.72256 1.23988 -0.0331396
0.90111 1.22088 0.271223
1.26676 1.09015 0.309433
1.08546 1.11677 0.291489
1.52293 1.03799 0.423692
0.651493 1.17365 0.603932
1.73238 1.06453 1.05437
0.931436 1.10485 0.727881
0.363317 0.359502 2.22432
1.10393 1.08781 -0.338759
1.10883 1.21932 -0.165654
1.13726 1.18871 0.0809194
1.1789 0.985878 0.208947
1.46113 0.703718 0.421036
1.16704 0.864545 0.739775
1.20247 0.813959 0.886066
1.13725 0.894102 1.02015
1.43285 0.483836 1.21859
1.11286 0.364053 1.58887
1.50689 0.972898 -0.441822
1.48548 0.768463 -0.100907
1.73384 0.726083 0.0806905
2.15691 0.603351 0.29
1.94421 0.591137 0.441231
1.66553 0.796415 0.599625
1.8563 0.556199 0.677747
1.34158 0.531435 1.06975
1.92631 0.352345 1.55928
1.60137 0.390115 1.47943
1.40518 0.88347 -1.05794
1.69567 0.801252 -0.452554
2.20715 0.67812 0.0735679
1.39427 0.982913 0.228409
1.35748 0.974627 0.41022
1.47521 0.836063 0.703777
1.59883 0.710513 0.763355
1.9051 0.416181 1.3123
1.48252 0.303066 2.22167
1.40075 0.244894 1.89993
1.54977 0.837146 -0.494788
1.85861 0.721346 -0.235859
1.79236 0.772503 -0.0680147
1.54089 0.982329 0.105396
2.36627 0.684403 0.263142
2.03174 0.589469 0.625508
1.22268 0.745682 1.03523
1.36374 0.858286 0.968055
2.54455 0.306128 1.82681
1.45955 0.358147 1.59864
1.45975 0.929664 -0.829192
2.01688 0.688512 -0.0400498
1.27644 1.06211 0.109179
1.61734 0.776385 0.36308
1.60755 0.544258 0.853559
1.31489 0.779938 0.686907
1.80238 0.626112 0.526131
1.78634 0.462362 1.00491
2.35001 0.481965 0.953418
1.18058 0.235736 1.96336
1.03152 1.04192 -0.689719
1.8897 0.897506 -0.758432
1.38886 1.00442 -0.144851
1.20009 0.985071 0.458359
1.04151 1.00618 0.408902
1.22768 0.978934 0.632572
1.52365 0.84756 0.501257
2.44119 0.576207 1.18467
1.4268 0.40701 1.42105
1.54431 0.232304 2.03989
1.59523 0.873427 -0.691193
2.29988 0.726978 -0.263232
1.88832 0.658014 0.0808868
1.57321 0.788598 0.028499
2.21676 0.593116 0.482728
1.75157 0.693075 0.258542
1.98875 0.507756 0.961105
2.71034 0.485546 0.827869
1.79898 0.227242 1.96924
1.25209 0.291383 1.78747
1.2444 0.954308 -0.820602
1.55159 0.811013 -0.268895
1.41047 1.06548 0.0145443
1.28115 0.932408 -0.033283
1.63435 0.900188 0.253161
1.36926 0.638389 0.526454
1.3879 0.754973 0.553094
1.72701 0.423379 1.19784
1.99839 0.469261 1.12819
1.59252 0.262677 1.83882
1.03305 0.92535 -1.01035
1.98581 0.817423 -0.45734
2.06062 0.651639 0.136676
2.10262 0.67596 1.0871
2.54585 0.361021 1.33754
1.59992 0.645718 0.463395
2.14147 0.507463 0.79963
1.38981 0.681188 1.02617
2.28115 0.350046 1.50222
1.45058 0.15001 2.71202
1.70357 0.908001 -0.967431
1.68228 0.910657 -0.0174732
1.54848 0.924282 -0.132294
1.38501 0.996275 -0.315375
2.03069 0.632864 1.83501
1.35519 0.691592 0.274534
1.42907 0.608063 0.671134
1.83934 0.514271 0.862659
1.72041 0.686272 1.61466
1.8636 0.306031 1.71172
