1000 0.1
-2.74553 0.15001 -2.07374
-2.32642 0.15001 -2.17612
-2.68504 0.15001 -0.383653
-2.84638 0.15001 0.130635
-2.31046 0.15001 -0.0624059
-2.26663 0.15001 0.155891
-2.55622 0.15001 2.48731
-2.65972 0.15001 2.32761
-2.34629 0.15001 2.24526
-2.6785 0.15001 2.62045
-2.84157 0.15001 -2.51977
-2.83707 0.15001 -1.70231
-2.847 0.15001 -0.282003
-2.84619 0.15001 0.323568
-2.84999 0.15001 1.36892
-2.84714 0.15001 1.85998
-2.84969 0.15001 2.04054
-2.84999 0.15001 2.23333
-2.84999 0.15001 2.84999
-2.28988 0.15001 2.84999
-2.6174 0.15001 -2.84999
-2.83994 0.15001 -0.501951
-2.48179 0.15001 -0.310028
-1.96964 0.15001 0.793075
-2.66906 0.15001 0.0217789
-1.01319 0.283625 1.0682
-1.75103 0.15001 1.89494
-2.10743 0.15001 1.79071
-2.64387 0.15001 2.14321
-2.64086 0.15001 2.84979
-2.39055 0.15001 -1.99687
-2.64478 0.15001 -1.72108
-2.84213 0.15001 -0.0830093
-2.84999 0.15001 1.17808
-2.64736 0.15001 0.222899
-2.71443 0.15001 1.72501
-2.65549 0.15001 1.93777
-2.22668 0.317232 2.37459
-2.84999 0.15001 2.44197
-2.46263 0.15001 2.84999
-2.56359 0.15001 -2.68936
-2.26959 0.15001 -2.66547
-2.77804 0.15001 -1.04185
-2.65832 0.15001 -0.176486
-1.38021 0.15001 0.590126
-2.72636 0.15001 0.803434
-2.69594 0.15001 1.28706
-1.81912 0.15001 2.3215
-1.88492 0.15001 1.7573
-1.39523 0.15001 2.29364
-2.84999 0.15001 -2.71035
-2.527 0.15001 -2.12164
-2.81926 0.152082 -1.32923
-2.25735 0.15001 0.385905
-2.64171 0.15001 0.4459
-2.84999 0.15001 0.536153
-2.61368 0.15001 1.47511
-2.53979 0.15001 1.65962
-2.77994 0.287527 2.34967
-2.73944 0.302886 2.84999
-2.4267 0.15001 -2.59408
-2.70407 0.15001 -1.89674
-2.66467 0.15001 -0.614128
-2.06871 0.15001 0.0111513
-2.44775 0.15001 0.0921016
-2.50131 0.295412 1.55874
-2.52795 0.15001 1.19865
-2.36727 0.15001 1.55582
-1.92527 0.303879 2.20615
-2.38363 0.15001 2.44662
-2.48545 0.15001 -1.82583
-2.47716 0.15001 -0.6772
-2.808 0.15001 -0.737895
-2.0779 0.15001 -0.226602
-2.43156 0.15001 0.811614
-2.66407 0.15001 0.992864
-2.39112 0.15001 1.37551
-2.5076 0.237115 2.23906
-2.84999 0.15001 2.67232
-2.07076 0.15001 2.59539
-2.60249 0.15001 -2.48955
-2.26421 0.15001 -0.268162
-2.2786 0.15001 -0.700878
-2.2904 0.15001 0.633122
-2.48642 0.15001 1.00679
-2.8058 0.170979 1.55719
-2.02701 0.15001 1.6332
-2.62184 0.295004 2.05195
-2.39208 0.15001 2.63443
-2.21335 0.15001 2.45574
-2.55927 0.15001 -1.35002
-1.4848 0.15001 -0.881408
-2.44868 0.15001 -1.13443
-2.15959 0.15001 0.803749
-2.55615 0.15001 0.665035
-2.41123 0.15001 0.286337
-2.28839 0.15001 1.79637
-1.98799 0.15001 2.2231
-2.44655 0.15001 2.04279
-2.37586 0.309235 2.79763
-2.1089 0.15001 -2.4429
-0.739963 0.15001 0.32791
-0.952579 0.15001 0.514095
-0.860338 0.15001 0.684352
-0.910615 0.15001 1.02316
-1.12152 0.15001 1.21645
-1.39408 0.15001 1.68456
-0.783276 0.15001 1.56877
-0.842029 0.15001 1.89968
-1.21768 0.15001 2.07829
-2.71264 0.15001 -2.62188
-0.837684 0.15001 0.169894
-2.65529 0.15001 -1.1821
-1.04594 0.15001 0.673942
-0.966249 0.15001 0.844232
-2.84824 0.15001 0.993337
-0.977421 0.15001 1.4832
-0.949944 0.15001 1.66008
-1.03149 0.15001 1.84229
-1.03829 0.15001 2.83334
-2.46156 0.15001 -2.83627
-0.642111 0.269318 0.421341
-0.817221 0.275319 0.571143
-0.740704 0.265107 0.737509
-0.708464 0.231994 0.988841
-0.77156 0.15001 1.13659
-0.757446 0.280056 1.29161
-0.712766 0.289392 1.49438
-0.739641 0.15001 1.74455
-2.12026 0.15001 2.84999
-2.77501 0.15001 -2.84999
-0.824011 0.316495 0.219331
-0.939163 0.15001 0.332459
-0.939287 0.298777 0.728033
-0.867374 0.282184 0.911661
-0.931206 0.195288 1.21743
-0.914516 0.295656 1.40477
-0.873356 0.29031 1.58545
-0.907477 0.262413 1.77863
-1.85702 0.15001 2.62812
-2.05765 0.15001 -2.62039
-0.834728 0.286663 0.398729
-0.756736 0.419168 0.655756
-0.84891 0.433235 0.813268
-0.738957 0.41029 0.95431
-0.7981 0.317796 1.11232
-0.89525 0.387582 1.24903
-0.742389 0.416271 1.6012
-0.753417 0.338263 1.77502
-0.95787 0.235977 2.00311
-1.03395 0.15001 -0.0467454
-0.693003 0.433568 0.282203
-2.73245 0.15001 -1.54651
-2.67877 0.15001 -0.885037
-0.918642 0.429786 1.00016
-1.71972 0.15001 1.37915
-0.876102 0.452579 1.47149
-0.946116 0.426232 1.66524
-0.93924 0.403765 1.88222
-1.9448 0.15001 2.84999
-1.36335 0.15001 -2.82567
-2.11149 0.15001 -2.02846
-0.718591 0.41933 0.474797
-0.767296 0.583772 0.734723
-0.72967 0.59037 0.925346
-0.796881 0.49964 1.11554
-0.801749 0.530829 1.31176
-0.733752 0.565348 1.5004
-0.75897 0.474105 1.90395
-2.04949 0.15001 2.38515
-2.14161 0.15001 -2.19779
-0.696899 0.585332 0.38117
-2.31439 0.15001 -0.463419
-1.84331 0.15001 1.03647
-0.697418 0.649341 1.14334
-1.8825 0.15001 2.06489
-2.48648 0.15001 1.83667
-1.68588 0.15001 2.4291
-0.735875 0.179184 2.36032
-1.94805 0.294269 2.45735
-1.30995 0.15001 -2.53843
-2.54165 0.15001 -1.55421
-1.63332 0.15001 -0.139955
-2.52665 0.15001 -0.497245
-2.17805 0.15001 1.34681
-2.18065 0.15001 1.52739
-0.764491 0.706836 1.34051
-0.82346 0.551563 1.7266
-2.15808 0.15001 2.22858
-1.4871 0.15001 2.10173
-1.09575 0.15001 0.152466
-1.79646 0.15001 -1.29981
-2.09294 0.15001 0.579257
-1.8004 0.15001 0.565902
-1.65214 0.15001 2.04295
-2.07964 0.15001 1.11073
-1.99572 0.15001 1.46448
-1.66492 0.15001 2.23614
-2.21868 0.15001 2.01733
-1.42191 0.15001 2.84987
-2.30583 0.15001 -2.84544
-0.388824 0.15001 0.184591
-0.541209 0.15001 0.482931
-0.6122 0.15001 0.716006
-0.592265 0.15001 0.889816
-0.421304 0.15001 1.15864
-0.483146 0.15001 1.31334
-0.671208 0.15001 1.42471
-0.559275 0.15001 1.79144
-0.667826 0.15001 1.95576
-1.12952 0.15001 -2.84997
-0.655325 0.15001 0.12716
-0.699934 0.15001 0.559727
-0.772444 0.15001 0.855177
-0.57844 0.15001 1.06657
-0.648133 0.15001 1.25662
-0.837933 0.15001 1.36736
-0.604415 0.15001 1.61809
-0.767926 0.297877 1.9704
-0.655229 0.15001 2.84997
-1.84798 0.15001 -2.57611
-0.528612 0.15001 0.302427
-0.430424 0.273602 0.485044
-0.505119 0.281715 0.736145
-0.487744 0.282739 0.905392
-0.611329 0.27519 1.16684
-0.581811 0.283518 1.34682
-0.510204 0.16441 1.47903
-0.427115 0.27205 1.82222
-0.592822 0.263174 2.07105
-2.04056 0.15001 -2.83596
-0.47714 0.315616 0.316475
-0.612594 0.29928 0.59882
-0.629493 0.364377 0.821511
-0.591514 0.357681 1.02423
-0.671736 0.424655 1.21636
-0.544646 0.349519 1.49867
-0.611845 0.305409 1.67995
-0.607794 0.289714 1.87449
-0.435834 0.213385 2.20582
-1.11201 0.15001 -2.54797
-0.637107 0.274007 0.241585
-0.529596 0.420273 0.473005
-0.492462 0.431053 0.651462
-0.499288 0.454012 0.911012
-0.422722 0.451775 1.08126
-0.676997 0.425153 1.39464
-0.504645 0.446413 1.63565
-0.507755 0.41695 1.80655
-0.606341 0.15001 2.20698
-0.502694 0.214608 0.0581857
-0.515565 0.495174 0.301388
-0.628714 0.530205 0.595118
-0.592785 0.531844 0.780081
-0.607875 0.525437 1.04838
-0.522373 0.515491 1.21575
-0.552014 0.531016 1.48914
-0.653738 0.487002 1.73223
-0.58949 0.433153 1.98237
-0.846167 0.15001 2.84999
-1.53984 0.15001 -2.84095
-2.36013 0.15001 -2.43188
-0.529004 0.611602 0.450812
-0.434741 0.595986 0.715033
-0.505728 0.632103 0.920303
-0.480622 0.638319 1.10575
-0.623195 0.587448 1.33685
-0.560817 0.623175 1.6491
-0.5626 0.579722 1.85553
-1.76771 0.15001 2.84999
-1.24854 0.15001 -2.6945
-0.439532 0.674255 0.287412
-0.599797 0.709674 0.607706
-0.62927 0.707509 0.798983
-0.59506 0.754758 1.02866
-0.554764 0.72877 1.24609
-0.511415 0.721208 1.49893
-0.691212 0.731818 1.55844
-0.518293 0.745591 1.78592
-1.50478 0.15001 2.42864
-0.230307 0.15001 -1.60229
-1.67104 0.15001 -2.69305
-2.0249 0.15001 0.381098
-0.460826 0.778798 0.722908
-0.625797 0.870794 0.886869
-1.94551 0.15001 1.28978
-2.26247 0.15001 1.16625
-2.03371 0.15001 1.97142
-1.52942 0.15001 2.6666
-1.24389 0.15001 2.84999
-1.19703 0.15001 -2.38015
-2.31264 0.15001 -1.54316
-1.27965 0.15001 -1.23734
-1.86387 0.151068 0.0463972
-1.80564 0.230156 0.793829
-0.616324 0.272027 2.55849
-0.23914 0.860862 1.29678
-0.627524 0.810273 1.39536
-0.55656 0.313131 2.84999
-1.37337 0.313027 2.84978
-0.75725 0.15001 -2.84999
-0.164976 0.15001 0.425124
-0.293898 0.15001 0.554465
-0.432974 0.15001 0.808772
-0.419735 0.15001 0.984515
-0.251562 0.15001 1.07915
-0.330993 0.15001 1.39265
-0.362505 0.15001 1.55302
-0.321795 0.15001 1.87403
-0.340728 0.15001 2.0739
-0.58921 0.15001 -2.7763
-0.231584 0.15001 0.0517493
-0.359698 0.15001 0.384983
-0.44991 0.15001 0.632924
-0.2709 0.15001 0.906857
-0.34846 0.261093 1.26042
-0.160175 0.15001 1.49932
-0.397819 0.15001 1.71652
-0.483361 0.15001 1.96244
-0.0470596 0.15001 2.84999
-0.940568 0.15001 -2.84156
-0.253045 0.284997 0.457429
-0.201313 0.285588 0.624599
-0.330061 0.27375 0.806129
-0.448677 0.285115 1.07496
-0.28299 0.303709 1.09958
-0.393917 0.298664 1.4249
-0.281029 0.287157 1.56753
-0.246787 0.268474 1.7636
-0.264074 0.293202 2.02783
-1.84674 0.15001 -2.81326
-0.304182 0.280742 0.286009
-0.347973 0.421687 0.426366
-0.366609 0.302659 0.638709
-0.335844 0.363038 0.948515
-0.477279 0.355045 1.23032
-0.190584 0.397616 1.48152
-0.448167 0.279401 1.62413
-0.438629 0.321517 1.99351
-0.218045 0.150823 2.21883
0.127886 0.15001 -0.260132
-0.358019 0.436222 0.230198
-0.2655 0.44363 0.604929
-0.373888 0.439487 0.783369
-0.208482 0.445192 1.05299
-0.30919 0.425173 1.22592
-0.44143 0.455254 1.36794
-0.357578 0.440981 1.53024
-0.336733 0.398702 1.7048
-0.297194 0.345363 2.19309
-0.231871 0.15001 -0.482282
-0.197296 0.505798 0.174645
-0.393357 0.54594 0.545986
-0.247756 0.563084 0.730091
-0.347836 0.538148 0.943384
-0.311756 0.583149 1.11763
-0.260634 0.511706 1.37061
-0.39061 0.566039 1.69495
-0.383274 0.521396 1.87589
0.0944191 0.271919 2.84998
-0.332908 0.29703 0.0975456
-0.301046 0.575854 0.351263
-0.252245 0.665086 0.566457
-0.334871 0.682018 0.842034
-0.362698 0.731201 1.01699
-0.383739 0.606683 1.28078
-0.386386 0.602146 1.46218
-0.256315 0.608102 1.57959
-0.228225 0.556415 1.77805
-0.351733 0.475193 2.05654
-0.897897 0.15001 -0.264854
-1.70094 0.15001 -2.41467
-0.417769 0.735901 0.542186
-0.266531 0.776618 0.703681
-0.216751 0.814896 0.916031
-0.378829 0.769765 1.20073
-0.209389 0.684011 1.41752
-0.386103 0.737942 1.64071
-0.453955 0.637972 1.9975
-0.468406 0.15001 2.85
-0.140593 0.15001 -2.51319
-1.66787 0.15001 -2.12782
-0.334635 0.15001 -2.34012
-0.875931 0.15001 -0.556393
-0.431553 0.84336 0.894526
-0.2184 0.809264 1.10396
-0.371298 0.76989 1.38728
-0.244258 0.8105 1.54316
-0.340752 0.693872 1.83533
-1.59531 0.15001 2.84864
-0.69573 0.15001 -2.34803
1.00862 0.15001 -1.38844
-1.4247 0.15001 -1.6315
-0.613242 0.27273 -0.729327
-0.924987 0.708494 1.13577
-0.276559 0.15001 2.62971
-1.18681 0.15001 2.29006
-2.23241 0.254355 2.63277
-0.365935 0.15001 2.38152
-1.14744 0.284395 2.84793
-0.66202 0.15001 -1.46085
-0.0511675 0.15001 -0.155203
-0.114055 0.15001 0.611011
0.0290944 0.15001 0.72927
-0.116743 0.15001 0.830624
-0.0965417 0.15001 1.17394
-0.0830045 0.15001 1.34433
-0.0401084 0.15001 1.64036
-0.141664 0.15001 1.80964
-0.0160764 0.15001 1.93468
0.948403 0.15001 -2.60888
-0.211998 0.15001 0.242932
0.0526983 0.15001 0.523292
-0.254525 0.15001 0.724674
-0.0855918 0.15001 0.998641
-0.236427 0.15001 1.25496
0.0363241 0.15001 1.47573
-0.223627 0.15001 1.6561
-0.188735 0.15001 1.97764
0.2231 0.15001 2.84992
-0.506622 0.15001 -2.46128
-0.0741279 0.279686 0.394275
-0.0287057 0.279823 0.573266
-0.0770742 0.276664 0.739277
-0.179672 0.287428 0.922215
-0.102558 0.291592 1.07847
-0.216218 0.265387 1.38586
0.0575521 0.277906 1.58646
-0.112935 0.295793 1.93079
-0.0798077 0.17789 2.10389
-0.248459 0.15001 -2.84999
-0.100248 0.266862 0.215255
-0.124466 0.396329 0.505716
-0.206456 0.38066 0.772651
-0.0540263 0.400662 0.954536
-0.172039 0.303262 1.2289
-0.0518082 0.29046 1.44022
-0.120662 0.293254 1.61959
-0.292124 0.37657 1.88257
0.00754059 0.15001 2.25468
-0.153395 0.344997 0.0621684
-0.180711 0.406324 0.329591
0.0700506 0.409368 0.554151
-0.0802341 0.438062 0.668924
-0.18489 0.500977 0.88699
-0.0452823 0.429584 1.1701
-0.111501 0.422741 1.3314
-0.0267585 0.424698 1.55179
-0.131396 0.407858 1.79665
-0.121817 0.373164 2.09791
-0.691579 0.15001 -2.54247
-0.0237746 0.432312 0.195791
-0.171981 0.548787 0.468193
-0.0178384 0.549902 0.850857
-0.0717843 0.549564 1.02618
-0.171708 0.531829 1.20401
-0.107055 0.547031 1.46866
-0.177498 0.460966 1.63832
-0.184856 0.495625 1.95561
0.325629 0.293045 2.84999
-0.00675062 0.15001 -2.66572
-0.0834231 0.580294 0.312395
-0.088449 0.608058 0.636652
-0.1356 0.680722 0.804568
-0.209072 0.647357 0.986092
-0.0514974 0.670439 1.14207
-0.0674819 0.617294 1.31721
-0.085987 0.625876 1.62731
-0.0417733 0.565645 1.79516
-0.0792307 0.557407 2.09298
-0.989986 0.15001 -2.66665
0.29768 0.15001 -2.7945
-0.08956 0.712202 0.473206
-0.062 0.786586 0.666323
-0.0441413 0.712983 0.955903
-0.218233 0.692145 1.23962
-0.0297337 0.708867 1.47098
-0.196037 0.735404 1.72249
-0.159766 0.674753 1.91544
0.523197 0.304154 2.84954
-1.43154 0.15001 -2.65707
0.169611 0.15001 -2.60387
0.0304094 0.857522 0.51395
-0.160467 0.915229 0.770364
-0.059948 0.870697 1.03881
-0.0579015 0.815952 1.23963
-0.0950299 0.867195 1.41552
-0.0664345 0.828864 1.60789
-0.0298256 0.779167 1.82385
-0.276867 0.15001 2.84604
0.018168 0.15001 -2.45464
-0.176885 0.15001 -1.81436
-1.89934 0.15001 -2.3419
1.28614 0.251708 -0.209542
-0.471022 0.873252 1.08304
0.28161 0.88994 1.50887
-1.05481 0.15001 2.53725
-1.3096 0.15001 2.50303
-0.977446 0.15001 2.29315
-0.0443336 0.15001 2.56151
0.125235 0.15001 -2.84999
0.399834 0.15001 -0.567526
0.0128983 0.15001 0.345367
0.18651 0.15001 0.633652
0.102936 0.15001 0.962611
0.217094 0.15001 1.12125
0.0868246 0.15001 1.29837
0.158826 0.15001 1.62126
0.0758018 0.15001 1.77856
0.0998106 0.15001 2.07343
-0.0692325 0.15001 -2.84999
0.154949 0.15001 0.0788728
0.227466 0.15001 0.458493
0.186293 0.15001 0.80598
0.208057 0.28217 1.02846
0.0535817 0.163604 1.12168
0.21148 0.15001 1.45446
-0.0379036 0.266397 1.77393
0.285711 0.15001 2.06738
0.43578 0.15001 2.84479
-0.424691 0.15001 -2.66667
0.0674333 0.282729 0.25432
0.105633 0.275515 0.427965
0.10482 0.289301 0.683089
0.00040747 0.253712 0.894807
0.169719 0.273449 1.21535
-0.000690177 0.288394 1.26024
0.243199 0.283728 1.55648
0.161176 0.283506 1.73366
0.0776405 0.282972 1.91488
0.940201 0.15001 -2.8479
0.284002 0.252361 0.151449
0.227323 0.295948 0.550385
0.0296832 0.39405 0.798385
0.167328 0.296331 0.867509
0.0625021 0.3359 1.07868
0.121081 0.285834 1.39953
0.0345299 0.403098 1.71809
0.153437 0.416625 1.85147
0.187166 0.188104 2.22606
0.0266257 0.272254 0.0753019
0.0184388 0.419527 0.374051
0.221261 0.475551 0.588818
0.198253 0.413999 0.750315
0.118202 0.443698 0.941237
0.139326 0.432069 1.24056
0.0477501 0.444592 1.38501
0.142816 0.418432 1.53493
0.221997 0.444103 1.68795
0.0451947 0.309362 2.09251
-0.423323 0.15001 -2.84999
0.179403 0.406236 0.210772
0.0151126 0.557629 0.482028
0.0754817 0.532092 0.689243
0.201563 0.561936 0.83291
0.0817421 0.514937 1.09312
0.217319 0.582022 1.35108
0.071429 0.547141 1.6446
-0.00601142 0.442015 1.93949
0.627559 0.15001 2.84999
1.85935 0.15001 -2.20857
0.105331 0.554135 0.299431
0.209825 0.596782 0.455724
0.0741843 0.687827 0.786364
0.107516 0.627183 0.964122
0.0825741 0.59104 1.24405
0.0952533 0.585331 1.47853
0.228804 0.629011 1.65912
0.143859 0.581108 1.81119
0.092404 0.478309 2.10617
0.825857 0.15001 -2.45782
0.0827665 0.71781 0.385762
0.0796053 0.685607 0.586024
0.00261678 0.846627 0.838093
0.251615 0.721561 0.882908
0.121169 0.738026 1.15747
0.115249 0.723907 1.35598
0.0659643 0.720228 1.67639
0.032378 0.632352 1.95247
1.02678 0.35269 2.84999
1.05218 0.15001 -2.43071
0.610326 0.15001 -2.36542
0.241904 0.768893 0.523339
0.141531 0.82986 0.687956
0.129519 0.803677 0.988406
0.0939464 0.897716 1.32073
0.106713 0.829578 1.50825
0.227594 0.809092 1.65923
0.172419 0.757825 1.8356
0.183203 0.638722 2.06916
-0.0183224 0.15001 -1.95955
0.355009 0.15001 -2.54553
0.0500211 0.15001 -1.79936
0.234579 0.893941 0.845598
0.084717 0.972712 0.947178
0.0881028 0.914002 1.13707
0.272006 0.836288 1.34082
0.385096 0.15001 2.3727
0.899967 0.15001 2.16518
0.715009 0.30192 2.84999
-0.181322 0.15001 -2.68842
0.172935 0.15001 0.253934
0.356332 0.15001 0.593308
0.368881 0.15001 0.79322
0.272614 0.15001 0.958778
0.383685 0.15001 1.12235
0.261566 0.15001 1.28481
0.34787 0.15001 1.5951
0.182144 0.15001 1.91782
0.377799 0.15001 1.91874
1.70354 0.15001 -2.76353
0.708443 0.15001 -2.66695
0.631113 0.15001 -0.481997
0.323921 0.15001 -0.313626
0.445079 0.15001 0.964573
0.404731 0.230921 1.2611
0.530879 0.15001 1.53997
0.271622 0.15001 1.76192
0.484118 0.15001 2.05943
0.822107 0.15001 2.6939
0.201931 0.277337 -0.0313091
0.262982 0.264664 0.332752
0.398829 0.15001 0.40241
0.279049 0.265942 0.717719
0.347417 0.279654 0.916874
0.368136 0.30565 1.09012
0.296516 0.274395 1.38747
0.421871 0.278029 1.50557
0.269806 0.28553 1.8888
0.37146 0.21775 2.20508
1.35659 0.15001 -2.84227
1.20613 0.15001 -2.66391
0.370802 0.335021 0.441657
0.409386 0.350747 0.786352
0.503276 0.329293 0.983826
0.312008 0.366002 1.23978
0.432032 0.392458 1.3722
0.332526 0.300568 1.71002
0.449993 0.292461 1.84821
0.226357 0.309496 2.07203
0.690153 0.15001 -2.84999
0.205994 0.420614 0.409152
0.367785 0.379528 0.610134
0.345845 0.498964 0.73546
0.293262 0.435895 0.91587
0.234356 0.433005 1.09002
0.239235 0.423537 1.39189
0.365767 0.413901 1.57545
0.3334 0.434715 1.83575
1.08827 0.180315 2.64843
2.13087 0.15001 -2.84999
0.570837 0.15001 -0.676178
0.377868 0.510658 0.396787
0.363458 0.572583 0.570232
0.404455 0.471883 1.06991
0.320138 0.528437 1.21643
0.270783 0.538933 1.51732
0.382539 0.534413 1.69793
0.241299 0.469527 1.99484
0.404184 0.325535 2.01553
0.491156 0.15001 -2.8338
0.368059 0.388352 0.247708
0.483772 0.659462 0.469746
0.399058 0.648057 0.791546
0.356431 0.596036 0.956911
0.233514 0.611491 1.08758
0.393688 0.56181 1.37421
0.432061 0.61833 1.54085
0.464093 0.543069 1.87968
0.8791 0.212143 2.84999
1.54139 0.15001 -2.84999
0.283957 0.557756 0.241577
1.81461 0.15001 -1.2491
0.234142 0.647902 0.679044
0.373923 0.73162 1.07892
0.287521 0.698084 1.24019
0.264893 0.71001 1.48242
0.367739 0.704648 1.75454
0.29733 0.625642 1.91129
0.40055 0.497522 2.07835
1.85315 0.15001 -2.65706
0.879287 0.15001 -1.12136
1.50321 0.15001 -0.301757
0.342317 0.80397 0.718014
0.433836 0.780488 0.913745
0.269414 0.864516 1.15523
0.432826 0.738023 1.37166
0.412604 0.792849 1.58876
1.44636 0.15001 2.46539
1.27412 0.164818 2.642
1.49025 0.15001 -2.66659
1.41731 0.15001 -1.83173
1.75798 0.18255 1.38035
2.22054 0.15001 0.0827259
2.11077 0.15001 0.523758
1.55735 0.15001 1.5584
0.507194 0.160668 2.64019
0.688818 0.15001 2.57272
0.483523 0.64998 2.04165
1.21732 0.15001 2.41672
1.13802 0.15001 -2.84254
1.08338 0.15001 -0.512395
0.567482 0.15001 0.339246
0.535525 0.15001 0.543901
0.592699 0.15001 0.711595
0.717487 0.15001 1.10969
0.398725 0.15001 1.4093
0.712606 0.15001 1.60377
0.452021 0.15001 1.75967
1.03408 0.15001 2.48769
2.2849 0.15001 -2.67057
0.556074 0.15001 -0.0912833
0.749171 0.15001 0.644215
0.625436 0.15001 0.944866
0.903691 0.15001 1.10014
0.545229 0.15001 1.2476
0.662561 0.15001 1.39305
0.633019 0.15001 1.77278
1.14934 0.15001 2.26234
1.05221 0.15001 2.84999
1.88347 0.15001 -2.44064
0.458419 0.226882 0.227333
0.532073 0.281614 0.448158
0.470989 0.253449 0.659636
0.514566 0.222806 0.83534
0.548164 0.196866 1.09045
0.529928 0.249523 1.37817
0.642537 0.27383 1.51183
0.490845 0.266214 1.65771
0.732749 0.289294 2.02966
1.85609 0.15001 -2.84999
0.690152 0.260775 0.310756
0.652738 0.289819 0.631081
0.620403 0.35139 0.852801
0.681071 0.300404 1.02112
0.52117 0.335935 1.19398
0.637537 0.375717 1.35883
0.651711 0.296018 1.69697
0.587485 0.218051 1.92998
0.551778 0.189932 2.22558
1.71742 0.15001 -2.53161
2.22466 0.15001 -2.29876
0.508125 0.443132 0.522558
0.540535 0.409859 0.698891
0.475955 0.475311 0.884951
0.574193 0.470539 1.07687
0.542591 0.492775 1.26381
0.545088 0.400703 1.5694
0.513356 0.417569 1.75062
1.23212 0.15001 2.84999
1.99153 0.15001 -2.76064
0.541769 0.398825 0.316685
0.689702 0.462877 0.615537
0.645274 0.521888 0.788529
0.699651 0.47179 0.954511
0.739254 0.52008 1.34077
0.731789 0.421726 1.50134
0.713266 0.455339 1.6782
0.663178 0.381163 1.85558
1.57733 0.338649 2.84999
2.0265 0.15001 -2.51923
2.05415 0.15001 -2.27108
0.631103 0.540106 0.43033
0.517151 0.581079 0.661232
0.552843 0.630656 0.906347
0.461316 0.632661 1.20195
0.555014 0.515672 1.44412
0.562378 0.555866 1.64813
0.575839 0.399985 2.0175
1.41909 0.15001 2.84999
2.50609 0.15001 -2.71107
1.08445 0.15001 -1.17855
0.689936 0.64492 0.628226
0.716149 0.687964 0.825189
0.577175 0.686562 1.0727
0.692244 0.583154 1.1728
0.605623 0.652687 1.33656
0.695966 0.601511 1.52533
0.633613 0.570699 1.81878
1.80135 0.15001 2.67601
2.4038 0.15001 -2.30126
1.10925 0.15001 -1.57459
1.86093 0.15001 -0.627338
0.545945 0.746152 0.747813
0.766333 0.631014 1.00598
0.550274 0.795831 1.22567
0.576252 0.746051 1.50084
0.552296 0.726163 1.7027
0.652296 0.580435 2.01237
1.53292 0.15001 2.65133
1.36213 0.15001 -2.52776
1.01835 0.15001 -0.25216
1.99724 0.15001 -1.26483
2.32717 0.15001 0.555083
1.7823 0.15001 0.830285
2.41794 0.15001 0.195005
1.8233 0.15001 0.560247
1.94588 0.15001 1.45524
1.77458 0.15001 2.34886
1.86009 0.33081 2.84842
1.30662 0.15001 0.30455
0.892693 0.15001 0.536498
1.69201 0.15001 0.277387
1.00398 0.15001 0.755953
1.68195 0.15001 1.22567
0.829954 0.15001 1.27193
0.960627 0.15001 1.39251
1.13634 0.15001 1.79283
0.714374 0.15001 2.14307
2.70893 0.15001 2.35039
2.68592 0.15001 -2.69503
2.84999 0.15001 -2.41105
0.821839 0.15001 0.358279
2.84999 0.15001 -0.904998
0.99517 0.15001 0.937979
1.03992 0.15001 1.21831
1.12484 0.15001 1.46298
0.901086 0.15001 1.57528
1.82875 0.15001 2.14196
1.59234 0.15001 2.84999
2.11911 0.15001 -2.65849
0.697175 0.169031 0.479554
0.875003 0.246284 0.692066
0.724152 0.203132 0.810655
0.805934 0.15001 0.952608
0.67925 0.244057 1.24948
0.804993 0.220681 1.4518
0.82276 0.15001 1.74836
0.751771 0.15001 1.91697
0.937085 0.15001 1.9173
2.61915 0.15001 -2.84999
2.29216 0.15001 -2.84999
0.862045 0.264344 0.230023
1.07203 0.15001 0.585056
0.898029 0.278761 0.865129
0.818748 0.287183 1.14588
1.77137 0.15001 1.60093
1.03259 0.262867 1.58816
2.24993 0.15001 2.67157
1.77774 0.15001 2.84999
0.761985 0.15001 0.0988604
0.684291 0.362359 0.465199
0.846274 0.329689 0.534562
0.768772 0.373704 0.76294
1.00324 0.287856 1.04769
0.695326 0.404938 1.18567
0.817356 0.337497 1.32212
0.815035 0.291374 1.63683
0.834181 0.307927 1.85851
2.325 0.15001 2.84999
2.56554 0.15001 -2.57238
2.513 0.15001 -2.42427
0.978235 0.234045 0.406519
0.95343 0.404516 0.718067
2.617 0.15001 0.882714
0.978526 0.311939 1.23005
1.01374 0.314403 1.40796
0.907162 0.397264 1.52885
0.98041 0.231723 1.76205
0.927426 0.283291 2.0363
0.638947 0.295323 0.138466
1.65104 0.15001 -1.72936
1.9453 0.15001 -0.108512
0.83796 0.53269 0.82037
1.97411 0.15001 0.404188
0.848212 0.384086 1.0001
0.921284 0.483717 1.36506
0.934711 0.406223 1.7179
2.07116 0.15001 2.61936
2.25936 0.312648 2.82687
2.67225 0.15001 -2.33534
0.756048 0.427031 0.306437
0.860484 0.520257 0.590803
2.61785 0.283373 0.733029
2.24515 0.15001 0.746109
0.874955 0.459886 1.17632
1.56215 0.15001 2.03651
0.854047 0.561386 1.62078
0.814433 0.513199 1.82006
0.792204 0.455858 1.99845
2.5299 0.15001 -1.97145
1.25752 0.15001 -0.85411
1.74024 0.15001 -0.0979729
2.47817 0.15001 -0.284226
2.41154 0.15001 0.879839
1.24324 0.15001 1.17501
1.5408 0.15001 0.643146
1.35979 0.15001 2.29967
1.92572 0.15001 2.48561
1.99261 0.282699 2.71792
2.29342 0.15001 -2.1057
2.32174 0.15001 -1.40711
2.67342 0.15001 -0.924433
2.4734 0.15001 0.405406
2.48308 0.15001 0.700037
1.92026 0.15001 1.21565
1.38816 0.15001 1.94741
2.01104 0.15001 2.08074
1.34229 0.15001 2.11949
1.99707 0.15001 2.28791
2.84999 0.15001 -2.70808
2.84999 0.15001 -2.56159
2.06904 0.15001 -0.478453
1.63553 0.15001 0.478538
2.68796 0.15001 -0.0921817
2.69389 0.15001 0.675199
2.03383 0.15001 1.90431
2.73187 0.15001 1.22604
2.52982 0.15001 2.33763
2.84999 0.15001 1.97061
2.69181 0.15001 -1.87545
2.84999 0.15001 -1.55752
2.84999 0.15001 -0.67319
2.84999 0.15001 -0.435632
2.84999 0.15001 0.758454
2.84999 0.15001 1.5487
2.84999 0.15001 1.75581
2.56183 0.15001 2.14517
2.84999 0.15001 2.22377
1.9659 0.15001 2.84999
2.84999 0.15001 -2.84999
2.85 0.15001 -2.26159
2.83144 0.15001 -2.11128
1.09708 0.289336 0.792052
2.84999 0.15001 0.28742
2.82409 0.15001 0.0599626
2.52837 0.15001 1.25448
2.84999 0.15001 1.36346
2.84999 0.15001 2.50215
2.84999 0.15001 2.84999
2.48835 0.15001 -1.54957
1.88057 0.15001 -1.68241
2.67153 0.150445 0.222344
2.84999 0.15001 -0.17531
2.59705 0.15001 1.08281
2.84858 0.15001 1.06774
1.99525 0.151767 0.943002
2.50488 0.15001 1.94664
2.61713 0.15001 2.66611
2.49924 0.15001 2.84999
2.45037 0.15001 -2.84999
2.16026 0.15001 -0.194339
2.03288 0.15001 -1.55631
2.68791 0.15001 -0.291442
1.46335 0.15001 1.77567
2.65708 0.15001 0.489035
2.69605 0.15001 1.64551
2.5268 0.15001 1.70214
1.65442 0.15001 2.51656
2.67423 0.15001 2.84999
2.70378 0.15001 -2.49724
2.84801 0.15001 -1.38038
2.33829 0.15001 -0.824662
2.28326 0.15001 -0.42611
2.84881 0.25154 0.911334
1.89597 0.15001 0.154434
2.67516 0.15001 1.84958
2.38628 0.15001 2.11328
1.76132 0.15001 1.9677
2.14706 0.15001 2.84999
2.36036 0.15001 -2.51541
2.26982 0.15001 -1.68627
2.58948 0.15001 -0.700264
1.8498 0.15001 -0.957372
2.84809 0.151769 0.551344
2.45675 0.15001 1.4488
2.35413 0.15468 1.77886
2.18387 0.15001 1.39096
2.29382 0.15001 1.95764
2.48391 0.15001 2.52081
2.55058 0.15001 -2.19134
2.84999 0.15001 -1.7883
2.55707 0.15001 0.0676303
2.61982 0.15001 -0.503193
2.28003 0.15001 1.05651
2.72014 0.198964 2.08254
1.4365 0.15001 0.987076
2.65738 0.15001 1.39995
2.80741 0.189655 2.67739
2.44878 0.223681 2.69122
2.18657 0.15001 -2.46915
2.38186 0.15001 -1.03429
2.57667 0.15001 -1.72489
2.84122 0.15001 -1.14892
2.2305 0.170707 0.269441
2.12969 0.15001 1.15313
2.15726 0.15001 1.74602
2.19067 0.15001 2.12433
2.11171 0.15001 2.4351
2.29131 0.15001 2.28301
2.00945 0.15001 -1.03273
1.65447 0.15001 -0.870361
1.8987 0.15001 -0.311242
2.24471 0.15001 -0.617416
1.94508 0.15001 0.708103
1.65562 0.15001 1.80248
2.33583 0.15001 1.27373
1.95302 0.15001 1.73335
2.11117 0.16142 1.56265
2.29802 0.153816 2.47677
