1000 0.1
-2.75337 0.15001 -1.97417
-2.34294 0.15001 -2.0748
-2.68763 0.15001 -0.308703
-2.83902 0.15001 0.194428
-2.3125 0.15001 0.00696683
-2.27657 0.15001 0.230875
-2.5605 0.15001 2.50417
-2.67439 0.15001 2.34399
-2.35618 0.15001 2.26123
-2.69512 0.15001 2.61632
-2.84402 0.15001 -2.55858
-2.8425 0.15001 -1.61185
-2.84988 0.15001 -0.207086
-2.84786 0.15001 0.389671
-2.84999 0.15001 1.41003
-2.8492 0.15001 1.88812
-2.84994 0.15001 2.06992
-2.84999 0.15001 2.25395
-2.84999 0.15001 2.84999
-2.27745 0.15001 2.84999
-2.60102 0.15001 -2.84999
-2.84616 0.15001 -0.421413
-2.48089 0.15001 -0.246182
-1.96607 0.15001 0.867447
-2.67774 0.15001 0.0856059
-0.998596 0.284975 1.08924
-1.75934 0.15001 1.92496
-2.11886 0.15001 1.83888
-2.62325 0.15001 2.16435
-2.6182 0.15001 2.84999
-2.40972 0.15001 -1.90341
-2.65508 0.15001 -1.62228
-2.84572 0.15001 -0.0196606
-2.84999 0.15001 1.20911
-2.64074 0.15001 0.278185
-2.71542 0.15001 1.73878
-2.65613 0.15001 1.97452
-2.23048 0.314024 2.3868
-2.84999 0.15001 2.45066
-2.45023 0.15001 2.84999
-2.56308 0.15001 -2.70756
-2.2358 0.15001 -2.6424
-2.78614 0.15001 -0.969089
-2.66312 0.15001 -0.102771
-1.35865 0.15001 0.626153
-2.72427 0.15001 0.846116
-2.69947 0.15001 1.31699
-1.82144 0.15001 2.33177
-1.89543 0.15001 1.79317
-1.36483 0.15001 2.30289
-2.84999 0.15001 -2.7271
-2.54511 0.15001 -2.02793
-2.82974 0.152395 -1.23767
-2.25886 0.152549 0.446682
-2.64644 0.15001 0.52017
-2.84999 0.15001 0.602846
-2.60494 0.15001 1.50795
-2.5352 0.15001 1.67705
-2.79547 0.300248 2.35386
-2.75182 0.2989 2.85
-2.45672 0.15001 -2.60604
-2.71194 0.15001 -1.79399
-2.67603 0.15001 -0.544
-2.08573 0.15001 0.0845558
-2.4537 0.15001 0.157211
-2.48894 0.290393 1.58471
-2.52206 0.15001 1.24098
-2.36472 0.15001 1.58672
-1.95626 0.31118 2.22372
-2.38795 0.15001 2.46251
-2.50228 0.15001 -1.73434
-2.48047 0.15001 -0.607281
-2.81247 0.15001 -0.660342
-2.05591 0.15001 -0.143023
-2.42803 0.15001 0.856971
-2.65702 0.15001 1.03302
-2.37707 0.15001 1.39662
-2.50536 0.251746 2.25776
-2.84999 0.18035 2.6826
-2.07771 0.15001 2.60511
-2.60783 0.15001 -2.54348
-2.26449 0.15001 -0.208457
-2.28981 0.15001 -0.633194
-2.30129 0.15001 0.679692
-2.47042 0.15001 1.05056
-2.79157 0.214522 1.58114
-2.03244 0.15001 1.67025
-2.61598 0.306203 2.0916
-2.36147 0.15001 2.65047
-2.20418 0.15001 2.45845
-2.55789 0.15001 -1.26112
-1.4571 0.15001 -0.83288
-2.4487 0.15001 -1.03481
-2.16078 0.15001 0.843229
-2.55199 0.15001 0.722936
-2.42016 0.15001 0.365332
-2.29057 0.15001 1.81774
-1.99319 0.15001 2.23556
-2.4312 0.15001 2.06817
-2.3746 0.297749 2.79642
-2.00099 0.15001 -2.44301
-0.727366 0.15001 0.353566
-0.934227 0.15001 0.538
-0.846146 0.15001 0.707896
-0.898146 0.15001 1.04493
-1.09349 0.15001 1.22391
-1.37257 0.15001 1.70101
-0.770988 0.15001 1.58806
-0.829369 0.15001 1.92063
-1.17492 0.15001 2.1124
-2.71122 0.15001 -2.68162
-0.824843 0.15001 0.194729
-2.64883 0.15001 -1.08419
-1.0318 0.15001 0.696175
-0.952662 0.15001 0.866475
-2.84407 0.15001 1.02851
-0.962995 0.15001 1.50539
-0.935729 0.15001 1.68232
-1.01796 0.15001 1.86372
-1.02317 0.15001 2.83814
-2.44263 0.15001 -2.84304
-0.629383 0.269773 0.445632
-0.80303 0.275337 0.594299
-0.728016 0.265843 0.761202
-0.695261 0.234284 1.01041
-0.760094 0.15001 1.15904
-0.743853 0.280488 1.31351
-0.699269 0.289631 1.51537
-0.727609 0.15001 1.76511
-2.10251 0.15001 2.84999
-2.76022 0.15001 -2.84999
-0.811843 0.316863 0.242941
-0.926724 0.15001 0.356636
-0.925453 0.298932 0.750449
-0.854317 0.282837 0.933918
-0.918109 0.198763 1.2399
-0.899784 0.295772 1.42766
-0.859454 0.290519 1.60821
-0.894416 0.263205 1.80057
-1.86377 0.15001 2.63988
-1.98302 0.15001 -2.60633
-0.821847 0.288054 0.422241
-0.745037 0.42004 0.678152
-0.836213 0.434107 0.83589
-0.725077 0.41161 0.975897
-0.784626 0.318311 1.1348
-0.880155 0.389261 1.27241
-0.729295 0.41671 1.62167
-0.740974 0.340199 1.79577
-0.94472 0.238145 2.02296
-1.00772 0.15001 -0.0183996
-0.680661 0.434672 0.304806
-2.72754 0.15001 -1.45606
-2.67889 0.15001 -0.815944
-0.904512 0.430826 1.02244
-1.74599 0.15001 1.4258
-0.86367 0.453511 1.49276
-0.932131 0.427252 1.68585
-0.927143 0.405214 1.90278
-1.92023 0.15001 2.84999
-1.30578 0.15001 -2.80165
-2.13723 0.15001 -1.91785
-0.705081 0.42077 0.49739
-0.754974 0.584867 0.757419
-0.717601 0.591733 0.948024
-0.783565 0.500347 1.13836
-0.788866 0.533502 1.33467
-0.721564 0.566484 1.52287
-0.747696 0.475627 1.92557
-2.03857 0.15001 2.40849
-2.09093 0.15001 -2.0973
-0.684326 0.586819 0.403157
-2.31585 0.15001 -0.395241
-1.82706 0.15001 1.04381
-0.684659 0.650351 1.16336
-1.85874 0.15001 2.1146
-2.49408 0.15001 1.86631
-1.66642 0.15001 2.44047
-0.717373 0.175788 2.3752
-1.93456 0.286184 2.45965
-1.28714 0.15001 -2.52368
-2.54409 0.15001 -1.47049
-1.5911 0.15001 -0.0981156
-2.51827 0.15001 -0.430102
-2.17508 0.15001 1.37888
-2.18672 0.15001 1.58287
-0.750716 0.708949 1.36322
-0.811244 0.553308 1.74836
-2.17945 0.15001 2.25223
-1.48458 0.15001 2.13065
-1.07157 0.15001 0.166949
-1.76182 0.15001 -1.21383
-2.07273 0.15001 0.587188
-1.81971 0.15001 0.615768
-1.64185 0.15001 2.06529
-2.06383 0.15001 1.15816
-1.99658 0.15001 1.48409
-1.64931 0.15001 2.26176
-2.20945 0.15001 2.04161
-1.39028 0.15001 2.84999
-2.26119 0.15001 -2.824
-0.377026 0.15001 0.207273
-0.528157 0.15001 0.505601
-0.599842 0.15001 0.739562
-0.579686 0.15001 0.912858
-0.412512 0.15001 1.18106
-0.471476 0.15001 1.33653
-0.659228 0.15001 1.44532
-0.547641 0.15001 1.81377
-0.65538 0.15001 1.9769
-1.09993 0.15001 -2.84999
-0.64277 0.15001 0.15253
-0.686104 0.15001 0.583299
-0.75953 0.15001 0.878439
-0.568191 0.15001 1.08897
-0.635681 0.15001 1.27795
-0.825808 0.15001 1.38626
-0.591711 0.15001 1.64028
-0.755448 0.298511 1.99014
-0.647078 0.15001 2.84999
-1.79016 0.15001 -2.59351
-0.516435 0.15001 0.325447
-0.419118 0.274713 0.507602
-0.492826 0.281721 0.758778
-0.47644 0.283458 0.92807
-0.59714 0.27531 1.18967
-0.569148 0.284395 1.36862
-0.498864 0.168299 1.50134
-0.414581 0.272933 1.84283
-0.58115 0.264109 2.09167
-1.99308 0.15001 -2.84135
-0.465807 0.316621 0.339572
-0.600766 0.300725 0.622289
-0.616581 0.366818 0.841842
-0.578534 0.359429 1.04827
-0.658594 0.424651 1.23834
-0.531623 0.351582 1.51985
-0.599806 0.305845 1.70062
-0.595771 0.29013 1.89518
-0.423984 0.215344 2.22519
-1.09847 0.15001 -2.5506
-0.625811 0.27436 0.266335
-0.5168 0.422245 0.496345
-0.480811 0.432094 0.675041
-0.487596 0.454847 0.93353
-0.410285 0.452205 1.10334
-0.664623 0.426335 1.41643
-0.492676 0.447656 1.65708
-0.496019 0.417393 1.82747
-0.593364 0.15001 2.22704
-0.49194 0.216948 0.0828533
-0.50348 0.496931 0.324607
-0.616601 0.531783 0.618642
-0.580479 0.534345 0.803359
-0.595718 0.526776 1.07091
-0.509765 0.516164 1.2376
-0.540019 0.532719 1.51084
-0.641684 0.488617 1.75259
-0.578248 0.434072 2.00228
-0.835013 0.15001 2.84999
-1.51022 0.15001 -2.84751
-2.36235 0.15001 -2.48862
-0.517049 0.613388 0.474073
-0.422953 0.597529 0.737588
-0.494277 0.633212 0.943639
-0.469112 0.639953 1.12882
-0.610546 0.58841 1.35832
-0.548518 0.625007 1.67027
-0.55019 0.58049 1.87571
-1.74247 0.15001 2.84999
-1.16552 0.15001 -2.70143
-0.427292 0.676193 0.31075
-0.588104 0.711543 0.630273
-0.617123 0.709406 0.821542
-0.580907 0.758065 1.05171
-0.5436 0.730465 1.2685
-0.499411 0.723195 1.52008
-0.679057 0.733346 1.57932
-0.506836 0.746982 1.80771
-1.50327 0.15001 2.44452
-0.19834 0.15001 -1.50727
-1.58609 0.15001 -2.6227
-2.00594 0.15001 0.423057
-0.449208 0.780734 0.745423
-0.61411 0.872229 0.909457
-1.93015 0.15001 1.3303
-2.24862 0.15001 1.19249
-2.02183 0.15001 1.98715
-1.54283 0.15001 2.66414
-1.20909 0.15001 2.84999
-1.16836 0.15001 -2.39569
-2.24813 0.15001 -1.46816
-1.24942 0.15001 -1.16337
-1.83314 0.156343 0.100254
-1.69914 0.245888 0.856493
-0.603887 0.278463 2.59706
-0.227408 0.863859 1.31664
-0.613769 0.814562 1.41564
-0.546194 0.305038 2.84999
-1.35334 0.319643 2.8498
-0.730974 0.15001 -2.84999
-0.153851 0.15001 0.447638
-0.282045 0.15001 0.577842
-0.420929 0.15001 0.831729
-0.4087 0.15001 1.00707
-0.241563 0.15001 1.10244
-0.319251 0.15001 1.41449
-0.351424 0.15001 1.57449
-0.310481 0.15001 1.89412
-0.328165 0.15001 2.09503
-0.559856 0.15001 -2.7949
-0.221461 0.15001 0.0751497
-0.348203 0.15001 0.408722
-0.437701 0.15001 0.656053
-0.259399 0.15001 0.929743
-0.336563 0.2604 1.28087
-0.149591 0.15001 1.5213
-0.387959 0.15001 1.73742
-0.471015 0.15001 1.98436
-0.0330668 0.15001 2.84999
-0.917175 0.15001 -2.84722
-0.24167 0.284842 0.48073
-0.190093 0.285805 0.647957
-0.318521 0.273985 0.828363
-0.435701 0.285499 1.09716
-0.270105 0.304297 1.12078
-0.381376 0.299749 1.44515
-0.269611 0.287189 1.5882
-0.234358 0.269092 1.78541
-0.252802 0.293017 2.04736
-1.81522 0.15001 -2.82551
-0.292879 0.280568 0.30945
-0.335204 0.422473 0.450853
-0.355238 0.303464 0.66096
-0.324168 0.363965 0.970307
-0.464094 0.356251 1.25261
-0.179378 0.398295 1.50266
-0.435754 0.280805 1.6458
-0.427176 0.323086 2.01371
-0.206081 0.15493 2.23884
0.12697 0.15001 -0.228877
-0.345966 0.436723 0.254915
-0.254125 0.444407 0.62894
-0.36189 0.440392 0.805949
-0.197411 0.446607 1.07546
-0.296543 0.425278 1.24805
-0.42935 0.456765 1.38989
-0.345702 0.44187 1.55175
-0.32392 0.399545 1.72588
-0.285983 0.347811 2.21156
-0.220661 0.15001 -0.445971
-0.18639 0.507676 0.199095
-0.381311 0.547369 0.569078
-0.236347 0.564754 0.752973
-0.336514 0.53922 0.965435
-0.300559 0.58432 1.13965
-0.249015 0.513186 1.39229
-0.378808 0.566925 1.7161
-0.371689 0.522312 1.89664
0.106885 0.276305 2.84997
-0.321438 0.297787 0.121413
-0.290049 0.576991 0.375849
-0.240518 0.66672 0.588516
-0.323791 0.68356 0.86468
-0.35147 0.732634 1.03966
-0.372012 0.608397 1.30275
-0.374663 0.603513 1.48393
-0.244943 0.60979 1.60123
-0.216644 0.557672 1.7988
-0.340939 0.47796 2.07719
-0.866277 0.15001 -0.23259
-1.69779 0.15001 -2.35308
-0.405933 0.737537 0.565233
-0.25524 0.777683 0.726096
-0.205483 0.816129 0.938686
-0.367584 0.771309 1.22302
-0.197572 0.685413 1.43942
-0.374585 0.739259 1.66258
-0.442645 0.639908 2.01743
-0.452513 0.15001 2.85
-0.135632 0.15001 -2.52105
-1.6011 0.15001 -2.04307
-0.327084 0.15001 -2.34797
-0.828169 0.15001 -0.521985
-0.420052 0.844653 0.917411
-0.20733 0.811017 1.12616
-0.359071 0.771447 1.40889
-0.232859 0.812079 1.5649
-0.329215 0.694798 1.85639
-1.56637 0.15001 2.84329
-0.66241 0.15001 -2.36262
0.992471 0.15001 -1.31498
-1.38243 0.15001 -1.53701
-0.570523 0.252499 -0.626653
-0.857956 0.753953 1.17452
-0.293001 0.15001 2.62768
-1.14958 0.15001 2.34454
-2.24996 0.268735 2.67531
-0.341402 0.15001 2.39724
-1.14734 0.312478 2.84824
-0.627582 0.15001 -1.38414
-0.039234 0.15001 -0.112443
-0.102942 0.15001 0.633289
0.0400263 0.15001 0.751604
-0.104614 0.15001 0.853896
-0.0847131 0.15001 1.19666
-0.0715376 0.15001 1.36682
-0.0296377 0.15001 1.66123
-0.129283 0.15001 1.82984
-0.0049325 0.15001 1.95546
0.92989 0.15001 -2.62834
-0.200523 0.15001 0.265676
0.0644811 0.15001 0.547792
-0.242181 0.15001 0.74801
-0.0758863 0.15001 1.02164
-0.224243 0.15001 1.27753
0.047525 0.15001 1.49727
-0.21342 0.15001 1.67802
-0.17732 0.15001 1.99733
0.222522 0.15001 2.84993
-0.466452 0.15001 -2.48068
-0.0631679 0.280117 0.418053
-0.0175612 0.279933 0.596482
-0.0659311 0.276772 0.762384
-0.168454 0.28756 0.945026
-0.0902853 0.291804 1.101
-0.204665 0.26556 1.4077
0.0683475 0.278136 1.60773
-0.101568 0.296146 1.9509
-0.0691706 0.180921 2.12343
-0.219363 0.15001 -2.84999
-0.0896531 0.268 0.239339
-0.113651 0.396524 0.529554
-0.194945 0.380968 0.795897
-0.0436579 0.401852 0.977346
-0.160428 0.303437 1.25106
-0.040635 0.290825 1.4618
-0.109752 0.293788 1.64069
-0.279848 0.378207 1.90327
0.0183218 0.15001 2.27349
-0.142086 0.347396 0.0869661
-0.169479 0.406912 0.353332
0.0800875 0.410254 0.578549
-0.0696572 0.439536 0.692386
-0.173821 0.501887 0.909354
-0.0349594 0.430616 1.19183
-0.100146 0.423778 1.35298
-0.015654 0.425125 1.57288
-0.119389 0.409355 1.81733
-0.110675 0.374745 2.11698
-0.66398 0.15001 -2.58522
-0.0132639 0.433584 0.220526
-0.160144 0.549194 0.491909
-0.00691244 0.551056 0.873286
-0.0608699 0.550951 1.04826
-0.160429 0.533808 1.226
-0.095701 0.54794 1.49024
-0.165674 0.462468 1.65902
-0.173846 0.498061 1.97614
0.336935 0.274636 2.84999
0.0306201 0.15001 -2.68806
-0.0726514 0.58253 0.336175
-0.0772522 0.60965 0.659547
-0.124228 0.682481 0.826998
-0.198007 0.648476 1.00796
-0.0401286 0.671702 1.16397
-0.0558293 0.618445 1.33893
-0.0749619 0.627824 1.64829
-0.0309164 0.567858 1.81654
-0.0681482 0.559274 2.11337
-0.943422 0.15001 -2.63981
0.32003 0.15001 -2.7405
-0.0780504 0.713196 0.496202
-0.0507789 0.788347 0.689004
-0.0330789 0.714338 0.97818
-0.207031 0.694013 1.26173
-0.0181649 0.710046 1.49226
-0.184495 0.736918 1.74404
-0.148439 0.676987 1.93664
0.524624 0.307818 2.84936
-1.40128 0.15001 -2.66377
0.176493 0.15001 -2.58838
0.0409526 0.85949 0.53665
-0.149413 0.916357 0.793195
-0.0486743 0.871758 1.06125
-0.0468667 0.817265 1.26115
-0.0838997 0.86817 1.43688
-0.0549318 0.83026 1.62904
-0.0187094 0.781643 1.8452
-0.261281 0.165947 2.84718
0.047849 0.15001 -2.43826
-0.161793 0.15001 -1.7387
-1.8188 0.15001 -2.2367
1.239 0.228484 -0.128596
-0.462484 0.876846 1.11038
0.296381 0.895012 1.53394
-0.985117 0.15001 2.54597
-1.29028 0.15001 2.49857
-0.945322 0.15001 2.32324
-0.0370683 0.15001 2.5707
0.162356 0.15001 -2.84999
0.38928 0.15001 -0.520243
0.0238404 0.15001 0.370086
0.198202 0.15001 0.657669
0.113308 0.15001 0.984964
0.226357 0.15001 1.14405
0.0976236 0.15001 1.31921
0.169378 0.15001 1.64247
0.0859068 0.15001 1.79929
0.110196 0.15001 2.09367
-0.0412031 0.15001 -2.84999
0.166953 0.15001 0.103323
0.23879 0.15001 0.482765
0.196796 0.15001 0.829515
0.21835 0.282162 1.05128
0.0639026 0.16833 1.14299
0.222287 0.15001 1.47579
-0.0268259 0.267306 1.7942
0.295978 0.15001 2.08793
0.450521 0.15001 2.82795
-0.439305 0.15001 -2.66322
0.0781097 0.282626 0.2787
0.116091 0.27594 0.452343
0.115657 0.28937 0.706551
0.0109945 0.254784 0.918969
0.181465 0.274507 1.23809
0.0106928 0.289426 1.28236
0.253419 0.283884 1.57753
0.171538 0.283478 1.75512
0.0883113 0.283107 1.93507
0.923531 0.15001 -2.84929
0.292734 0.255115 0.176629
0.237852 0.296286 0.573974
0.0398073 0.394672 0.821267
0.177552 0.296961 0.89032
0.0739992 0.338897 1.10081
0.131905 0.286121 1.42121
0.046052 0.403605 1.73877
0.163857 0.417241 1.87288
0.197271 0.191163 2.24518
0.03899 0.274387 0.099962
0.0294579 0.42003 0.398044
0.231487 0.476467 0.611676
0.207991 0.415027 0.773206
0.128729 0.44528 0.963154
0.150104 0.433128 1.26252
0.059089 0.445557 1.40698
0.153712 0.419197 1.55697
0.232211 0.444955 1.70972
0.0572241 0.310447 2.11225
-0.386067 0.15001 -2.84999
0.188335 0.407873 0.235316
0.0267306 0.558549 0.505281
0.0861904 0.533772 0.712247
0.212383 0.563306 0.855556
0.0924146 0.516466 1.11524
0.227848 0.581958 1.37342
0.0814503 0.548208 1.6666
0.00470045 0.443089 1.9602
0.630295 0.15001 2.84999
1.81508 0.15001 -2.25691
0.115639 0.555555 0.323606
0.220524 0.598301 0.479065
0.0848477 0.689355 0.809263
0.118648 0.629146 0.986839
0.0943164 0.592719 1.26567
0.106303 0.586267 1.50096
0.238635 0.630162 1.68035
0.154996 0.581836 1.83287
0.103008 0.479819 2.12651
0.811526 0.15001 -2.47846
0.0938174 0.719657 0.40869
0.0903113 0.687322 0.608592
0.0138474 0.848309 0.860766
0.261805 0.723315 0.905348
0.131968 0.740022 1.1792
0.127233 0.724687 1.37822
0.0766453 0.721358 1.69821
0.0434987 0.634691 1.97324
1.00856 0.39469 2.85
1.05197 0.15001 -2.44929
0.588211 0.15001 -2.3968
0.251954 0.771046 0.545821
0.15199 0.831436 0.710596
0.140345 0.80624 1.01062
0.105449 0.89797 1.34185
0.118276 0.831722 1.52937
0.238187 0.810486 1.67928
0.183066 0.75906 1.85646
0.19345 0.640861 2.09032
0.00576247 0.15001 -1.86164
0.347808 0.15001 -2.52688
0.0489515 0.15001 -1.69327
0.244267 0.895605 0.867322
0.0960898 0.975324 0.968606
0.0992025 0.916392 1.1587
0.282535 0.837636 1.36801
0.387115 0.15001 2.41794
0.907151 0.15001 2.199
0.718699 0.304378 2.84999
-0.153942 0.15001 -2.70284
0.183879 0.15001 0.278426
0.367731 0.15001 0.618158
0.37921 0.15001 0.816216
0.283047 0.15001 0.982139
0.392952 0.15001 1.14421
0.272366 0.15001 1.30668
0.358046 0.15001 1.61581
0.192828 0.15001 1.93799
0.387308 0.15001 1.93881
1.68409 0.15001 -2.79487
0.707615 0.15001 -2.66601
0.628497 0.15001 -0.417575
0.341321 0.15001 -0.248968
0.455206 0.15001 0.986971
0.414866 0.231391 1.28229
0.540595 0.15001 1.56231
0.282783 0.15001 1.78232
0.494216 0.15001 2.07861
0.805636 0.15001 2.71458
0.211915 0.27833 -0.00651833
0.272688 0.265505 0.357429
0.410724 0.15001 0.432262
0.289513 0.266805 0.741619
0.357037 0.279752 0.939154
0.378373 0.306058 1.11249
0.307145 0.274522 1.40875
0.432208 0.278129 1.52676
0.27998 0.285945 1.9095
0.381779 0.219124 2.22566
1.34052 0.15001 -2.84488
1.1982 0.15001 -2.67311
0.381586 0.337087 0.463824
0.419918 0.351563 0.809353
0.512379 0.331196 1.00567
0.323405 0.36751 1.26205
0.442382 0.39379 1.39497
0.342073 0.30136 1.73104
0.459384 0.292207 1.86852
0.238671 0.310501 2.09192
0.655182 0.15001 -2.84999
0.216266 0.421656 0.432939
0.377673 0.380205 0.632834
0.355782 0.499431 0.758207
0.303736 0.436467 0.938205
0.244719 0.43358 1.11207
0.250448 0.42375 1.41445
0.375874 0.414003 1.59652
0.343634 0.435256 1.85697
1.08473 0.221958 2.6756
2.1319 0.15001 -2.84999
0.573772 0.15001 -0.627824
0.387876 0.512647 0.420236
0.373403 0.573852 0.59379
0.41434 0.472779 1.09206
0.33064 0.529799 1.2387
0.281843 0.540021 1.53929
0.392177 0.535031 1.71873
0.251907 0.471448 2.01566
0.415346 0.33003 2.03472
0.490872 0.15001 -2.80538
0.378217 0.390071 0.270913
0.493209 0.661086 0.493211
0.408609 0.648867 0.813845
0.366074 0.597233 0.979336
0.244112 0.6125 1.11051
0.404268 0.563353 1.39634
0.442581 0.620516 1.56288
0.473438 0.544577 1.89968
0.890033 0.246627 2.84999
1.51527 0.15001 -2.84915
0.294198 0.559184 0.264951
1.77237 0.15001 -1.17904
0.244436 0.649889 0.701966
0.384025 0.732977 1.10158
0.297511 0.699946 1.26378
0.27591 0.711799 1.50449
0.377901 0.705501 1.77501
0.307741 0.628089 1.93269
0.411412 0.502027 2.09812
1.85208 0.15001 -2.68189
0.880686 0.15001 -1.06197
1.50598 0.15001 -0.244002
0.352868 0.80574 0.741771
0.443794 0.781357 0.936242
0.279894 0.865855 1.17824
0.443455 0.739497 1.3935
0.422634 0.794914 1.60998
1.45096 0.15001 2.49245
1.27788 0.15001 2.66579
1.47106 0.15001 -2.66823
1.40288 0.15001 -1.75541
1.78022 0.211766 1.41288
2.22547 0.15001 0.137908
2.13993 0.196609 0.576746
1.5268 0.165497 1.58697
0.497336 0.195737 2.64414
0.672562 0.150764 2.61693
0.49143 0.654802 2.05611
1.24721 0.15001 2.44719
1.12757 0.15001 -2.82939
1.07367 0.15001 -0.474649
0.577299 0.15001 0.363462
0.547223 0.15001 0.567506
0.601559 0.15001 0.734878
0.725736 0.15001 1.13213
0.409522 0.15001 1.43041
0.722247 0.15001 1.62488
0.463593 0.15001 1.78039
1.03688 0.15001 2.51724
2.29811 0.15001 -2.68529
0.568971 0.15001 -0.0466268
0.758052 0.15001 0.668082
0.634719 0.15001 0.967872
0.911638 0.15001 1.12239
0.555057 0.15001 1.26902
0.671644 0.15001 1.41505
0.64409 0.15001 1.79363
1.14024 0.15001 2.29366
1.03713 0.15001 2.84999
1.89936 0.15001 -2.4453
0.470817 0.229969 0.252366
0.542077 0.282312 0.47242
0.481975 0.255246 0.681645
0.524569 0.223812 0.858314
0.556925 0.199562 1.11277
0.539854 0.250331 1.39908
0.651473 0.274279 1.53366
0.500085 0.267275 1.67905
0.74382 0.291899 2.05079
1.84875 0.15001 -2.84999
0.69912 0.26178 0.33459
0.66308 0.290748 0.655402
0.629662 0.353004 0.875447
0.690372 0.301018 1.04331
0.530678 0.337806 1.21712
0.647079 0.376721 1.38088
0.660864 0.296722 1.7189
0.59855 0.220984 1.94982
0.561724 0.193188 2.24526
1.68659 0.15001 -2.56302
2.28592 0.15001 -2.242
0.517921 0.444383 0.545765
0.550354 0.411499 0.721747
0.485662 0.477211 0.906924
0.583916 0.471153 1.09969
0.552835 0.494442 1.28647
0.555128 0.401684 1.59164
0.522716 0.418314 1.77249
1.22252 0.15001 2.84999
1.99449 0.15001 -2.77309
0.551724 0.400159 0.341215
0.699561 0.464045 0.638862
0.654996 0.523383 0.811375
0.709009 0.473088 0.977248
0.748334 0.521227 1.36277
0.740468 0.422688 1.52317
0.72317 0.455986 1.69969
0.673522 0.383923 1.87618
1.57796 0.330078 2.84999
2.03982 0.15001 -2.54888
2.10609 0.15001 -2.32848
0.640437 0.541805 0.453809
0.527272 0.582497 0.684007
0.562765 0.632078 0.928971
0.471582 0.633921 1.22404
0.564987 0.516767 1.46668
0.572024 0.556707 1.67043
0.587143 0.402916 2.03819
1.41841 0.15001 2.84999
2.5257 0.15001 -2.7317
1.07226 0.15001 -1.11729
0.699746 0.646201 0.650818
0.725697 0.689541 0.847417
0.587267 0.688189 1.095
0.701897 0.584079 1.19466
0.61538 0.654004 1.3592
0.705271 0.603053 1.54764
0.643215 0.572936 1.84057
1.79816 0.15001 2.65786
2.43273 0.15001 -2.32308
1.1016 0.15001 -1.49766
1.88662 0.15001 -0.564767
0.555422 0.747376 0.770712
0.775756 0.632442 1.02797
0.560817 0.79701 1.24787
0.586452 0.74844 1.52261
0.562278 0.727435 1.72364
0.662542 0.583452 2.0341
1.53292 0.15001 2.66666
1.35214 0.15001 -2.54111
1.00044 0.15001 -0.217746
2.00514 0.15001 -1.17888
2.33408 0.15001 0.598389
1.79143 0.15486 0.903141
2.4195 0.15001 0.253668
1.85027 0.15001 0.611241
1.95072 0.15001 1.48472
1.76494 0.15001 2.35482
1.83027 0.329715 2.84895
1.3318 0.15001 0.327082
0.901135 0.15001 0.559979
1.68287 0.15001 0.319112
1.0105 0.15001 0.778331
1.69631 0.15001 1.25414
0.837522 0.15001 1.29371
0.969189 0.15001 1.41268
1.14038 0.15001 1.80066
0.708239 0.15001 2.14713
2.71684 0.15001 2.37123
2.70048 0.15001 -2.70477
2.84999 0.15001 -2.39248
0.830476 0.15001 0.38127
2.84999 0.15001 -0.829898
1.00327 0.15001 0.960163
1.04738 0.15001 1.23986
1.13272 0.15001 1.48438
0.90979 0.15001 1.59555
1.83549 0.15001 2.16579
1.60627 0.15001 2.84999
2.13726 0.15001 -2.68858
0.707856 0.172519 0.503638
0.882917 0.247814 0.714717
0.732523 0.204909 0.833547
0.814704 0.15001 0.974519
0.688155 0.245129 1.27166
0.813752 0.221928 1.47314
0.833837 0.15001 1.76905
0.761841 0.15001 1.93754
0.946669 0.15001 1.93881
2.64485 0.15001 -2.84999
2.28883 0.15001 -2.84999
0.871279 0.265842 0.254886
1.08095 0.15001 0.608479
0.90767 0.280279 0.887742
0.827779 0.287443 1.16821
1.78165 0.15001 1.6262
1.03978 0.26404 1.60984
2.26121 0.15001 2.67338
1.78975 0.15001 2.84785
0.772828 0.15001 0.121315
0.693489 0.364187 0.488755
0.855616 0.331776 0.55787
0.778286 0.375386 0.78653
1.01131 0.287745 1.06991
0.705326 0.405943 1.20807
0.826985 0.338565 1.34389
0.824321 0.291766 1.65859
0.844313 0.310541 1.88065
2.33107 0.15001 2.84999
2.58552 0.15001 -2.59602
2.52751 0.15001 -2.45194
0.98612 0.235452 0.430807
0.962221 0.405676 0.740142
2.60494 0.15001 0.906608
0.988135 0.312351 1.25201
1.02167 0.314933 1.43005
0.91563 0.399044 1.55109
0.991266 0.233114 1.78495
0.937813 0.285022 2.05666
0.65074 0.298304 0.162389
1.65779 0.15001 -1.62306
1.92842 0.15001 -0.045273
0.847418 0.534742 0.841858
1.98522 0.15001 0.456077
0.857042 0.384961 1.02289
0.930074 0.485287 1.38757
0.944069 0.408153 1.73943
2.07243 0.15001 2.6431
2.26366 0.316656 2.83147
2.63278 0.15001 -2.31351
0.765415 0.427615 0.329939
0.869674 0.522709 0.61351
2.60166 0.296193 0.750911
2.2415 0.15001 0.782588
0.884838 0.460422 1.19878
1.57151 0.15001 2.04491
0.863255 0.56377 1.64287
0.82381 0.515637 1.84132
0.801475 0.457988 2.01999
2.5273 0.15001 -1.88495
1.25525 0.15001 -0.76147
1.7537 0.15001 -0.0692332
2.48317 0.15001 -0.219035
2.403 0.15001 0.907267
1.23527 0.15001 1.19007
1.55783 0.15001 0.73303
1.37564 0.15001 2.32615
1.94179 0.15001 2.49889
2.01101 0.28759 2.73015
2.29716 0.15001 -2.07982
2.32884 0.15001 -1.31938
2.66724 0.15001 -0.853863
2.47967 0.15001 0.457448
2.48414 0.15001 0.730138
1.91191 0.15001 1.26254
1.40054 0.15001 1.96943
2.02319 0.15001 2.10877
1.37425 0.15001 2.144
1.98671 0.15001 2.31056
2.84999 0.15001 -2.6964
2.84999 0.15001 -2.54475
2.084 0.15001 -0.406696
1.67612 0.15001 0.51053
2.6927 0.15001 -0.0250855
2.68737 0.15001 0.726996
2.04547 0.15001 1.90389
2.73463 0.15001 1.25178
2.53589 0.15001 2.3702
2.84999 0.15001 1.99498
2.68721 0.15001 -1.78774
2.85 0.15001 -1.47986
2.84999 0.15001 -0.602348
2.84999 0.15001 -0.36749
2.84999 0.15001 0.805433
2.84999 0.15001 1.57738
2.84999 0.15001 1.78654
2.57506 0.15001 2.14766
2.84999 0.15001 2.23962
1.97194 0.15001 2.84999
2.84999 0.15001 -2.84999
2.84918 0.15001 -2.23914
2.84028 0.15001 -2.0357
1.10488 0.289005 0.812977
2.85 0.15001 0.351748
2.82778 0.15001 0.135468
2.53705 0.15001 1.28539
2.84999 0.15001 1.39529
2.84999 0.15001 2.51935
2.84999 0.15001 2.84999
2.48754 0.15001 -1.46214
1.86119 0.15001 -1.58537
2.65452 0.153263 0.271958
2.84999 0.15001 -0.112576
2.59584 0.15001 1.106
2.84943 0.15001 1.08361
2.00335 0.162457 0.994317
2.50711 0.15001 1.96918
2.63175 0.15001 2.66483
2.50553 0.15001 2.84999
2.44439 0.15001 -2.84999
2.16936 0.15001 -0.145305
2.06401 0.15001 -1.49456
2.69623 0.15001 -0.224737
1.49939 0.15001 1.7938
2.67 0.15001 0.531266
2.69291 0.15001 1.67211
2.51129 0.15001 1.73108
1.64531 0.15001 2.52186
2.67834 0.15001 2.84999
2.69685 0.15001 -2.48072
2.84696 0.15001 -1.29127
2.34869 0.15001 -0.755091
2.29337 0.15001 -0.358315
2.84946 0.268915 0.940097
1.90977 0.15001 0.210394
2.68141 0.15001 1.87419
2.39269 0.15001 2.12664
1.77617 0.152708 1.9818
2.15215 0.15001 2.84999
2.40201 0.15001 -2.5619
2.30255 0.15001 -1.60559
2.61453 0.15001 -0.63931
1.87263 0.15001 -0.873675
2.84926 0.160622 0.593926
2.4587 0.15001 1.49135
2.33844 0.177968 1.80638
2.20029 0.15001 1.42475
2.2972 0.15001 1.97962
2.47753 0.15001 2.53481
2.52993 0.15001 -2.18556
2.84905 0.15001 -1.71778
2.54514 0.15001 0.100982
2.63523 0.15001 -0.428865
2.29537 0.15001 1.09805
2.7334 0.226859 2.10699
1.45818 0.15001 1.03428
2.66481 0.15001 1.42871
2.80997 0.217434 2.69861
2.45522 0.245252 2.69451
2.20685 0.15001 -2.51231
2.3866 0.15001 -0.963384
2.59267 0.15001 -1.63632
2.84999 0.15001 -1.06672
2.22995 0.178481 0.319315
2.13415 0.15001 1.18213
2.16204 0.15001 1.75576
2.19789 0.15001 2.14163
2.13148 0.15001 2.44525
2.29078 0.15001 2.29844
2.03306 0.15001 -0.96235
1.68604 0.15001 -0.797339
1.89128 0.15001 -0.258807
2.25105 0.15001 -0.545421
1.9507 0.15001 0.75046
1.69389 0.15001 1.81872
2.34265 0.15001 1.30453
1.95435 0.15001 1.74832
2.09812 0.157523 1.58887
2.30444 0.16959 2.48638
