1000 0.1
-2.76236 0.15001 -1.70594
-2.39009 0.15001 -1.80046
-2.67155 0.15001 -0.112698
-2.83295 0.15001 0.375582
-2.31622 0.15001 0.203245
-2.29334 0.15001 0.431121
-2.55592 0.15001 2.52072
-2.69329 0.15001 2.4034
-2.40562 0.15001 2.30998
-2.70671 0.15001 2.6192
-2.79489 0.15001 -2.45477
-2.84965 0.15001 -1.36393
-2.83509 0.15001 -0.0188103
-2.84997 0.15001 0.576148
-2.84954 0.15001 1.53081
-2.84999 0.15001 1.93863
-2.84999 0.15001 2.13165
-2.84999 0.15001 2.31706
-2.84999 0.15001 2.84999
-2.21546 0.15001 2.84999
-2.52814 0.15001 -2.84999
-2.83351 0.15001 -0.205228
-2.4748 0.15001 -0.0518547
-1.9665 0.15001 1.06118
-2.68272 0.15001 0.26248
-0.958988 0.287392 1.1483
-1.77604 0.15001 2.00195
-2.144 0.15001 1.93533
-2.59452 0.15001 2.22676
-2.64741 0.15001 2.85
-2.46219 0.15001 -1.63255
-2.66342 0.15001 -1.3562
-2.84072 0.15001 0.17648
-2.84999 0.15001 1.31312
-2.62436 0.15001 0.439159
-2.72422 0.15001 1.79803
-2.67436 0.15001 2.05728
-2.25341 0.288487 2.39729
-2.84999 0.15001 2.50435
-2.45624 0.15001 2.84999
-2.38142 0.15001 -2.74805
-2.11756 0.15001 -2.5781
-2.81776 0.15001 -0.761852
-2.67278 0.15001 0.0757546
-1.29935 0.15001 0.725227
-2.72084 0.15001 0.960211
-2.67602 0.15001 1.38895
-1.86528 0.15001 2.37205
-1.91368 0.15001 1.89829
-1.26581 0.15001 2.31513
-2.75988 0.15001 -2.67741
-2.59604 0.15001 -1.77312
-2.8462 0.168954 -0.985945
-2.2354 0.164564 0.62704
-2.66225 0.159365 0.719291
-2.84999 0.15001 0.784294
-2.59697 0.15001 1.56628
-2.53886 0.15001 1.78188
-2.83112 0.30991 2.36855
-2.73979 0.29878 2.84999
-2.30009 0.15001 -2.57863
-2.73786 0.15001 -1.52413
-2.6845 0.15001 -0.328051
-2.13338 0.15001 0.28011
-2.47445 0.15001 0.327078
-2.46173 0.293105 1.61666
-2.49183 0.15001 1.35187
-2.37042 0.15001 1.67956
-2.01217 0.358824 2.26473
-2.38269 0.15001 2.48579
-2.55669 0.15001 -1.48865
-2.49958 0.15001 -0.431935
-2.83782 0.15001 -0.469533
-2.00295 0.15001 0.0903246
-2.39526 0.15001 0.99186
-2.63752 0.15001 1.1482
-2.34349 0.15001 1.44481
-2.52402 0.286882 2.33921
-2.84999 0.236178 2.66975
-2.08801 0.15001 2.65218
-2.63604 0.15001 -2.44018
-2.26426 0.15001 -0.0295394
-2.31445 0.15001 -0.443193
-2.32789 0.15001 0.808187
-2.40603 0.15001 1.17661
-2.75389 0.267734 1.64604
-2.03122 0.15001 1.77167
-2.59763 0.329449 2.1675
-2.3532 0.15001 2.68259
-2.20601 0.15001 2.50912
-2.56094 0.15001 -1.01832
-1.38094 0.15001 -0.699429
-2.45843 0.15001 -0.767423
-2.17006 0.15001 0.947832
-2.55871 0.15001 0.860651
-2.47365 0.15001 0.569845
-2.3468 0.15001 1.87203
-2.02379 0.15001 2.24501
-2.39376 0.15001 2.12766
-2.42808 0.355727 2.819
-1.71352 0.15001 -2.37174
-0.695789 0.15001 0.423822
-0.891889 0.15001 0.602921
-0.808409 0.15001 0.770374
-0.86219 0.15001 1.10438
-1.06508 0.15001 1.23778
-1.31343 0.15001 1.74624
-0.736705 0.15001 1.64349
-0.794568 0.15001 1.97996
-1.05732 0.15001 2.21108
-2.61332 0.15001 -2.72411
-0.78978 0.15001 0.262855
-2.61496 0.15001 -0.837116
-0.993267 0.15001 0.758167
-0.915347 0.15001 0.927848
-2.84731 0.15001 1.10208
-0.923569 0.15001 1.56614
-0.896883 0.15001 1.74304
-0.980796 0.15001 1.92276
-0.964828 0.15001 2.84691
-2.24124 0.15001 -2.8455
-0.594749 0.270458 0.512098
-0.764754 0.274965 0.657959
-0.693031 0.267535 0.826275
-0.658767 0.240379 1.06917
-0.728735 0.15001 1.22165
-0.706983 0.281114 1.37596
-0.663085 0.290307 1.57267
-0.694171 0.15001 1.82272
-2.04378 0.15001 2.84999
-2.79472 0.15001 -2.83453
-0.778478 0.317607 0.308182
-0.892897 0.15001 0.422655
-0.887519 0.299257 0.81224
-0.818509 0.284471 0.995177
-0.889269 0.205738 1.30102
-0.859611 0.295443 1.49012
-0.821573 0.290297 1.67011
-0.858656 0.265376 1.86078
-1.87979 0.15001 2.66921
-1.79462 0.15001 -2.65311
-0.785882 0.292082 0.487343
-0.713309 0.422607 0.739493
-0.801265 0.436376 0.898084
-0.687248 0.415163 1.03533
-0.747857 0.319391 1.19634
-0.838598 0.393893 1.3366
-0.693578 0.417597 1.67794
-0.706989 0.345699 1.85285
-0.908563 0.243946 2.07734
-0.931162 0.15001 0.0476726
-0.647003 0.437509 0.367299
-2.74071 0.15001 -1.17434
-2.68823 0.15001 -0.616356
-0.866185 0.433264 1.08381
-1.811 0.15001 1.56349
-0.829741 0.45554 1.55105
-0.893632 0.429588 1.74245
-0.893895 0.408983 1.95947
-1.85571 0.15001 2.84999
-1.17248 0.15001 -2.83481
-2.21052 0.15001 -1.597
-0.668018 0.424684 0.559542
-0.721283 0.588019 0.819907
-0.684566 0.595067 1.01047
-0.746982 0.503252 1.20126
-0.753653 0.541196 1.39813
-0.688186 0.569404 1.58501
-0.716965 0.479793 1.98522
-2.02108 0.15001 2.47046
-1.96024 0.15001 -1.84011
-0.650044 0.590927 0.463677
-2.32588 0.15001 -0.214725
-1.76675 0.15001 1.0738
-0.654893 0.660006 1.22077
-1.7681 0.15001 2.21646
-2.50923 0.15001 1.95729
-1.70974 0.15001 2.51567
-0.673052 0.223756 2.42861
-1.83607 0.277364 2.49878
-1.28499 0.15001 -2.5086
-2.53694 0.15001 -1.22305
-1.475 0.15001 0.016942
-2.50756 0.15001 -0.240623
-2.15787 0.15001 1.46086
-2.19372 0.15001 1.71322
-0.713892 0.7163 1.42166
-0.777971 0.557955 1.80818
-2.18771 0.15001 2.30543
-1.41963 0.15001 2.22787
-1.00915 0.15001 0.217702
-1.66655 0.15001 -0.977364
-2.05627 0.15001 0.69066
-1.87074 0.15001 0.754793
-1.6362 0.15001 2.11591
-2.01687 0.15001 1.29077
-2.02275 0.15001 1.59039
-1.57677 0.15001 2.30291
-2.19469 0.15001 2.11134
-1.31307 0.15001 2.84999
-2.0723 0.15001 -2.75027
-0.345796 0.15001 0.269454
-0.492387 0.15001 0.568433
-0.565804 0.15001 0.804588
-0.545051 0.15001 0.976476
-0.387471 0.15001 1.24277
-0.439557 0.15001 1.40006
-0.6249 0.15001 1.50366
-0.515744 0.15001 1.87472
-0.621531 0.15001 2.03485
-1.00963 0.15001 -2.84999
-0.608643 0.15001 0.222531
-0.648237 0.15001 0.648405
-0.724089 0.15001 0.942377
-0.540433 0.15001 1.15088
-0.601845 0.15001 1.33739
-0.793068 0.15001 1.44127
-0.556242 0.15001 1.7008
-0.721396 0.300203 2.04427
-0.63175 0.15001 2.84999
-1.60202 0.15001 -2.64253
-0.483259 0.15001 0.389267
-0.388408 0.277768 0.569991
-0.4595 0.281835 0.820908
-0.445344 0.285311 0.990227
-0.558884 0.275328 1.25231
-0.533932 0.286961 1.42859
-0.466605 0.178006 1.56267
-0.380313 0.27518 1.89943
-0.549501 0.266671 2.14799
-1.90337 0.15001 -2.84979
-0.434806 0.319616 0.403541
-0.568374 0.30512 0.686516
-0.581396 0.373225 0.89785
-0.543412 0.363914 1.114
-0.622444 0.424706 1.29847
-0.496404 0.35696 1.57832
-0.56702 0.306711 1.75746
-0.562912 0.291178 1.95167
-0.391535 0.220341 2.27801
-1.00416 0.15001 -2.47746
-0.594405 0.275502 0.334143
-0.481816 0.427765 0.560468
-0.448798 0.435103 0.739735
-0.455771 0.456859 0.995539
-0.376413 0.45303 1.16382
-0.630587 0.429652 1.47621
-0.460072 0.451018 1.71586
-0.463768 0.418514 1.88476
-0.559469 0.15001 2.28429
-0.462911 0.222866 0.150734
-0.470507 0.501926 0.388405
-0.58342 0.536186 0.683322
-0.546917 0.540754 0.867481
-0.56335 0.531324 1.13384
-0.475074 0.517899 1.29768
-0.507214 0.537224 1.57028
-0.608819 0.49311 1.80843
-0.547618 0.436512 2.05661
-0.799626 0.15001 2.84983
-1.42363 0.15001 -2.84999
-2.20959 0.15001 -2.37636
-0.484505 0.618352 0.538006
-0.390995 0.601893 0.79948
-0.462858 0.636141 1.00777
-0.437838 0.644423 1.19227
-0.57601 0.591301 1.41732
-0.515034 0.629979 1.72829
-0.516165 0.58237 1.93113
-1.67366 0.15001 2.84999
-0.961782 0.15001 -2.67348
-0.393961 0.681442 0.374976
-0.556132 0.716727 0.692364
-0.583844 0.71428 0.883495
-0.541694 0.767613 1.11572
-0.513433 0.735059 1.33104
-0.465936 0.728306 1.57866
-0.646106 0.7371 1.63718
-0.475633 0.750509 1.86759
-1.40101 0.15001 2.49958
-0.111184 0.15001 -1.25028
-1.4172 0.15001 -2.39367
-1.9211 0.15001 0.461394
-0.41756 0.786142 0.807229
-0.582074 0.875762 0.971643
-1.86023 0.15001 1.35443
-2.21731 0.15001 1.26121
-1.94639 0.15001 2.08249
-1.57441 0.15001 2.626
-1.13645 0.15001 2.84999
-1.07259 0.15001 -2.21726
-2.0738 0.15001 -1.26196
-1.16629 0.15001 -0.959951
-1.75205 0.180572 0.247993
-1.40838 0.207023 1.02831
-0.571436 0.215958 2.69551
-0.19854 0.870265 1.37481
-0.580385 0.824593 1.47792
-0.517907 0.283783 2.84989
-1.28967 0.329417 2.84981
-0.684341 0.15001 -2.84999
-0.12354 0.15001 0.509928
-0.249671 0.15001 0.642119
-0.388 0.15001 0.894819
-0.378153 0.15001 1.0692
-0.213656 0.15001 1.1659
-0.287028 0.15001 1.47432
-0.320613 0.15001 1.63346
-0.279844 0.15001 1.94947
-0.293805 0.15001 2.15291
-0.518646 0.15001 -2.84432
-0.193924 0.15001 0.139267
-0.31672 0.15001 0.473991
-0.404088 0.15001 0.719908
-0.227881 0.15001 0.992471
-0.304232 0.258722 1.33775
-0.120705 0.15001 1.58183
-0.360704 0.15001 1.79476
-0.437641 0.15001 2.04461
-0.0123491 0.15001 2.84999
-0.832758 0.15001 -2.77726
-0.210838 0.28444 0.544722
-0.159593 0.286254 0.712038
-0.286984 0.274552 0.889514
-0.400893 0.286127 1.15811
-0.235777 0.305477 1.17954
-0.347149 0.302545 1.50139
-0.238399 0.287361 1.64536
-0.199876 0.270874 1.84543
-0.22229 0.292272 2.10081
-1.68647 0.15001 -2.84668
-0.262281 0.280161 0.373811
-0.300524 0.424533 0.51828
-0.324176 0.305938 0.722384
-0.292222 0.366166 1.03038
-0.42824 0.359246 1.31343
-0.148799 0.399917 1.56074
-0.401864 0.284504 1.70565
-0.395852 0.327797 2.06915
-0.174132 0.166009 2.29386
0.12797 0.15001 -0.145591
-0.313232 0.438072 0.322847
-0.223075 0.446721 0.694929
-0.329168 0.44285 0.868147
-0.167523 0.449981 1.13735
-0.262459 0.426113 1.30876
-0.396387 0.460472 1.45011
-0.313214 0.444422 1.61098
-0.288938 0.40175 1.78392
-0.2554 0.354315 2.26195
-0.189548 0.15001 -0.346058
-0.156794 0.512488 0.266367
-0.348428 0.551368 0.632441
-0.205288 0.5693 0.816153
-0.305624 0.541954 1.02602
-0.270127 0.587293 1.20003
-0.217432 0.517043 1.45207
-0.346684 0.569343 1.7742
-0.339807 0.524552 1.95365
0.0956776 0.29658 2.84982
-0.290591 0.300067 0.187182
-0.26014 0.57986 0.44327
-0.208586 0.671026 0.649228
-0.293633 0.687631 0.926871
-0.320365 0.735705 1.1016
-0.339869 0.613381 1.36293
-0.34269 0.607207 1.54352
-0.214014 0.614468 1.66066
-0.185097 0.560947 1.85574
-0.311471 0.485989 2.13405
-0.77999 0.15001 -0.142963
-1.65135 0.15001 -2.2308
-0.373622 0.741921 0.628709
-0.224497 0.780497 0.787749
-0.174732 0.819267 1.00109
-0.338344 0.777005 1.28321
-0.165441 0.689229 1.4996
-0.343191 0.742882 1.72264
-0.411929 0.645051 2.07221
-0.388066 0.15001 2.84997
-0.141711 0.15001 -2.44988
-1.41724 0.15001 -1.8097
-0.270815 0.15001 -2.3202
-0.698292 0.15001 -0.426755
-0.388444 0.847734 0.979583
-0.177124 0.815723 1.1875
-0.326322 0.775396 1.46823
-0.201719 0.816406 1.62473
-0.297721 0.697188 1.91426
-1.49271 0.15001 2.8436
-0.5674 0.15001 -2.41114
0.95397 0.15001 -1.11509
-1.26618 0.15001 -1.27715
-0.451957 0.189343 -0.344871
-0.689334 0.82358 1.28099
-0.335643 0.15001 2.62401
-1.04021 0.153536 2.48356
-2.12654 0.30653 2.73033
-0.275481 0.15001 2.44578
-1.10986 0.39103 2.84875
-0.532878 0.15001 -1.17319
-0.00982106 0.15001 0.00561882
-0.0724919 0.15001 0.694766
0.0697438 0.15001 0.813147
-0.0712989 0.15001 0.918279
-0.0516969 0.15001 1.25945
-0.040498 0.15001 1.4288
-0.00092912 0.15001 1.71864
-0.0955359 0.15001 1.8854
0.0252818 0.15001 2.01265
0.884919 0.15001 -2.68239
-0.169435 0.15001 0.328999
0.0966315 0.15001 0.61479
-0.208337 0.15001 0.812222
-0.0486181 0.15001 1.08532
-0.191105 0.15001 1.33891
0.0780063 0.15001 1.55652
-0.185479 0.15001 1.73849
-0.146204 0.15001 2.05136
0.218951 0.15001 2.84999
-0.392374 0.15001 -2.50582
-0.03335 0.281199 0.483694
0.0129108 0.28012 0.660565
-0.0358264 0.276836 0.826042
-0.137747 0.287799 1.00745
-0.057758 0.292304 1.16303
-0.17296 0.265773 1.46781
0.0977473 0.278692 1.66608
-0.0704835 0.297233 2.00636
-0.0407084 0.188428 2.17746
-0.143844 0.15001 -2.83365
-0.0608986 0.271069 0.305907
-0.0841422 0.396994 0.595325
-0.163631 0.38167 0.859528
-0.015395 0.40463 1.04036
-0.129218 0.304262 1.31212
-0.0101297 0.291838 1.52108
-0.0798107 0.295292 1.69876
-0.24612 0.382397 1.96015
0.0476635 0.15001 2.32503
-0.111251 0.354186 0.155434
-0.138752 0.408495 0.418848
0.107249 0.412615 0.645677
-0.0409297 0.444117 0.757047
-0.143637 0.503775 0.970971
-0.00688198 0.433093 1.25147
-0.0691659 0.426775 1.41232
0.0145542 0.426282 1.63076
-0.0865254 0.41341 1.87393
-0.0807935 0.379093 2.16942
-0.614901 0.15001 -2.68874
0.0151405 0.437651 0.288656
-0.128 0.550201 0.557114
0.0226325 0.554122 0.9348
-0.0310301 0.554342 1.10894
-0.129571 0.539108 1.28617
-0.0648244 0.550376 1.54951
-0.133592 0.46666 1.71574
-0.144023 0.504676 2.03258
0.360019 0.273411 2.84999
0.14953 0.15001 -2.69581
-0.0433728 0.588768 0.401678
-0.0468433 0.614256 0.722479
-0.0932459 0.687376 0.888667
-0.167601 0.651118 1.06793
-0.00912664 0.67498 1.22402
-0.0241915 0.621584 1.39859
-0.0448635 0.63306 1.70579
-0.00155964 0.574159 1.87538
-0.0379563 0.564357 2.16926
-0.7724 0.15001 -2.60038
0.336884 0.15001 -2.61394
-0.046677 0.716028 0.559662
-0.0201375 0.793158 0.751431
-0.00287604 0.717882 1.0394
-0.176852 0.699031 1.32231
0.0132747 0.71301 1.55072
-0.152995 0.740775 1.8032
-0.117478 0.682956 1.99499
0.54592 0.304969 2.84429
-1.33615 0.15001 -2.70719
0.189051 0.15001 -2.53029
0.0695975 0.864877 0.599169
-0.119222 0.919253 0.856076
-0.0180491 0.874357 1.12307
-0.0168355 0.820638 1.32034
-0.053202 0.870732 1.49577
-0.0235021 0.833916 1.6872
0.0116023 0.788186 1.90383
-0.202113 0.168489 2.84958
0.13212 0.15001 -2.37127
-0.112337 0.15001 -1.52839
-1.63675 0.15001 -1.90528
1.10978 0.245969 0.0933854
-0.428379 0.890104 1.18521
0.33119 0.919052 1.59789
-0.795142 0.15001 2.57628
-1.23662 0.15001 2.49895
-0.855778 0.15001 2.39984
-0.0185867 0.15001 2.59586
0.26264 0.15001 -2.84999
0.369649 0.15001 -0.391692
0.0534754 0.15001 0.437953
0.229872 0.15001 0.723775
0.141531 0.15001 1.04696
0.251814 0.15001 1.20663
0.126996 0.15001 1.37686
0.198101 0.15001 1.70077
0.113525 0.15001 1.85635
0.138554 0.15001 2.149
0.0397476 0.15001 -2.84999
0.200972 0.15001 0.170969
0.27062 0.15001 0.550079
0.225119 0.15001 0.894297
0.246132 0.282157 1.11403
0.0925457 0.179358 1.20205
0.251533 0.15001 1.53437
0.00342422 0.269637 1.85024
0.324067 0.15001 2.14417
0.468635 0.15001 2.80566
-0.42589 0.15001 -2.68789
0.107202 0.282058 0.345677
0.144432 0.277014 0.519249
0.145041 0.289536 0.771396
0.04023 0.257508 0.985304
0.213145 0.277026 1.30042
0.0413902 0.291994 1.34316
0.281239 0.284265 1.63545
0.199738 0.283244 1.81392
0.117575 0.283208 1.99063
0.873451 0.15001 -2.84999
0.315587 0.262776 0.246317
0.265968 0.297185 0.639084
0.0670381 0.396239 0.88436
0.205561 0.298745 0.953015
0.104792 0.346071 1.16155
0.161301 0.287047 1.48079
0.077436 0.404606 1.79539
0.192066 0.418739 1.93167
0.224827 0.199058 2.29696
0.0721322 0.281331 0.168167
0.0596327 0.421238 0.463976
0.259216 0.478804 0.674348
0.23424 0.417831 0.836019
0.157184 0.449413 1.02356
0.179427 0.435734 1.3229
0.0899705 0.448419 1.46729
0.183308 0.421062 1.61737
0.259949 0.447409 1.76945
0.0896796 0.313392 2.16619
-0.321578 0.15001 -2.84999
0.212349 0.4122 0.302762
0.058236 0.560906 0.569191
0.11541 0.538498 0.775283
0.241537 0.567025 0.917849
0.121571 0.520348 1.17625
0.256281 0.581691 1.43488
0.10858 0.55087 1.72725
0.0337524 0.446408 2.01694
0.647565 0.15001 2.84999
1.67589 0.15001 -2.37262
0.143917 0.55943 0.38993
0.24963 0.602399 0.543215
0.113836 0.693473 0.87231
0.148875 0.634395 1.04957
0.126247 0.597174 1.32517
0.136414 0.588775 1.56286
0.265335 0.632993 1.73856
0.185246 0.583697 1.8924
0.132008 0.484106 2.18224
0.778392 0.15001 -2.51288
0.12379 0.724572 0.471711
0.119478 0.691904 0.670542
0.0445616 0.852779 0.92309
0.289295 0.728175 0.967266
0.161404 0.745238 1.23875
0.159842 0.726815 1.43936
0.10557 0.724161 1.75824
0.0739125 0.641217 2.03021
0.975814 0.456322 2.84999
1.04473 0.15001 -2.50455
0.533158 0.15001 -2.48076
0.279171 0.776979 0.607681
0.180553 0.835783 0.773077
0.170008 0.813747 1.07198
0.136789 0.898354 1.40002
0.146789 0.836372 1.58733
0.266438 0.813364 1.7368
0.212033 0.762517 1.91393
0.221182 0.646898 2.14831
0.0458708 0.15001 -1.65421
0.378502 0.15001 -2.39269
0.0648433 0.15001 -1.33731
0.270346 0.900537 0.929156
0.123994 0.982533 1.02841
0.128929 0.923203 1.21892
0.315931 0.843793 1.43172
0.380939 0.153941 2.52615
0.924072 0.15001 2.29042
0.727253 0.302554 2.84999
-0.0451923 0.15001 -2.67749
0.213664 0.15001 0.346698
0.398948 0.15001 0.685875
0.406926 0.15001 0.880208
0.311399 0.15001 1.04623
0.418428 0.15001 1.20492
0.301812 0.15001 1.3667
0.385604 0.15001 1.67254
0.222188 0.15001 1.99332
0.413195 0.15001 1.99368
1.60499 0.15001 -2.83606
0.699547 0.15001 -2.67731
0.61888 0.15001 -0.241999
0.388861 0.15001 -0.0738983
0.482699 0.15001 1.04911
0.442456 0.232922 1.3409
0.566908 0.15001 1.62364
0.313333 0.15001 1.83823
0.520696 0.151587 2.13155
0.824757 0.15001 2.80073
0.239039 0.280822 0.0619233
0.298513 0.26829 0.425682
0.438346 0.15001 0.489606
0.317941 0.268924 0.807249
0.383328 0.280171 1.00081
0.405968 0.307166 1.17411
0.335834 0.274853 1.46732
0.460117 0.278379 1.58499
0.307793 0.28706 1.96622
0.409694 0.224087 2.27966
1.24283 0.15001 -2.84994
1.18351 0.15001 -2.65654
0.411525 0.342553 0.524123
0.448119 0.353918 0.872613
0.537051 0.336451 1.06619
0.354088 0.371256 1.32333
0.47053 0.397346 1.45752
0.367932 0.303726 1.78883
0.484766 0.291536 1.9244
0.272293 0.313255 2.14641
0.644014 0.15001 -2.84999
0.244632 0.424339 0.498123
0.404528 0.381673 0.695008
0.382529 0.500621 0.820733
0.332013 0.438082 0.99968
0.273048 0.435044 1.17272
0.281042 0.424348 1.47638
0.403536 0.414313 1.65457
0.371406 0.436869 1.91526
1.0949 0.288606 2.77077
2.04133 0.15001 -2.84441
0.574812 0.15001 -0.490293
0.415017 0.517892 0.484998
0.400319 0.57722 0.658774
0.441268 0.475557 1.15311
0.359269 0.532813 1.3001
0.311862 0.542488 1.59977
0.418444 0.536794 1.77605
0.280726 0.476685 2.07261
0.445809 0.3421 2.08716
0.47224 0.15001 -2.74107
0.406232 0.394994 0.33404
0.518733 0.6652 0.557775
0.43446 0.651032 0.875084
0.392315 0.600582 1.04086
0.27308 0.615031 1.17326
0.432961 0.567607 1.45718
0.471024 0.626277 1.62351
0.498704 0.548768 1.95533
0.911086 0.292342 2.84481
1.41879 0.15001 -2.84999
0.322467 0.563143 0.329411
1.66184 0.15001 -0.986281
0.272337 0.655476 0.765093
0.411758 0.736782 1.1639
0.325057 0.702575 1.32682
0.305634 0.714603 1.5635
0.405409 0.70785 1.83131
0.335939 0.634774 1.99127
0.440578 0.513754 2.1523
1.77293 0.15001 -2.59301
0.871157 0.15001 -0.894409
1.51214 0.152776 -0.0854595
0.381299 0.810597 0.807385
0.470881 0.783638 0.998197
0.308159 0.869626 1.24017
0.47237 0.743461 1.45353
0.44906 0.801546 1.66802
1.47753 0.15001 2.57315
1.2992 0.237146 2.72142
1.44445 0.15001 -2.66139
1.3646 0.15001 -1.54479
1.79993 0.24259 1.50711
2.23832 0.15001 0.262897
2.21403 0.253985 0.727526
1.44649 0.161135 1.67175
0.434946 0.315141 2.56014
0.614205 0.173537 2.66651
0.520194 0.665522 2.09725
1.28923 0.153602 2.5712
1.0696 0.15001 -2.84017
1.04598 0.15001 -0.368952
0.60755 0.15001 0.433968
0.573543 0.15001 0.628988
0.624872 0.15001 0.797747
0.748441 0.15001 1.19376
0.438717 0.15001 1.48853
0.748098 0.15001 1.68257
0.495131 0.15001 1.83742
1.03506 0.15001 2.55381
2.37008 0.15001 -2.72058
0.60434 0.15001 0.0754863
0.78178 0.15001 0.733201
0.659986 0.15001 1.03063
0.933302 0.15001 1.18384
0.581537 0.15001 1.32802
0.696178 0.15001 1.47543
0.67396 0.15001 1.85074
1.10266 0.15001 2.34696
1.01599 0.15001 2.84999
1.88783 0.15001 -2.42582
0.505373 0.238052 0.321434
0.568873 0.284434 0.539351
0.5118 0.259862 0.742662
0.551317 0.226765 0.921869
0.580968 0.20636 1.1742
0.566743 0.252414 1.45686
0.675606 0.275517 1.59375
0.524984 0.269883 1.73767
0.771811 0.29634 2.11134
1.78073 0.15001 -2.84999
0.723224 0.264237 0.399991
0.69086 0.2931 0.721729
0.65497 0.357127 0.937861
0.715384 0.302734 1.10466
0.556421 0.342718 1.2806
0.672958 0.379168 1.44141
0.685356 0.298694 1.77948
0.628559 0.229183 2.00335
0.590417 0.201184 2.29775
1.59766 0.15001 -2.64112
2.31642 0.15001 -2.10008
0.544562 0.447405 0.609715
0.576966 0.415657 0.784758
0.511977 0.482207 0.967458
0.610377 0.472457 1.16255
0.580652 0.49874 1.34884
0.582425 0.404197 1.65298
0.54798 0.420313 1.83274
1.20297 0.15001 2.84999
1.90738 0.15001 -2.72933
0.579054 0.403698 0.408619
0.726105 0.467192 0.702864
0.681285 0.527222 0.874174
0.734244 0.476626 1.03975
0.772841 0.524232 1.42319
0.764004 0.425265 1.58296
0.749975 0.457791 1.7584
0.701467 0.39137 1.93269
1.55657 0.302838 2.84999
1.95692 0.15001 -2.57814
2.20975 0.15001 -2.47732
0.665563 0.546109 0.518476
0.554717 0.58609 0.746712
0.589733 0.635751 0.991203
0.499576 0.637052 1.28478
0.591968 0.519555 1.52881
0.598071 0.558937 1.73166
0.617768 0.410947 2.09475
1.39881 0.15001 2.84999
2.55318 0.15001 -2.74141
1.05012 0.15001 -0.957533
0.72629 0.649626 0.713048
0.751562 0.693602 0.908547
0.614585 0.692412 1.1563
0.727982 0.58637 1.25468
0.641659 0.657445 1.42151
0.730406 0.607324 1.60902
0.669142 0.578834 1.90036
1.7975 0.15001 2.60296
2.37377 0.15001 -2.34926
1.0766 0.15001 -1.27954
1.9582 0.15001 -0.391112
0.581187 0.750517 0.83377
0.801246 0.636199 1.08846
0.589448 0.80006 1.30885
0.614014 0.754826 1.58233
0.589448 0.730742 1.78137
0.691054 0.591194 2.09351
1.52377 0.15001 2.7353
1.30538 0.15001 -2.51248
0.951831 0.15001 -0.12396
2.02094 0.15001 -0.943293
2.34326 0.15001 0.708316
1.81707 0.175331 1.10202
2.42111 0.15001 0.416301
1.90139 0.15001 0.720317
1.95718 0.15001 1.54775
1.73925 0.15001 2.37455
1.75368 0.321266 2.84998
1.40075 0.15001 0.38903
0.924159 0.15001 0.624859
1.65892 0.15001 0.428862
1.02845 0.15001 0.839491
1.72812 0.15001 1.32291
0.858393 0.15001 1.35436
0.992058 0.15001 1.46962
1.22087 0.15001 1.82914
0.711017 0.15001 2.17637
2.74015 0.15001 2.43034
2.70248 0.15001 -2.68749
2.84999 0.15001 -2.22287
0.854095 0.15001 0.444629
2.84999 0.15001 -0.621424
1.02429 0.15001 1.0209
1.07179 0.15001 1.29749
1.15411 0.15001 1.54276
0.93322 0.15001 1.6515
1.8424 0.15001 2.22954
1.64661 0.15001 2.84999
2.21118 0.15001 -2.67029
0.737076 0.181528 0.569996
0.904328 0.25153 0.776904
0.755905 0.209556 0.896238
0.838381 0.15001 1.03522
0.712326 0.24779 1.33249
0.837124 0.225277 1.53207
0.862818 0.15001 1.82534
0.789287 0.15001 1.9931
0.972652 0.15001 1.99778
2.68229 0.15001 -2.84999
2.23409 0.15001 -2.84999
0.896142 0.269644 0.323642
1.10537 0.15001 0.672963
0.934585 0.284849 0.949718
0.852349 0.288108 1.22983
1.79974 0.15001 1.66865
1.05884 0.267245 1.66924
2.29276 0.15001 2.67683
1.81625 0.15001 2.84974
0.802472 0.15001 0.182769
0.718209 0.368993 0.553399
0.880729 0.338025 0.622419
0.804021 0.379772 0.850926
1.03292 0.287025 1.13095
0.732536 0.408533 1.26979
0.85314 0.341344 1.40397
0.849089 0.292941 1.71847
0.871561 0.319574 1.94215
2.34109 0.15001 2.84999
2.68766 0.15001 -2.52178
2.54725 0.15001 -2.39323
1.00746 0.238982 0.497931
0.985922 0.40879 0.801059
2.57335 0.15001 0.977815
1.01433 0.313243 1.3124
1.04398 0.317143 1.4905
0.938377 0.40391 1.61245
1.01869 0.238163 1.84651
0.965767 0.290428 2.11286
0.682498 0.306524 0.228742
1.6473 0.15001 -1.33549
1.94473 0.15001 0.135987
0.872889 0.540078 0.900862
2.01837 0.15001 0.59196
0.880819 0.387267 1.08566
0.953755 0.48956 1.44955
0.969724 0.414823 1.79852
2.09535 0.15001 2.67532
2.26079 0.300379 2.83936
2.6311 0.15001 -2.19419
0.790554 0.428504 0.39482
0.894488 0.529316 0.675974
2.51708 0.349672 0.823148
2.22561 0.15001 0.879659
0.91159 0.462041 1.26067
1.61604 0.15001 2.07602
0.888263 0.570375 1.7035
0.849191 0.522238 1.89963
0.826441 0.463219 2.07954
2.49507 0.15001 -1.65998
1.24952 0.15001 -0.507368
1.72817 0.15001 -0.00407355
2.49878 0.154388 -0.0423629
2.37653 0.15001 0.994211
1.23716 0.15001 1.22434
1.60702 0.15001 0.973793
1.42732 0.15001 2.40247
1.96919 0.15001 2.54472
2.03971 0.307147 2.78284
2.30535 0.15001 -1.85536
2.3504 0.15001 -1.08012
2.6281 0.15001 -0.663375
2.49724 0.15001 0.59625
2.49077 0.15001 0.813419
1.89869 0.15001 1.37716
1.42142 0.15001 1.97958
2.02242 0.15001 2.17598
1.45395 0.15001 2.19864
1.9623 0.15001 2.35928
2.84999 0.15001 -2.64687
2.84999 0.15001 -2.48302
2.11943 0.15001 -0.209148
1.76875 0.15001 0.592782
2.69384 0.15001 0.169313
2.68206 0.15001 0.825812
2.07722 0.15001 1.95046
2.73153 0.15001 1.3005
2.5385 0.15001 2.39884
2.84999 0.15001 2.04452
2.66894 0.15001 -1.58835
2.84999 0.15001 -1.28686
2.84999 0.15001 -0.407
2.84999 0.15001 -0.181572
2.84999 0.15001 0.919543
2.84999 0.15001 1.67068
2.84999 0.15001 1.86054
2.61056 0.15001 2.18596
2.84999 0.15001 2.27629
1.98694 0.15001 2.84999
2.84999 0.15001 -2.8326
2.84996 0.163042 -1.97368
2.83625 0.15001 -1.75675
1.12577 0.28822 0.870885
2.84999 0.15001 0.528831
2.83786 0.15001 0.340155
2.55637 0.15001 1.37759
2.84999 0.161618 1.4581
2.84999 0.15001 2.57105
2.84999 0.15001 2.84999
2.48297 0.15001 -1.21999
1.83661 0.15001 -1.31407
2.61059 0.167978 0.410487
2.84999 0.15001 0.0557948
2.6006 0.15001 1.16399
2.84999 0.15001 1.15283
2.02434 0.164386 1.13262
2.50181 0.166756 2.0138
2.66412 0.158382 2.64883
2.51086 0.15001 2.84999
2.43538 0.15001 -2.84999
2.19264 0.15001 -0.00730128
2.1482 0.15001 -1.32508
2.6961 0.15001 -0.052292
1.59207 0.15001 1.83246
2.679 0.15001 0.629677
2.66466 0.15001 1.747
2.46896 0.15001 1.80621
1.64066 0.15001 2.51397
2.67977 0.15001 2.84999
2.75153 0.15001 -2.3572
2.84412 0.15001 -1.02671
2.37852 0.15001 -0.570253
2.32738 0.15001 -0.158864
2.84998 0.290602 1.0356
1.94438 0.152048 0.365991
2.68013 0.15001 1.95048
2.41429 0.15001 2.20009
1.82848 0.163705 2.04324
2.16134 0.15001 2.84999
2.51549 0.15001 -2.54486
2.39111 0.15001 -1.38409
2.67986 0.15001 -0.471178
1.93566 0.15001 -0.641095
2.84216 0.16211 0.720571
2.46747 0.15001 1.59881
2.31977 0.241934 1.85672
2.23153 0.15001 1.52497
2.28492 0.15001 2.01825
2.48413 0.15001 2.59954
2.45234 0.15001 -1.97573
2.83369 0.15001 -1.5011
2.49273 0.15001 0.197952
2.67221 0.15001 -0.229151
2.36392 0.15001 1.19367
2.76412 0.26905 2.17908
1.5168 0.15001 1.16503
2.66671 0.15001 1.53078
2.80575 0.264986 2.69176
2.45909 0.271178 2.73006
2.35422 0.15001 -2.5326
2.39758 0.15001 -0.761422
2.61652 0.15001 -1.36085
2.80486 0.15001 -0.839413
2.22548 0.179317 0.483577
2.12008 0.15001 1.28183
2.18087 0.15001 1.79355
2.22294 0.15001 2.18783
2.1475 0.15001 2.46275
2.30892 0.15001 2.35342
2.11625 0.15001 -0.777396
1.75463 0.15001 -0.591012
1.8758 0.15001 -0.11027
2.26651 0.15001 -0.3615
2.00076 0.15001 0.91691
1.78456 0.15001 1.85061
2.3709 0.15001 1.38135
1.95124 0.15001 1.76992
2.0883 0.215636 1.65765
2.33276 0.215329 2.51492
