1000 0.1
-2.84999 0.15001 -2.46276
-2.03766 0.15001 -2.23338
-2.84999 0.15001 -1.81389
-2.45976 0.15001 -1.9348
-2.50605 0.15001 -1.08527
-2.06838 0.15001 -1.14237
-2.83345 0.15001 -0.245662
-2.7126 0.15001 1.00113
-2.24368 0.15001 1.22245
-2.3883 0.15001 2.82385
-2.50582 0.15001 -2.64467
-2.38336 0.15001 -2.49598
-2.59459 0.15001 -1.75234
-2.80336 0.15001 -1.30997
-2.83537 0.15001 -0.452223
-2.80428 0.15001 1.51461
-2.82117 0.15001 0.783268
-2.83726 0.15001 1.77749
-2.83303 0.15001 2.80925
-2.4852 0.15001 2.33584
-2.78103 0.15001 -2.84319
-2.76364 0.15001 -2.16154
-1.94305 0.15001 -1.91734
-1.72977 0.15001 -1.46025
-2.19883 0.15001 -0.685576
-2.82849 0.15001 -1.12576
-2.32092 0.15001 0.685996
-1.89728 0.15001 0.275613
-2.16984 0.15001 -0.200088
-2.62576 0.15001 2.84065
-1.68173 0.15001 -2.33562
-1.21036 0.15001 -1.74873
-2.84999 0.15001 -0.940898
-2.70315 0.15001 -0.817728
-2.80799 0.15001 -0.656547
-2.63893 0.15001 -0.32438
-2.84552 0.15001 1.21673
-2.56619 0.15001 1.7713
-2.79829 0.15001 2.23516
-2.1895 0.15001 2.66288
-2.18226 0.15001 -2.33733
-2.70936 0.15001 -2.34223
-2.59947 0.15001 -2.05671
-2.75919 0.15001 -1.66177
-1.84496 0.15001 -0.434419
-1.9367 0.15001 -0.213334
-2.71709 0.15001 0.150821
-1.80943 0.280243 0.187335
-1.88753 0.280167 0.433787
-2.21372 0.15001 1.44979
-2.19789 0.15001 -2.51399
-1.86275 0.15001 -2.28683
-2.60317 0.15001 -1.57209
-2.81347 0.15001 -1.48981
-2.50163 0.15001 -0.874742
-2.57598 0.15001 -0.135001
-2.84737 0.15001 0.334579
-2.79263 0.15001 -0.0319243
-2.41028 0.15001 1.49252
-2.01255 0.15001 2.84782
-2.30958 0.15001 -2.66129
-2.84999 0.15001 -1.99697
-1.90965 0.15001 -1.54729
-2.48003 0.15001 -1.28256
-2.64946 0.15001 -0.512733
-2.65488 0.15001 -1.18771
-2.21933 0.15001 0.0242179
-2.45323 0.15001 -0.414157
-2.62266 0.15001 1.40712
-2.65263 0.15001 2.10145
-2.02352 0.15001 -2.43023
-2.27974 0.15001 -1.98331
-2.36336 0.15001 -2.30784
-2.43502 0.15001 -1.65819
-1.44637 0.15001 -1.40278
-2.26972 0.15001 -0.501382
-2.6392 0.15001 0.369086
-2.48979 0.15001 0.264916
-2.59705 0.15001 0.739307
-2.84206 0.15001 2.48604
-2.84999 0.15001 -2.64778
-2.31407 0.15001 -1.80576
-2.38918 0.15001 -0.670129
-2.63216 0.15001 -1.38749
-2.29247 0.15001 -0.841936
-2.57417 0.15001 -0.685233
-2.30768 0.15001 0.885575
-2.36562 0.15001 -0.25019
-2.83385 0.15001 0.580987
-2.65301 0.15001 1.19091
-2.53259 0.15001 -2.40103
-1.72264 0.15001 -2.15295
-1.75872 0.15001 -1.83117
-2.41577 0.15001 -2.11091
-2.4474 0.15001 -1.47368
-2.6668 0.15001 -0.99281
-1.98615 0.15001 0.913451
-2.42108 0.15001 -0.00407687
-2.44913 0.15001 0.533914
-2.49914 0.15001 1.01072
-1.84808 0.15001 -2.47958
-1.54735 0.15001 -0.902262
-1.71192 0.15001 -0.752892
-1.50702 0.15001 -0.577814
-1.76006 0.15001 -0.26766
-2.02815 0.15001 -0.971493
-2.10432 0.15001 0.202284
-1.60006 0.15001 0.499485
-1.64597 0.15001 1.11514
-1.94393 0.15001 1.91311
-2.58595 0.15001 -2.84999
-1.68043 0.15001 -1.03287
-1.81869 0.15001 -0.900585
-1.84978 0.15001 -0.622294
-1.63342 0.15001 -0.413344
-2.31372 0.15001 0.412484
-1.69224 0.15001 0.25617
-1.76787 0.15001 0.423734
-1.86878 0.15001 0.586732
-1.73503 0.15001 1.36975
-2.22574 0.15001 -2.83038
-1.36413 0.15001 -0.89164
-1.53995 0.219182 -0.738153
-1.52579 0.285827 -0.473628
-1.56146 0.15001 -0.248914
-1.58288 0.15001 -0.0513642
-2.02286 0.15001 -0.733998
-1.5382 0.15001 0.139892
-1.50979 0.15001 0.670358
-1.60044 0.15001 0.832485
-1.77037 0.15001 -2.66758
-1.49432 0.15001 -1.07528
-1.67643 0.274363 -0.88375
-1.67907 0.195949 -0.579443
-1.75464 0.294384 -0.364157
-1.79017 0.15001 -0.0846584
-1.72121 0.15001 0.0819884
-1.63804 0.266756 0.37391
-1.69298 0.15001 0.660305
-1.58167 0.15001 2.82957
-2.03657 0.15001 -2.84822
-1.61583 0.15001 -1.2154
-1.66109 0.346355 -0.697829
-1.67876 0.373455 -0.504158
-1.57702 0.327424 -0.30604
-1.50942 0.281771 -0.139003
-1.49135 0.288485 0.0379951
-1.45728 0.290697 0.231174
-1.50195 0.281335 0.543709
-1.73521 0.285239 0.766797
-1.02335 0.15001 -1.4752
-1.40349 0.300086 -0.994084
-2.69022 0.15001 -1.90351
-2.08511 0.15001 -1.68725
-1.69352 0.282749 -0.173886
-1.6717 0.298049 0.00187503
-1.62814 0.302198 0.181929
-1.51606 0.389432 0.386561
-1.71291 0.289385 0.546754
-1.79264 0.15001 2.84024
-1.30969 0.15001 -1.54467
-1.63996 0.15001 -1.96174
-1.52415 0.380064 -0.853545
-1.55812 0.474251 -0.595759
-1.5636 0.497819 -0.391927
-1.53657 0.443205 -0.0745839
-1.51012 0.438248 0.116872
-1.44438 0.52218 0.285912
-1.54537 0.329301 0.716747
-2.41239 0.15001 2.00397
-1.95075 0.15001 -2.65787
-1.55504 0.15001 -1.54409
-2.13262 0.15001 -1.86594
-2.26026 0.15001 -1.59208
-1.48598 0.552553 -0.216825
-1.6869 0.47539 0.0351223
-1.62792 0.483493 0.246259
-1.75558 0.397363 0.352535
-1.59131 0.441112 0.555265
-1.48317 0.296776 0.889658
-2.41032 0.15001 -2.8087
-2.23375 0.15001 -2.16268
-2.55896 0.15001 -2.2281
-1.50508 0.647891 -0.648657
-2.24961 0.15001 -1.21554
-2.1041 0.15001 -0.410855
-1.52357 0.614755 0.0917648
-2.05562 0.15001 1.23485
-2.08655 0.15001 1.80966
-1.93711 0.15001 2.24362
-1.54155 0.15001 -2.10726
-2.67882 0.15001 -2.69649
-2.08558 0.15001 -2.04701
-1.91079 0.15001 -1.73471
-2.26537 0.15001 -1.40562
-2.21636 0.15001 -1.02956
-2.0611 0.15001 0.641356
-2.00184 0.15001 1.61253
-2.13906 0.15001 1.04972
-2.4028 0.15001 2.60129
-1.40436 0.15001 -1.68221
-1.1951 0.15001 -1.21758
-1.31454 0.15001 -1.06576
-1.318 0.15001 -0.541862
-1.27538 0.15001 -0.300753
-1.19082 0.15001 -0.132968
-1.3592 0.15001 0.203639
-1.5187 0.15001 0.322723
-1.39093 0.15001 0.833546
-1.59768 0.15001 1.59649
-1.85647 0.15001 -2.82834
-1.38162 0.15001 -1.24006
-1.38149 0.15001 -0.709246
-1.43468 0.15001 -0.407368
-1.39835 0.15001 -0.162538
-1.40356 0.15001 0.0167537
-1.94057 0.15001 0.0717577
-1.36663 0.15001 0.53662
-1.49738 0.15001 0.996489
-1.58289 0.15001 2.52816
-2.12754 0.15001 -2.68204
-1.16359 0.237302 -1.06498
-1.21287 0.157005 -0.746909
-1.39498 0.290982 -0.600682
-1.28967 0.271715 -0.41746
-1.31481 0.266111 -0.0796748
-1.3086 0.279687 0.0965864
-1.26419 0.15001 0.361167
-1.2329 0.15001 0.661309
-1.33171 0.227491 1.00038
-0.863754 0.15001 -1.62623
-0.694592 0.15001 -1.74761
-1.37407 0.300227 -0.795406
-1.41355 0.398339 -0.394351
-1.40808 0.262811 -0.285025
-1.3583 0.418705 -0.00107323
-1.26611 0.289227 0.268766
-1.3991 0.247793 0.39938
-1.37229 0.255481 0.683299
-1.07778 0.175482 1.09372
-1.57467 0.15001 -1.73031
-1.30954 0.29908 -1.17359
-1.23731 0.316832 -0.913567
-1.21607 0.341626 -0.71997
-1.22607 0.424062 -0.335345
-1.19721 0.391218 -0.0923704
-1.34341 0.418142 0.186505
-1.33646 0.410497 0.386238
-1.2055 0.309782 0.615782
-1.87103 0.15001 1.14828
-1.23242 0.15001 -1.39177
-1.13956 0.390373 -1.15219
-1.39536 0.446318 -0.683821
-1.28844 0.416189 -0.522932
-1.3782 0.402738 -0.189176
-1.17946 0.523917 0.0158106
-1.19389 0.457554 0.290796
-1.36329 0.391331 0.563014
-1.34921 0.396108 0.799287
-1.31678 0.15001 2.47008
-1.44209 0.15001 -1.9013
-1.49831 0.287746 -1.23565
-1.26031 0.477508 -0.823879
-1.19006 0.51353 -0.638291
-1.34439 0.553543 -0.33887
-1.26214 0.534259 -0.175315
-1.30638 0.577545 0.144005
-1.25733 0.564385 0.426801
-1.19665 0.488379 0.598881
-1.4915 0.15001 1.93313
-1.49381 0.15001 -2.28375
-1.23578 0.478342 -1.00951
-1.32848 0.615871 -0.716761
-1.39767 0.559168 -0.51983
-1.35564 0.699073 -0.180102
-1.37884 0.591053 -0.0320092
-1.21879 0.697507 0.299884
-1.4483 0.549247 0.475078
-1.37567 0.535603 0.676963
-1.16754 0.330181 0.971017
-1.00534 0.15001 -1.76722
-1.41618 0.534431 -0.905248
-0.404687 0.15001 -2.41729
-1.24288 0.686548 -0.556781
-1.35299 0.721831 -0.403042
-2.09468 0.15001 -1.49969
-1.4064 0.695931 0.24439
-1.27883 0.667326 0.580017
-2.06022 0.15001 2.09737
-2.62656 0.15001 2.53609
-1.11672 0.15001 -1.61046
-1.29861 0.15001 -2.30019
-1.9046 0.15001 -2.10253
-2.30381 0.15001 0.213555
-2.0456 0.15001 -1.31693
-1.7349 0.15001 -1.64107
-2.04734 0.15001 0.422316
-2.05004 0.15001 2.40369
-0.481667 0.15001 1.39306
-1.31234 0.15001 2.78844
-1.21622 0.15001 -2.68011
-0.858644 0.15001 -1.06008
-1.18378 0.15001 -0.91773
-1.16318 0.15001 -0.446419
-1.09123 0.15001 -0.286724
-1.01984 0.15001 -0.0601827
-1.01662 0.15001 0.108208
-1.08044 0.15001 0.347672
-1.09922 0.15001 0.784357
-0.893502 0.15001 1.55121
-0.753053 0.15001 -2.84999
-1.03174 0.15001 -1.30944
-1.03038 0.15001 -1.13472
-1.09886 0.15001 -0.618053
-0.907946 0.15001 -0.383981
-1.2314 0.15001 0.0366797
-0.94181 0.178961 0.255815
-1.15912 0.15001 0.499952
-1.18059 0.15001 0.944867
-0.638845 0.15001 2.55593
-2.67223 0.15001 -2.51835
-1.01053 0.15001 -0.955746
-1.02893 0.15001 -0.776532
-1.01149 0.221325 -0.492752
-1.22049 0.288949 -0.230224
-1.0555 0.265206 -0.164767
-1.16466 0.16433 0.194665
-1.02478 0.279171 0.458336
-1.05031 0.185036 0.619537
-0.985788 0.15001 0.932436
-1.67807 0.15001 -2.83722
-0.918773 0.278459 -1.16858
-1.07356 0.293342 -0.847893
-1.20341 0.266843 -0.570061
-1.10998 0.296883 -0.369008
-1.12393 0.264177 0.00713688
-0.987384 0.32231 0.153725
-1.20789 0.299691 0.437772
-1.23857 0.252389 0.808179
-1.40117 0.15001 2.16584
-0.860834 0.15001 -1.42722
-1.00974 0.320357 -1.01528
-1.03148 0.307482 -0.655006
-1.10811 0.393637 -0.514755
-1.07723 0.416522 -0.219844
-1.02641 0.39361 -0.0330139
-1.15854 0.379849 0.131756
-1.08997 0.309323 0.293491
-1.04128 0.367764 0.650474
-1.0347 0.297408 0.846339
-1.40047 0.15001 -2.67196
-0.950922 0.452546 -1.17941
-1.07512 0.448414 -0.764466
-0.99818 0.49226 -0.603433
-1.02243 0.459749 -0.377014
-1.03291 0.549068 -0.107752
-1.00982 0.463037 0.255374
-1.09241 0.436918 0.454167
-1.15931 0.417944 0.781465
-0.727849 0.15001 2.84232
-1.6703 0.15001 -2.51593
-1.05364 0.487519 -0.948772
-0.921602 0.554733 -0.756971
-1.17551 0.549569 -0.451362
-1.11286 0.574853 -0.274795
-0.970333 0.505316 0.0828175
-1.12402 0.577495 0.177762
-0.895971 0.540408 0.375463
-0.98692 0.526189 0.58435
-0.974954 0.15001 2.36315
-0.979881 0.15001 -2.47264
-1.12762 0.15001 -2.8426
-1.12852 0.620055 -0.79927
-1.06597 0.654403 -0.610131
-0.954495 0.664806 -0.283095
-1.16927 0.673068 -0.108991
-0.921277 0.614993 0.21234
-1.07747 0.590356 0.363114
-0.963975 0.462631 0.830609
-0.920838 0.15001 2.84654
-1.58356 0.15001 -2.67435
-1.36846 0.15001 -2.12708
-0.957965 0.651216 -0.918582
-0.795678 0.15001 -2.47851
-1.07223 0.696936 -0.429999
-1.01575 0.780178 -0.135148
-1.22791 0.717042 0.0638099
-0.943954 0.721753 0.372826
-1.08188 0.587019 0.733576
-1.45345 0.15001 1.35832
-1.48608 0.15001 -2.48249
-0.0808937 0.15001 -2.64068
-1.02843 0.15001 -2.17465
-0.975015 0.729052 -0.752346
-1.20934 0.717852 -0.293989
-1.04887 0.660399 0.033369
-1.0547 0.740751 0.212186
-1.10756 0.64199 0.534016
-1.76245 0.15001 2.46492
-1.76143 0.15001 0.926444
-1.25565 0.15001 -1.94788
-0.87846 0.15001 -2.27403
-0.7642 0.15001 -0.712604
-0.771557 0.15001 -0.51692
-0.935477 0.15001 -0.212402
-0.829863 0.15001 -0.0722749
-0.829745 0.15001 0.110525
-0.798513 0.15001 0.334894
-0.801222 0.15001 0.601496
-0.816431 0.15001 0.870222
-1.49858 0.15001 -2.84375
-0.830531 0.15001 -1.25029
-0.849749 0.15001 -0.877964
-0.922216 0.15001 -0.622375
-0.72821 0.15001 -0.338692
-0.801238 0.243054 -0.228588
-0.682384 0.15001 0.207914
-0.924548 0.15001 0.470623
-0.926662 0.15001 0.730763
-0.869219 0.15001 2.08424
-0.939724 0.15001 -2.84955
-0.691361 0.15001 -1.12767
-0.701563 0.238379 -0.863533
-0.648896 0.265364 -0.665432
-0.947762 0.306464 -0.307072
-0.748746 0.282543 0.00835243
-0.920816 0.262891 0.0127213
-0.794652 0.263035 0.453853
-0.659181 0.229573 0.590584
-0.891659 0.15001 1.11748
-1.31644 0.15001 -2.84742
-0.845053 0.15001 -2.6833
-0.900954 0.25748 -0.758844
-0.819169 0.283966 -0.600597
-0.80593 0.283055 -0.407286
-0.89491 0.34379 -0.137559
-0.786822 0.280487 0.219724
-0.900552 0.278502 0.602232
-0.867699 0.295926 0.787053
-0.711808 0.15001 1.03246
-0.0941216 0.15001 -2.13381
-0.83024 0.296315 -0.971848
-0.765008 0.358514 -0.760734
-0.928453 0.370601 -0.491934
-0.773453 0.4046 -0.286194
-0.679107 0.471204 0.00129779
-0.832146 0.396787 0.0983189
-0.904981 0.341041 0.328472
-0.721019 0.388145 0.539882
-0.86192 0.271792 0.992157
-1.29089 0.15001 -2.49546
-0.757578 0.359141 -1.15144
-0.91817 0.403198 -0.852287
-0.833231 0.449325 -0.628195
-0.778546 0.456344 -0.452597
-0.84786 0.486859 -0.0556951
-0.78778 0.467603 0.254162
-0.895884 0.409549 0.489612
-0.856851 0.434114 0.673948
-0.466327 0.15001 2.72143
-0.240236 0.15001 -2.78476
-0.863416 0.465078 -1.01696
-0.719453 0.52544 -0.751734
-0.918546 0.579652 -0.451166
-0.912458 0.495846 -0.234901
-0.715579 0.527818 -0.17446
-0.784983 0.570333 0.0991205
-0.712938 0.537724 0.42075
-0.72147 0.545943 0.611297
-0.78763 0.405446 0.902167
-1.02784 0.15001 -2.65588
0.222473 0.15001 -2.35946
-0.76441 0.60613 -0.950255
-0.820233 0.622085 -0.60026
-0.781367 0.596064 -0.324396
-0.881873 0.649057 -0.11752
-0.693769 0.62551 0.245646
-0.853355 0.641141 0.523957
-0.871926 0.608761 0.722075
-0.180702 0.15001 2.22847
-0.611618 0.15001 -2.39149
0.111176 0.15001 -2.19188
-0.601385 0.646155 -0.82754
-0.801877 0.735292 -0.453398
-0.758958 0.74854 -0.211893
-0.708759 0.658104 -0.0491889
-0.817181 0.761143 0.224569
-0.740593 0.728229 0.392817
-0.64378 0.696824 0.553339
-0.817442 0.582614 0.911401
-1.19458 0.15001 -2.12351
-0.286426 0.15001 -2.56551
-0.790186 0.686169 -0.783338
-0.633739 0.641606 -0.641768
-0.946417 0.819514 -0.376322
-0.876077 0.715925 0.051452
-0.501237 0.533029 0.843583
-1.50299 0.15001 2.37115
-0.973885 0.15001 1.89631
0.0343162 0.15001 2.07114
-0.404266 0.15001 -2.84999
-0.67965 0.15001 -2.62538
-0.614403 0.15001 -1.58608
-0.531524 0.15001 -0.608236
-0.536393 0.15001 -0.286738
-0.417975 0.15001 -0.144883
-0.655719 0.15001 0.0208816
-0.47313 0.15001 0.409495
-0.686658 0.15001 0.744169
-0.553554 0.15001 0.89202
0.668137 0.15001 -2.65779
-0.502652 0.15001 -1.12375
-0.583864 0.15001 -0.782991
-0.608484 0.15001 -0.455884
-0.440432 0.286296 -0.253699
-0.683024 0.15001 -0.162254
-0.450992 0.15001 0.230575
-0.655975 0.15001 0.438925
-0.428062 0.274802 0.903052
-0.239182 0.15001 2.81706
-0.58423 0.15001 -2.80848
0.290666 0.15001 -1.79358
-0.5961 0.15001 -0.96762
-0.395978 0.258814 -0.572625
-0.636885 0.286257 -0.283211
-0.55699 0.239446 -0.124174
-0.559278 0.233779 0.139918
-0.365887 0.279796 0.275496
-0.507802 0.15001 0.587731
-0.688272 0.258941 0.88595
-0.518734 0.15001 -1.32459
-0.589273 0.284239 -1.20457
-0.482592 0.271781 -0.730602
-0.668136 0.305614 -0.500095
-0.519013 0.281371 -0.411752
-0.695776 0.355356 -0.134374
-0.471597 0.383053 0.166157
-0.582667 0.238404 0.311328
-0.550706 0.257119 0.731963
-0.541562 0.15001 1.15059
-0.520651 0.15001 -2.10801
-0.644118 0.303776 -1.0259
-0.590667 0.398308 -0.775778
-0.521929 0.368695 -0.57949
-0.60888 0.429443 -0.382995
-0.577726 0.336304 0.0111711
-0.653023 0.380895 0.169983
-0.48859 0.378743 0.348425
-0.544606 0.298463 0.489057
-0.567671 0.270945 1.02548
-1.03647 0.15001 -1.96528
-0.48617 0.396337 -1.07335
-0.701327 0.433611 -0.916352
-0.660775 0.465679 -0.588497
-0.413258 0.406877 -0.421214
-0.529459 0.41244 -0.175018
-0.460752 0.467846 0.00551564
-0.680353 0.370615 0.362055
-0.711591 0.333475 0.719744
-0.443992 0.15001 2.43711
1.07534 0.15001 -2.44097
-0.803565 0.15001 -1.92362
-0.470497 0.48729 -0.889579
-0.496015 0.547128 -0.489894
-0.581074 0.572071 -0.287162
-0.558562 0.570233 -0.0989649
-0.566517 0.507354 0.265693
-0.415978 0.527536 0.39878
-0.571999 0.417173 0.634206
-0.573562 0.385514 0.873326
0.476574 0.15001 -2.66696
-0.587985 0.558432 -1.0114
-0.502011 0.522907 -0.683074
-0.668945 0.599045 -0.466796
-0.446286 0.681017 -0.353892
-0.562013 0.733561 -0.177194
-0.573105 0.580005 0.0924091
-0.56118 0.643376 0.394218
-0.695177 0.502048 0.781967
0.36035 0.15001 1.67021
0.284824 0.15001 -2.65231
0.380299 0.15001 -2.48369
-0.418413 0.655268 -0.808347
-0.503561 0.730473 -0.539688
-0.630517 0.734749 -0.35635
-0.449404 0.708702 0.014685
-0.310486 0.686802 0.232377
-0.495479 0.577979 0.566714
-0.142379 0.15001 1.87963
-0.615674 0.444119 1.05499
-1.11815 0.15001 -2.34569
-0.495038 0.15001 -2.61669
0.280237 0.15001 -2.04429
-0.29471 0.666893 -0.263055
0.791786 0.15001 0.187869
-0.662161 0.739587 0.106208
-0.509184 0.691918 0.2259
-0.405947 0.304495 1.14052
0.24737 0.15001 1.84839
0.111536 0.15001 2.54478
0.649157 0.15001 -2.03998
-0.433129 0.15001 -0.888287
-0.373289 0.15001 -0.706985
-0.428416 0.15001 -0.448158
-0.333715 0.15001 -0.295481
-0.293794 0.15001 -0.0122534
-0.259245 0.15001 0.17512
-0.298023 0.15001 0.351968
-0.421223 0.15001 0.76544
-0.303507 0.15001 0.90648
-0.286935 0.15001 -2.21555
0.584219 0.15001 -2.84856
-0.257657 0.15001 -0.954164
-0.20563 0.15001 -0.757582
-0.173829 0.15001 -0.211912
-0.481183 0.15001 0.015941
-0.118129 0.15001 0.294986
-0.332041 0.15001 0.529703
-0.263368 0.281521 0.803683
0.0999149 0.15001 2.73267
-0.28462 0.15001 -1.15124
-0.384102 0.242899 -1.03748
-0.313827 0.261353 -0.832962
-0.26387 0.15001 -0.561264
-0.30688 0.262218 -0.421202
-0.285956 0.256191 -0.153703
-0.375787 0.246622 0.106999
-0.190599 0.28449 0.3684
-0.387962 0.266238 0.638544
-0.359403 0.15001 1.08681
-0.69925 0.15001 -2.20294
-0.305639 0.15001 -1.35038
-0.150821 0.289539 -0.954127
-0.249291 0.297965 -0.662993
-0.156441 0.28669 -0.307937
-0.415028 0.300376 -0.0489241
-0.209733 0.307654 0.193234
-0.370699 0.28608 0.447314
-0.218314 0.274706 0.566506
-0.2689 0.293222 1.0096
0.354228 0.15001 -2.84292
-0.503911 0.306361 -0.908114
-0.380025 0.403615 -0.757917
-0.214057 0.39559 -0.4724
-0.300298 0.377536 -0.286424
-0.166171 0.37908 -0.15086
-0.308689 0.402646 0.0721038
-0.263179 0.419734 0.437987
-0.431317 0.38508 0.75692
0.70883 0.15001 1.201
0.148912 0.15001 -2.7986
-0.401004 0.263116 -1.23324
-0.321325 0.387807 -0.956909
-0.352958 0.434508 -0.585476
-0.148959 0.461254 -0.315424
-0.333754 0.433536 -0.119498
-0.318248 0.43771 0.264885
-0.411461 0.418826 0.553425
-0.263581 0.404251 0.675422
-0.10406 0.312409 0.908942
0.910471 0.15001 -2.68784
-0.233377 0.318372 -1.14046
-0.279267 0.545834 -0.769715
-0.300474 0.54169 -0.422346
-0.412062 0.511738 -0.276312
-0.197951 0.54988 -0.167606
-0.194079 0.513172 0.165208
-0.239904 0.572175 0.35102
-0.0309273 0.465604 0.716373
0.515871 0.15001 1.53272
1.26787 0.15001 -2.2921
0.847793 0.15001 -2.50255
-0.301861 0.568713 -0.961291
-0.36467 0.621666 -0.616135
-0.146264 0.635844 -0.352664
-0.302829 0.574342 0.0276478
-0.410317 0.551895 0.171077
-0.27788 0.546287 0.555674
-0.374176 0.550391 0.721588
-0.307734 0.434005 0.888474
0.606087 0.15001 -2.4609
-0.0399196 0.15001 -2.3798
-0.169152 0.678781 -0.713533
-0.28729 0.711806 -0.472302
0.937977 0.15001 -0.494173
-0.387726 0.602727 -0.124986
-0.170561 0.686755 0.107196
-0.37352 0.700645 0.433377
-0.188946 0.534 0.782528
0.853355 0.15001 2.52951
0.419812 0.15001 -1.32643
0.113589 0.15001 -2.58251
1.04794 0.15001 -1.26394
1.27903 0.15001 -1.6812
0.784421 0.15001 -0.36938
-0.217048 0.701849 -0.0767083
1.01291 0.15001 0.316376
-0.237566 0.674775 0.679031
0.506814 0.15001 1.10211
0.456644 0.15001 1.95945
2.44397 0.15001 -2.68152
0.587681 0.15001 -2.2761
0.0753433 0.15001 -0.759365
-0.0674986 0.15001 -0.641033
-0.178499 0.15001 -0.396682
0.0615407 0.15001 -0.118867
0.073073 0.15001 0.0557853
0.27133 0.15001 0.197931
-0.256661 0.15001 0.692579
-0.124715 0.15001 0.827124
1.45149 0.15001 -2.84558
0.158186 0.15001 -1.39907
0.135753 0.15001 -0.579634
-0.00381587 0.15001 -0.466276
0.220799 0.15001 -0.195303
-0.111462 0.15001 -0.0464011
1.33543 0.15001 -0.72648
0.0369479 0.15001 0.403836
0.0570273 0.15001 0.777613
0.418132 0.15001 2.76862
1.34553 0.15001 -2.67717
-0.111265 0.15001 -1.06494
-0.0748007 0.15001 -0.881434
-0.0888429 0.27527 -0.757747
-0.132159 0.253399 -0.522918
-0.0503343 0.259124 -0.168642
-0.0884 0.165718 0.125971
0.0847037 0.15001 0.231367
-0.159808 0.15001 0.467842
0.0269246 0.15001 0.964939
-0.0501755 0.15001 -2.84215
0.0603567 0.15001 -1.15876
0.0433809 0.282216 -0.635621
0.124862 0.279054 -0.467192
-0.00818027 0.15001 -0.293465
-0.191481 0.288866 0.0103284
0.165233 0.278431 0.114599
-0.0465547 0.273104 0.489051
-0.0988344 0.297856 0.718032
-0.155078 0.15001 1.02277
1.48646 0.15001 -2.52678
-0.0346031 0.302795 -1.11303
0.0460128 0.280923 -0.871853
-0.0981836 0.393966 -0.621369
-0.0257071 0.338585 -0.406294
-0.00464095 0.286109 -0.00496504
-0.0663493 0.374097 0.127937
-0.0152779 0.282526 0.275132
-0.119207 0.421437 0.557052
0.668425 0.15001 1.71937
-0.128539 0.15001 -1.24777
0.0234988 0.424589 -0.971857
0.0290361 0.419114 -0.75618
0.0760403 0.431466 -0.548228
0.00350793 0.406122 -0.234022
-0.145539 0.469229 -0.00365643
0.0911285 0.412276 0.202593
0.0521595 0.393136 0.398543
0.0604341 0.340712 0.611672
0.968479 0.15001 2.09581
1.27757 0.15001 -2.47841
0.816813 0.15001 -2.27969
-0.192068 0.400566 -0.817147
-0.203394 0.534403 -0.596397
-0.068747 0.507016 -0.467587
0.0553671 0.448923 -0.0239014
-0.115115 0.429455 0.302554
-0.0690726 0.542623 0.435266
0.0735503 0.323235 0.808997
1.4517 0.15001 2.807
0.00616281 0.15001 -1.61228
-0.155871 0.452983 -1.03049
-0.0137986 0.563274 -0.64638
0.098393 0.590598 -0.451724
-0.00557084 0.582093 -0.243301
-0.0430269 0.612841 -0.0562638
-0.0139321 0.55143 0.125849
0.0816459 0.557089 0.312338
0.0914238 0.518775 0.534673
1.39276 0.15001 2.54316
1.11929 0.15001 -2.64008
1.02406 0.15001 -2.22141
-0.0782157 0.546753 -0.843264
-0.106229 0.682488 -0.526988
1.2089 0.15001 -1.43322
1.62513 0.15001 -0.31795
-0.0886163 0.64298 0.275012
-0.178981 0.688734 0.484065
0.727273 0.15001 0.925948
0.668875 0.15001 2.84789
0.402193 0.15001 -2.21554
0.863394 0.15001 -2.09024
1.08299 0.15001 -1.77538
1.07605 0.15001 -1.57815
1.41558 0.15001 -1.08924
1.33814 0.15001 -0.139975
0.874143 0.15001 0.793618
0.897536 0.15001 1.27349
0.298875 0.15001 2.25909
0.958541 0.15001 2.83642
1.91771 0.15001 -2.64124
0.888506 0.15001 -1.63349
1.73004 0.15001 -1.62945
0.551294 0.15001 -0.810595
2.21215 0.15001 -1.27501
1.24189 0.15001 -1.22784
0.421355 0.15001 0.068505
0.681951 0.15001 0.724157
-0.0886807 0.15001 0.632448
1.65587 0.15001 1.78349
1.04184 0.15001 -2.84999
2.16997 0.15001 -2.6871
0.294946 0.15001 -0.962445
2.41545 0.15001 -2.03378
0.438259 0.15001 -0.428046
0.559874 0.15001 -0.0765768
0.452785 0.15001 0.263729
0.278717 0.15001 0.384169
0.438958 0.15001 0.894964
1.9184 0.15001 2.8263
0.415689 0.15001 -1.622
0.0890782 0.15001 -0.975474
0.255564 0.15001 -0.773546
0.201151 0.15001 -0.383577
0.348945 0.2228 -0.29191
0.162776 0.280922 -0.0834515
0.245652 0.15001 0.00646688
0.257618 0.15001 0.565542
0.0804527 0.15001 0.59387
0.236445 0.15001 0.898154
0.786346 0.15001 -2.84675
0.594357 0.15001 -1.82311
1.83015 0.15001 -1.46129
0.316677 0.15001 -0.57287
1.41359 0.15001 -1.28397
0.381696 0.15001 -0.120369
0.593388 0.159115 0.12707
0.579342 0.15001 0.546506
0.405873 0.15001 0.676113
1.21379 0.15001 2.8104
2.10234 0.15001 -2.5091
0.189904 0.296238 -0.998559
0.226812 0.279861 -0.654547
0.306211 0.287196 -0.458345
0.118221 0.270637 -0.275165
0.332886 0.332823 -0.148721
0.351332 0.296899 0.138763
0.15639 0.260309 0.47474
0.224596 0.213987 0.727759
2.37924 0.15001 2.23087
2.02134 0.15001 -2.84997
-0.0386975 0.15001 -1.42464
0.383404 0.261091 -0.831345
0.441811 0.265524 -0.622157
2.09527 0.15001 -1.09256
0.461016 0.300392 -0.0192082
0.183512 0.280635 0.298167
0.374453 0.296369 0.335547
0.362652 0.285075 0.528194
1.64874 0.15001 2.80258
1.39699 0.15001 -2.13589
1.55411 0.15001 -1.44333
0.202779 0.358817 -0.815335
0.261592 0.433892 -0.568018
0.149713 0.428568 -0.366929
0.17699 0.42914 -0.182471
0.255681 0.399458 0.012572
0.242888 0.414775 0.428298
1.08261 0.15001 1.74513
2.17583 0.15001 2.14556
1.67487 0.15001 -2.40119
1.47528 0.15001 -2.33136
1.52367 0.15001 -1.98172
1.61604 0.15001 -1.14423
1.52854 0.15001 -0.756863
1.31071 0.15001 0.200304
0.277216 0.433763 0.234798
1.1963 0.15001 1.28985
0.232092 0.390282 0.658043
0.656332 0.15001 1.9808
1.68648 0.15001 -2.61805
2.05122 0.15001 -2.30818
0.793441 0.15001 -1.90099
2.39723 0.15001 -1.84754
1.71575 0.15001 -1.29335
0.14472 0.59397 -0.104565
0.17919 0.544662 0.0998943
0.997289 0.15001 0.598239
1.9889 0.15001 2.0826
1.88889 0.15001 2.26863
2.30194 0.15001 -2.84999
1.65354 0.15001 -2.18616
1.64202 0.15001 -1.80186
1.38797 0.15001 -1.52258
1.74221 0.15001 -0.761203
2.04105 0.15001 -0.898303
1.22927 0.15001 0.430497
1.09449 0.15001 0.787379
1.33275 0.15001 1.78416
1.4475 0.15001 2.3579
1.25645 0.15001 -2.84999
2.84966 0.15001 -2.42196
1.82831 0.15001 -2.09121
2.52124 0.15001 -1.69615
2.25287 0.15001 -1.47281
2.49967 0.15001 -0.818546
1.44362 0.15001 0.477406
2.84444 0.15001 0.997244
2.51984 0.15001 0.622734
1.96228 0.15001 1.13896
1.0389 0.15001 -1.98427
2.85 0.15001 -1.80371
2.34156 0.15001 -2.21017
2.66177 0.15001 -1.53386
2.62905 0.15001 -1.0834
2.74317 0.15001 -0.747434
2.71022 0.15001 0.602426
2.62318 0.15001 0.413452
2.8482 0.15001 1.90565
2.07672 0.15001 2.72303
1.65344 0.15001 -2.81887
2.84601 0.15001 -2.21576
2.62646 0.15001 -2.08958
2.84886 0.15001 -1.3725
2.45808 0.15001 -1.21765
2.32381 0.15001 -0.344291
2.84699 0.15001 -0.282024
2.69555 0.15001 1.44332
1.89438 0.15001 0.522266
2.83924 0.15001 2.81804
2.58837 0.15001 -2.52599
2.84995 0.15001 -2.00768
2.19045 0.15001 -1.81252
2.07726 0.15001 -2.10516
2.84999 0.15001 -1.60189
2.63481 0.15001 -1.3446
2.84197 0.15001 -0.916124
1.80774 0.15001 0.158963
2.46723 0.15001 0.989323
2.55766 0.15001 1.57767
2.85 0.15001 -2.8499
0.633431 0.15001 -1.03181
2.62659 0.15001 -2.2815
2.4467 0.15001 -1.4893
2.00026 0.15001 -1.29569
1.90165 0.15001 -0.388076
2.3675 0.15001 -0.534076
2.24964 0.15001 0.667652
2.30139 0.15001 0.406784
2.81666 0.15001 2.25625
2.66977 0.15001 -2.73101
2.24282 0.15001 -2.37112
2.58983 0.15001 -1.89592
1.91326 0.15001 -1.75131
2.79714 0.15001 1.29109
2.65515 0.15001 -0.458934
1.74094 0.15001 -0.0247259
1.42078 0.15001 0.924798
1.8603 0.15001 1.38781
2.65533 0.15001 2.84898
2.52144 0.15001 -2.84999
2.84999 0.15001 -2.62992
1.413 0.15001 -1.81557
2.83274 0.15001 -1.14446
2.57874 0.15001 -0.655283
2.08404 0.15001 -0.631732
2.78937 0.15001 0.324509
2.30062 0.15001 0.216379
0.930105 0.15001 1.51559
1.75748 0.15001 1.55506
1.90942 0.15001 -2.46032
1.53249 0.15001 -1.65913
1.99483 0.15001 -1.91916
1.77967 0.15001 -1.91052
1.30679 0.15001 -0.476047
1.83407 0.15001 -0.190394
1.28495 0.15001 0.66635
1.77643 0.15001 0.916065
2.14364 0.15001 0.820247
2.60291 0.15001 1.79891
1.18886 0.15001 -2.11791
2.31639 0.15001 -2.54546
1.86887 0.15001 -2.27406
0.702846 0.15001 -1.5136
2.08786 0.15001 -1.66428
2.84749 0.15001 -0.479457
1.11074 0.15001 -0.0471438
2.68272 0.15001 -0.0282936
1.17498 0.15001 1.55306
1.72395 0.15001 0.377162
2.43911 0.15001 -2.37068
1.26538 0.15001 -1.94019
2.31487 0.15001 -0.779204
2.30676 0.15001 -1.66543
2.01637 0.15001 -1.48563
2.29875 0.15001 -1.08448
0.925364 0.15001 -0.0144034
1.55254 0.15001 0.748536
1.48245 0.15001 1.34956
2.57385 0.15001 1.17065
