1000 0.1
-2.84999 0.15001 -2.46268
-2.02871 0.15001 -2.23569
-2.84999 0.15001 -1.83271
-2.45888 0.15001 -1.93857
-2.50359 0.15001 -1.10139
-2.06452 0.15001 -1.1729
-2.82545 0.15001 -0.263642
-2.71412 0.15001 0.979014
-2.23776 0.15001 1.2103
-2.3845 0.15001 2.82123
-2.49521 0.15001 -2.64535
-2.3682 0.15001 -2.49582
-2.59145 0.15001 -1.76567
-2.79716 0.15001 -1.32636
-2.84312 0.15001 -0.469391
-2.80655 0.15001 1.50334
-2.825 0.15001 0.756257
-2.83676 0.15001 1.76756
-2.82534 0.15001 2.80823
-2.48995 0.15001 2.33097
-2.77776 0.15001 -2.84395
-2.75674 0.15001 -2.17485
-1.93405 0.15001 -1.92213
-1.71283 0.15001 -1.4557
-2.20186 0.15001 -0.709421
-2.83338 0.15001 -1.14189
-2.33903 0.15001 0.671286
-1.90921 0.15001 0.255427
-2.18833 0.15001 -0.230149
-2.63277 0.15001 2.83915
-1.67392 0.15001 -2.3367
-1.20989 0.15001 -1.77021
-2.84999 0.15001 -0.95436
-2.69605 0.15001 -0.833699
-2.8107 0.15001 -0.68033
-2.64123 0.15001 -0.344095
-2.84529 0.15001 1.20761
-2.56442 0.15001 1.76049
-2.79908 0.15001 2.23518
-2.18742 0.15001 2.65896
-2.18087 0.15001 -2.3397
-2.70254 0.15001 -2.34552
-2.59808 0.15001 -2.06405
-2.76081 0.15001 -1.68259
-1.85663 0.15001 -0.455963
-1.94904 0.15001 -0.234151
-2.71565 0.15001 0.126767
-1.82176 0.279689 0.165447
-1.90047 0.279048 0.413168
-2.22066 0.15001 1.43938
-2.18363 0.15001 -2.51925
-1.84934 0.15001 -2.29099
-2.60512 0.15001 -1.58328
-2.79979 0.15001 -1.50893
-2.48962 0.15001 -0.894473
-2.58835 0.15001 -0.170848
-2.84231 0.15001 0.312248
-2.78945 0.15001 -0.0686561
-2.40586 0.15001 1.4813
-2.00981 0.15001 2.84759
-2.30103 0.15001 -2.66617
-2.84999 0.15001 -2.01602
-1.8996 0.15001 -1.54674
-2.47619 0.15001 -1.29814
-2.65368 0.15001 -0.539301
-2.65981 0.15001 -1.20382
-2.22464 0.15001 -0.00290755
-2.45774 0.15001 -0.438805
-2.62363 0.15001 1.3934
-2.65442 0.15001 2.08643
-2.01078 0.15001 -2.42158
-2.27272 0.15001 -1.98741
-2.36563 0.15001 -2.30703
-2.43071 0.15001 -1.67351
-1.44767 0.15001 -1.42747
-2.2632 0.15001 -0.524551
-2.64552 0.15001 0.349441
-2.49713 0.15001 0.239402
-2.60401 0.15001 0.721274
-2.83978 0.15001 2.4799
-2.84999 0.15001 -2.64738
-2.30787 0.15001 -1.81029
-2.38394 0.15001 -0.700349
-2.62959 0.15001 -1.40412
-2.27962 0.15001 -0.886251
-2.57085 0.15001 -0.703304
-2.31347 0.15001 0.866993
-2.3755 0.15001 -0.279831
-2.83958 0.15001 0.564687
-2.65137 0.15001 1.17506
-2.52762 0.15001 -2.41198
-1.71047 0.15001 -2.15071
-1.7479 0.15001 -1.83103
-2.40789 0.15001 -2.11768
-2.43799 0.15001 -1.49166
-2.66514 0.15001 -1.0155
-1.99565 0.15001 0.890346
-2.42926 0.15001 -0.0312524
-2.46379 0.15001 0.514871
-2.50184 0.15001 0.99538
-1.83548 0.15001 -2.4799
-1.55845 0.15001 -0.92471
-1.72542 0.15001 -0.774253
-1.51878 0.15001 -0.599025
-1.77278 0.15001 -0.288554
-2.04318 0.15001 -0.992997
-2.10847 0.15001 0.184424
-1.6116 0.15001 0.479089
-1.65471 0.15001 1.10391
-1.94112 0.15001 1.89268
-2.58382 0.15001 -2.84999
-1.69202 0.15001 -1.05474
-1.83125 0.15001 -0.922691
-1.86269 0.15001 -0.64411
-1.6449 0.15001 -0.433996
-2.32791 0.15001 0.382327
-1.70452 0.15001 0.23552
-1.77949 0.15001 0.403381
-1.88014 0.15001 0.566222
-1.74269 0.15001 1.35856
-2.22007 0.15001 -2.83437
-1.37498 0.15001 -0.912686
-1.55194 0.217806 -0.759955
-1.53773 0.286127 -0.495156
-1.5731 0.15001 -0.269542
-1.59467 0.15001 -0.0723139
-2.02876 0.15001 -0.773252
-1.55017 0.15001 0.119015
-1.52111 0.15001 0.649708
-1.61106 0.15001 0.812167
-1.76582 0.15001 -2.66735
-1.5055 0.15001 -1.09772
-1.68851 0.273589 -0.905468
-1.69118 0.193955 -0.600638
-1.76667 0.294531 -0.384899
-1.80216 0.15001 -0.1055
-1.7332 0.15001 0.0612119
-1.65001 0.266671 0.353322
-1.70445 0.15001 0.639989
-1.58239 0.15001 2.83487
-2.0326 0.15001 -2.84898
-1.62784 0.15001 -1.23748
-1.67326 0.34477 -0.719105
-1.69165 0.372156 -0.526309
-1.58884 0.326718 -0.327293
-1.52083 0.281654 -0.159961
-1.5033 0.288522 0.0170985
-1.46898 0.291006 0.210537
-1.51251 0.280847 0.52324
-1.7468 0.284352 0.747658
-1.03123 0.15001 -1.4942
-1.41568 0.298772 -1.01587
-2.69326 0.15001 -1.91275
-2.075 0.15001 -1.69511
-1.705 0.282298 -0.194913
-1.68369 0.297653 -0.0191327
-1.64008 0.301772 0.161048
-1.52769 0.388762 0.366172
-1.72503 0.288975 0.526113
-1.79191 0.15001 2.8393
-1.30826 0.15001 -1.56714
-1.61597 0.15001 -1.94928
-1.53613 0.378335 -0.875012
-1.56855 0.471497 -0.616779
-1.57604 0.496519 -0.413264
-1.54809 0.442807 -0.0947077
-1.52136 0.437914 0.0968703
-1.45665 0.521873 0.265134
-1.55731 0.327862 0.696608
-2.41776 0.15001 1.99695
-1.9449 0.15001 -2.65662
-1.57495 0.15001 -1.5664
-2.1206 0.15001 -1.87241
-2.25198 0.15001 -1.61245
-1.49785 0.550881 -0.237946
-1.69865 0.474515 0.0150947
-1.63992 0.481959 0.226225
-1.76865 0.396255 0.331735
-1.60299 0.439909 0.535149
-1.49473 0.296422 0.869881
-2.40506 0.15001 -2.81663
-2.22737 0.15001 -2.16377
-2.54772 0.15001 -2.2352
-1.51635 0.645834 -0.670178
-2.24196 0.15001 -1.23559
-2.10297 0.15001 -0.435062
-1.53485 0.614207 0.0708842
-2.05791 0.15001 1.22129
-2.09877 0.15001 1.79558
-1.94136 0.15001 2.24073
-1.53516 0.15001 -2.10713
-2.67382 0.15001 -2.69667
-2.07579 0.15001 -2.05402
-1.90003 0.15001 -1.73825
-2.25839 0.15001 -1.42327
-2.20864 0.15001 -1.05852
-2.06998 0.15001 0.620129
-2.00434 0.15001 1.60514
-2.15074 0.15001 1.03176
-2.40179 0.15001 2.59938
-1.40467 0.15001 -1.71193
-1.20756 0.15001 -1.23614
-1.32582 0.15001 -1.087
-1.33012 0.15001 -0.562755
-1.28675 0.15001 -0.321882
-1.20128 0.15001 -0.15415
-1.37161 0.15001 0.183488
-1.53093 0.15001 0.301786
-1.40299 0.15001 0.813548
-1.60161 0.15001 1.58483
-1.85604 0.15001 -2.82993
-1.39201 0.15001 -1.26003
-1.39291 0.15001 -0.73036
-1.44679 0.15001 -0.428582
-1.40957 0.15001 -0.183549
-1.41549 0.15001 -0.00393415
-1.95487 0.15001 0.0519645
-1.3766 0.15001 0.516399
-1.50909 0.15001 0.977192
-1.59114 0.15001 2.53678
-2.11795 0.15001 -2.68449
-1.17403 0.237607 -1.08583
-1.22412 0.153043 -0.768137
-1.40695 0.290922 -0.622175
-1.3011 0.271604 -0.438653
-1.32576 0.265351 -0.10003
-1.32029 0.279336 0.0762142
-1.27502 0.15001 0.340173
-1.24403 0.15001 0.642511
-1.3428 0.226047 0.98117
-0.838458 0.15001 -1.61646
-0.679758 0.15001 -1.7609
-1.38551 0.299862 -0.817116
-1.42503 0.398228 -0.415597
-1.41986 0.262596 -0.306309
-1.36957 0.418124 -0.0217058
-1.27666 0.288575 0.247449
-1.41049 0.246806 0.37844
-1.38347 0.255239 0.663419
-1.08873 0.172713 1.07528
-1.57428 0.15001 -1.7453
-1.31996 0.299455 -1.19475
-1.2492 0.316045 -0.935757
-1.22622 0.339057 -0.743252
-1.23756 0.423879 -0.356747
-1.20776 0.389669 -0.112351
-1.3543 0.418149 0.166288
-1.34854 0.41001 0.364744
-1.21597 0.30877 0.595499
-1.87413 0.15001 1.13637
-1.24106 0.15001 -1.41011
-1.14926 0.389498 -1.17492
-1.40613 0.445712 -0.706168
-1.2998 0.415463 -0.544463
-1.38918 0.401819 -0.209586
-1.1908 0.523197 -0.00521995
-1.20454 0.456388 0.271101
-1.37319 0.390103 0.542077
-1.36067 0.395375 0.779801
-1.30885 0.15001 2.47354
-1.43762 0.15001 -1.89474
-1.5091 0.286871 -1.25672
-1.27082 0.476492 -0.845597
-1.201 0.511779 -0.66012
-1.35591 0.553371 -0.359396
-1.2726 0.532807 -0.196121
-1.31761 0.577472 0.122969
-1.26787 0.563089 0.407001
-1.20788 0.486866 0.579173
-1.48545 0.15001 1.9264
-1.48841 0.15001 -2.28591
-1.24704 0.476132 -1.03189
-1.33918 0.614903 -0.738382
-1.40927 0.557745 -0.540841
-1.36749 0.697597 -0.201494
-1.39009 0.590379 -0.0530717
-1.23038 0.695763 0.278684
-1.459 0.547242 0.455124
-1.38716 0.533899 0.656877
-1.17838 0.329472 0.951925
-0.980711 0.15001 -1.75949
-1.42755 0.531764 -0.926816
-0.408048 0.15001 -2.39896
-1.25435 0.684927 -0.578216
-1.3659 0.720983 -0.425686
-2.09144 0.15001 -1.51436
-1.41776 0.695493 0.223809
-1.29172 0.666198 0.56043
-2.0733 0.15001 2.08663
-2.62915 0.15001 2.53199
-1.12408 0.15001 -1.62759
-1.29201 0.15001 -2.29793
-1.89394 0.15001 -2.10366
-2.31788 0.15001 0.190349
-2.05111 0.15001 -1.34633
-1.73467 0.15001 -1.64719
-2.06132 0.15001 0.397712
-2.06343 0.15001 2.41929
-0.471044 0.15001 1.37485
-1.30728 0.15001 2.78978
-1.20696 0.15001 -2.68289
-0.868907 0.15001 -1.08239
-1.19426 0.15001 -0.938952
-1.17495 0.15001 -0.467863
-1.10217 0.15001 -0.308356
-1.02989 0.15001 -0.0811487
-1.02846 0.15001 0.0874698
-1.09101 0.15001 0.328861
-1.1098 0.15001 0.764248
-0.889564 0.15001 1.52531
-0.757633 0.15001 -2.84999
-1.04203 0.15001 -1.32728
-1.04058 0.15001 -1.15463
-1.10966 0.15001 -0.639241
-0.917886 0.15001 -0.404325
-1.24294 0.15001 0.0154214
-0.952207 0.175257 0.235273
-1.17247 0.15001 0.480349
-1.19091 0.15001 0.925328
-0.644765 0.15001 2.55382
-2.67083 0.15001 -2.52286
-1.02094 0.15001 -0.977186
-1.04024 0.15001 -0.798024
-1.02244 0.220013 -0.513035
-1.23265 0.289085 -0.251221
-1.06746 0.264957 -0.185722
-1.17694 0.15931 0.175216
-1.03702 0.278864 0.439717
-1.06051 0.181799 0.598506
-0.997001 0.15001 0.913201
-1.67692 0.15001 -2.83642
-0.929757 0.2781 -1.19186
-1.08481 0.292937 -0.870574
-1.21537 0.266345 -0.592088
-1.12146 0.296715 -0.389896
-1.13361 0.263337 -0.0120809
-0.998278 0.320536 0.133789
-1.21965 0.300149 0.41723
-1.25009 0.25163 0.789167
-1.41742 0.15001 2.15485
-0.866796 0.15001 -1.44649
-1.01951 0.319542 -1.03772
-1.04234 0.306878 -0.676064
-1.11934 0.392442 -0.535888
-1.08894 0.416271 -0.241029
-1.03709 0.393223 -0.0544288
-1.16962 0.379394 0.111525
-1.10115 0.307861 0.272958
-1.05227 0.366322 0.631288
-1.04599 0.297168 0.82667
-1.39168 0.15001 -2.67263
-0.962456 0.452155 -1.20175
-1.08548 0.447303 -0.786064
-1.00974 0.491476 -0.624859
-1.03315 0.459156 -0.39837
-1.04377 0.54886 -0.129011
-1.02025 0.461336 0.23533
-1.10314 0.437135 0.433589
-1.17094 0.416904 0.761587
-0.743106 0.15001 2.84259
-1.65854 0.15001 -2.51711
-1.06524 0.485728 -0.970595
-0.931475 0.552611 -0.778351
-1.18677 0.548481 -0.472999
-1.12372 0.574416 -0.29624
-0.981914 0.504457 0.0624618
-1.13504 0.57533 0.156993
-0.90682 0.539389 0.355544
-0.997107 0.524818 0.564552
-0.974233 0.15001 2.35327
-0.974436 0.15001 -2.4772
-1.11864 0.15001 -2.84709
-1.14022 0.618143 -0.82104
-1.07678 0.653933 -0.6314
-0.965012 0.663169 -0.304327
-1.18067 0.672502 -0.130425
-0.931682 0.613287 0.192271
-1.08797 0.590058 0.34129
-0.974248 0.461702 0.810389
-0.931823 0.15001 2.84674
-1.57589 0.15001 -2.67662
-1.36236 0.15001 -2.12581
-0.968093 0.647922 -0.941925
-0.79201 0.15001 -2.4688
-1.08321 0.695144 -0.450863
-1.02629 0.778467 -0.156071
-1.23853 0.716625 0.0429001
-0.954347 0.720922 0.352601
-1.09289 0.585161 0.713504
-1.46169 0.15001 1.34844
-1.47457 0.15001 -2.48592
-0.0970196 0.15001 -2.63603
-1.01772 0.15001 -2.16633
-0.996271 0.725123 -0.781145
-1.22274 0.715106 -0.316651
-1.06073 0.659261 0.0126774
-1.06571 0.7384 0.192164
-1.12081 0.637076 0.512773
-1.76522 0.15001 2.4578
-1.77395 0.15001 0.912401
-1.24569 0.15001 -1.9423
-0.874772 0.15001 -2.28879
-0.77484 0.15001 -0.734501
-0.782026 0.15001 -0.538282
-0.946787 0.15001 -0.233114
-0.840158 0.15001 -0.0933428
-0.840883 0.15001 0.0894182
-0.807758 0.15001 0.314453
-0.811889 0.15001 0.580786
-0.827852 0.15001 0.851082
-1.49463 0.15001 -2.84555
-0.839884 0.15001 -1.27167
-0.860275 0.15001 -0.899855
-0.932875 0.15001 -0.643474
-0.737434 0.15001 -0.360702
-0.812191 0.242174 -0.251129
-0.693253 0.15001 0.185781
-0.935316 0.15001 0.449044
-0.936876 0.15001 0.711078
-0.895214 0.15001 2.09756
-0.934081 0.15001 -2.84994
-0.701321 0.15001 -1.14952
-0.711651 0.237888 -0.8859
-0.659027 0.26477 -0.686539
-0.959061 0.306254 -0.328261
-0.759167 0.282556 -0.0108867
-0.931404 0.262872 -0.0079119
-0.804877 0.262211 0.434492
-0.669137 0.228758 0.570873
-0.901952 0.15001 1.09912
-1.31057 0.15001 -2.84316
-0.844267 0.15001 -2.68249
-0.912059 0.25699 -0.780241
-0.829391 0.283869 -0.622252
-0.816921 0.282926 -0.428712
-0.905738 0.342131 -0.158839
-0.79793 0.280109 0.199226
-0.911856 0.277838 0.582493
-0.878742 0.29623 0.767991
-0.72251 0.15001 1.01343
-0.115242 0.15001 -2.12686
-0.840005 0.29595 -0.994317
-0.775643 0.357343 -0.78227
-0.939692 0.36965 -0.513916
-0.78348 0.404235 -0.307701
-0.690454 0.469506 -0.0198038
-0.843887 0.396361 0.0783328
-0.916683 0.338049 0.308805
-0.730555 0.387559 0.519553
-0.873225 0.271484 0.973212
-1.27785 0.15001 -2.49756
-0.768479 0.357904 -1.17427
-0.928846 0.401827 -0.875002
-0.844516 0.449111 -0.650172
-0.789405 0.455257 -0.474666
-0.859401 0.485391 -0.0761304
-0.798962 0.465915 0.234369
-0.906043 0.408361 0.469283
-0.866761 0.433388 0.653571
-0.464592 0.15001 2.7056
-0.244858 0.15001 -2.77557
-0.87451 0.464416 -1.03958
-0.73047 0.524618 -0.774296
-0.929029 0.578614 -0.473248
-0.923317 0.494149 -0.255695
-0.726832 0.526592 -0.194737
-0.795 0.569026 0.0790205
-0.723446 0.535894 0.400543
-0.731394 0.545389 0.591238
-0.797691 0.40503 0.883574
-1.02204 0.15001 -2.65687
0.201878 0.15001 -2.35998
-0.77477 0.604716 -0.971755
-0.830439 0.621992 -0.622204
-0.792148 0.594272 -0.345609
-0.891916 0.647711 -0.138939
-0.704732 0.623903 0.22613
-0.863855 0.640012 0.503945
-0.882663 0.607963 0.702046
-0.186198 0.15001 2.23259
-0.609677 0.15001 -2.376
0.0896752 0.15001 -2.18927
-0.61202 0.643858 -0.850162
-0.811629 0.733692 -0.474655
-0.76909 0.747187 -0.233326
-0.719718 0.657311 -0.0696956
-0.827489 0.759479 0.203456
-0.751325 0.72672 0.372837
-0.653877 0.696545 0.533371
-0.828458 0.582047 0.891336
-1.1875 0.15001 -2.11431
-0.296856 0.15001 -2.57049
-0.804995 0.684907 -0.804523
-0.643453 0.639425 -0.663395
-0.956864 0.817323 -0.398644
-0.887791 0.713144 0.0307092
-0.485383 0.526684 0.853189
-1.51146 0.15001 2.36524
-0.981314 0.15001 1.88099
0.0424424 0.15001 2.05166
-0.408327 0.15001 -2.84999
-0.674108 0.15001 -2.62005
-0.613982 0.15001 -1.60363
-0.540797 0.15001 -0.629991
-0.546571 0.15001 -0.30814
-0.427455 0.15001 -0.166321
-0.665852 0.15001 -0.00101589
-0.483121 0.15001 0.389453
-0.698222 0.15001 0.724458
-0.563742 0.15001 0.871528
0.653864 0.15001 -2.66006
-0.513317 0.15001 -1.14649
-0.594156 0.15001 -0.804462
-0.618294 0.15001 -0.478191
-0.450131 0.286404 -0.275197
-0.693718 0.15001 -0.183802
-0.461096 0.15001 0.210478
-0.665757 0.15001 0.418976
-0.437829 0.274439 0.884074
-0.255149 0.15001 2.8163
-0.582271 0.15001 -2.79748
0.268593 0.15001 -1.7768
-0.60525 0.15001 -0.989464
-0.405589 0.258661 -0.59388
-0.647071 0.286505 -0.304498
-0.566879 0.238657 -0.145927
-0.569299 0.233098 0.11874
-0.375324 0.279644 0.254687
-0.517533 0.15001 0.567763
-0.699828 0.257448 0.866872
-0.529725 0.15001 -1.34663
-0.600285 0.283784 -1.22811
-0.492461 0.271679 -0.752027
-0.678848 0.305183 -0.521193
-0.529387 0.281264 -0.432958
-0.707098 0.353388 -0.15526
-0.482106 0.382055 0.145512
-0.593087 0.237028 0.290259
-0.561026 0.256032 0.712407
-0.553381 0.15001 1.13203
-0.511076 0.15001 -2.09916
-0.654493 0.302911 -1.04905
-0.601493 0.397402 -0.797644
-0.532258 0.367925 -0.600142
-0.619142 0.42946 -0.405168
-0.587711 0.335483 -0.010373
-0.663875 0.38016 0.148433
-0.498951 0.377554 0.327651
-0.555177 0.298129 0.468631
-0.577552 0.269774 1.00616
-1.02528 0.15001 -1.95894
-0.496307 0.394848 -1.0958
-0.71228 0.431745 -0.938522
-0.671807 0.464088 -0.611082
-0.422586 0.405921 -0.442468
-0.540409 0.411536 -0.195529
-0.470702 0.467203 -0.015573
-0.691076 0.368767 0.341202
-0.722426 0.33238 0.699955
-0.459305 0.15001 2.42887
1.06669 0.15001 -2.43933
-0.784364 0.15001 -1.91901
-0.481024 0.486313 -0.911468
-0.506236 0.54536 -0.511727
-0.592123 0.570975 -0.307232
-0.569731 0.569323 -0.119291
-0.577212 0.506007 0.245341
-0.425875 0.526396 0.378371
-0.58212 0.415854 0.614989
-0.585117 0.38281 0.853058
0.459343 0.15001 -2.66276
-0.598747 0.55613 -1.03402
-0.511776 0.521086 -0.704756
-0.679106 0.597222 -0.488096
-0.458034 0.679742 -0.376642
-0.571905 0.732656 -0.198113
-0.584475 0.57784 0.0719759
-0.571628 0.641688 0.374413
-0.703896 0.501812 0.762431
0.352054 0.15001 1.65155
0.269262 0.15001 -2.65899
0.362768 0.15001 -2.48219
-0.428802 0.654126 -0.829637
-0.513917 0.729051 -0.560231
-0.641675 0.733211 -0.377375
-0.460201 0.706847 -0.00536444
-0.319523 0.683106 0.209706
-0.506421 0.577053 0.546513
-0.137845 0.15001 1.89015
-0.626808 0.442912 1.03488
-1.10937 0.15001 -2.33866
-0.484916 0.15001 -2.59939
0.268555 0.15001 -2.03813
-0.306363 0.658385 -0.287769
0.786934 0.15001 0.163385
-0.671701 0.737596 0.0863497
-0.518882 0.689313 0.206084
-0.423735 0.259364 1.18046
0.228234 0.15001 1.83371
0.101445 0.15001 2.5362
0.62167 0.15001 -2.02814
-0.443079 0.15001 -0.9088
-0.382639 0.15001 -0.728299
-0.438333 0.15001 -0.469226
-0.3433 0.15001 -0.316767
-0.303747 0.15001 -0.0331073
-0.26919 0.15001 0.154643
-0.308033 0.15001 0.331792
-0.430507 0.15001 0.745824
-0.313042 0.15001 0.886819
-0.288895 0.15001 -2.21181
0.56657 0.15001 -2.84646
-0.267517 0.15001 -0.975883
-0.215099 0.15001 -0.77979
-0.183705 0.15001 -0.233158
-0.491385 0.15001 -0.00570171
-0.12855 0.15001 0.274281
-0.341996 0.15001 0.509422
-0.27359 0.281377 0.78381
0.081273 0.15001 2.7308
-0.295025 0.15001 -1.1729
-0.394955 0.241775 -1.05882
-0.323716 0.261189 -0.854605
-0.273402 0.15001 -0.582507
-0.316281 0.261863 -0.442451
-0.295654 0.25618 -0.174625
-0.386175 0.24588 0.0862742
-0.200475 0.284476 0.347979
-0.397946 0.266019 0.618429
-0.367653 0.15001 1.06268
-0.69938 0.15001 -2.19347
-0.31577 0.15001 -1.37222
-0.16044 0.289496 -0.975915
-0.258862 0.297532 -0.684619
-0.165998 0.286623 -0.32919
-0.424993 0.299862 -0.0698663
-0.219188 0.307442 0.172689
-0.380765 0.286108 0.426782
-0.22818 0.274687 0.546061
-0.278918 0.293488 0.990702
0.331072 0.15001 -2.84004
-0.515147 0.30566 -0.929958
-0.389782 0.40339 -0.779723
-0.22373 0.395326 -0.493704
-0.309619 0.377613 -0.307517
-0.175412 0.378453 -0.171689
-0.318934 0.401958 0.0518038
-0.272496 0.419367 0.418614
-0.441301 0.38428 0.737243
0.704467 0.15001 1.19061
0.128741 0.15001 -2.79859
-0.411446 0.262895 -1.25513
-0.331653 0.386938 -0.979203
-0.36297 0.433802 -0.606971
-0.157954 0.46103 -0.336577
-0.343313 0.432738 -0.140353
-0.327976 0.437623 0.244981
-0.421942 0.418412 0.533168
-0.273871 0.403788 0.65509
-0.113466 0.311107 0.889666
0.891653 0.15001 -2.68729
-0.243045 0.317731 -1.16193
-0.288833 0.545534 -0.791089
-0.31025 0.540887 -0.442705
-0.423427 0.510209 -0.297215
-0.207221 0.548736 -0.188006
-0.203813 0.512286 0.144655
-0.249214 0.571528 0.331245
-0.0393924 0.465213 0.696477
0.500595 0.15001 1.52764
1.24835 0.15001 -2.29716
0.824945 0.15001 -2.50361
-0.312175 0.567788 -0.98281
-0.37513 0.620592 -0.63741
-0.154689 0.635687 -0.374362
-0.312082 0.573589 0.00664791
-0.421005 0.549745 0.148996
-0.288492 0.546279 0.535534
-0.384229 0.550237 0.699682
-0.318459 0.43333 0.869722
0.585913 0.15001 -2.47046
-0.0585969 0.15001 -2.37935
-0.178456 0.677999 -0.734794
-0.296897 0.71048 -0.494303
0.930208 0.15001 -0.520963
-0.398581 0.601573 -0.14554
-0.179505 0.685672 0.0854507
-0.383624 0.699664 0.412984
-0.198316 0.5312 0.764075
0.853096 0.15001 2.53248
0.387538 0.15001 -1.31495
0.0913792 0.15001 -2.58937
1.02946 0.15001 -1.26371
1.25934 0.15001 -1.68652
0.777031 0.15001 -0.399806
-0.228202 0.70135 -0.0989465
1.0076 0.15001 0.29332
-0.24111 0.672158 0.659317
0.492287 0.15001 1.08989
0.447237 0.15001 1.95719
2.44417 0.15001 -2.67756
0.570582 0.15001 -2.27654
0.0654858 0.15001 -0.780879
-0.0776056 0.15001 -0.662738
-0.187735 0.15001 -0.418053
0.0521789 0.15001 -0.140616
0.0643607 0.15001 0.0341285
0.262392 0.15001 0.17717
-0.266273 0.15001 0.672153
-0.135064 0.15001 0.807081
1.43207 0.15001 -2.84532
0.128277 0.15001 -1.39026
0.126583 0.15001 -0.601436
-0.0130038 0.15001 -0.488194
0.212264 0.15001 -0.215359
-0.121407 0.15001 -0.0678812
1.3308 0.15001 -0.753287
0.0271481 0.15001 0.382413
0.0461638 0.15001 0.75687
0.406061 0.15001 2.76671
1.31936 0.15001 -2.67209
-0.12114 0.15001 -1.08645
-0.084165 0.15001 -0.903375
-0.097985 0.275213 -0.779727
-0.141604 0.253388 -0.544361
-0.0596783 0.258875 -0.190171
-0.0978018 0.162806 0.104889
0.0752402 0.15001 0.209714
-0.16965 0.15001 0.44751
0.0172396 0.15001 0.944832
-0.0741783 0.15001 -2.84686
0.0508381 0.15001 -1.18163
0.0338141 0.281906 -0.656963
0.116201 0.278687 -0.488644
-0.0184993 0.15001 -0.315379
-0.20135 0.288451 -0.0100144
0.156565 0.278341 0.0937661
-0.0561121 0.272803 0.468863
-0.109205 0.297864 0.698263
-0.164507 0.15001 1.00337
1.46864 0.15001 -2.52703
-0.0441749 0.302709 -1.13508
0.0368098 0.280713 -0.894035
-0.1078 0.393655 -0.643274
-0.0346528 0.337477 -0.427372
-0.0150401 0.285416 -0.0260144
-0.0756278 0.373211 0.107352
-0.0250799 0.281863 0.25459
-0.128441 0.421167 0.537735
0.656506 0.15001 1.70749
-0.137799 0.15001 -1.27101
0.0135624 0.424211 -0.994188
0.0203208 0.418612 -0.777886
0.0669446 0.431042 -0.569741
-0.00542591 0.405897 -0.255235
-0.155336 0.468203 -0.0240973
0.0815248 0.411383 0.182389
0.0427293 0.392255 0.37792
0.0508382 0.338444 0.592848
0.957474 0.15001 2.08983
1.2594 0.15001 -2.49042
0.800893 0.15001 -2.27915
-0.202699 0.39964 -0.838666
-0.213485 0.533803 -0.617491
-0.0781135 0.505893 -0.489257
0.0460597 0.44776 -0.0451891
-0.124403 0.429065 0.281997
-0.0783536 0.541775 0.415069
0.0639868 0.322887 0.789397
1.4411 0.15001 2.81224
-0.030596 0.15001 -1.62158
-0.166033 0.452702 -1.0525
-0.0237819 0.56236 -0.668121
0.0888612 0.58967 -0.472323
-0.0148753 0.581882 -0.264263
-0.0530127 0.611623 -0.0773368
-0.0234996 0.550265 0.104778
0.0722381 0.556293 0.291973
0.0819504 0.516483 0.514826
1.38445 0.15001 2.53489
1.09679 0.15001 -2.63749
1.01726 0.15001 -2.22407
-0.088599 0.545199 -0.864959
-0.115543 0.681587 -0.54875
1.1933 0.15001 -1.45238
1.64273 0.15001 -0.343472
-0.0981032 0.641617 0.254019
-0.188683 0.687937 0.463754
0.724603 0.15001 0.903499
0.654541 0.15001 2.84752
0.378657 0.15001 -2.21431
0.835783 0.15001 -2.09721
1.0572 0.15001 -1.77876
1.04868 0.15001 -1.59626
1.41684 0.15001 -1.11748
1.33157 0.15001 -0.162985
0.867976 0.15001 0.777063
0.886501 0.15001 1.25927
0.269626 0.15001 2.2465
0.948193 0.15001 2.83566
1.90921 0.15001 -2.65396
0.853463 0.15001 -1.63204
1.71262 0.15001 -1.64318
0.545211 0.15001 -0.839731
2.20831 0.15001 -1.29904
1.22886 0.15001 -1.24292
0.41281 0.15001 0.0476106
0.668721 0.15001 0.701331
-0.0981101 0.15001 0.612272
1.64953 0.15001 1.77554
1.02309 0.15001 -2.84999
2.16134 0.15001 -2.68928
0.285394 0.15001 -0.984093
2.42627 0.15001 -2.04256
0.430315 0.15001 -0.450242
0.551844 0.15001 -0.0976997
0.443721 0.15001 0.242884
0.269033 0.15001 0.363544
0.429999 0.15001 0.86909
1.91191 0.15001 2.82268
0.394744 0.15001 -1.61127
0.0793381 0.15001 -0.99795
0.245812 0.15001 -0.795023
0.192239 0.15001 -0.404216
0.340858 0.220911 -0.313097
0.152838 0.28092 -0.103538
0.23716 0.15001 -0.0145843
0.248762 0.15001 0.545115
0.0710494 0.15001 0.573078
0.225931 0.15001 0.879102
0.774197 0.15001 -2.84695
0.557347 0.15001 -1.8188
1.82825 0.15001 -1.48043
0.307302 0.15001 -0.59389
1.40634 0.15001 -1.31431
0.373517 0.15001 -0.141148
0.585157 0.155933 0.10661
0.573891 0.15001 0.518365
0.396963 0.15001 0.656144
1.19841 0.15001 2.81239
2.08468 0.15001 -2.51146
0.180399 0.29614 -1.02117
0.217672 0.280022 -0.675801
0.297655 0.286959 -0.478936
0.108697 0.269701 -0.295883
0.323323 0.331161 -0.169915
0.342952 0.296841 0.118112
0.146707 0.259827 0.454427
0.214545 0.212087 0.707867
2.37184 0.15001 2.2185
2.01338 0.15001 -2.84984
-0.0446676 0.15001 -1.45682
0.375017 0.25981 -0.852714
0.433491 0.264163 -0.643915
2.09987 0.15001 -1.11296
0.452261 0.300292 -0.040509
0.173788 0.279934 0.277776
0.36516 0.29607 0.314886
0.354478 0.284471 0.507181
1.64658 0.15001 2.80122
1.3854 0.15001 -2.15407
1.54833 0.15001 -1.45789
0.193967 0.35731 -0.837428
0.252643 0.433578 -0.588498
0.14053 0.427665 -0.388031
0.168302 0.428315 -0.203855
0.247482 0.399128 -0.00853874
0.233674 0.413752 0.40775
1.06608 0.15001 1.73365
2.1699 0.15001 2.13657
1.65027 0.15001 -2.40323
1.45741 0.15001 -2.33154
1.51955 0.15001 -1.99731
1.62526 0.15001 -1.15844
1.53809 0.15001 -0.790184
1.30389 0.15001 0.178912
0.267319 0.432951 0.214286
1.18999 0.15001 1.27706
0.223117 0.388329 0.637213
0.648922 0.15001 1.97302
1.67517 0.15001 -2.62459
2.03379 0.15001 -2.32219
0.755703 0.15001 -1.90974
2.38828 0.15001 -1.85644
1.71792 0.15001 -1.31775
0.135143 0.592844 -0.125381
0.16922 0.543462 0.0790718
0.992934 0.15001 0.579967
1.98975 0.15001 2.07674
1.88405 0.15001 2.26049
2.29384 0.15001 -2.84999
1.63969 0.15001 -2.19356
1.62882 0.15001 -1.82053
1.37871 0.15001 -1.54267
1.74177 0.15001 -0.794291
2.03993 0.15001 -0.934317
1.22988 0.15001 0.411255
1.0955 0.15001 0.766042
1.32954 0.15001 1.77383
1.43764 0.15001 2.3497
1.2373 0.15001 -2.84999
2.8492 0.15001 -2.43071
1.81819 0.15001 -2.10237
2.52013 0.15001 -1.69826
2.24562 0.15001 -1.48197
2.48564 0.15001 -0.83291
1.43564 0.15001 0.456854
2.84384 0.15001 0.976803
2.51418 0.15001 0.599654
1.95224 0.15001 1.12091
1.0196 0.15001 -1.99529
2.85 0.15001 -1.80466
2.33732 0.15001 -2.20472
2.65409 0.15001 -1.55195
2.62549 0.15001 -1.10938
2.73689 0.15001 -0.76281
2.71106 0.15001 0.57973
2.62404 0.15001 0.38054
2.84827 0.15001 1.89358
2.06005 0.15001 2.71834
1.64429 0.15001 -2.8322
2.84282 0.15001 -2.21939
2.62438 0.15001 -2.10182
2.84855 0.15001 -1.38219
2.44626 0.15001 -1.23503
2.32044 0.15001 -0.376971
2.84739 0.15001 -0.310619
2.69435 0.15001 1.42399
1.88564 0.15001 0.496463
2.83473 0.15001 2.81402
2.5898 0.15001 -2.51763
2.84989 0.15001 -2.00953
2.1926 0.15001 -1.84294
2.06802 0.15001 -2.11327
2.84999 0.15001 -1.60176
2.63703 0.15001 -1.34513
2.84417 0.15001 -0.922199
1.79986 0.15001 0.133684
2.46376 0.15001 0.969236
2.55949 0.15001 1.56134
2.84999 0.15001 -2.84982
0.624814 0.15001 -1.05263
2.62418 0.15001 -2.29259
2.43903 0.15001 -1.49579
1.98584 0.15001 -1.31675
1.89751 0.15001 -0.411269
2.36754 0.15001 -0.564333
2.24823 0.15001 0.640419
2.30307 0.15001 0.388283
2.81497 0.15001 2.24778
2.66838 0.15001 -2.72759
2.23048 0.15001 -2.36759
2.58723 0.15001 -1.90085
1.90303 0.15001 -1.75986
2.79964 0.15001 1.26743
2.65275 0.15001 -0.490876
1.7391 0.15001 -0.0502878
1.41618 0.15001 0.899074
1.85251 0.15001 1.37525
2.64936 0.15001 2.84924
2.51602 0.15001 -2.84999
2.84999 0.15001 -2.64231
1.39865 0.15001 -1.82756
2.83067 0.15001 -1.16761
2.5737 0.15001 -0.673871
2.08505 0.15001 -0.666708
2.7859 0.15001 0.302015
2.29809 0.15001 0.191501
0.919764 0.15001 1.50191
1.75423 0.15001 1.53305
1.88362 0.15001 -2.46515
1.52659 0.15001 -1.66883
1.98581 0.15001 -1.93412
1.77345 0.15001 -1.92593
1.3059 0.15001 -0.510954
1.82347 0.15001 -0.224131
1.27712 0.15001 0.646164
1.77375 0.15001 0.897211
2.13591 0.15001 0.800966
2.60422 0.15001 1.78384
1.17218 0.15001 -2.11832
2.30491 0.15001 -2.54824
1.84829 0.15001 -2.28531
0.676296 0.15001 -1.50184
2.0827 0.15001 -1.68854
2.84958 0.15001 -0.490249
1.10556 0.15001 -0.0768269
2.68363 0.15001 -0.0575253
1.16724 0.15001 1.53612
1.71683 0.15001 0.346742
2.43489 0.15001 -2.37444
1.24204 0.15001 -1.94511
2.30722 0.15001 -0.811974
2.29335 0.15001 -1.67657
2.01441 0.15001 -1.50846
2.27839 0.15001 -1.09691
0.911916 0.15001 -0.0376373
1.54339 0.15001 0.734046
1.47768 0.15001 1.33608
2.57288 0.15001 1.1501
