1000 0.1
-2.84999 0.15001 -2.08485
-2.5332 0.15001 -2.07148
-2.80364 0.15001 -1.03087
-2.65604 0.15001 -0.917135
-2.44826 0.15001 0.265708
-1.89787 0.15001 0.419235
-2.84999 0.15001 1.00428
-2.67558 0.15001 1.71945
-2.2793 0.15001 1.83481
-2.45317 0.15001 2.84998
-2.709 0.15001 -2.53635
-2.69601 0.15001 -2.00296
-2.81913 0.15001 -0.805132
-2.84092 0.15001 -0.217273
-2.83711 0.15001 0.797971
-2.83713 0.15001 2.01036
-2.82851 0.15001 1.57201
-2.84999 0.15001 2.21571
-2.84999 0.15001 2.83982
-2.17827 0.15001 2.47129
-2.84042 0.15001 -2.84165
-2.80831 0.15001 -1.5066
-2.372 0.15001 -1.91017
-2.26294 0.15001 -0.533238
-2.06249 0.15001 0.542685
-2.72838 0.15001 -0.0383241
-2.07802 0.15001 1.4564
-1.38396 0.15001 1.11068
-1.75884 0.15001 1.04995
-2.66106 0.15001 2.84999
-2.25664 0.15001 -2.41775
-1.9623 0.15001 -2.02567
-2.84698 0.15001 0.122446
-2.84083 0.15001 0.394075
-2.82125 0.15001 0.609711
-2.66182 0.15001 0.930334
-2.84999 0.15001 1.80438
-2.6469 0.15001 2.21779
-2.84999 0.15001 2.41561
-2.2408 0.15001 2.82375
-2.51631 0.15001 -2.23591
-2.75512 0.15001 -1.83772
-2.64754 0.15001 -1.42434
-2.73127 0.15001 -0.597911
-1.33834 0.15001 0.456581
-1.41876 0.15001 0.646283
-2.54724 0.15001 1.22805
-1.29864 0.30048 1.08175
-1.35102 0.305411 1.28375
-2.25612 0.15001 2.05582
-2.55127 0.15001 -2.50881
-2.44314 0.15001 -2.38594
-2.5573 0.15001 -0.490402
-2.84999 0.15001 -0.459145
-2.66381 0.15001 0.25096
-2.46872 0.15001 1.03671
-2.84999 0.15001 1.29307
-2.71857 0.15001 1.14176
-2.46535 0.15001 2.11172
-2.01849 0.15001 2.84999
-2.52718 0.15001 -2.67947
-2.75949 0.15001 -1.28962
-2.27227 0.15001 -0.745069
-2.39779 0.15001 -0.10917
-2.57624 0.15001 0.718089
-2.58258 0.15001 -0.181614
-2.04026 0.15001 0.950144
-2.39532 0.15001 0.823242
-2.64422 0.15001 1.98137
-2.55152 0.15001 2.42398
-2.37868 0.15001 -2.54502
-2.48274 0.15001 -1.00563
-2.59617 0.15001 -1.75182
-2.61412 0.15001 -0.733925
-1.85684 0.15001 -0.660339
-2.14081 0.15001 0.775698
-2.46827 0.15001 1.40707
-2.35168 0.15001 1.23778
-2.53756 0.15001 1.58526
-2.7714 0.15001 2.59315
-2.84999 0.15001 -2.26881
-2.44735 0.15001 -0.822173
-2.37742 0.15001 0.630256
-2.69022 0.15001 -0.350908
-2.32389 0.15001 0.422198
-2.64297 0.15001 0.437398
-2.15075 0.15001 1.64623
-2.28355 0.15001 0.99578
-2.66896 0.15001 1.42148
-2.47469 0.15001 1.8812
-2.69045 0.15001 -2.17941
-2.54551 0.15001 -1.90792
-2.1851 0.15001 -1.12328
-2.52495 0.15001 -1.28014
-2.42222 0.15001 -0.310046
-2.53308 0.15001 0.055039
-1.94718 0.15001 1.66488
-2.16233 0.15001 1.19117
-2.27745 0.15001 1.46526
-2.35433 0.15001 1.66029
-2.18734 0.15001 -2.57352
-1.0425 0.15001 0.00102282
-1.18016 0.15001 0.14648
-1.02464 0.15001 0.285772
-1.24442 0.15001 0.619171
-1.71286 0.15001 0.471812
-1.59915 0.15001 1.13905
-1.10799 0.15001 1.32895
-1.24659 0.15001 1.74599
-1.78994 0.15001 2.21062
-2.84999 0.15001 -2.62148
-1.17217 0.15001 -0.136562
-1.28996 0.15001 0.00464713
-1.32985 0.15001 0.265531
-1.1481 0.15001 0.435678
-1.89491 0.15001 1.38157
-1.1873 0.15001 1.10357
-1.27589 0.15001 1.2708
-1.37597 0.15001 1.43998
-1.49587 0.15001 1.99932
-2.62542 0.15001 -2.84999
-0.888668 0.238828 -0.00105445
-1.03365 0.253963 0.147199
-1.02875 0.271758 0.406655
-1.06995 0.172996 0.594462
-1.09063 0.15001 0.799106
-1.71051 0.15001 0.66619
-1.04045 0.15001 0.991153
-1.02306 0.15001 1.4975
-1.09585 0.237193 1.62776
-2.12138 0.15001 -2.73146
-1.014 0.226072 -0.166457
-1.14966 0.291034 0.000901847
-1.1828 0.25238 0.295474
-1.2307 0.292931 0.498299
-1.29197 0.179153 0.800764
-1.19465 0.219736 0.944963
-1.14879 0.274368 1.21252
-1.20134 0.179713 1.47559
-1.61007 0.15001 2.84405
-2.24642 0.15001 -2.84999
-1.12346 0.15001 -0.317099
-1.13807 0.394271 0.174199
-1.12666 0.408625 0.374007
-1.0695 0.365682 0.560491
-1.02295 0.299692 0.725141
-0.999903 0.295741 0.903243
-0.979478 0.294233 1.08436
-1.03195 0.294773 1.37827
-1.24588 0.331115 1.57934
-1.32975 0.15001 -0.779997
-0.923728 0.383492 -0.114299
-2.63044 0.15001 -1.12035
-2.43135 0.15001 -0.63073
-1.20264 0.310611 0.681835
-1.15691 0.362653 0.847384
-1.13429 0.374855 1.04881
-1.05305 0.416004 1.23677
-1.19961 0.360561 1.38564
-1.79894 0.15001 2.84787
-2.20334 0.15001 -1.93062
-2.35589 0.15001 -2.09701
-1.02966 0.472704 0.0215942
-1.10298 0.553822 0.273988
-1.02539 0.531645 0.473746
-1.03853 0.48056 0.761341
-1.01955 0.477522 0.948967
-0.958609 0.525972 1.13502
-1.05382 0.406687 1.52478
-2.34619 0.15001 2.30725
-2.32644 0.15001 -2.7047
-1.55273 0.15001 -1.00123
-2.29326 0.15001 -0.97006
-2.21305 0.15001 -0.32399
-1.00017 0.615015 0.637295
-1.1842 0.541655 0.871987
-1.13484 0.566206 1.08069
-1.24499 0.441857 1.1958
-1.10828 0.533292 1.37609
-1.00815 0.367884 1.71485
-2.70894 0.15001 -2.70782
-2.47124 0.15001 -1.47859
-2.62255 0.15001 -1.58639
-1.03767 0.720716 0.230164
-2.3347 0.15001 0.108136
-1.78454 0.15001 0.85893
-1.0411 0.665386 0.935425
-1.80338 0.15001 1.92623
-2.06698 0.15001 2.21651
-1.75721 0.15001 2.43154
-2.32468 0.15001 -2.26758
-2.84999 0.15001 -2.44746
-2.37269 0.15001 -1.16067
-2.10682 0.15001 -0.943152
-2.20587 0.15001 -0.0504714
-2.19222 0.15001 0.291477
-1.74497 0.15001 1.55256
-1.96269 0.15001 2.03103
-2.06492 0.15001 1.85225
-2.35053 0.15001 2.62267
-2.15488 0.15001 -2.10651
-0.743055 0.15001 -0.284449
-0.856285 0.15001 -0.145631
-0.835176 0.15001 0.315538
-0.790151 0.15001 0.56793
-0.747751 0.15001 0.742216
-0.870629 0.15001 1.04441
-1.01109 0.15001 1.17736
-0.86793 0.15001 1.61583
-0.915812 0.15001 2.03088
-1.99921 0.15001 -2.84999
-0.929698 0.15001 -0.319899
-0.89507 0.15001 0.148905
-0.939221 0.15001 0.4743
-0.928013 0.15001 0.691242
-0.907062 0.15001 0.864478
-1.61603 0.15001 0.93451
-0.924055 0.15001 1.35191
-1.00381 0.15001 1.75434
-1.29483 0.15001 2.55632
-2.44388 0.15001 -2.84999
-0.716392 0.258406 -0.132179
-0.756373 0.248451 0.134283
-0.899642 0.307556 0.279804
-0.811651 0.26089 0.44203
-0.848424 0.283897 0.762827
-0.824486 0.285118 0.938481
-0.794653 0.15001 1.20329
-0.783369 0.189489 1.43769
-0.861889 0.262809 1.76073
-1.23809 0.15001 -1.5127
-0.693011 0.296002 -0.398966
-0.907119 0.373968 0.11222
-0.917754 0.39387 0.456372
-0.901309 0.281218 0.589882
-0.876467 0.431423 0.844934
-0.7999 0.295322 1.11558
-0.910388 0.277531 1.2504
-0.913911 0.284554 1.51206
-0.627899 0.251358 1.84736
-2.14071 0.15001 -2.28935
-0.850138 0.294648 -0.262184
-0.767068 0.377203 -0.00924121
-0.750936 0.413204 0.193775
-0.749829 0.442369 0.548993
-0.728109 0.415572 0.746344
-0.866204 0.424204 1.02617
-0.829625 0.423341 1.2302
-0.769012 0.370275 1.42287
-1.66399 0.15001 1.78855
-0.767874 0.15001 -0.462085
-0.733556 0.418855 -0.207227
-0.925253 0.507641 0.230822
-0.8131 0.49637 0.371741
-0.910085 0.446956 0.638518
-0.718232 0.546219 0.872577
-0.719626 0.497031 1.11447
-0.932026 0.447022 1.37452
-0.85897 0.427085 1.60075
-1.23127 0.15001 2.78926
-1.97712 0.15001 -2.25808
-1.01964 0.297848 -0.354324
-0.795496 0.536868 0.0667097
-0.724432 0.58062 0.239218
-0.839642 0.598439 0.525769
-0.784757 0.566002 0.693504
-0.834196 0.594244 1.01262
-0.802788 0.589872 1.24789
-0.729469 0.549717 1.42516
-1.55397 0.15001 2.30842
-2.04932 0.15001 -2.44367
-0.776996 0.57253 -0.122439
-0.862514 0.681849 0.164833
-0.92477 0.648481 0.365849
-0.864633 0.730517 0.69972
-0.895994 0.607389 0.836713
-0.751152 0.7447 1.16921
-0.976015 0.638538 1.28262
-0.913111 0.575922 1.50463
-0.721825 0.398218 1.76712
-1.60714 0.15001 -2.28761
-0.927546 0.636273 -0.0194458
0.0254164 0.15001 -1.62201
-0.766297 0.750707 0.317987
-0.851741 0.78068 0.491077
-2.04494 0.15001 -0.187812
-0.920463 0.74247 1.07354
-0.779566 0.723733 1.36918
-1.95882 0.15001 2.40613
-2.57586 0.15001 2.6611
-1.819 0.15001 -2.19579
-1.5686 0.15001 -2.59567
-2.34807 0.15001 -1.34123
-1.93362 0.15001 1.15446
-2.01731 0.15001 0.0531698
-1.85202 0.15001 -0.354583
-1.56302 0.15001 1.4246
-1.97001 0.15001 2.63088
-0.901411 0.448735 1.83075
-1.41657 0.15001 2.84733
-1.09533 0.15001 -2.84999
-0.41856 0.15001 -0.137196
-0.717725 0.15001 -0.00126714
-0.670661 0.15001 0.422563
-0.618907 0.15001 0.591484
-0.582361 0.15001 0.79771
-0.557159 0.15001 0.970587
-0.60513 0.15001 1.16135
-0.674634 0.15001 1.56602
-0.815843 0.15001 2.18985
-0.380871 0.15001 -2.84909
-0.581156 0.15001 -0.364245
-0.591607 0.15001 -0.185032
-0.66623 0.15001 0.246284
-0.473 0.15001 0.460848
-0.732378 0.15001 0.919246
-0.485453 0.24082 1.08848
-0.665647 0.15001 1.31904
-0.728224 0.15001 1.74055
-0.183495 0.15001 2.80603
-2.68005 0.15001 -2.35697
-0.539439 0.225899 -0.042311
-0.569855 0.15001 0.108728
-0.549591 0.259647 0.362692
-0.716569 0.283333 0.641881
-0.547563 0.274036 0.710671
-0.665833 0.246505 1.035
-0.530964 0.291138 1.25803
-0.605492 0.239223 1.43833
-0.553507 0.17583 1.68641
-1.82554 0.15001 -2.84574
-0.466502 0.284961 -0.233512
-0.612538 0.332639 0.0677418
-0.715983 0.291338 0.307072
-0.654382 0.31185 0.485873
-0.672695 0.281453 0.840275
-0.502411 0.369261 0.97995
-0.711997 0.296196 1.2672
-0.738465 0.294356 1.61597
-0.817715 0.15001 2.55924
-0.462937 0.212528 -0.486647
-0.577655 0.377991 -0.119924
-0.550691 0.36417 0.228578
-0.648284 0.436598 0.362076
-0.587668 0.410519 0.63218
-0.56923 0.417087 0.823668
-0.686464 0.402967 0.965981
-0.604704 0.370016 1.13119
-0.580682 0.400657 1.4444
-0.545818 0.359842 1.68986
-1.43401 0.15001 -2.73196
-0.475553 0.461499 -0.257775
-0.614436 0.503211 0.116143
-0.529052 0.534303 0.280058
-0.572529 0.51017 0.50123
-0.580824 0.55886 0.713412
-0.548553 0.511886 1.0467
-0.643212 0.454378 1.28454
-0.675698 0.45843 1.58228
-0.584548 0.15001 2.83209
-1.99165 0.15001 -2.60865
-0.580272 0.547909 -0.059536
-0.48216 0.631676 0.124943
-0.678744 0.612831 0.408537
-0.658729 0.646007 0.582385
-0.533536 0.575567 0.883634
-0.655557 0.646934 1.04104
-0.463267 0.563726 1.19026
-0.540892 0.56521 1.41392
-1.05127 0.15001 2.76831
-0.562827 0.15001 -2.34319
-0.865668 0.15001 -2.84291
-0.668434 0.683156 0.0924823
-0.588014 0.701875 0.270294
-0.486536 0.726723 0.574419
-0.683901 0.695374 0.769026
-0.462122 0.664113 1.03369
-0.623052 0.625247 1.24719
-0.526204 0.541878 1.64784
-0.876596 0.15001 2.84999
-1.68836 0.15001 -2.73021
-1.88781 0.15001 -2.43414
-0.521867 0.736284 -0.024639
-0.537667 0.15001 -1.76839
-0.61867 0.782024 0.446197
-0.556005 0.826928 0.718763
-0.768975 0.744337 0.929307
-0.488926 0.74929 1.19008
-0.605911 0.685571 1.53539
-1.33344 0.15001 2.08127
-1.82113 0.15001 -2.61387
0.602964 0.15001 -2.70023
-0.748538 0.15001 -2.45198
-0.479487 0.843354 0.287787
-0.71736 0.810453 0.618713
-0.576479 0.744983 0.904177
-0.609577 0.819891 1.07033
-0.584095 0.75104 1.36838
-1.68919 0.15001 2.65724
-1.45091 0.15001 1.69669
-1.70506 0.15001 -2.46755
-0.33933 0.15001 -1.30419
-0.316656 0.15001 0.187865
-0.331687 0.15001 0.360437
-0.459613 0.15001 0.640485
-0.37817 0.15001 0.793339
-0.378003 0.15001 0.976526
-0.379438 0.15001 1.17305
-0.352151 0.15001 1.42685
-0.365538 0.15001 1.65446
-1.56338 0.15001 -2.84999
-0.400997 0.15001 -0.324991
-0.408707 0.15001 0.0369948
-0.480121 0.15001 0.25865
-0.303587 0.15001 0.548837
-0.346399 0.25875 0.665868
-0.221092 0.15001 1.0922
-0.486535 0.15001 1.32065
-0.493066 0.15001 1.52379
-0.128234 0.15001 2.08645
-0.637514 0.15001 -2.76323
-0.290067 0.249267 -0.156827
-0.27569 0.246634 0.0461896
-0.216 0.279855 0.23015
-0.500016 0.287031 0.54811
-0.297711 0.281279 0.857745
-0.475896 0.250217 0.875
-0.335523 0.288259 1.25219
-0.235895 0.256189 1.4076
-0.464145 0.15001 1.8352
-1.26819 0.15001 -2.84977
-0.482393 0.15001 -2.57459
-0.437823 0.28911 0.121197
-0.385267 0.292796 0.290159
-0.348619 0.284512 0.47164
-0.416796 0.362239 0.770484
-0.319107 0.281855 1.05363
-0.433899 0.294035 1.40899
-0.411565 0.295614 1.58361
-0.27375 0.15001 1.81325
0.269568 0.15001 -1.73113
-0.39943 0.353163 -0.0537616
-0.290941 0.396941 0.136058
-0.465928 0.403212 0.416124
-0.380035 0.407101 0.593824
-0.223047 0.521672 0.834903
-0.343314 0.423147 0.932179
-0.421912 0.39335 1.14229
-0.296178 0.40699 1.37138
-0.383708 0.294886 1.77834
-1.28405 0.15001 -2.60925
-0.286067 0.418557 -0.213995
-0.441527 0.465153 0.0853528
-0.369043 0.464095 0.280498
-0.323442 0.508514 0.451976
-0.402268 0.520878 0.76655
-0.326495 0.520538 1.07682
-0.456417 0.440653 1.31211
-0.417387 0.453162 1.50511
0.014313 0.15001 2.84751
0.443771 0.15001 -2.80529
-0.393685 0.536534 -0.104863
-0.288762 0.580981 0.169655
-0.460209 0.621651 0.425864
-0.433856 0.564781 0.600376
-0.273038 0.616873 0.699102
-0.355723 0.598294 0.915043
-0.284463 0.603521 1.23138
-0.290953 0.569033 1.41509
-0.34772 0.44558 1.6848
-0.833584 0.15001 -2.64572
0.886949 0.15001 -2.32624
-0.324238 0.679308 -0.00364966
-0.391461 0.680319 0.277041
-0.302376 0.668106 0.53578
-0.446177 0.686071 0.755255
-0.263467 0.680702 1.05026
-0.41815 0.671143 1.33831
-0.407362 0.636505 1.53414
-0.303853 0.15001 2.40893
-0.265329 0.15001 -2.70688
0.571235 0.15001 -2.50295
-0.190254 0.733682 0.127816
-0.370849 0.802797 0.43641
-0.328238 0.805234 0.667645
-0.265077 0.731591 0.844293
-0.379229 0.823923 1.0433
-0.299168 0.787978 1.20709
-0.233423 0.731882 1.37491
-0.369711 0.632712 1.71975
-1.10654 0.15001 -2.53194
0.383785 0.15001 -2.5545
-0.390475 0.788487 0.123263
-0.268948 0.820717 0.26956
-0.503575 0.900612 0.538649
-0.418161 0.82826 0.862596
-0.0855863 0.824167 1.30885
-1.17315 0.15001 2.25587
-0.619619 0.15001 2.3703
0.318769 0.15001 2.51651
0.127542 0.15001 -2.84909
-0.332246 0.15001 -2.43632
-0.225964 0.15001 -0.294608
-0.129973 0.15001 0.277764
-0.102931 0.15001 0.572048
-0.0132847 0.15001 0.721144
-0.22036 0.15001 0.896272
-0.0549921 0.15001 1.22307
-0.218092 0.15001 1.54339
-0.121153 0.15001 1.70241
1.39333 0.15001 -2.63547
-0.0517852 0.15001 -0.204323
-0.152454 0.15001 0.105331
-0.187945 0.187223 0.430297
-0.0271342 0.283909 0.629473
-0.225711 0.15001 0.709411
-0.0178189 0.15001 1.05283
-0.232123 0.15001 1.27522
-0.0100433 0.280788 1.67387
0.404582 0.15001 2.84939
-0.104112 0.15001 -2.84998
1.07385 0.15001 -2.3782
-0.171 0.15665 -0.0717576
-0.00253492 0.256516 0.303358
-0.197269 0.276519 0.596375
-0.132312 0.261224 0.772314
-0.135305 0.251107 0.996277
0.0400892 0.284152 1.11932
-0.0924585 0.15001 1.39516
-0.240727 0.274418 1.66524
-0.0787044 0.15001 -0.396018
-0.139458 0.297982 -0.239199
-0.0649654 0.285652 0.14191
-0.233157 0.358352 0.379328
-0.0704444 0.304566 0.464152
-0.249653 0.393612 0.720152
-0.0365502 0.387521 1.0085
-0.163832 0.277535 1.18087
-0.112839 0.279294 1.52483
-0.106006 0.15001 1.89459
0.0706446 0.15001 -2.40887
-0.202977 0.362233 -0.0527365
-0.124448 0.443315 0.120371
-0.0867458 0.396753 0.290842
-0.198778 0.425884 0.535695
-0.158949 0.376461 0.885095
-0.203692 0.399454 1.05218
-0.0519913 0.406904 1.18647
-0.106349 0.337219 1.3428
-0.14446 0.303133 1.81421
-1.09804 0.15001 -2.34544
-0.0842713 0.453986 -0.16214
-0.247217 0.517893 0.00826512
-0.201975 0.51734 0.315139
-0.036204 0.466743 0.456287
-0.0846477 0.433202 0.681758
-0.0406621 0.498123 0.882568
-0.224766 0.439297 1.22007
-0.243967 0.39074 1.53568
0.198642 0.15001 2.82921
1.79407 0.15001 -2.38244
-0.932378 0.15001 -2.41596
-0.0205007 0.536058 0.00878406
-0.0561568 0.615997 0.374133
-0.145755 0.579785 0.574481
-0.0893081 0.595492 0.74653
-0.121913 0.544381 1.08
-0.0296294 0.561105 1.24667
-0.125359 0.499578 1.41608
-0.102115 0.438197 1.69325
1.06307 0.15001 -2.7298
-0.145769 0.633446 -0.0918262
-0.0862301 0.596413 0.195818
-0.232399 0.675971 0.372131
-0.0298831 0.706235 0.531034
-0.142894 0.751688 0.678433
-0.13022 0.642202 0.926308
-0.128943 0.695864 1.18039
-0.224446 0.554245 1.58873
0.58768 0.15001 2.04651
0.815081 0.15001 -2.68684
0.964109 0.15001 -2.55437
-0.00338165 0.715993 0.0766061
-0.0805345 0.788379 0.320693
-0.181736 0.800428 0.497535
-0.0202488 0.773779 0.851292
0.0553409 0.823944 1.05783
-0.0419251 0.664922 1.38569
-0.169176 0.654448 1.73006
-0.144058 0.524684 1.84783
-1.01225 0.15001 -2.68561
0.212295 0.15001 -2.66577
0.394004 0.15001 -1.51522
0.105678 0.822163 0.611928
1.07193 0.15001 1.07687
-0.167377 0.879159 0.815238
-0.124601 0.795461 1.02044
-0.134387 0.700553 1.54374
0.69004 0.15001 2.36315
0.607807 0.15001 2.82482
1.27814 0.15001 -2.21413
-0.0105687 0.15001 -0.0093802
0.0269712 0.15001 0.175396
-0.0159856 0.15001 0.423259
0.0791841 0.15001 0.570847
0.120028 0.15001 0.833122
0.170453 0.15001 1.00536
0.12171 0.15001 1.17827
-0.00764749 0.15001 1.55563
0.111266 0.15001 1.69474
-0.119062 0.15001 -2.29334
1.39473 0.15001 -2.84531
0.158598 0.15001 -0.0575364
0.197782 0.15001 0.130338
0.258106 0.15001 0.650719
-0.0515489 0.15001 0.883288
0.303409 0.15001 1.12626
0.0877236 0.15001 1.35631
0.167744 0.288912 1.61216
0.80352 0.15001 2.84999
0.126135 0.15001 -0.255904
0.061662 0.26823 -0.138801
0.0995917 0.265844 0.0627643
0.146545 0.15001 0.313473
0.105324 0.262856 0.444707
0.132147 0.247309 0.69657
0.0584039 0.261448 0.945544
0.224073 0.282049 1.20669
0.050876 0.27864 1.46259
0.0761484 0.158999 1.87138
0.0270861 0.15001 -2.62502
0.104655 0.15001 -0.445752
0.243303 0.29728 -0.0378954
0.144975 0.317097 0.255043
0.244816 0.296168 0.562913
0.0198807 0.332437 0.796915
0.185653 0.329266 1.04693
0.047373 0.286936 1.28439
0.208844 0.27322 1.39683
0.112973 0.344609 1.78699
1.22277 0.15001 -2.84999
-0.0365912 0.344777 -0.0188337
0.0594874 0.415142 0.130647
0.16892 0.41464 0.411766
0.0890758 0.384358 0.573175
0.212916 0.395389 0.710862
0.121206 0.429922 0.90978
0.141944 0.424214 1.23159
-0.0125299 0.415573 1.54441
1.15978 0.15001 1.94802
0.922832 0.15001 -2.84999
0.0231923 0.282376 -0.327658
0.119679 0.431711 -0.0542716
0.0610546 0.489288 0.288156
0.226518 0.491583 0.565034
0.0749278 0.492732 0.746531
0.0821202 0.481103 1.08007
0.0406585 0.437349 1.37352
0.16678 0.435227 1.51461
0.286034 0.398152 1.69121
1.60372 0.15001 -2.65361
0.150515 0.389355 -0.239743
0.143196 0.567548 0.114877
0.123558 0.582685 0.427569
0.042472 0.551641 0.586178
0.21553 0.606574 0.698352
0.208912 0.562858 0.988204
0.147633 0.594843 1.2012
0.346045 0.497239 1.52075
0.963439 0.15001 2.03483
2.01118 0.15001 -2.34711
1.64088 0.15001 -2.45731
0.127787 0.63657 -0.0563316
0.0738844 0.671914 0.250847
0.214363 0.690993 0.539333
0.0823428 0.621508 0.875922
0.021818 0.64624 1.04878
0.141085 0.580533 1.39022
0.0101205 0.585043 1.55094
0.116598 0.512122 1.69284
1.18676 0.15001 -2.59101
0.371763 0.15001 -2.34204
0.232485 0.726171 0.157521
0.0979521 0.7621 0.408033
0.35781 0.757346 0.654294
0.0547107 0.679718 0.705381
0.20564 0.741201 0.995643
0.0672841 0.750012 1.22992
0.218709 0.618197 1.56555
1.29896 0.15001 2.61147
1.6613 0.15001 -1.91697
0.761084 0.15001 -2.511
0.976376 0.15001 -0.730992
1.5491 0.15001 -0.609559
1.16505 0.15001 0.767343
0.191177 0.754104 0.807481
1.23246 0.15001 1.22337
0.099109 0.734601 1.48982
0.823008 0.15001 1.88836
0.898418 0.15001 2.29243
2.66508 0.15001 -2.6655
1.26562 0.15001 -2.40619
0.469447 0.15001 0.125448
0.32678 0.15001 0.248396
0.228987 0.15001 0.479162
0.454386 0.15001 0.75427
0.449682 0.15001 0.929526
0.639878 0.15001 1.04824
0.170936 0.15001 1.51178
0.303455 0.15001 1.6335
2.13739 0.15001 -2.84999
0.807656 0.15001 -0.828391
0.529353 0.15001 0.299093
0.392888 0.15001 0.416989
0.607953 0.15001 0.655199
0.294926 0.15001 0.83293
1.09632 0.15001 0.579137
0.449928 0.15001 1.28959
0.494257 0.15001 1.58111
0.997103 0.15001 2.84491
2.03297 0.15001 -2.69271
0.291929 0.15001 -0.177923
0.330256 0.15001 0.00480372
0.280088 0.293037 0.148436
0.275671 0.26601 0.369264
0.338848 0.2718 0.718973
0.31868 0.236307 0.978529
0.478646 0.152936 1.11444
0.264932 0.15001 1.29847
0.437143 0.223762 1.73433
0.727852 0.15001 -2.84999
0.461916 0.176525 -0.238547
0.430387 0.284484 0.239223
0.478706 0.292589 0.405603
0.425926 0.175009 0.584236
0.211422 0.295299 0.854261
0.514238 0.292383 0.971194
0.368062 0.292032 1.3069
0.332778 0.306461 1.52772
0.260632 0.159401 1.81288
2.17884 0.15001 -2.48221
0.337225 0.335431 -0.184
0.421144 0.297034 0.0370804
0.29694 0.412148 0.285137
0.351404 0.39332 0.471904
0.418609 0.355129 0.839694
0.309738 0.410832 0.963924
0.37957 0.314768 1.11936
0.268979 0.427672 1.36387
1.12214 0.15001 2.17889
0.283673 0.15001 -0.366662
0.431995 0.453723 -0.0531895
0.420862 0.439287 0.159267
0.460337 0.465894 0.350436
0.383005 0.418898 0.647603
0.276001 0.506923 0.825794
0.469658 0.459604 1.02033
0.433642 0.438226 1.23476
0.458731 0.409002 1.41226
1.46109 0.15001 2.47187
1.96865 0.15001 -2.52062
1.45411 0.15001 -2.42708
0.264034 0.443048 0.0632129
0.236081 0.573572 0.275041
0.32817 0.569929 0.444586
0.454755 0.526967 0.843019
0.286689 0.478209 1.12946
0.315617 0.574847 1.28847
0.469255 0.384655 1.62224
1.77271 0.15001 2.84999
1.01398 0.15001 -1.90284
0.266071 0.5185 -0.134304
0.426482 0.607926 0.226391
0.485435 0.655871 0.40553
0.395576 0.593182 0.633122
0.357861 0.677166 0.812698
0.380419 0.61961 0.989134
0.476584 0.592895 1.15329
0.480797 0.584939 1.37494
1.67012 0.15001 2.65119
1.83629 0.15001 -2.64534
1.51604 0.15001 -2.24166
0.342169 0.605067 0.0451826
0.284025 0.731357 0.359472
1.58237 0.15001 0.069032
1.72697 0.15001 0.757162
0.296653 0.68454 1.14556
0.239564 0.734196 1.34218
1.03816 0.15001 1.7696
1.18955 0.15001 2.84999
0.954123 0.15001 -2.06456
1.83478 0.15001 -1.87335
2.01278 0.15001 -1.68724
1.41124 0.15001 -0.0805705
1.29752 0.15001 0.418466
1.5259 0.15001 0.919704
1.22966 0.15001 1.66138
1.36623 0.15001 1.89455
1.05041 0.15001 2.56156
1.37947 0.15001 2.84935
2.34391 0.15001 -2.55667
1.2462 0.15001 -0.549126
1.9833 0.15001 -0.340819
0.977843 0.15001 0.227972
2.45961 0.15001 0.116262
1.33405 0.15001 0.0934063
0.782475 0.15001 0.932691
1.02892 0.15001 1.48119
0.346033 0.15001 1.45446
1.88316 0.15001 2.29402
1.75958 0.15001 -2.84997
2.51959 0.15001 -2.55386
0.69545 0.15001 -0.0653661
2.65617 0.15001 -1.52981
0.782068 0.15001 0.469352
0.906902 0.15001 0.793639
0.850893 0.15001 1.11936
0.690833 0.15001 1.22097
0.86108 0.15001 1.66581
2.18339 0.15001 2.84999
1.58475 0.15001 -1.3351
0.503033 0.15001 -0.0580923
0.64936 0.15001 0.121161
0.577741 0.15001 0.477549
0.706976 0.268463 0.572822
0.553182 0.289499 0.741855
0.607762 0.15001 0.858499
0.627777 0.15001 1.39112
0.491091 0.242953 1.43647
0.663323 0.15001 1.67628
1.57368 0.15001 -2.84999
1.67627 0.15001 -2.12759
1.95059 0.15001 -0.152817
0.711426 0.15001 0.299958
1.83151 0.15001 0.0299724
0.740485 0.215112 0.763975
0.924884 0.248071 0.970481
0.985847 0.15001 1.28213
0.776868 0.15001 1.49089
1.5723 0.15001 2.83786
2.43537 0.15001 -2.38321
0.573978 0.31056 -0.070906
0.606583 0.291116 0.214903
0.654466 0.307356 0.402335
0.52916 0.330226 0.568702
0.711617 0.388526 0.704449
0.695956 0.298892 0.986946
0.568497 0.269995 1.2741
0.621476 0.281727 1.56062
2.53198 0.157371 2.67552
2.32346 0.15001 -2.84999
1.48384 0.15001 -1.99286
0.728309 0.293554 0.0571194
0.789887 0.310561 0.272015
1.98039 0.15001 0.315185
0.807166 0.370322 0.865003
0.564447 0.346061 1.12395
0.750541 0.307875 1.17173
0.70368 0.316677 1.38854
1.97778 0.15001 2.84923
2.06717 0.15001 -2.16747
1.75086 0.15001 -0.651408
0.583921 0.428803 0.0813425
0.628885 0.460549 0.280612
0.554587 0.508541 0.511675
0.548919 0.471958 0.695782
0.607204 0.407335 0.867249
0.615609 0.453338 1.27131
1.48897 0.15001 2.26378
2.34101 0.15001 2.5178
2.35479 0.15001 -1.97862
2.27866 0.15001 -2.1386
2.2763 0.15001 -1.63729
1.6154 0.15001 0.285366
1.60244 0.15001 0.525568
1.67378 0.15001 1.06793
0.690735 0.464861 1.06641
1.54585 0.15001 1.84553
0.612277 0.462538 1.49983
1.25225 0.15001 2.36886
2.21896 0.15001 -2.30034
2.51409 0.15001 -1.92042
2.03852 0.15001 -1.87499
2.47401 0.15001 -0.915372
1.8086 0.15001 0.229665
0.547121 0.658821 0.749147
0.596426 0.582138 0.948986
1.30208 0.15001 1.47081
2.14173 0.15001 2.38747
2.11259 0.15001 2.59846
2.4713 0.15001 -2.732
2.16177 0.15001 -2.00505
2.10326 0.15001 -0.811532
1.58583 0.15001 -0.156393
1.87386 0.15001 0.568704
2.07985 0.15001 0.527048
1.45181 0.15001 1.31556
1.44856 0.15001 1.67358
1.69954 0.15001 2.19211
1.88652 0.15001 2.53607
1.95041 0.15001 -2.84999
2.84999 0.15001 -2.14999
2.4026 0.15001 -1.49732
2.64315 0.15001 -1.01843
2.50749 0.15001 -0.165996
2.64602 0.15001 0.3889
1.69911 0.15001 1.28925
2.84555 0.15001 1.8515
2.61809 0.15001 1.66068
2.33867 0.15001 1.98752
1.93254 0.15001 -2.04338
2.84733 0.15001 -1.46075
2.66066 0.15001 -1.74352
2.84843 0.15001 -1.04196
2.84957 0.15001 -0.0771821
2.84995 0.15001 0.479426
2.8484 0.15001 1.56953
2.64154 0.15001 1.42055
2.84999 0.15001 2.35523
2.38497 0.15001 2.84994
2.21641 0.15001 -2.68852
2.84999 0.15001 -1.98138
2.80753 0.15001 -1.64856
2.80861 0.15001 -0.656728
2.66222 0.15001 0.0873781
2.42825 0.15001 0.960398
2.8347 0.15001 0.986758
2.66036 0.15001 2.28479
2.18238 0.15001 1.58394
2.84999 0.15001 2.84903
2.7764 0.15001 -2.49916
2.84999 0.15001 -1.81477
2.29624 0.15001 -0.804003
2.51222 0.15001 -1.64334
2.84999 0.15001 -1.26968
2.69767 0.15001 -0.253146
2.84999 0.15001 0.248131
2.04547 0.15001 1.20083
2.57605 0.15001 1.89154
2.42411 0.15001 2.27553
2.84997 0.15001 -2.84999
0.889027 0.15001 0.0240161
2.68357 0.15001 -1.93677
2.6276 0.15001 -0.496903
2.09716 0.15001 0.105361
1.92335 0.15001 0.777342
2.41335 0.15001 0.742679
2.42004 0.15001 1.53354
2.20742 0.15001 1.32008
2.76468 0.15001 2.59537
2.84999 0.15001 -2.66403
2.5778 0.15001 -2.08994
2.7053 0.15001 -1.18052
2.12091 0.15001 -0.544741
2.84764 0.15001 2.08246
2.64631 0.15001 0.879852
1.89927 0.15001 1.07403
1.70728 0.15001 1.73248
2.15274 0.15001 1.89411
2.64878 0.15001 2.85
2.62161 0.15001 -2.84999
2.84999 0.15001 -2.3303
2.24117 0.15001 -1.44863
2.83937 0.15001 -0.460412
2.63027 0.15001 0.618589
2.19905 0.15001 0.705147
2.85 0.15001 1.30889
2.39613 0.15001 1.19741
1.32853 0.15001 2.11364
2.04534 0.15001 2.12393
2.44483 0.15001 -2.21131
2.04316 0.15001 -1.373
2.54087 0.15001 -1.2455
2.20012 0.15001 -1.18399
1.36555 0.15001 0.800068
2.14495 0.15001 0.991437
1.57723 0.15001 1.48468
1.91954 0.15001 1.67586
2.38235 0.15001 1.76127
2.55657 0.15001 2.46305
1.87817 0.15001 -2.21648
2.62941 0.15001 -2.41375
2.40488 0.15001 -1.78482
1.8569 0.15001 -1.29598
2.32615 0.15001 -0.377973
2.84999 0.15001 0.693103
1.44318 0.15001 1.10504
2.64363 0.15001 1.12767
1.52866 0.15001 2.04828
2.00332 0.15001 1.40352
2.6734 0.15001 -2.24118
2.22864 0.15001 -1.82303
2.45939 0.15001 0.501038
2.47961 0.15001 -0.730578
2.31378 0.15001 -0.0841505
2.37693 0.15001 0.313542
1.27151 0.15001 1.00224
1.80938 0.15001 1.51766
1.76788 0.15001 1.99156
2.59448 0.15001 2.10432
