1000 0.1
-2.70664 0.15001 0.53596
-2.54725 0.15001 0.617026
-2.84999 0.15001 0.982797
-2.64336 0.15001 1.07745
-1.73349 0.15001 1.57267
-0.846189 0.15001 1.50449
-2.82773 0.15001 2.17069
-2.37608 0.15001 2.48987
-1.11878 0.15001 2.58968
-2.567 0.15001 2.84999
-1.60684 0.15001 -0.593882
-2.84999 0.15001 0.574154
-2.78902 0.15001 1.13089
-2.61726 0.15001 1.56154
-2.84999 0.15001 2.01174
-2.84307 0.15001 2.49065
-2.70025 0.15001 2.34974
-2.78555 0.15001 2.70428
-2.84999 0.15001 2.84999
-1.30671 0.15001 2.84696
-1.3199 0.15001 -1.21158
-2.82974 0.15001 0.761423
-2.18229 0.15001 0.833857
-1.06815 0.15001 1.4317
-1.25693 0.15001 1.57251
-2.56879 0.15001 1.76952
-1.02912 0.15001 2.05675
-0.765899 0.210125 2.0521
-0.99027 0.15001 2.29439
-2.71399 0.15001 2.84999
-1.6618 0.15001 -0.410982
-0.75336 0.15001 0.333473
-2.84999 0.15001 1.66456
-2.84999 0.15001 1.85399
-2.70372 0.15001 1.83646
-2.6877 0.15001 1.99217
-2.84999 0.15001 2.33271
-2.72537 0.210908 2.56792
-2.60611 0.15001 2.68774
-2.35826 0.15001 2.85
-0.850741 0.15001 0.0676852
-2.66319 0.15001 0.732724
-2.56536 0.15001 0.93479
-2.59416 0.15001 1.2578
-0.759264 0.24217 1.37798
-0.747738 0.282995 1.5871
-2.4003 0.15001 2.28672
-0.718218 0.385932 2.01331
-0.744543 0.361689 2.1877
-1.42825 0.15001 2.64903
-2.21747 0.15001 0.253305
-2.02766 0.15001 0.211071
-2.48892 0.15001 1.10067
-2.75613 0.15001 1.31091
-2.70954 0.150196 1.6781
-2.52939 0.15001 2.02271
-2.67146 0.180294 2.15596
-2.56991 0.15001 2.27312
-2.4327 0.15001 2.66366
-1.83716 0.15001 2.84999
-1.36202 0.15001 -0.970648
-2.71869 0.15001 0.890271
-1.79363 0.15001 1.02605
-1.60077 0.15001 1.33366
-2.42626 0.151835 1.84824
-2.47829 0.15001 1.64786
-1.49868 0.15001 1.99491
-2.30318 0.158441 2.03397
-2.61294 0.15001 2.48249
-2.23329 0.15001 2.62835
-2.34633 0.15001 0.102482
-1.30044 0.15001 0.917623
-2.39116 0.15001 0.753725
-2.28584 0.152765 1.09445
-0.730778 0.406627 1.44393
-1.58724 0.15001 1.80622
-2.10774 0.15001 2.05383
-2.19941 0.15001 2.31967
-1.97587 0.15001 2.71697
-2.54982 0.305156 2.80647
-1.82614 0.15001 0.249868
-2.10303 0.15001 1.04735
-1.534 0.15001 1.51803
-2.53782 0.15001 1.42868
-1.40975 0.15001 1.7183
-2.19027 0.15001 1.88146
-1.26669 0.151778 1.97892
-1.74991 0.15001 2.15075
-2.02299 0.15001 2.42361
-2.04296 0.260947 2.58861
-1.65694 0.15001 0.327533
-1.97216 0.15001 0.610591
-0.930379 0.152275 1.04403
-1.46081 0.15303 0.778642
-2.32886 0.15001 1.54323
-2.00694 0.152101 1.71015
-1.15723 0.165048 2.22356
-1.40058 0.15001 2.27879
-1.70052 0.15001 2.5652
-1.48354 0.15001 2.46993
-0.807088 0.15001 -1.10515
-0.425689 0.15001 0.935728
-0.532986 0.15001 1.08186
-0.492437 0.15001 1.25358
-0.636476 0.15001 1.60252
-0.788961 0.15001 1.70628
-0.944426 0.15001 1.90931
-0.504397 0.15001 2.1552
-0.609415 0.15001 2.42805
-0.735179 0.15001 2.54914
-1.55564 0.15001 -1.051
-0.561477 0.15001 0.826853
-0.666605 0.15001 0.973776
-0.666491 0.15001 1.20668
-0.608408 0.15001 1.38379
-0.968352 0.15001 1.74359
-0.601545 0.15001 2.01169
-0.672557 0.15001 2.1946
-0.766009 0.15001 2.34484
-0.52179 0.15001 2.84999
-1.19139 0.15001 -0.824777
-0.359441 0.286503 1.00898
-0.468776 0.286806 1.16812
-0.46028 0.291493 1.3464
-0.421903 0.256891 1.51835
-0.512398 0.246598 1.70174
-0.751387 0.15001 1.88637
-0.44287 0.24976 1.98267
-0.48296 0.21904 2.30598
-0.524068 0.296411 2.46595
-0.766336 0.15001 -1.3219
-0.45508 0.283328 0.835917
-0.549289 0.309477 1.0068
-0.62378 0.315766 1.27266
-0.588994 0.282814 1.47782
-0.670375 0.293472 1.76334
-0.598652 0.295231 1.92498
-0.571069 0.302057 2.12364
-0.643601 0.285724 2.31388
-0.828574 0.15001 2.84946
-0.760521 0.15001 -0.92246
-0.601096 0.234021 0.681664
-0.535045 0.4526 1.14798
-0.515912 0.454727 1.3265
-0.477627 0.419397 1.49061
-0.443885 0.40226 1.66396
-0.459422 0.361627 1.84251
-0.439185 0.410318 2.03659
-0.460564 0.394003 2.25976
-0.635362 0.426251 2.48981
-0.492674 0.15001 0.489839
-0.380473 0.421066 0.90118
-1.96328 0.15001 0.932903
-2.10401 0.15001 1.25509
-0.611268 0.394065 1.61049
-0.589247 0.460069 1.77093
-0.580793 0.478873 1.94999
-0.558293 0.47953 2.14243
-0.640284 0.465869 2.30577
-1.59575 0.15001 2.8499
-0.967628 0.15001 -0.503799
-1.81177 0.15001 0.483287
-0.448973 0.544039 1.00575
-0.519193 0.613859 1.25356
-0.478448 0.602908 1.4323
-0.442283 0.576263 1.70179
-0.454518 0.576121 1.87175
-0.426732 0.589166 2.055
-0.488276 0.506678 2.40056
-2.16657 0.160821 2.83133
-1.41254 0.15001 -0.507438
-0.0936863 0.301024 0.427095
-1.17929 0.15001 1.06951
-1.34922 0.15001 1.34755
-0.42957 0.7055 1.57554
-0.612011 0.635429 1.7907
-0.579214 0.6622 1.98519
-0.686504 0.594171 2.11968
-0.552404 0.626435 2.27031
-0.449698 0.502824 2.58636
-1.33949 0.15001 -0.695717
-1.11514 0.15001 0.670507
-1.44819 0.152797 0.59349
-0.511435 0.789428 1.20909
-1.31503 0.273789 1.45152
-1.15572 0.269415 1.80126
-0.487455 0.755533 1.85694
-0.885756 0.172798 2.47476
-1.20859 0.275635 2.64659
-1.0571 0.170122 2.84785
-0.836256 0.15001 0.616681
-1.45149 0.15001 0.217745
-0.990338 0.15357 0.823506
-1.06313 0.193135 1.19388
-0.903677 0.510576 1.47297
-1.03959 0.204338 1.58943
-0.715517 0.722812 2.24356
-0.957633 0.285193 2.73779
-0.93659 0.161667 2.63944
-1.52509 0.282233 2.76923
-0.330797 0.15001 -1.54768
-0.264509 0.15001 0.793379
-0.250087 0.15001 0.970341
-0.298005 0.15001 1.26242
-0.276507 0.15001 1.5075
-0.221041 0.15001 1.65995
-0.252088 0.15001 1.94754
-0.358488 0.15001 2.07495
-0.347177 0.15001 2.41791
-0.334293 0.15001 2.6826
-0.594596 0.15001 -1.42168
-0.41172 0.15001 0.69958
-0.357468 0.15001 1.10843
-0.397146 0.15001 1.3963
-0.398288 0.15001 1.63464
-0.353559 0.15001 1.80283
-0.543425 0.15001 1.83975
-0.343732 0.15001 2.24171
-0.46975 0.15001 2.53893
-0.202919 0.15001 2.84977
-1.19784 0.15001 -1.36691
-0.20465 0.302861 0.912376
-0.201052 0.268636 1.09478
-0.288589 0.306833 1.24097
-0.23808 0.289706 1.40986
-0.318324 0.28237 1.6957
-0.303594 0.297135 1.88191
-0.217882 0.234919 2.08168
-0.246511 0.273284 2.29717
-0.346569 0.281063 2.5617
-0.368431 0.15001 0.29867
-0.107331 0.308012 0.757523
-0.36416 0.408481 1.12582
-0.340756 0.411959 1.36616
-0.310951 0.377194 1.54659
-0.314353 0.435139 1.77387
-0.235213 0.378571 2.01709
-0.357215 0.303226 2.15628
-0.372746 0.325597 2.39291
-0.171635 0.295549 2.635
-0.504251 0.15001 -1.21547
-0.289393 0.313452 0.748945
-0.240554 0.451656 1.00569
-0.225019 0.482558 1.1793
-0.212158 0.505008 1.48013
-0.211917 0.476728 1.65035
-0.325254 0.487521 1.93238
-0.303734 0.475128 2.13118
-0.257816 0.444883 2.30293
-0.647331 0.16767 2.71042
-0.201856 0.254553 0.588032
-0.244056 0.491219 0.815952
-0.370768 0.577999 1.16321
-0.317906 0.571096 1.3362
-0.366365 0.537988 1.55178
-0.212976 0.58183 1.80159
-0.173221 0.54124 2.01171
-0.387028 0.558867 2.25142
-0.323842 0.48495 2.45995
-0.361699 0.198011 2.84999
-0.712336 0.159716 -0.59585
-0.448246 0.343359 0.668788
-0.262675 0.628709 1.01505
-0.210273 0.654306 1.22273
-0.282005 0.679394 1.47001
-0.251947 0.640812 1.63623
-0.295746 0.660028 1.94216
-0.264976 0.647649 2.12157
-0.218786 0.620729 2.31433
-0.614758 0.28403 2.84999
-0.84774 0.15001 -0.355793
-0.252357 0.668183 0.824159
-0.3396 0.753128 1.13993
-0.377284 0.734187 1.32246
-0.287741 0.813457 1.61915
-0.33411 0.716104 1.77251
-0.203288 0.809986 2.06105
-0.419426 0.720854 2.18069
-0.37411 0.663029 2.39879
-0.238957 0.602744 2.56069
-0.279601 0.15001 -0.586452
-0.363723 0.768452 0.951546
-0.164376 0.793658 0.909691
-0.231835 0.840368 1.26654
-0.321081 0.857682 1.4462
-0.486677 0.825974 1.67846
-0.359695 0.829039 1.96483
-0.250745 0.789199 2.2467
-0.305704 0.540355 2.84031
-0.780905 0.294583 2.84946
-0.680013 0.15001 0.0968268
-0.0428214 0.171981 0.116213
-0.809701 0.157933 0.824808
-0.696347 0.534604 1.55299
-0.903318 0.495412 1.65964
-0.257095 0.932582 1.75572
-0.443129 0.898006 2.15992
-0.59237 0.640568 2.50112
-0.224037 0.758697 2.46945
-0.521222 0.424322 2.84999
0.00155852 0.15001 -1.39834
0.0681002 0.15001 0.895061
-0.0860564 0.15001 1.03582
-0.17166 0.15001 1.37358
-0.104176 0.15001 1.52805
-0.0598842 0.15001 1.71303
-0.0393188 0.15001 1.87831
-0.0870083 0.15001 2.03743
-0.174543 0.15001 2.3814
-0.0590122 0.15001 2.66623
-0.068947 0.15001 -1.94385
-0.110769 0.15001 0.68873
-0.101441 0.15001 0.863327
-0.137164 0.15001 1.20367
0.0298422 0.15001 1.41504
-0.18433 0.19347 1.80871
0.0377772 0.25287 1.97745
-0.175607 0.15001 2.20715
-0.214785 0.15001 2.54661
0.160384 0.15001 2.84997
-0.689783 0.15001 -0.125711
-0.0229512 0.287454 0.944983
-0.0250056 0.268687 1.14839
-0.0604115 0.252766 1.33335
-0.173788 0.29047 1.5694
-0.0273107 0.284135 1.64985
-0.122775 0.282969 1.93689
-0.0453241 0.284349 2.11267
-0.07325 0.264201 2.29398
-0.0829774 0.257931 2.47748
-0.372071 0.15001 -1.76311
0.0697858 0.325539 0.766631
-0.0847032 0.402947 1.06666
-0.129341 0.364078 1.24189
-0.0984825 0.390002 1.42054
-0.158232 0.340072 1.73671
0.0116907 0.395048 1.91547
-0.170566 0.366313 2.17825
-0.212808 0.352938 2.45776
-0.028785 0.15001 2.84999
0.00691197 0.255843 0.604223
-0.0933822 0.444917 0.893685
0.0224876 0.438886 1.20676
-0.145839 0.515009 1.32367
-0.0630525 0.429107 1.58421
-0.0490463 0.471663 1.76232
-0.161709 0.435246 1.87706
-0.0431132 0.444657 2.07072
-0.0716182 0.429388 2.31476
-0.0218529 0.412479 2.53663
-0.257546 0.150453 -1.18371
0.0145913 0.518435 0.76389
-0.106508 0.572026 1.08723
-0.030921 0.60486 1.24016
-0.0425059 0.556464 1.46321
-0.0783636 0.591179 1.63416
-0.0123107 0.550358 1.92149
-0.135084 0.533409 2.18386
-0.138253 0.512509 2.44375
0.0637109 0.276408 2.84973
-0.495518 0.15001 -0.654752
-0.0808081 0.631402 0.923274
0.0275279 0.699126 1.09746
-0.132182 0.680382 1.37845
-0.112336 0.731411 1.54183
-0.049326 0.645864 1.79383
-0.114549 0.691674 1.95909
0.00942513 0.622993 2.07101
-0.0383545 0.604866 2.31254
-0.126696 0.287361 2.84999
0.205601 0.15001 0.0119916
0.0154557 0.15001 -0.864963
-0.147162 0.756441 1.09364
-0.0610305 0.779954 1.25355
0.0328418 0.816277 1.48124
-0.143759 0.760073 1.71052
0.0526835 0.716226 1.91946
-0.104473 0.70531 2.17298
-0.0605322 0.657366 2.49764
-0.0165735 0.41211 2.84999
-0.287802 0.15001 -0.782621
-0.489187 0.232939 0.12145
-0.0153453 0.847563 1.00163
-0.273652 0.901176 1.04782
-0.130858 0.862546 1.41742
-0.0324792 0.885953 1.63969
-0.206285 0.806891 1.87015
0.00650709 0.804238 2.06538
-0.0783535 0.777897 2.34646
-0.358556 0.377027 2.84519
-0.274749 0.15001 -0.312736
0.456624 0.166188 0.0469949
0.130191 0.170161 0.26376
-0.00136427 0.942281 1.29435
-0.192832 0.953109 1.56868
-0.0346455 0.837523 1.8291
-0.0948711 0.926654 1.97678
-0.0888705 0.884741 2.19831
-0.0488209 0.578145 2.83454
-0.181101 0.439198 2.84155
-0.295962 0.15001 0.0970695
0.244336 0.15001 0.748947
0.185898 0.15001 1.17205
0.172144 0.15001 1.33377
0.0484398 0.15001 1.58248
0.110371 0.15001 1.73653
0.136397 0.15001 1.89759
0.10078 0.15001 2.07116
0.124454 0.15001 2.28167
0.157693 0.15001 2.45651
-0.22672 0.15001 -2.08239
0.0647658 0.15001 0.731058
0.0840273 0.174332 1.05339
0.0313609 0.15001 1.23868
0.190205 0.15001 1.49681
0.138544 0.271875 1.61233
0.267888 0.15001 2.00244
-0.0112114 0.15001 2.19561
0.00124548 0.15001 2.39223
0.338267 0.15001 2.84997
0.203385 0.15001 -1.25203
0.163941 0.291813 0.905895
0.22826 0.278035 1.07582
0.253201 0.296257 1.24166
0.00653999 0.289798 1.49221
0.195088 0.285634 1.78813
0.024035 0.276547 1.80546
0.147832 0.281166 2.12362
0.213406 0.280033 2.27827
0.0613344 0.242181 2.55665
-0.133268 0.152426 -1.64608
0.367913 0.15001 -0.4916
0.0886308 0.35959 1.0644
0.0918129 0.301404 1.28219
0.158163 0.31461 1.43872
0.0819958 0.396539 1.7001
0.192487 0.300668 1.9567
0.0507708 0.363732 2.22185
0.0782896 0.309128 2.38563
0.195033 0.236298 2.66044
0.155888 0.15001 0.572727
0.0813065 0.443897 0.914556
0.21231 0.442256 1.15858
0.0604536 0.452578 1.37369
0.0994126 0.465822 1.54302
0.25748 0.538878 1.73665
0.15309 0.450525 1.84252
0.12484 0.427094 2.0526
0.197558 0.437653 2.26681
0.152375 0.395525 2.52776
-0.0376205 0.15001 -1.07111
0.208281 0.501967 0.805736
0.0707589 0.533585 1.06854
0.134036 0.568636 1.25422
0.185584 0.582642 1.42459
0.0856185 0.562775 1.69882
0.156603 0.570852 1.97238
0.0704695 0.530299 2.19504
0.0802481 0.493789 2.38734
0.223429 0.291696 2.84999
0.487139 0.15001 -1.22663
0.1008 0.635843 0.910355
0.205833 0.673493 1.13474
0.0579928 0.686887 1.36762
0.0679181 0.65437 1.54721
0.208755 0.674198 1.64426
0.17524 0.650025 1.82271
0.179562 0.671289 2.11533
0.208411 0.605068 2.27824
0.139972 0.562039 2.54911
0.196554 0.15001 -1.0284
0.633441 0.15001 0.00557282
0.161402 0.792846 1.00156
0.110786 0.797646 1.22339
0.207716 0.756025 1.48294
0.0612167 0.744026 1.70669
0.213379 0.751113 1.9642
0.0646228 0.738122 2.22939
0.0908547 0.687729 2.40198
0.155907 0.451409 2.80968
0.278854 0.165156 -0.840645
0.56067 0.263677 0.135729
0.276063 0.846985 1.14305
0.159938 0.889263 1.37033
0.15152 0.869586 1.61241
0.21781 0.814462 1.78073
0.114211 0.898095 1.94113
0.177158 0.85933 2.11849
0.243412 0.774433 2.26873
0.138974 0.733758 2.58264
0.0160284 0.15001 -0.326098
0.332827 0.15001 0.18627
0.105881 0.935966 1.1057
0.262015 0.98924 1.25117
0.0358985 0.992172 1.49329
0.0906981 0.953778 1.76509
0.437458 0.926433 2.14151
-0.0394814 0.809523 2.58936
0.240696 0.706587 2.80811
0.313916 0.55296 2.84999
0.578729 0.15001 -1.43959
0.507987 0.15001 0.383916
0.238228 0.15001 0.934901
0.327356 0.15001 1.25523
0.362983 0.15001 1.50442
0.422555 0.15001 1.65343
0.292062 0.15001 1.82183
0.402066 0.15001 2.12141
0.289851 0.15001 2.34736
0.345298 0.15001 2.53164
0.582869 0.15001 -1.71767
0.397017 0.15001 0.843455
0.329289 0.15001 1.08211
0.298502 0.233583 1.38878
0.438182 0.288191 1.57401
0.253934 0.15001 1.65241
0.430615 0.15001 1.95818
0.246878 0.15001 2.17009
0.442333 0.277927 2.5026
0.516612 0.15001 2.84915
0.280219 0.15001 -1.95719
0.742321 0.15001 -1.10282
0.358509 0.263633 0.961394
0.425209 0.2715 1.27872
0.2835 0.28548 1.54694
0.349316 0.269204 1.72173
0.346223 0.279589 1.89926
0.449674 0.287711 2.04255
0.378514 0.251106 2.24218
0.251396 0.272113 2.49008
0.405375 0.214279 0.681966
0.324879 0.333379 0.803633
0.386595 0.32365 1.12217
0.229017 0.432463 1.33854
0.389781 0.361028 1.42842
0.242042 0.392939 1.66259
0.447123 0.409052 1.92181
0.299491 0.336013 2.10974
0.336397 0.342655 2.37353
0.368848 0.249372 2.66949
0.322892 0.15001 -1.45932
0.269628 0.408356 0.972104
0.37061 0.498143 1.10877
0.384419 0.425728 1.26579
0.263257 0.452133 1.50382
0.352034 0.415512 1.78883
0.283272 0.442678 1.95415
0.417369 0.456794 2.08018
0.366139 0.443823 2.24114
0.336253 0.40338 2.56752
-0.0667139 0.15001 0.365974
0.374348 0.535126 0.873367
0.235232 0.565431 1.00636
0.304147 0.571062 1.26511
0.404975 0.522713 1.41603
0.377952 0.485359 1.62272
0.413278 0.562332 1.84308
0.255826 0.515284 2.12307
0.266056 0.49192 2.41915
0.455029 0.28631 2.84999
0.903246 0.15001 -0.343708
0.19017 0.15001 -0.249907
0.443511 0.626074 1.02398
0.410103 0.680001 1.35423
0.321794 0.629721 1.52274
0.377772 0.65345 1.69213
0.330371 0.604463 1.99205
0.418461 0.617749 2.14546
0.385779 0.602594 2.31903
0.407254 0.55764 2.5253
0.534437 0.15001 -0.957266
0.310108 0.711177 0.937412
0.376566 0.697225 1.17262
0.24267 0.72649 1.31352
0.416686 0.801392 1.4724
0.321319 0.807808 1.62517
0.346139 0.719756 1.85824
0.33888 0.762003 2.08813
0.261597 0.662749 2.44014
0.340974 0.392958 2.83614
0.423625 0.15001 -0.655244
0.588004 0.170901 -0.419376
0.445342 0.812964 1.04919
0.387723 0.851027 1.29575
0.282631 0.929596 1.4941
0.420307 0.857057 1.78086
0.49232 0.894953 1.95652
0.424014 0.775776 2.24587
0.312921 0.83116 2.44492
0.356636 0.713803 2.59039
0.178864 0.164196 -0.459057
0.470096 0.165384 -0.27978
0.262448 0.358878 0.517391
0.470058 0.973527 1.47315
0.813765 0.864417 1.9193
0.286488 0.967744 1.71636
0.311739 0.902581 1.97328
0.325008 0.939394 2.28687
0.428238 0.885438 2.61131
0.561577 0.406443 2.84999
0.81762 0.15001 -0.61002
0.48016 0.15001 1.00198
0.471383 0.15001 1.17053
0.46342 0.15001 1.36838
0.533569 0.15001 1.52239
0.584583 0.15001 1.68072
0.622509 0.15001 1.92203
0.563013 0.15001 2.07221
0.452184 0.15001 2.38354
0.559083 0.15001 2.52741
0.73864 0.15001 -2.14736
1.01997 0.15001 -2.15392
0.635046 0.15001 0.935104
0.650096 0.15001 1.10773
0.712226 0.15001 1.55461
0.473566 0.15001 1.80367
0.752104 0.15001 2.04322
0.530649 0.162637 2.2328
0.649553 0.289459 2.46161
0.680124 0.15001 2.84999
0.56436 0.15001 0.769112
0.519108 0.269427 0.893673
0.545982 0.280352 1.09335
0.593811 0.197024 1.26129
0.540178 0.286635 1.41816
0.591029 0.282816 1.61615
0.528462 0.270603 1.88822
0.649428 0.283488 2.09338
0.510111 0.300841 2.34979
0.543248 0.257606 2.65778
0.486646 0.15001 -2.01204
0.56773 0.215214 0.602158
0.633202 0.37447 0.981226
0.553835 0.363852 1.25502
0.672729 0.344802 1.4989
0.501321 0.34102 1.73989
0.614505 0.386368 1.9576
0.508124 0.345208 2.18447
0.65411 0.310893 2.2705
0.544639 0.407819 2.54613
1.00401 0.15001 -1.59249
0.449953 0.407659 0.972725
0.552447 0.456065 1.11398
0.571705 0.462911 1.38859
0.512468 0.429411 1.5426
0.64666 0.432674 1.65589
0.566111 0.479053 1.81887
0.624476 0.454166 2.10881
0.457859 0.455192 2.39554
0.826305 0.217373 2.84998
0.80433 0.15001 -1.39385
0.526305 0.356687 0.748869
0.568823 0.532078 0.939747
0.492361 0.556026 1.2493
0.639764 0.542102 1.52749
0.522335 0.553975 1.67698
0.52833 0.538394 1.98431
0.526244 0.511149 2.23403
0.59231 0.557418 2.38706
0.699673 0.478277 2.50969
0.917792 0.15001 -1.03474
0.609133 0.514756 0.763271
0.599222 0.623667 1.12542
0.583864 0.639902 1.37501
0.492103 0.633342 1.52407
0.637394 0.682646 1.63215
0.635511 0.627086 1.88846
0.598182 0.632012 2.10573
0.761827 0.601768 2.3764
0.660465 0.290697 2.78667
1.18669 0.15001 -1.00534
0.897083 0.157561 -0.0615775
0.589049 0.711988 0.961924
0.533946 0.745769 1.23486
0.642223 0.771042 1.48416
0.518749 0.699679 1.78714
0.480693 0.704489 1.9757
0.573413 0.684983 2.26624
0.472676 0.710224 2.4272
0.578391 0.617182 2.55423
0.885603 0.15607 -0.814251
0.301377 0.169082 0.452424
0.658965 0.800562 1.1107
0.571107 0.876281 1.35411
0.503503 0.964968 1.65475
0.49833 0.782561 1.62776
0.630946 0.797891 1.9075
0.563115 0.804185 2.10643
0.660008 0.751037 2.4144
0.888731 0.374545 2.84999
1.00503 0.15001 0.119243
0.746748 0.209421 0.396547
0.712452 0.759327 0.704111
1.07133 0.740294 1.13967
0.981798 0.835816 1.86562
0.630318 0.858673 1.73457
0.806414 0.910213 2.12333
0.525972 0.872137 2.37016
0.531619 0.557062 2.79331
0.734891 0.432604 2.80258
1.52209 0.15001 -1.0229
0.70443 0.15001 0.170741
0.85492 0.15001 1.08871
0.76287 0.15001 1.24191
0.648893 0.15001 1.40299
0.823537 0.15001 1.67951
0.831443 0.15001 1.85065
0.931108 0.15001 1.98154
0.631903 0.15001 2.3667
0.751089 0.15001 2.50757
1.41422 0.15001 -1.634
0.840912 0.15001 0.713598
0.938846 0.15001 1.25362
0.824507 0.15001 1.40445
0.940795 0.15001 1.53593
0.691601 0.188067 1.78195
1.02819 0.15001 1.6875
0.877113 0.15001 2.16563
0.943997 0.15001 2.44731
0.977595 0.15001 2.84999
1.34929 0.15001 -1.15381
0.691213 0.267899 0.838452
0.744544 0.24611 1.00832
0.700642 0.304823 1.16991
0.719967 0.285925 1.34865
0.752556 0.295959 1.65113
0.741263 0.265316 1.93059
0.895439 0.289374 2.0475
0.700024 0.15001 2.2037
0.861151 0.290018 2.51538
0.934254 0.15001 -1.83999
0.867561 0.292265 0.80625
0.869685 0.287114 1.17286
0.865756 0.366938 1.32057
0.835706 0.285537 1.50258
0.680013 0.35029 1.79745
0.866915 0.370346 1.8779
0.801015 0.317163 2.18927
0.777476 0.371338 2.37919
0.720889 0.263766 2.63104
1.4222 0.15001 -0.754418
0.748145 0.432464 0.861296
0.812465 0.396301 1.03732
0.699979 0.441633 1.26961
0.763257 0.455803 1.43054
0.839516 0.430521 1.71977
0.735326 0.485828 1.87728
0.768423 0.397319 2.02615
0.706203 0.48114 2.25614
1.1019 0.15001 2.72953
0.714681 0.296248 0.671168
0.870029 0.55663 0.905037
0.837467 0.489939 1.17861
0.877997 0.53934 1.34263
0.805937 0.527644 1.5841
0.704237 0.56767 1.73362
0.888488 0.539519 1.92837
0.850875 0.487651 2.1345
0.890665 0.477227 2.29957
1.06184 0.287508 2.84999
1.07152 0.15001 -1.30283
1.22394 0.15001 -0.404652
0.727584 0.549287 1.0333
0.714511 0.607509 1.26078
0.753143 0.632261 1.43454
0.871795 0.600951 1.75939
0.737309 0.571483 2.02544
0.767767 0.634917 2.18798
0.87374 0.497728 2.48642
1.74846 0.180346 2.84999
0.999998 0.15001 0.433322
0.715566 0.632608 0.854297
0.857275 0.67159 1.17726
0.885282 0.724377 1.35572
0.825228 0.702226 1.5776
0.761382 0.744244 1.74204
0.801419 0.690339 1.90174
0.905453 0.665432 2.05554
0.9009 0.687529 2.29899
1.19651 0.382211 2.84918
1.14566 0.15001 -0.624435
1.54348 0.15001 -0.158125
0.811948 0.715299 1.00306
0.716972 0.781403 1.29269
1.69237 0.178964 1.58267
1.33161 0.609369 2.08867
0.73518 0.756295 2.05291
0.713944 0.7986 2.23686
0.970014 0.437401 2.72166
1.27317 0.15001 2.84999
0.874252 0.165027 0.278679
1.30309 0.228346 0.544578
1.49912 0.296251 0.969461
1.34269 0.326329 1.381
0.797975 0.87666 1.5804
1.24159 0.713818 1.93973
1.12926 0.681685 2.19962
1.47069 0.183497 2.36352
1.25194 0.166255 2.64699
1.43594 0.242152 2.84993
2.67642 0.15001 -0.373379
1.04311 0.15001 0.702692
1.44882 0.15001 1.19178
1.25875 0.15001 1.25726
2.46723 0.15001 1.85664
1.17359 0.15001 1.58689
1.09915 0.15001 1.89349
1.29918 0.15001 2.33572
0.803603 0.15001 2.34008
2.06279 0.15001 2.57418
1.37548 0.15001 -2.03345
2.72654 0.15001 -0.536442
1.04918 0.15001 0.936652
2.68186 0.15001 1.10974
1.10486 0.15001 1.41394
1.21692 0.15001 1.75796
1.23283 0.15001 2.00654
1.06266 0.15001 2.0803
1.22414 0.15001 2.48189
2.20968 0.15001 2.84999
0.841639 0.15001 0.538076
0.91357 0.249047 0.970662
1.03421 0.187327 1.11175
0.967806 0.247886 1.38485
1.05024 0.281886 1.53526
0.91974 0.281127 1.67912
0.965343 0.240494 1.8414
1.02865 0.15001 2.25547
0.915251 0.270804 2.31855
1.06439 0.249315 2.52201
1.2025 0.15001 -1.72805
2.5206 0.15001 0.401223
1.54363 0.15001 1.02768
1.10343 0.269109 1.25818
1.83652 0.15001 1.3852
1.10655 0.280874 1.75105
1.24002 0.27528 1.88064
1.19621 0.210889 2.17642
1.13076 0.271825 2.32894
1.5887 0.15001 2.84999
1.85587 0.15001 -1.01475
0.966185 0.408968 0.937282
0.995475 0.397116 1.1544
1.03852 0.412817 1.36232
0.932538 0.427919 1.50642
1.03448 0.403461 1.65794
1.0797 0.341571 1.92346
0.990638 0.344579 2.18268
0.998436 0.384927 2.42036
2.55559 0.789377 2.8486
1.80421 0.15001 -1.24283
1.21961 0.15001 0.00777605
1.12443 0.423221 1.03043
1.16085 0.445952 1.2242
1.89897 0.15001 1.58691
1.18889 0.43142 1.77176
0.980053 0.436409 2.02667
1.14567 0.413564 2.0944
1.10546 0.445848 2.27875
1.90396 0.15001 2.84999
1.77462 0.15001 -0.798319
1.30827 0.15001 0.800804
0.962947 0.559667 1.06276
1.017 0.564814 1.24314
0.96994 0.610178 1.47336
0.990807 0.562481 1.63852
1.02178 0.49223 1.81981
1.00389 0.55737 2.17458
1.62302 0.15001 2.62044
2.05724 0.15001 2.81663
1.96737 0.15001 0.426322
1.62451 0.15001 0.19866
2.27101 0.155768 0.779722
1.33313 0.15001 1.49517
1.4376 0.15001 1.65267
1.71742 0.17545 1.99457
1.0828 0.581191 2.00075
2.07606 0.152289 2.393
1.02027 0.573428 2.38571
1.41595 0.15001 2.577
1.8767 0.15001 -0.265062
2.36393 0.15001 0.612248
1.41235 0.152142 0.405992
2.10078 0.193623 1.34178
1.72499 0.156829 1.82917
0.976956 0.73549 1.67518
0.999583 0.668339 1.86885
1.6347 0.15001 2.30479
2.11932 0.291424 2.69787
2.00294 0.323823 2.84999
2.0177 0.15001 -0.846489
1.54572 0.154944 0.757892
1.77872 0.15976 1.03522
1.55357 0.170619 1.39119
1.98253 0.152236 1.81023
1.89001 0.246235 2.12427
1.60073 0.165658 2.11179
1.84777 0.27522 2.3953
1.65278 0.29963 2.7512
1.84936 0.15001 2.67923
1.40219 0.15001 -1.38309
2.81627 0.15001 0.293311
2.54167 0.15001 0.909532
2.43856 0.15001 1.3919
2.51326 0.15001 1.67657
2.68217 0.15001 1.7702
2.01551 0.15001 2.15941
2.84999 0.15001 2.47384
2.70634 0.15001 2.38879
2.58207 0.15001 2.6909
2.69112 0.15001 0.00674225
2.84999 0.15001 1.02102
2.64286 0.15001 0.748143
2.84999 0.15001 1.40666
2.84999 0.15001 1.68886
2.84999 0.15001 1.89014
2.84999 0.15001 2.29147
2.70497 0.15001 2.20556
2.84999 0.15001 2.67472
2.36604 0.15001 2.84999
1.62209 0.15001 -1.42426
2.84999 0.15001 0.495581
2.84999 0.204727 0.846309
2.6903 0.15001 1.38961
2.84364 0.565223 1.69587
2.43365 0.15001 2.02611
2.84999 0.15001 2.08959
2.68437 0.15001 2.83579
2.55646 0.15001 2.52445
2.84999 0.15001 2.84999
2.62409 0.15001 -0.76618
2.84999 0.15001 0.68013
1.93411 0.15001 1.20833
2.70989 0.15001 0.918549
2.84999 0.15001 1.20399
2.73041 0.15001 1.55655
2.84999 0.327291 1.85823
2.39193 0.15001 2.32276
2.7179 0.15001 2.57683
2.40739 0.15001 2.66394
2.13428 0.15001 -1.12891
1.25827 0.15001 1.00076
2.68346 0.15001 0.570787
2.56103 0.15001 1.50313
2.12236 0.15001 1.51133
2.12093 0.15001 2.02154
2.69053 0.15001 1.94079
2.6972 0.3115 2.27948
2.54867 0.15001 2.35876
2.73447 0.615798 2.84992
2.84226 0.15001 -0.661869
2.52123 0.152766 0.599309
2.81935 0.351296 1.24249
1.73303 0.254571 1.23147
2.77881 0.47759 2.38113
2.59761 0.15001 2.06999
2.33015 0.15001 2.15564
2.2399 0.15001 2.36858
2.66499 0.298976 2.66079
2.5234 0.15001 2.84999
2.29681 0.15001 -0.81646
2.84999 0.15001 -0.306602
2.51341 0.15001 1.11083
2.7632 0.30672 1.58354
2.73779 0.49236 1.83657
2.28582 0.15001 1.92555
2.84883 0.299794 2.20354
2.49921 0.15001 2.19763
1.71353 0.15001 2.46604
2.22504 0.15001 2.67814
2.63103 0.15001 0.177709
2.36893 0.15001 0.958929
2.56465 0.15001 1.28096
2.3748 0.15001 1.24505
1.48103 0.15001 1.94463
2.40848 0.334095 2.08116
1.93236 0.15001 2.31639
2.3718 0.15001 2.4975
2.76418 0.302941 2.46753
2.50857 0.411043 2.84982
2.39688 0.15001 -0.00777608
2.78536 0.15001 -0.159231
2.42909 0.15001 0.78311
2.2607 0.15001 1.11248
2.3865 0.15001 1.54928
2.7039 0.31906 1.97773
1.7803 0.15001 2.21198
2.55874 0.374413 2.12781
1.91977 0.15001 2.48079
2.62519 0.371465 2.41664
2.16682 0.15001 0.442787
1.95665 0.15001 0.787851
2.32908 0.209086 1.75813
2.2819 0.15001 1.41213
2.23394 0.15001 1.63554
2.14522 0.15022 1.81517
1.3696 0.15001 2.15475
2.17279 0.151081 2.21045
2.21141 0.220538 2.51782
2.15031 0.459007 2.77572
