1240 0.1
-0.669217 0.15001 -0.873103
-1.00162 0.15001 -0.429081
-1.06987 0.15001 -0.158926
-0.942118 0.15001 0.134007
-1.04335 0.15001 0.383833
-0.808596 0.15001 0.588998
-0.998701 0.15001 0.742779
-1.02573 0.15001 0.927487
-0.952878 0.15001 1.15463
-1.14619 0.15001 1.72171
-1.1466 0.15001 -1.20775
-1.27955 0.15001 -0.644772
-1.34946 0.15001 -0.262535
-1.42601 0.15001 0.144092
-1.55297 0.15001 0.316923
-1.47751 0.15001 0.509691
-1.44008 0.15001 0.731719
-1.43648 0.15001 1.08823
-1.43832 0.15001 1.45673
-1.47278 0.15001 2.27087
-1.03019 0.15001 -1.04897
-0.516947 0.185445 -0.260468
-0.545826 0.189685 -0.0797008
-1.22546 0.15001 0.0696088
-1.28052 0.15001 0.258391
-1.21313 0.15001 0.53428
-0.558199 0.255953 0.651156
-0.552157 0.211306 0.860734
-1.20665 0.15001 1.44405
-0.939687 0.15001 2.11956
-1.33354 0.15001 -1.18571
-1.09865 0.15001 -0.834639
-1.2693 0.15001 -0.460705
-1.40192 0.15001 -0.0599264
-1.74069 0.15001 0.248855
-1.61816 0.15001 0.642707
-1.30712 0.15001 0.883128
-1.28072 0.15001 1.20896
-1.47266 0.15001 1.72771
-1.30715 0.15001 2.16877
-0.911536 0.15001 -0.888637
-1.00589 0.15001 -0.656805
-1.1664 0.169558 -0.311117
-0.938707 0.181763 -0.0440232
-1.10274 0.166435 0.213179
-1.00332 0.158946 0.559207
-1.16373 0.212254 0.700544
-1.16692 0.15001 1.05316
-0.998001 0.15001 1.37411
-1.3669 0.15001 1.9106
-1.21809 0.15001 -1.03618
-1.15109 0.261134 -0.705309
-1.12667 0.258325 -0.495318
-1.23674 0.190696 -0.116701
-1.3921 0.235184 0.370566
-1.3482 0.248766 0.601051
-1.32565 0.273605 1.01678
-1.33753 0.258519 1.34596
-1.31815 0.179692 1.60783
-1.08376 0.15001 2.26863
-1.02326 0.282023 -0.926347
-0.983353 0.312378 -0.613632
-0.973743 0.23818 -0.274337
-1.02118 0.294716 0.100758
-1.21237 0.304682 0.288279
-1.16165 0.300115 0.473639
-1.1685 0.263631 0.896136
-1.11105 0.224179 1.2477
-1.05023 0.221982 1.53566
-0.982086 0.15001 1.90214
-0.794461 0.276958 -0.866771
-0.781874 0.224568 -0.577685
-0.817683 0.291947 -0.348309
-0.81173 0.305127 -0.0174691
-0.960214 0.288976 0.28904
-1.01698 0.32925 0.610864
-0.998693 0.302894 0.828054
-1.01517 0.284138 1.06011
-0.889973 0.277095 1.30913
-1.17152 0.180227 1.93127
-0.667373 0.281732 -0.730177
-0.722687 0.365822 -0.498363
-0.754497 0.342218 -0.190877
-0.795296 0.401867 0.164439
-0.823286 0.405826 0.359834
-0.852071 0.402678 0.556081
-0.836807 0.396549 0.815823
-0.821642 0.297357 1.12649
-0.711721 0.298649 1.41426
-0.972441 0.225096 1.71702
-0.60315 0.418278 -0.638306
-0.663387 0.443599 -0.346591
-0.685773 0.496021 -0.127004
-0.701468 0.52287 0.0827338
-0.705769 0.536184 0.291162
-0.723512 0.521407 0.490732
-0.70117 0.495308 0.722133
-0.732639 0.421908 0.988297
-0.658102 0.367567 1.24297
-0.787566 0.304395 1.63872
-0.374015 0.15001 -1.10772
-0.341755 0.15001 -0.339985
-0.392103 0.15001 0.013308
-0.510067 0.15001 0.145475
-0.37287 0.15001 0.326417
-0.278494 0.15001 0.487106
-0.279794 0.15001 0.667013
-0.293864 0.15001 0.919577
-0.405864 0.15001 1.25761
-0.429695 0.15001 2.08953
-0.554927 0.15001 -1.42408
-0.475767 0.15001 -0.446118
-0.378858 0.15001 -0.159381
-0.689218 0.15001 0.0392565
-0.657465 0.15001 0.464475
-0.440404 0.164811 0.544962
-0.427065 0.15293 0.752068
-0.449623 0.15001 0.995714
-0.782698 0.15001 1.37591
-0.606298 0.15001 2.31823
-0.279587 0.210772 -0.500293
-0.240993 0.273648 -0.313404
-0.281401 0.276384 -0.0419347
-0.376662 0.28048 0.125484
-0.258768 0.29223 0.257459
-0.313754 0.304617 0.425846
-0.327351 0.306807 0.628365
-0.293121 0.306983 0.846836
-0.322314 0.229986 1.0894
-0.636222 0.15001 2.10057
-0.680611 0.15001 -1.26357
-0.417917 0.297335 -0.373746
-0.381968 0.319904 -0.195598
-0.458516 0.324115 -0.0311061
-0.752227 0.15001 0.275695
-0.464845 0.342072 0.523599
-0.444097 0.336592 0.766929
-0.437844 0.317467 0.952996
-0.812338 0.15001 1.77465
-0.905663 0.15001 2.38043
-0.433225 0.170325 -1.28523
-0.338831 0.44301 -0.388137
-0.300086 0.439954 -0.104908
-0.800451 0.237739 0.145337
-0.562988 0.161024 0.316498
-0.408369 0.445367 0.405711
-0.39676 0.45888 0.657255
-0.321792 0.440731 0.957895
-0.534791 0.15001 1.57975
-0.567189 0.15001 1.84266
-0.749644 0.15001 -1.04984
-0.786375 0.15001 -0.732633
-0.803687 0.15001 -0.426512
-0.754001 0.162563 -0.160712
-0.858792 0.195122 0.416028
-0.865557 0.256566 0.705568
-0.846781 0.190415 0.941676
-0.752556 0.15001 1.17897
-0.822111 0.15001 1.57188
-0.779304 0.192222 2.22975
-0.457485 0.15001 -0.923704
-0.562938 0.15001 -0.684054
-0.63331 0.250844 -0.388561
-0.616604 0.281798 0.14193
-0.699942 0.288755 0.333466
-0.729834 0.285069 0.529158
-0.718563 0.253694 0.811511
-0.545899 0.234217 1.20802
-0.582712 0.15001 1.38948
-0.721548 0.20101 1.93532
-0.560251 0.283138 -0.883177
-0.535011 0.275999 -0.556286
-0.5659 0.34776 -0.229842
-0.636503 0.374029 -0.00740514
-0.589968 0.405565 0.274322
-0.62199 0.406515 0.587004
-0.597353 0.396672 0.852551
-0.6293 0.281992 1.05213
-0.530744 0.30164 1.50844
-0.466328 0.260128 1.94361
-0.444786 0.286981 -0.736318
-0.511431 0.448456 -0.475403
-0.495239 0.501425 -0.151228
-0.528277 0.527943 0.137623
-0.480846 0.553511 0.303855
-0.516359 0.549195 0.50416
-0.517838 0.549946 0.757501
-0.449411 0.395847 1.13669
-0.467197 0.347258 1.34058
-0.616302 0.249806 1.70339
-0.400667 0.419611 -0.627994
-0.394762 0.606192 -0.40694
-0.39676 0.679459 -0.18726
-0.392995 0.670828 0.101213
-0.396099 0.70547 0.283342
-0.392957 0.70638 0.483435
-0.4166 0.70392 0.730961
-0.431801 0.570354 1.00309
-0.385343 0.50202 1.29182
-0.454426 0.349479 1.68881
0.0110961 0.15001 -0.889579
-0.154003 0.15001 -0.398501
-0.122271 0.15001 -0.0367509
-0.0343246 0.15001 0.120109
-0.16364 0.15001 0.25191
-0.0622993 0.15001 0.522176
-0.0793807 0.15001 0.693937
-0.11895 0.15001 0.866946
-0.153911 0.15001 1.36268
-0.0842731 0.15001 1.95472
-0.172069 0.15001 -1.46091
-0.133615 0.15001 -0.743256
-0.207263 0.159367 -0.184005
-0.209938 0.207727 0.100851
-0.151427 0.229478 0.397406
-0.174393 0.26566 0.562134
-0.180387 0.266407 0.732669
-0.151913 0.15001 1.03432
-0.302441 0.15001 1.58605
-0.120663 0.15001 2.52012
-0.247079 0.15001 -1.28725
-0.0728755 0.250336 -0.267084
-0.00754363 0.273079 -0.0760034
-0.0849192 0.332355 0.109393
-0.0661297 0.303221 0.273681
-0.0701817 0.375047 0.46442
-0.0753 0.382819 0.637155
-0.0749135 0.320564 0.852689
-0.136479 0.257548 1.16814
-0.248707 0.15001 2.33035
-0.358412 0.15001 -1.45333
-0.0895155 0.283205 -0.490869
-0.153779 0.332547 -0.135827
-0.243838 0.384643 0.0990876
-0.179818 0.426601 0.334767
-0.231978 0.427262 0.527098
-0.206016 0.430088 0.755411
-0.205615 0.311619 0.999958
-0.282772 0.15001 1.86436
-0.308781 0.15001 2.63973
-0.194876 0.15001 -1.06235
-0.041903 0.401316 -0.373228
-0.0493411 0.44146 -0.0164585
-0.115066 0.494137 0.187424
0.00322396 0.456434 0.317987
-0.0921205 0.546444 0.455052
-0.150516 0.533573 0.63599
-0.12332 0.446885 0.97433
-0.12006 0.15001 1.73742
-0.155095 0.15001 2.16065
-0.232411 0.305533 -1.21815
-0.348247 0.15001 -0.75996
-0.196704 0.424902 -0.291595
-0.401066 0.451906 0.051467
-0.451515 0.29932 0.285921
-0.327722 0.580012 0.576753
-0.342782 0.52242 0.812043
-0.39188 0.187695 1.43191
-0.418766 0.171766 1.7284
-0.426108 0.206229 2.26964
-0.140511 0.233827 -0.903113
-0.224607 0.283177 -0.694374
-0.144258 0.497271 -0.151456
-0.195481 0.519308 0.0255464
-0.35062 0.442938 0.227532
-0.277423 0.544588 0.409367
-0.230454 0.677594 0.69487
-0.302571 0.30448 1.25836
-0.149025 0.235719 1.58084
-0.2663 0.233294 2.03014
-0.321585 0.257591 -0.900222
-0.248851 0.370205 -0.538151
-0.342989 0.527864 -0.247669
-0.34404 0.588726 -0.0448797
-0.247299 0.588832 0.24705
-0.201524 0.661719 0.513827
-0.23016 0.579064 0.968135
-0.161347 0.419763 1.17615
-0.267079 0.31498 1.46359
-0.121526 0.285272 1.85324
-0.111355 0.382119 -0.804966
-0.171207 0.502227 -0.44906
-0.205755 0.641195 -0.219405
-0.187983 0.675462 0.0805039
-0.214631 0.759705 0.239169
-0.107706 0.794338 0.478461
-0.10328 0.646537 0.834423
-0.182311 0.587221 1.16101
-0.101291 0.395237 1.45147
-0.276222 0.292166 1.74743
-0.106208 0.450359 -0.62593
-0.122519 0.66599 -0.391333
-0.163256 0.771512 -0.0949422
-0.268445 0.826832 0.0633324
-0.151725 0.901663 0.340754
-0.156428 0.907277 0.604861
-0.134144 0.806157 0.757527
-0.111972 0.698453 1.02087
-0.179463 0.535463 1.35576
-0.164297 0.402502 1.64441
0.161063 0.15001 -1.15903
0.0262171 0.15001 -0.381293
0.0470101 0.15001 -0.195577
0.102684 0.15001 -0.0166425
0.0191689 0.15001 0.293718
0.0901508 0.15001 0.456557
0.085086 0.15001 0.679196
0.0599274 0.15001 0.872602
0.170451 0.15001 1.24262
0.099309 0.15001 2.00772
0.118187 0.15001 -1.51674
0.226871 0.15001 -0.605843
0.163694 0.262301 -0.12816
0.154742 0.160089 0.165695
0.193569 0.195806 0.333167
0.160533 0.244892 0.56661
0.193915 0.237947 0.763979
0.186833 0.198652 0.988154
0.211206 0.15001 1.48091
0.127157 0.15001 2.52963
-0.042769 0.15001 -1.29784
0.0983646 0.293069 -0.294135
0.119048 0.400939 -0.0345484
0.071928 0.282651 0.0780132
0.101748 0.321139 0.239419
0.0714294 0.306118 0.410117
0.064809 0.320995 0.690966
0.0943986 0.307661 0.873854
0.0257131 0.167014 1.04939
-0.0065072 0.15001 2.32332
-0.0102575 0.15001 -1.65366
0.172556 0.15001 -0.803446
0.186292 0.421477 -0.191128
0.0488084 0.452181 0.136689
0.177361 0.42681 0.34932
0.116893 0.408746 0.544211
0.163923 0.431761 0.776105
0.183499 0.391504 1.01726
0.127288 0.15001 1.7594
0.25117 0.15001 2.72092
-0.0106351 0.15001 -1.08851
0.030537 0.15001 -0.631251
0.0676244 0.553056 -0.0835465
-0.0156857 0.613177 0.112606
0.140936 0.569995 0.283029
0.0803303 0.54025 0.448554
0.0484226 0.512588 0.657285
-0.00106053 0.330122 1.09063
0.000642465 0.15001 1.51329
0.099309 0.211616 2.18018
-0.0199813 0.24377 -1.44948
0.204543 0.284345 -0.902149
0.112562 0.23369 -0.5011
0.152677 0.697899 -0.100496
-0.0490524 0.620403 0.294874
-0.0440998 0.655308 0.610717
0.0389656 0.436156 0.951946
0.0322104 0.192931 1.34704
0.172291 0.26049 1.8836
0.158309 0.247344 2.37154
-0.0275938 0.289759 -1.19953
0.00883564 0.263252 -0.75302
0.00387181 0.402617 -0.20426
-0.0812824 0.624572 -0.0596417
0.109141 0.70127 0.198323
0.025497 0.692755 0.449314
-0.0448285 0.487548 0.811498
-0.0253487 0.344208 1.28727
0.0175512 0.240474 1.65976
-0.0668364 0.280842 2.08367
0.0296903 0.299643 -0.983828
0.0969097 0.366141 -0.608399
-0.0384853 0.553962 -0.284222
0.0626509 0.740554 0.0366123
-0.0226936 0.783585 0.30348
0.0854925 0.660901 0.725872
0.0844892 0.554294 1.05822
0.134882 0.400011 1.20674
0.120923 0.286468 1.5071
0.0491018 0.359938 1.9683
0.102865 0.397299 -0.80687
0.0469481 0.501137 -0.486438
-0.00102986 0.710913 -0.207739
-0.0739523 0.823581 0.119659
0.159798 0.854619 0.242625
0.0913263 0.776908 0.596328
0.0551249 0.694274 0.928274
0.000572522 0.523988 1.23802
0.0945107 0.418994 1.40485
0.00565212 0.381349 1.76331
0.115954 0.524694 -0.677231
0.0858596 0.666467 -0.403501
0.0875613 0.856184 -0.101033
0.0876392 0.937549 0.0923422
0.046597 0.939067 0.358846
0.07601 0.939279 0.542416
0.114811 0.821198 0.787821
0.104936 0.694535 1.15851
0.0961258 0.59423 1.41626
0.111834 0.440809 1.61468
0.351936 0.15001 -0.755194
0.201184 0.15001 -0.311713
0.282959 0.15001 -0.142866
0.280728 0.15001 0.0337494
0.323347 0.15001 0.213595
0.27546 0.15001 0.482011
0.282878 0.15001 0.659251
0.29582 0.15001 0.863914
0.356442 0.15001 1.24179
0.312651 0.15001 1.87719
0.297515 0.15001 -1.45218
0.342016 0.170928 -0.42105
0.388753 0.267188 -0.173135
0.362377 0.285069 0.112576
0.370604 0.222458 0.363989
0.371723 0.257295 0.567877
0.368452 0.259618 0.751587
0.369501 0.211663 0.999995
0.393648 0.15001 1.44899
0.32804 0.15001 2.45224
0.322209 0.15001 -1.25557
0.272203 0.30453 -0.298832
0.295085 0.344805 -0.0459945
0.212421 0.377158 0.106072
0.278969 0.320549 0.256938
0.259788 0.328662 0.458136
0.253549 0.359455 0.649082
0.27517 0.333918 0.880558
0.257438 0.281858 1.1289
0.26297 0.15001 2.2498
0.445191 0.202248 -1.54941
0.341428 0.35009 -0.461627
0.356388 0.42699 -0.200903
0.338897 0.488702 0.0450927
0.353924 0.438492 0.368204
0.36949 0.447054 0.558752
0.351919 0.446724 0.766494
0.366057 0.40427 1.01811
0.454227 0.15001 1.72411
0.456999 0.160631 2.5987
0.3378 0.15001 -1.05297
0.200224 0.42801 -0.401106
0.240422 0.543148 -0.0756103
0.169826 0.557054 0.0926671
0.288018 0.482669 0.214397
0.243528 0.511942 0.480484
0.234053 0.540045 0.653554
0.277937 0.51631 0.927142
0.342647 0.203703 1.60522
0.363468 0.184436 2.05397
0.410089 0.293704 -1.29651
0.403066 0.250876 -0.891481
0.315251 0.535796 -0.327585
0.383653 0.697723 -0.0483962
0.317048 0.608143 0.364626
0.358825 0.63902 0.560361
0.365933 0.620922 0.797084
0.414782 0.281103 1.35808
0.434897 0.280151 1.82857
0.407699 0.249622 2.30639
0.212856 0.292927 -1.08733
0.25383 0.288842 -0.694879
0.135854 0.541153 -0.296548
0.251317 0.691804 0.0501303
0.295016 0.642895 0.203542
0.192214 0.663493 0.519816
0.15074 0.5764 0.851123
0.247595 0.313962 1.32019
0.201225 0.277071 1.67914
0.25228 0.312337 2.13604
0.350163 0.37428 -1.01096
0.409418 0.409966 -0.618893
0.287729 0.642225 -0.207111
0.487163 0.765449 0.0790767
0.309497 0.771998 0.379092
0.254467 0.702142 0.709655
0.389369 0.614733 1.029
0.393704 0.436759 1.21272
0.373223 0.353435 1.52393
0.327241 0.349079 1.95603
0.315758 0.39773 -0.817558
0.261325 0.545322 -0.51998
0.284587 0.802828 -0.146319
0.239999 0.857746 0.0293889
0.343052 0.802297 0.197089
0.304469 0.79828 0.567285
0.254441 0.708886 0.920154
0.244967 0.54111 1.16773
0.284856 0.468444 1.40187
0.282995 0.408668 1.76154
0.312251 0.537968 -0.704187
0.324023 0.691435 -0.401269
0.404557 0.912967 -0.0751636
0.3821 0.948858 0.114137
0.340861 0.935572 0.333621
0.374209 0.955587 0.53875
0.353336 0.827365 0.798358
0.3049 0.717912 1.14905
0.346698 0.623529 1.33099
0.331393 0.509155 1.60153
0.520924 0.15001 -0.977339
0.468114 0.15001 -0.294578
0.477113 0.15001 -0.0950079
0.461262 0.15001 0.0727695
0.491384 0.15001 0.254426
0.473789 0.15001 0.477432
0.472895 0.15001 0.666045
0.472476 0.15001 0.85838
0.546387 0.15001 1.25607
0.520685 0.15001 1.9369
0.500914 0.15001 -1.38445
0.551522 0.182027 -0.447964
0.562891 0.251822 -0.190398
0.557756 0.26095 0.144804
0.570096 0.240448 0.369051
0.566287 0.253917 0.562634
0.563023 0.255261 0.756494
0.557145 0.201149 0.992099
0.709307 0.15001 1.49956
0.550518 0.15001 2.40596
0.430069 0.233134 -0.567878
0.449746 0.311407 -0.327704
0.471768 0.313 -0.0226363
0.470544 0.418521 0.122176
0.458787 0.336184 0.270117
0.462048 0.342107 0.454414
0.467873 0.360396 0.661766
0.457291 0.332589 0.87902
0.46434 0.293976 1.11768
0.500709 0.15001 2.18094
0.621999 0.15001 -1.54749
0.53667 0.365698 -0.474221
0.53198 0.41444 -0.178897
0.54831 0.478566 -0.0205021
0.562061 0.451923 0.367673
0.552952 0.455511 0.549922
0.556687 0.443585 0.777236
0.5538 0.4136 1.00251
0.636185 0.15001 1.70921
0.648614 0.194098 2.5698
0.514945 0.15001 -1.19903
0.473744 0.475363 -0.340068
0.424838 0.550494 -0.11473
0.455488 0.597905 0.0982689
0.455519 0.516562 0.256797
0.45661 0.55473 0.448946
0.459797 0.547972 0.665818
0.45812 0.520335 0.899833
0.540284 0.152984 1.55025
0.647187 0.207886 2.07607
0.637753 0.258803 -1.34341
0.611652 0.178952 -0.820234
0.602841 0.569665 -0.191083
0.560405 0.656338 -0.0356712
0.58921 0.635904 0.351476
0.562622 0.645579 0.560283
0.556832 0.624121 0.786043
0.649454 0.239857 1.36539
0.742327 0.252439 1.7991
0.677251 0.2449 2.30645
0.481845 0.278901 -1.08762
0.497663 0.291562 -0.731709
0.465569 0.632437 -0.291057
0.612131 0.666493 0.158405
0.458858 0.678771 0.256432
0.462826 0.726493 0.437765
0.454604 0.742832 0.675687
0.545602 0.347782 1.27602
0.534671 0.29964 1.64716
0.496018 0.314009 2.09761
0.639597 0.292111 -0.97011
0.645925 0.386794 -0.635903
0.678485 0.680096 -0.330895
0.78323 0.673747 -0.0338464
0.735512 0.725551 0.25901
0.614388 0.802065 0.605765
0.723712 0.631954 0.995282
0.678659 0.430257 1.19589
0.656283 0.356339 1.49834
0.598896 0.334795 1.88945
0.567852 0.406993 -0.852255
0.539237 0.530217 -0.516249
0.569304 0.736041 -0.194206
0.694899 0.789527 0.0690223
0.566095 0.810188 0.262918
0.531164 0.876076 0.474696
0.562009 0.732075 0.922177
0.538436 0.532338 1.12727
0.491162 0.465438 1.40126
0.478555 0.445324 1.72924
0.532717 0.516741 -0.705961
0.540652 0.700292 -0.443512
0.593098 0.887151 -0.111876
0.565944 0.920441 0.0760099
0.658118 0.934273 0.352724
0.630195 0.972473 0.60478
0.591531 0.861072 0.783161
0.589011 0.703681 1.10884
0.600002 0.587846 1.30165
0.585207 0.507506 1.56863
0.690688 0.15001 -0.651241
0.655854 0.15001 -0.310626
0.662636 0.15001 -0.0985424
0.671174 0.15001 0.0677003
0.671035 0.15001 0.249096
0.673097 0.15001 0.472394
0.66714 0.15001 0.663272
0.66339 0.15001 0.855951
0.769036 0.15001 1.23187
0.736421 0.15001 1.93446
0.773391 0.15001 -1.43566
0.757158 0.189394 -0.443193
0.741464 0.242209 -0.199695
0.750894 0.267255 0.151208
0.752683 0.247872 0.358076
0.760024 0.255523 0.565047
0.753723 0.25403 0.755096
0.757543 0.192946 0.984488
0.95632 0.15001 1.54058
0.78992 0.15001 2.45145
0.720116 0.15001 -1.23069
0.631051 0.320552 -0.32918
0.64615 0.304114 -0.0402215
0.637588 0.400894 0.102285
0.648878 0.350521 0.264594
0.665457 0.355729 0.460171
0.654442 0.36153 0.653826
0.651636 0.327572 0.882113
0.654578 0.29214 1.09809
0.786313 0.15001 2.19117
0.888512 0.17067 -1.58703
0.743404 0.370022 -0.450565
0.715587 0.411033 -0.202746
0.793925 0.438146 0.159944
0.7698 0.448909 0.347969
0.780087 0.441395 0.557977
0.762729 0.427433 0.76482
0.769512 0.399083 0.990678
0.916286 0.15001 1.8452
0.966733 0.157485 2.37125
0.745598 0.15001 -0.967147
0.641844 0.495947 -0.359507
0.753822 0.434396 -0.0172543
0.683007 0.56391 0.0548182
0.644217 0.521208 0.230563
0.673797 0.543889 0.466791
0.660653 0.537862 0.661581
0.66184 0.510155 0.893592
0.848315 0.183368 1.3985
0.881732 0.221856 2.01566
0.874844 0.236557 -1.31193
0.955211 0.161243 -0.779418
0.788485 0.56394 -0.299248
1.07507 0.388861 0.00137202
0.794551 0.623302 0.369575
0.784311 0.635397 0.566783
0.779379 0.598447 0.787707
1.02165 0.225454 1.38958
0.998717 0.216308 1.70136
1.03533 0.232847 2.20597
0.80171 0.253609 -1.11265
0.771772 0.283253 -0.703397
0.794486 0.541277 -0.135573
0.927819 0.498606 0.00313124
0.835665 0.599149 0.151119
0.67883 0.749743 0.450782
0.69046 0.70728 0.706092
0.797416 0.305282 1.27538
0.816091 0.235547 1.61382
0.792813 0.318898 2.15288
0.907497 0.269853 -0.964182
0.935898 0.308402 -0.639636
1.07927 0.476681 -0.283667
1.07733 0.52769 0.119818
1.06426 0.584366 0.367911
1.05198 0.592011 0.690086
1.0204 0.558814 0.972599
0.936622 0.400382 1.17994
0.903515 0.339931 1.467
0.911644 0.322421 1.83829
0.799341 0.354403 -0.860655
0.843339 0.461059 -0.563487
0.944707 0.60433 -0.206914
0.978555 0.661508 0.0255106
0.959892 0.697767 0.234201
0.961639 0.690011 0.526969
0.923139 0.684816 0.85701
0.817392 0.531247 1.14113
0.782246 0.446729 1.36427
0.73867 0.383847 1.68644
0.765746 0.483415 -0.741477
0.87981 0.610304 -0.461729
0.814301 0.748862 -0.198188
0.881128 0.804087 0.0758125
0.847214 0.825495 0.360024
0.811428 0.824858 0.566609
0.798888 0.821951 0.782428
0.882526 0.690156 1.06749
0.833964 0.610866 1.32609
0.813235 0.475962 1.5478
0.889831 0.15001 -0.59686
0.907105 0.15001 -0.313053
0.870437 0.15001 -0.125438
0.880113 0.15001 0.0552227
0.855183 0.15001 0.251475
0.856028 0.15001 0.462711
0.863354 0.15001 0.666897
0.880661 0.15001 0.850469
1.00731 0.15001 1.22433
1.04933 0.15001 2.04249
1.0275 0.15001 -1.45387
1.0111 0.15001 -0.44992
1.03118 0.15001 -0.18376
1.00664 0.167258 0.177667
0.983154 0.200744 0.359179
0.989701 0.194735 0.552523
1.01648 0.165559 0.736779
0.948438 0.159197 1.00475
1.16437 0.15001 1.68928
1.14277 0.15001 2.46912
0.950329 0.15001 -1.17046
0.837017 0.312981 -0.309028
0.840771 0.307409 -0.0765895
0.901139 0.320771 0.0835238
0.875606 0.32598 0.267977
0.872501 0.330959 0.453309
0.884522 0.326887 0.656707
0.877274 0.318321 0.850809
0.848987 0.271127 1.10357
1.20175 0.15001 2.22269
1.23757 0.15001 -1.50006
0.952557 0.317024 -0.439112
0.998026 0.309115 -0.228382
1.01558 0.391112 0.19032
1.00769 0.407179 0.369763
0.998989 0.41394 0.553507
1.00466 0.41266 0.752728
0.969177 0.362399 0.992219
1.45949 0.15001 1.69788
1.34493 0.15001 2.40725
1.02707 0.15001 -0.964836
0.90838 0.463175 -0.351091
0.946081 0.434465 -0.149193
1.01489 0.226869 -0.0356877
0.918682 0.520542 0.273229
0.903435 0.532542 0.462179
0.888534 0.519301 0.665829
0.883095 0.491108 0.877843
1.16723 0.15001 1.43063
1.1791 0.15001 1.90153
1.16678 0.15001 -1.31275
1.34925 0.15001 -0.750763
1.49428 0.187891 -0.267593
1.45886 0.201056 0.135462
1.44687 0.221668 0.391905
1.43511 0.206126 0.640027
1.42218 0.207976 0.982747
1.38251 0.176202 1.30673
1.30729 0.21529 1.78085
1.39519 0.169065 2.21312
1.05898 0.273709 -1.09717
1.16726 0.151362 -0.670369
1.32352 0.266617 -0.308745
1.34058 0.306087 -0.040184
1.34732 0.305135 0.250972
1.31712 0.306105 0.517281
1.31278 0.28482 0.808486
1.29073 0.258943 1.12373
1.23051 0.246292 1.55316
1.23248 0.246277 2.05606
1.21331 0.170165 -0.925656
1.20993 0.256683 -0.505132
1.20524 0.364175 -0.213655
1.25608 0.36362 0.121145
1.2461 0.384717 0.374637
1.24156 0.396989 0.646911
1.2119 0.364191 0.929961
1.11439 0.321502 1.18642
1.20584 0.285121 1.34652
1.12461 0.298939 1.82642
1.1096 0.261738 -0.810676
1.09421 0.379046 -0.543831
1.1665 0.506511 -0.118021
1.29636 0.49225 0.0118748
1.24082 0.499842 0.231884
1.1626 0.490454 0.505094
1.1799 0.486771 0.798467
1.15187 0.45675 1.07363
1.05802 0.388927 1.36335
1.07258 0.333025 1.59116
1.0487 0.411703 -0.7327
1.0674 0.538045 -0.464384
1.11755 0.664081 -0.188585
1.18339 0.642228 0.0410616
1.1819 0.670526 0.251492
1.15928 0.667245 0.55623
1.1278 0.660049 0.85225
1.09932 0.630338 1.12228
1.05873 0.535084 1.2731
1.0392 0.494776 1.52513
1.1923 0.15001 -1.11331
1.33812 0.15001 -0.521524
1.3331 0.15001 -0.179656
1.34014 0.15001 0.0104209
1.34256 0.15001 0.260452
1.32435 0.15001 0.504254
1.28314 0.15001 0.718835
1.26723 0.15001 0.920752
1.20904 0.15001 1.2299
1.38848 0.15001 2.00493
1.54841 0.15001 -1.4886
1.54811 0.15001 -0.814982
1.64891 0.15001 -0.370761
1.73829 0.15001 0.155989
1.74374 0.15001 0.386504
1.67349 0.15001 0.680337
1.70228 0.15001 0.939762
1.79291 0.15001 1.14368
1.59894 0.15001 1.38659
1.5947 0.15001 2.38687
1.55392 0.15001 -1.1987
1.11284 0.233988 -0.322784
1.168 0.237329 -0.109827
1.12451 0.257326 0.0952234
1.12068 0.278009 0.276528
1.1085 0.285962 0.458546
1.10249 0.289692 0.645373
1.07041 0.278487 0.855616
1.11487 0.216477 1.02162
1.58106 0.15001 2.15557
1.85699 0.15001 -1.45095
1.77509 0.15001 -0.963844
1.98416 0.15001 -0.427978
1.93615 0.15001 0.0918715
1.94248 0.15001 0.287741
1.8721 0.15001 0.57718
1.96857 0.15001 0.898452
1.99877 0.15001 1.33129
1.65861 0.15001 1.69188
1.85436 0.15001 2.40458
1.39534 0.15001 -0.965654
1.61124 0.15001 -0.62274
1.63114 0.15001 -0.149499
1.60041 0.15001 0.0462965
1.57175 0.15001 0.268783
1.57598 0.15001 0.504526
1.51263 0.15001 0.80601
1.56588 0.15001 1.05394
1.3992 0.15001 1.49551
1.58692 0.15001 1.87586
1.68756 0.174957 -1.34417
1.74742 0.15001 -0.758258
1.79976 0.15001 -0.490278
2.03755 0.200175 -0.0552432
1.95209 0.242141 0.449646
1.90043 0.211691 0.73962
1.85566 0.240848 1.00391
1.79789 0.151823 1.33491
1.85418 0.153646 1.71439
1.77679 0.15001 2.21113
1.37385 0.195139 -1.14687
1.50688 0.188355 -0.479198
1.78789 0.188326 -0.236724
1.7848 0.214737 -0.00568076
1.79997 0.25949 0.267261
1.7398 0.250695 0.524561
1.71969 0.274912 0.83335
1.62875 0.183391 1.21485
1.57339 0.214214 1.54669
1.61673 0.264748 2.01305
1.5861 0.199223 -0.991864
1.48032 0.259155 -0.683881
1.63158 0.303484 -0.311543
1.59118 0.285887 -0.0440466
1.60963 0.29837 0.314722
1.58163 0.303499 0.5989
1.52626 0.309008 0.867419
1.48717 0.284105 1.15125
1.4265 0.307871 1.45568
1.51144 0.292712 1.80077
1.39582 0.299861 -0.876523
1.44098 0.347768 -0.444431
1.47908 0.338273 -0.167017
1.46945 0.361534 0.0860147
1.47104 0.406378 0.302954
1.44378 0.420738 0.502193
1.42043 0.395061 0.728401
1.3791 0.371426 1.00357
1.35662 0.349999 1.27593
1.36105 0.328015 1.6445
1.28891 0.308165 -0.70404
1.26555 0.417087 -0.448394
1.35575 0.463882 -0.204303
1.49196 0.529245 0.0595104
1.40816 0.569073 0.312681
1.33622 0.557227 0.569144
1.36736 0.539968 0.824444
1.34077 0.524638 1.07909
1.26159 0.49357 1.325
1.282 0.440675 1.51519
1.81291 0.15001 -1.1884
2.1773 0.15001 -0.40078
2.00263 0.15001 -0.2302
2.20847 0.15001 -0.0103965
2.11853 0.15001 0.193629
2.10902 0.15001 0.417958
2.07722 0.15001 0.661636
2.18814 0.15001 1.01361
2.1929 0.15001 1.2679
1.77744 0.15001 2.00376
2.45464 0.15001 -1.33056
2.34356 0.15001 -0.627332
2.65874 0.15001 -0.209964
2.70878 0.15001 0.0303703
2.68164 0.15001 0.241753
2.68125 0.15001 0.469407
2.56788 0.15001 0.814632
2.57632 0.15001 1.14443
2.50203 0.15001 1.57889
2.06423 0.15001 2.47124
2.17729 0.15001 -1.10961
2.04515 0.15001 -0.843247
2.44969 0.15001 -0.256386
2.51146 0.15001 0.0429832
2.47337 0.15001 0.235244
2.45018 0.15001 0.511798
2.33412 0.15001 0.819245
2.36238 0.15001 1.1282
2.31358 0.15001 1.49063
2.29035 0.15001 2.14945
2.51319 0.15001 -1.51625
2.44137 0.15001 -0.966372
2.55671 0.15001 -0.455909
2.82844 0.15001 -0.0869086
2.84999 0.15001 0.372437
2.71775 0.15001 0.67044
2.64134 0.209183 0.974546
2.53909 0.15001 1.35092
2.37877 0.15001 1.89907
2.33006 0.15001 2.36633
2.09365 0.15001 -1.47434
2.04074 0.15001 -0.619377
2.24433 0.15001 -0.20896
2.33013 0.192596 0.122531
2.27827 0.15001 0.312398
2.25247 0.15001 0.545416
2.14206 0.198944 0.832852
2.02075 0.150463 1.12573
1.9878 0.15001 1.56794
2.10522 0.15001 2.0531
2.01006 0.15001 -1.27706
2.25239 0.153203 -0.872422
2.36429 0.176245 -0.429017
2.40436 0.228306 -0.0914745
2.54331 0.240661 0.378582
2.4506 0.212529 0.686415
2.41628 0.22931 0.966304
2.36416 0.21522 1.31342
2.25653 0.15001 1.70991
2.25398 0.321073 2.14229
2.24167 0.152371 -1.32315
2.14209 0.274184 -0.532539
2.12292 0.284788 -0.241932
2.13798 0.294604 0.0967225
2.3225 0.296812 0.40417
2.2857 0.30096 0.622278
2.29828 0.316636 0.820316
2.16911 0.300743 1.17664
2.13577 0.213409 1.47218
2.0727 0.265553 1.91396
1.9708 0.150776 -1.05016
1.88729 0.238721 -0.664989
1.93141 0.296594 -0.347899
2.0086 0.376357 -0.0387119
2.06044 0.290375 0.294851
2.01771 0.309571 0.618585
1.9828 0.321614 0.87611
1.89608 0.282365 1.20439
1.8553 0.250082 1.49401
1.86013 0.26746 1.89279
1.82395 0.315548 -0.938105
1.71608 0.279772 -0.579289
1.85778 0.345377 -0.171466
1.85449 0.343667 0.116994
1.87407 0.387934 0.355329
1.82691 0.404976 0.530607
1.75529 0.366263 0.691981
1.67866 0.296514 1.041
1.67235 0.300886 1.36381
1.69285 0.31548 1.68389
1.65178 0.297324 -0.802201
1.6373 0.399897 -0.468977
1.67658 0.432559 -0.199845
1.67885 0.406443 0.0458135
1.68858 0.447813 0.29709
1.6375 0.462729 0.53735
1.60487 0.448742 0.78302
1.5556 0.42923 1.04937
1.53293 0.404122 1.30856
1.55301 0.388538 1.57224
-3 0 -3
-3 0 3
-3 1 -3
-3 1 3
-3 2 -3
-3 2 3
-3 3 -3
-3 3 3
-3 4 -3
-3 4 3
-3 5 -3
-3 5 3
-3 6 -3
-3 6 3
-2 0 -3
-2 0 3
-2 1 -3
-2 1 3
-2 2 -3
-2 2 3
-2 3 -3
-2 3 3
-2 4 -3
-2 4 3
-2 5 -3
-2 5 3
-2 6 -3
-2 6 3
-1 0 -3
-1 0 3
-1 1 -3
-1 1 3
-1 2 -3
-1 2 3
-1 3 -3
-1 3 3
-1 4 -3
-1 4 3
-1 5 -3
-1 5 3
-1 6 -3
-1 6 3
0 0 -3
0 0 3
0 1 -3
0 1 3
0 2 -3
0 2 3
0 3 -3
0 3 3
0 4 -3
0 4 3
0 5 -3
0 5 3
0 6 -3
0 6 3
1 0 -3
1 0 3
1 1 -3
1 1 3
1 2 -3
1 2 3
1 3 -3
1 3 3
1 4 -3
1 4 3
1 5 -3
1 5 3
1 6 -3
1 6 3
2 0 -3
2 0 3
2 1 -3
2 1 3
2 2 -3
2 2 3
2 3 -3
2 3 3
2 4 -3
2 4 3
2 5 -3
2 5 3
2 6 -3
2 6 3
-3 0 -3
-3 7 -3
-3 0 -2
-3 7 -2
-3 0 -1
-3 7 -1
-3 0 0
-3 7 0
-3 0 1
-3 7 1
-3 0 2
-3 7 2
-2 0 -3
-2 7 -3
-2 0 -2
-2 7 -2
-2 0 -1
-2 7 -1
-2 0 0
-2 7 0
-2 0 1
-2 7 1
-2 0 2
-2 7 2
-1 0 -3
-1 7 -3
-1 0 -2
-1 7 -2
-1 0 -1
-1 7 -1
-1 0 0
-1 7 0
-1 0 1
-1 7 1
-1 0 2
-1 7 2
0 0 -3
0 7 -3
0 0 -2
0 7 -2
0 0 -1
0 7 -1
0 0 0
0 7 0
0 0 1
0 7 1
0 0 2
0 7 2
1 0 -3
1 7 -3
1 0 -2
1 7 -2
1 0 -1
1 7 -1
1 0 0
1 7 0
1 0 1
1 7 1
1 0 2
1 7 2
2 0 -3
2 7 -3
2 0 -2
2 7 -2
2 0 -1
2 7 -1
2 0 0
2 7 0
2 0 1
2 7 1
2 0 2
2 7 2
-3 0 -3
3 0 -3
-3 0 -2
3 0 -2
-3 0 -1
3 0 -1
-3 0 0
3 0 0
-3 0 1
3 0 1
-3 0 2
3 0 2
-3 1 -3
3 1 -3
-3 1 -2
3 1 -2
-3 1 -1
3 1 -1
-3 1 0
3 1 0
-3 1 1
3 1 1
-3 1 2
3 1 2
-3 2 -3
3 2 -3
-3 2 -2
3 2 -2
-3 2 -1
3 2 -1
-3 2 0
3 2 0
-3 2 1
3 2 1
-3 2 2
3 2 2
-3 3 -3
3 3 -3
-3 3 -2
3 3 -2
-3 3 -1
3 3 -1
-3 3 0
3 3 0
-3 3 1
3 3 1
-3 3 2
3 3 2
-3 4 -3
3 4 -3
-3 4 -2
3 4 -2
-3 4 -1
3 4 -1
-3 4 0
3 4 0
-3 4 1
3 4 1
-3 4 2
3 4 2
-3 5 -3
3 5 -3
-3 5 -2
3 5 -2
-3 5 -1
3 5 -1
-3 5 0
3 5 0
-3 5 1
3 5 1
-3 5 2
3 5 2
-3 6 -3
3 6 -3
-3 6 -2
3 6 -2
-3 6 -1
3 6 -1
-3 6 0
3 6 0
-3 6 1
3 6 1
-3 6 2
3 6 2
