1240 0.1
-1.82139 0.15001 -1.99767
-2.22585 0.15001 -1.35019
-2.40067 0.15001 -1.0658
-2.19455 0.15001 -0.00394473
-2.39954 0.15001 0.304456
-2.09724 0.15001 0.820857
-2.46734 0.15001 1.18898
-2.54821 0.15001 1.59547
-2.40436 0.15001 1.95432
-2.59856 0.15001 2.56555
-2.44643 0.15001 -2.33422
-2.54944 0.15001 -1.54493
-2.56429 0.15001 -1.16614
-2.69817 0.15001 -0.200782
-2.84999 0.15001 0.469334
-2.8496 0.15001 0.757871
-2.84999 0.15001 1.17997
-2.84999 0.15001 1.80057
-2.84999 0.15001 2.30147
-2.84999 0.15001 2.84999
-2.30711 0.15001 -2.20841
-0.628889 0.15001 -0.290862
-0.68397 0.15001 -0.116665
-2.50703 0.15001 -0.225832
-2.58373 0.15001 -0.0398358
-2.59036 0.15001 0.759194
-0.674218 0.207208 0.672754
-0.620957 0.164516 0.895415
-2.68021 0.15001 2.204
-2.28517 0.15001 2.67175
-2.62437 0.15001 -2.27643
-2.37062 0.15001 -1.83598
-2.5563 0.15001 -1.35664
-2.62722 0.15001 -0.379768
-2.84891 0.15001 0.278646
-2.84999 0.15001 0.986154
-2.84999 0.15001 1.37117
-2.73051 0.15001 1.94419
-2.84999 0.15001 2.50501
-2.65557 0.15001 2.84999
-2.19367 0.15001 -1.91346
-2.22133 0.15001 -1.72514
-2.39705 0.15001 -1.25559
-2.12369 0.15001 -0.188388
-2.38823 0.15001 0.0477352
-2.35383 0.15001 0.520254
-2.65937 0.15001 1.14292
-2.67409 0.15001 1.7446
-2.40236 0.15001 2.15218
-2.75969 0.15001 2.6769
-2.48567 0.15001 -2.15029
-2.38575 0.15001 -1.6385
-2.38797 0.15001 -1.44745
-2.56798 0.15001 -0.977036
-2.71449 0.15001 0.604353
-2.65877 0.15001 0.94144
-2.84972 0.15001 1.60794
-2.84999 0.15001 2.10061
-2.68684 0.15001 2.40081
-2.36656 0.15001 2.84999
-2.34577 0.15001 -2.02404
-2.21802 0.15001 -1.53782
-2.23471 0.15001 -1.1601
-2.32547 0.15001 -0.149987
-2.55447 0.15001 0.163736
-2.54147 0.15001 0.527548
-2.69163 0.15001 1.47277
-2.56962 0.15001 2.0472
-2.51533 0.15001 2.31573
-2.41134 0.15001 2.51177
-2.008 0.15001 -1.97349
-1.97306 0.15001 -1.62218
-2.06828 0.15001 -1.25033
-1.92793 0.15001 -0.219376
-2.23316 0.15001 0.192432
-2.39495 0.15001 0.720084
-2.49722 0.15001 1.39731
-2.48744 0.15001 1.78283
-2.23524 0.15001 2.0342
-2.50709 0.15001 2.72845
-1.86744 0.15001 -1.81691
-1.85577 0.15001 -1.47502
-1.94308 0.15001 -1.11037
-2.04443 0.15001 0.122972
-2.02926 0.15001 0.321333
-2.18031 0.15001 0.617033
-2.24361 0.15001 1.4597
-2.29507 0.15001 1.79562
-1.94083 0.15001 2.2136
-2.32337 0.15001 2.33171
-1.78466 0.15001 -1.64946
-1.8866 0.15001 -1.29025
-1.55619 0.15001 -0.28881
-1.72945 0.15001 0.0587922
-1.65423 0.15001 0.251255
-1.73257 0.15001 0.636627
-1.75244 0.15001 1.03597
-2.05092 0.15001 1.67652
-1.93387 0.15001 1.87215
-2.06414 0.15001 2.36884
-0.442995 0.15001 -2.37254
-0.487493 0.15001 -0.409492
-0.56419 0.15001 0.0194761
-1.0452 0.15001 0.196354
-0.513975 0.15001 0.363119
-0.32282 0.15001 0.582318
-0.325657 0.15001 0.760259
-0.426977 0.15001 1.08623
-1.44212 0.15001 1.83952
-1.56226 0.15001 2.68609
-0.683466 0.15001 -2.84999
-0.603177 0.15001 -0.549779
-0.450236 0.15001 -0.204304
-1.66426 0.15001 -0.12342
-1.46577 0.15001 0.747
-0.523865 0.15001 0.553375
-0.506067 0.15001 0.74467
-0.610724 0.15001 1.09166
-2.04395 0.15001 2.04398
-1.85746 0.15001 2.84999
-0.396949 0.150008 -0.577365
-0.307793 0.167647 -0.380638
-0.364568 0.201317 -0.046252
-0.423146 0.15001 0.184054
-0.322713 0.265954 0.310005
-0.393589 0.255316 0.47055
-0.391451 0.307706 0.665923
-0.390306 0.305235 0.862572
-0.377948 0.282409 1.20831
-1.84443 0.15001 2.64915
-0.791931 0.15001 -2.69738
-0.509734 0.308432 -0.537077
-0.51698 0.30978 -0.302923
-0.554723 0.295787 -0.115417
-1.86137 0.15001 0.202179
-0.562373 0.339574 0.574062
-0.558481 0.339267 0.780866
-0.499628 0.318789 1.02132
-2.21233 0.15001 2.4912
-2.17686 0.15001 2.84999
-0.601075 0.15001 -2.68033
-0.37009 0.473302 -0.562996
-0.383143 0.351544 -0.174032
-1.90875 0.15001 -0.0206517
-1.33582 0.15001 0.578243
-0.645881 0.400574 0.369755
-0.494559 0.490539 0.67963
-0.38182 0.478926 1.06631
-1.73949 0.15001 2.3017
-1.71637 0.15001 2.5053
-1.93398 0.15001 -2.14695
-2.05019 0.15001 -1.79233
-2.04777 0.15001 -1.44093
-1.75133 0.15001 -0.302457
-2.20885 0.15001 0.39669
-2.28111 0.15001 1.26458
-2.35831 0.15001 1.61635
-2.12131 0.15001 1.85656
-2.16737 0.15001 2.21202
-2.01943 0.15001 2.74836
-1.46103 0.15001 -2.05521
-1.67621 0.15001 -1.80555
-1.70982 0.15001 -1.3548
-1.53336 0.15001 0.0720781
-1.5535 0.15001 0.5541
-1.75414 0.15001 0.829626
-2.03485 0.15001 1.47895
-1.73604 0.15001 1.8117
-1.83736 0.15001 2.04196
-2.02594 0.15001 2.559
-1.63569 0.15001 -1.98946
-1.64228 0.15001 -1.52936
-1.44884 0.15001 -0.450472
-1.46471 0.15001 -0.113808
-1.44787 0.15001 0.257477
-1.56886 0.15001 0.932202
-1.68897 0.15001 1.38881
-1.85736 0.15001 1.65063
-1.66703 0.15001 2.12763
-1.53131 0.15001 2.49199
-1.49311 0.15001 -1.86767
-1.52388 0.15001 -1.38285
-1.35622 0.15001 -0.277977
-1.32942 0.15001 0.0363871
-1.14582 0.15001 0.422008
-1.2571 0.15001 0.800442
-1.44158 0.15001 1.10923
-1.56899 0.15001 1.67611
-1.59658 0.15001 1.95284
-1.88546 0.15001 2.42173
-1.53308 0.15001 -1.68302
-1.3984 0.15001 -1.24479
-0.950686 0.15001 -0.397142
-1.12505 0.15001 0.00475431
-0.948924 0.159159 0.37177
-1.04863 0.15001 0.73646
-1.23111 0.15001 1.01236
-1.51703 0.15001 1.47754
-1.25853 0.15001 1.93165
-1.51661 0.15001 2.25749
0.0309683 0.15001 -2.05245
-0.199108 0.15001 -0.538925
-0.131494 0.15001 -0.0475006
-0.0478024 0.15001 0.135469
-0.19405 0.15001 0.264103
-0.0276846 0.15001 0.614441
-0.142177 0.15001 0.764085
-0.309128 0.15001 0.937225
-0.696366 0.15001 1.88904
-0.736178 0.15001 2.46591
-0.301012 0.15001 -2.84659
-0.105316 0.15001 -1.74447
-0.259649 0.15001 -0.201928
-0.252886 0.15001 0.0910967
-0.147587 0.173956 0.44281
-0.177485 0.248397 0.609529
-0.223744 0.320383 0.774819
-0.239425 0.15001 1.10383
-1.31166 0.15001 2.22689
-1.01464 0.15001 2.84916
-0.407453 0.15001 -2.687
-0.11936 0.150251 -0.340572
0.0128824 0.223738 -0.138073
-0.140377 0.291654 0.0764661
-0.097555 0.304724 0.26382
-0.104465 0.368864 0.477911
-0.092566 0.401645 0.660937
-0.114668 0.160862 0.943794
-0.15792 0.15001 1.26832
-1.22904 0.15001 2.84939
-0.494911 0.15001 -2.84999
-0.0883422 0.229837 -0.668836
-0.152953 0.286521 -0.160733
-0.326535 0.307367 0.136471
-0.22481 0.418958 0.348411
-0.271017 0.390892 0.542923
-0.272463 0.480979 0.904496
-0.28869 0.315424 1.02301
-1.18137 0.15001 2.49759
-1.43821 0.15001 2.84862
-0.25048 0.15001 -2.34826
-0.0544415 0.260316 -0.484126
-0.082187 0.413468 -0.0447779
-0.202055 0.444591 0.165125
-0.034488 0.474017 0.316795
-0.177945 0.556793 0.464695
-0.319146 0.473535 0.721423
-0.636224 0.15001 1.43496
-0.75437 0.15001 2.2644
-0.95874 0.15001 2.64249
-0.324753 0.15001 -2.51984
-1.31736 0.15001 -1.93671
-0.269296 0.15001 -0.743836
-0.836136 0.15001 0.190328
-0.916282 0.15001 0.570584
-0.479762 0.679766 0.617151
-0.800466 0.15001 1.04891
-1.42625 0.15001 2.06031
-1.35968 0.15001 2.41969
-1.66353 0.15001 2.84999
-0.172669 0.15001 -2.17105
-0.25196 0.15001 -1.62252
-0.210239 0.312012 -0.336815
-0.272495 0.35621 -0.0306768
-0.748751 0.15001 0.382856
-0.475232 0.396387 0.418322
-0.292231 0.7029 0.737536
-0.965961 0.15001 1.70823
-0.794254 0.15001 2.07061
-1.33858 0.15001 2.65821
-0.368859 0.15001 -2.19764
-0.247284 0.15001 -1.43092
-0.764397 0.15001 -0.442259
-0.829226 0.15001 -0.250614
-0.634121 0.15001 0.216039
-0.390386 0.521853 0.524793
-0.822196 0.15001 1.34718
-0.738631 0.15001 1.66958
-1.078 0.15001 2.04995
-0.949915 0.15001 2.42918
-0.123618 0.15001 -1.9422
-0.248869 0.15001 -1.23305
-0.373161 0.326736 -0.427743
-0.522166 0.303749 0.0720507
-0.504358 0.300582 0.253726
-0.173998 0.557267 0.683291
-0.42468 0.15001 1.3846
-0.888452 0.15001 1.5267
-0.580144 0.15001 2.0696
-1.12739 0.15001 2.2927
-0.0811471 0.15001 -1.53667
-0.252849 0.15001 -0.966359
-0.351447 0.464311 -0.313155
-0.742646 0.217706 0.0447728
-0.39019 0.457891 0.266827
-0.162742 0.357451 1.15368
-0.241158 0.292311 1.33736
-0.52304 0.15001 1.61046
-0.908335 0.15001 1.90405
-0.946088 0.15001 2.21603
0.0679513 0.15001 -2.49002
0.062801 0.15001 -0.57741
0.0676674 0.15001 -0.296647
0.161135 0.15001 -0.0634023
-0.00397606 0.15001 0.315718
0.0998346 0.15001 0.478909
0.0384939 0.15001 0.810206
0.0589308 0.15001 0.997543
0.24874 0.15001 1.44614
-0.350809 0.15001 2.62657
0.0828701 0.15001 -2.84953
0.380504 0.15001 -1.12833
0.194296 0.264022 -0.221664
0.149231 0.15001 0.128988
0.19746 0.15001 0.321586
0.152861 0.172117 0.653723
0.196243 0.24379 0.823918
0.225443 0.175639 1.06894
0.091484 0.15001 2.0728
-0.437711 0.15001 2.84999
-0.213433 0.15001 -2.67865
0.135032 0.259789 -0.421527
0.110706 0.37909 -0.106288
0.0468153 0.271221 0.0346505
0.0951725 0.290587 0.230793
0.0391698 0.301564 0.40252
0.0233543 0.322162 0.779159
0.0939667 0.316819 0.969428
0.0854714 0.15001 1.18671
-0.674253 0.15001 2.84999
-0.10819 0.15001 -2.84999
0.261908 0.15001 -1.88524
0.155667 0.431731 -0.315764
-0.0138447 0.409108 0.135685
0.163585 0.418812 0.352357
0.0589882 0.319425 0.585629
0.191167 0.422297 0.837757
0.218872 0.371862 1.14509
-0.345961 0.15001 2.41677
-0.0390063 0.15001 2.84999
-0.0587513 0.15001 -2.33257
0.0321796 0.15001 -1.36619
0.00311271 0.503383 -0.228378
-0.103963 0.575868 0.0880002
0.121644 0.593126 0.339053
0.0462728 0.483196 0.487184
0.0805336 0.470786 0.690896
-0.316938 0.15001 1.55308
-0.373631 0.15001 2.01815
-0.553895 0.15001 2.69482
-0.0139853 0.15001 -2.68092
0.313931 0.15001 -2.22793
0.266723 0.15001 -0.968313
0.185909 0.734331 -0.188437
-0.203713 0.603954 0.276929
-0.130969 0.335506 0.934966
-0.133068 0.15001 1.45107
-0.206786 0.15001 1.9094
-0.0496131 0.15001 2.44877
-0.239438 0.15001 2.80274
-0.121486 0.15001 -2.51309
0.0557013 0.15001 -1.86082
-0.017283 0.308327 -0.304633
-0.213498 0.448045 -0.182949
0.0952235 0.541116 0.14759
-0.0427014 0.608688 0.578528
-0.0714862 0.199512 1.11915
-0.504312 0.15001 1.82361
-0.420057 0.15001 2.21116
-0.755981 0.15001 2.66675
0.112895 0.15001 -2.2492
0.232059 0.15001 -1.38054
-0.248375 0.313171 -0.573515
0.0459328 0.532893 -0.0480117
-0.0271778 0.642451 0.24403
0.0346177 0.339341 1.17111
0.0248855 0.15001 1.56122
-0.109292 0.15001 1.74559
-0.159909 0.15001 2.09419
-0.510767 0.161104 2.51329
0.22027 0.15001 -2.06824
0.153025 0.15001 -1.19448
-0.110717 0.422087 -0.449848
-0.417124 0.449363 0.0724188
0.2362 0.649203 0.194347
-0.000502413 0.454198 0.905712
-0.15484 0.246939 1.60123
-0.318288 0.15001 1.74917
0.0077565 0.15001 1.89715
-0.572521 0.15001 2.33446
0.182075 0.15001 -1.70849
0.087654 0.15001 -0.893085
-0.170369 0.542889 -0.331377
-0.0137576 0.69984 -0.00668578
0.0292287 0.706128 0.442088
-0.0242764 0.58859 0.788926
0.0865693 0.15001 1.37374
0.0655213 0.222019 1.73421
-0.0419988 0.273031 2.02377
-0.224839 0.15001 2.27063
0.624386 0.15001 -1.99191
0.254657 0.15001 -0.559542
0.267449 0.15001 -0.346962
0.343142 0.15001 -0.0911823
0.331189 0.15001 0.164366
0.297374 0.15001 0.52097
0.319136 0.15001 0.719898
0.321686 0.15001 0.914866
0.416917 0.15001 1.5087
0.181569 0.15001 2.54198
0.261571 0.15001 -2.78551
0.418133 0.15001 -0.457828
0.410173 0.229428 -0.238176
0.402338 0.300073 0.103803
0.391742 0.152524 0.353702
0.399703 0.274672 0.609783
0.394471 0.288354 0.812576
0.41151 0.177806 1.08032
0.487034 0.15001 1.96658
0.188889 0.15001 2.84999
0.232948 0.15001 -2.5907
0.302512 0.329515 -0.376558
0.282107 0.313879 -0.0676132
0.217809 0.312594 0.0971745
0.293147 0.295244 0.269225
0.216231 0.302807 0.482265
0.237332 0.353165 0.664671
0.296951 0.337636 0.972366
0.268819 0.230185 1.24428
0.0279363 0.15001 2.6695
0.453259 0.15001 -2.84999
0.350987 0.336515 -0.562501
0.359905 0.410455 -0.197741
0.399282 0.440545 -0.0146826
0.351541 0.399054 0.404902
0.398112 0.453052 0.574676
0.379973 0.473606 0.858206
0.404734 0.389571 1.13205
0.373671 0.15001 2.33577
0.420507 0.15001 2.84999
0.405261 0.15001 -2.4769
0.173915 0.311237 -0.616083
0.20425 0.540885 -0.170758
0.213333 0.477189 0.0185505
0.246645 0.45786 0.202661
0.228805 0.493153 0.514979
0.277184 0.535147 0.71109
0.320709 0.54288 1.05492
0.261383 0.15001 2.18275
0.319753 0.15001 2.68597
0.410544 0.15001 -2.66161
0.615166 0.15001 -2.17492
0.245803 0.501017 -0.510383
0.395527 0.780363 -0.126699
0.302703 0.566334 0.345995
0.374523 0.631397 0.586946
0.376162 0.680764 0.865146
0.555662 0.15001 1.78328
0.416571 0.15001 2.52525
0.43187 0.291788 2.73161
0.235521 0.15001 -2.39789
0.379647 0.15001 -1.72332
0.0663895 0.405466 -0.505677
0.331886 0.599298 -0.0528099
0.37913 0.542354 0.127341
0.137654 0.620651 0.620806
-0.0381824 0.265341 1.32986
0.213373 0.15001 1.82325
-0.0280256 0.15001 2.25397
-0.15656 0.15001 2.61451
0.487551 0.15001 -2.30867
0.680795 0.15001 -1.6886
0.334222 0.507891 -0.34635
0.726496 0.56362 0.0415292
0.230345 0.673444 0.471751
0.135334 0.480714 1.03114
0.648438 0.15001 1.26337
0.577471 0.15001 1.5933
0.456572 0.15001 2.1545
0.17391 0.261227 2.69649
0.440648 0.15001 -2.07904
0.433501 0.15001 -1.40326
0.513284 0.593592 -0.368512
0.170465 0.655277 0.0114466
0.408327 0.717099 0.0770862
0.162089 0.593013 0.873725
0.407462 0.15001 1.32126
0.207624 0.15001 1.63056
0.2857 0.15001 1.9976
0.166162 0.15001 2.35563
0.543531 0.15001 -1.82419
0.582193 0.15001 -1.07582
0.871465 0.434418 -0.635728
0.636361 0.715196 0.0856995
0.433237 0.666434 0.264882
0.312188 0.792428 0.622663
0.547748 0.231868 1.40435
0.389214 0.15001 1.69001
0.379061 0.235678 1.85017
0.116497 0.264472 2.21729
0.712938 0.15001 -2.33721
0.577421 0.15001 -0.345585
0.555516 0.15001 -0.143779
0.479656 0.15001 0.0275116
0.518773 0.15001 0.209707
0.494541 0.15001 0.511707
0.504784 0.15001 0.717504
0.508946 0.15001 0.912492
0.702563 0.15001 1.44422
0.65998 0.15001 2.46598
0.593918 0.15001 -2.69578
0.599296 0.151584 -0.537741
0.618178 0.293696 -0.231421
0.618087 0.246543 0.0903192
0.607825 0.196325 0.368763
0.596725 0.266463 0.609604
0.603877 0.277061 0.81167
0.602341 0.15001 1.07913
1.02822 0.15001 2.00479
0.633225 0.15001 2.84999
0.432423 0.182568 -0.650524
0.485477 0.31578 -0.384503
0.505601 0.310762 -0.0719396
0.532878 0.419173 0.116338
0.484347 0.30976 0.277442
0.511262 0.33334 0.460569
0.503245 0.396945 0.713542
0.495537 0.34338 0.967048
0.509639 0.264788 1.21605
0.537329 0.15001 2.68174
0.696332 0.15001 -2.84999
0.539668 0.332341 -0.57136
0.534432 0.448207 -0.258444
0.614732 0.468348 -0.0855393
0.613592 0.476143 0.376963
0.587631 0.472631 0.565371
0.604655 0.464595 0.857583
0.59237 0.457479 1.10423
0.801959 0.15001 2.29806
0.833621 0.15001 2.84999
0.752003 0.15001 -2.57437
0.451968 0.476374 -0.489802
0.45758 0.595283 -0.181399
0.518268 0.588304 0.00843538
0.452209 0.482806 0.279911
0.469863 0.57994 0.43794
0.48222 0.580601 0.738362
0.496827 0.566363 0.981863
0.642677 0.15001 2.06377
0.744139 0.15001 2.66129
0.842716 0.15001 -2.73531
0.972691 0.15001 -2.10077
0.659914 0.606113 -0.242544
0.589868 0.723886 -0.107338
0.635714 0.676098 0.345087
0.559718 0.656598 0.589171
0.604794 0.671277 0.860804
0.91563 0.15001 1.85707
0.991893 0.15001 2.33222
0.936719 0.15001 2.68512
0.593649 0.15001 -2.47952
0.851532 0.15001 -1.78972
0.645199 0.15001 -0.807975
1.07157 0.432712 0.0327889
0.575992 0.574494 0.187702
0.460552 0.776628 0.432142
0.503989 0.787246 0.733065
0.749819 0.15001 1.6563
0.604456 0.15001 2.2808
0.625942 0.278461 2.58795
0.930634 0.15001 -2.38723
1.01603 0.15001 -1.6763
0.989492 0.15001 -1.02419
1.32068 0.176779 -0.492857
1.28343 0.317013 -0.0216847
0.747413 0.709262 0.657527
1.17191 0.15001 1.2165
0.945933 0.15001 1.67391
0.829801 0.15001 2.0252
0.849075 0.15001 2.48423
0.807264 0.15001 -2.17804
0.848253 0.15001 -1.58212
0.924549 0.15001 -0.843007
1.10792 0.284582 -0.100215
0.895078 0.615784 0.12593
0.656766 0.773962 0.498868
0.836855 0.15001 1.29557
0.87493 0.15001 1.49829
0.719624 0.15001 1.87332
0.516259 0.252114 2.40745
0.821349 0.15001 -1.98145
0.810963 0.15001 -1.10574
0.965885 0.308455 -0.257597
1.02931 0.441328 -0.153566
1.45052 0.288602 0.199881
1.347 0.286069 0.791009
1.00652 0.217664 1.22686
1.03004 0.251166 1.53624
0.822006 0.274138 1.76747
0.719291 0.264456 2.18176
1.03191 0.15001 -1.48841
0.760546 0.15001 -0.431318
0.744843 0.15001 -0.169405
0.78749 0.15001 0.0187576
0.711675 0.15001 0.219781
0.708998 0.15001 0.514454
0.708182 0.15001 0.708993
0.705082 0.15001 0.905787
1.0282 0.15001 1.38729
1.04333 0.15001 2.51303
0.987594 0.15001 -2.84999
0.797409 0.169777 -0.612318
0.792857 0.277175 -0.283836
0.815146 0.276193 0.149456
0.805354 0.238058 0.357945
0.824218 0.268267 0.615129
0.804784 0.278074 0.812115
0.789743 0.182484 1.07166
1.30173 0.15001 2.05677
1.04364 0.15001 2.84999
0.955496 0.15001 -2.58401
0.665544 0.304681 -0.418275
0.706746 0.301755 -0.0678178
0.708749 0.4007 0.0873488
0.674645 0.342925 0.262305
0.710428 0.348473 0.483159
0.705207 0.384784 0.692726
0.690722 0.331595 0.972659
0.684397 0.311601 1.1757
1.1599 0.15001 2.68145
1.1758 0.15001 -2.84999
0.721724 0.342464 -0.592912
0.759892 0.441475 -0.200882
0.87948 0.443811 0.164632
0.831417 0.444112 0.374762
0.849593 0.46218 0.591206
0.819693 0.46959 0.822838
0.835059 0.423098 1.05255
1.17637 0.15001 2.37498
1.24683 0.15001 2.84999
1.15445 0.15001 -2.32443
0.666466 0.489481 -0.404346
0.859755 0.436235 -0.0303987
0.805716 0.617514 -0.113951
0.738788 0.537185 0.244935
0.730147 0.581782 0.496663
0.677093 0.559734 0.715708
0.719337 0.56088 0.980502
1.11641 0.15001 1.82561
1.28175 0.15001 2.52743
1.11987 0.15001 -2.67971
1.35476 0.15001 -2.21608
0.837353 0.568069 -0.324716
1.55072 0.15001 -0.488806
0.853964 0.642412 0.352286
0.89899 0.684331 0.557599
0.84192 0.664057 0.84143
1.35059 0.15001 1.82498
1.31095 0.15001 2.23765
1.3611 0.15001 2.69994
1.1361 0.15001 -2.50071
1.13524 0.15001 -1.81174
1.04468 0.15001 -0.215027
1.43377 0.301632 -0.22878
1.2159 0.15001 -0.0324976
0.822446 0.818247 0.427319
0.72308 0.825091 0.835714
1.13949 0.15001 1.63716
1.12695 0.15001 2.17535
1.04836 0.288635 2.63288
1.3251 0.15001 -2.41981
1.3092 0.15001 -1.89011
1.56784 0.15001 -1.12857
1.57909 0.15001 -0.0845146
1.52509 0.15001 0.307664
1.45852 0.15001 0.758302
1.48793 0.15001 1.13736
1.39319 0.15001 1.45453
1.22487 0.251816 1.93127
1.19771 0.295283 2.26389
1.18081 0.15001 -2.14984
1.23855 0.15001 -1.65324
1.42704 0.15001 -0.925666
1.56904 0.15001 -0.27687
1.44198 0.15001 0.0823262
1.40541 0.15001 0.500336
1.3141 0.15001 1.07136
1.20424 0.15001 1.44976
1.02047 0.29499 1.88262
0.936015 0.200478 2.16513
1.11498 0.15001 -1.98652
1.42166 0.15001 -1.38627
1.28344 0.15001 -0.783606
1.47187 0.288743 -0.0348324
1.35054 0.15001 0.277261
1.29465 0.15001 0.664782
1.26693 0.15001 0.884715
1.34328 0.15001 1.2724
1.23581 0.269423 1.73705
1.10027 0.300283 2.07709
1.2224 0.15001 -1.42187
0.963133 0.15001 -0.526884
0.921242 0.15001 -0.3454
1.02009 0.15001 -0.0238772
0.920221 0.15001 0.21771
0.894499 0.15001 0.496507
0.923625 0.15001 0.726718
1.02617 0.15001 0.896179
1.33143 0.15001 1.63088
1.47657 0.15001 2.55054
1.36046 0.15001 -2.84999
1.12222 0.150243 -0.620863
1.22338 0.150043 -0.219141
1.09668 0.15001 0.15843
1.02583 0.170629 0.372801
1.06264 0.183018 0.571666
1.12439 0.15001 0.74436
0.971069 0.15001 1.06838
1.60332 0.15001 2.31528
1.47822 0.15001 2.84999
1.30473 0.15001 -2.61432
0.851868 0.385086 -0.423777
0.890501 0.258653 -0.0983665
0.98446 0.286943 0.0883148
0.959282 0.328473 0.284382
0.949853 0.334512 0.48099
0.977274 0.335936 0.705273
0.957899 0.328849 0.907025
0.862742 0.328369 1.21318
1.59131 0.15001 2.69274
1.59987 0.15001 -2.84999
0.997966 0.328772 -0.563344
1.07639 0.319582 -0.394484
1.13149 0.361693 0.199966
1.10927 0.407727 0.391123
1.08828 0.446819 0.588822
1.08675 0.465454 0.805176
1.02539 0.376722 1.08341
1.98507 0.15001 2.34093
1.68861 0.15001 2.84999
1.50241 0.15001 -2.33646
1.00898 0.504537 -0.400501
1.42729 0.15001 -0.653789
1.38924 0.15001 -0.122009
1.01185 0.536486 0.271134
0.982236 0.543228 0.463566
0.959764 0.571403 0.707595
0.960452 0.529414 0.948211
1.63023 0.15001 2.01913
1.66879 0.15001 2.51079
1.4738 0.15001 -2.70756
1.80452 0.15001 -2.22384
2.04439 0.15001 -1.37566
2.08862 0.15001 -0.262607
2.05153 0.15001 0.237864
2.02743 0.15001 0.624951
1.99205 0.15001 1.28088
1.92838 0.15001 1.90354
1.78802 0.15001 2.36095
1.88291 0.15001 2.84999
1.4989 0.15001 -2.52337
1.58201 0.15001 -1.91624
1.83909 0.15001 -1.37955
1.9723 0.15001 -0.847484
1.94454 0.15001 -0.141874
1.86232 0.15001 0.521584
1.79323 0.15001 0.925384
1.82682 0.15001 1.4214
1.73744 0.15001 2.17574
1.78575 0.15001 2.67622
1.68417 0.15001 -2.43712
1.63096 0.15001 -1.70393
1.74994 0.15001 -1.19127
1.75404 0.15001 -0.31053
1.70407 0.15001 0.270018
1.60781 0.15001 0.648533
1.66048 0.15001 1.06065
1.5831 0.15001 1.48814
1.74207 0.15001 1.86083
1.42502 0.15001 2.37716
1.60449 0.15001 -2.17782
1.43952 0.15001 -1.7445
1.75783 0.15001 -0.795541
1.8996 0.15001 -0.663278
1.76246 0.15001 -0.105754
1.60958 0.15001 0.465689
1.6297 0.15001 0.842828
1.70086 0.15001 1.26492
1.55777 0.15001 1.81464
1.48872 0.15001 2.15774
1.43302 0.15001 -2.04038
1.61748 0.15001 -1.34044
1.63746 0.15001 -0.950419
1.74399 0.15001 -0.53844
1.62951 0.15001 0.0971971
1.73579 0.274919 0.493981
1.47131 0.15001 0.950256
1.52395 0.162332 1.31593
1.50301 0.214484 1.64935
1.45903 0.193258 1.96984
1.65432 0.15001 -2.648
1.76677 0.15001 -1.84632
1.84135 0.15001 -1.01135
1.93253 0.15001 -0.371688
1.81508 0.15001 0.0818356
1.87923 0.15001 0.317503
1.77963 0.15001 0.720131
1.84743 0.15001 1.11787
1.6805 0.15001 1.64431
1.89301 0.15001 2.51556
1.96684 0.15001 -2.84999
2.01524 0.15001 -2.25254
2.14318 0.15001 -1.72595
2.3435 0.15001 -0.325326
2.37184 0.15001 0.230305
2.28176 0.15001 0.818558
2.18386 0.15001 1.23934
2.35368 0.15001 1.60107
2.12676 0.15001 1.92121
2.07889 0.15001 2.84999
2.01869 0.15001 -2.66286
1.14318 0.15001 -0.409947
1.38318 0.15001 -0.307714
1.26492 0.223644 0.138734
1.19102 0.225555 0.320926
1.21594 0.281763 0.502812
1.19287 0.323945 0.691252
1.15966 0.30891 0.882883
1.15054 0.236231 1.05376
1.98648 0.15001 2.6805
2.35386 0.15001 -2.84999
2.27502 0.15001 -2.47962
2.50829 0.15001 -1.85301
2.50412 0.15001 -0.60305
2.52158 0.15001 0.0717309
2.40724 0.15001 0.669742
2.36649 0.15001 1.19488
2.46943 0.15001 1.77438
2.20169 0.15001 2.32492
2.46578 0.15001 2.84999
1.83673 0.15001 -2.58664
2.14783 0.15001 -2.10299
2.19368 0.15001 -1.23617
2.18694 0.15001 -0.424298
2.23195 0.15001 -0.14124
2.21129 0.15001 0.33537
2.10789 0.15001 0.901397
2.14106 0.15001 1.42141
1.95296 0.15001 2.11722
2.28946 0.15001 2.49703
2.15945 0.15001 -2.84999
2.36597 0.15001 -2.17417
2.32342 0.15001 -1.7926
2.43979 0.15001 -0.969453
2.50692 0.15001 0.386936
2.4056 0.15001 0.965256
2.34191 0.15001 1.38656
2.27156 0.15001 1.77737
2.46023 0.15001 2.32596
2.27224 0.15001 2.84999
1.78515 0.15001 -2.79416
1.96136 0.15001 -1.85641
2.26681 0.15001 -1.41469
2.35083 0.15001 -0.783587
2.43428 0.15001 -0.160698
2.32634 0.15001 0.488069
2.23681 0.15001 1.05373
2.16347 0.15001 1.61253
2.1584 0.15001 2.10817
2.18233 0.15001 2.67316
2.07334 0.15001 -2.47263
1.94061 0.15001 -2.06472
2.12227 0.15001 -1.54532
2.1726 0.15001 -0.881988
2.20651 0.15001 0.13536
2.21252 0.15001 0.649967
2.05324 0.15001 1.10132
1.97929 0.15001 1.54747
2.02244 0.277712 2.00485
2.09163 0.15001 2.50083
1.88651 0.15001 -2.39997
1.95386 0.15001 -1.66044
2.04712 0.15001 -1.03694
2.03782 0.15001 -0.535158
2.06604 0.15001 0.00661791
2.02918 0.15001 0.428217
1.94706 0.15001 0.803647
1.84642 0.262151 1.27128
1.86176 0.15001 1.70317
1.87332 0.263035 2.23947
1.73885 0.15001 -2.03946
1.77452 0.15001 -1.56522
1.95337 0.15001 -1.20862
2.15401 0.15001 -0.693638
1.94967 0.256782 0.134894
1.89735 0.277116 0.656538
1.94851 0.227776 0.974689
1.79357 0.267816 1.55808
1.72483 0.291187 1.74883
1.80346 0.22742 2.0196
2.21896 0.15001 -2.66427
2.51041 0.15001 -1.66718
2.44692 0.15001 -1.337
2.64539 0.15001 -0.978495
2.63396 0.15001 -0.233459
2.67741 0.15001 0.190115
2.54038 0.15001 0.83381
2.52076 0.15001 1.30265
2.64475 0.15001 1.64619
2.37772 0.15001 2.67744
2.84999 0.15001 -2.65864
2.84999 0.15001 -2.02384
2.84999 0.15001 -1.64612
2.84999 0.15001 -0.967366
2.84999 0.15001 -0.540757
2.84999 0.15001 0.534946
2.84999 0.15001 1.09285
2.84999 0.15001 1.6691
2.84999 0.15001 2.15324
2.65646 0.15001 2.84999
2.71949 0.15001 -2.519
2.63655 0.15001 -2.34041
2.75424 0.15001 -1.48421
2.84501 0.15001 -0.773682
2.84999 0.15001 -0.307477
2.84999 0.15001 0.327094
2.68013 0.15001 0.957082
2.7413 0.15001 1.47063
2.69575 0.15001 2.03573
2.84999 0.15001 2.54852
2.82566 0.15001 -2.84999
2.84999 0.15001 -2.3922
2.84999 0.15001 -1.83707
2.84999 0.15001 -1.3184
2.84999 0.15001 0.113875
2.84999 0.15001 0.880686
2.84999 0.15001 1.31991
2.84999 0.15001 1.90531
2.84999 0.15001 2.35439
2.84999 0.15001 2.84999
2.55114 0.15001 -2.84999
2.66395 0.15001 -2.14852
2.64161 0.15001 -1.28466
2.69783 0.15001 -0.430541
2.69469 0.15001 -0.00727436
2.64882 0.15001 0.538455
2.54689 0.15001 1.10194
2.51337 0.15001 1.49057
2.52897 0.15001 2.14476
2.59754 0.15001 2.65986
2.42103 0.15001 -2.6696
2.84999 0.15001 -2.20815
2.68196 0.15001 -1.74854
2.77187 0.15001 -1.14092
2.84999 0.15001 -0.109467
2.70136 0.15001 0.741317
2.69172 0.15001 1.23105
2.66859 0.15001 1.83713
2.67911 0.15001 2.26157
2.7658 0.216786 2.70075
2.63461 0.15001 -2.68394
2.67667 0.15001 -1.94677
2.55273 0.15001 -1.48796
2.69276 0.15001 -0.646893
2.6828 0.216658 0.366575
2.84999 0.23527 0.705873
2.69783 0.270424 1.09355
2.6347 0.289546 1.51075
2.51374 0.15001 1.95712
2.67235 0.15001 2.46053
2.5283 0.15001 -2.51168
2.50477 0.15001 -2.04182
2.32297 0.15001 -1.59937
2.56256 0.15001 -0.796741
2.56436 0.254043 -0.0841743
2.56471 0.247126 0.676105
2.42059 0.28756 1.08648
2.48928 0.268754 1.63575
2.32302 0.15001 1.98358
2.48137 0.15001 2.51283
2.42455 0.15001 -2.35272
2.31794 0.15001 -1.98964
2.41905 0.15001 -1.1553
2.51299 0.15001 -0.405551
2.52624 0.250316 0.23062
2.46078 0.262844 0.524908
2.41213 0.275827 0.814057
2.25607 0.271524 1.5009
2.24129 0.290995 1.89481
2.33726 0.15001 2.17813
2.21101 0.15001 -2.29412
2.14576 0.15001 -1.90962
2.25071 0.15001 -1.05345
2.31205 0.15001 -0.57467
2.34592 0.15001 0.0127346
2.16733 0.244109 0.497905
2.23322 0.286533 0.930344
2.00706 0.277631 1.41319
2.0434 0.15001 1.75261
2.08193 0.26223 2.23182
-3 0 -3
-3 0 3
-3 1 -3
-3 1 3
-3 2 -3
-3 2 3
-3 3 -3
-3 3 3
-3 4 -3
-3 4 3
-3 5 -3
-3 5 3
-3 6 -3
-3 6 3
-2 0 -3
-2 0 3
-2 1 -3
-2 1 3
-2 2 -3
-2 2 3
-2 3 -3
-2 3 3
-2 4 -3
-2 4 3
-2 5 -3
-2 5 3
-2 6 -3
-2 6 3
-1 0 -3
-1 0 3
-1 1 -3
-1 1 3
-1 2 -3
-1 2 3
-1 3 -3
-1 3 3
-1 4 -3
-1 4 3
-1 5 -3
-1 5 3
-1 6 -3
-1 6 3
0 0 -3
0 0 3
0 1 -3
0 1 3
0 2 -3
0 2 3
0 3 -3
0 3 3
0 4 -3
0 4 3
0 5 -3
0 5 3
0 6 -3
0 6 3
1 0 -3
1 0 3
1 1 -3
1 1 3
1 2 -3
1 2 3
1 3 -3
1 3 3
1 4 -3
1 4 3
1 5 -3
1 5 3
1 6 -3
1 6 3
2 0 -3
2 0 3
2 1 -3
2 1 3
2 2 -3
2 2 3
2 3 -3
2 3 3
2 4 -3
2 4 3
2 5 -3
2 5 3
2 6 -3
2 6 3
-3 0 -3
-3 7 -3
-3 0 -2
-3 7 -2
-3 0 -1
-3 7 -1
-3 0 0
-3 7 0
-3 0 1
-3 7 1
-3 0 2
-3 7 2
-2 0 -3
-2 7 -3
-2 0 -2
-2 7 -2
-2 0 -1
-2 7 -1
-2 0 0
-2 7 0
-2 0 1
-2 7 1
-2 0 2
-2 7 2
-1 0 -3
-1 7 -3
-1 0 -2
-1 7 -2
-1 0 -1
-1 7 -1
-1 0 0
-1 7 0
-1 0 1
-1 7 1
-1 0 2
-1 7 2
0 0 -3
0 7 -3
0 0 -2
0 7 -2
0 0 -1
0 7 -1
0 0 0
0 7 0
0 0 1
0 7 1
0 0 2
0 7 2
1 0 -3
1 7 -3
1 0 -2
1 7 -2
1 0 -1
1 7 -1
1 0 0
1 7 0
1 0 1
1 7 1
1 0 2
1 7 2
2 0 -3
2 7 -3
2 0 -2
2 7 -2
2 0 -1
2 7 -1
2 0 0
2 7 0
2 0 1
2 7 1
2 0 2
2 7 2
-3 0 -3
3 0 -3
-3 0 -2
3 0 -2
-3 0 -1
3 0 -1
-3 0 0
3 0 0
-3 0 1
3 0 1
-3 0 2
3 0 2
-3 1 -3
3 1 -3
-3 1 -2
3 1 -2
-3 1 -1
3 1 -1
-3 1 0
3 1 0
-3 1 1
3 1 1
-3 1 2
3 1 2
-3 2 -3
3 2 -3
-3 2 -2
3 2 -2
-3 2 -1
3 2 -1
-3 2 0
3 2 0
-3 2 1
3 2 1
-3 2 2
3 2 2
-3 3 -3
3 3 -3
-3 3 -2
3 3 -2
-3 3 -1
3 3 -1
-3 3 0
3 3 0
-3 3 1
3 3 1
-3 3 2
3 3 2
-3 4 -3
3 4 -3
-3 4 -2
3 4 -2
-3 4 -1
3 4 -1
-3 4 0
3 4 0
-3 4 1
3 4 1
-3 4 2
3 4 2
-3 5 -3
3 5 -3
-3 5 -2
3 5 -2
-3 5 -1
3 5 -1
-3 5 0
3 5 0
-3 5 1
3 5 1
-3 5 2
3 5 2
-3 6 -3
3 6 -3
-3 6 -2
3 6 -2
-3 6 -1
3 6 -1
-3 6 0
3 6 0
-3 6 1
3 6 1
-3 6 2
3 6 2
