1000 0.1
1.93526 0.15001 -0.193605
-2.67026 0.15001 1.22413
-2.49697 0.15001 -2.53334
-2.28785 0.15001 -2.50633
-2.84999 0.15001 -0.43209
2.84999 0.15001 1.20908
1.16521 0.15001 1.60662
-1.60843 0.15001 1.67688
-1.51749 0.15001 -0.827398
-0.872859 0.15001 -0.076532
-2.66571 0.15001 2.32149
0.313164 0.15001 2.84999
-0.291646 0.15001 1.19144
2.84999 0.15001 0.432373
-0.850885 0.15001 1.64799
-0.332002 0.15001 -2.14102
-0.421823 0.15001 -1.27047
0.0615428 0.15001 -1.43547
-0.966486 0.15001 0.431504
-0.103165 0.15001 1.21687
-2.24194 0.15001 -1.96538
-2.84999 0.15001 -1.99936
-0.811503 0.15001 -0.948349
-1.69509 0.15001 -2.49816
-1.50572 0.15001 -2.13504
2.54187 0.15001 0.420856
-2.64529 0.15001 -1.90798
-0.471227 0.15001 -2.67122
-2.49203 0.15001 0.566558
-1.58247 0.15001 1.35138
-2.12312 0.15001 -0.82392
0.0427781 0.15001 -0.583265
-1.93311 0.15001 -0.353756
-2.14888 0.15001 -1.45015
0.720891 0.15001 -2.84999
-2.29517 0.15001 -0.922823
0.523703 0.15001 -1.24966
-1.62239 0.15001 -1.29713
-1.14829 0.15001 0.918539
-2.84999 0.15001 0.367727
-0.104664 0.15001 -2.67645
-1.66014 0.15001 -0.69632
-0.522874 0.15001 -1.10791
0.716087 0.15001 -2.32215
-0.137083 0.15001 -1.79101
-0.909374 0.15001 -2.13886
0.00664114 0.15001 2.57761
-0.465306 0.15001 2.84999
-1.2586 0.15001 -0.628955
-2.66219 0.15001 1.9529
-1.71873 0.15001 -1.79545
-2.48445 0.15001 -1.6379
-1.09705 0.15001 0.578942
-1.5173 0.15001 -1.13767
-1.16542 0.15001 2.84999
-1.97815 0.15001 2.11498
-2.66071 0.15001 1.76949
-2.84999 0.15001 2.50745
-2.10875 0.15001 1.24423
0.864436 0.15001 1.3447
-0.613461 0.15001 -1.28716
1.45459 0.15001 -2.50805
-1.40524 0.15001 -0.981581
-1.00937 0.15001 -0.960269
-0.758356 0.15001 0.974301
-1.26077 0.15001 0.230012
0.0430228 0.15001 -1.08496
-1.71627 0.15001 0.503927
-2.66211 0.15001 2.13816
-2.84999 0.15001 1.12029
-2.65561 0.15001 -2.66534
-2.84534 0.15001 -1.40818
-2.84999 0.15001 0.171344
1.00616 0.15001 0.597689
2.84999 0.15001 0.0482981
-2.66459 0.15001 1.40467
-2.84999 0.15001 1.64643
-2.84999 0.15001 0.559608
-1.49652 0.15001 1.52414
-0.84537 0.15001 1.98852
-2.66786 0.15001 -2.29525
-2.07455 0.15001 -2.84918
-1.3018 0.15001 -1.14158
-2.49705 0.15001 -0.229139
-0.832704 0.15001 2.48291
-2.84999 0.15001 2.67878
-2.13598 0.15001 0.874504
-2.84999 0.15001 2.16453
-2.32684 0.15001 2.1371
-0.708198 0.15001 2.14054
-0.228922 0.15001 -1.61526
-2.67294 0.15001 -0.723564
-2.37172 0.15001 -2.6817
-1.20315 0.15001 -1.30477
-2.51477 0.15001 0.166056
-1.96145 0.15001 -0.0368417
-1.71857 0.15001 1.21063
-2.28767 0.15001 1.0352
-0.0507534 0.15001 2.84999
-2.30816 0.15001 1.77255
-1.20678 0.15001 -2.31149
-0.216768 0.15001 1.68493
-2.38002 0.15001 -1.8056
2.32978 0.15001 1.69579
1.61034 0.15001 0.967135
-1.03931 0.15001 1.6539
1.75522 0.15001 -1.84074
-0.553874 0.15001 -2.49199
1.64673 0.15001 -0.42187
2.31145 0.15001 -1.18166
2.34073 0.15001 -2.84999
-0.147413 0.15001 -1.07592
-1.72339 0.15001 -1.13563
-0.242518 0.15001 -0.313634
0.147538 0.15001 -1.25989
-2.67211 0.15001 -0.528746
-0.369995 0.15001 -2.49497
-2.68078 0.15001 -2.48401
-0.631343 0.15001 2.78604
-2.67456 0.15001 -0.134536
-1.59966 0.15001 -2.67105
2.21861 0.15001 0.982349
0.239625 0.15001 -2.13819
-1.72975 0.15001 -0.360554
-2.07637 0.15001 0.139211
-0.366861 0.15001 2.70458
-1.80973 0.15001 -1.96646
0.390236 0.15001 -0.6504
-0.173012 0.15001 0.571318
0.666267 0.15001 0.442528
-2.48053 0.15001 -1.20796
-0.320958 0.15001 -1.44246
0.441616 0.15001 -1.4342
-2.31392 0.15001 -2.15258
-2.84987 0.15001 -2.60765
-0.655885 0.15001 -2.66926
0.621826 0.15001 -1.45733
-1.73625 0.15001 0.84652
-1.54206 0.15001 0.856706
-2.84999 0.15001 1.81972
-1.31352 0.15001 -1.79744
-0.806859 0.15001 -1.96886
-0.906567 0.15001 -1.46774
-2.67057 0.15001 -0.919779
-0.636977 0.15001 0.312774
1.28788 0.15001 -0.014129
-1.53637 0.15001 1.17413
-1.31969 0.15001 1.88166
-2.84999 0.15001 2.33614
-1.79276 0.15001 0.327088
0.236124 0.15001 -1.07606
-2.17364 0.15001 -2.67805
-0.0639551 0.15001 -0.255359
0.590543 0.15001 -0.337022
1.36363 0.15001 -0.661635
0.826634 0.15001 2.39727
-0.72266 0.15001 2.62941
-2.12128 0.15001 2.84999
-2.68364 0.15001 0.269527
-1.98977 0.15001 1.6055
-1.00777 0.15001 -1.63558
-2.84999 0.15001 -2.39932
-1.50352 0.15001 -2.84999
-2.11441 0.15001 -1.80927
-0.537966 0.15001 -0.729732
-0.904344 0.15001 -1.12525
-2.31024 0.15001 0.476943
-1.60099 0.15001 -2.31234
-0.837486 0.15001 0.282886
-2.84999 0.15001 2.84999
-0.752946 0.15001 -2.84999
1.37092 0.15001 -0.462777
-1.90207 0.15001 1.25212
-1.45428 0.15001 -0.651946
-2.66841 0.15001 2.67819
-2.11956 0.15001 1.74534
-2.13514 0.15001 -0.396274
-2.50471 0.15001 2.6061
-0.73599 0.15001 1.48572
-1.70691 0.15001 2.52633
-1.31434 0.15001 -2.84999
-0.201899 0.15001 -0.113786
-2.84999 0.15001 -0.628162
-1.31952 0.15001 -0.809492
-0.0398457 0.15001 -1.26287
0.494138 0.15001 -0.906545
-1.83242 0.15001 -1.62348
-2.30731 0.15001 1.95316
-2.6687 0.15001 1.04225
-1.90702 0.15001 2.84999
-1.30581 0.15001 0.55043
0.15156 0.15001 -1.60775
-2.84999 0.15001 -0.823653
-2.84999 0.15001 -0.0341968
-1.40267 0.15001 -2.31078
0.178974 0.15001 0.954049
-2.66813 0.15001 2.50381
-2.23728 0.15001 0.675266
-2.33097 0.15001 2.31863
0.103299 0.15001 1.82476
-0.739537 0.15001 -2.49012
-1.95273 0.15001 -0.920892
1.40631 0.15001 1.21283
1.45443 0.15001 0.0692857
0.118067 0.15001 1.5123
-0.453853 0.15001 2.44122
-0.611632 0.15001 -1.63136
2.3735 0.15001 0.883337
1.2982 0.15001 0.362689
2.17034 0.15001 1.6073
1.70708 0.15001 -1.49305
-1.12651 0.15001 -2.84999
-1.20544 0.15001 -0.970723
-0.514704 0.15001 -1.79744
-0.927168 0.15001 -2.49001
-0.513258 0.15001 -1.45578
-0.939386 0.15001 -2.84999
-1.77234 0.15001 -0.853993
-2.68039 0.15001 -2.09945
-2.65312 0.15001 1.58682
-2.84999 0.15001 -1.60058
-2.50641 0.15001 -2.18236
2.22106 0.15001 1.18265
-0.575152 0.15001 1.80626
-2.48098 0.15001 1.86914
-1.88861 0.15001 -2.50456
-2.6691 0.15001 0.852797
-1.63087 0.15001 2.69498
-0.037795 0.15001 2.15137
-0.614754 0.15001 1.33263
-1.78882 0.15001 -2.67454
-2.4792 0.15001 1.32442
-1.41199 0.15001 -1.3026
0.0433696 0.15001 1.09164
0.794092 0.15001 -0.77037
-1.98786 0.15001 -0.536324
-0.892715 0.15001 2.17047
-2.15322 0.15001 -0.630757
-1.80198 0.15001 1.64535
-2.84999 0.15001 0.750652
-1.00618 0.15001 -1.96841
0.905224 0.15001 -2.84999
-2.67215 0.15001 -0.332604
0.544298 0.15001 1.29611
1.13026 0.15001 0.288471
-1.06241 0.15001 -0.615732
1.91274 0.15001 1.19139
2.38831 0.15001 0.313285
-2.17276 0.15001 0.315134
-1.72225 0.15001 2.84999
-2.46422 0.15001 -2.84999
-0.710452 0.15001 -1.11705
-1.02893 0.15001 -2.66916
1.54965 0.15001 -2.3422
0.33428 0.15001 -1.96166
-0.345786 0.15001 1.01288
-1.39534 0.15001 2.37132
-2.3228 0.15001 0.846392
-0.304579 0.15001 0.708256
-2.66402 0.15001 2.84999
-1.55607 0.15001 0.0204795
-0.101644 0.15001 -0.455057
-2.03674 0.15001 0.694011
-0.424109 0.15001 -0.360133
-2.49561 0.15001 2.23323
-2.50204 0.15001 -0.0305713
-2.15593 0.15001 2.24215
-2.01505 0.15001 2.70738
-1.82061 0.15001 2.68164
-0.284933 0.15001 2.54931
1.0879 0.15001 -2.84999
2.37688 0.15001 1.08367
-2.08892 0.15001 -2.49925
0.805986 0.15001 -1.80118
1.05713 0.15001 -0.457498
-2.49012 0.15001 0.75939
0.936451 0.15001 0.953569
-1.60524 0.15001 2.17273
-0.252933 0.15001 2.84999
-0.634292 0.15001 0.822059
-0.382782 0.15001 -2.84999
-1.40711 0.15001 -2.66827
-2.0366 0.15001 -1.62232
0.959924 0.15001 2.04077
-2.4932 0.15001 -0.622054
-1.87545 0.15001 0.145292
0.583185 0.15001 -0.732915
-2.08396 0.15001 -1.24844
-2.08658 0.15001 1.44343
1.52429 0.15001 1.51937
-2.65791 0.15001 -2.84999
0.237611 0.15001 -1.78361
-1.08316 0.15001 1.09929
1.10243 0.15001 -1.99822
0.354612 0.15001 -2.49792
-0.28471 0.15001 -0.505635
-1.25037 0.15001 -0.110471
-2.03754 0.15001 1.05409
-1.52562 0.15001 2.52912
-1.65207 0.15001 1.0227
-0.567371 0.15001 -2.84999
2.31487 0.15001 1.87506
-2.40737 0.15001 -2.34923
2.69501 0.15001 0.716281
-2.06202 0.15001 -0.20741
-0.457779 0.15001 1.94134
1.79298 0.15001 -0.309648
0.0860193 0.15001 2.38913
2.69341 0.15001 1.3087
1.77715 0.15001 -0.106954
0.461495 0.15001 2.74153
-1.01213 0.15001 -2.31255
-0.325744 0.15001 -1.79391
-2.34083 0.15001 -1.50065
-2.84999 0.15001 -2.80948
-1.32804 0.15001 -0.291744
1.88812 0.15001 -1.53807
-1.13839 0.15001 0.0825728
-1.69041 0.15001 1.50005
-1.6303 0.15001 0.680312
-0.841768 0.15001 -2.66928
-0.80772 0.15001 -1.2958
2.14076 0.15001 -0.685471
-2.35455 0.15001 0.271368
-0.807881 0.15001 -0.421643
-1.41136 0.15001 1.70223
-1.12337 0.15001 1.48051
-1.72659 0.15001 1.82547
0.335541 0.15001 -1.25984
-0.931788 0.15001 1.46687
-2.31752 0.15001 -0.321367
-0.230227 0.15001 -1.26131
1.15125 0.15001 -1.13621
1.19572 0.15001 1.4265
-2.15733 0.15001 2.06164
-1.92127 0.15001 1.78493
1.18024 0.15001 -2.67491
-2.46567 0.15001 1.50687
-0.143054 0.15001 -2.14692
-0.956242 0.15001 0.947191
-2.84999 0.15001 -1.01939
-0.287701 0.15001 -2.67386
1.5557 0.15001 -1.16382
1.34889 0.15001 1.92435
2.07796 0.15001 0.291328
1.63706 0.15001 1.66563
1.77209 0.15001 0.0842889
0.174666 0.15001 0.199641
-1.01022 0.15001 1.28459
0.645844 0.15001 1.7973
-2.67038 0.15001 -1.71089
2.24456 0.15001 -0.169664
-0.0566353 0.15001 -2.32245
-0.128565 0.15001 -1.43619
-1.20766 0.15001 -1.96794
1.46486 0.15001 2.83108
-1.7943 0.15001 2.14705
0.632134 0.15001 2.65768
-0.899012 0.15001 2.67314
2.06413 0.15001 1.08384
1.26489 0.15001 -2.50363
-1.91698 0.15001 -1.1109
1.20313 0.15001 -0.782406
1.22382 0.15001 1.24343
-1.75932 0.15001 -0.013342
-1.41009 0.15001 -1.96414
-0.0119305 0.15001 0.679792
-2.30774 0.15001 1.22897
2.70685 0.15001 2.42848
-0.207901 0.15001 2.20893
1.02611 0.15001 -2.16364
2.2516 0.15001 -0.355422
-0.0154422 0.15001 -2.84999
-0.521686 0.15001 -2.1386
-1.49979 0.15001 -2.48904
-2.51412 0.15001 0.372924
0.27516 0.15001 2.33778
-2.84999 0.15001 1.47274
-0.800441 0.15001 2.84999
-0.101785 0.15001 0.290432
-0.187403 0.15001 -2.49988
-0.00548613 0.15001 -0.76963
1.63587 0.15001 -2.84999
-1.52811 0.15001 1.85272
-0.9927 0.15001 2.33234
-2.03107 0.15001 2.53272
-1.91163 0.15001 0.493217
-1.31159 0.15001 -1.46843
-1.27777 0.15001 1.11805
-2.84999 0.15001 1.99244
-2.31452 0.15001 -0.518892
0.25107 0.15001 -1.43609
-1.04715 0.15001 0.256589
0.109429 0.15001 -0.184385
0.990678 0.15001 -1.83216
2.23495 0.15001 0.205812
-1.93019 0.15001 0.86479
0.92999 0.15001 -0.154991
-1.53279 0.15001 2.84999
2.062 0.15001 0.881074
0.0472944 0.15001 -2.14724
1.72206 0.15001 2.54557
0.329533 0.15001 0.47153
0.309241 0.15001 2.16279
1.45218 0.15001 0.26094
0.0128148 0.15001 1.97774
-1.17345 0.15001 2.44578
-1.12511 0.15001 -0.794799
-0.432947 0.15001 1.69064
1.70693 0.15001 1.46482
1.48211 0.15001 -1.99283
-1.95613 0.15001 -1.43646
-2.50402 0.15001 -1.40192
-1.7927 0.15001 -0.552273
-1.21737 0.15001 -2.66903
-1.91496 0.15001 -1.79912
2.16371 0.15001 -1.29818
-0.0373453 0.15001 -1.60877
-0.224676 0.15001 1.36698
-0.276326 0.15001 2.37501
-2.49385 0.15001 -0.426028
-1.69468 0.15001 -2.84999
-0.00602798 0.15001 -2.50604
-0.614278 0.15001 -0.393858
-0.337904 0.15001 -1.07136
0.393433 0.15001 2.00716
0.218412 0.15001 2.51228
-1.38765 0.15001 0.376064
-1.83401 0.15001 -0.191383
0.479181 0.15001 0.165614
-2.289 0.15001 -1.30895
-1.70708 0.15001 -2.1382
0.535583 0.15001 -2.84999
0.140027 0.15001 -2.31971
-2.84999 0.15001 -2.20235
2.13561 0.15001 -0.491449
2.84999 0.15001 -2.02232
0.895226 0.15001 -2.50688
-1.4116 0.15001 2.19394
0.895764 0.15001 -1.3006
-1.90864 0.15001 -2.14315
1.11941 0.15001 0.101578
1.37846 0.15001 1.73914
2.37823 0.15001 0.694848
0.812156 0.15001 0.326371
0.283352 0.15001 1.85297
2.66548 0.15001 2.62133
0.310761 0.15001 1.48069
0.987741 0.15001 1.65773
0.226078 0.15001 1.14142
1.74999 0.15001 -2.33686
2.54755 0.15001 0.0380558
2.01683 0.15001 -0.983405
1.83991 0.15001 -1.36071
-1.63756 0.15001 -0.165866
-0.83196 0.15001 0.795068
-1.3387 0.15001 2.53618
2.51235 0.15001 1.73622
0.83333 0.15001 1.53787
-0.644526 0.15001 2.46184
1.2943 0.15001 -1.9884
-1.39325 0.15001 -0.473045
-0.0438292 0.15001 -1.97118
-0.625277 0.15001 -2.31178
-1.11662 0.15001 -2.48932
-1.73115 0.15001 -1.45692
-0.982477 0.15001 2.84999
-1.87404 0.15001 2.46105
-0.485749 0.15001 1.17664
0.169292 0.15001 0.764345
1.56064 0.15001 -0.915886
-0.337539 0.15001 -0.705278
-1.80081 0.15001 -2.31851
-0.402547 0.15001 2.24982
2.37467 0.15001 1.28753
-0.205478 0.15001 -0.875102
0.333543 0.15001 0.282655
-1.57741 0.15001 2.35405
1.70535 0.15001 2.84977
0.615386 0.15001 2.84999
0.906244 0.15001 -2.00152
0.00825068 0.15001 0.138432
-0.707611 0.15001 -1.80046
-1.44348 0.15001 -0.135608
-1.61228 0.15001 -1.963
-1.59723 0.15001 -0.511556
-1.51296 0.15001 0.524782
-1.85317 0.15001 1.96852
-2.30117 0.15001 2.84999
-1.25969 0.15001 2.69249
0.551864 0.15001 -0.533505
-1.10045 0.15001 -1.13366
0.529167 0.15001 0.739798
-0.375718 0.15001 0.534395
0.984459 0.15001 -1.47826
-1.0815 0.15001 2.68648
-1.10635 0.15001 -1.4699
-1.9815 0.15001 0.312284
-2.50623 0.15001 2.41942
-1.13934 0.15001 1.82387
1.92648 0.15001 0.189682
0.652145 0.15001 1.60581
-0.12441 0.15001 1.527
2.5475 0.15001 2.31654
1.77828 0.15001 2.28449
2.50307 0.15001 -2.27994
-1.22876 0.15001 1.65234
-1.44313 0.15001 1.0187
1.61631 0.15001 -0.0191679
-0.769768 0.15001 2.31419
-0.817853 0.15001 -2.31196
-1.97903 0.15001 -2.67829
-0.418723 0.15001 -0.892145
-2.11426 0.15001 -1.03951
-2.26621 0.15001 -2.84999
-0.713627 0.15001 -2.13859
-1.88441 0.15001 -2.84999
-2.49453 0.15001 2.05029
2.21629 0.15001 0.779093
0.625277 0.15001 0.052098
1.3262 0.15001 -1.17078
2.13603 0.15001 -1.11727
-1.8324 0.15001 -1.28806
1.35254 0.15001 -2.33633
2.54457 0.15001 0.229765
-0.763278 0.15001 1.81846
-2.48072 0.15001 -1.01205
-1.84036 0.15001 1.0618
-0.707278 0.15001 0.1355
-0.770628 0.15001 0.461995
-2.16027 0.15001 -0.0344998
-2.68304 0.15001 0.466455
-0.4361 0.15001 -2.3125
2.55192 0.15001 -2.46407
-2.327 0.15001 -0.127032
-0.906648 0.15001 -1.80129
-2.30056 0.15001 -1.1157
0.760896 0.15001 -0.241641
2.38364 0.15001 0.502324
0.962031 0.15001 0.214978
-0.232412 0.15001 -1.96902
1.46436 0.15001 0.85338
1.88034 0.15001 1.85396
1.61167 0.15001 0.169769
1.34662 0.15001 1.56496
0.171971 0.15001 1.32449
0.607361 0.15001 -0.142381
1.63383 0.15001 2.15247
0.413098 0.15001 1.66207
-0.24988 0.15001 0.399384
-0.807911 0.15001 -1.63398
2.53002 0.15001 1.39072
1.25699 0.15001 2.84999
0.704495 0.15001 -1.63084
1.8491 0.15001 -0.911476
1.06217 0.15001 -1.65692
2.50158 0.15001 2.06801
1.21611 0.15001 -0.555452
1.44691 0.15001 2.09221
-0.00600825 0.15001 0.87943
0.168623 0.15001 -2.84999
0.333236 0.15001 -2.30567
0.144902 0.15001 -1.9653
-0.421991 0.15001 -1.96623
1.15335 0.15001 -2.33095
2.68548 0.15001 -1.50609
-1.52088 0.15001 -1.7931
-1.34825 0.15001 2.84999
1.76092 0.15001 0.657066
-2.28509 0.15001 1.41383
1.64558 0.15001 -2.50579
1.81594 0.15001 -2.84999
0.914753 0.15001 -0.343076
-2.67738 0.15001 -1.31044
-1.05978 0.15001 -0.0904315
1.53349 0.15001 -0.735938
-2.84999 0.15001 -1.21555
-0.613299 0.15001 -0.936029
1.25219 0.15001 -1.33185
-1.52162 0.15001 -1.46407
0.445565 0.15001 -2.67197
0.97579 0.15001 -1.1318
0.40529 0.15001 -0.420029
1.12081 0.15001 0.931283
1.99566 0.15001 -0.797833
0.792612 0.15001 0.135534
-1.60012 0.15001 0.347014
-2.67421 0.15001 -1.50813
-2.1724 0.15001 2.42275
-1.8369 0.15001 0.676868
1.21701 0.15001 -2.1548
-0.926371 0.15001 -0.787058
-0.379744 0.15001 -0.166795
-1.2111 0.15001 -1.63417
0.627789 0.15001 -2.68032
-1.19856 0.15001 -0.448526
-1.0314 0.15001 0.766087
-1.45394 0.15001 2.02059
2.53753 0.15001 0.612533
2.23041 0.15001 0.394581
0.41846 0.15001 2.54572
0.174435 0.15001 -2.50823
-2.18683 0.15001 2.61647
-1.44313 0.15001 2.69121
-2.32842 0.15001 0.075943
2.83096 0.15001 -1.21758
-1.30726 0.15001 -2.48823
1.2842 0.15001 2.46352
-1.62656 0.15001 -0.97889
-2.34138 0.15001 2.50066
-1.0034 0.15001 -1.30034
-2.11424 0.15001 -2.14199
-1.9233 0.15001 -0.722256
-0.584232 0.15001 2.28767
-2.04183 0.15001 1.92196
-2.49619 0.15001 -0.81847
1.44242 0.15001 1.03495
1.92292 0.15001 0.379013
2.46391 0.15001 -1.06992
0.872531 0.15001 -0.958764
0.521791 0.15001 -1.62185
-2.20415 0.15001 -2.32274
2.36234 0.15001 -1.54676
-0.686384 0.15001 1.15232
-2.3206 0.15001 -0.726626
-2.34872 0.15001 2.68368
-2.48138 0.15001 0.95334
0.348933 0.15001 0.84838
0.64387 0.15001 0.247809
-0.141937 0.15001 1.03717
0.186609 0.15001 -0.710423
-1.63015 0.15001 -1.6261
1.18447 0.15001 0.691921
-1.10921 0.15001 -1.80095
-0.24866 0.15001 -2.31844
1.98427 0.15001 -0.587263
-2.23929 0.15001 -1.66267
0.728027 0.15001 1.21348
0.568656 0.15001 1.11037
1.91191 0.15001 0.767972
0.46888 0.15001 1.84166
-0.574798 0.15001 0.49417
1.58595 0.15001 1.15713
-0.0129518 0.15001 1.37768
0.531351 0.15001 0.927363
-2.01153 0.15001 -1.97409
0.947648 0.15001 0.0288827
2.07461 0.15001 1.29471
0.74807 0.15001 2.10247
1.06311 0.15001 2.32995
1.76523 0.15001 -1.66345
2.33823 0.15001 -1.36321
0.352173 0.15001 -2.84999
0.589718 0.15001 1.98735
1.70243 0.15001 -0.808627
-1.47392 0.15001 0.199847
-0.611355 0.15001 -1.96668
0.803612 0.15001 1.91653
-1.20062 0.15001 1.30149
-0.157842 0.15001 2.68363
-0.708646 0.15001 -1.46441
1.56625 0.15001 -1.83121
0.0498283 0.15001 -1.78947
0.707523 0.15001 -1.29212
1.7007 0.15001 -1.03031
1.91794 0.15001 -2.67371
-0.732258 0.15001 -0.765585
-1.22125 0.15001 0.724796
-1.65733 0.15001 1.99883
-1.00835 0.15001 2.51842
2.13342 0.15001 -2.18188
0.637082 0.15001 -2.13405
0.94362 0.15001 -2.32842
1.16285 0.15001 -1.49745
-2.00106 0.15001 -2.32123
1.42833 0.15001 -1.02977
-1.39156 0.15001 1.2966
-1.35082 0.15001 0.0524252
1.10856 0.15001 -0.081392
-2.68087 0.15001 0.0651533
0.435399 0.15001 -2.13033
0.507185 0.15001 0.551446
0.426902 0.15001 -1.08526
-1.00424 0.15001 -0.435045
0.309758 0.15001 -0.862042
1.48291 0.15001 -0.320638
-0.171474 0.15001 1.99407
0.252425 0.15001 -0.310661
-1.04654 0.15001 1.99266
-2.4893 0.15001 1.14161
1.73588 0.15001 -2.67601
0.524971 0.15001 -2.30149
2.72365 0.15001 -2.5239
0.234228 0.15001 -0.520296
1.38325 0.15001 -0.847943
0.340068 0.15001 -1.61144
2.69841 0.15001 0.141459
1.88321 0.15001 1.38125
-0.949549 0.15001 1.82376
1.91282 0.15001 2.83248
0.979839 0.15001 0.405129
2.55274 0.15001 -0.344309
-0.498729 0.15001 0.168821
2.17824 0.15001 2.38653
-0.704596 0.15001 0.643456
-1.13157 0.15001 -0.269772
1.8775 0.15001 -1.09309
1.52987 0.15001 2.37987
0.501549 0.15001 1.48437
-0.56299 0.15001 -0.208556
-1.41939 0.15001 -1.62995
-2.66259 0.15001 -1.11471
1.21969 0.15001 -0.3713
1.40327 0.15001 -2.15801
1.07584 0.15001 -1.31458
1.90889 0.15001 0.98143
-2.48363 0.15001 2.81638
2.03719 0.15001 1.99587
1.08396 0.15001 1.10798
2.40172 0.15001 -0.443315
-2.84999 0.15001 -1.80137
1.77791 0.15001 -2.15158
2.08628 0.15001 -1.7918
2.09909 0.15001 -1.97904
-0.509896 0.15001 -0.0223497
0.284871 0.15001 2.67579
1.32602 0.15001 2.28808
-2.45384 0.15001 -1.98925
1.99831 0.15001 1.68267
0.775744 0.15001 -0.0534915
0.0800833 0.15001 -0.393911
1.25015 0.15001 -0.978643
-0.164265 0.15001 0.0885528
1.96273 0.15001 -2.31091
0.526241 0.15001 -1.96039
-0.533017 0.15001 1.5148
-1.24598 0.15001 2.07186
-0.92058 0.15001 0.108979
2.69767 0.15001 0.334182
0.660388 0.15001 2.27895
2.84999 0.15001 -1.58907
0.816461 0.15001 1.72739
-1.97219 0.15001 2.30153
1.75662 0.15001 1.08234
2.53727 0.15001 1.19407
2.84999 0.15001 1.00354
2.84488 0.15001 1.42955
2.69655 0.15001 1.10462
0.379462 0.15001 1.03763
0.00534741 0.15001 1.66581
2.68193 0.15001 -2.84999
2.84999 0.15001 -2.21053
1.24262 0.15001 -1.66461
2.70202 0.15001 -0.244936
0.159132 0.15001 0.384514
2.29032 0.15001 -0.999443
2.05145 0.15001 -1.6093
2.84616 0.15001 1.81157
-0.334836 0.15001 2.07556
2.84999 0.15001 0.813751
2.84999 0.15001 -1.7708
-1.30556 0.15001 -2.13741
2.26863 0.15001 -2.05396
1.26687 0.15001 -0.195353
2.68188 0.15001 -2.14069
2.40142 0.15001 -0.253603
1.46074 0.15001 0.456933
2.67437 0.15001 -1.32365
-1.87692 0.15001 1.44991
-0.939025 0.15001 -0.256575
1.5899 0.15001 -2.16152
2.22164 0.15001 -1.66961
0.0789024 0.15001 -2.67988
0.832582 0.15001 -2.1743
-2.84999 0.15001 -0.234144
1.83268 0.15001 -2.50324
0.497402 0.15001 2.16417
-0.812906 0.15001 1.30997
-1.17539 0.15001 0.404623
1.23533 0.15001 2.64358
0.614242 0.15001 -1.7933
1.6697 0.15001 -1.99702
1.91755 0.15001 -1.93371
1.45346 0.15001 -2.84999
0.884785 0.15001 -1.63487
-1.08087 0.15001 2.17294
0.899028 0.15001 -0.554631
1.61116 0.15001 0.359875
2.82467 0.15001 2.82589
2.54667 0.15001 2.83836
1.17785 0.15001 -1.83307
2.84999 0.15001 -2.39736
0.714808 0.15001 -2.51164
-0.469862 0.15001 -0.54706
0.619564 0.15001 -1.08857
0.716918 0.15001 -1.96119
0.991545 0.15001 1.85047
0.679851 0.15001 -0.912191
0.68729 0.15001 1.41621
-1.75869 0.15001 2.32363
-0.0919177 0.15001 1.82303
-0.208245 0.15001 0.865833
0.496375 0.15001 0.364409
2.13909 0.15001 1.80543
2.76778 0.15001 -0.865167
-2.47668 0.15001 1.68795
2.45033 0.15001 1.5496
1.37905 0.15001 1.39077
1.84166 0.15001 1.59739
0.347042 0.15001 0.66012
-0.749974 0.15001 -0.237707
-0.866091 0.15001 -0.60501
-0.42048 0.15001 -1.62487
-0.150398 0.15001 -0.643997
-0.884927 0.15001 1.1299
1.92917 0.15001 -0.000717317
-1.68156 0.15001 0.169254
0.192945 0.15001 2.02158
0.637142 0.15001 2.47257
1.26353 0.15001 1.06156
-2.84999 0.15001 0.938096
2.19016 0.15001 -2.44562
-0.0954239 0.15001 2.39293
-0.335222 0.15001 0.0274195
1.29061 0.15001 0.171062
-1.33258 0.15001 0.872683
2.08188 0.15001 0.101653
2.84557 0.15001 1.64246
0.287889 0.15001 -0.116959
-0.331297 0.15001 1.53072
1.07833 0.15001 -2.50325
2.37301 0.15001 -2.42778
2.69216 0.15001 -1.68988
1.2702 0.15001 -2.84999
2.27836 0.15001 -2.6591
0.845877 0.15001 2.84778
1.91635 0.15001 0.570125
2.53641 0.15001 0.997054
2.03249 0.15001 1.48391
2.84999 0.15001 0.623798
1.36565 0.15001 -2.67713
2.31311 0.15001 -2.24566
0.161702 0.15001 0.574642
1.74219 0.15001 -1.20778
0.115071 0.15001 2.75619
-1.23606 0.15001 2.27213
0.474527 0.15001 2.34678
2.26104 0.15001 2.83036
2.38783 0.15001 -1.73688
2.70111 0.15001 -0.0507275
1.07983 0.15001 -0.261407
-0.302906 0.15001 0.219036
-0.556549 0.15001 0.999229
1.76823 0.15001 0.26997
-0.301386 0.15001 1.84743
0.834839 0.15001 0.523178
0.212695 0.15001 1.67553
2.44325 0.15001 -2.10861
0.911053 0.15001 2.22266
-2.24891 0.15001 1.59994
0.693653 0.15001 0.827152
2.41238 0.15001 -1.92533
1.51941 0.15001 -0.554113
2.70106 0.15001 -0.43947
2.84999 0.15001 -0.712395
1.96328 0.15001 -0.395882
2.19225 0.15001 -1.48318
-0.663519 0.15001 1.65232
0.812913 0.15001 2.58456
2.55163 0.15001 -0.15179
2.62888 0.15001 -2.67939
0.795903 0.15001 -1.13118
2.60558 0.15001 -0.786642
2.51223 0.15001 -2.84999
2.08596 0.15001 -0.0874703
1.56081 0.15001 1.34145
2.2391 0.15001 0.0171375
1.53987 0.15001 1.83886
1.01173 0.15001 1.46933
2.39632 0.15001 -0.0660268
0.263015 0.15001 -2.67799
0.972791 0.15001 -0.801309
2.55478 0.15001 -1.80686
-0.0294749 0.15001 -0.0505169
1.62657 0.15001 -0.211309
1.68277 0.15001 -0.622403
1.84542 0.15001 -0.699879
-0.418373 0.15001 1.35548
-0.436715 0.15001 0.846868
2.84999 0.15001 0.239608
1.91836 0.15001 -1.74785
2.52868 0.15001 -1.61561
-0.901807 0.15001 0.614973
2.64829 0.15001 -1.14301
0.535304 0.15001 -2.496
2.80779 0.15001 -1.03775
-0.439174 0.15001 0.354178
1.61283 0.15001 0.755149
-0.648855 0.15001 1.97087
2.22687 0.15001 0.586199
2.69381 0.15001 0.908426
-2.84999 0.15001 1.29764
0.903334 0.15001 1.14465
1.04537 0.15001 2.51231
1.13949 0.15001 2.16305
0.356294 0.15001 1.28432
1.99322 0.15001 -2.84999
0.974751 0.15001 2.68242
2.58064 0.15001 -1.99233
-0.522048 0.15001 2.11206
2.51413 0.15001 -1.43141
0.995951 0.15001 -2.67545
0.812201 0.15001 -2.6791
1.41916 0.15001 -1.64944
-0.0114641 0.15001 0.469776
-1.10666 0.15001 -2.13842
-2.66811 0.15001 0.660898
-1.31452 0.15001 1.47864
1.69987 0.15001 1.95676
0.752376 0.15001 -0.428047
1.04346 0.15001 1.28656
1.14846 0.15001 0.477641
1.52142 0.15001 -1.48745
2.29781 0.15001 -0.590903
0.146367 0.15001 0.00655027
1.81786 0.15001 -0.502572
-0.670649 0.15001 -0.578228
2.15796 0.15001 -0.877229
2.78994 0.15001 2.19378
2.49062 0.15001 -1.25031
2.84999 0.15001 -2.65945
1.5518 0.15001 -2.67672
2.16816 0.15001 -2.84999
0.425285 0.15001 -1.78942
1.59359 0.15001 -1.65194
1.15157 0.15001 1.97271
1.76093 0.15001 0.868708
1.73696 0.15001 1.26956
2.69505 0.15001 0.526206
2.5373 0.15001 0.804781
1.37091 0.15001 -1.8236
0.803825 0.15001 -1.46307
0.123317 0.15001 -0.909747
2.2467 0.15001 -1.86246
0.459271 0.15001 -0.0347243
0.748596 0.15001 1.01619
2.54911 0.15001 -0.53547
2.84999 0.15001 -0.340937
1.93994 0.15001 2.17168
2.84999 0.15001 -0.146197
1.28666 0.15001 0.864013
2.01588 0.15001 -2.50285
-0.199011 0.15001 -2.84999
2.44635 0.15001 -0.886002
1.76732 0.15001 0.458692
1.44311 0.15001 2.56823
2.84962 0.15001 -1.40328
2.06785 0.15001 0.672134
1.45027 0.15001 -0.126993
2.30188 0.15001 -0.776509
2.45679 0.15001 -0.689317
2.84999 0.15001 -2.84999
2.02183 0.15001 -1.41761
-2.11171 0.15001 0.504172
2.09882 0.15001 -2.6751
2.09504 0.15001 -0.275256
1.61699 0.15001 0.555328
-0.689613 0.15001 -0.0547971
-1.42738 0.15001 0.701489
0.436514 0.15001 -0.230159
1.62025 0.15001 -1.33594
2.69534 0.15001 -0.631273
1.01986 0.15001 0.780836
1.98559 0.15001 -1.23831
-0.507236 0.15001 0.672128
-1.52752 0.15001 -0.327498
1.46401 0.15001 0.65994
1.06383 0.15001 -0.961538
1.06941 0.15001 2.84999
1.31151 0.15001 0.557092
2.45533 0.15001 -2.62579
2.68347 0.15001 -2.32706
2.61694 0.15001 -0.966205
1.06339 0.15001 -0.647035
1.34318 0.15001 -1.48594
0.315896 0.15001 0.0801195
1.43963 0.15001 -1.31704
1.18863 0.15001 1.78861
2.07412 0.15001 0.481408
2.63597 0.15001 1.57618
2.72284 0.15001 -1.88864
1.95847 0.15001 -2.11816
0.720536 0.15001 -0.605903
2.84999 0.15001 -0.532124
0.682188 0.15001 0.636093
2.39225 0.15001 0.12338
0.848943 0.15001 0.716934
-0.532217 0.15001 2.61853
0.133098 0.15001 2.21314
2.28595 0.15001 1.46384
