1000 0.1
1.85765 0.15001 0.0124833
-2.67897 0.15001 0.975069
-2.49584 0.15001 -2.29529
-2.32275 0.15001 -2.40387
-2.84999 0.15001 -0.490371
2.84999 0.15001 1.32961
1.4574 0.15001 1.97073
-1.55226 0.15001 1.64101
-1.47906 0.15001 -0.694218
-0.80746 0.15001 0.138735
-2.66957 0.15001 2.33752
0.575529 0.15001 2.84999
-0.264462 0.15001 1.47128
2.84999 0.15001 0.577639
-0.747289 0.15001 1.64292
-0.226309 0.15001 -1.95731
-0.319492 0.15001 -1.07419
0.180557 0.15001 -1.25385
-0.967074 0.15001 0.617461
-0.128512 0.15001 1.34117
-2.13347 0.15001 -1.90933
-2.84002 0.15001 -2.07405
-0.752437 0.15001 -0.745076
-1.75303 0.15001 -2.49615
-1.34767 0.15001 -2.12993
2.51868 0.15001 0.577101
-2.68028 0.15001 -1.78566
-0.442554 0.15001 -2.67021
-2.50453 0.15001 0.485594
-1.65919 0.15001 1.46745
-2.14626 0.15001 -0.963841
0.19545 0.15001 -0.402532
-1.93442 0.15001 -0.409086
-1.96268 0.15001 -1.46853
0.656169 0.15001 -2.84179
-2.3339 0.15001 -0.994587
0.542509 0.15001 -0.969095
-1.46517 0.15001 -1.24055
-1.16446 0.15001 0.956391
-2.85 0.15001 0.089942
-0.134516 0.15001 -2.48888
-1.68357 0.15001 -0.720375
-0.419199 0.15001 -0.895417
0.770313 0.15001 -2.30976
-0.0200694 0.15001 -1.6097
-0.739173 0.15001 -2.13503
0.273974 0.15001 2.67769
-0.217373 0.15001 2.84999
-1.20642 0.15001 -0.463966
-2.67312 0.15001 1.94902
-1.54255 0.15001 -1.78185
-2.4892 0.15001 -1.49428
-1.16448 0.15001 0.610313
-1.39584 0.15001 -1.0501
-1.0203 0.15001 2.84999
-1.83454 0.15001 2.16065
-2.67265 0.15001 1.75419
-2.84999 0.15001 2.42475
-2.32257 0.15001 1.3675
0.875997 0.15001 1.51667
-0.521059 0.15001 -1.07295
1.45541 0.15001 -2.48741
-1.3377 0.15001 -0.856578
-0.949163 0.15001 -0.773215
-0.567139 0.15001 0.952219
-1.32976 0.15001 0.238347
0.0244545 0.15001 -0.705244
-1.81156 0.15001 0.500584
-2.67137 0.15001 2.14371
-2.84999 0.15001 0.876401
-2.66435 0.15001 -2.60131
-2.8364 0.15001 -1.49589
-2.68043 0.15001 -0.00819288
1.03169 0.15001 0.847629
2.84999 0.15001 0.204397
-2.67502 0.15001 1.36417
-2.84999 0.15001 1.46016
-2.84999 0.15001 0.282181
-1.45502 0.15001 1.47087
-0.742823 0.15001 1.98956
-2.67142 0.15001 -2.17782
-2.16195 0.15001 -2.84999
-1.18868 0.15001 -1.03928
-2.50542 0.15001 -0.301012
-0.627596 0.15001 2.50314
-2.84999 0.15001 2.61526
-2.16726 0.15001 0.889154
-2.84999 0.15001 2.04114
-2.25721 0.15001 2.15568
-0.641369 0.15001 2.15812
-0.123161 0.15001 -1.43706
-2.66872 0.15001 -0.790728
-2.49359 0.15001 -2.50443
-1.0541 0.15001 -1.23952
-2.50709 0.15001 0.0922724
-1.98711 0.15001 -0.0272691
-1.75774 0.15001 1.29705
-2.33211 0.15001 1.17318
0.375784 0.15001 2.84999
-2.31561 0.15001 1.75937
-1.24644 0.15001 -2.30844
-0.149525 0.15001 1.98462
-2.32715 0.15001 -1.60958
2.67944 0.15001 2.00267
1.5312 0.15001 1.32001
-0.946739 0.15001 1.64499
1.81777 0.15001 -1.86715
-0.541319 0.15001 -2.49263
1.69317 0.15001 -0.271137
2.35351 0.15001 -1.01442
2.35716 0.15001 -2.75618
0.0289396 0.15001 -0.896892
-1.60202 0.15001 -1.07701
-0.149851 0.15001 -0.216271
0.376806 0.15001 -1.0738
-2.67285 0.15001 -0.591645
-0.337604 0.15001 -2.48807
-2.66519 0.15001 -2.4013
-0.416505 0.15001 2.84999
-2.67853 0.15001 -0.200691
-1.65146 0.15001 -2.67205
2.18825 0.15001 1.14034
0.381157 0.15001 -1.95769
-1.7353 0.15001 -0.37712
-2.15453 0.15001 0.096022
-0.123475 0.15001 2.66849
-1.64069 0.15001 -1.97002
0.535701 0.15001 -0.390125
-0.143284 0.15001 0.761588
0.699104 0.15001 0.658304
-2.30377 0.15001 -1.36814
-0.218456 0.15001 -1.2507
0.549318 0.15001 -1.16581
-2.31444 0.15001 -2.00232
-2.84999 0.15001 -2.65731
-0.648485 0.15001 -2.6752
0.721148 0.15001 -1.2548
-1.79685 0.15001 0.931669
-1.56284 0.15001 0.958425
-2.84999 0.15001 1.65435
-1.13904 0.15001 -1.76852
-0.636778 0.15001 -1.95433
-0.736854 0.15001 -1.41314
-2.67063 0.15001 -0.995302
-0.650005 0.15001 0.471842
1.36136 0.15001 0.287556
-1.56188 0.15001 1.29942
-1.24304 0.15001 1.8165
-2.84999 0.15001 2.23334
-1.82378 0.15001 0.309415
0.197905 0.15001 -0.792034
-2.3247 0.15001 -2.60582
0.0233128 0.15001 -0.117657
0.701696 0.15001 -0.0999664
1.36399 0.15001 -0.464707
1.58803 0.15001 2.51524
-0.520144 0.15001 2.67585
-2.00621 0.15001 2.84999
-2.68004 0.15001 0.187279
-1.95209 0.15001 1.63965
-0.841165 0.15001 -1.5875
-2.84999 0.15001 -2.46354
-1.55212 0.15001 -2.84999
-1.95651 0.15001 -1.79651
-0.495326 0.15001 -0.541145
-0.830142 0.15001 -0.91961
-2.33661 0.15001 0.586444
-1.6514 0.15001 -2.31621
-0.846941 0.15001 0.449855
-2.84999 0.15001 2.84999
-0.846138 0.15001 -2.67589
1.36321 0.15001 -0.27598
-2.14721 0.15001 1.28274
-1.40532 0.15001 -0.503627
-2.70042 0.15001 2.72222
-2.04897 0.15001 1.81674
-2.12897 0.15001 -0.432315
-2.51212 0.15001 2.65638
-0.653316 0.15001 1.4687
-1.62671 0.15001 2.50285
-1.351 0.15001 -2.84999
-0.148211 0.15001 -0.0193587
-2.84999 0.15001 -0.690471
-1.27596 0.15001 -0.662992
0.204724 0.15001 -0.985102
0.704982 0.15001 -0.672071
-1.64619 0.15001 -1.60974
-2.32613 0.15001 1.95749
-2.67898 0.15001 0.78241
-1.81324 0.15001 2.84999
-1.36137 0.15001 0.604927
0.283087 0.15001 -1.43442
-2.84999 0.15001 -0.893366
-2.84999 0.15001 -0.101844
-1.45166 0.15001 -2.30401
0.202867 0.15001 1.14771
-2.66687 0.15001 2.53001
-2.16651 0.15001 0.690621
-2.32419 0.15001 2.33675
0.228626 0.15001 1.94084
-0.745085 0.15001 -2.5014
-1.94993 0.15001 -0.93613
1.37357 0.15001 1.60826
1.52659 0.15001 0.38342
0.204123 0.15001 1.74438
-0.227057 0.15001 2.49867
-0.52826 0.15001 -1.42305
2.35284 0.15001 1.04653
1.36157 0.15001 0.661764
2.34394 0.15001 1.81435
1.69679 0.15001 -1.21465
-1.14972 0.15001 -2.84999
-1.13827 0.15001 -0.835572
-0.431204 0.15001 -1.6021
-1.04306 0.15001 -2.31329
-0.421288 0.15001 -1.24998
-0.946939 0.15001 -2.84999
-1.74264 0.15001 -0.909657
-2.67318 0.15001 -1.97867
-2.67286 0.15001 1.55953
-2.84999 0.15001 -1.68798
-2.49336 0.15001 -1.89476
2.18698 0.15001 1.33081
-0.446266 0.15001 1.81622
-2.49675 0.15001 1.85546
-1.95928 0.15001 -2.49321
-2.50817 0.15001 0.684499
-1.52283 0.15001 2.67609
0.48149 0.15001 2.34477
-0.352132 0.15001 1.64424
-1.85607 0.15001 -2.67167
-2.67712 0.15001 1.16716
-1.25381 0.15001 -1.23904
0.0394693 0.15001 1.24821
0.870269 0.15001 -0.571063
-2.01511 0.15001 -0.590243
-0.837892 0.15001 2.16002
-2.0896 0.15001 -0.772152
-1.7527 0.15001 1.64102
-2.84999 0.15001 0.481478
-0.838456 0.15001 -1.95121
0.847128 0.15001 -2.84999
-2.67563 0.15001 -0.391817
0.54293 0.15001 1.52748
1.19594 0.15001 0.566576
-1.00658 0.15001 -0.423782
2.02142 0.15001 1.42469
2.3533 0.15001 0.483185
-2.1626 0.15001 0.292786
-1.61736 0.15001 2.84999
-2.49312 0.15001 -2.70057
-0.636745 0.15001 -0.906298
-1.04335 0.15001 -2.6736
1.56446 0.15001 -2.31098
0.48389 0.15001 -1.78044
-0.323612 0.15001 1.26608
-1.33327 0.15001 2.32812
-2.33592 0.15001 0.981584
-0.30792 0.15001 0.870072
-2.56994 0.15001 2.84999
-1.58904 0.15001 0.00457745
0.0242397 0.15001 -0.311357
-1.99264 0.15001 0.79376
-0.329533 0.15001 -0.314062
-2.49181 0.15001 2.24964
-2.33691 0.15001 -0.00467384
-2.03742 0.15001 2.16012
-1.92065 0.15001 2.67603
-1.72233 0.15001 2.67608
0.074237 0.15001 2.67682
1.04495 0.15001 -2.84999
2.35228 0.15001 1.23625
-2.15828 0.15001 -2.50728
0.881272 0.15001 -1.77428
1.19798 0.15001 -0.18452
-2.33807 0.15001 0.788107
0.868691 0.15001 1.13308
-1.43388 0.15001 2.15786
-0.0202117 0.15001 2.84999
-0.473395 0.15001 1.1183
-0.544379 0.15001 -2.84999
-1.44903 0.15001 -2.66906
-1.84698 0.15001 -1.62868
1.38239 0.15001 2.50121
-2.48344 0.15001 -0.692195
-1.96159 0.15001 0.174596
0.703531 0.15001 -0.480529
-1.88662 0.15001 -1.2819
-2.05878 0.15001 1.4665
1.82959 0.15001 1.90737
-2.65793 0.15001 -2.80624
0.3854 0.15001 -1.60646
-1.06627 0.15001 1.12832
1.17445 0.15001 -1.95492
0.268367 0.15001 -2.49999
-0.144738 0.15001 -0.409665
-1.20263 0.15001 0.0749291
-2.1616 0.15001 1.08517
-1.42792 0.15001 2.50234
-1.66165 0.15001 1.12843
-0.748644 0.15001 -2.84999
2.67722 0.15001 2.19864
-2.4888 0.15001 -2.09123
2.68403 0.15001 0.858454
-2.05141 0.15001 -0.249428
-0.0443643 0.15001 2.15305
1.85809 0.15001 -0.175206
0.372105 0.15001 2.50791
2.68292 0.15001 1.42579
1.69222 0.15001 0.104548
0.776919 0.15001 2.84999
-0.841209 0.15001 -2.31761
-0.226005 0.15001 -1.60843
-2.15726 0.15001 -1.50717
-2.84999 0.15001 -2.84999
-1.26747 0.15001 -0.112422
1.86101 0.15001 -1.3034
-1.13602 0.15001 0.259098
-1.85532 0.15001 1.46552
-1.6571 0.15001 0.788363
-0.94288 0.15001 -2.50055
-0.729174 0.15001 -1.07822
2.18953 0.15001 -0.546582
-2.33498 0.15001 0.390022
-0.7132 0.15001 -0.20134
-1.34981 0.15001 1.64316
-1.05234 0.15001 1.47405
-1.6449 0.15001 1.81488
0.371706 0.15001 -0.878655
-0.852709 0.15001 1.47111
-2.32305 0.15001 -0.421376
0.0454281 0.15001 -1.09095
1.20788 0.15001 -1.13677
1.47096 0.15001 1.77482
-2.13709 0.15001 1.99163
-1.8468 0.15001 1.81442
1.15345 0.15001 -2.66754
-2.49798 0.15001 1.46384
-0.0213293 0.15001 -1.9591
-0.969586 0.15001 0.958669
-2.84999 0.15001 -1.09749
-0.23932 0.15001 -2.66823
1.53168 0.15001 -0.934453
1.88555 0.15001 2.34936
2.02256 0.15001 0.482008
1.99784 0.15001 2.00424
1.69193 0.15001 0.291962
0.196222 0.15001 0.368252
-0.95905 0.15001 1.30029
0.902729 0.15001 1.91427
-2.50382 0.15001 -1.69931
2.18848 0.15001 0.0149264
0.0770937 0.15001 -2.13622
-0.0210848 0.15001 -1.2711
-1.03916 0.15001 -1.94375
2.08384 0.15001 2.68316
-1.6311 0.15001 2.15852
0.98414 0.15001 2.84999
-0.721876 0.15001 2.67726
2.02384 0.15001 1.23362
1.25809 0.15001 -2.4877
-1.81242 0.15001 -1.09592
1.20008 0.15001 -0.562634
1.20662 0.15001 1.50925
-1.78894 0.15001 -0.0294253
-1.23634 0.15001 -1.94555
0.0319253 0.15001 0.853484
-2.50195 0.15001 1.26961
2.84999 0.15001 2.4767
0.262791 0.15001 2.34238
1.06928 0.15001 -2.12973
2.18883 0.15001 -0.17225
-0.139873 0.15001 -2.84999
-0.331293 0.15001 -2.13172
-1.54943 0.15001 -2.49111
-2.5048 0.15001 0.290352
0.780563 0.15001 2.51809
-2.84999 0.15001 1.26511
-0.617567 0.15001 2.84999
0.0254862 0.15001 0.465456
-0.0281863 0.15001 -2.31237
0.196378 0.15001 -0.596697
1.62902 0.15001 -2.84999
-1.44385 0.15001 1.81463
-0.931684 0.15001 2.33096
-2.0273 0.15001 2.50176
-1.99475 0.15001 0.592099
-1.14637 0.15001 -1.41537
-1.26207 0.15001 1.12638
-2.84999 0.15001 1.84796
-2.21542 0.15001 -0.614406
0.381144 0.15001 -1.26639
-1.05594 0.15001 0.44489
0.195985 0.15001 -0.0179301
1.08137 0.15001 -1.77777
2.18793 0.15001 0.389175
-1.99245 0.15001 0.989077
1.03172 0.15001 0.0953308
-1.41929 0.15001 2.84999
2.02409 0.15001 1.04452
0.180845 0.15001 -1.95909
2.50498 0.15001 2.6972
0.3655 0.15001 0.657372
0.764929 0.15001 2.19057
1.52672 0.15001 0.570386
0.405906 0.15001 2.01067
-1.02751 0.15001 2.50509
-1.07928 0.15001 -0.619679
-0.24047 0.15001 2.15578
1.84553 0.15001 1.71294
1.6286 0.15001 -1.92685
-1.75998 0.15001 -1.44296
-2.48843 0.15001 -1.29181
-1.81537 0.15001 -0.56378
-1.24754 0.15001 -2.66889
-1.74558 0.15001 -1.79913
2.18904 0.15001 -1.11023
0.0842435 0.15001 -1.43664
-0.0493518 0.15001 1.81116
-0.0317615 0.15001 2.4937
-2.50096 0.15001 -0.497795
-1.75445 0.15001 -2.84999
0.067664 0.15001 -2.4931
-0.501781 0.15001 -0.208351
-0.132548 0.15001 -1.00878
0.941853 0.15001 2.10889
0.573461 0.15001 2.51818
-1.45212 0.15001 0.421394
-1.85814 0.15001 -0.216434
0.532931 0.15001 0.372076
-2.09921 0.15001 -1.31184
-1.74689 0.15001 -2.14111
0.463971 0.15001 -2.84999
0.277824 0.15001 -2.13701
-2.84999 0.15001 -2.26398
2.18919 0.15001 -0.359422
2.84999 0.15001 -1.87795
0.861994 0.15001 -2.48891
-1.23657 0.15001 2.15934
0.880731 0.15001 -1.1494
-1.95203 0.15001 -2.14789
1.19595 0.15001 0.379193
1.81474 0.15001 2.11067
2.3529 0.15001 0.85806
0.864749 0.15001 0.564767
0.565671 0.15001 1.91485
2.67156 0.15001 2.59609
0.37573 0.15001 1.631
1.27753 0.15001 2.05442
0.202985 0.15001 1.34414
1.79324 0.15001 -2.2792
2.51929 0.15001 0.203496
2.02489 0.15001 -0.829646
1.86078 0.15001 -1.11456
-1.66052 0.15001 -0.18751
-0.764122 0.15001 0.957448
-1.22839 0.15001 2.50419
2.68137 0.15001 1.8107
1.04372 0.15001 1.60583
-0.422799 0.15001 2.50125
1.37225 0.15001 -1.96129
-1.33659 0.15001 -0.308649
0.081556 0.15001 -1.7836
-0.43529 0.15001 -2.30944
-1.14539 0.15001 -2.4912
-1.55199 0.15001 -1.42544
-0.819345 0.15001 2.84999
-1.82559 0.15001 2.50346
-0.456324 0.15001 1.46686
0.201403 0.15001 0.949203
1.53035 0.15001 -0.744931
-0.147328 0.15001 -0.613494
-1.85494 0.15001 -2.32127
-0.330623 0.15001 2.3289
2.35067 0.15001 1.42755
-0.152398 0.15001 -0.810699
0.36521 0.15001 0.466582
-1.52952 0.15001 2.32742
2.18859 0.15001 2.84999
1.18602 0.15001 2.84999
0.977249 0.15001 -1.95031
0.0261589 0.15001 0.27084
-0.534276 0.15001 -1.77662
-1.46355 0.15001 -0.151764
-1.43927 0.15001 -1.95318
-1.60912 0.15001 -0.535272
-1.57732 0.15001 0.599776
-1.73833 0.15001 1.98814
-2.19633 0.15001 2.84999
-1.12297 0.15001 2.67751
0.702577 0.15001 -0.290002
-0.97662 0.15001 -1.04565
0.533923 0.15001 0.945313
-0.31368 0.15001 0.672606
1.04906 0.15001 -1.4289
-0.922669 0.15001 2.67773
-0.947839 0.15001 -1.41167
-1.99259 0.15001 0.392674
-2.47687 0.15001 2.45531
-1.04199 0.15001 1.8173
1.85719 0.15001 0.38725
0.884738 0.15001 1.70977
0.0402426 0.15001 1.64024
2.67362 0.15001 2.39669
2.50503 0.15001 2.29985
2.50151 0.15001 -2.26707
-1.14763 0.15001 1.64575
-1.46157 0.15001 1.12833
1.52681 0.15001 0.196204
-0.73544 0.15001 2.3284
-0.638921 0.15001 -2.31461
-2.05991 0.15001 -2.67725
-0.341034 0.15001 -0.706451
-2.02057 0.15001 -1.12483
-2.3626 0.15001 -2.84999
-0.536115 0.15001 -2.1326
-1.95694 0.15001 -2.84999
-2.4953 0.15001 2.05395
2.18836 0.15001 0.951612
0.699928 0.15001 0.279443
1.36883 0.15001 -1.03501
2.18947 0.15001 -0.92174
-1.67756 0.15001 -1.26087
1.363 0.15001 -2.31082
2.51903 0.15001 0.390233
-0.644572 0.15001 1.81543
-2.49422 0.15001 -1.09587
-1.85511 0.15001 1.12616
-0.665036 0.15001 0.275899
-0.765716 0.15001 0.625295
-2.17012 0.15001 -0.100086
-2.67828 0.15001 0.385647
-0.231395 0.15001 -2.30912
2.50162 0.15001 -2.46062
-2.32444 0.15001 -0.220749
-0.738429 0.15001 -1.77126
-2.2362 0.15001 -1.15698
0.866951 0.15001 -0.0017385
2.3531 0.15001 0.670346
1.03053 0.15001 0.471581
-0.12244 0.15001 -1.78374
1.36601 0.15001 1.22496
2.33905 0.15001 2.00889
1.69197 0.15001 0.479121
1.65141 0.15001 1.98813
0.205811 0.15001 1.5406
0.700719 0.15001 0.0897735
2.33411 0.15001 2.39864
0.727268 0.15001 1.81376
-0.147246 0.15001 0.5678
-0.637433 0.15001 -1.59343
2.51564 0.15001 1.52342
1.98453 0.15001 2.84999
0.788368 0.15001 -1.59297
1.85979 0.15001 -0.738338
1.21183 0.15001 -1.5321
2.84999 0.15001 2.09558
1.19885 0.15001 -0.373327
2.15341 0.15001 2.31088
0.0374406 0.15001 1.05166
0.0627785 0.15001 -2.84999
0.373106 0.15001 -2.31704
0.283524 0.15001 -1.78219
-0.328715 0.15001 -1.78146
1.16508 0.15001 -2.30926
2.6822 0.15001 -1.39533
-1.3356 0.15001 -1.77227
-1.22013 0.15001 2.84999
1.69461 0.15001 1.0402
-2.32243 0.15001 1.56006
1.65122 0.15001 -2.48881
1.81941 0.15001 -2.84999
1.03264 0.15001 -0.0931652
-2.66726 0.15001 -1.39804
-1.00929 0.15001 0.101603
1.52922 0.15001 -0.556098
-2.84999 0.15001 -1.30277
-0.544642 0.15001 -0.733914
1.372 0.15001 -1.22794
-1.34379 0.15001 -1.41796
0.363787 0.15001 -2.67507
1.04282 0.15001 -1.04549
0.535182 0.15001 -0.199429
1.0357 0.15001 1.22616
2.02458 0.15001 -0.642123
0.865348 0.15001 0.376054
-1.64725 0.15001 0.384242
-2.67181 0.15001 -1.59249
-2.1339 0.15001 2.32715
-1.82478 0.15001 0.696106
1.26461 0.15001 -2.13304
-0.883575 0.15001 -0.579607
-0.315355 0.15001 0.0801007
-1.04506 0.15001 -1.58944
0.558254 0.15001 -2.67438
-1.13756 0.15001 -0.271161
-1.06932 0.15001 0.785565
-1.33824 0.15001 1.98929
2.51829 0.15001 0.764346
2.18791 0.15001 0.576319
0.881436 0.15001 2.68556
0.173478 0.15001 -2.31624
-2.1202 0.15001 2.67433
-1.32301 0.15001 2.67666
-2.33299 0.15001 0.195128
2.84999 0.15001 -1.10644
-1.34809 0.15001 -2.48615
1.88569 0.15001 2.68468
-1.538 0.15001 -0.887468
-2.22831 0.15001 2.50011
-0.849154 0.15001 -1.23427
-2.14562 0.15001 -2.10614
-1.89063 0.15001 -0.745098
-0.534087 0.15001 2.32965
-1.93836 0.15001 1.98888
-2.49291 0.15001 -0.888887
1.36763 0.15001 1.41498
1.85816 0.15001 0.761491
2.51896 0.15001 -0.91895
1.03893 0.15001 -0.852883
0.675583 0.15001 -1.43795
-2.3175 0.15001 -2.20004
2.35055 0.15001 -1.39689
-0.665122 0.15001 1.12401
-2.30464 0.15001 -0.804105
-2.31842 0.15001 2.66874
-2.50827 0.15001 0.882757
0.368342 0.15001 1.04509
0.699185 0.15001 0.469316
-0.125789 0.15001 1.15226
0.366739 0.15001 -0.491606
-1.44341 0.15001 -1.59894
1.19812 0.15001 0.941863
-0.942936 0.15001 -1.76607
-0.126054 0.15001 -2.13371
2.02412 0.15001 -0.454742
-2.13562 0.15001 -1.70566
0.708344 0.15001 1.42533
0.539136 0.15001 1.33298
1.85981 0.15001 1.13665
0.734074 0.15001 2.00653
-0.486885 0.15001 0.583577
1.5309 0.15001 1.50962
0.0332807 0.15001 1.44504
0.536029 0.15001 1.13876
-1.85777 0.15001 -1.97015
1.031 0.15001 0.283574
2.18398 0.15001 1.52301
1.28045 0.15001 2.31041
1.49632 0.15001 2.34306
1.86043 0.15001 -1.4907
2.35253 0.15001 -1.20421
0.266211 0.15001 -2.84999
1.12905 0.15001 2.17216
1.6945 0.15001 -0.647303
-1.52711 0.15001 0.215133
-0.432598 0.15001 -1.95529
1.09669 0.15001 1.98197
-1.1596 0.15001 1.30205
0.177866 0.15001 2.84999
-0.625363 0.15001 -1.24672
1.65012 0.15001 -1.71682
0.183963 0.15001 -1.609
0.71245 0.15001 -1.0589
1.69541 0.15001 -0.835658
1.94405 0.15001 -2.6634
-0.690482 0.15001 -0.555232
-1.26232 0.15001 0.781472
-1.53581 0.15001 1.98861
-0.827668 0.15001 2.50406
2.16211 0.15001 -2.07383
0.675667 0.15001 -2.13222
0.967887 0.15001 -2.30801
1.21369 0.15001 -1.33231
-2.08717 0.15001 -2.31119
1.36697 0.15001 -0.843784
-1.35959 0.15001 1.29965
-1.39438 0.15001 0.0472531
1.19642 0.15001 0.191634
-2.50691 0.15001 -0.107314
0.477087 0.15001 -2.1348
0.532616 0.15001 0.752727
0.538631 0.15001 -0.774679
-0.936017 0.15001 -0.235317
0.536671 0.15001 -0.58167
1.52783 0.15001 -0.179324
0.371554 0.15001 2.19067
0.366343 0.15001 -0.10886
-0.938582 0.15001 1.99162
-2.50589 0.15001 1.07396
1.74451 0.15001 -2.66709
0.571768 0.15001 -2.31296
2.84999 0.15001 -2.45829
0.366485 0.15001 -0.299905
1.36523 0.15001 -0.653847
0.484734 0.15001 -1.43292
2.685 0.15001 0.297447
2.01604 0.15001 1.61776
-0.843236 0.15001 1.81657
2.38839 0.15001 2.84999
1.03072 0.15001 0.659486
2.51977 0.15001 -0.170102
-0.484191 0.15001 0.374625
2.4993 0.15001 2.50041
-0.667174 0.15001 0.78916
-1.07281 0.15001 -0.0811988
1.86039 0.15001 -0.926234
2.30073 0.15001 2.66747
0.551286 0.15001 1.72152
-0.319068 0.15001 -0.116722
-1.24026 0.15001 -1.5934
-2.67013 0.15001 -1.19539
1.36253 0.15001 -0.0876863
1.45883 0.15001 -2.13694
1.0467 0.15001 -1.23868
1.85936 0.15001 1.32586
-2.38383 0.15001 2.84999
2.50664 0.15001 2.10458
1.03882 0.15001 1.41702
2.35441 0.15001 -0.264549
-2.84941 0.15001 -1.88482
1.98921 0.15001 -2.16783
2.17632 0.15001 -1.68907
2.16771 0.15001 -1.88195
-0.489116 0.15001 0.177883
0.676663 0.15001 2.68338
2.17727 0.15001 2.51014
-2.31256 0.15001 -1.80926
2.17291 0.15001 1.91139
0.866054 0.15001 0.187216
0.195722 0.15001 -0.209797
1.20194 0.15001 -0.752709
-0.145699 0.15001 0.174894
1.9859 0.15001 -2.36209
0.58086 0.15001 -1.95518
-0.246998 0.15001 1.81129
-1.13747 0.15001 1.98898
-0.939811 0.15001 0.282897
2.68473 0.15001 0.48414
1.07468 0.15001 2.35106
2.84999 0.15001 -1.49036
1.05408 0.15001 1.79839
-1.93066 0.15001 2.33045
1.69477 0.15001 1.41736
2.51738 0.15001 1.33118
2.84999 0.15001 1.14058
2.84999 0.15001 1.52075
2.68357 0.15001 1.2356
0.370561 0.15001 1.24092
0.044917 0.15001 1.98172
2.68621 0.15001 -2.74997
2.84999 0.15001 -2.07121
1.38423 0.15001 -1.62281
2.68528 0.15001 -0.0760423
0.196918 0.15001 0.561487
2.35438 0.15001 -0.826066
2.0238 0.15001 -1.39709
2.84999 0.15001 1.90342
-0.136962 0.15001 2.32602
2.84999 0.15001 0.95203
2.84999 0.15001 -1.68436
-1.14281 0.15001 -2.12927
2.33406 0.15001 -1.97909
1.36187 0.15001 0.100133
2.6763 0.15001 -2.16844
2.35415 0.15001 -0.0775942
1.52744 0.15001 0.757265
2.68336 0.15001 -1.20299
-1.95241 0.15001 1.29365
-0.86951 0.15001 -0.0507932
1.64978 0.15001 -2.13226
2.18433 0.15001 -1.49446
-0.0364406 0.15001 -2.67011
0.873175 0.15001 -2.12916
-2.84999 0.15001 -0.293895
1.84473 0.15001 -2.4911
0.880186 0.15001 2.34501
-0.756318 0.15001 1.29817
-1.25288 0.15001 0.433378
1.78603 0.15001 2.84999
0.684251 0.15001 -1.77633
1.82571 0.15001 -2.06306
1.99977 0.15001 -1.78143
1.43646 0.15001 -2.84999
0.985307 0.15001 -1.60767
-1.03389 0.15001 2.16239
1.03356 0.15001 -0.282062
1.69243 0.15001 0.666083
2.84999 0.15001 2.66441
2.84999 0.15001 2.84999
1.27749 0.15001 -1.7849
2.84999 0.15001 -2.2644
0.663566 0.15001 -2.49174
-0.308396 0.15001 -0.508352
0.707769 0.15001 -0.864757
0.779454 0.15001 -1.95191
1.42903 0.15001 2.16577
0.87239 0.15001 -0.762401
0.71488 0.15001 1.61847
-1.72977 0.15001 2.33111
0.175758 0.15001 2.14092
-0.132353 0.15001 0.95613
0.532267 0.15001 0.562986
2.5117 0.15001 1.90931
2.84999 0.15001 -0.729664
-2.49544 0.15001 1.65967
2.51465 0.15001 1.71696
1.66502 0.15001 1.79769
2.0079 0.15001 1.81181
0.366871 0.15001 0.84921
-0.675448 0.15001 -0.00644565
-0.803086 0.15001 -0.386554
-0.324014 0.15001 -1.42783
0.023334 0.15001 -0.507956
-0.8648 0.15001 1.12805
1.85732 0.15001 0.199984
-1.71722 0.15001 0.154987
0.569685 0.15001 2.13509
1.08615 0.15001 2.68167
1.20227 0.15001 1.32014
-2.84999 0.15001 0.679165
2.15754 0.15001 -2.2665
0.167881 0.15001 2.50735
-0.315619 0.15001 0.27363
1.36121 0.15001 0.474694
-1.35953 0.15001 0.954398
2.02259 0.15001 0.29484
2.84999 0.15001 1.7128
0.365795 0.15001 0.0822931
-0.343278 0.15001 1.98715
1.06014 0.15001 -2.4878
2.32639 0.15001 -2.36762
2.68114 0.15001 -1.58891
1.24143 0.15001 -2.84999
2.32662 0.15001 -2.56414
1.38514 0.15001 2.84999
1.85908 0.15001 0.948776
2.5181 0.15001 1.14142
2.17913 0.15001 1.71657
2.84999 0.15001 0.764527
1.35095 0.15001 -2.6669
2.32942 0.15001 -2.17161
0.198886 0.15001 0.753675
1.69625 0.15001 -1.02458
0.473157 0.15001 2.68183
-1.13248 0.15001 2.33324
0.97992 0.15001 2.51821
2.64205 0.15001 2.85
2.34638 0.15001 -1.59139
2.68516 0.15001 0.11075
1.19717 0.15001 0.00376716
-0.145663 0.15001 0.371332
-0.552441 0.15001 1.29537
1.85746 0.15001 0.574389
0.0680302 0.15001 2.31612
0.865108 0.15001 0.753167
0.384645 0.15001 1.82186
2.50498 0.15001 -2.07348
1.18552 0.15001 2.50775
-2.14924 0.15001 1.64678
0.701377 0.15001 1.03922
2.50863 0.15001 -1.88053
1.52843 0.15001 -0.367595
2.68533 0.15001 -0.262798
2.84999 0.15001 -0.542655
2.02365 0.15001 -0.267316
2.18813 0.15001 -1.30066
-0.548819 0.15001 1.6419
1.28575 0.15001 2.67729
2.51954 0.15001 0.016733
2.68111 0.15001 -2.55623
0.875865 0.15001 -0.955058
2.68511 0.15001 -0.636561
2.52681 0.15001 -2.84999
2.02282 0.15001 0.10755
1.68754 0.15001 1.60959
2.18813 0.15001 0.202075
1.99464 0.15001 2.19585
1.29256 0.15001 1.86586
2.35381 0.15001 0.109352
0.167912 0.15001 -2.67382
1.03641 0.15001 -0.661694
2.51169 0.15001 -1.68728
0.02556 0.15001 0.076334
1.69267 0.15001 -0.0831796
1.69375 0.15001 -0.459184
1.85918 0.15001 -0.550636
-0.153017 0.15001 1.6338
-0.293784 0.15001 1.06448
2.84999 0.15001 0.391016
2.01601 0.15001 -1.59022
2.51458 0.15001 -1.49321
-0.869134 0.15001 0.790331
2.68422 0.15001 -1.01244
0.464312 0.15001 -2.49964
2.84999 0.15001 -0.917311
-0.318115 0.15001 0.476891
1.53017 0.15001 1.13175
-0.542683 0.15001 1.98775
2.18811 0.15001 0.763781
2.68381 0.15001 1.04697
-2.84999 0.15001 1.06963
0.871593 0.15001 1.32532
1.68778 0.15001 2.68407
1.78795 0.15001 2.51931
0.372788 0.15001 1.43597
2.00853 0.15001 -2.84999
1.48414 0.15001 2.6785
2.67888 0.15001 -1.97562
-0.436712 0.15001 2.15837
2.51668 0.15001 -1.29976
0.954997 0.15001 -2.66829
0.755888 0.15001 -2.67186
1.55059 0.15001 -1.52596
0.0263335 0.15001 0.659268
-0.940921 0.15001 -2.13227
-2.67799 0.15001 0.583312
-1.25314 0.15001 1.47343
2.16637 0.15001 2.10713
0.86796 0.15001 -0.190982
1.211 0.15001 1.69728
1.19664 0.15001 0.754073
1.69837 0.15001 -1.40606
2.35463 0.15001 -0.451521
0.196398 0.15001 0.174854
1.85861 0.15001 -0.362944
-0.603195 0.15001 -0.373701
2.18967 0.15001 -0.733891
2.84999 0.15001 2.28703
2.51805 0.15001 -1.10822
2.84999 0.15001 -2.65419
1.54754 0.15001 -2.66663
2.19677 0.15001 -2.84999
0.585469 0.15001 -1.60618
1.83791 0.15001 -1.67586
1.69342 0.15001 2.35143
1.69548 0.15001 1.22805
1.85512 0.15001 1.51793
2.68441 0.15001 0.671028
2.51797 0.15001 0.952311
1.4754 0.15001 -1.79672
0.860716 0.15001 -1.39323
0.36844 0.15001 -0.684584
2.34095 0.15001 -1.78537
0.53354 0.15001 0.181406
0.703939 0.15001 1.23156
2.5199 0.15001 -0.356927
2.84999 0.15001 -0.169101
2.33252 0.15001 2.20457
2.84999 0.15001 0.0176869
1.20002 0.15001 1.13036
2.15186 0.15001 -2.46635
-0.341854 0.15001 -2.84999
2.51958 0.15001 -0.731093
1.69341 0.15001 0.853005
1.98323 0.15001 2.51677
2.84999 0.15001 -1.29765
2.02361 0.15001 0.856667
1.5273 0.15001 0.00863526
2.35467 0.15001 -0.63861
2.51984 0.15001 -0.543889
2.84999 0.15001 -2.84999
2.02517 0.15001 -1.20638
-2.16729 0.15001 0.489391
2.14518 0.15001 -2.66212
2.0232 0.15001 -0.0798621
1.52878 0.15001 0.944298
-0.482891 0.15001 -0.0147035
-1.4612 0.15001 0.779667
0.534406 0.15001 -0.00901082
1.5331 0.15001 -1.12523
2.68528 0.15001 -0.449584
1.03347 0.15001 1.0364
2.02516 0.15001 -1.01767
-0.47579 0.15001 0.780034
-1.53519 0.15001 -0.346525
1.36433 0.15001 1.03653
1.20446 0.15001 -0.944189
1.58493 0.15001 2.84999
1.36272 0.15001 0.848958
2.51725 0.15001 -2.6538
2.67623 0.15001 -2.36163
2.68477 0.15001 -0.823923
1.03471 0.15001 -0.471535
1.37938 0.15001 -1.42846
0.365325 0.15001 0.274107
1.5351 0.15001 -1.31926
1.62208 0.15001 2.17658
2.02291 0.15001 0.66922
2.6822 0.15001 1.61933
2.68016 0.15001 -1.78265
1.99655 0.15001 -1.97338
0.868946 0.15001 -0.380665
2.84999 0.15001 -0.355836
0.699642 0.15001 0.847851
2.35352 0.15001 0.296253
0.866629 0.15001 0.942618
-0.318517 0.15001 2.67093
0.675097 0.15001 2.35551
2.34812 0.15001 1.62058
