1240 0.1
-0.499982 0.15001 -0.499982
-0.498264 0.15001 -0.300003
-0.499988 0.15001 -0.100012
-0.5 0.15001 0.1
-0.5 0.15001 0.3
-0.5 0.15001 0.5
-0.5 0.15001 0.7
-0.499988 0.15001 0.900012
-0.498264 0.15001 1.1
-0.499982 0.15001 1.29998
-0.49995 0.187207 -0.49995
-0.49764 0.192545 -0.300004
-0.499952 0.190932 -0.100048
-0.5 0.190853 0.1
-0.5 0.190847 0.3
-0.5 0.190847 0.5
-0.5 0.190853 0.7
-0.499952 0.190932 0.900048
-0.49764 0.192545 1.1
-0.49995 0.187207 1.29995
-0.5 0.290491 -0.5
-0.498708 0.292236 -0.300002
-0.5 0.291931 -0.1
-0.5 0.291909 0.1
-0.5 0.291905 0.3
-0.5 0.291905 0.5
-0.5 0.291909 0.7
-0.5 0.291931 0.9
-0.498708 0.292236 1.1
-0.5 0.290491 1.3
-0.5 0.46342 -0.5
-0.5 0.46354 -0.3
-0.5 0.463534 -0.1
-0.5 0.463531 0.1
-0.5 0.46353 0.3
-0.5 0.46353 0.5
-0.5 0.463531 0.7
-0.5 0.463534 0.9
-0.5 0.46354 1.1
-0.5 0.46342 1.3
-0.5 0.662493 -0.5
-0.5 0.662493 -0.3
-0.5 0.662493 -0.1
-0.5 0.662493 0.1
-0.5 0.662493 0.3
-0.5 0.662493 0.5
-0.5 0.662493 0.7
-0.5 0.662493 0.9
-0.5 0.662493 1.1
-0.5 0.662493 1.3
-0.5 0.86251 -0.5
-0.5 0.86251 -0.3
-0.5 0.86251 -0.1
-0.5 0.86251 0.1
-0.5 0.86251 0.3
-0.5 0.86251 0.5
-0.5 0.86251 0.7
-0.5 0.86251 0.9
-0.5 0.86251 1.1
-0.5 0.86251 1.3
-0.5 1.06253 -0.5
-0.5 1.06253 -0.3
-0.5 1.06253 -0.1
-0.5 1.06253 0.1
-0.5 1.06253 0.3
-0.5 1.06253 0.5
-0.5 1.06253 0.7
-0.5 1.06253 0.9
-0.5 1.06253 1.1
-0.5 1.06253 1.3
-0.5 1.26254 -0.5
-0.5 1.26254 -0.3
-0.5 1.26254 -0.1
-0.5 1.26254 0.1
-0.5 1.26254 0.3
-0.5 1.26254 0.5
-0.5 1.26254 0.7
-0.5 1.26254 0.9
-0.5 1.26254 1.1
-0.5 1.26254 1.3
-0.5 1.46255 -0.5
-0.5 1.46255 -0.3
-0.5 1.46255 -0.1
-0.5 1.46255 0.1
-0.5 1.46255 0.3
-0.5 1.46255 0.5
-0.5 1.46255 0.7
-0.5 1.46255 0.9
-0.5 1.46255 1.1
-0.5 1.46255 1.3
-0.5 1.66256 -0.5
-0.5 1.66256 -0.3
-0.5 1.66256 -0.1
-0.5 1.66256 0.1
-0.5 1.66256 0.3
-0.5 1.66256 0.5
-0.5 1.66256 0.7
-0.5 1.66256 0.9
-0.5 1.66256 1.1
-0.5 1.66256 1.3
-0.300003 0.15001 -0.498264
-0.300054 0.15001 -0.300054
-0.300003 0.15001 -0.101656
-0.3 0.15001 0.1
-0.3 0.15001 0.3
-0.3 0.15001 0.5
-0.3 0.15001 0.7
-0.300003 0.15001 0.901656
-0.300054 0.15001 1.10005
-0.300003 0.15001 1.29826
-0.300004 0.192545 -0.49764
-0.300571 0.196217 -0.300571
-0.300004 0.194528 -0.102333
-0.3 0.193506 0.1
-0.3 0.193502 0.3
-0.3 0.193502 0.5
-0.3 0.193506 0.7
-0.300004 0.194528 0.902333
-0.300571 0.196217 1.10057
-0.300004 0.192545 1.29764
-0.300002 0.292236 -0.498708
-0.30003 0.293749 -0.30003
-0.300002 0.293316 -0.101256
-0.3 0.293237 0.1
-0.3 0.293233 0.3
-0.3 0.293233 0.5
-0.3 0.293237 0.7
-0.300002 0.293316 0.901256
-0.30003 0.293749 1.10003
-0.300002 0.292236 1.29871
-0.3 0.46354 -0.5
-0.3 0.463667 -0.3
-0.3 0.46366 -0.1
-0.3 0.463656 0.1
-0.3 0.463656 0.3
-0.3 0.463656 0.5
-0.3 0.463656 0.7
-0.3 0.46366 0.9
-0.3 0.463667 1.1
-0.3 0.46354 1.3
-0.3 0.662493 -0.5
-0.3 0.662493 -0.3
-0.3 0.662493 -0.1
-0.3 0.662493 0.1
-0.3 0.662493 0.3
-0.3 0.662493 0.5
-0.3 0.662493 0.7
-0.3 0.662493 0.9
-0.3 0.662493 1.1
-0.3 0.662493 1.3
-0.3 0.86251 -0.5
-0.3 0.86251 -0.3
-0.3 0.86251 -0.1
-0.3 0.86251 0.1
-0.3 0.86251 0.3
-0.3 0.86251 0.5
-0.3 0.86251 0.7
-0.3 0.86251 0.9
-0.3 0.86251 1.1
-0.3 0.86251 1.3
-0.3 1.06253 -0.5
-0.3 1.06253 -0.3
-0.3 1.06253 -0.1
-0.3 1.06253 0.1
-0.3 1.06253 0.3
-0.3 1.06253 0.5
-0.3 1.06253 0.7
-0.3 1.06253 0.9
-0.3 1.06253 1.1
-0.3 1.06253 1.3
-0.3 1.26254 -0.5
-0.3 1.26254 -0.3
-0.3 1.26254 -0.1
-0.3 1.26254 0.1
-0.3 1.26254 0.3
-0.3 1.26254 0.5
-0.3 1.26254 0.7
-0.3 1.26254 0.9
-0.3 1.26254 1.1
-0.3 1.26254 1.3
-0.3 1.46255 -0.5
-0.3 1.46255 -0.3
-0.3 1.46255 -0.1
-0.3 1.46255 0.1
-0.3 1.46255 0.3
-0.3 1.46255 0.5
-0.3 1.46255 0.7
-0.3 1.46255 0.9
-0.3 1.46255 1.1
-0.3 1.46255 1.3
-0.3 1.66256 -0.5
-0.3 1.66256 -0.3
-0.3 1.66256 -0.1
-0.3 1.66256 0.1
-0.3 1.66256 0.3
-0.3 1.66256 0.5
-0.3 1.66256 0.7
-0.3 1.66256 0.9
-0.3 1.66256 1.1
-0.3 1.66256 1.3
-0.100012 0.15001 -0.499988
-0.101656 0.15001 -0.300003
-0.100009 0.15001 -0.100009
-0.1 0.15001 0.1
-0.1 0.15001 0.3
-0.1 0.15001 0.5
-0.1 0.15001 0.7
-0.100009 0.15001 0.900009
-0.101656 0.15001 1.1
-0.100012 0.15001 1.29999
-0.100048 0.190932 -0.499952
-0.102333 0.194528 -0.300004
-0.100045 0.19315 -0.100045
-0.1 0.193079 0.1
-0.1 0.193075 0.3
-0.1 0.193075 0.5
-0.1 0.193079 0.7
-0.100045 0.19315 0.900046
-0.102333 0.194528 1.1
-0.100048 0.190932 1.29995
-0.1 0.291931 -0.5
-0.101256 0.293316 -0.300002
-0.1 0.293066 -0.1
-0.1 0.293045 0.1
-0.1 0.293042 0.3
-0.1 0.293042 0.5
-0.1 0.293045 0.7
-0.1 0.293066 0.9
-0.101256 0.293316 1.1
-0.1 0.291931 1.3
-0.1 0.463534 -0.5
-0.1 0.46366 -0.3
-0.1 0.463652 -0.1
-0.1 0.463649 0.1
-0.1 0.463649 0.3
-0.1 0.463649 0.5
-0.1 0.463649 0.7
-0.1 0.463652 0.9
-0.1 0.46366 1.1
-0.1 0.463534 1.3
-0.1 0.662493 -0.5
-0.1 0.662493 -0.3
-0.1 0.662493 -0.1
-0.1 0.662493 0.1
-0.1 0.662493 0.3
-0.1 0.662493 0.5
-0.1 0.662493 0.7
-0.1 0.662493 0.9
-0.1 0.662493 1.1
-0.1 0.662493 1.3
-0.1 0.86251 -0.5
-0.1 0.86251 -0.3
-0.1 0.86251 -0.1
-0.1 0.86251 0.1
-0.1 0.86251 0.3
-0.1 0.86251 0.5
-0.1 0.86251 0.7
-0.1 0.86251 0.9
-0.1 0.86251 1.1
-0.1 0.86251 1.3
-0.1 1.06253 -0.5
-0.1 1.06253 -0.3
-0.1 1.06253 -0.1
-0.1 1.06253 0.1
-0.1 1.06253 0.3
-0.1 1.06253 0.5
-0.1 1.06253 0.7
-0.1 1.06253 0.9
-0.1 1.06253 1.1
-0.1 1.06253 1.3
-0.1 1.26254 -0.5
-0.1 1.26254 -0.3
-0.1 1.26254 -0.1
-0.1 1.26254 0.1
-0.1 1.26254 0.3
-0.1 1.26254 0.5
-0.1 1.26254 0.7
-0.1 1.26254 0.9
-0.1 1.26254 1.1
-0.1 1.26254 1.3
-0.1 1.46255 -0.5
-0.1 1.46255 -0.3
-0.1 1.46255 -0.1
-0.1 1.46255 0.1
-0.1 1.46255 0.3
-0.1 1.46255 0.5
-0.1 1.46255 0.7
-0.1 1.46255 0.9
-0.1 1.46255 1.1
-0.1 1.46255 1.3
-0.1 1.66256 -0.5
-0.1 1.66256 -0.3
-0.1 1.66256 -0.1
-0.1 1.66256 0.1
-0.1 1.66256 0.3
-0.1 1.66256 0.5
-0.1 1.66256 0.7
-0.1 1.66256 0.9
-0.1 1.66256 1.1
-0.1 1.66256 1.3
0.1 0.15001 -0.5
0.1 0.15001 -0.3
0.1 0.15001 -0.1
0.1 0.15001 0.1
0.1 0.15001 0.3
0.1 0.15001 0.5
0.1 0.15001 0.7
0.1 0.15001 0.9
0.1 0.15001 1.1
0.1 0.15001 1.3
0.1 0.190853 -0.5
0.1 0.193506 -0.3
0.1 0.193079 -0.1
0.1 0.193059 0.1
0.1 0.193055 0.3
0.1 0.193055 0.5
0.1 0.193059 0.7
0.1 0.193079 0.9
0.1 0.193506 1.1
0.1 0.190853 1.3
0.1 0.291909 -0.5
0.1 0.293237 -0.3
0.1 0.293045 -0.1
0.1 0.293024 0.1
0.1 0.293021 0.3
0.1 0.293021 0.5
0.1 0.293024 0.7
0.1 0.293045 0.9
0.1 0.293237 1.1
0.1 0.291909 1.3
0.1 0.463531 -0.5
0.1 0.463656 -0.3
0.1 0.463649 -0.1
0.1 0.463646 0.1
0.1 0.463645 0.3
0.1 0.463645 0.5
0.1 0.463646 0.7
0.1 0.463649 0.9
0.1 0.463656 1.1
0.1 0.463531 1.3
0.1 0.662493 -0.5
0.1 0.662493 -0.3
0.1 0.662493 -0.1
0.1 0.662493 0.1
0.1 0.662493 0.3
0.1 0.662493 0.5
0.1 0.662493 0.7
0.1 0.662493 0.9
0.1 0.662493 1.1
0.1 0.662493 1.3
0.1 0.86251 -0.5
0.1 0.86251 -0.3
0.1 0.86251 -0.1
0.1 0.86251 0.1
0.1 0.86251 0.3
0.1 0.86251 0.5
0.1 0.86251 0.7
0.1 0.86251 0.9
0.1 0.86251 1.1
0.1 0.86251 1.3
0.1 1.06253 -0.5
0.1 1.06253 -0.3
0.1 1.06253 -0.1
0.1 1.06253 0.1
0.1 1.06253 0.3
0.1 1.06253 0.5
0.1 1.06253 0.7
0.1 1.06253 0.9
0.1 1.06253 1.1
0.1 1.06253 1.3
0.1 1.26254 -0.5
0.1 1.26254 -0.3
0.1 1.26254 -0.1
0.1 1.26254 0.1
0.1 1.26254 0.3
0.1 1.26254 0.5
0.1 1.26254 0.7
0.1 1.26254 0.9
0.1 1.26254 1.1
0.1 1.26254 1.3
0.1 1.46255 -0.5
0.1 1.46255 -0.3
0.1 1.46255 -0.1
0.1 1.46255 0.1
0.1 1.46255 0.3
0.1 1.46255 0.5
0.1 1.46255 0.7
0.1 1.46255 0.9
0.1 1.46255 1.1
0.1 1.46255 1.3
0.1 1.66256 -0.5
0.1 1.66256 -0.3
0.1 1.66256 -0.1
0.1 1.66256 0.1
0.1 1.66256 0.3
0.1 1.66256 0.5
0.1 1.66256 0.7
0.1 1.66256 0.9
0.1 1.66256 1.1
0.1 1.66256 1.3
0.3 0.15001 -0.5
0.3 0.15001 -0.3
0.3 0.15001 -0.1
0.3 0.15001 0.1
0.3 0.15001 0.3
0.3 0.15001 0.5
0.3 0.15001 0.7
0.3 0.15001 0.9
0.3 0.15001 1.1
0.3 0.15001 1.3
0.3 0.190847 -0.5
0.3 0.193502 -0.3
0.3 0.193075 -0.1
0.3 0.193055 0.1
0.3 0.193051 0.3
0.3 0.193051 0.5
0.3 0.193055 0.7
0.3 0.193075 0.9
0.3 0.193502 1.1
0.3 0.190847 1.3
0.3 0.291905 -0.5
0.3 0.293233 -0.3
0.3 0.293042 -0.1
0.3 0.293021 0.1
0.3 0.293018 0.3
0.3 0.293018 0.5
0.3 0.293021 0.7
0.3 0.293042 0.9
0.3 0.293233 1.1
0.3 0.291905 1.3
0.3 0.46353 -0.5
0.3 0.463656 -0.3
0.3 0.463649 -0.1
0.3 0.463645 0.1
0.3 0.463645 0.3
0.3 0.463645 0.5
0.3 0.463645 0.7
0.3 0.463649 0.9
0.3 0.463656 1.1
0.3 0.46353 1.3
0.3 0.662493 -0.5
0.3 0.662493 -0.3
0.3 0.662493 -0.1
0.3 0.662493 0.1
0.3 0.662493 0.3
0.3 0.662493 0.5
0.3 0.662493 0.7
0.3 0.662493 0.9
0.3 0.662493 1.1
0.3 0.662493 1.3
0.3 0.86251 -0.5
0.3 0.86251 -0.3
0.3 0.86251 -0.1
0.3 0.86251 0.1
0.3 0.86251 0.3
0.3 0.86251 0.5
0.3 0.86251 0.7
0.3 0.86251 0.9
0.3 0.86251 1.1
0.3 0.86251 1.3
0.3 1.06253 -0.5
0.3 1.06253 -0.3
0.3 1.06253 -0.1
0.3 1.06253 0.1
0.3 1.06253 0.3
0.3 1.06253 0.5
0.3 1.06253 0.7
0.3 1.06253 0.9
0.3 1.06253 1.1
0.3 1.06253 1.3
0.3 1.26254 -0.5
0.3 1.26254 -0.3
0.3 1.26254 -0.1
0.3 1.26254 0.1
0.3 1.26254 0.3
0.3 1.26254 0.5
0.3 1.26254 0.7
0.3 1.26254 0.9
0.3 1.26254 1.1
0.3 1.26254 1.3
0.3 1.46255 -0.5
0.3 1.46255 -0.3
0.3 1.46255 -0.1
0.3 1.46255 0.1
0.3 1.46255 0.3
0.3 1.46255 0.5
0.3 1.46255 0.7
0.3 1.46255 0.9
0.3 1.46255 1.1
0.3 1.46255 1.3
0.3 1.66256 -0.5
0.3 1.66256 -0.3
0.3 1.66256 -0.1
0.3 1.66256 0.1
0.3 1.66256 0.3
0.3 1.66256 0.5
0.3 1.66256 0.7
0.3 1.66256 0.9
0.3 1.66256 1.1
0.3 1.66256 1.3
0.5 0.15001 -0.5
0.5 0.15001 -0.3
0.5 0.15001 -0.1
0.5 0.15001 0.1
0.5 0.15001 0.3
0.5 0.15001 0.5
0.5 0.15001 0.7
0.5 0.15001 0.9
0.5 0.15001 1.1
0.5 0.15001 1.3
0.5 0.190847 -0.5
0.5 0.193502 -0.3
0.5 0.193075 -0.1
0.5 0.193055 0.1
0.5 0.193051 0.3
0.5 0.193051 0.5
0.5 0.193055 0.7
0.5 0.193074 0.9
0.5 0.193502 1.1
0.5 0.190847 1.3
0.5 0.291905 -0.5
0.5 0.293233 -0.3
0.5 0.293042 -0.1
0.5 0.293021 0.1
0.5 0.293018 0.3
0.5 0.293018 0.5
0.5 0.293021 0.7
0.5 0.293042 0.9
0.5 0.293233 1.1
0.5 0.291905 1.3
0.5 0.46353 -0.5
0.5 0.463656 -0.3
0.5 0.463649 -0.1
0.5 0.463645 0.1
0.5 0.463645 0.3
0.5 0.463645 0.5
0.5 0.463645 0.7
0.5 0.463649 0.9
0.5 0.463656 1.1
0.5 0.46353 1.3
0.5 0.662493 -0.5
0.5 0.662493 -0.3
0.5 0.662493 -0.1
0.5 0.662493 0.1
0.5 0.662493 0.3
0.5 0.662493 0.5
0.5 0.662493 0.7
0.5 0.662493 0.9
0.5 0.662493 1.1
0.5 0.662493 1.3
0.5 0.86251 -0.5
0.5 0.86251 -0.3
0.5 0.86251 -0.1
0.5 0.86251 0.1
0.5 0.86251 0.3
0.5 0.86251 0.5
0.5 0.86251 0.7
0.5 0.86251 0.9
0.5 0.86251 1.1
0.5 0.86251 1.3
0.5 1.06253 -0.5
0.5 1.06253 -0.3
0.5 1.06253 -0.1
0.5 1.06253 0.1
0.5 1.06253 0.3
0.5 1.06253 0.5
0.5 1.06253 0.7
0.5 1.06253 0.9
0.5 1.06253 1.1
0.5 1.06253 1.3
0.5 1.26254 -0.5
0.5 1.26254 -0.3
0.5 1.26254 -0.1
0.5 1.26254 0.1
0.5 1.26254 0.3
0.5 1.26254 0.5
0.5 1.26254 0.7
0.5 1.26254 0.9
0.5 1.26254 1.1
0.5 1.26254 1.3
0.5 1.46255 -0.5
0.5 1.46255 -0.3
0.5 1.46255 -0.1
0.5 1.46255 0.1
0.5 1.46255 0.3
0.5 1.46255 0.5
0.5 1.46255 0.7
0.5 1.46255 0.9
0.5 1.46255 1.1
0.5 1.46255 1.3
0.5 1.66256 -0.5
0.5 1.66256 -0.3
0.5 1.66256 -0.1
0.5 1.66256 0.1
0.5 1.66256 0.3
0.5 1.66256 0.5
0.5 1.66256 0.7
0.5 1.66256 0.9
0.5 1.66256 1.1
0.5 1.66256 1.3
0.7 0.15001 -0.5
0.7 0.15001 -0.3
0.7 0.15001 -0.1
0.7 0.15001 0.1
0.7 0.15001 0.3
0.7 0.15001 0.5
0.7 0.15001 0.7
0.7 0.15001 0.9
0.7 0.15001 1.1
0.7 0.15001 1.3
0.7 0.190853 -0.5
0.7 0.193506 -0.3
0.7 0.193079 -0.1
0.7 0.193059 0.1
0.7 0.193055 0.3
0.7 0.193055 0.5
0.7 0.193059 0.7
0.7 0.193079 0.9
0.7 0.193506 1.1
0.7 0.190853 1.3
0.7 0.291909 -0.5
0.7 0.293237 -0.3
0.7 0.293045 -0.1
0.7 0.293024 0.1
0.7 0.293021 0.3
0.7 0.293021 0.5
0.7 0.293024 0.7
0.7 0.293045 0.9
0.7 0.293237 1.1
0.7 0.291909 1.3
0.7 0.463531 -0.5
0.7 0.463656 -0.3
0.7 0.463649 -0.1
0.7 0.463646 0.1
0.7 0.463645 0.3
0.7 0.463645 0.5
0.7 0.463646 0.7
0.7 0.463649 0.9
0.7 0.463656 1.1
0.7 0.463531 1.3
0.7 0.662493 -0.5
0.7 0.662493 -0.3
0.7 0.662493 -0.1
0.7 0.662493 0.1
0.7 0.662493 0.3
0.7 0.662493 0.5
0.7 0.662493 0.7
0.7 0.662493 0.9
0.7 0.662493 1.1
0.7 0.662493 1.3
0.7 0.86251 -0.5
0.7 0.86251 -0.3
0.7 0.86251 -0.1
0.7 0.86251 0.1
0.7 0.86251 0.3
0.7 0.86251 0.5
0.7 0.86251 0.7
0.7 0.86251 0.9
0.7 0.86251 1.1
0.7 0.86251 1.3
0.7 1.06253 -0.5
0.7 1.06253 -0.3
0.7 1.06253 -0.1
0.7 1.06253 0.1
0.7 1.06253 0.3
0.7 1.06253 0.5
0.7 1.06253 0.7
0.7 1.06253 0.9
0.7 1.06253 1.1
0.7 1.06253 1.3
0.7 1.26254 -0.5
0.7 1.26254 -0.3
0.7 1.26254 -0.1
0.7 1.26254 0.1
0.7 1.26254 0.3
0.7 1.26254 0.5
0.7 1.26254 0.7
0.7 1.26254 0.9
0.7 1.26254 1.1
0.7 1.26254 1.3
0.7 1.46255 -0.5
0.7 1.46255 -0.3
0.7 1.46255 -0.1
0.7 1.46255 0.1
0.7 1.46255 0.3
0.7 1.46255 0.5
0.7 1.46255 0.7
0.7 1.46255 0.9
0.7 1.46255 1.1
0.7 1.46255 1.3
0.7 1.66256 -0.5
0.7 1.66256 -0.3
0.7 1.66256 -0.1
0.7 1.66256 0.1
0.7 1.66256 0.3
0.7 1.66256 0.5
0.7 1.66256 0.7
0.7 1.66256 0.9
0.7 1.66256 1.1
0.7 1.66256 1.3
0.900012 0.15001 -0.499988
0.901656 0.15001 -0.300003
0.900009 0.15001 -0.100009
0.9 0.15001 0.1
0.9 0.15001 0.3
0.9 0.15001 0.5
0.9 0.15001 0.7
0.900009 0.15001 0.900009
0.901656 0.15001 1.1
0.900012 0.15001 1.29999
0.900048 0.190932 -0.499952
0.902333 0.194528 -0.300004
0.900046 0.19315 -0.100045
0.9 0.193079 0.1
0.9 0.193075 0.3
0.9 0.193075 0.5
0.9 0.193079 0.7
0.900046 0.19315 0.900046
0.902333 0.194528 1.1
0.900048 0.190932 1.29995
0.9 0.291931 -0.5
0.901256 0.293316 -0.300002
0.9 0.293066 -0.1
0.9 0.293045 0.1
0.9 0.293042 0.3
0.9 0.293042 0.5
0.9 0.293045 0.7
0.9 0.293066 0.9
0.901256 0.293316 1.1
0.9 0.291931 1.3
0.9 0.463534 -0.5
0.9 0.46366 -0.3
0.9 0.463652 -0.1
0.9 0.463649 0.1
0.9 0.463649 0.3
0.9 0.463649 0.5
0.9 0.463649 0.7
0.9 0.463652 0.9
0.9 0.46366 1.1
0.9 0.463534 1.3
0.9 0.662493 -0.5
0.9 0.662493 -0.3
0.9 0.662493 -0.1
0.9 0.662493 0.1
0.9 0.662493 0.3
0.9 0.662493 0.5
0.9 0.662493 0.7
0.9 0.662493 0.9
0.9 0.662493 1.1
0.9 0.662493 1.3
0.9 0.86251 -0.5
0.9 0.86251 -0.3
0.9 0.86251 -0.1
0.9 0.86251 0.1
0.9 0.86251 0.3
0.9 0.86251 0.5
0.9 0.86251 0.7
0.9 0.86251 0.9
0.9 0.86251 1.1
0.9 0.86251 1.3
0.9 1.06253 -0.5
0.9 1.06253 -0.3
0.9 1.06253 -0.1
0.9 1.06253 0.1
0.9 1.06253 0.3
0.9 1.06253 0.5
0.9 1.06253 0.7
0.9 1.06253 0.9
0.9 1.06253 1.1
0.9 1.06253 1.3
0.9 1.26254 -0.5
0.9 1.26254 -0.3
0.9 1.26254 -0.1
0.9 1.26254 0.1
0.9 1.26254 0.3
0.9 1.26254 0.5
0.9 1.26254 0.7
0.9 1.26254 0.9
0.9 1.26254 1.1
0.9 1.26254 1.3
0.9 1.46255 -0.5
0.9 1.46255 -0.3
0.9 1.46255 -0.1
0.9 1.46255 0.1
0.9 1.46255 0.3
0.9 1.46255 0.5
0.9 1.46255 0.7
0.9 1.46255 0.9
0.9 1.46255 1.1
0.9 1.46255 1.3
0.9 1.66256 -0.5
0.9 1.66256 -0.3
0.9 1.66256 -0.1
0.9 1.66256 0.1
0.9 1.66256 0.3
0.9 1.66256 0.5
0.9 1.66256 0.7
0.9 1.66256 0.9
0.9 1.66256 1.1
0.9 1.66256 1.3
1.1 0.15001 -0.498264
1.10005 0.15001 -0.300054
1.1 0.15001 -0.101656
1.1 0.15001 0.1
1.1 0.15001 0.3
1.1 0.15001 0.5
1.1 0.15001 0.7
1.1 0.15001 0.901656
1.10005 0.15001 1.10005
1.1 0.15001 1.29826
1.1 0.192545 -0.49764
1.10057 0.196217 -0.300571
1.1 0.194528 -0.102333
1.1 0.193506 0.1
1.1 0.193502 0.3
1.1 0.193502 0.5
1.1 0.193506 0.7
1.1 0.194528 0.902333
1.10057 0.196217 1.10057
1.1 0.192545 1.29764
1.1 0.292236 -0.498708
1.10003 0.293749 -0.30003
1.1 0.293316 -0.101256
1.1 0.293237 0.1
1.1 0.293233 0.3
1.1 0.293233 0.5
1.1 0.293237 0.7
1.1 0.293316 0.901256
1.10003 0.293749 1.10003
1.1 0.292236 1.29871
1.1 0.46354 -0.5
1.1 0.463667 -0.3
1.1 0.46366 -0.1
1.1 0.463656 0.1
1.1 0.463656 0.3
1.1 0.463656 0.5
1.1 0.463656 0.7
1.1 0.46366 0.9
1.1 0.463667 1.1
1.1 0.46354 1.3
1.1 0.662493 -0.5
1.1 0.662493 -0.3
1.1 0.662493 -0.1
1.1 0.662493 0.1
1.1 0.662493 0.3
1.1 0.662493 0.5
1.1 0.662493 0.7
1.1 0.662493 0.9
1.1 0.662493 1.1
1.1 0.662493 1.3
1.1 0.86251 -0.5
1.1 0.86251 -0.3
1.1 0.86251 -0.1
1.1 0.86251 0.1
1.1 0.86251 0.3
1.1 0.86251 0.5
1.1 0.86251 0.7
1.1 0.86251 0.9
1.1 0.86251 1.1
1.1 0.86251 1.3
1.1 1.06253 -0.5
1.1 1.06253 -0.3
1.1 1.06253 -0.1
1.1 1.06253 0.1
1.1 1.06253 0.3
1.1 1.06253 0.5
1.1 1.06253 0.7
1.1 1.06253 0.9
1.1 1.06253 1.1
1.1 1.06253 1.3
1.1 1.26254 -0.5
1.1 1.26254 -0.3
1.1 1.26254 -0.1
1.1 1.26254 0.1
1.1 1.26254 0.3
1.1 1.26254 0.5
1.1 1.26254 0.7
1.1 1.26254 0.9
1.1 1.26254 1.1
1.1 1.26254 1.3
1.1 1.46255 -0.5
1.1 1.46255 -0.3
1.1 1.46255 -0.1
1.1 1.46255 0.1
1.1 1.46255 0.3
1.1 1.46255 0.5
1.1 1.46255 0.7
1.1 1.46255 0.9
1.1 1.46255 1.1
1.1 1.46255 1.3
1.1 1.66256 -0.5
1.1 1.66256 -0.3
1.1 1.66256 -0.1
1.1 1.66256 0.1
1.1 1.66256 0.3
1.1 1.66256 0.5
1.1 1.66256 0.7
1.1 1.66256 0.9
1.1 1.66256 1.1
1.1 1.66256 1.3
1.29998 0.15001 -0.499982
1.29826 0.15001 -0.300003
1.29999 0.15001 -0.100012
1.3 0.15001 0.1
1.3 0.15001 0.3
1.3 0.15001 0.5
1.3 0.15001 0.7
1.29999 0.15001 0.900012
1.29826 0.15001 1.1
1.29998 0.15001 1.29998
1.29995 0.187207 -0.49995
1.29764 0.192545 -0.300004
1.29995 0.190932 -0.100048
1.3 0.190853 0.1
1.3 0.190847 0.3
1.3 0.190847 0.5
1.3 0.190853 0.7
1.29995 0.190932 0.900048
1.29764 0.192545 1.1
1.29995 0.187207 1.29995
1.3 0.290491 -0.5
1.29871 0.292236 -0.300002
1.3 0.291931 -0.1
1.3 0.291909 0.1
1.3 0.291905 0.3
1.3 0.291905 0.5
1.3 0.291909 0.7
1.3 0.291931 0.9
1.29871 0.292236 1.1
1.3 0.290491 1.3
1.3 0.46342 -0.5
1.3 0.46354 -0.3
1.3 0.463534 -0.1
1.3 0.463531 0.1
1.3 0.46353 0.3
1.3 0.46353 0.5
1.3 0.463531 0.7
1.3 0.463534 0.9
1.3 0.46354 1.1
1.3 0.46342 1.3
1.3 0.662493 -0.5
1.3 0.662493 -0.3
1.3 0.662493 -0.1
1.3 0.662493 0.1
1.3 0.662493 0.3
1.3 0.662493 0.5
1.3 0.662493 0.7
1.3 0.662493 0.9
1.3 0.662493 1.1
1.3 0.662493 1.3
1.3 0.86251 -0.5
1.3 0.86251 -0.3
1.3 0.86251 -0.1
1.3 0.86251 0.1
1.3 0.86251 0.3
1.3 0.86251 0.5
1.3 0.86251 0.7
1.3 0.86251 0.9
1.3 0.86251 1.1
1.3 0.86251 1.3
1.3 1.06253 -0.5
1.3 1.06253 -0.3
1.3 1.06253 -0.1
1.3 1.06253 0.1
1.3 1.06253 0.3
1.3 1.06253 0.5
1.3 1.06253 0.7
1.3 1.06253 0.9
1.3 1.06253 1.1
1.3 1.06253 1.3
1.3 1.26254 -0.5
1.3 1.26254 -0.3
1.3 1.26254 -0.1
1.3 1.26254 0.1
1.3 1.26254 0.3
1.3 1.26254 0.5
1.3 1.26254 0.7
1.3 1.26254 0.9
1.3 1.26254 1.1
1.3 1.26254 1.3
1.3 1.46255 -0.5
1.3 1.46255 -0.3
1.3 1.46255 -0.1
1.3 1.46255 0.1
1.3 1.46255 0.3
1.3 1.46255 0.5
1.3 1.46255 0.7
1.3 1.46255 0.9
1.3 1.46255 1.1
1.3 1.46255 1.3
1.3 1.66256 -0.5
1.3 1.66256 -0.3
1.3 1.66256 -0.1
1.3 1.66256 0.1
1.3 1.66256 0.3
1.3 1.66256 0.5
1.3 1.66256 0.7
1.3 1.66256 0.9
1.3 1.66256 1.1
1.3 1.66256 1.3
-3 0 -3
-3 0 3
-3 1 -3
-3 1 3
-3 2 -3
-3 2 3
-3 3 -3
-3 3 3
-3 4 -3
-3 4 3
-3 5 -3
-3 5 3
-3 6 -3
-3 6 3
-2 0 -3
-2 0 3
-2 1 -3
-2 1 3
-2 2 -3
-2 2 3
-2 3 -3
-2 3 3
-2 4 -3
-2 4 3
-2 5 -3
-2 5 3
-2 6 -3
-2 6 3
-1 0 -3
-1 0 3
-1 1 -3
-1 1 3
-1 2 -3
-1 2 3
-1 3 -3
-1 3 3
-1 4 -3
-1 4 3
-1 5 -3
-1 5 3
-1 6 -3
-1 6 3
0 0 -3
0 0 3
0 1 -3
0 1 3
0 2 -3
0 2 3
0 3 -3
0 3 3
0 4 -3
0 4 3
0 5 -3
0 5 3
0 6 -3
0 6 3
1 0 -3
1 0 3
1 1 -3
1 1 3
1 2 -3
1 2 3
1 3 -3
1 3 3
1 4 -3
1 4 3
1 5 -3
1 5 3
1 6 -3
1 6 3
2 0 -3
2 0 3
2 1 -3
2 1 3
2 2 -3
2 2 3
2 3 -3
2 3 3
2 4 -3
2 4 3
2 5 -3
2 5 3
2 6 -3
2 6 3
-3 0 -3
-3 7 -3
-3 0 -2
-3 7 -2
-3 0 -1
-3 7 -1
-3 0 0
-3 7 0
-3 0 1
-3 7 1
-3 0 2
-3 7 2
-2 0 -3
-2 7 -3
-2 0 -2
-2 7 -2
-2 0 -1
-2 7 -1
-2 0 0
-2 7 0
-2 0 1
-2 7 1
-2 0 2
-2 7 2
-1 0 -3
-1 7 -3
-1 0 -2
-1 7 -2
-1 0 -1
-1 7 -1
-1 0 0
-1 7 0
-1 0 1
-1 7 1
-1 0 2
-1 7 2
0 0 -3
0 7 -3
0 0 -2
0 7 -2
0 0 -1
0 7 -1
0 0 0
0 7 0
0 0 1
0 7 1
0 0 2
0 7 2
1 0 -3
1 7 -3
1 0 -2
1 7 -2
1 0 -1
1 7 -1
1 0 0
1 7 0
1 0 1
1 7 1
1 0 2
1 7 2
2 0 -3
2 7 -3
2 0 -2
2 7 -2
2 0 -1
2 7 -1
2 0 0
2 7 0
2 0 1
2 7 1
2 0 2
2 7 2
-3 0 -3
3 0 -3
-3 0 -2
3 0 -2
-3 0 -1
3 0 -1
-3 0 0
3 0 0
-3 0 1
3 0 1
-3 0 2
3 0 2
-3 1 -3
3 1 -3
-3 1 -2
3 1 -2
-3 1 -1
3 1 -1
-3 1 0
3 1 0
-3 1 1
3 1 1
-3 1 2
3 1 2
-3 2 -3
3 2 -3
-3 2 -2
3 2 -2
-3 2 -1
3 2 -1
-3 2 0
3 2 0
-3 2 1
3 2 1
-3 2 2
3 2 2
-3 3 -3
3 3 -3
-3 3 -2
3 3 -2
-3 3 -1
3 3 -1
-3 3 0
3 3 0
-3 3 1
3 3 1
-3 3 2
3 3 2
-3 4 -3
3 4 -3
-3 4 -2
3 4 -2
-3 4 -1
3 4 -1
-3 4 0
3 4 0
-3 4 1
3 4 1
-3 4 2
3 4 2
-3 5 -3
3 5 -3
-3 5 -2
3 5 -2
-3 5 -1
3 5 -1
-3 5 0
3 5 0
-3 5 1
3 5 1
-3 5 2
3 5 2
-3 6 -3
3 6 -3
-3 6 -2
3 6 -2
-3 6 -1
3 6 -1
-3 6 0
3 6 0
-3 6 1
3 6 1
-3 6 2
3 6 2
