1000 0.1
1.92697 0.15001 -0.0925853
-2.64301 0.15001 1.24664
-2.47482 0.15001 -2.52814
-2.26672 0.15001 -2.50036
-2.84999 0.15001 -0.38434
2.84999 0.15001 1.31714
1.26829 0.15001 1.70437
-1.57926 0.15001 1.66613
-1.47422 0.15001 -0.769901
-0.820869 0.15001 -0.028906
-2.66681 0.15001 2.32076
0.438883 0.15001 2.84999
-0.220534 0.15001 1.25487
2.84999 0.15001 0.504833
-0.79833 0.15001 1.67517
-0.302466 0.15001 -2.1085
-0.350704 0.15001 -1.20194
0.101107 0.15001 -1.37321
-0.924185 0.15001 0.476632
-0.032943 0.15001 1.26637
-2.24604 0.15001 -1.93222
-2.84999 0.15001 -1.9996
-0.763411 0.15001 -0.897346
-1.68122 0.15001 -2.49025
-1.48211 0.15001 -2.10942
2.55164 0.15001 0.505308
-2.66423 0.15001 -1.89204
-0.454895 0.15001 -2.66634
-2.47762 0.15001 0.618266
-1.53104 0.15001 1.39492
-2.12059 0.15001 -0.770656
0.11617 0.15001 -0.520508
-1.88377 0.15001 -0.308991
-2.12016 0.15001 -1.41055
0.74797 0.15001 -2.84999
-2.29858 0.15001 -0.872555
0.575069 0.15001 -1.22668
-1.60037 0.15001 -1.2607
-1.09887 0.15001 0.980653
-2.84999 0.15001 0.371487
-0.0764568 0.15001 -2.66805
-1.62907 0.15001 -0.646639
-0.44406 0.15001 -1.03333
0.750195 0.15001 -2.30425
-0.0945078 0.15001 -1.73957
-0.889291 0.15001 -2.11796
0.141221 0.15001 2.61194
-0.295054 0.15001 2.84999
-1.20382 0.15001 -0.580142
-2.66736 0.15001 1.95734
-1.69732 0.15001 -1.7605
-2.4732 0.15001 -1.60332
-1.04784 0.15001 0.629896
-1.48352 0.15001 -1.10136
-1.09608 0.15001 2.84999
-1.94875 0.15001 2.15283
-2.66831 0.15001 1.77744
-2.84999 0.15001 2.49797
-2.13145 0.15001 1.29106
0.938576 0.15001 1.42718
-0.546668 0.15001 -1.21836
1.48696 0.15001 -2.49584
-1.37158 0.15001 -0.938674
-0.968172 0.15001 -0.911737
-0.707635 0.15001 1.0479
-1.25054 0.15001 0.292028
0.133544 0.15001 -1.0098
-1.70894 0.15001 0.590707
-2.66495 0.15001 2.13899
-2.84999 0.15001 1.07878
-2.61313 0.15001 -2.6659
-2.84373 0.15001 -1.40844
-2.84999 0.15001 0.194485
1.06228 0.15001 0.688021
2.84999 0.15001 0.115198
-2.66755 0.15001 1.42203
-2.84999 0.15001 1.61206
-2.84999 0.15001 0.547437
-1.42781 0.15001 1.54565
-0.787815 0.15001 2.0013
-2.65708 0.15001 -2.28685
-2.06838 0.15001 -2.84189
-1.26414 0.15001 -1.10207
-2.4908 0.15001 -0.174529
-0.702434 0.15001 2.54268
-2.84999 0.15001 2.67405
-2.11229 0.15001 0.951279
-2.84999 0.15001 2.14517
-2.32429 0.15001 2.14847
-0.639428 0.15001 2.17755
-0.187639 0.15001 -1.56065
-2.66782 0.15001 -0.693878
-2.35778 0.15001 -2.68095
-1.15302 0.15001 -1.26124
-2.49298 0.15001 0.23436
-1.9385 0.15001 0.0420496
-1.70939 0.15001 1.28905
-2.22298 0.15001 1.10891
0.106288 0.15001 2.84999
-2.30341 0.15001 1.7658
-1.19361 0.15001 -2.28962
-0.105945 0.15001 1.76048
-2.36615 0.15001 -1.77895
2.43623 0.15001 1.87584
1.62837 0.15001 1.06373
-0.990907 0.15001 1.67541
1.80356 0.15001 -1.78232
-0.543296 0.15001 -2.48357
1.64575 0.15001 -0.32747
2.37044 0.15001 -1.09751
2.32848 0.15001 -2.84999
-0.0525739 0.15001 -0.983856
-1.69456 0.15001 -1.08163
-0.178151 0.15001 -0.254951
0.209795 0.15001 -1.19256
-2.67135 0.15001 -0.484928
-0.354521 0.15001 -2.48055
-2.66745 0.15001 -2.48399
-0.486218 0.15001 2.84999
-2.67114 0.15001 -0.0705809
-1.59203 0.15001 -2.66906
2.24207 0.15001 1.08292
0.279373 0.15001 -2.09998
-1.6834 0.15001 -0.296877
-2.07198 0.15001 0.209694
-0.206177 0.15001 2.68093
-1.78978 0.15001 -1.93453
0.483785 0.15001 -0.59525
-0.0965454 0.15001 0.68218
0.739827 0.15001 0.517085
-2.46557 0.15001 -1.19641
-0.27467 0.15001 -1.38257
0.477289 0.15001 -1.39899
-2.28429 0.15001 -2.13991
-2.81064 0.15001 -2.63917
-0.645147 0.15001 -2.66835
0.661036 0.15001 -1.41701
-1.73251 0.15001 0.925853
-1.53913 0.15001 0.92599
-2.84999 0.15001 1.79032
-1.27491 0.15001 -1.76048
-0.784388 0.15001 -1.93974
-0.847815 0.15001 -1.41123
-2.66332 0.15001 -0.899689
-0.590381 0.15001 0.361265
1.33712 0.15001 0.0772737
-1.51773 0.15001 1.21558
-1.28746 0.15001 1.89485
-2.84999 0.15001 2.32175
-1.76962 0.15001 0.412366
0.321441 0.15001 -1.00393
-2.161 0.15001 -2.67224
0.00826316 0.15001 -0.194238
0.6461 0.15001 -0.278788
1.40682 0.15001 -0.594915
0.956469 0.15001 2.50227
-0.596415 0.15001 2.70014
-2.0398 0.15001 2.84999
-2.66966 0.15001 0.316593
-1.98539 0.15001 1.64244
-0.952383 0.15001 -1.58749
-2.84999 0.15001 -2.40487
-1.49883 0.15001 -2.84999
-2.10469 0.15001 -1.7852
-0.468504 0.15001 -0.699151
-0.854067 0.15001 -1.07233
-2.2975 0.15001 0.540732
-1.57971 0.15001 -2.28687
-0.791074 0.15001 0.332947
-2.84999 0.15001 2.84999
-0.74055 0.15001 -2.84999
1.4183 0.15001 -0.407828
-1.92191 0.15001 1.29663
-1.40415 0.15001 -0.593727
-2.66943 0.15001 2.67645
-2.10402 0.15001 1.81162
-2.12668 0.15001 -0.354176
-2.49598 0.15001 2.62113
-0.68126 0.15001 1.50554
-1.67173 0.15001 2.5191
-1.3092 0.15001 -2.84999
-0.140845 0.15001 -0.055571
-2.84999 0.15001 -0.595283
-1.27762 0.15001 -0.762821
0.0263905 0.15001 -1.17734
0.571613 0.15001 -0.863852
-1.80732 0.15001 -1.59391
-2.32845 0.15001 1.95651
-2.65771 0.15001 1.0684
-1.84552 0.15001 2.84999
-1.26058 0.15001 0.616591
0.188504 0.15001 -1.55677
-2.84999 0.15001 -0.806074
-2.84999 0.15001 0.0134516
-1.38977 0.15001 -2.28212
0.267546 0.15001 1.04195
-2.66812 0.15001 2.5
-2.23526 0.15001 0.739258
-2.33502 0.15001 2.33226
0.215891 0.15001 1.90286
-0.731311 0.15001 -2.48535
-1.94291 0.15001 -0.863342
1.46833 0.15001 1.34482
1.4849 0.15001 0.185728
0.184706 0.15001 1.58256
-0.320644 0.15001 2.53165
-0.563638 0.15001 -1.57254
2.39463 0.15001 0.99022
1.34258 0.15001 0.470606
2.28902 0.15001 1.7262
1.75649 0.15001 -1.41317
-1.11966 0.15001 -2.84999
-1.16897 0.15001 -0.927914
-0.481017 0.15001 -1.75193
-0.919239 0.15001 -2.48356
-0.462351 0.15001 -1.39008
-0.93017 0.15001 -2.84999
-1.74436 0.15001 -0.822066
-2.66631 0.15001 -2.08825
-2.65264 0.15001 1.59996
-2.84999 0.15001 -1.60172
-2.48377 0.15001 -2.16917
2.23177 0.15001 1.27357
-0.498342 0.15001 1.82359
-2.50133 0.15001 1.8726
-1.87356 0.15001 -2.49009
-2.64493 0.15001 0.883373
-1.56676 0.15001 2.6815
0.107 0.15001 2.24455
-0.5199 0.15001 1.40701
-1.78003 0.15001 -2.66703
-2.48379 0.15001 1.36451
-1.37588 0.15001 -1.26469
0.104799 0.15001 1.14211
0.885576 0.15001 -0.73481
-1.95482 0.15001 -0.489762
-0.832997 0.15001 2.17928
-2.13608 0.15001 -0.568003
-1.79181 0.15001 1.6537
-2.84999 0.15001 0.724715
-0.981826 0.15001 -1.94042
0.926674 0.15001 -2.84999
-2.67347 0.15001 -0.277441
0.614929 0.15001 1.3885
1.18639 0.15001 0.375248
-1.00311 0.15001 -0.575783
1.94629 0.15001 1.28663
2.39944 0.15001 0.40747
-2.14985 0.15001 0.405171
-1.65427 0.15001 2.84999
-2.45908 0.15001 -2.84999
-0.648618 0.15001 -1.05494
-1.02366 0.15001 -2.66199
1.55941 0.15001 -2.31722
0.384541 0.15001 -1.93007
-0.305949 0.15001 1.08787
-1.38555 0.15001 2.35132
-2.29613 0.15001 0.926617
-0.262935 0.15001 0.780087
-2.65684 0.15001 2.84999
-1.5351 0.15001 0.0842573
-0.0282782 0.15001 -0.390413
-2.02799 0.15001 0.780366
-0.367794 0.15001 -0.314054
-2.49789 0.15001 2.24162
-2.48979 0.15001 0.0354302
-2.14187 0.15001 2.22744
-1.94332 0.15001 2.69452
-1.75503 0.15001 2.68556
-0.0858998 0.15001 2.5443
1.10524 0.15001 -2.84999
2.39143 0.15001 1.19013
-2.06923 0.15001 -2.48595
0.859873 0.15001 -1.80144
1.12104 0.15001 -0.378654
-2.4423 0.15001 0.80123
0.938071 0.15001 1.00868
-1.53803 0.15001 2.16565
-0.10974 0.15001 2.84999
-0.588818 0.15001 0.89198
-0.359825 0.15001 -2.84999
-1.40182 0.15001 -2.65625
-2.02091 0.15001 -1.59328
1.09727 0.15001 2.15854
-2.49225 0.15001 -0.581509
-1.85471 0.15001 0.229932
0.682332 0.15001 -0.701376
-2.02495 0.15001 -1.21488
-2.04894 0.15001 1.46155
1.62689 0.15001 1.67184
-2.65464 0.15001 -2.84999
0.287802 0.15001 -1.73895
-1.04257 0.15001 1.15593
1.15496 0.15001 -1.98214
0.393347 0.15001 -2.48087
-0.219915 0.15001 -0.449849
-1.20943 0.15001 -0.0464533
-2.02979 0.15001 1.13159
-1.4785 0.15001 2.51226
-1.65061 0.15001 1.09099
-0.550319 0.15001 -2.84999
2.3569 0.15001 2.0548
-2.39558 0.15001 -2.34724
2.70194 0.15001 0.805271
-2.02575 0.15001 -0.161755
-0.371002 0.15001 1.96077
1.81276 0.15001 -0.242762
0.204954 0.15001 2.40892
2.68451 0.15001 1.41153
1.77127 0.15001 -0.0146768
0.627678 0.15001 2.83188
-0.996288 0.15001 -2.29636
-0.287539 0.15001 -1.74761
-2.31683 0.15001 -1.46139
-2.84999 0.15001 -2.84663
-1.27912 0.15001 -0.229231
1.93673 0.15001 -1.4288
-1.12326 0.15001 0.139337
-1.68151 0.15001 1.50055
-1.63511 0.15001 0.762066
-0.834761 0.15001 -2.66805
-0.748474 0.15001 -1.23743
2.19673 0.15001 -0.623528
-2.32611 0.15001 0.335767
-0.752722 0.15001 -0.379498
-1.36406 0.15001 1.71792
-1.06474 0.15001 1.49535
-1.70206 0.15001 1.81885
0.392311 0.15001 -1.20697
-0.875227 0.15001 1.50197
-2.31902 0.15001 -0.272979
-0.159116 0.15001 -1.18864
1.23086 0.15001 -1.10018
1.26837 0.15001 1.52028
-2.16529 0.15001 2.0438
-1.89983 0.15001 1.81105
1.20927 0.15001 -2.68015
-2.39467 0.15001 1.53328
-0.108184 0.15001 -2.10369
-0.910259 0.15001 0.997654
-2.84999 0.15001 -1.01246
-0.265179 0.15001 -2.66665
1.58042 0.15001 -1.08115
1.46949 0.15001 2.0681
2.0921 0.15001 0.400954
1.78869 0.15001 1.7615
1.78873 0.15001 0.193467
0.236703 0.15001 0.276211
-0.963345 0.15001 1.33032
0.770079 0.15001 1.87869
-2.66099 0.15001 -1.69598
2.23833 0.15001 -0.0778528
-0.0142512 0.15001 -2.28454
-0.0857747 0.15001 -1.36725
-1.18213 0.15001 -1.93656
1.69879 0.15001 2.83689
-1.74103 0.15001 2.16602
0.745662 0.15001 2.68271
-0.802834 0.15001 2.69799
2.08407 0.15001 1.1712
1.30345 0.15001 -2.50875
-1.89327 0.15001 -1.05555
1.24953 0.15001 -0.691377
1.28685 0.15001 1.33266
-1.73445 0.15001 0.0637637
-1.38854 0.15001 -1.93706
0.0799657 0.15001 0.761591
-2.31754 0.15001 1.27628
2.83854 0.15001 2.36764
-0.109683 0.15001 2.25262
1.0486 0.15001 -2.14138
2.22777 0.15001 -0.264483
0.0178564 0.15001 -2.84999
-0.494662 0.15001 -2.1096
-1.48998 0.15001 -2.47304
-2.48925 0.15001 0.432216
0.430995 0.15001 2.41437
-2.84999 0.15001 1.4338
-0.702764 0.15001 2.84999
-0.0132001 0.15001 0.380476
-0.165942 0.15001 -2.48395
0.0686044 0.15001 -0.720465
1.63132 0.15001 -2.84999
-1.50683 0.15001 1.84124
-0.879181 0.15001 2.35722
-2.04104 0.15001 2.53695
-1.90519 0.15001 0.591624
-1.26451 0.15001 -1.42446
-1.23285 0.15001 1.1259
-2.84999 0.15001 1.96804
-2.31099 0.15001 -0.463067
0.28984 0.15001 -1.3795
-1.00774 0.15001 0.299607
0.192324 0.15001 -0.129455
1.05175 0.15001 -1.80051
2.24567 0.15001 0.307739
-1.92199 0.15001 0.954258
0.994357 0.15001 -0.0900465
-1.46624 0.15001 2.84999
2.0933 0.15001 0.978742
0.0877514 0.15001 -2.09554
1.94317 0.15001 2.57009
0.414774 0.15001 0.54792
0.496795 0.15001 2.23227
1.48871 0.15001 0.375046
0.180824 0.15001 2.08031
-1.0567 0.15001 2.43349
-1.08101 0.15001 -0.751764
-0.317641 0.15001 1.76867
1.77491 0.15001 1.56295
1.5468 0.15001 -1.98726
-1.91752 0.15001 -1.41389
-2.50122 0.15001 -1.39588
-1.75388 0.15001 -0.494511
-1.21256 0.15001 -2.6565
-1.90065 0.15001 -1.76711
2.21193 0.15001 -1.19778
-0.000278809 0.15001 -1.55244
-0.136563 0.15001 1.4262
-0.198925 0.15001 2.40659
-2.48785 0.15001 -0.373073
-1.68997 0.15001 -2.84988
0.021661 0.15001 -2.48415
-0.558464 0.15001 -0.359626
-0.243514 0.15001 -1.01888
0.574937 0.15001 2.06037
0.315611 0.15001 2.56321
-1.37104 0.15001 0.45351
-1.81738 0.15001 -0.121412
0.556375 0.15001 0.236868
-2.26801 0.15001 -1.26782
-1.67351 0.15001 -2.11392
0.568438 0.15001 -2.84999
0.177475 0.15001 -2.27895
-2.84999 0.15001 -2.20009
2.18055 0.15001 -0.439347
2.84999 0.15001 -1.98051
0.94144 0.15001 -2.50027
-1.3405 0.15001 2.17106
0.937508 0.15001 -1.28275
-1.87748 0.15001 -2.12042
1.18013 0.15001 0.178723
1.52652 0.15001 1.88322
2.39859 0.15001 0.793337
0.880501 0.15001 0.395987
0.404571 0.15001 1.88687
2.66663 0.15001 2.55529
0.38891 0.15001 1.55194
1.10775 0.15001 1.78427
0.275117 0.15001 1.2316
1.75364 0.15001 -2.31344
2.5463 0.15001 0.114052
2.05461 0.15001 -0.919509
1.87651 0.15001 -1.25202
-1.61312 0.15001 -0.106068
-0.780664 0.15001 0.856671
-1.25443 0.15001 2.49425
2.64087 0.15001 1.84376
0.905782 0.15001 1.62097
-0.508141 0.15001 2.53544
1.35228 0.15001 -1.99394
-1.34425 0.15001 -0.411827
-0.00330566 0.15001 -1.91754
-0.604607 0.15001 -2.29135
-1.10853 0.15001 -2.47594
-1.71495 0.15001 -1.41919
-0.906953 0.15001 2.84999
-1.86061 0.15001 2.52229
-0.416345 0.15001 1.24688
0.26416 0.15001 0.851968
1.57525 0.15001 -0.862073
-0.270148 0.15001 -0.644219
-1.776 0.15001 -2.30357
-0.320278 0.15001 2.27346
2.37734 0.15001 1.38221
-0.122873 0.15001 -0.79672
0.407958 0.15001 0.352947
-1.58341 0.15001 2.34721
1.90374 0.15001 2.84182
0.817715 0.15001 2.84999
0.957718 0.15001 -1.97035
0.0681352 0.15001 0.201072
-0.676086 0.15001 -1.75757
-1.41002 0.15001 -0.0741264
-1.58789 0.15001 -1.93413
-1.55285 0.15001 -0.452785
-1.49452 0.15001 0.618704
-1.81333 0.15001 1.98685
-2.22535 0.15001 2.84999
-1.1927 0.15001 2.67593
0.642469 0.15001 -0.485503
-1.05957 0.15001 -1.08765
0.605136 0.15001 0.82672
-0.336414 0.15001 0.599419
1.02347 0.15001 -1.45571
-1.0074 0.15001 2.68365
-1.0451 0.15001 -1.42128
-1.96013 0.15001 0.400393
-2.49746 0.15001 2.43116
-1.0996 0.15001 1.85494
1.94222 0.15001 0.29585
0.71002 0.15001 1.70239
-0.0358383 0.15001 1.58852
2.59906 0.15001 2.2749
1.94714 0.15001 2.37865
2.49219 0.15001 -2.30881
-1.18096 0.15001 1.66734
-1.41276 0.15001 1.06441
1.6332 0.15001 0.0927393
-0.684868 0.15001 2.35854
-0.801608 0.15001 -2.29811
-1.96865 0.15001 -2.67021
-0.335591 0.15001 -0.851885
-2.09471 0.15001 -1.00633
-2.25787 0.15001 -2.84999
-0.691445 0.15001 -2.11419
-1.88037 0.15001 -2.84999
-2.49233 0.15001 2.05742
2.24513 0.15001 0.883357
0.701434 0.15001 0.122026
1.40819 0.15001 -1.1483
2.21193 0.15001 -1.00979
-1.8133 0.15001 -1.24293
1.35392 0.15001 -2.32532
2.54828 0.15001 0.308311
-0.695287 0.15001 1.83485
-2.47733 0.15001 -0.992251
-1.83288 0.15001 1.13006
-0.671124 0.15001 0.181241
-0.723945 0.15001 0.513745
-2.1372 0.15001 0.0115841
-2.66609 0.15001 0.5059
-0.407161 0.15001 -2.28204
2.56063 0.15001 -2.48604
-2.31678 0.15001 -0.0801068
-0.872469 0.15001 -1.76415
-2.28713 0.15001 -1.07128
0.818343 0.15001 -0.179729
2.40174 0.15001 0.601523
1.02965 0.15001 0.285013
-0.199323 0.15001 -1.92883
1.46614 0.15001 0.971025
2.01527 0.15001 1.95789
1.63972 0.15001 0.285404
1.44957 0.15001 1.72186
0.254119 0.15001 1.41342
0.672769 0.15001 -0.073207
1.8257 0.15001 2.22615
0.488423 0.15001 1.72041
-0.173272 0.15001 0.494926
-0.757051 0.15001 -1.57797
2.51621 0.15001 1.50485
1.50034 0.15001 2.84992
0.745907 0.15001 -1.61693
1.89263 0.15001 -0.834007
1.11311 0.15001 -1.62135
2.57881 0.15001 2.02463
1.25324 0.15001 -0.500053
1.64813 0.15001 2.15431
0.0952979 0.15001 0.952709
0.203857 0.15001 -2.84999
0.365936 0.15001 -2.28674
0.192147 0.15001 -1.91611
-0.393102 0.15001 -1.93677
1.13732 0.15001 -2.32221
2.69151 0.15001 -1.44634
-1.49429 0.15001 -1.75626
-1.28089 0.15001 2.84999
1.7863 0.15001 0.783064
-2.23467 0.15001 1.44529
1.67391 0.15001 -2.48702
1.80494 0.15001 -2.84999
0.970326 0.15001 -0.277035
-2.67558 0.15001 -1.30317
-1.01248 0.15001 -0.0228661
1.56834 0.15001 -0.676042
-2.84999 0.15001 -1.21523
-0.559188 0.15001 -0.878516
1.30475 0.15001 -1.29801
-1.49119 0.15001 -1.42557
0.479656 0.15001 -2.66816
1.04589 0.15001 -1.13132
0.483517 0.15001 -0.380272
1.12373 0.15001 1.05291
2.05027 0.15001 -0.732289
0.865864 0.15001 0.203403
-1.57493 0.15001 0.440061
-2.67351 0.15001 -1.50022
-2.16831 0.15001 2.41105
-1.83412 0.15001 0.769291
1.2402 0.15001 -2.15732
-0.881471 0.15001 -0.739555
-0.322007 0.15001 -0.11679
-1.15888 0.15001 -1.58778
0.662314 0.15001 -2.66753
-1.14505 0.15001 -0.393688
-0.977135 0.15001 0.82073
-1.4345 0.15001 2.01123
2.55279 0.15001 0.703799
2.24721 0.15001 0.500316
0.599679 0.15001 2.56652
0.208074 0.15001 -2.48062
-2.14539 0.15001 2.68232
-1.37792 0.15001 2.67328
-2.29255 0.15001 0.141856
2.84999 0.15001 -1.16482
-1.29858 0.15001 -2.46999
1.41134 0.15001 2.47887
-1.57811 0.15001 -0.927478
-2.32588 0.15001 2.51929
-0.948703 0.15001 -1.24947
-2.08263 0.15001 -2.12918
-1.87434 0.15001 -0.670659
-0.49123 0.15001 2.35054
-1.99759 0.15001 1.97059
-2.48222 0.15001 -0.787368
1.47147 0.15001 1.1578
1.93811 0.15001 0.495808
2.53307 0.15001 -0.994592
0.932452 0.15001 -0.916491
0.563283 0.15001 -1.58513
-2.17947 0.15001 -2.31396
2.3698 0.15001 -1.48024
-0.615192 0.15001 1.22791
-2.30863 0.15001 -0.670959
-2.33183 0.15001 2.70403
-2.4783 0.15001 0.987106
0.442602 0.15001 0.941845
0.719257 0.15001 0.318139
-0.103632 0.15001 1.08059
0.263524 0.15001 -0.644967
-1.60391 0.15001 -1.58811
1.22266 0.15001 0.779542
-1.07053 0.15001 -1.76178
-0.211462 0.15001 -2.28466
2.01815 0.15001 -0.526681
-2.23722 0.15001 -1.6403
0.786337 0.15001 1.30973
0.614698 0.15001 1.20638
1.94076 0.15001 0.878892
0.590519 0.15001 1.87316
-0.532727 0.15001 0.552121
1.62911 0.15001 1.25556
0.0637994 0.15001 1.43071
0.614948 0.15001 1.01846
-1.99285 0.15001 -1.95039
1.01408 0.15001 0.0952652
2.1055 0.15001 1.40389
0.916242 0.15001 2.17759
1.21268 0.15001 2.37674
1.8302 0.15001 -1.57986
2.36617 0.15001 -1.29005
0.387231 0.15001 -2.84999
0.771625 0.15001 2.05817
1.72949 0.15001 -0.756807
-1.4542 0.15001 0.270923
-0.588125 0.15001 -1.93651
0.948571 0.15001 1.99346
-1.15906 0.15001 1.31147
-0.0108533 0.15001 2.70478
-0.652858 0.15001 -1.40181
1.62421 0.15001 -1.82252
0.0968765 0.15001 -1.73311
0.757216 0.15001 -1.24756
1.73409 0.15001 -0.940249
1.94781 0.15001 -2.6486
-0.6809 0.15001 -0.723699
-1.16321 0.15001 0.787162
-1.62761 0.15001 1.99486
-0.894737 0.15001 2.53922
2.15856 0.15001 -2.15984
0.662306 0.15001 -2.13266
0.947532 0.15001 -2.30996
1.21026 0.15001 -1.46024
-1.97616 0.15001 -2.30262
1.42889 0.15001 -0.969589
-1.35006 0.15001 1.30813
-1.33235 0.15001 0.110119
1.16697 0.15001 -0.00575805
-2.66731 0.15001 0.126258
0.468734 0.15001 -2.11985
0.585488 0.15001 0.62957
0.501767 0.15001 -1.04477
-0.948229 0.15001 -0.39139
0.404788 0.15001 -0.774041
1.46156 0.15001 -0.222851
-0.0324994 0.15001 2.09029
0.338619 0.15001 -0.254371
-0.992661 0.15001 2.03631
-2.47123 0.15001 1.17253
1.76651 0.15001 -2.65452
0.554814 0.15001 -2.30347
2.75294 0.15001 -2.49983
0.306102 0.15001 -0.453056
1.41482 0.15001 -0.780237
0.376821 0.15001 -1.56486
2.6989 0.15001 0.21107
1.93751 0.15001 1.47696
-0.90528 0.15001 1.8494
2.12418 0.15001 2.82823
1.03637 0.15001 0.477801
2.538 0.15001 -0.265483
-0.439569 0.15001 0.222654
2.15689 0.15001 2.30581
-0.659139 0.15001 0.705805
-1.08312 0.15001 -0.208219
1.90049 0.15001 -1.01432
1.74658 0.15001 2.41256
0.5838 0.15001 1.56728
-0.507161 0.15001 -0.169408
-1.37747 0.15001 -1.58961
-2.65897 0.15001 -1.10359
1.28421 0.15001 -0.295685
1.44532 0.15001 -2.15765
1.12354 0.15001 -1.29562
1.93635 0.15001 1.06795
-2.46009 0.15001 2.84999
2.19328 0.15001 2.12379
1.1284 0.15001 1.23308
2.37579 0.15001 -0.358036
-2.84999 0.15001 -1.801
1.83456 0.15001 -2.14849
2.12358 0.15001 -1.76427
2.15216 0.15001 -1.95118
-0.454202 0.15001 0.0242597
0.460251 0.15001 2.67514
1.5204 0.15001 2.32447
-2.45613 0.15001 -1.95206
2.08776 0.15001 1.78086
0.845648 0.15001 0.0111648
0.157806 0.15001 -0.324609
1.26624 0.15001 -0.883196
-0.102928 0.15001 0.135308
1.98797 0.15001 -2.28088
0.57106 0.15001 -1.95718
-0.425627 0.15001 1.5935
-1.18221 0.15001 2.06891
-0.875996 0.15001 0.155723
2.70004 0.15001 0.405995
0.842481 0.15001 2.34152
2.84999 0.15001 -1.53159
0.930828 0.15001 1.80394
-1.97991 0.15001 2.34941
1.78898 0.15001 1.16993
2.53798 0.15001 1.30212
2.84999 0.15001 1.10805
2.84999 0.15001 1.51744
2.69566 0.15001 1.20689
0.441085 0.15001 1.13655
0.08987 0.15001 1.74125
2.67589 0.15001 -2.84999
2.84999 0.15001 -2.16436
1.29551 0.15001 -1.63377
2.69566 0.15001 -0.169409
0.240136 0.15001 0.466228
2.37236 0.15001 -0.909638
2.07558 0.15001 -1.54474
2.84158 0.15001 1.95888
-0.235414 0.15001 2.10705
2.84999 0.15001 0.906374
2.84999 0.15001 -1.71358
-1.29113 0.15001 -2.10756
2.3107 0.15001 -2.04677
1.31614 0.15001 -0.111597
2.67099 0.15001 -2.14203
2.38749 0.15001 -0.17242
1.49751 0.15001 0.574929
2.69019 0.15001 -1.26252
-1.86771 0.15001 1.47746
-0.89009 0.15001 -0.208112
1.64445 0.15001 -2.14412
2.24056 0.15001 -1.61728
0.110833 0.15001 -2.66695
0.85799 0.15001 -2.13962
-2.84999 0.15001 -0.175958
1.86334 0.15001 -2.47205
0.694838 0.15001 2.22111
-0.767389 0.15001 1.34109
-1.13639 0.15001 0.452825
1.38702 0.15001 2.68752
0.668272 0.15001 -1.79286
1.75542 0.15001 -1.96872
1.96862 0.15001 -1.88512
1.45755 0.15001 -2.84999
0.930146 0.15001 -1.62727
-1.01828 0.15001 2.23204
0.96183 0.15001 -0.46485
1.64165 0.15001 0.476228
2.81723 0.15001 2.81014
2.6009 0.15001 2.8232
1.24372 0.15001 -1.8147
2.84999 0.15001 -2.34702
0.759663 0.15001 -2.49233
-0.415602 0.15001 -0.505363
0.684773 0.15001 -1.06287
0.763368 0.15001 -1.96546
1.13309 0.15001 1.96596
0.754745 0.15001 -0.878645
0.763723 0.15001 1.50373
-1.77726 0.15001 2.35297
0.0206759 0.15001 1.91446
-0.0876074 0.15001 0.876166
0.574232 0.15001 0.435713
2.1995 0.15001 1.93322
2.84878 0.15001 -0.799164
-2.4888 0.15001 1.69134
2.4886 0.15001 1.69015
1.45301 0.15001 1.53209
1.93564 0.15001 1.66397
0.429184 0.15001 0.74486
-0.697421 0.15001 -0.194762
-0.805574 0.15001 -0.564133
-0.375903 0.15001 -1.56737
-0.0738712 0.15001 -0.584408
-0.850612 0.15001 1.17472
1.93373 0.15001 0.0966509
-1.65514 0.15001 0.253889
0.373744 0.15001 2.06898
0.775744 0.15001 2.50615
1.291 0.15001 1.13963
-2.84999 0.15001 0.901687
2.1902 0.15001 -2.35761
0.00766653 0.15001 2.39396
-0.282455 0.15001 0.0931341
1.33335 0.15001 0.275768
-1.27805 0.15001 0.935831
2.09239 0.15001 0.204536
2.84865 0.15001 1.7492
0.362477 0.15001 -0.0405856
-0.228537 0.15001 1.60283
1.1218 0.15001 -2.51285
2.3621 0.15001 -2.45898
2.69143 0.15001 -1.63523
1.28241 0.15001 -2.84999
2.30371 0.15001 -2.64868
1.01481 0.15001 2.84999
1.93944 0.15001 0.686355
2.54521 0.15001 1.09659
2.10008 0.15001 1.5946
2.84999 0.15001 0.703894
1.39509 0.15001 -2.67509
2.32956 0.15001 -2.23289
0.247168 0.15001 0.660425
1.75758 0.15001 -1.1178
0.275592 0.15001 2.75477
-1.19736 0.15001 2.29679
0.620952 0.15001 2.38672
2.4163 0.15001 2.82617
2.41129 0.15001 -1.67674
2.69735 0.15001 0.0189354
1.14063 0.15001 -0.191286
-0.224457 0.15001 0.295846
-0.507709 0.15001 1.07021
1.79256 0.15001 0.387766
-0.178825 0.15001 1.93051
0.90192 0.15001 0.601858
0.300238 0.15001 1.72938
2.48585 0.15001 -2.11521
1.02859 0.15001 2.3372
-2.16914 0.15001 1.6246
0.777244 0.15001 0.921049
2.4399 0.15001 -1.91622
1.57016 0.15001 -0.493894
2.69208 0.15001 -0.35361
2.84999 0.15001 -0.618278
1.9985 0.15001 -0.337711
2.20589 0.15001 -1.40021
-0.600337 0.15001 1.67107
0.94959 0.15001 2.68379
2.54351 0.15001 -0.077792
2.66417 0.15001 -2.66302
0.866401 0.15001 -1.09297
2.69345 0.15001 -0.713229
2.50258 0.15001 -2.83267
2.08789 0.15001 0.0139612
1.62184 0.15001 1.45389
2.24365 0.15001 0.11261
1.70053 0.15001 1.91996
1.09242 0.15001 1.59656
2.39351 0.15001 0.0172521
0.296264 0.15001 -2.66393
1.07524 0.15001 -0.779783
2.5652 0.15001 -1.77338
0.0435848 0.15001 -0.000456851
1.63647 0.15001 -0.143132
1.72676 0.15001 -0.574223
1.88707 0.15001 -0.651527
-0.326098 0.15001 1.42228
-0.392307 0.15001 0.918478
2.84999 0.15001 0.308675
1.96353 0.15001 -1.69559
2.5372 0.15001 -1.54659
-0.85327 0.15001 0.665784
2.69242 0.15001 -1.07834
0.576375 0.15001 -2.49604
2.84999 0.15001 -0.981906
-0.390653 0.15001 0.411716
1.62378 0.15001 0.87527
-0.584231 0.15001 1.99208
2.24687 0.15001 0.690255
2.6993 0.15001 1.00389
-2.84268 0.15001 1.25596
0.945765 0.15001 1.20577
1.23512 0.15001 2.56031
1.34381 0.15001 2.24783
0.432116 0.15001 1.34181
1.97894 0.15001 -2.84999
1.15208 0.15001 2.72353
2.61056 0.15001 -1.97119
-0.450736 0.15001 2.13857
2.52958 0.15001 -1.36419
1.02487 0.15001 -2.67967
0.843354 0.15001 -2.67101
1.48002 0.15001 -1.63952
0.0675017 0.15001 0.564636
-1.08668 0.15001 -2.1135
-2.65621 0.15001 0.696191
-1.25173 0.15001 1.47994
1.84641 0.15001 2.0328
0.802559 0.15001 -0.372713
1.11967 0.15001 1.41371
1.18988 0.15001 0.563244
1.58166 0.15001 -1.47427
2.36224 0.15001 -0.539117
0.216167 0.15001 0.0781918
1.84209 0.15001 -0.433595
-0.609338 0.15001 -0.546988
2.21063 0.15001 -0.822606
2.76067 0.15001 2.14245
2.5298 0.15001 -1.17946
2.84999 0.15001 -2.66026
1.58132 0.15001 -2.66421
2.15349 0.15001 -2.84999
0.478544 0.15001 -1.75825
1.66294 0.15001 -1.64441
1.27711 0.15001 2.07765
1.78257 0.15001 0.969905
1.7823 0.15001 1.36481
2.70141 0.15001 0.604525
2.54847 0.15001 0.898851
1.43439 0.15001 -1.82217
0.840903 0.15001 -1.44689
0.22307 0.15001 -0.835961
2.29139 0.15001 -1.81695
0.532545 0.15001 0.044454
0.780098 0.15001 1.11568
2.52834 0.15001 -0.449836
2.84999 0.15001 -0.258128
2.00615 0.15001 2.16187
2.84999 0.15001 -0.0734569
1.28306 0.15001 0.952926
2.04728 0.15001 -2.4746
-0.17017 0.15001 -2.84999
2.5326 0.15001 -0.811538
1.78312 0.15001 0.591491
1.56312 0.15001 2.64147
2.84999 0.15001 -1.34822
2.09331 0.15001 0.783708
1.49048 0.15001 -0.0312995
2.36469 0.15001 -0.723404
2.52746 0.15001 -0.630923
2.84999 0.15001 -2.84999
2.05617 0.15001 -1.2931
-2.10432 0.15001 0.595183
2.1266 0.15001 -2.64525
2.08047 0.15001 -0.172841
1.63096 0.15001 0.69159
-0.635036 0.15001 -0.0106406
-1.39108 0.15001 0.781911
0.505259 0.15001 -0.159629
1.65839 0.15001 -1.26357
2.68832 0.15001 -0.53393
1.07515 0.15001 0.87971
2.05158 0.15001 -1.10899
-0.466452 0.15001 0.740799
-1.47978 0.15001 -0.261016
1.4638 0.15001 0.782799
1.1064 0.15001 -0.961735
1.28765 0.15001 2.84999
1.34193 0.15001 0.652184
2.48173 0.15001 -2.65349
2.67083 0.15001 -2.32753
2.69474 0.15001 -0.894615
1.09093 0.15001 -0.5942
1.39398 0.15001 -1.47231
0.386526 0.15001 0.159584
1.48707 0.15001 -1.3133
1.34757 0.15001 1.89154
2.09323 0.15001 0.592662
2.67808 0.15001 1.60183
2.73278 0.15001 -1.84207
1.99931 0.15001 -2.0693
0.809825 0.15001 -0.564811
2.84999 0.15001 -0.439086
0.751834 0.15001 0.712539
2.3961 0.15001 0.210893
0.914404 0.15001 0.795674
-0.399081 0.15001 2.69375
0.306498 0.15001 2.24665
2.26463 0.15001 1.52115
