1000 0.1
1.85408 0.15001 -0.0940273
-2.69221 0.15001 0.846535
-2.48886 0.15001 -2.39272
-2.31874 0.15001 -2.48172
-2.84554 0.15001 -0.604317
2.83886 0.15001 1.24622
1.29319 0.15001 1.86528
-1.64633 0.15001 1.63767
-1.5122 0.15001 -0.775068
-0.820997 0.15001 -0.00223315
-2.67763 0.15001 2.24866
0.523991 0.15001 2.84999
-0.322428 0.15001 1.22801
2.84999 0.15001 0.49014
-0.784174 0.15001 1.6613
-0.294001 0.15001 -2.03672
-0.382228 0.15001 -1.16396
0.104288 0.15001 -1.34129
-0.999664 0.15001 0.477222
-0.133221 0.15001 1.24821
-2.15458 0.15001 -1.99853
-2.80837 0.15001 -2.1399
-0.792629 0.15001 -0.854123
-1.75178 0.15001 -2.52814
-1.47721 0.15001 -2.1252
2.51868 0.15001 0.486208
-2.66621 0.15001 -1.91227
-0.443927 0.15001 -2.6722
-2.51549 0.15001 0.363799
-1.56532 0.15001 1.4561
-2.14588 0.15001 -0.9236
0.208239 0.15001 -0.560401
-1.90487 0.15001 -0.358276
-2.10248 0.15001 -1.47314
0.625236 0.15001 -2.84993
-2.33604 0.15001 -0.929531
0.567194 0.15001 -1.12821
-1.58845 0.15001 -1.28292
-1.17098 0.15001 0.98884
-2.84999 0.15001 -0.0299396
-0.171414 0.15001 -2.49277
-1.67339 0.15001 -0.672135
-0.485065 0.15001 -1.00113
0.718128 0.15001 -2.34031
-0.0897991 0.15001 -1.68421
-0.893513 0.15001 -2.06171
0.223253 0.15001 2.67907
-0.259486 0.15001 2.84999
-1.2303 0.15001 -0.574477
-2.68384 0.15001 1.84575
-1.68464 0.15001 -1.79593
-2.51249 0.15001 -1.57792
-1.11508 0.15001 0.636896
-1.48436 0.15001 -1.10881
-1.14566 0.15001 2.84999
-1.95114 0.15001 2.15193
-2.68117 0.15001 1.64704
-2.84999 0.15001 2.34658
-2.30109 0.15001 1.24736
0.851199 0.15001 1.41409
-0.581831 0.15001 -1.17362
1.40413 0.15001 -2.50898
-1.39398 0.15001 -0.929649
-0.994948 0.15001 -0.873871
-0.769053 0.15001 1.0293
-1.26696 0.15001 0.26818
0.086518 0.15001 -0.896231
-1.69463 0.15001 0.55482
-2.68381 0.15001 2.04346
-2.84999 0.15001 0.739976
-2.65985 0.15001 -2.66586
-2.84999 0.15001 -1.5748
-2.66722 0.15001 -0.126102
1.02104 0.15001 0.725785
2.84999 0.15001 0.116816
-2.68054 0.15001 1.25217
-2.84999 0.15001 1.34487
-2.84999 0.15001 0.164075
-1.45864 0.15001 1.61542
-0.7733 0.15001 2.01219
-2.65877 0.15001 -2.28905
-2.13891 0.15001 -2.80795
-1.28584 0.15001 -1.08637
-2.50726 0.15001 -0.426534
-0.6671 0.15001 2.52016
-2.84999 0.15001 2.54881
-2.16255 0.15001 0.835084
-2.84999 0.15001 1.94231
-2.3373 0.15001 2.04313
-0.678991 0.15001 2.18138
-0.191355 0.15001 -1.51581
-2.68148 0.15001 -0.890426
-2.48321 0.15001 -2.58454
-1.17967 0.15001 -1.24252
-2.50612 0.15001 -0.0214338
-1.94102 0.15001 -0.0127603
-1.79023 0.15001 1.23254
-2.32259 0.15001 1.05384
0.327063 0.15001 2.84999
-2.35038 0.15001 1.65093
-1.21231 0.15001 -2.2963
-0.196886 0.15001 1.9491
-2.36246 0.15001 -1.69925
2.67037 0.15001 1.93774
1.50342 0.15001 1.21338
-0.989262 0.15001 1.68127
1.8121 0.15001 -1.92047
-0.547764 0.15001 -2.5039
1.68894 0.15001 -0.377841
2.35801 0.15001 -1.09979
2.3323 0.15001 -2.83389
-0.0748435 0.15001 -1.00186
-1.68824 0.15001 -1.11197
-0.135052 0.15001 -0.374934
0.197211 0.15001 -1.17181
-2.67176 0.15001 -0.702189
-0.359545 0.15001 -2.42395
-2.66178 0.15001 -2.48066
-0.456635 0.15001 2.84999
-2.67439 0.15001 -0.31889
-1.64406 0.15001 -2.68727
2.17495 0.15001 1.03744
0.334306 0.15001 -2.00058
-1.70056 0.15001 -0.327993
-2.06513 0.15001 0.142452
-0.169698 0.15001 2.66272
-1.77994 0.15001 -1.97781
0.540681 0.15001 -0.539832
-0.192153 0.15001 0.606185
0.690026 0.15001 0.5337
-2.34808 0.15001 -1.30558
-0.285585 0.15001 -1.34018
0.535012 0.15001 -1.32755
-2.30798 0.15001 -2.1002
-2.84999 0.15001 -2.67331
-0.649625 0.15001 -2.67792
0.72637 0.15001 -1.36231
-1.75967 0.15001 0.9044
-1.56094 0.15001 0.929486
-2.84999 0.15001 1.54148
-1.27705 0.15001 -1.7776
-0.787404 0.15001 -1.90648
-0.877302 0.15001 -1.38387
-2.68559 0.15001 -1.08422
-0.68497 0.15001 0.350679
1.35373 0.15001 0.16441
-1.60114 0.15001 1.26781
-1.25669 0.15001 1.92679
-2.84999 0.15001 2.14748
-1.76559 0.15001 0.371067
0.253543 0.15001 -0.985108
-2.30531 0.15001 -2.66761
0.0408696 0.15001 -0.267246
0.701456 0.15001 -0.241103
1.36263 0.15001 -0.580757
1.42167 0.15001 2.45727
-0.561573 0.15001 2.68059
-2.10233 0.15001 2.84999
-2.67735 0.15001 0.0674845
-2.00062 0.15001 1.51005
-0.980777 0.15001 -1.57027
-2.84999 0.15001 -2.49695
-1.53971 0.15001 -2.84999
-2.10164 0.15001 -1.81931
-0.499902 0.15001 -0.660107
-0.885565 0.15001 -1.03074
-2.28877 0.15001 0.485777
-1.59415 0.15001 -2.31429
-0.878486 0.15001 0.325759
-2.84999 0.15001 2.84993
-0.844838 0.15001 -2.68415
1.35781 0.15001 -0.395282
-2.06799 0.15001 1.19636
-1.43114 0.15001 -0.605141
-2.68226 0.15001 2.65282
-2.17867 0.15001 1.7609
-2.10089 0.15001 -0.393311
-2.51896 0.15001 2.54081
-0.686689 0.15001 1.48578
-1.72513 0.15001 2.5051
-1.34307 0.15001 -2.84999
-0.141547 0.15001 -0.178372
-2.84999 0.15001 -0.790148
-1.30978 0.15001 -0.753413
0.00622582 0.15001 -1.17745
0.717264 0.15001 -0.810196
-1.79818 0.15001 -1.64372
-2.34626 0.15001 1.84802
-2.68258 0.15001 0.649076
-1.91372 0.15001 2.84999
-1.30641 0.15001 0.615529
0.214425 0.15001 -1.50011
-2.84999 0.15001 -0.986423
-2.84999 0.15001 -0.222377
-1.40268 0.15001 -2.30372
0.167458 0.15001 1.00894
-2.6836 0.15001 2.44729
-2.18146 0.15001 0.646937
-2.35143 0.15001 2.23352
0.178199 0.15001 1.91172
-0.749216 0.15001 -2.50706
-1.954 0.15001 -0.930823
1.38657 0.15001 1.55751
1.51884 0.15001 0.263145
0.155094 0.15001 1.6912
-0.274485 0.15001 2.49828
-0.585958 0.15001 -1.52023
2.34289 0.15001 0.947464
1.35236 0.15001 0.539758
2.31219 0.15001 1.73936
1.71194 0.15001 -1.30447
-1.14517 0.15001 -2.84999
-1.19499 0.15001 -0.906232
-0.489704 0.15001 -1.69164
-1.03977 0.15001 -2.36591
-0.484279 0.15001 -1.33851
-0.944885 0.15001 -2.84999
-1.76602 0.15001 -0.892895
-2.62156 0.15001 -2.09955
-2.67525 0.15001 1.4435
-2.84999 0.15001 -1.76989
-2.46541 0.15001 -1.99139
2.16488 0.15001 1.23433
-0.49046 0.15001 1.8137
-2.51705 0.15001 1.75047
-1.95358 0.15001 -2.50464
-2.51545 0.15001 0.555789
-1.62499 0.15001 2.67706
0.185112 0.15001 2.30019
-0.495579 0.15001 1.43045
-1.86456 0.15001 -2.68177
-2.68611 0.15001 1.05592
-1.38688 0.15001 -1.27055
0.0146581 0.15001 1.12319
0.878256 0.15001 -0.703775
-1.9755 0.15001 -0.555233
-0.879298 0.15001 2.18895
-2.062 0.15001 -0.741872
-1.8326 0.15001 1.60759
-2.84999 0.15001 0.356212
-0.991275 0.15001 -1.90748
0.814075 0.15001 -2.84999
-2.67901 0.15001 -0.512513
0.501105 0.15001 1.44797
1.18651 0.15001 0.442114
-1.02879 0.15001 -0.542211
1.99229 0.15001 1.33127
2.35469 0.15001 0.386898
-2.15098 0.15001 0.314997
-1.7221 0.15001 2.84999
-2.4926 0.15001 -2.77047
-0.684806 0.15001 -1.01549
-1.0505 0.15001 -2.67977
1.51109 0.15001 -2.34544
0.429931 0.15001 -1.83619
-0.364013 0.15001 1.04089
-1.43603 0.15001 2.32874
-2.3573 0.15001 0.862826
-0.34465 0.15001 0.72948
-2.66466 0.15001 2.84999
-1.54468 0.15001 0.0490991
0.0453457 0.15001 -0.461841
-2.00011 0.15001 0.687262
-0.340291 0.15001 -0.257626
-2.51553 0.15001 2.14144
-2.33056 0.15001 -0.0885052
-2.15865 0.15001 2.15529
-2.01094 0.15001 2.67866
-1.82063 0.15001 2.67639
0.0256965 0.15001 2.66992
1.00856 0.15001 -2.84999
2.33596 0.15001 1.13988
-2.13896 0.15001 -2.41764
0.823854 0.15001 -1.83704
1.19244 0.15001 -0.30928
-2.36409 0.15001 0.669056
0.846556 0.15001 1.01758
-1.53894 0.15001 2.15852
-0.0655457 0.15001 2.84999
-0.659041 0.15001 0.870518
-0.543282 0.15001 -2.84999
-1.44675 0.15001 -2.67373
-1.99348 0.15001 -1.64885
1.39035 0.15001 2.25436
-2.48616 0.15001 -0.785875
-1.857 0.15001 0.175074
0.708733 0.15001 -0.622527
-1.97603 0.15001 -1.29376
-2.14269 0.15001 1.37647
1.64182 0.15001 1.79084
-2.66336 0.15001 -2.84999
0.322375 0.15001 -1.66243
-1.09477 0.15001 1.1668
1.11686 0.15001 -2.00506
0.234462 0.15001 -2.51455
-0.115001 0.15001 -0.57091
-1.21686 0.15001 -0.0709447
-2.11046 0.15001 1.01561
-1.5293 0.15001 2.50509
-1.68137 0.15001 1.07932
-0.747335 0.15001 -2.84999
2.66817 0.15001 2.14293
-2.46471 0.15001 -2.20544
2.68206 0.15001 0.771045
-2.02571 0.15001 -0.200176
-0.293689 0.15001 2.14578
1.85401 0.15001 -0.278098
0.313875 0.15001 2.50716
2.6679 0.15001 1.34241
1.68642 0.15001 -0.0089776
0.71867 0.15001 2.84999
-0.900628 0.15001 -2.24381
-0.29117 0.15001 -1.69349
-2.33449 0.15001 -1.5083
-2.84999 0.15001 -2.84999
-1.2919 0.15001 -0.252205
1.86935 0.15001 -1.39189
-1.14446 0.15001 0.111911
-1.76275 0.15001 1.42664
-1.62735 0.15001 0.746836
-0.940095 0.15001 -2.52298
-0.780003 0.15001 -1.18954
2.19139 0.15001 -0.635848
-2.3403 0.15001 0.296376
-0.745356 0.15001 -0.336694
-1.36777 0.15001 1.77843
-1.10021 0.15001 1.51568
-1.77519 0.15001 1.80377
0.382849 0.15001 -1.12437
-0.90653 0.15001 1.51141
-2.31671 0.15001 -0.414801
-0.185029 0.15001 -1.16819
1.23665 0.15001 -1.24038
1.23543 0.15001 1.67677
-2.16672 0.15001 1.95542
-2.00059 0.15001 1.69741
1.10845 0.15001 -2.67935
-2.50889 0.15001 1.34413
-0.0760323 0.15001 -2.01486
-0.977811 0.15001 1.00279
-2.84857 0.15001 -1.18122
-0.252643 0.15001 -2.66678
1.54406 0.15001 -1.03574
1.93056 0.15001 2.32665
2.02219 0.15001 0.373525
1.95595 0.15001 1.92737
1.68581 0.15001 0.175956
0.200625 0.15001 0.224794
-1.00915 0.15001 1.34511
0.761417 0.15001 1.91327
-2.51766 0.15001 -1.79826
2.19005 0.15001 -0.082261
0.0379681 0.15001 -2.17083
-0.090578 0.15001 -1.34547
-1.18061 0.15001 -1.94823
2.07448 0.15001 2.80864
-1.73981 0.15001 2.16205
0.912632 0.15001 2.84999
-0.80159 0.15001 2.72925
2.00584 0.15001 1.12884
1.20668 0.15001 -2.50941
-1.88315 0.15001 -1.11696
1.20245 0.15001 -0.683437
1.20692 0.15001 1.46885
-1.74372 0.15001 0.0163494
-1.37836 0.15001 -1.94776
-0.00602935 0.15001 0.69972
-2.51399 0.15001 1.15086
2.84999 0.15001 2.44489
-0.00518314 0.15001 2.30256
1.01654 0.15001 -2.16782
2.18942 0.15001 -0.266418
-0.151049 0.15001 -2.84999
-0.501276 0.15001 -2.08591
-1.55934 0.15001 -2.5058
-2.49066 0.15001 0.169197
0.719864 0.15001 2.46601
-2.84999 0.15001 1.15115
-0.655097 0.15001 2.84999
0.0294628 0.15001 0.31126
-0.0573463 0.15001 -2.3413
0.217197 0.15001 -0.755072
1.58541 0.15001 -2.84999
-1.56205 0.15001 1.81186
-0.978179 0.15001 2.40583
-2.11594 0.15001 2.51371
-1.88242 0.15001 0.527595
-1.28142 0.15001 -1.42662
-1.28776 0.15001 1.15392
-2.84999 0.15001 1.74285
-2.18285 0.15001 -0.571788
0.332513 0.15001 -1.32097
-1.07009 0.15001 0.293909
0.212778 0.15001 -0.162767
1.02606 0.15001 -1.83726
2.19004 0.15001 0.287469
-1.95549 0.15001 0.878584
1.02615 0.15001 -0.0332357
-1.52938 0.15001 2.84999
2.01216 0.15001 0.93604
0.140593 0.15001 -1.99839
2.40791 0.15001 2.64697
0.356488 0.15001 0.528875
0.630039 0.15001 2.26378
1.51851 0.15001 0.449654
0.262253 0.15001 2.11601
-1.14054 0.15001 2.50424
-1.10948 0.15001 -0.723321
-0.383603 0.15001 1.97904
1.78309 0.15001 1.62914
1.52023 0.15001 -2.03059
-1.89626 0.15001 -1.47216
-2.51997 0.15001 -1.37828
-1.78058 0.15001 -0.511483
-1.25183 0.15001 -2.67837
-1.90419 0.15001 -1.82963
2.19541 0.15001 -1.19599
0.0119566 0.15001 -1.51292
-0.205741 0.15001 1.61142
-0.0817341 0.15001 2.48555
-2.41144 0.15001 -0.599239
-1.74829 0.15001 -2.84999
0.0370629 0.15001 -2.511
-0.537598 0.15001 -0.316266
-0.274269 0.15001 -0.98884
0.802886 0.15001 2.10385
0.518949 0.15001 2.47326
-1.38408 0.15001 0.429869
-1.82399 0.15001 -0.172715
0.53206 0.15001 0.238778
-2.16362 0.15001 -1.28922
-1.66811 0.15001 -2.13313
0.437194 0.15001 -2.84999
0.233167 0.15001 -2.16575
-2.84999 0.15001 -2.31943
2.18975 0.15001 -0.45066
2.84999 0.15001 -1.92647
0.816394 0.15001 -2.50952
-1.33761 0.15001 2.15042
0.909425 0.15001 -1.29015
-1.8536 0.15001 -2.16968
1.18803 0.15001 0.253312
1.74239 0.15001 2.01181
2.34815 0.15001 0.759267
0.856665 0.15001 0.438085
0.372884 0.15001 1.96147
2.61461 0.15001 2.63619
0.334358 0.15001 1.57351
1.15905 0.15001 2.00225
0.173507 0.15001 1.24226
1.79771 0.15001 -2.30468
2.52123 0.15001 0.112571
2.03039 0.15001 -0.91918
1.87102 0.15001 -1.20404
-1.6233 0.15001 -0.138845
-0.852144 0.15001 0.84748
-1.33396 0.15001 2.50506
2.67019 0.15001 1.73762
0.852425 0.15001 1.60477
-0.466463 0.15001 2.50738
1.32274 0.15001 -2.01478
-1.36307 0.15001 -0.429641
0.019339 0.15001 -1.84559
-0.532354 0.15001 -2.30801
-1.1738 0.15001 -2.50245
-1.69608 0.15001 -1.4607
-0.952171 0.15001 2.84999
-1.92218 0.15001 2.50749
-0.508444 0.15001 1.2411
0.168327 0.15001 0.811537
1.53742 0.15001 -0.848761
-0.3007 0.15001 -0.635533
-1.78446 0.15001 -2.34446
-0.381925 0.15001 2.32991
2.32771 0.15001 1.33686
-0.157203 0.15001 -0.783645
0.364632 0.15001 0.332246
-1.63405 0.15001 2.3338
2.26544 0.15001 2.85
1.10661 0.15001 2.84999
0.92245 0.15001 -2.00041
0.0365329 0.15001 0.119253
-0.681263 0.15001 -1.73233
-1.41881 0.15001 -0.103042
-1.57819 0.15001 -1.95481
-1.57839 0.15001 -0.481003
-1.50304 0.15001 0.587441
-1.83518 0.15001 1.9945
-2.29187 0.15001 2.84999
-1.23033 0.15001 2.67588
0.703927 0.15001 -0.433514
-1.08196 0.15001 -1.05883
0.512695 0.15001 0.825057
-0.374418 0.15001 0.537826
1.0271 0.15001 -1.52002
-1.02726 0.15001 2.66367
-1.07882 0.15001 -1.40439
-1.95329 0.15001 0.339876
-2.50888 0.15001 2.34572
-1.07634 0.15001 1.85402
1.85427 0.15001 0.274682
0.694039 0.15001 1.73263
-0.0157687 0.15001 1.58144
2.66456 0.15001 2.35153
2.48317 0.15001 2.24966
2.50566 0.15001 -2.31041
-1.18826 0.15001 1.6891
-1.48125 0.15001 1.11676
1.51961 0.15001 0.0768616
-0.782484 0.15001 2.35964
-0.723583 0.15001 -2.31177
-2.12061 0.15001 -2.61608
-0.37455 0.15001 -0.826477
-2.0785 0.15001 -1.1117
-2.3236 0.15001 -2.84999
-0.705817 0.15001 -2.10386
-1.94956 0.15001 -2.84999
-2.51466 0.15001 1.94638
2.18027 0.15001 0.846779
0.698316 0.15001 0.146722
1.38828 0.15001 -1.13892
2.19441 0.15001 -1.00915
-1.78449 0.15001 -1.28593
1.30516 0.15001 -2.34262
2.52012 0.15001 0.299312
-0.684166 0.15001 1.82726
-2.507 0.15001 -1.18441
-1.89273 0.15001 1.06475
-0.754749 0.15001 0.175627
-0.808884 0.15001 0.504621
-2.13813 0.15001 -0.0412619
-2.67912 0.15001 0.259584
-0.359656 0.15001 -2.22465
2.50741 0.15001 -2.49593
-2.22252 0.15001 -0.241501
-0.879649 0.15001 -1.73503
-2.28255 0.15001 -1.11931
0.864248 0.15001 -0.13513
2.35192 0.15001 0.57296
1.02261 0.15001 0.344057
-0.195229 0.15001 -1.86164
1.3419 0.15001 1.11368
2.30585 0.15001 1.93858
1.68624 0.15001 0.361811
1.49412 0.15001 1.93371
0.163434 0.15001 1.49206
0.700803 0.15001 -0.0473242
2.29067 0.15001 2.35133
0.528714 0.15001 1.84688
-0.14075 0.15001 0.408144
-0.780018 0.15001 -1.55504
2.49566 0.15001 1.43814
1.88323 0.15001 2.84999
0.723696 0.15001 -1.66738
1.86512 0.15001 -0.83238
1.1367 0.15001 -1.67346
2.84999 0.15001 2.03803
1.19578 0.15001 -0.496594
2.11521 0.15001 2.23483
-0.00505067 0.15001 0.901397
0.0461348 0.15001 -2.84999
0.326928 0.15001 -2.3376
0.237001 0.15001 -1.83201
-0.400715 0.15001 -1.86833
1.11072 0.15001 -2.33713
2.6844 0.15001 -1.46694
-1.47748 0.15001 -1.7802
-1.33761 0.15001 2.84999
1.6801 0.15001 0.927305
-2.334 0.15001 1.43192
1.59907 0.15001 -2.51294
1.77169 0.15001 -2.84999
1.02826 0.15001 -0.222103
-2.6819 0.15001 -1.48203
-1.01355 0.15001 -0.0349985
1.53075 0.15001 -0.663752
-2.84999 0.15001 -1.37686
-0.589609 0.15001 -0.838486
1.38498 0.15001 -1.35216
-1.48612 0.15001 -1.44797
0.337715 0.15001 -2.67921
1.06263 0.15001 -1.1658
0.539283 0.15001 -0.346418
1.0124 0.15001 1.11066
2.02797 0.15001 -0.733291
0.85949 0.15001 0.247006
-1.57721 0.15001 0.39837
-2.67775 0.15001 -1.6823
-2.20773 0.15001 2.34803
-1.81515 0.15001 0.720339
1.21404 0.15001 -2.17149
-0.907719 0.15001 -0.694461
-0.313078 0.15001 -0.0671616
-1.18034 0.15001 -1.58635
0.527649 0.15001 -2.67916
-1.15787 0.15001 -0.395212
-1.04621 0.15001 0.821798
-1.446 0.15001 1.97743
2.51632 0.15001 0.672986
2.18801 0.15001 0.472942
0.819673 0.15001 2.66671
0.137537 0.15001 -2.34081
-2.20134 0.15001 2.68115
-1.42705 0.15001 2.676
-2.28572 0.15001 0.1051
2.84999 0.15001 -1.18496
-1.36685 0.15001 -2.49293
1.78053 0.15001 2.65535
-1.58651 0.15001 -0.948759
-2.3318 0.15001 2.49044
-0.978896 0.15001 -1.21972
-2.12761 0.15001 -2.18552
-1.86401 0.15001 -0.721856
-0.576615 0.15001 2.34465
-1.98835 0.15001 1.88542
-2.51684 0.15001 -0.985312
1.33275 0.15001 1.31125
1.85112 0.15001 0.647337
2.52137 0.15001 -1.00294
1.05347 0.15001 -0.97598
0.617014 0.15001 -1.50845
-2.28838 0.15001 -2.28844
2.35482 0.15001 -1.47575
-0.691283 0.15001 1.20438
-2.27127 0.15001 -0.746888
-2.39214 0.15001 2.67995
-2.52685 0.15001 0.760013
0.342452 0.15001 0.922229
0.693362 0.15001 0.339535
-0.167238 0.15001 1.04866
0.378958 0.15001 -0.6453
-1.58241 0.15001 -1.61898
1.18443 0.15001 0.821093
-1.08299 0.15001 -1.74607
-0.16789 0.15001 -2.19011
2.02469 0.15001 -0.548233
-2.18586 0.15001 -1.64643
0.676078 0.15001 1.32587
0.50124 0.15001 1.23468
1.84361 0.15001 1.02715
0.60307 0.15001 2.0326
-0.616474 0.15001 0.530336
1.50066 0.15001 1.40596
0.00310574 0.15001 1.38345
0.512067 0.15001 1.02618
-1.97167 0.15001 -2.02718
1.02457 0.15001 0.155364
2.15278 0.15001 1.43574
1.19252 0.15001 2.20055
1.58369 0.15001 2.33967
1.85738 0.15001 -1.57752
2.35792 0.15001 -1.28714
0.245815 0.15001 -2.84999
0.995461 0.15001 2.16157
1.69851 0.15001 -0.747517
-1.46326 0.15001 0.238769
-0.593898 0.15001 -1.91448
0.967091 0.15001 1.9684
-1.20459 0.15001 1.34459
0.128587 0.15001 2.84999
-0.680417 0.15001 -1.3509
1.6233 0.15001 -1.87539
0.11535 0.15001 -1.67711
0.743712 0.15001 -1.18315
1.70335 0.15001 -0.932873
1.87591 0.15001 -2.66415
-0.705578 0.15001 -0.676069
-1.23616 0.15001 0.803438
-1.64306 0.15001 1.98877
-0.857513 0.15001 2.54967
2.15641 0.15001 -2.13368
0.626113 0.15001 -2.17065
0.914726 0.15001 -2.33967
1.23619 0.15001 -1.49565
-1.98051 0.15001 -2.31123
1.37926 0.15001 -0.951352
-1.40651 0.15001 1.32787
-1.34354 0.15001 0.081222
1.18925 0.15001 0.0659054
-2.47234 0.15001 -0.228396
0.427274 0.15001 -2.16757
0.520729 0.15001 0.629473
0.546479 0.15001 -0.935768
-0.952069 0.15001 -0.36229
0.545373 0.15001 -0.736494
1.5214 0.15001 -0.29408
0.0795504 0.15001 2.12991
0.377481 0.15001 -0.253946
-0.970047 0.15001 2.01767
-2.5238 0.15001 0.957404
1.68556 0.15001 -2.68234
0.521124 0.15001 -2.33653
2.84999 0.15001 -2.48283
0.375281 0.15001 -0.449106
1.37009 0.15001 -0.765685
0.421739 0.15001 -1.493
2.68547 0.15001 0.208946
1.97599 0.15001 1.53413
-0.876379 0.15001 1.84256
2.46082 0.15001 2.84999
1.02132 0.15001 0.534428
2.52267 0.15001 -0.258623
-0.49157 0.15001 0.386722
2.47907 0.15001 2.45205
-0.731587 0.15001 0.688472
-1.08579 0.15001 -0.215691
1.86845 0.15001 -1.01802
2.19805 0.15001 2.63503
0.508666 0.15001 1.65054
-0.501451 0.15001 -0.119241
-1.37385 0.15001 -1.60719
-2.68797 0.15001 -1.27876
1.35526 0.15001 -0.208696
1.41317 0.15001 -2.18344
1.09214 0.15001 -1.3505
1.83683 0.15001 1.22222
-2.47962 0.15001 2.84999
2.48774 0.15001 2.04255
1.03971 0.15001 1.34762
2.35645 0.15001 -0.354407
-2.84999 0.15001 -1.95809
1.97725 0.15001 -2.22785
2.17733 0.15001 -1.75983
2.15853 0.15001 -1.94461
-0.530316 0.15001 0.198135
0.622362 0.15001 2.65545
2.09963 0.15001 2.44213
-2.30282 0.15001 -1.88179
2.13331 0.15001 1.83419
0.862323 0.15001 0.0560628
0.212301 0.15001 -0.357752
1.21166 0.15001 -0.869159
-0.135329 0.15001 0.0172811
1.96812 0.15001 -2.42271
0.529577 0.15001 -2.00263
-0.397338 0.15001 1.60035
-1.154 0.15001 2.0797
-0.945551 0.15001 0.145506
2.68499 0.15001 0.395887
1.04691 0.15001 2.34916
2.84999 0.15001 -1.55563
0.903355 0.15001 1.78554
-2.02111 0.15001 2.33424
1.66669 0.15001 1.31248
2.49937 0.15001 1.24194
2.84366 0.15001 1.0552
2.84048 0.15001 1.4404
2.67025 0.15001 1.1482
0.336319 0.15001 1.12241
-0.0834543 0.15001 1.7728
2.68368 0.15001 -2.7732
2.84999 0.15001 -2.11174
1.32919 0.15001 -1.69312
2.68724 0.15001 -0.163887
0.192907 0.15001 0.417401
2.35684 0.15001 -0.912876
2.02872 0.15001 -1.47974
2.84996 0.15001 1.83596
-0.195389 0.15001 2.31955
2.84971 0.15001 0.865738
2.84999 0.15001 -1.74111
-1.28041 0.15001 -2.11702
2.32757 0.15001 -2.04369
1.35423 0.15001 -0.0219239
2.67819 0.15001 -2.2099
2.35703 0.15001 -0.169665
1.51704 0.15001 0.637912
2.68553 0.15001 -1.28102
-1.9441 0.15001 1.33564
-0.884892 0.15001 -0.181897
1.62957 0.15001 -2.19083
2.18834 0.15001 -1.57221
-0.0555225 0.15001 -2.67964
0.822601 0.15001 -2.16934
-2.84999 0.15001 -0.416577
1.78852 0.15001 -2.49574
0.833184 0.15001 2.29934
-0.813605 0.15001 1.34761
-1.19033 0.15001 0.454312
1.68737 0.15001 2.85
0.626525 0.15001 -1.83392
1.80691 0.15001 -2.11261
1.99191 0.15001 -1.84793
1.3974 0.15001 -2.84999
0.925514 0.15001 -1.67717
-1.06874 0.15001 2.24352
1.03032 0.15001 -0.410896
1.68491 0.15001 0.548642
2.83974 0.15001 2.64708
2.84999 0.15001 2.84999
1.2236 0.15001 -1.84857
2.84999 0.15001 -2.29745
0.620939 0.15001 -2.5071
-0.385641 0.15001 -0.452923
0.722282 0.15001 -0.997697
0.727388 0.15001 -2.00278
1.34677 0.15001 2.06035
0.884963 0.15001 -0.893483
0.675664 0.15001 1.5299
-1.82936 0.15001 2.33466
-0.009535 0.15001 1.95813
-0.194073 0.15001 0.850364
0.526863 0.15001 0.434409
2.48994 0.15001 1.83971
2.84999 0.15001 -0.812805
-2.51178 0.15001 1.54551
2.49245 0.15001 1.63764
1.44088 0.15001 1.74273
1.96591 0.15001 1.73
0.345973 0.15001 0.723974
-0.694563 0.15001 -0.149014
-0.825902 0.15001 -0.516472
-0.388922 0.15001 -1.51577
0.0340948 0.15001 -0.704384
-0.89707 0.15001 1.17761
1.85424 0.15001 0.0901213
-1.6605 0.15001 0.210023
0.448405 0.15001 2.14726
1.02042 0.15001 2.66767
1.17454 0.15001 1.20818
-2.84999 0.15001 0.548343
2.1543 0.15001 -2.32167
0.116294 0.15001 2.49178
-0.334451 0.15001 0.126613
1.35198 0.15001 0.351442
-1.36077 0.15001 0.960436
2.02282 0.15001 0.18863
2.84691 0.15001 1.6367
0.375864 0.15001 -0.0594265
-0.299118 0.15001 1.78442
1.01278 0.15001 -2.50806
2.32234 0.15001 -2.43756
2.68294 0.15001 -1.65205
1.20309 0.15001 -2.84999
2.27154 0.15001 -2.64384
1.29683 0.15001 2.80882
1.84777 0.15001 0.835906
2.50536 0.15001 1.04854
2.14372 0.15001 1.63761
2.84999 0.15001 0.677554
1.3022 0.15001 -2.67878
2.32801 0.15001 -2.23718
0.18047 0.15001 0.615701
1.70701 0.15001 -1.11917
0.4254 0.15001 2.67191
-1.23874 0.15001 2.33639
0.916506 0.15001 2.49417
2.65566 0.15001 2.84986
2.34757 0.15001 -1.66582
2.68632 0.15001 0.0223922
1.19056 0.15001 -0.121347
-0.140268 0.15001 0.210796
-0.561773 0.15001 1.05403
1.8533 0.15001 0.460346
-0.107553 0.15001 2.13097
0.855264 0.15001 0.630286
0.336159 0.15001 1.76992
2.5026 0.15001 -2.12398
1.23315 0.15001 2.41093
-2.18378 0.15001 1.56253
0.68033 0.15001 0.922502
2.50694 0.15001 -1.93775
1.52518 0.15001 -0.479086
2.68671 0.15001 -0.349948
2.84999 0.15001 -0.627402
2.02173 0.15001 -0.363985
2.19385 0.15001 -1.38336
-0.587264 0.15001 1.64679
1.21848 0.15001 2.61565
2.52235 0.15001 -0.0733757
2.67304 0.15001 -2.58755
0.896044 0.15001 -1.08163
2.68478 0.15001 -0.721147
2.5185 0.15001 -2.84999
2.02236 0.15001 0.00406407
1.57654 0.15001 1.59743
2.19017 0.15001 0.102365
1.93524 0.15001 2.12598
1.09819 0.15001 1.81412
2.35669 0.15001 0.0153492
0.145196 0.15001 -2.68387
1.04401 0.15001 -0.788513
2.51274 0.15001 -1.75201
0.0412797 0.15001 -0.0736596
1.68657 0.15001 -0.193293
1.69318 0.15001 -0.562692
1.86118 0.15001 -0.647273
-0.272638 0.15001 1.42059
-0.465467 0.15001 0.880126
2.84999 0.15001 0.303337
2.02006 0.15001 -1.66515
2.5175 0.15001 -1.56528
-0.924844 0.15001 0.663215
2.68594 0.15001 -1.09363
0.426184 0.15001 -2.5077
2.84999 0.15001 -0.998743
-0.311136 0.15001 0.321593
1.51278 0.15001 1.02188
-0.578826 0.15001 1.9933
2.18438 0.15001 0.659069
2.67738 0.15001 0.958759
-2.84999 0.15001 0.945731
0.852138 0.15001 1.22067
1.60048 0.15001 2.54873
1.76533 0.15001 2.43535
0.324573 0.15001 1.37032
1.9585 0.15001 -2.84999
1.42652 0.15001 2.65601
2.67814 0.15001 -2.02345
-0.481999 0.15001 2.16173
2.52089 0.15001 -1.37803
0.914707 0.15001 -2.67817
0.719658 0.15001 -2.68068
1.53864 0.15001 -1.7011
0.0212252 0.15001 0.505967
-1.07925 0.15001 -2.12452
-2.6836 0.15001 0.458025
-1.29299 0.15001 1.51958
2.12577 0.15001 2.03106
0.865538 0.15001 -0.325589
1.04948 0.15001 1.59029
1.18768 0.15001 0.631444
1.66981 0.15001 -1.56191
2.35586 0.15001 -0.539653
0.209167 0.15001 0.0318366
1.85663 0.15001 -0.462589
-0.621813 0.15001 -0.497998
2.19283 0.15001 -0.822259
2.84999 0.15001 2.24182
2.52187 0.15001 -1.19011
2.84999 0.15001 -2.66643
1.49519 0.15001 -2.68145
2.14687 0.15001 -2.84999
0.519089 0.15001 -1.66695
1.74898 0.15001 -1.73424
1.74651 0.15001 2.21369
1.67512 0.15001 1.12059
1.81917 0.15001 1.42628
2.68399 0.15001 0.583295
2.51202 0.15001 0.859989
1.42953 0.15001 -1.85886
0.834311 0.15001 -1.51094
0.38397 0.15001 -0.843354
2.33714 0.15001 -1.85485
0.537405 0.15001 0.0441992
0.681263 0.15001 1.12503
2.5214 0.15001 -0.443959
2.84999 0.15001 -0.256378
2.30466 0.15001 2.1441
2.84999 0.15001 -0.0698196
1.17959 0.15001 1.01189
2.14009 0.15001 -2.5077
-0.344663 0.15001 -2.84999
2.52006 0.15001 -0.816345
1.68249 0.15001 0.736593
1.98763 0.15001 2.61975
2.84999 0.15001 -1.3708
2.01619 0.15001 0.746518
1.51955 0.15001 -0.108764
2.35581 0.15001 -0.726043
2.51987 0.15001 -0.62998
2.84999 0.15001 -2.84999
2.03261 0.15001 -1.29252
-2.07255 0.15001 0.492316
2.064 0.15001 -2.67965
2.02155 0.15001 -0.180073
1.51618 0.15001 0.829112
-0.627838 0.15001 0.031406
-1.43249 0.15001 0.774306
0.53907 0.15001 -0.151567
1.54625 0.15001 -1.22688
2.68528 0.15001 -0.535617
1.01552 0.15001 0.917754
2.03268 0.15001 -1.10564
-0.537613 0.15001 0.702996
-1.49702 0.15001 -0.288776
1.34934 0.15001 0.922129
1.22174 0.15001 -1.05513
1.49071 0.15001 2.84999
1.35228 0.15001 0.731101
2.46007 0.15001 -2.67541
2.67923 0.15001 -2.39797
2.68536 0.15001 -0.906996
1.03682 0.15001 -0.599613
1.43125 0.15001 -1.53984
0.37049 0.15001 0.135983
1.5629 0.15001 -1.4117
1.5583 0.15001 2.13178
2.01963 0.15001 0.559212
2.66808 0.15001 1.53917
2.68107 0.15001 -1.83782
1.98565 0.15001 -2.03679
0.870665 0.15001 -0.515355
2.84999 0.15001 -0.442213
0.685464 0.15001 0.727979
2.35616 0.15001 0.200898
0.852002 0.15001 0.822595
-0.362608 0.15001 2.67429
0.380698 0.15001 2.32675
2.3206 0.15001 1.53589
