1000 0.1
1.8503 0.15001 -0.0529538
-2.63443 0.15001 0.936002
-2.48391 0.15001 -2.37872
-2.28491 0.15001 -2.4554
-2.81975 0.15001 -0.534886
2.84999 0.15001 1.27137
1.32299 0.15001 1.88982
-1.66174 0.15001 1.6161
-1.51915 0.15001 -0.726685
-0.816924 0.15001 0.0411942
-2.6838 0.15001 2.25935
0.558627 0.15001 2.84999
-0.337233 0.15001 1.26658
2.82762 0.15001 0.514468
-0.807415 0.15001 1.68948
-0.264448 0.15001 -2.01309
-0.370787 0.15001 -1.14913
0.130925 0.15001 -1.31272
-1.01884 0.15001 0.531589
-0.146531 0.15001 1.32589
-2.12836 0.15001 -1.91766
-2.78175 0.15001 -2.03787
-0.804888 0.15001 -0.831696
-1.72797 0.15001 -2.46877
-1.43484 0.15001 -2.10233
2.49672 0.15001 0.520492
-2.64599 0.15001 -1.89188
-0.469654 0.15001 -2.66672
-2.51672 0.15001 0.416444
-1.59042 0.15001 1.44064
-2.16738 0.15001 -0.856831
0.167979 0.15001 -0.524321
-1.89576 0.15001 -0.317837
-2.06284 0.15001 -1.37228
0.608121 0.15001 -2.84999
-2.35357 0.15001 -0.862016
0.620309 0.15001 -1.1081
-1.5746 0.15001 -1.23948
-1.20686 0.15001 1.02288
-2.84999 0.15001 0.0210691
-0.1854 0.15001 -2.51784
-1.69379 0.15001 -0.642938
-0.493095 0.15001 -0.987872
0.726786 0.15001 -2.34682
-0.0659784 0.15001 -1.66654
-0.84034 0.15001 -2.03889
0.257822 0.15001 2.66943
-0.214953 0.15001 2.84999
-1.24088 0.15001 -0.534163
-2.68526 0.15001 1.8655
-1.67408 0.15001 -1.75603
-2.45542 0.15001 -1.51951
-1.14267 0.15001 0.683167
-1.48085 0.15001 -1.06506
-1.13442 0.15001 2.8499
-1.93951 0.15001 2.1617
-2.67609 0.15001 1.66854
-2.84999 0.15001 2.34714
-2.22836 0.15001 1.26784
0.86274 0.15001 1.4017
-0.573769 0.15001 -1.16386
1.40992 0.15001 -2.50866
-1.40057 0.15001 -0.889488
-1.00062 0.15001 -0.854727
-0.813402 0.15001 1.06804
-1.27358 0.15001 0.310928
0.0670246 0.15001 -0.857864
-1.71943 0.15001 0.563899
-2.68572 0.15001 2.05918
-2.84999 0.15001 0.839428
-2.638 0.15001 -2.66532
-2.83944 0.15001 -1.49677
-2.68682 0.15001 -0.0740009
1.02246 0.15001 0.77684
2.83197 0.15001 0.143546
-2.69029 0.15001 1.28097
-2.84999 0.15001 1.38099
-2.84999 0.15001 0.209427
-1.47787 0.15001 1.60469
-0.77729 0.15001 2.04841
-2.66486 0.15001 -2.28398
-2.1201 0.15001 -2.75121
-1.28313 0.15001 -1.0568
-2.48412 0.15001 -0.361836
-0.648688 0.15001 2.55712
-2.84999 0.15001 2.53673
-2.13741 0.15001 0.836526
-2.84999 0.15001 1.95464
-2.36638 0.15001 2.06983
-0.662205 0.15001 2.20514
-0.174647 0.15001 -1.49988
-2.71463 0.15001 -0.835007
-2.46734 0.15001 -2.57645
-1.17883 0.15001 -1.21916
-2.50613 0.15001 0.0132924
-1.9348 0.15001 0.0220605
-1.86074 0.15001 1.23411
-2.27138 0.15001 1.05549
0.363842 0.15001 2.84999
-2.37062 0.15001 1.64999
-1.14651 0.15001 -2.23624
-0.176836 0.15001 1.97012
-2.32574 0.15001 -1.64859
2.67431 0.15001 1.98063
1.5185 0.15001 1.27667
-1.00105 0.15001 1.72546
1.83452 0.15001 -1.88731
-0.548623 0.15001 -2.47421
1.68536 0.15001 -0.338608
2.35961 0.15001 -1.0824
2.31718 0.15001 -2.78001
-0.0819538 0.15001 -0.986726
-1.67723 0.15001 -1.07135
-0.194624 0.15001 -0.35401
0.227792 0.15001 -1.14118
-2.66155 0.15001 -0.658987
-0.357323 0.15001 -2.43105
-2.65938 0.15001 -2.47922
-0.408039 0.15001 2.84999
-2.67892 0.15001 -0.287082
-1.67171 0.15001 -2.6592
2.1818 0.15001 1.09233
0.344183 0.15001 -1.99629
-1.69724 0.15001 -0.275399
-2.05758 0.15001 0.166722
-0.129166 0.15001 2.6573
-1.73541 0.15001 -1.94308
0.526584 0.15001 -0.502044
-0.16554 0.15001 0.705695
0.687656 0.15001 0.561627
-2.36148 0.15001 -1.19823
-0.272843 0.15001 -1.32882
0.550217 0.15001 -1.28545
-2.27379 0.15001 -2.05118
-2.83075 0.15001 -2.62666
-0.667462 0.15001 -2.65562
0.729615 0.15001 -1.36819
-1.77206 0.15001 0.902903
-1.58698 0.15001 0.942842
-2.84999 0.15001 1.5726
-1.26714 0.15001 -1.74042
-0.761414 0.15001 -1.86491
-0.870654 0.15001 -1.3524
-2.66212 0.15001 -1.01474
-0.701949 0.15001 0.408041
1.35267 0.15001 0.215244
-1.67314 0.15001 1.27064
-1.26725 0.15001 1.94356
-2.84999 0.15001 2.15339
-1.78749 0.15001 0.382591
0.245615 0.15001 -0.949295
-2.28666 0.15001 -2.65232
-0.0303998 0.15001 -0.227163
0.683521 0.15001 -0.19959
1.36092 0.15001 -0.540337
1.46847 0.15001 2.46478
-0.50972 0.15001 2.68546
-2.08995 0.15001 2.84999
-2.68519 0.15001 0.114252
-2.02147 0.15001 1.56923
-0.969389 0.15001 -1.53984
-2.84999 0.15001 -2.42066
-1.56871 0.15001 -2.84999
-2.12569 0.15001 -1.71889
-0.538285 0.15001 -0.623636
-0.885262 0.15001 -1.01276
-2.32248 0.15001 0.444959
-1.53408 0.15001 -2.27807
-0.89009 0.15001 0.377095
-2.84999 0.15001 2.84999
-0.857441 0.15001 -2.69183
1.35461 0.15001 -0.350471
-2.05175 0.15001 1.19577
-1.44305 0.15001 -0.551449
-2.72839 0.15001 2.67556
-2.1303 0.15001 1.82481
-2.0929 0.15001 -0.346624
-2.54988 0.15001 2.59386
-0.672818 0.15001 1.4847
-1.72003 0.15001 2.49221
-1.36546 0.15001 -2.84999
-0.187684 0.15001 -0.10195
-2.84999 0.15001 -0.714815
-1.32247 0.15001 -0.710989
0.0267893 0.15001 -1.15475
0.710757 0.15001 -0.769419
-1.78183 0.15001 -1.58596
-2.32543 0.15001 1.84543
-2.68626 0.15001 0.751458
-1.89883 0.15001 2.84999
-1.3313 0.15001 0.649215
0.244304 0.15001 -1.46947
-2.84999 0.15001 -0.954545
-2.84999 0.15001 -0.167358
-1.33678 0.15001 -2.2748
0.169888 0.15001 1.0871
-2.68066 0.15001 2.4542
-2.20354 0.15001 0.665929
-2.35746 0.15001 2.25917
0.255333 0.15001 1.93458
-0.739512 0.15001 -2.45117
-1.97251 0.15001 -0.85072
1.39622 0.15001 1.59221
1.52004 0.15001 0.317812
0.223064 0.15001 1.72981
-0.241695 0.15001 2.49246
-0.572252 0.15001 -1.51141
2.34834 0.15001 1.00145
1.35314 0.15001 0.597163
2.33404 0.15001 1.77537
1.71164 0.15001 -1.28151
-1.16289 0.15001 -2.84999
-1.20236 0.15001 -0.873914
-0.477479 0.15001 -1.6856
-1.0136 0.15001 -2.36395
-0.470913 0.15001 -1.33004
-0.964033 0.15001 -2.84999
-1.78001 0.15001 -0.828502
-2.60423 0.15001 -2.10023
-2.68795 0.15001 1.46809
-2.84999 0.15001 -1.68004
-2.45768 0.15001 -1.97541
2.18553 0.15001 1.28324
-0.493999 0.15001 1.82412
-2.51558 0.15001 1.77366
-1.92109 0.15001 -2.4756
-2.55812 0.15001 0.613793
-1.61358 0.15001 2.66222
0.242953 0.15001 2.29275
-0.484079 0.15001 1.43486
-1.87109 0.15001 -2.67371
-2.59241 0.15001 1.12477
-1.37389 0.15001 -1.23257
0.0119536 0.15001 1.20806
0.870416 0.15001 -0.661175
-1.99089 0.15001 -0.507429
-0.866365 0.15001 2.23907
-2.07929 0.15001 -0.685857
-1.84525 0.15001 1.60401
-2.84999 0.15001 0.399263
-0.955473 0.15001 -1.88672
0.801873 0.15001 -2.84999
-2.63871 0.15001 -0.474563
0.52965 0.15001 1.44991
1.19158 0.15001 0.495492
-1.04277 0.15001 -0.511254
2.01929 0.15001 1.37541
2.33403 0.15001 0.428463
-2.174 0.15001 0.31354
-1.70925 0.15001 2.84999
-2.46649 0.15001 -2.77688
-0.688681 0.15001 -0.994936
-1.052 0.15001 -2.67564
1.53091 0.15001 -2.33666
0.443354 0.15001 -1.83536
-0.342891 0.15001 1.07187
-1.44184 0.15001 2.30493
-2.32194 0.15001 0.85315
-0.340493 0.15001 0.794616
-2.6623 0.15001 2.84999
-1.5457 0.15001 0.0909578
-0.00587297 0.15001 -0.431854
-2.01915 0.15001 0.676279
-0.35274 0.15001 -0.223672
-2.52477 0.15001 2.16487
-2.3594 0.15001 -0.128175
-2.1288 0.15001 2.17451
-1.99402 0.15001 2.6769
-1.80345 0.15001 2.6693
0.0630303 0.15001 2.65674
1.00351 0.15001 -2.84999
2.3518 0.15001 1.19085
-2.09572 0.15001 -2.37394
0.842526 0.15001 -1.85574
1.18634 0.15001 -0.264421
-2.37969 0.15001 0.634046
0.849315 0.15001 1.04029
-1.55386 0.15001 2.137
-0.0217454 0.15001 2.85
-0.687394 0.15001 0.916642
-0.574181 0.15001 -2.84266
-1.46889 0.15001 -2.66781
-1.98498 0.15001 -1.56868
1.44994 0.15001 2.26171
-2.46932 0.15001 -0.681139
-1.86377 0.15001 0.203445
0.698595 0.15001 -0.580928
-1.96861 0.15001 -1.19543
-2.16642 0.15001 1.4532
1.69958 0.15001 1.80954
-2.65204 0.15001 -2.84999
0.344288 0.15001 -1.64347
-1.13204 0.15001 1.2104
1.1295 0.15001 -2.01551
0.218293 0.15001 -2.51014
-0.160248 0.15001 -0.554815
-1.21128 0.15001 -0.0191362
-2.0864 0.15001 1.01251
-1.53084 0.15001 2.48218
-1.7131 0.15001 1.08584
-0.765128 0.15001 -2.84999
2.66861 0.15001 2.18194
-2.42115 0.15001 -2.18866
2.67065 0.15001 0.798526
-2.00146 0.15001 -0.157199
-0.257704 0.15001 2.1508
1.85145 0.15001 -0.241217
0.347702 0.15001 2.49676
2.6856 0.15001 1.37584
1.6865 0.15001 0.0408408
0.754672 0.15001 2.84999
-0.891512 0.15001 -2.21941
-0.276803 0.15001 -1.67774
-2.29388 0.15001 -1.38063
-2.84999 0.15001 -2.82682
-1.28632 0.15001 -0.19808
1.87205 0.15001 -1.36681
-1.14422 0.15001 0.161949
-1.795 0.15001 1.42003
-1.65229 0.15001 0.75578
-0.921504 0.15001 -2.52229
-0.771463 0.15001 -1.17349
2.18658 0.15001 -0.61476
-2.34563 0.15001 0.249315
-0.763353 0.15001 -0.29692
-1.3756 0.15001 1.7749
-1.11674 0.15001 1.56353
-1.75842 0.15001 1.78197
0.427319 0.15001 -1.09888
-0.930835 0.15001 1.54617
-2.28656 0.15001 -0.349478
-0.171386 0.15001 -1.1608
1.22896 0.15001 -1.21149
1.25058 0.15001 1.71196
-2.20208 0.15001 1.99735
-1.95119 0.15001 1.76801
1.11027 0.15001 -2.68159
-2.52245 0.15001 1.34895
-0.0491255 0.15001 -1.98639
-1.01282 0.15001 1.04398
-2.80672 0.15001 -1.13394
-0.280001 0.15001 -2.68318
1.54294 0.15001 -1.00688
1.97057 0.15001 2.36904
2.01046 0.15001 0.427866
1.98142 0.15001 1.96032
1.68671 0.15001 0.231672
0.17815 0.15001 0.280973
-1.0405 0.15001 1.38645
0.788429 0.15001 1.88261
-2.49682 0.15001 -1.7274
2.1797 0.15001 -0.0506185
0.0455395 0.15001 -2.16329
-0.0674267 0.15001 -1.32278
-1.14918 0.15001 -1.90196
2.09374 0.15001 2.82776
-1.75021 0.15001 2.13691
0.950816 0.15001 2.84999
-0.769566 0.15001 2.76426
2.01806 0.15001 1.18407
1.21718 0.15001 -2.50677
-1.86235 0.15001 -1.01519
1.20091 0.15001 -0.642124
1.22306 0.15001 1.51228
-1.7416 0.15001 0.0564368
-1.35048 0.15001 -1.91591
3.11912e-005 0.15001 0.803274
-2.40605 0.15001 1.19728
2.84999 0.15001 2.4594
0.0472618 0.15001 2.29654
1.02903 0.15001 -2.17991
2.18137 0.15001 -0.24076
-0.187979 0.15001 -2.84999
-0.451116 0.15001 -2.05823
-1.53586 0.15001 -2.48336
-2.52308 0.15001 0.207041
0.76073 0.15001 2.50072
-2.84999 0.15001 1.19622
-0.602024 0.15001 2.84999
0.013598 0.15001 0.395016
-0.14338 0.15001 -2.33495
0.200848 0.15001 -0.716544
1.58774 0.15001 -2.84999
-1.56476 0.15001 1.78581
-0.956596 0.15001 2.43404
-2.10011 0.15001 2.51278
-1.9107 0.15001 0.522124
-1.27054 0.15001 -1.3968
-1.32551 0.15001 1.17848
-2.84999 0.15001 1.7636
-2.18287 0.15001 -0.520431
0.352893 0.15001 -1.29399
-1.07846 0.15001 0.345683
0.16728 0.15001 -0.128255
1.03868 0.15001 -1.8531
2.17387 0.15001 0.331644
-1.95373 0.15001 0.865153
1.02132 0.15001 0.0143417
-1.51926 0.15001 2.84999
2.01056 0.15001 0.994887
0.14705 0.15001 -1.99227
2.39676 0.15001 2.66491
0.355294 0.15001 0.567854
0.660047 0.15001 2.32408
1.51763 0.15001 0.50735
0.346252 0.15001 2.12141
-1.14603 0.15001 2.46188
-1.12382 0.15001 -0.693655
-0.376369 0.15001 1.9887
1.82405 0.15001 1.65358
1.52859 0.15001 -2.01172
-1.86859 0.15001 -1.40697
-2.4904 0.15001 -1.33376
-1.79836 0.15001 -0.481513
-1.26111 0.15001 -2.67132
-1.88785 0.15001 -1.75585
2.19919 0.15001 -1.1782
0.0345351 0.15001 -1.48967
-0.163651 0.15001 1.60168
-0.0491315 0.15001 2.47756
-2.37493 0.15001 -0.518101
-1.76654 0.15001 -2.84999
0.00997297 0.15001 -2.51507
-0.564781 0.15001 -0.269027
-0.292777 0.15001 -0.958328
0.78324 0.15001 2.15634
0.557569 0.15001 2.49826
-1.40043 0.15001 0.460827
-1.81127 0.15001 -0.124812
0.512758 0.15001 0.26786
-2.16571 0.15001 -1.2082
-1.6293 0.15001 -2.1083
0.412634 0.15001 -2.84999
0.237346 0.15001 -2.16201
-2.84999 0.15001 -2.21509
2.18251 0.15001 -0.428488
2.84999 0.15001 -1.92258
0.819665 0.15001 -2.51443
-1.35701 0.15001 2.12803
0.924846 0.15001 -1.34472
-1.83333 0.15001 -2.11106
1.187 0.15001 0.305071
1.7619 0.15001 1.99641
2.34113 0.15001 0.811018
0.852523 0.15001 0.474524
0.46281 0.15001 1.96085
2.63688 0.15001 2.63865
0.380322 0.15001 1.57788
1.18047 0.15001 2.03286
0.180475 0.15001 1.29456
1.75527 0.15001 -2.31641
2.50366 0.15001 0.139269
2.03083 0.15001 -0.898032
1.87297 0.15001 -1.18124
-1.61659 0.15001 -0.0922612
-0.886471 0.15001 0.892716
-1.33717 0.15001 2.4787
2.67888 0.15001 1.77785
0.896125 0.15001 1.582
-0.432132 0.15001 2.51093
1.33413 0.15001 -2.0106
-1.35941 0.15001 -0.378505
0.0520186 0.15001 -1.82297
-0.500505 0.15001 -2.28844
-1.14551 0.15001 -2.50505
-1.6772 0.15001 -1.41026
-0.941436 0.15001 2.84999
-1.90809 0.15001 2.49902
-0.526519 0.15001 1.25181
0.173885 0.15001 0.880691
1.5363 0.15001 -0.817898
-0.344408 0.15001 -0.606688
-1.73338 0.15001 -2.27614
-0.355518 0.15001 2.33116
2.35246 0.15001 1.38122
-0.214559 0.15001 -0.775329
0.348292 0.15001 0.370925
-1.63256 0.15001 2.31624
2.28269 0.15001 2.84999
1.14489 0.15001 2.84999
0.934918 0.15001 -2.01885
0.00612573 0.15001 0.193634
-0.671167 0.15001 -1.68699
-1.41791 0.15001 -0.0554569
-1.53981 0.15001 -1.93508
-1.6046 0.15001 -0.444122
-1.52656 0.15001 0.609301
-1.83662 0.15001 1.95787
-2.28294 0.15001 2.84999
-1.2259 0.15001 2.64931
0.687154 0.15001 -0.389875
-1.08908 0.15001 -1.03686
0.523813 0.15001 0.850206
-0.419018 0.15001 0.613855
1.0345 0.15001 -1.52501
-1.03437 0.15001 2.62065
-1.07447 0.15001 -1.37908
-1.98639 0.15001 0.348274
-2.50748 0.15001 2.3755
-1.07617 0.15001 1.9114
1.84966 0.15001 0.330042
0.74767 0.15001 1.69993
0.0390895 0.15001 1.63899
2.66542 0.15001 2.38415
2.49024 0.15001 2.28356
2.4955 0.15001 -2.29655
-1.19091 0.15001 1.74141
-1.522 0.15001 1.14876
1.52135 0.15001 0.12997
-0.765861 0.15001 2.40437
-0.696742 0.15001 -2.25245
-2.09604 0.15001 -2.56641
-0.407075 0.15001 -0.789382
-2.06226 0.15001 -1.02582
-2.28243 0.15001 -2.84999
-0.649518 0.15001 -2.05482
-1.96013 0.15001 -2.84999
-2.52036 0.15001 1.96289
2.17739 0.15001 0.904363
0.682215 0.15001 0.180103
1.38412 0.15001 -1.11031
2.1963 0.15001 -0.990012
-1.7779 0.15001 -1.23331
1.32777 0.15001 -2.33743
2.49892 0.15001 0.330312
-0.694379 0.15001 1.84981
-2.46764 0.15001 -1.03819
-1.89974 0.15001 1.04908
-0.755781 0.15001 0.223848
-0.828157 0.15001 0.55877
-2.13857 0.15001 -0.00259984
-2.68 0.15001 0.31383
-0.321846 0.15001 -2.21126
2.47971 0.15001 -2.48008
-2.18673 0.15001 -0.183861
-0.86804 0.15001 -1.70248
-2.26306 0.15001 -1.03007
0.852386 0.15001 -0.0917263
2.33465 0.15001 0.620645
1.02125 0.15001 0.393252
-0.172203 0.15001 -1.84028
1.34852 0.15001 1.18825
2.32372 0.15001 1.97208
1.68432 0.15001 0.421168
1.55584 0.15001 1.95155
0.200783 0.15001 1.51612
0.681857 0.15001 -0.0100985
2.31831 0.15001 2.38446
0.603708 0.15001 1.82741
-0.149697 0.15001 0.50905
-0.766807 0.15001 -1.51747
2.51815 0.15001 1.47902
1.90603 0.15001 2.84999
0.742616 0.15001 -1.69289
1.86412 0.15001 -0.806508
1.14755 0.15001 -1.68287
2.84999 0.15001 2.06917
1.1922 0.15001 -0.453064
2.15137 0.15001 2.27146
-0.000592495 0.15001 1.00343
0.00935479 0.15001 -2.84999
0.319122 0.15001 -2.33602
0.249583 0.15001 -1.82531
-0.375481 0.15001 -1.86302
1.12667 0.15001 -2.33997
2.68773 0.15001 -1.45427
-1.47069 0.15001 -1.74689
-1.32721 0.15001 2.84999
1.6759 0.15001 0.991639
-2.3551 0.15001 1.43436
1.60269 0.15001 -2.5105
1.77572 0.15001 -2.84999
1.01962 0.15001 -0.176598
-2.67379 0.15001 -1.40592
-1.00977 0.15001 0.0117225
1.52879 0.15001 -0.628326
-2.84999 0.15001 -1.31188
-0.607074 0.15001 -0.81306
1.38199 0.15001 -1.32493
-1.47578 0.15001 -1.40716
0.315358 0.15001 -2.68205
1.03912 0.15001 -1.17421
0.51042 0.15001 -0.312109
1.02614 0.15001 1.21027
2.02431 0.15001 -0.709953
0.851637 0.15001 0.286124
-1.59472 0.15001 0.420708
-2.66787 0.15001 -1.60983
-2.19902 0.15001 2.35366
-1.83568 0.15001 0.714161
1.23202 0.15001 -2.17424
-0.926422 0.15001 -0.671499
-0.34627 0.15001 0.0343801
-1.16834 0.15001 -1.56462
0.512115 0.15001 -2.6848
-1.16148 0.15001 -0.351714
-1.07735 0.15001 0.864063
-1.4594 0.15001 1.95833
2.50179 0.15001 0.71014
2.17125 0.15001 0.524737
0.860344 0.15001 2.67457
0.110425 0.15001 -2.34769
-2.18839 0.15001 2.67964
-1.42095 0.15001 2.66499
-2.31824 0.15001 0.0597813
2.84999 0.15001 -1.16897
-1.33987 0.15001 -2.4808
1.80756 0.15001 2.67009
-1.60055 0.15001 -0.89843
-2.34095 0.15001 2.48563
-0.983218 0.15001 -1.19595
-2.05354 0.15001 -2.10734
-1.89041 0.15001 -0.668321
-0.566113 0.15001 2.3726
-2.01875 0.15001 1.9872
-2.53616 0.15001 -0.859063
1.36277 0.15001 1.38645
1.84083 0.15001 0.71013
2.52145 0.15001 -0.986677
1.05334 0.15001 -0.933418
0.644519 0.15001 -1.531
-2.23138 0.15001 -2.24202
2.36115 0.15001 -1.45778
-0.715424 0.15001 1.23891
-2.27392 0.15001 -0.687421
-2.37932 0.15001 2.67727
-2.50196 0.15001 0.801469
0.344775 0.15001 0.958861
0.682935 0.15001 0.370377
-0.156623 0.15001 1.12389
0.365323 0.15001 -0.608711
-1.57769 0.15001 -1.57991
1.18567 0.15001 0.879013
-1.06336 0.15001 -1.72618
-0.141607 0.15001 -2.14932
2.0181 0.15001 -0.522754
-2.17464 0.15001 -1.53126
0.682145 0.15001 1.32811
0.510961 0.15001 1.24878
1.84633 0.15001 1.08677
0.65384 0.15001 2.01182
-0.634617 0.15001 0.590597
1.53381 0.15001 1.46714
0.027802 0.15001 1.41951
0.51096 0.15001 1.04535
-1.93528 0.15001 -1.94907
1.02137 0.15001 0.204879
2.18374 0.15001 1.47805
1.24607 0.15001 2.22351
1.63106 0.15001 2.35178
1.86218 0.15001 -1.55113
2.36101 0.15001 -1.27139
0.21303 0.15001 -2.84999
0.995204 0.15001 2.17859
1.69642 0.15001 -0.717019
-1.47159 0.15001 0.273244
-0.569705 0.15001 -1.87423
0.959988 0.15001 1.98194
-1.23505 0.15001 1.37934
0.17079 0.15001 2.84999
-0.665231 0.15001 -1.33848
1.64305 0.15001 -1.86239
0.145144 0.15001 -1.65343
0.796726 0.15001 -1.19317
1.70367 0.15001 -0.905452
1.88546 0.15001 -2.67331
-0.732397 0.15001 -0.649131
-1.26822 0.15001 0.836297
-1.64898 0.15001 1.96143
-0.8432 0.15001 2.58859
2.14903 0.15001 -2.108
0.62973 0.15001 -2.18072
0.925946 0.15001 -2.34733
1.2445 0.15001 -1.50508
-1.93362 0.15001 -2.27379
1.37596 0.15001 -0.920633
-1.42951 0.15001 1.33973
-1.34339 0.15001 0.126041
1.18743 0.15001 0.114002
-2.53252 0.15001 -0.178289
0.43147 0.15001 -2.17234
0.523248 0.15001 0.656825
0.539698 0.15001 -0.908118
-0.962084 0.15001 -0.328514
0.535834 0.15001 -0.700902
1.51945 0.15001 -0.249203
0.143924 0.15001 2.09922
0.337964 0.15001 -0.225966
-0.970977 0.15001 2.07707
-2.45289 0.15001 0.994
1.68893 0.15001 -2.68175
0.521566 0.15001 -2.34396
2.84999 0.15001 -2.47814
0.343337 0.15001 -0.416899
1.36938 0.15001 -0.730005
0.45996 0.15001 -1.46999
2.66553 0.15001 0.2353
2.00808 0.15001 1.56911
-0.88494 0.15001 1.88549
2.47244 0.15001 2.84999
1.02518 0.15001 0.581332
2.51249 0.15001 -0.240402
-0.511475 0.15001 0.441613
2.49194 0.15001 2.48923
-0.761602 0.15001 0.743204
-1.08395 0.15001 -0.168973
1.86991 0.15001 -0.994689
2.20114 0.15001 2.66041
0.561741 0.15001 1.64181
-0.498057 0.15001 -0.0830751
-1.37101 0.15001 -1.57246
-2.62535 0.15001 -1.20281
1.35372 0.15001 -0.161296
1.43172 0.15001 -2.17287
1.11594 0.15001 -1.35705
1.85292 0.15001 1.27497
-2.47478 0.15001 2.84999
2.49675 0.15001 2.08005
1.04921 0.15001 1.43622
2.34782 0.15001 -0.33546
-2.84999 0.15001 -1.86684
1.94348 0.15001 -2.20254
2.18697 0.15001 -1.73808
2.1762 0.15001 -1.9258
-0.559155 0.15001 0.255659
0.659883 0.15001 2.67454
2.13811 0.15001 2.47441
-2.31431 0.15001 -1.8429
2.15695 0.15001 1.86666
0.852829 0.15001 0.0976489
0.167821 0.15001 -0.327744
1.2106 0.15001 -0.831577
-0.168299 0.15001 0.110748
1.94833 0.15001 -2.39545
0.540531 0.15001 -2.01059
-0.41409 0.15001 1.63132
-1.16178 0.15001 2.11108
-0.946216 0.15001 0.193641
2.66219 0.15001 0.422821
1.08861 0.15001 2.35656
2.84999 0.15001 -1.54581
0.938399 0.15001 1.76659
-2.01139 0.15001 2.33832
1.68808 0.15001 1.36626
2.52003 0.15001 1.28381
2.84999 0.15001 1.07679
2.84999 0.15001 1.47076
2.68455 0.15001 1.17913
0.343004 0.15001 1.16329
-0.0960042 0.15001 1.78535
2.6698 0.15001 -2.78148
2.84999 0.15001 -2.10784
1.34505 0.15001 -1.68773
2.67634 0.15001 -0.142601
0.184081 0.15001 0.484358
2.35733 0.15001 -0.893892
2.03275 0.15001 -1.45663
2.84999 0.15001 1.87176
-0.157707 0.15001 2.31371
2.84391 0.15001 0.886282
2.84999 0.15001 -1.73608
-1.24378 0.15001 -2.07473
2.34184 0.15001 -2.01916
1.35537 0.15001 0.0272433
2.68231 0.15001 -2.20518
2.34498 0.15001 -0.146877
1.51407 0.15001 0.700193
2.68596 0.15001 -1.26699
-1.98895 0.15001 1.38218
-0.88534 0.15001 -0.141875
1.62909 0.15001 -2.16927
2.19434 0.15001 -1.55165
-0.0848269 0.15001 -2.68305
0.830611 0.15001 -2.18203
-2.84999 0.15001 -0.355647
1.79215 0.15001 -2.50725
0.867531 0.15001 2.33257
-0.83816 0.15001 1.38356
-1.208 0.15001 0.498771
1.7162 0.15001 2.84999
0.642676 0.15001 -1.85102
1.79771 0.15001 -2.07778
2.01506 0.15001 -1.82518
1.39708 0.15001 -2.84999
0.942404 0.15001 -1.69218
-1.06535 0.15001 2.28066
1.02233 0.15001 -0.367274
1.67868 0.15001 0.61147
2.84999 0.15001 2.65428
2.84999 0.15001 2.84999
1.23812 0.15001 -1.84857
2.84999 0.15001 -2.29356
0.616348 0.15001 -2.51107
-0.42871 0.15001 -0.419473
0.728016 0.15001 -0.956971
0.740319 0.15001 -2.01659
1.38993 0.15001 2.07283
0.884176 0.15001 -0.849589
0.709367 0.15001 1.51636
-1.82036 0.15001 2.32325
0.0434542 0.15001 1.92435
-0.176378 0.15001 0.915677
0.517602 0.15001 0.462704
2.50457 0.15001 1.87918
2.84999 0.15001 -0.797738
-2.52137 0.15001 1.54454
2.51176 0.15001 1.67944
1.48485 0.15001 1.76683
1.99034 0.15001 1.76182
0.358129 0.15001 0.762403
-0.691737 0.15001 -0.10911
-0.8413 0.15001 -0.483889
-0.379496 0.15001 -1.50683
-0.01164 0.15001 -0.680172
-0.935637 0.15001 1.21977
1.85033 0.15001 0.138344
-1.66985 0.15001 0.237076
0.543147 0.15001 2.16432
1.06637 0.15001 2.67046
1.19203 0.15001 1.30246
-2.84999 0.15001 0.638044
2.12412 0.15001 -2.28982
0.146848 0.15001 2.47507
-0.35652 0.15001 0.235232
1.35435 0.15001 0.404061
-1.39932 0.15001 0.989731
2.01275 0.15001 0.235123
2.84999 0.15001 1.67258
0.339775 0.15001 -0.0305463
-0.294578 0.15001 1.80238
1.01804 0.15001 -2.51409
2.29559 0.15001 -2.39405
2.68819 0.15001 -1.64235
1.20207 0.15001 -2.84999
2.278 0.15001 -2.59166
1.33606 0.15001 2.84608
1.84088 0.15001 0.898436
2.51751 0.15001 1.09167
2.17047 0.15001 1.67288
2.83148 0.15001 0.699613
1.30374 0.15001 -2.6799
2.31641 0.15001 -2.20421
0.186479 0.15001 0.683824
1.708 0.15001 -1.09388
0.458784 0.15001 2.67357
-1.25373 0.15001 2.29892
0.961355 0.15001 2.50551
2.66125 0.15001 2.84999
2.35742 0.15001 -1.64439
2.67019 0.15001 0.0461861
1.1868 0.15001 -0.0755955
-0.164336 0.15001 0.310725
-0.601027 0.15001 1.08271
1.84503 0.15001 0.520599
-0.0586345 0.15001 2.1271
0.858757 0.15001 0.664615
0.4167 0.15001 1.77088
2.5131 0.15001 -2.11257
1.27488 0.15001 2.42949
-2.18679 0.15001 1.64611
0.68509 0.15001 0.945325
2.51416 0.15001 -1.92545
1.52186 0.15001 -0.438584
2.68273 0.15001 -0.33022
2.84999 0.15001 -0.611848
2.01657 0.15001 -0.335347
2.19808 0.15001 -1.3649
-0.612131 0.15001 1.66751
1.26106 0.15001 2.63757
2.50783 0.15001 -0.0515277
2.66204 0.15001 -2.58627
0.901397 0.15001 -1.03964
2.68583 0.15001 -0.705294
2.49243 0.15001 -2.84999
2.01369 0.15001 0.0432956
1.62873 0.15001 1.63114
2.17658 0.15001 0.13961
1.97821 0.15001 2.16565
1.11213 0.15001 1.8492
2.3422 0.15001 0.0441622
0.118686 0.15001 -2.68253
1.0417 0.15001 -0.744388
2.52119 0.15001 -1.73823
-0.00887889 0.15001 -0.0159898
1.68553 0.15001 -0.149654
1.68876 0.15001 -0.527707
1.85608 0.15001 -0.617759
-0.29427 0.15001 1.45841
-0.475548 0.15001 0.93529
2.82989 0.15001 0.329574
2.02602 0.15001 -1.64139
2.52537 0.15001 -1.55157
-0.953483 0.15001 0.714036
2.6853 0.15001 -1.07882
0.416438 0.15001 -2.5143
2.84999 0.15001 -0.982537
-0.322413 0.15001 0.43182
1.51017 0.15001 1.08675
-0.584343 0.15001 2.01287
2.17253 0.15001 0.715483
2.68047 0.15001 0.987051
-2.79893 0.15001 1.02093
0.839884 0.15001 1.22198
1.63099 0.15001 2.58173
1.79655 0.15001 2.46563
0.353407 0.15001 1.37958
1.96228 0.15001 -2.84999
1.45256 0.15001 2.66846
2.68176 0.15001 -2.01766
-0.455794 0.15001 2.16587
2.52431 0.15001 -1.36465
0.908831 0.15001 -2.68383
0.708391 0.15001 -2.68155
1.55863 0.15001 -1.68695
0.0150417 0.15001 0.60205
-1.03617 0.15001 -2.06872
-2.70456 0.15001 0.508135
-1.30041 0.15001 1.56065
2.15118 0.15001 2.06719
0.85358 0.15001 -0.282254
1.07813 0.15001 1.63313
1.18795 0.15001 0.687115
1.67239 0.15001 -1.53543
2.35159 0.15001 -0.521658
0.170406 0.15001 0.0748123
1.85122 0.15001 -0.429278
-0.641391 0.15001 -0.454525
2.19145 0.15001 -0.80174
2.84999 0.15001 2.26453
2.52219 0.15001 -1.17551
2.84999 0.15001 -2.66354
1.49701 0.15001 -2.68062
2.14659 0.15001 -2.84999
0.541244 0.15001 -1.67974
1.75804 0.15001 -1.70836
1.79777 0.15001 2.24496
1.68128 0.15001 1.17909
1.84916 0.15001 1.46437
2.66331 0.15001 0.610157
2.51015 0.15001 0.900749
1.44743 0.15001 -1.84475
0.838936 0.15001 -1.52779
0.37174 0.15001 -0.804171
2.34923 0.15001 -1.8311
0.511024 0.15001 0.0740126
0.674824 0.15001 1.13495
2.51735 0.15001 -0.427232
2.84605 0.15001 -0.232583
2.3226 0.15001 2.17234
2.83782 0.15001 -0.0439424
1.17917 0.15001 1.09536
2.12135 0.15001 -2.4801
-0.382792 0.15001 -2.84999
2.52095 0.15001 -0.799414
1.67486 0.15001 0.802272
2.00355 0.15001 2.63326
2.84999 0.15001 -1.357
2.00729 0.15001 0.806814
1.52119 0.15001 -0.0596524
2.35475 0.15001 -0.707331
2.5202 0.15001 -0.613275
2.84999 0.15001 -2.84999
2.03641 0.15001 -1.27124
-2.12291 0.15001 0.496528
2.08021 0.15001 -2.66858
2.01638 0.15001 -0.14636
1.50943 0.15001 0.896462
-0.623389 0.15001 0.0732212
-1.45961 0.15001 0.797097
0.508905 0.15001 -0.121453
1.54617 0.15001 -1.198
2.68583 0.15001 -0.517929
1.02563 0.15001 0.974947
2.03574 0.15001 -1.0855
-0.556399 0.15001 0.763452
-1.49552 0.15001 -0.24292
1.34094 0.15001 0.990819
1.21546 0.15001 -1.02393
1.52707 0.15001 2.84999
1.35113 0.15001 0.79104
2.47598 0.15001 -2.66455
2.67217 0.15001 -2.39407
2.68516 0.15001 -0.891735
1.03083 0.15001 -0.556085
1.43987 0.15001 -1.5272
0.342188 0.15001 0.170611
1.55985 0.15001 -1.38634
1.6195 0.15001 2.1425
2.00694 0.15001 0.61851
2.68339 0.15001 1.57713
2.68408 0.15001 -1.83116
1.98743 0.15001 -2.0129
0.859455 0.15001 -0.472163
2.84992 0.15001 -0.42266
0.690517 0.15001 0.752442
2.33793 0.15001 0.235692
0.853471 0.15001 0.854656
-0.31794 0.15001 2.67225
0.44068 0.15001 2.32672
2.34863 0.15001 1.57676
