1000 0.1
1.8965 0.15001 -0.00539767
-2.60987 0.15001 1.2089
-2.48202 0.15001 -2.46327
-2.2827 0.15001 -2.48192
-2.84999 0.15001 -0.424726
2.84999 0.15001 1.41957
1.38315 0.15001 1.79513
-1.58 0.15001 1.65784
-1.47715 0.15001 -0.708481
-0.7834 0.15001 0.014789
-2.64748 0.15001 2.30207
0.532319 0.15001 2.84999
-0.172285 0.15001 1.29401
2.84999 0.15001 0.568571
-0.716954 0.15001 1.68883
-0.28709 0.15001 -2.0833
-0.336623 0.15001 -1.16423
0.126588 0.15001 -1.2891
-0.872625 0.15001 0.512999
0.0105931 0.15001 1.28245
-2.23383 0.15001 -1.92585
-2.84808 0.15001 -1.99514
-0.724934 0.15001 -0.83869
-1.6987 0.15001 -2.49299
-1.47426 0.15001 -2.09244
2.52878 0.15001 0.577932
-2.67009 0.15001 -1.88895
-0.454292 0.15001 -2.66393
-2.48134 0.15001 0.602207
-1.46445 0.15001 1.43939
-2.123 0.15001 -0.721063
0.188458 0.15001 -0.459104
-1.85725 0.15001 -0.252171
-2.09292 0.15001 -1.38141
0.720949 0.15001 -2.84999
-2.29919 0.15001 -0.83507
0.618913 0.15001 -1.1839
-1.58052 0.15001 -1.21773
-1.05053 0.15001 0.996387
-2.84884 0.15001 0.311295
-0.0829955 0.15001 -2.64837
-1.63433 0.15001 -0.586018
-0.405316 0.15001 -0.980333
0.780026 0.15001 -2.28701
-0.059429 0.15001 -1.68703
-0.87737 0.15001 -2.10246
0.235814 0.15001 2.58806
-0.232554 0.15001 2.84999
-1.17495 0.15001 -0.528726
-2.65704 0.15001 1.93465
-1.6761 0.15001 -1.74607
-2.46377 0.15001 -1.57215
-1.00149 0.15001 0.664138
-1.45596 0.15001 -1.05769
-0.997239 0.15001 2.84999
-1.84829 0.15001 2.17306
-2.66653 0.15001 1.75
-2.84999 0.15001 2.48629
-2.11944 0.15001 1.28124
0.989207 0.15001 1.44332
-0.524705 0.15001 -1.17263
1.50349 0.15001 -2.48063
-1.3597 0.15001 -0.875773
-0.948222 0.15001 -0.859475
-0.638627 0.15001 1.07101
-1.23609 0.15001 0.355096
0.172968 0.15001 -0.923699
-1.68526 0.15001 0.634752
-2.65266 0.15001 2.11838
-2.84999 0.15001 1.04412
-2.56276 0.15001 -2.67037
-2.84975 0.15001 -1.38464
-2.84999 0.15001 0.129688
1.06636 0.15001 0.790386
2.84999 0.15001 0.202519
-2.66391 0.15001 1.38077
-2.84999 0.15001 1.58084
-2.84999 0.15001 0.492313
-1.38876 0.15001 1.60945
-0.681284 0.15001 1.99729
-2.64164 0.15001 -2.29756
-2.08722 0.15001 -2.83533
-1.25247 0.15001 -1.04862
-2.47403 0.15001 -0.154686
-0.615919 0.15001 2.50407
-2.84999 0.15001 2.66808
-2.12033 0.15001 0.957172
-2.84999 0.15001 2.12346
-2.30398 0.15001 2.10484
-0.559722 0.15001 2.15146
-0.157304 0.15001 -1.51476
-2.67084 0.15001 -0.674129
-2.37347 0.15001 -2.66048
-1.14179 0.15001 -1.20996
-2.45733 0.15001 0.225504
-1.91554 0.15001 0.100223
-1.70363 0.15001 1.29168
-2.2368 0.15001 1.10962
0.283263 0.15001 2.84999
-2.33035 0.15001 1.72053
-1.17973 0.15001 -2.27973
-0.00606689 0.15001 1.78443
-2.36848 0.15001 -1.76271
2.52101 0.15001 2.01928
1.61088 0.15001 1.20642
-0.927904 0.15001 1.69425
1.83267 0.15001 -1.75435
-0.541092 0.15001 -2.48336
1.63925 0.15001 -0.235579
2.38602 0.15001 -1.03434
2.33049 0.15001 -2.84999
-0.01982 0.15001 -0.900563
-1.68787 0.15001 -1.04413
-0.123253 0.15001 -0.211271
0.237646 0.15001 -1.12077
-2.65739 0.15001 -0.464155
-0.351702 0.15001 -2.46829
-2.67416 0.15001 -2.50005
-0.420974 0.15001 2.84999
-2.65261 0.15001 -0.0776909
-1.60627 0.15001 -2.66883
2.24572 0.15001 1.16363
0.301286 0.15001 -2.06996
-1.65094 0.15001 -0.227703
-2.06037 0.15001 0.266716
-0.136188 0.15001 2.67876
-1.78156 0.15001 -1.92428
0.518487 0.15001 -0.495176
-0.0498636 0.15001 0.720652
0.755062 0.15001 0.596339
-2.45253 0.15001 -1.1783
-0.246886 0.15001 -1.33932
0.507216 0.15001 -1.34532
-2.28143 0.15001 -2.11736
-2.74714 0.15001 -2.67669
-0.641845 0.15001 -2.66406
0.698688 0.15001 -1.36059
-1.72782 0.15001 0.963689
-1.50034 0.15001 0.973206
-2.84999 0.15001 1.76192
-1.25495 0.15001 -1.73293
-0.773096 0.15001 -1.93369
-0.831949 0.15001 -1.37141
-2.66727 0.15001 -0.869606
-0.538623 0.15001 0.409447
1.33681 0.15001 0.160775
-1.50292 0.15001 1.25733
-1.1848 0.15001 1.91791
-2.84999 0.15001 2.30472
-1.75441 0.15001 0.453469
0.361053 0.15001 -0.963741
-2.18513 0.15001 -2.66735
0.0522434 0.15001 -0.150856
0.695692 0.15001 -0.203388
1.44445 0.15001 -0.50815
1.26392 0.15001 2.56329
-0.516569 0.15001 2.67752
-2.01703 0.15001 2.84999
-2.65601 0.15001 0.290489
-1.97123 0.15001 1.66066
-0.941864 0.15001 -1.56067
-2.84999 0.15001 -2.40566
-1.50629 0.15001 -2.84999
-2.10129 0.15001 -1.77565
-0.418697 0.15001 -0.628379
-0.826661 0.15001 -1.01273
-2.28468 0.15001 0.581791
-1.57662 0.15001 -2.26749
-0.74642 0.15001 0.36211
-2.84999 0.15001 2.84999
-0.741339 0.15001 -2.84999
1.46678 0.15001 -0.307029
-1.90897 0.15001 1.30407
-1.37084 0.15001 -0.53836
-2.66031 0.15001 2.67007
-2.12448 0.15001 1.81017
-2.12122 0.15001 -0.293776
-2.48178 0.15001 2.5925
-0.626066 0.15001 1.52874
-1.60142 0.15001 2.51072
-1.31121 0.15001 -2.85
-0.0951313 0.15001 -0.0223003
-2.84999 0.15001 -0.608823
-1.26433 0.15001 -0.704469
0.0443237 0.15001 -1.08897
0.619569 0.15001 -0.838394
-1.79077 0.15001 -1.57822
-2.30426 0.15001 1.91054
-2.66524 0.15001 1.03425
-1.80324 0.15001 2.84999
-1.24344 0.15001 0.662367
0.224402 0.15001 -1.51012
-2.84152 0.15001 -0.789289
-2.84999 0.15001 -0.0555888
-1.37938 0.15001 -2.26778
0.306086 0.15001 1.0782
-2.64975 0.15001 2.48559
-2.21234 0.15001 0.772222
-2.29782 0.15001 2.29262
0.2919 0.15001 1.92433
-0.73133 0.15001 -2.47583
-1.93483 0.15001 -0.799017
1.4917 0.15001 1.4983
1.46365 0.15001 0.288188
0.250532 0.15001 1.59633
-0.228642 0.15001 2.5148
-0.545584 0.15001 -1.54709
2.40168 0.15001 1.0691
1.32264 0.15001 0.5614
2.35679 0.15001 1.84888
1.76366 0.15001 -1.28852
-1.11778 0.15001 -2.84999
-1.15657 0.15001 -0.873223
-0.45516 0.15001 -1.72824
-0.922893 0.15001 -2.46972
-0.438168 0.15001 -1.34565
-0.927638 0.15001 -2.84999
-1.73007 0.15001 -0.786042
-2.67226 0.15001 -2.09689
-2.66915 0.15001 1.56193
-2.84999 0.15001 -1.59886
-2.48068 0.15001 -2.13137
2.25411 0.15001 1.34853
-0.379301 0.15001 1.81931
-2.48938 0.15001 1.83421
-1.89184 0.15001 -2.49297
-2.63907 0.15001 0.845237
-1.48932 0.15001 2.67216
0.247846 0.15001 2.25258
-0.434253 0.15001 1.48525
-1.79867 0.15001 -2.67162
-2.47676 0.15001 1.36139
-1.34568 0.15001 -1.22552
0.157814 0.15001 1.18435
0.926117 0.15001 -0.685617
-1.94364 0.15001 -0.433726
-0.770778 0.15001 2.16686
-2.12587 0.15001 -0.518174
-1.77237 0.15001 1.66505
-2.84999 0.15001 0.67678
-0.968948 0.15001 -1.92855
0.902362 0.15001 -2.84999
-2.65334 0.15001 -0.268001
0.657543 0.15001 1.45149
1.16457 0.15001 0.467482
-0.977888 0.15001 -0.525729
1.95994 0.15001 1.3791
2.36917 0.15001 0.491049
-2.13796 0.15001 0.449402
-1.59326 0.15001 2.84999
-2.468 0.15001 -2.84999
-0.600094 0.15001 -0.991663
-1.02148 0.15001 -2.6649
1.57465 0.15001 -2.30155
0.406604 0.15001 -1.89824
-0.238675 0.15001 1.11529
-1.34032 0.15001 2.314
-2.30765 0.15001 0.933404
-0.204563 0.15001 0.817233
-2.62413 0.15001 2.84999
-1.51109 0.15001 0.144714
0.0315294 0.15001 -0.338945
-2.00842 0.15001 0.799439
-0.302646 0.15001 -0.256952
-2.47235 0.15001 2.20495
-2.45129 0.15001 0.0344941
-2.11182 0.15001 2.20106
-1.90536 0.15001 2.68829
-1.70014 0.15001 2.68252
0.0321511 0.15001 2.58678
1.083 0.15001 -2.84999
2.41186 0.15001 1.26127
-2.0876 0.15001 -2.48474
0.890185 0.15001 -1.77891
1.15782 0.15001 -0.300872
-2.42407 0.15001 0.783236
0.94241 0.15001 1.07979
-1.45027 0.15001 2.15034
-0.0451323 0.15001 2.84999
-0.523154 0.15001 0.91643
-0.373936 0.15001 -2.84999
-1.40993 0.15001 -2.65718
-2.01313 0.15001 -1.57766
1.29464 0.15001 2.25652
-2.48416 0.15001 -0.54698
-1.83704 0.15001 0.274603
0.701412 0.15001 -0.651298
-2.00745 0.15001 -1.19281
-2.03129 0.15001 1.47231
1.69827 0.15001 1.77487
-2.65993 0.15001 -2.84999
0.328216 0.15001 -1.71366
-0.979515 0.15001 1.17762
1.17546 0.15001 -1.96201
0.391077 0.15001 -2.48193
-0.155512 0.15001 -0.397038
-1.18061 0.15001 0.0173584
-2.01548 0.15001 1.1279
-1.40053 0.15001 2.49673
-1.62638 0.15001 1.11833
-0.557214 0.15001 -2.84999
2.5046 0.15001 2.24627
-2.37618 0.15001 -2.29128
2.69639 0.15001 0.853715
-2.00824 0.15001 -0.122468
-0.274114 0.15001 1.98646
1.81838 0.15001 -0.17408
0.331473 0.15001 2.41194
2.68912 0.15001 1.51953
1.75822 0.15001 0.103655
0.724986 0.15001 2.84757
-0.979157 0.15001 -2.27374
-0.257739 0.15001 -1.7078
-2.29241 0.15001 -1.42344
-2.84999 0.15001 -2.83228
-1.24824 0.15001 -0.160791
1.93943 0.15001 -1.32014
-1.11199 0.15001 0.196597
-1.65422 0.15001 1.47423
-1.60864 0.15001 0.813989
-0.830608 0.15001 -2.6617
-0.714922 0.15001 -1.17165
2.23014 0.15001 -0.551499
-2.28693 0.15001 0.337017
-0.693503 0.15001 -0.331966
-1.29982 0.15001 1.77287
-1.03329 0.15001 1.51738
-1.68282 0.15001 1.83456
0.426582 0.15001 -1.16434
-0.832083 0.15001 1.53329
-2.30458 0.15001 -0.240414
-0.14187 0.15001 -1.15494
1.29432 0.15001 -1.06815
1.34795 0.15001 1.607
-2.14167 0.15001 2.00951
-1.89095 0.15001 1.83583
1.20703 0.15001 -2.65871
-2.37651 0.15001 1.52734
-0.094928 0.15001 -2.07297
-0.851859 0.15001 1.02046
-2.83663 0.15001 -0.972989
-0.268253 0.15001 -2.6546
1.60059 0.15001 -0.964025
1.68318 0.15001 2.20096
2.05561 0.15001 0.511219
1.86333 0.15001 1.86327
1.76939 0.15001 0.291853
0.252127 0.15001 0.327907
-0.912702 0.15001 1.35705
0.89984 0.15001 1.89642
-2.64212 0.15001 -1.69049
2.21576 0.15001 0.00374582
0.00327387 0.15001 -2.25344
-0.0579259 0.15001 -1.33347
-1.16804 0.15001 -1.91555
1.94432 0.15001 2.81776
-1.64517 0.15001 2.1667
0.872626 0.15001 2.71842
-0.706462 0.15001 2.67975
2.09382 0.15001 1.26275
1.31383 0.15001 -2.48236
-1.88836 0.15001 -1.01025
1.2846 0.15001 -0.606558
1.31169 0.15001 1.42733
-1.71592 0.15001 0.121388
-1.36895 0.15001 -1.91835
0.11673 0.15001 0.811163
-2.30815 0.15001 1.2827
2.84822 0.15001 2.41976
0.013802 0.15001 2.24097
1.07736 0.15001 -2.12874
2.22034 0.15001 -0.178046
-0.00849196 0.15001 -2.85
-0.48025 0.15001 -2.09304
-1.50485 0.15001 -2.45628
-2.46435 0.15001 0.414932
0.603693 0.15001 2.42998
-2.84999 0.15001 1.39835
-0.611052 0.15001 2.84999
0.0925807 0.15001 0.431517
-0.162369 0.15001 -2.45549
0.156733 0.15001 -0.646346
1.62183 0.15001 -2.84999
-1.48386 0.15001 1.82425
-0.853911 0.15001 2.34233
-2.00339 0.15001 2.52498
-1.88501 0.15001 0.616018
-1.23558 0.15001 -1.38858
-1.1738 0.15001 1.14955
-2.84999 0.15001 1.94258
-2.30097 0.15001 -0.429168
0.314542 0.15001 -1.33061
-0.980489 0.15001 0.347894
0.219781 0.15001 -0.0767579
1.07558 0.15001 -1.78835
2.21106 0.15001 0.403165
-1.91708 0.15001 0.96569
1.01327 0.15001 -0.0173855
-1.38951 0.15001 2.84999
2.07722 0.15001 1.07836
0.105978 0.15001 -2.0568
2.16 0.15001 2.67745
0.430963 0.15001 0.6021
0.669304 0.15001 2.25494
1.47117 0.15001 0.473026
0.361878 0.15001 2.10124
-1.00807 0.15001 2.45893
-1.06578 0.15001 -0.697861
-0.184821 0.15001 1.82273
1.84832 0.15001 1.67665
1.56902 0.15001 -1.95894
-1.89108 0.15001 -1.39754
-2.49072 0.15001 -1.37783
-1.73536 0.15001 -0.413944
-1.2148 0.15001 -2.66345
-1.89285 0.15001 -1.75474
2.23021 0.15001 -1.12307
0.0348516 0.15001 -1.50578
-0.0525332 0.15001 1.45257
-0.0617506 0.15001 2.41739
-2.47345 0.15001 -0.346201
-1.70318 0.15001 -2.84894
0.0262734 0.15001 -2.45541
-0.49203 0.15001 -0.297999
-0.205984 0.15001 -0.965866
0.746223 0.15001 2.06513
0.455981 0.15001 2.54231
-1.36221 0.15001 0.508923
-1.80087 0.15001 -0.0609736
0.557075 0.15001 0.293572
-2.23133 0.15001 -1.23017
-1.67251 0.15001 -2.09727
0.539047 0.15001 -2.84999
0.197871 0.15001 -2.23638
-2.84999 0.15001 -2.20172
2.22718 0.15001 -0.362991
2.84999 0.15001 -1.93141
0.942175 0.15001 -2.48678
-1.25583 0.15001 2.12943
0.98676 0.15001 -1.24985
-1.88052 0.15001 -2.1175
1.17563 0.15001 0.256292
1.62149 0.15001 2.0289
2.38848 0.15001 0.877637
0.873477 0.15001 0.458207
0.479081 0.15001 1.93766
2.6617 0.15001 2.50999
0.471913 0.15001 1.58359
1.24011 0.15001 1.89261
0.319311 0.15001 1.26663
1.76361 0.15001 -2.3055
2.5271 0.15001 0.202864
2.07787 0.15001 -0.838255
1.90423 0.15001 -1.13889
-1.5941 0.15001 -0.0352815
-0.715701 0.15001 0.881372
-1.20927 0.15001 2.49084
2.6814 0.15001 1.92338
1.00636 0.15001 1.63327
-0.422478 0.15001 2.50317
1.37356 0.15001 -1.96176
-1.30068 0.15001 -0.355226
0.0138948 0.15001 -1.8736
-0.579493 0.15001 -2.28479
-1.11561 0.15001 -2.4731
-1.68241 0.15001 -1.39498
-0.803659 0.15001 2.84999
-1.80787 0.15001 2.51507
-0.359415 0.15001 1.29379
0.286159 0.15001 0.892059
1.59889 0.15001 -0.779541
-0.202884 0.15001 -0.58925
-1.77732 0.15001 -2.29689
-0.252297 0.15001 2.33093
2.38803 0.15001 1.47587
-0.0440205 0.15001 -0.708691
0.419064 0.15001 0.41315
-1.53701 0.15001 2.32981
2.123 0.15001 2.84999
1.01086 0.15001 2.84999
0.978352 0.15001 -1.95522
0.090937 0.15001 0.239602
-0.652357 0.15001 -1.73045
-1.38261 0.15001 -0.0150875
-1.56934 0.15001 -1.92008
-1.51842 0.15001 -0.406585
-1.48524 0.15001 0.659846
-1.75932 0.15001 2.00552
-2.21431 0.15001 2.84999
-1.08874 0.15001 2.66534
0.68839 0.15001 -0.410493
-1.04608 0.15001 -1.03745
0.606209 0.15001 0.882955
-0.257832 0.15001 0.629979
1.0737 0.15001 -1.44096
-0.89912 0.15001 2.68578
-1.03652 0.15001 -1.37579
-1.94834 0.15001 0.433298
-2.46583 0.15001 2.39726
-1.00444 0.15001 1.86342
1.92664 0.15001 0.384048
0.820112 0.15001 1.72998
0.064601 0.15001 1.60108
2.66908 0.15001 2.32366
2.11726 0.15001 2.50637
2.45821 0.15001 -2.32874
-1.12597 0.15001 1.69189
-1.36935 0.15001 1.11804
1.61229 0.15001 0.198593
-0.665884 0.15001 2.31904
-0.78249 0.15001 -2.28064
-1.99038 0.15001 -2.66791
-0.2866 0.15001 -0.781123
-2.09113 0.15001 -0.961671
-2.27548 0.15001 -2.84999
-0.67936 0.15001 -2.10799
-1.89788 0.15001 -2.84999
-2.47308 0.15001 2.01809
2.23461 0.15001 0.978908
0.70188 0.15001 0.180973
1.47309 0.15001 -1.10762
2.23119 0.15001 -0.934953
-1.79586 0.15001 -1.21571
1.38108 0.15001 -2.30111
2.52442 0.15001 0.38872
-0.582659 0.15001 1.8295
-2.49084 0.15001 -0.960688
-1.81899 0.15001 1.13015
-0.609924 0.15001 0.227299
-0.669384 0.15001 0.548808
-2.10169 0.15001 0.0536552
-2.65312 0.15001 0.475241
-0.384167 0.15001 -2.26463
2.52328 0.15001 -2.50101
-2.26717 0.15001 -0.055753
-0.851451 0.15001 -1.7453
-2.28856 0.15001 -1.03791
0.85202 0.15001 -0.107949
2.37605 0.15001 0.684606
1.02286 0.15001 0.356138
-0.184023 0.15001 -1.89595
1.4404 0.15001 1.12612
2.16095 0.15001 2.07659
1.62097 0.15001 0.384165
1.54737 0.15001 1.86447
0.337711 0.15001 1.44541
0.694844 0.15001 -0.00975638
1.98437 0.15001 2.38233
0.553264 0.15001 1.77084
-0.0906776 0.15001 0.53597
-0.74415 0.15001 -1.55154
2.53308 0.15001 1.61798
1.72592 0.15001 2.84999
0.790553 0.15001 -1.58342
1.92093 0.15001 -0.746677
1.17012 0.15001 -1.61739
2.68171 0.15001 2.13215
1.29831 0.15001 -0.408983
1.85687 0.15001 2.24599
0.127684 0.15001 1.0015
0.174071 0.15001 -2.84999
0.386711 0.15001 -2.27912
0.214462 0.15001 -1.88282
-0.377061 0.15001 -1.91175
1.18411 0.15001 -2.29829
2.69003 0.15001 -1.43618
-1.46116 0.15001 -1.73552
-1.18918 0.15001 2.84999
1.73969 0.15001 0.910737
-2.21492 0.15001 1.44309
1.69709 0.15001 -2.48829
1.80065 0.15001 -2.84999
1.00527 0.15001 -0.205507
-2.6616 0.15001 -1.2733
-0.987655 0.15001 0.0407468
1.5994 0.15001 -0.595726
-2.84999 0.15001 -1.17134
-0.502314 0.15001 -0.806072
1.35513 0.15001 -1.25215
-1.46836 0.15001 -1.38924
0.472005 0.15001 -2.66511
1.10931 0.15001 -1.10539
0.535415 0.15001 -0.297119
1.12153 0.15001 1.16035
2.07768 0.15001 -0.650515
0.862981 0.15001 0.267453
-1.55944 0.15001 0.477768
-2.66464 0.15001 -1.48937
-2.13537 0.15001 2.39235
-1.81143 0.15001 0.795668
1.27567 0.15001 -2.12862
-0.853868 0.15001 -0.686384
-0.2733 0.15001 -0.0630686
-1.13919 0.15001 -1.56414
0.658162 0.15001 -2.66169
-1.09737 0.15001 -0.348027
-0.922514 0.15001 0.841398
-1.36811 0.15001 1.9742
2.53702 0.15001 0.76875
2.21587 0.15001 0.597658
0.749179 0.15001 2.57379
0.212312 0.15001 -2.43263
-2.12373 0.15001 2.6758
-1.28868 0.15001 2.67078
-2.27539 0.15001 0.144443
2.84999 0.15001 -1.14328
-1.30965 0.15001 -2.46378
1.66972 0.15001 2.55327
-1.56139 0.15001 -0.890095
-2.29363 0.15001 2.49913
-0.923166 0.15001 -1.19374
-2.0813 0.15001 -2.12239
-1.82952 0.15001 -0.60632
-0.461109 0.15001 2.31555
-1.95494 0.15001 2.01505
-2.49851 0.15001 -0.764401
1.46228 0.15001 1.31578
1.89816 0.15001 0.620252
2.5407 0.15001 -0.940845
0.984893 0.15001 -0.87175
0.603645 0.15001 -1.53577
-2.17903 0.15001 -2.30009
2.36738 0.15001 -1.43086
-0.551527 0.15001 1.29317
-2.30582 0.15001 -0.630862
-2.31814 0.15001 2.68996
-2.48931 0.15001 0.963695
0.457034 0.15001 0.981257
0.71634 0.15001 0.37447
-0.039287 0.15001 1.10159
0.341725 0.15001 -0.57812
-1.57257 0.15001 -1.56849
1.22694 0.15001 0.874639
-1.05171 0.15001 -1.74507
-0.191737 0.15001 -2.25365
2.06927 0.15001 -0.459718
-2.21324 0.15001 -1.6082
0.812192 0.15001 1.35476
0.63984 0.15001 1.26422
1.90947 0.15001 0.994873
0.704943 0.15001 1.88379
-0.456359 0.15001 0.588087
1.64198 0.15001 1.39882
0.153027 0.15001 1.41099
0.621569 0.15001 1.07392
-1.98701 0.15001 -1.94124
1.0155 0.15001 0.168159
2.15447 0.15001 1.49704
1.11396 0.15001 2.18943
1.43201 0.15001 2.37138
1.85331 0.15001 -1.47612
2.37229 0.15001 -1.23894
0.35653 0.15001 -2.84999
0.94641 0.15001 2.07336
1.76413 0.15001 -0.657181
-1.43429 0.15001 0.32635
-0.574762 0.15001 -1.91555
1.10098 0.15001 1.99686
-1.10689 0.15001 1.33473
0.120542 0.15001 2.75741
-0.631807 0.15001 -1.3579
1.65157 0.15001 -1.78743
0.139955 0.15001 -1.68997
0.805223 0.15001 -1.19857
1.76398 0.15001 -0.841861
1.92781 0.15001 -2.63672
-0.637674 0.15001 -0.660364
-1.12598 0.15001 0.816398
-1.56302 0.15001 1.99545
-0.812122 0.15001 2.51959
2.1246 0.15001 -2.14375
0.685618 0.15001 -2.11271
0.984316 0.15001 -2.29742
1.26769 0.15001 -1.44663
-1.98102 0.15001 -2.30453
1.42406 0.15001 -0.9208
-1.30743 0.15001 1.30394
-1.31014 0.15001 0.168433
1.17444 0.15001 0.0728001
-2.63655 0.15001 0.107101
0.491834 0.15001 -2.10318
0.598657 0.15001 0.692143
0.544264 0.15001 -1.01109
-0.896702 0.15001 -0.35164
0.503748 0.15001 -0.688427
1.49077 0.15001 -0.123906
0.14613 0.15001 2.10229
0.374504 0.15001 -0.190588
-0.890432 0.15001 2.01888
-2.43481 0.15001 1.14555
1.75047 0.15001 -2.671
0.58432 0.15001 -2.28198
2.78063 0.15001 -2.49833
0.364892 0.15001 -0.382634
1.442 0.15001 -0.69775
0.41228 0.15001 -1.53033
2.68727 0.15001 0.294828
1.99284 0.15001 1.57401
-0.801286 0.15001 1.85255
2.30641 0.15001 2.81793
1.01755 0.15001 0.5631
2.5396 0.15001 -0.172677
-0.41367 0.15001 0.27005
2.31204 0.15001 2.42628
-0.589724 0.15001 0.732976
-1.05035 0.15001 -0.146691
1.92181 0.15001 -0.930938
1.93434 0.15001 2.56134
0.663957 0.15001 1.63039
-0.452695 0.15001 -0.11358
-1.354 0.15001 -1.55605
-2.6616 0.15001 -1.0655
1.31947 0.15001 -0.21051
1.47175 0.15001 -2.12959
1.17356 0.15001 -1.2804
1.92644 0.15001 1.18279
-2.42592 0.15001 2.84999
2.31224 0.15001 2.22238
1.1431 0.15001 1.34387
2.38309 0.15001 -0.266199
-2.84999 0.15001 -1.79107
1.85444 0.15001 -2.13737
2.15217 0.15001 -1.71574
2.15722 0.15001 -1.91135
-0.41087 0.15001 0.0739339
0.592284 0.15001 2.67242
1.79098 0.15001 2.42203
-2.48086 0.15001 -1.93739
2.18214 0.15001 1.88288
0.855482 0.15001 0.0788924
0.20604 0.15001 -0.269967
1.28963 0.15001 -0.79703
-0.0757814 0.15001 0.165584
1.97226 0.15001 -2.28653
0.596756 0.15001 -1.93564
-0.305732 0.15001 1.65078
-1.07782 0.15001 2.06349
-0.851531 0.15001 0.197903
2.68714 0.15001 0.478434
0.98768 0.15001 2.34175
2.84999 0.15001 -1.53664
1.06117 0.15001 1.81283
-1.94942 0.15001 2.33141
1.78421 0.15001 1.28993
2.55281 0.15001 1.38786
2.84999 0.15001 1.17047
2.84999 0.15001 1.61159
2.71029 0.15001 1.29077
0.474232 0.15001 1.17446
0.17785 0.15001 1.76033
2.67753 0.15001 -2.84999
2.84999 0.15001 -2.12761
1.35929 0.15001 -1.62777
2.6945 0.15001 -0.0772747
0.261837 0.15001 0.516018
2.38768 0.15001 -0.840049
2.05653 0.15001 -1.45792
2.84999 0.15001 2.00937
-0.171245 0.15001 2.16241
2.84999 0.15001 0.945658
2.84999 0.15001 -1.73167
-1.279 0.15001 -2.09495
2.30049 0.15001 -2.03363
1.33242 0.15001 -0.024692
2.66396 0.15001 -2.1864
2.38025 0.15001 -0.0802281
1.48802 0.15001 0.659304
2.69095 0.15001 -1.24194
-1.84392 0.15001 1.48775
-0.846923 0.15001 -0.1681
1.66532 0.15001 -2.12526
2.21859 0.15001 -1.54014
0.101704 0.15001 -2.64889
0.878012 0.15001 -2.12247
-2.84999 0.15001 -0.239439
1.88799 0.15001 -2.45326
0.850469 0.15001 2.21874
-0.722777 0.15001 1.37349
-1.11213 0.15001 0.505105
1.57208 0.15001 2.69773
0.706188 0.15001 -1.76193
1.8147 0.15001 -1.94128
1.99692 0.15001 -1.82219
1.44265 0.15001 -2.84999
0.979446 0.15001 -1.6097
-0.968986 0.15001 2.20612
1.00269 0.15001 -0.398733
1.63344 0.15001 0.567951
2.84142 0.15001 2.78292
2.66099 0.15001 2.81583
1.26628 0.15001 -1.79541
2.84999 0.15001 -2.32174
0.758716 0.15001 -2.4842
-0.346696 0.15001 -0.446056
0.734674 0.15001 -1.01445
0.787473 0.15001 -1.94438
1.26412 0.15001 2.07885
0.803097 0.15001 -0.827543
0.835897 0.15001 1.54192
-1.74138 0.15001 2.33626
0.104952 0.15001 1.92744
-0.0409524 0.15001 0.913725
0.588004 0.15001 0.50311
2.33281 0.15001 2.03171
2.84999 0.15001 -0.750832
-2.50947 0.15001 1.65039
2.53225 0.15001 1.81308
1.51991 0.15001 1.67996
2.02723 0.15001 1.78141
0.442002 0.15001 0.79014
-0.644691 0.15001 -0.146301
-0.766104 0.15001 -0.510959
-0.350204 0.15001 -1.52648
-0.000625821 0.15001 -0.522864
-0.785523 0.15001 1.1985
1.91613 0.15001 0.193841
-1.63422 0.15001 0.296965
0.55815 0.15001 2.10454
0.970564 0.15001 2.53556
1.292 0.15001 1.23987
-2.84999 0.15001 0.860417
2.1562 0.15001 -2.33224
0.135193 0.15001 2.4108
-0.256852 0.15001 0.177479
1.31195 0.15001 0.373372
-1.24822 0.15001 0.967519
2.07204 0.15001 0.288154
2.84999 0.15001 1.8049
0.384781 0.15001 0.00186456
-0.121942 0.15001 1.63671
1.12662 0.15001 -2.48001
2.29681 0.15001 -2.45476
2.68408 0.15001 -1.63229
1.26298 0.15001 -2.84999
2.28211 0.15001 -2.65416
1.2104 0.15001 2.84999
1.90109 0.15001 0.807842
2.56683 0.15001 1.16708
2.17984 0.15001 1.68252
2.84999 0.15001 0.753993
1.38881 0.15001 -2.66316
2.30608 0.15001 -2.22375
0.272629 0.15001 0.704393
1.76975 0.15001 -1.0221
0.402798 0.15001 2.71534
-1.14497 0.15001 2.30179
0.807434 0.15001 2.398
2.48484 0.15001 2.82445
2.37373 0.15001 -1.63904
2.6914 0.15001 0.110895
1.1682 0.15001 -0.112927
-0.149732 0.15001 0.347188
-0.446627 0.15001 1.11083
1.78174 0.15001 0.479639
-0.0760889 0.15001 1.99381
0.908792 0.15001 0.700975
0.368603 0.15001 1.75003
2.47745 0.15001 -2.13528
1.16853 0.15001 2.397
-2.16478 0.15001 1.62731
0.771772 0.15001 0.980987
2.46735 0.15001 -1.93955
1.60415 0.15001 -0.415305
2.69594 0.15001 -0.267293
2.84999 0.15001 -0.555138
2.0656 0.15001 -0.278232
2.20921 0.15001 -1.33095
-0.494677 0.15001 1.66235
1.10942 0.15001 2.68232
2.53629 0.15001 0.0161302
2.65551 0.15001 -2.65496
0.9266 0.15001 -1.05295
2.69699 0.15001 -0.651245
2.5047 0.15001 -2.84999
2.05725 0.15001 0.0873059
1.67356 0.15001 1.59011
2.21532 0.15001 0.187741
1.82184 0.15001 2.0426
1.20683 0.15001 1.71253
2.37394 0.15001 0.104435
0.286234 0.15001 -2.6488
1.11442 0.15001 -0.732816
2.51713 0.15001 -1.75615
0.0744651 0.15001 0.044903
1.66679 0.15001 -0.0539702
1.77001 0.15001 -0.468954
1.92094 0.15001 -0.561735
-0.240046 0.15001 1.47608
-0.33579 0.15001 0.95141
2.84999 0.15001 0.385514
1.97583 0.15001 -1.62865
2.52689 0.15001 -1.52969
-0.792576 0.15001 0.69574
2.69279 0.15001 -1.04477
0.574971 0.15001 -2.48343
2.84999 0.15001 -0.9473
-0.323544 0.15001 0.44686
1.5822 0.15001 1.0118
-0.469193 0.15001 1.9825
2.2248 0.15001 0.791092
2.70862 0.15001 1.05505
-2.80185 0.15001 1.22121
0.96849 0.15001 1.26019
1.46366 0.15001 2.55596
1.61269 0.15001 2.37191
0.495694 0.15001 1.36856
1.97821 0.15001 -2.84999
1.36141 0.15001 2.7275
2.6505 0.15001 -2.00349
-0.362953 0.15001 2.1518
2.52961 0.15001 -1.33777
1.02461 0.15001 -2.66325
0.841742 0.15001 -2.66438
1.54963 0.15001 -1.62694
0.104075 0.15001 0.619276
-1.07813 0.15001 -2.09887
-2.66318 0.15001 0.66092
-1.23543 0.15001 1.48722
1.99692 0.15001 2.13954
0.846057 0.15001 -0.307676
1.15927 0.15001 1.53217
1.17562 0.15001 0.654915
1.65072 0.15001 -1.44348
2.38545 0.15001 -0.455625
0.239978 0.15001 0.120911
1.90004 0.15001 -0.3457
-0.554034 0.15001 -0.479974
2.23366 0.15001 -0.743392
2.8411 0.15001 2.20641
2.53399 0.15001 -1.14218
2.84999 0.15001 -2.66738
1.57014 0.15001 -2.66158
2.15595 0.15001 -2.84999
0.517083 0.15001 -1.72308
1.73114 0.15001 -1.60867
1.48435 0.15001 2.17361
1.75585 0.15001 1.09709
1.81778 0.15001 1.48574
2.69028 0.15001 0.664008
2.55066 0.15001 0.96433
1.45884 0.15001 -1.79283
0.883395 0.15001 -1.41195
0.314946 0.15001 -0.769066
2.31773 0.15001 -1.82023
0.541259 0.15001 0.0937447
0.78893 0.15001 1.16923
2.54071 0.15001 -0.361541
2.84999 0.15001 -0.172411
2.14936 0.15001 2.29992
2.84999 0.15001 0.0166765
1.26909 0.15001 1.05379
2.07684 0.15001 -2.49823
-0.191151 0.15001 -2.84999
2.54237 0.15001 -0.745029
1.73394 0.15001 0.722965
1.79291 0.15001 2.68977
2.84999 0.15001 -1.33969
2.06798 0.15001 0.892577
1.50012 0.15001 0.0584153
2.38757 0.15001 -0.646438
2.54212 0.15001 -0.551778
2.84999 0.15001 -2.84999
2.07454 0.15001 -1.20806
-2.08269 0.15001 0.627844
2.10158 0.15001 -2.68072
2.04878 0.15001 -0.100249
1.56823 0.15001 0.827723
-0.592816 0.15001 0.0387144
-1.3765 0.15001 0.822574
0.53854 0.15001 -0.104963
1.64949 0.15001 -1.15167
2.69644 0.15001 -0.458181
1.08844 0.15001 0.980221
2.07065 0.15001 -1.02741
-0.390453 0.15001 0.768519
-1.44818 0.15001 -0.209399
1.40634 0.15001 0.928802
1.16333 0.15001 -0.928864
1.49399 0.15001 2.84999
1.33954 0.15001 0.745296
2.46383 0.15001 -2.6731
2.64848 0.15001 -2.36672
2.69591 0.15001 -0.846895
1.11576 0.15001 -0.541052
1.45593 0.15001 -1.46343
0.396942 0.15001 0.211178
1.53697 0.15001 -1.29507
1.42064 0.15001 1.99149
2.0617 0.15001 0.704155
2.69044 0.15001 1.71491
2.6896 0.15001 -1.82318
1.99388 0.15001 -2.01022
0.848893 0.15001 -0.510416
2.84999 0.15001 -0.36344
0.758453 0.15001 0.791742
2.36408 0.15001 0.295958
0.923317 0.15001 0.89228
-0.326978 0.15001 2.67539
0.472858 0.15001 2.27684
2.35956 0.15001 1.66236
