1000 0.1
1.85029 0.15001 -0.0588891
-2.64712 0.15001 0.927474
-2.4794 0.15001 -2.37929
-2.27968 0.15001 -2.45748
-2.81903 0.15001 -0.549206
2.84999 0.15001 1.26492
1.31432 0.15001 1.88608
-1.66049 0.15001 1.61414
-1.52342 0.15001 -0.733495
-0.817988 0.15001 0.0347773
-2.68373 0.15001 2.25253
0.55421 0.15001 2.84999
-0.338854 0.15001 1.26169
2.83005 0.15001 0.502989
-0.807184 0.15001 1.68347
-0.276464 0.15001 -2.01537
-0.37595 0.15001 -1.15191
0.133265 0.15001 -1.32447
-1.01867 0.15001 0.5303
-0.149061 0.15001 1.31826
-2.13032 0.15001 -1.92959
-2.77922 0.15001 -2.04813
-0.805586 0.15001 -0.830493
-1.73574 0.15001 -2.48177
-1.44191 0.15001 -2.10025
2.50026 0.15001 0.513693
-2.64855 0.15001 -1.89483
-0.466227 0.15001 -2.66135
-2.50763 0.15001 0.413383
-1.59101 0.15001 1.43979
-2.16343 0.15001 -0.871634
0.17505 0.15001 -0.525463
-1.89895 0.15001 -0.32076
-2.06853 0.15001 -1.39014
0.607476 0.15001 -2.84999
-2.34976 0.15001 -0.873342
0.617715 0.15001 -1.1192
-1.5777 0.15001 -1.24868
-1.20855 0.15001 1.02223
-2.84999 0.15001 0.0151062
-0.180833 0.15001 -2.51843
-1.6965 0.15001 -0.650197
-0.491066 0.15001 -0.986908
0.726161 0.15001 -2.34322
-0.0717306 0.15001 -1.67175
-0.850155 0.15001 -2.04
0.250227 0.15001 2.67344
-0.219544 0.15001 2.84999
-1.24518 0.15001 -0.536763
-2.68468 0.15001 1.85548
-1.68329 0.15001 -1.76492
-2.47648 0.15001 -1.53477
-1.14355 0.15001 0.682165
-1.4827 0.15001 -1.07362
-1.13821 0.15001 2.84998
-1.93097 0.15001 2.15488
-2.68082 0.15001 1.6589
-2.84999 0.15001 2.34261
-2.23635 0.15001 1.25586
0.854154 0.15001 1.40392
-0.575407 0.15001 -1.16513
1.40529 0.15001 -2.5117
-1.4043 0.15001 -0.894852
-1.00355 0.15001 -0.854667
-0.813916 0.15001 1.07021
-1.27706 0.15001 0.307152
0.0677087 0.15001 -0.868792
-1.72105 0.15001 0.560281
-2.68466 0.15001 2.05159
-2.84999 0.15001 0.839405
-2.63403 0.15001 -2.66611
-2.84173 0.15001 -1.50884
-2.68959 0.15001 -0.0773694
1.02547 0.15001 0.769212
2.83632 0.15001 0.130788
-2.68606 0.15001 1.27713
-2.84999 0.15001 1.37923
-2.84999 0.15001 0.203311
-1.47638 0.15001 1.60262
-0.784527 0.15001 2.03968
-2.6631 0.15001 -2.28541
-2.12008 0.15001 -2.75806
-1.28433 0.15001 -1.06164
-2.48427 0.15001 -0.364645
-0.649039 0.15001 2.55225
-2.84999 0.15001 2.53457
-2.13735 0.15001 0.833242
-2.84999 0.15001 1.95328
-2.36582 0.15001 2.06265
-0.672046 0.15001 2.20053
-0.175534 0.15001 -1.50452
-2.70799 0.15001 -0.843309
-2.46629 0.15001 -2.57499
-1.17889 0.15001 -1.2217
-2.50857 0.15001 0.00917949
-1.9404 0.15001 0.0214578
-1.85607 0.15001 1.22781
-2.28085 0.15001 1.03959
0.357592 0.15001 2.84999
-2.35979 0.15001 1.65555
-1.16266 0.15001 -2.23991
-0.193058 0.15001 1.96858
-2.32806 0.15001 -1.66128
2.67313 0.15001 1.97306
1.51737 0.15001 1.26814
-1.00386 0.15001 1.71715
1.83988 0.15001 -1.89261
-0.546912 0.15001 -2.48471
1.6881 0.15001 -0.344748
2.36011 0.15001 -1.08728
2.31635 0.15001 -2.78255
-0.0762036 0.15001 -1.00016
-1.67905 0.15001 -1.08221
-0.190891 0.15001 -0.355173
0.22245 0.15001 -1.14914
-2.66186 0.15001 -0.662473
-0.354227 0.15001 -2.4322
-2.65538 0.15001 -2.48006
-0.410024 0.15001 2.84999
-2.68496 0.15001 -0.287451
-1.6669 0.15001 -2.66601
2.17956 0.15001 1.08621
0.3367 0.15001 -1.99971
-1.70364 0.15001 -0.276004
-2.06354 0.15001 0.16491
-0.135499 0.15001 2.65687
-1.74693 0.15001 -1.94928
0.526511 0.15001 -0.507679
-0.164502 0.15001 0.691463
0.691072 0.15001 0.559127
-2.35899 0.15001 -1.20937
-0.275216 0.15001 -1.33461
0.548394 0.15001 -1.29518
-2.27893 0.15001 -2.05591
-2.82641 0.15001 -2.63001
-0.663771 0.15001 -2.66508
0.730715 0.15001 -1.37127
-1.77119 0.15001 0.900751
-1.58757 0.15001 0.941641
-2.84999 0.15001 1.56504
-1.26906 0.15001 -1.74262
-0.766898 0.15001 -1.87041
-0.867663 0.15001 -1.35368
-2.66209 0.15001 -1.02379
-0.703517 0.15001 0.404451
1.35655 0.15001 0.208013
-1.66849 0.15001 1.26897
-1.26593 0.15001 1.94065
-2.84999 0.15001 2.14875
-1.79088 0.15001 0.377631
0.240772 0.15001 -0.955195
-2.28367 0.15001 -2.65371
-0.0179488 0.15001 -0.239744
0.684599 0.15001 -0.207761
1.36185 0.15001 -0.549073
1.46433 0.15001 2.46423
-0.514376 0.15001 2.68572
-2.09792 0.15001 2.84999
-2.6844 0.15001 0.112141
-2.01264 0.15001 1.55204
-0.967961 0.15001 -1.5403
-2.84999 0.15001 -2.4246
-1.57042 0.15001 -2.84999
-2.14421 0.15001 -1.73579
-0.534691 0.15001 -0.622127
-0.887023 0.15001 -1.01236
-2.31137 0.15001 0.455033
-1.54169 0.15001 -2.27954
-0.892194 0.15001 0.377074
-2.84999 0.15001 2.84999
-0.853652 0.15001 -2.69063
1.35737 0.15001 -0.359558
-2.0509 0.15001 1.1981
-1.45039 0.15001 -0.555816
-2.72895 0.15001 2.67505
-2.13584 0.15001 1.8164
-2.09163 0.15001 -0.353343
-2.55104 0.15001 2.57822
-0.675734 0.15001 1.48211
-1.72241 0.15001 2.49125
-1.37044 0.15001 -2.84999
-0.178051 0.15001 -0.112932
-2.84999 0.15001 -0.730563
-1.32617 0.15001 -0.715774
0.0245263 0.15001 -1.16241
0.709493 0.15001 -0.785003
-1.79073 0.15001 -1.60169
-2.33302 0.15001 1.84495
-2.69017 0.15001 0.745264
-1.90593 0.15001 2.84999
-1.33234 0.15001 0.647394
0.251807 0.15001 -1.47879
-2.84999 0.15001 -0.961185
-2.84999 0.15001 -0.176148
-1.35025 0.15001 -2.2804
0.164641 0.15001 1.08014
-2.68494 0.15001 2.44389
-2.20198 0.15001 0.65655
-2.35747 0.15001 2.25374
0.245962 0.15001 1.93016
-0.740009 0.15001 -2.46272
-1.97049 0.15001 -0.862663
1.39333 0.15001 1.58626
1.52357 0.15001 0.312029
0.211168 0.15001 1.72071
-0.250862 0.15001 2.4912
-0.57362 0.15001 -1.51494
2.34594 0.15001 0.994502
1.35588 0.15001 0.590851
2.33233 0.15001 1.77136
1.71307 0.15001 -1.28718
-1.1646 0.15001 -2.84999
-1.20675 0.15001 -0.879395
-0.480287 0.15001 -1.69162
-1.02316 0.15001 -2.3628
-0.471936 0.15001 -1.3307
-0.962175 0.15001 -2.84999
-1.78037 0.15001 -0.838896
-2.60233 0.15001 -2.10194
-2.67987 0.15001 1.4618
-2.84999 0.15001 -1.69218
-2.46065 0.15001 -1.97264
2.17935 0.15001 1.27928
-0.503404 0.15001 1.82137
-2.51951 0.15001 1.76298
-1.92662 0.15001 -2.47787
-2.55931 0.15001 0.610896
-1.61957 0.15001 2.66204
0.231503 0.15001 2.29373
-0.49006 0.15001 1.42764
-1.86921 0.15001 -2.66977
-2.60342 0.15001 1.11282
-1.37549 0.15001 -1.23764
0.00933284 0.15001 1.2021
0.871741 0.15001 -0.672762
-1.99125 0.15001 -0.513302
-0.868062 0.15001 2.23452
-2.07692 0.15001 -0.694989
-1.84145 0.15001 1.60528
-2.84999 0.15001 0.394489
-0.964413 0.15001 -1.89132
0.799721 0.15001 -2.84999
-2.64351 0.15001 -0.474119
0.52052 0.15001 1.4488
1.19232 0.15001 0.486412
-1.04382 0.15001 -0.515545
2.01095 0.15001 1.37298
2.3374 0.15001 0.419791
-2.17138 0.15001 0.318887
-1.71479 0.15001 2.84999
-2.46577 0.15001 -2.77669
-0.689681 0.15001 -0.993772
-1.04733 0.15001 -2.67568
1.52911 0.15001 -2.33788
0.440522 0.15001 -1.83504
-0.336889 0.15001 1.06938
-1.44119 0.15001 2.30576
-2.32219 0.15001 0.847573
-0.331984 0.15001 0.793916
-2.66367 0.15001 2.84999
-1.54839 0.15001 0.085349
-0.00539245 0.15001 -0.442349
-2.01813 0.15001 0.678847
-0.351547 0.15001 -0.228431
-2.52404 0.15001 2.15956
-2.36113 0.15001 -0.125058
-2.12434 0.15001 2.17033
-2.00259 0.15001 2.67699
-1.80951 0.15001 2.66916
0.055786 0.15001 2.66174
0.999754 0.15001 -2.84999
2.3464 0.15001 1.18459
-2.10203 0.15001 -2.38082
0.842834 0.15001 -1.85578
1.18833 0.15001 -0.272882
-2.38161 0.15001 0.641679
0.850879 0.15001 1.04116
-1.55174 0.15001 2.13583
-0.0295234 0.15001 2.84999
-0.691373 0.15001 0.912163
-0.572207 0.15001 -2.841
-1.46894 0.15001 -2.66808
-1.98865 0.15001 -1.58509
1.43955 0.15001 2.25846
-2.47006 0.15001 -0.694877
-1.86225 0.15001 0.199902
0.698967 0.15001 -0.592225
-1.97119 0.15001 -1.21063
-2.16104 0.15001 1.43371
1.69684 0.15001 1.80847
-2.65097 0.15001 -2.84999
0.345144 0.15001 -1.65541
-1.1356 0.15001 1.20514
1.13152 0.15001 -2.01584
0.226871 0.15001 -2.51578
-0.15954 0.15001 -0.557269
-1.21488 0.15001 -0.0238031
-2.09233 0.15001 1.01428
-1.53197 0.15001 2.48581
-1.717 0.15001 1.08387
-0.761502 0.15001 -2.84999
2.66684 0.15001 2.17794
-2.42558 0.15001 -2.18801
2.67318 0.15001 0.792047
-2.00734 0.15001 -0.160392
-0.270126 0.15001 2.15264
1.8516 0.15001 -0.248249
0.337074 0.15001 2.49737
2.68478 0.15001 1.37034
1.68707 0.15001 0.0357039
0.750517 0.15001 2.84999
-0.894394 0.15001 -2.22143
-0.285435 0.15001 -1.67882
-2.29878 0.15001 -1.39911
-2.84999 0.15001 -2.82652
-1.29129 0.15001 -0.203386
1.87393 0.15001 -1.37278
-1.14468 0.15001 0.1588
-1.79368 0.15001 1.41888
-1.6489 0.15001 0.753352
-0.92422 0.15001 -2.52067
-0.771922 0.15001 -1.17464
2.18487 0.15001 -0.623491
-2.34181 0.15001 0.252893
-0.76117 0.15001 -0.303251
-1.37778 0.15001 1.77432
-1.11382 0.15001 1.55898
-1.76091 0.15001 1.78061
0.426114 0.15001 -1.10723
-0.928883 0.15001 1.54001
-2.2901 0.15001 -0.357018
-0.175772 0.15001 -1.16586
1.23046 0.15001 -1.22297
1.24506 0.15001 1.70526
-2.19921 0.15001 1.99335
-1.95726 0.15001 1.75503
1.10506 0.15001 -2.68203
-2.51558 0.15001 1.35192
-0.0575642 0.15001 -1.98577
-1.01224 0.15001 1.0448
-2.80733 0.15001 -1.14441
-0.277271 0.15001 -2.68061
1.5421 0.15001 -1.01597
1.96693 0.15001 2.36129
2.01327 0.15001 0.41895
1.97471 0.15001 1.95148
1.68812 0.15001 0.224619
0.180321 0.15001 0.271554
-1.04115 0.15001 1.3815
0.778092 0.15001 1.88162
-2.51411 0.15001 -1.73488
2.17938 0.15001 -0.0607996
0.0372348 0.15001 -2.17061
-0.0685444 0.15001 -1.33399
-1.15933 0.15001 -1.90467
2.09105 0.15001 2.82226
-1.74353 0.15001 2.13745
0.946549 0.15001 2.84999
-0.771369 0.15001 2.76046
2.01503 0.15001 1.17998
1.21164 0.15001 -2.5117
-1.8637 0.15001 -1.02872
1.20159 0.15001 -0.651989
1.219 0.15001 1.50135
-1.74352 0.15001 0.0512011
-1.35996 0.15001 -1.91744
-0.000314845 0.15001 0.789967
-2.41705 0.15001 1.18277
2.84999 0.15001 2.455
0.0324304 0.15001 2.29678
1.02895 0.15001 -2.18031
2.18232 0.15001 -0.248927
-0.181571 0.15001 -2.84999
-0.462424 0.15001 -2.06663
-1.5439 0.15001 -2.48501
-2.51844 0.15001 0.202931
0.753811 0.15001 2.49862
-2.84999 0.15001 1.19562
-0.60545 0.15001 2.84999
0.0160638 0.15001 0.382727
-0.133366 0.15001 -2.33647
0.20005 0.15001 -0.724434
1.5836 0.15001 -2.84999
-1.56695 0.15001 1.78429
-0.961133 0.15001 2.43492
-2.10752 0.15001 2.51213
-1.9131 0.15001 0.52092
-1.27212 0.15001 -1.39833
-1.32868 0.15001 1.17745
-2.84999 0.15001 1.7579
-2.18477 0.15001 -0.527172
0.354611 0.15001 -1.29847
-1.081 0.15001 0.344649
0.167139 0.15001 -0.139717
1.03796 0.15001 -1.85366
2.17597 0.15001 0.322579
-1.95293 0.15001 0.861545
1.02311 0.15001 0.0059882
-1.52382 0.15001 2.84999
2.01265 0.15001 0.989691
0.135539 0.15001 -1.99639
2.39301 0.15001 2.66583
0.35455 0.15001 0.557323
0.656907 0.15001 2.32035
1.52046 0.15001 0.502761
0.33372 0.15001 2.12088
-1.14935 0.15001 2.46278
-1.12734 0.15001 -0.697431
-0.387709 0.15001 1.98913
1.82075 0.15001 1.65824
1.53037 0.15001 -2.01188
-1.87572 0.15001 -1.42138
-2.49177 0.15001 -1.34509
-1.8008 0.15001 -0.488334
-1.26289 0.15001 -2.67629
-1.9037 0.15001 -1.7707
2.19839 0.15001 -1.18138
0.0320959 0.15001 -1.50092
-0.174121 0.15001 1.59869
-0.0565485 0.15001 2.47802
-2.38015 0.15001 -0.529071
-1.76333 0.15001 -2.84999
0.017507 0.15001 -2.50344
-0.560154 0.15001 -0.272024
-0.290603 0.15001 -0.968913
0.78215 0.15001 2.15406
0.550489 0.15001 2.49651
-1.40323 0.15001 0.458621
-1.81994 0.15001 -0.126975
0.516602 0.15001 0.259671
-2.1676 0.15001 -1.22034
-1.63809 0.15001 -2.11404
0.416188 0.15001 -2.84999
0.230584 0.15001 -2.16787
-2.84999 0.15001 -2.22055
2.18302 0.15001 -0.436766
2.84999 0.15001 -1.92648
0.820285 0.15001 -2.50897
-1.35572 0.15001 2.125
0.925781 0.15001 -1.35251
-1.8362 0.15001 -2.12367
1.1927 0.15001 0.298084
1.75718 0.15001 1.99541
2.34227 0.15001 0.804788
0.860461 0.15001 0.474702
0.45398 0.15001 1.96271
2.6337 0.15001 2.63874
0.373918 0.15001 1.57397
1.16631 0.15001 2.03213
0.177697 0.15001 1.2871
1.76503 0.15001 -2.3075
2.50521 0.15001 0.131131
2.02903 0.15001 -0.904685
1.87186 0.15001 -1.18611
-1.6228 0.15001 -0.0963901
-0.88494 0.15001 0.894023
-1.33666 0.15001 2.48103
2.67731 0.15001 1.77207
0.887959 0.15001 1.5837
-0.441772 0.15001 2.50861
1.33879 0.15001 -2.00751
-1.36687 0.15001 -0.382311
0.0496226 0.15001 -1.82238
-0.505664 0.15001 -2.29666
-1.15091 0.15001 -2.50852
-1.67798 0.15001 -1.42044
-0.943699 0.15001 2.84999
-1.91079 0.15001 2.50213
-0.525145 0.15001 1.24317
0.171022 0.15001 0.873219
1.53493 0.15001 -0.826899
-0.343609 0.15001 -0.607615
-1.74071 0.15001 -2.291
-0.364359 0.15001 2.32879
2.34516 0.15001 1.37764
-0.217172 0.15001 -0.779892
0.350702 0.15001 0.359718
-1.63295 0.15001 2.31618
2.28082 0.15001 2.84999
1.13935 0.15001 2.84999
0.935414 0.15001 -2.01722
0.0101838 0.15001 0.188278
-0.672482 0.15001 -1.6899
-1.42304 0.15001 -0.0603972
-1.55122 0.15001 -1.93682
-1.60681 0.15001 -0.439655
-1.52768 0.15001 0.605451
-1.83419 0.15001 1.95623
-2.29031 0.15001 2.84999
-1.23092 0.15001 2.65302
0.689283 0.15001 -0.398823
-1.08863 0.15001 -1.03875
0.521995 0.15001 0.847958
-0.415163 0.15001 0.611437
1.0384 0.15001 -1.53155
-1.03875 0.15001 2.62179
-1.07337 0.15001 -1.37989
-1.98422 0.15001 0.343235
-2.50682 0.15001 2.37473
-1.07943 0.15001 1.90407
1.85124 0.15001 0.322349
0.733639 0.15001 1.6989
0.0260955 0.15001 1.63297
2.66201 0.15001 2.38192
2.48772 0.15001 2.27894
2.49734 0.15001 -2.29674
-1.19291 0.15001 1.73876
-1.52182 0.15001 1.14884
1.52133 0.15001 0.122387
-0.769222 0.15001 2.40007
-0.698994 0.15001 -2.25876
-2.09943 0.15001 -2.57283
-0.412352 0.15001 -0.799212
-2.06664 0.15001 -1.03809
-2.2825 0.15001 -2.84999
-0.659136 0.15001 -2.05715
-1.95883 0.15001 -2.84999
-2.52011 0.15001 1.95464
2.17663 0.15001 0.896497
0.687091 0.15001 0.174897
1.38422 0.15001 -1.12024
2.19507 0.15001 -0.996569
-1.78198 0.15001 -1.24619
1.32594 0.15001 -2.34098
2.50068 0.15001 0.321622
-0.697607 0.15001 1.84159
-2.46882 0.15001 -1.05515
-1.90517 0.15001 1.04463
-0.757134 0.15001 0.218761
-0.827661 0.15001 0.55853
-2.13666 0.15001 -0.0112268
-2.67753 0.15001 0.308561
-0.331017 0.15001 -2.21608
2.48148 0.15001 -2.48163
-2.19087 0.15001 -0.194402
-0.870022 0.15001 -1.70652
-2.26637 0.15001 -1.04234
0.853758 0.15001 -0.0989812
2.33884 0.15001 0.613101
1.0255 0.15001 0.384097
-0.184623 0.15001 -1.84281
1.3448 0.15001 1.17683
2.32052 0.15001 1.96655
1.68631 0.15001 0.414576
1.55341 0.15001 1.94807
0.189675 0.15001 1.51771
0.68571 0.15001 -0.0166198
2.31605 0.15001 2.38006
0.590266 0.15001 1.82906
-0.144897 0.15001 0.494964
-0.765734 0.15001 -1.51811
2.5148 0.15001 1.47251
1.90376 0.15001 2.84999
0.749215 0.15001 -1.69308
1.86209 0.15001 -0.813784
1.14573 0.15001 -1.68424
2.84999 0.15001 2.06235
1.19423 0.15001 -0.462087
2.14645 0.15001 2.2681
-0.00360182 0.15001 0.991076
0.0153197 0.15001 -2.84999
0.325197 0.15001 -2.33963
0.2457 0.15001 -1.82926
-0.385757 0.15001 -1.8645
1.12691 0.15001 -2.34347
2.69043 0.15001 -1.45462
-1.47462 0.15001 -1.75372
-1.33163 0.15001 2.84999
1.67725 0.15001 0.984834
-2.349 0.15001 1.44236
1.59617 0.15001 -2.514
1.77061 0.15001 -2.84999
1.0205 0.15001 -0.185207
-2.67331 0.15001 -1.4135
-1.01149 0.15001 0.00761211
1.5282 0.15001 -0.637255
-2.84999 0.15001 -1.32391
-0.607617 0.15001 -0.81351
1.38806 0.15001 -1.32607
-1.47778 0.15001 -1.41551
0.325366 0.15001 -2.68042
1.04511 0.15001 -1.18393
0.51463 0.15001 -0.315911
1.02482 0.15001 1.19525
2.0227 0.15001 -0.717907
0.857242 0.15001 0.283221
-1.59783 0.15001 0.417176
-2.66495 0.15001 -1.61142
-2.19823 0.15001 2.34711
-1.83319 0.15001 0.713419
1.23274 0.15001 -2.17524
-0.924481 0.15001 -0.673882
-0.339457 0.15001 0.0253701
-1.16991 0.15001 -1.5618
0.518443 0.15001 -2.68031
-1.16606 0.15001 -0.35645
-1.07688 0.15001 0.863438
-1.45637 0.15001 1.95673
2.5045 0.15001 0.706071
2.17528 0.15001 0.516206
0.854462 0.15001 2.67751
0.131488 0.15001 -2.34153
-2.19726 0.15001 2.67936
-1.42624 0.15001 2.66259
-2.31494 0.15001 0.0623789
2.84999 0.15001 -1.17224
-1.34677 0.15001 -2.48483
1.80358 0.15001 2.66861
-1.60203 0.15001 -0.907681
-2.33745 0.15001 2.48574
-0.983526 0.15001 -1.19969
-2.06328 0.15001 -2.11998
-1.88663 0.15001 -0.67713
-0.576182 0.15001 2.36856
-2.0164 0.15001 1.98012
-2.53075 0.15001 -0.875552
1.36169 0.15001 1.37542
1.84531 0.15001 0.703586
2.52116 0.15001 -0.989852
1.05494 0.15001 -0.946111
0.652299 0.15001 -1.53237
-2.23811 0.15001 -2.24691
2.36475 0.15001 -1.45733
-0.715124 0.15001 1.23708
-2.27281 0.15001 -0.70365
-2.3886 0.15001 2.6777
-2.50471 0.15001 0.795805
0.343872 0.15001 0.950975
0.688406 0.15001 0.366956
-0.157033 0.15001 1.11488
0.36246 0.15001 -0.614531
-1.58461 0.15001 -1.58822
1.1882 0.15001 0.870644
-1.06668 0.15001 -1.72523
-0.151451 0.15001 -2.15008
2.01834 0.15001 -0.530556
-2.17844 0.15001 -1.54767
0.675458 0.15001 1.32736
0.502185 0.15001 1.24857
1.84743 0.15001 1.08092
0.645995 0.15001 2.01408
-0.634386 0.15001 0.588018
1.53137 0.15001 1.46084
0.0211992 0.15001 1.4143
0.507541 0.15001 1.04481
-1.94047 0.15001 -1.96243
1.02456 0.15001 0.195279
2.17553 0.15001 1.47423
1.23354 0.15001 2.22035
1.6227 0.15001 2.34736
1.86212 0.15001 -1.5576
2.36381 0.15001 -1.27181
0.217186 0.15001 -2.84999
0.997644 0.15001 2.17155
1.69489 0.15001 -0.724842
-1.47343 0.15001 0.269193
-0.574318 0.15001 -1.87421
0.942241 0.15001 1.97589
-1.23512 0.15001 1.37508
0.162387 0.15001 2.84999
-0.665672 0.15001 -1.34112
1.64543 0.15001 -1.86605
0.149575 0.15001 -1.65615
0.793311 0.15001 -1.20022
1.70184 0.15001 -0.912946
1.87607 0.15001 -2.67371
-0.728536 0.15001 -0.650655
-1.26916 0.15001 0.834938
-1.64663 0.15001 1.96137
-0.844912 0.15001 2.58605
2.16034 0.15001 -2.10528
0.631921 0.15001 -2.17788
0.925437 0.15001 -2.34658
1.24665 0.15001 -1.51534
-1.93959 0.15001 -2.28384
1.37587 0.15001 -0.930334
-1.42602 0.15001 1.34536
-1.34652 0.15001 0.121426
1.19068 0.15001 0.108148
-2.53532 0.15001 -0.181578
0.428761 0.15001 -2.17227
0.523603 0.15001 0.651765
0.549064 0.15001 -0.910961
-0.964902 0.15001 -0.33362
0.53558 0.15001 -0.706115
1.52231 0.15001 -0.256333
0.130358 0.15001 2.10144
0.339481 0.15001 -0.230622
-0.975019 0.15001 2.0721
-2.46472 0.15001 0.982483
1.68401 0.15001 -2.68233
0.525398 0.15001 -2.34083
2.84999 0.15001 -2.48441
0.347155 0.15001 -0.421137
1.36847 0.15001 -0.739445
0.462235 0.15001 -1.48116
2.66837 0.15001 0.224358
2.00234 0.15001 1.56729
-0.889174 0.15001 1.87529
2.47162 0.15001 2.84999
1.02526 0.15001 0.574992
2.51292 0.15001 -0.246075
-0.512383 0.15001 0.437881
2.48803 0.15001 2.48876
-0.759447 0.15001 0.739516
-1.08741 0.15001 -0.17532
1.86792 0.15001 -1.00035
2.19747 0.15001 2.66027
0.551864 0.15001 1.64224
-0.496488 0.15001 -0.0879128
-1.37409 0.15001 -1.57895
-2.62721 0.15001 -1.21019
1.35442 0.15001 -0.171271
1.4317 0.15001 -2.17449
1.11746 0.15001 -1.36678
1.84948 0.15001 1.27003
-2.4794 0.15001 2.84999
2.49606 0.15001 2.07352
1.04321 0.15001 1.42519
2.34778 0.15001 -0.340623
-2.84999 0.15001 -1.87951
1.94835 0.15001 -2.20762
2.19207 0.15001 -1.73631
2.17924 0.15001 -1.92156
-0.559649 0.15001 0.25042
0.655866 0.15001 2.6736
2.13544 0.15001 2.47384
-2.31073 0.15001 -1.84992
2.15456 0.15001 1.86355
0.856303 0.15001 0.0923261
0.166788 0.15001 -0.333536
1.21107 0.15001 -0.843248
-0.162002 0.15001 0.101659
1.95024 0.15001 -2.40013
0.535744 0.15001 -2.01057
-0.415274 0.15001 1.62492
-1.16331 0.15001 2.10875
-0.947754 0.15001 0.192198
2.66455 0.15001 0.41285
1.08093 0.15001 2.35794
2.84999 0.15001 -1.55091
0.930854 0.15001 1.76726
-2.00967 0.15001 2.33547
1.68587 0.15001 1.36035
2.51489 0.15001 1.28002
2.84999 0.15001 1.06965
2.84999 0.15001 1.46548
2.6842 0.15001 1.17492
0.337236 0.15001 1.15603
-0.10509 0.15001 1.78187
2.66977 0.15001 -2.78465
2.84999 0.15001 -2.1133
1.33895 0.15001 -1.68689
2.67835 0.15001 -0.152117
0.182759 0.15001 0.472082
2.3556 0.15001 -0.900997
2.03602 0.15001 -1.46024
2.84999 0.15001 1.8645
-0.168032 0.15001 2.31677
2.84335 0.15001 0.878039
2.84999 0.15001 -1.73946
-1.2518 0.15001 -2.07467
2.33861 0.15001 -2.02309
1.35445 0.15001 0.0175881
2.67765 0.15001 -2.20851
2.34626 0.15001 -0.15243
1.51911 0.15001 0.694657
2.68985 0.15001 -1.26631
-1.97873 0.15001 1.37271
-0.88785 0.15001 -0.147839
1.62965 0.15001 -2.1704
2.1996 0.15001 -1.55185
-0.0736326 0.15001 -2.68044
0.832897 0.15001 -2.18004
-2.84999 0.15001 -0.368784
1.78754 0.15001 -2.5017
0.867058 0.15001 2.32977
-0.835071 0.15001 1.38036
-1.20971 0.15001 0.497026
1.71302 0.15001 2.84999
0.640166 0.15001 -1.84958
1.80123 0.15001 -2.0803
2.0192 0.15001 -1.82696
1.39486 0.15001 -2.84999
0.945065 0.15001 -1.69241
-1.06375 0.15001 2.27688
1.02491 0.15001 -0.375568
1.68335 0.15001 0.604274
2.84991 0.15001 2.65176
2.84999 0.15001 2.84999
1.23414 0.15001 -1.85073
2.84999 0.15001 -2.29953
0.621502 0.15001 -2.50922
-0.423082 0.15001 -0.419961
0.73211 0.15001 -0.973904
0.738278 0.15001 -2.01599
1.38189 0.15001 2.06867
0.885521 0.15001 -0.861869
0.700223 0.15001 1.51385
-1.8208 0.15001 2.32134
0.0336812 0.15001 1.92349
-0.178017 0.15001 0.909872
0.520549 0.15001 0.456149
2.50088 0.15001 1.87339
2.84999 0.15001 -0.798203
-2.51551 0.15001 1.55214
2.50962 0.15001 1.67399
1.4801 0.15001 1.76387
1.99222 0.15001 1.75838
0.358023 0.15001 0.754115
-0.692513 0.15001 -0.118639
-0.838607 0.15001 -0.486846
-0.382616 0.15001 -1.50871
-0.0144422 0.15001 -0.687098
-0.939111 0.15001 1.22085
1.85167 0.15001 0.131423
-1.66869 0.15001 0.234578
0.529849 0.15001 2.16325
1.05986 0.15001 2.6689
1.18897 0.15001 1.29231
-2.84999 0.15001 0.632061
2.12325 0.15001 -2.28855
0.139025 0.15001 2.47915
-0.357318 0.15001 0.227445
1.3584 0.15001 0.39879
-1.40235 0.15001 0.989028
2.01444 0.15001 0.226248
2.84999 0.15001 1.66681
0.340829 0.15001 -0.0394611
-0.305004 0.15001 1.80039
1.01853 0.15001 -2.51243
2.29754 0.15001 -2.39957
2.68763 0.15001 -1.64309
1.19779 0.15001 -2.84999
2.27711 0.15001 -2.59483
1.33076 0.15001 2.84368
1.84447 0.15001 0.893204
2.5143 0.15001 1.0888
2.16841 0.15001 1.66958
2.83439 0.15001 0.689409
1.30015 0.15001 -2.68084
2.31527 0.15001 -2.2115
0.187874 0.15001 0.673415
1.70666 0.15001 -1.10062
0.45222 0.15001 2.67251
-1.25088 0.15001 2.29883
0.953337 0.15001 2.50607
2.66094 0.15001 2.84999
2.3603 0.15001 -1.6446
2.67343 0.15001 0.0359909
1.18775 0.15001 -0.0831884
-0.161223 0.15001 0.301626
-0.604895 0.15001 1.07698
1.84883 0.15001 0.513375
-0.0730342 0.15001 2.12729
0.861173 0.15001 0.666136
0.401939 0.15001 1.76998
2.50807 0.15001 -2.11124
1.26952 0.15001 2.42552
-2.17593 0.15001 1.63002
0.684205 0.15001 0.946145
2.51388 0.15001 -1.92438
1.52452 0.15001 -0.446688
2.68155 0.15001 -0.338471
2.84999 0.15001 -0.613449
2.01763 0.15001 -0.342881
2.20044 0.15001 -1.36602
-0.612654 0.15001 1.66049
1.2534 0.15001 2.6374
2.5102 0.15001 -0.0580886
2.65986 0.15001 -2.5907
0.904635 0.15001 -1.0531
2.68325 0.15001 -0.707424
2.49217 0.15001 -2.84999
2.01426 0.15001 0.0341272
1.62491 0.15001 1.62814
2.17691 0.15001 0.129345
1.9736 0.15001 2.15785
1.10668 0.15001 1.84618
2.34257 0.15001 0.0360398
0.127475 0.15001 -2.67845
1.04353 0.15001 -0.755664
2.52117 0.15001 -1.73587
-0.00196183 0.15001 -0.0236454
1.68678 0.15001 -0.154725
1.68991 0.15001 -0.535308
1.8557 0.15001 -0.625862
-0.295193 0.15001 1.45009
-0.470029 0.15001 0.934973
2.83199 0.15001 0.317146
2.03038 0.15001 -1.64328
2.52745 0.15001 -1.54737
-0.952391 0.15001 0.71383
2.68698 0.15001 -1.07856
0.422623 0.15001 -2.51053
2.84999 0.15001 -0.984525
-0.32258 0.15001 0.424601
1.50965 0.15001 1.07864
-0.592018 0.15001 2.00959
2.17487 0.15001 0.707532
2.68051 0.15001 0.982871
-2.80864 0.15001 1.0199
0.838411 0.15001 1.22345
1.62736 0.15001 2.57765
1.79249 0.15001 2.45915
0.343979 0.15001 1.37896
1.95872 0.15001 -2.84999
1.44784 0.15001 2.66761
2.68105 0.15001 -2.01928
-0.47435 0.15001 2.17099
2.52912 0.15001 -1.36122
0.907977 0.15001 -2.6791
0.712083 0.15001 -2.68074
1.55703 0.15001 -1.69409
0.0206282 0.15001 0.584484
-1.04543 0.15001 -2.07537
-2.70156 0.15001 0.500293
-1.29771 0.15001 1.55576
2.14452 0.15001 2.06059
0.854691 0.15001 -0.290545
1.07175 0.15001 1.62634
1.18723 0.15001 0.675061
1.67065 0.15001 -1.54709
2.34888 0.15001 -0.52767
0.171861 0.15001 0.0627606
1.85302 0.15001 -0.436976
-0.636742 0.15001 -0.45528
2.18969 0.15001 -0.810106
2.84999 0.15001 2.25901
2.52572 0.15001 -1.17567
2.84999 0.15001 -2.66759
1.49364 0.15001 -2.68294
2.14474 0.15001 -2.84999
0.542806 0.15001 -1.67727
1.76325 0.15001 -1.71782
1.79212 0.15001 2.24323
1.68124 0.15001 1.17227
1.84225 0.15001 1.46491
2.66593 0.15001 0.602013
2.51085 0.15001 0.897587
1.44371 0.15001 -1.84609
0.845179 0.15001 -1.52915
0.375648 0.15001 -0.814395
2.351 0.15001 -1.83267
0.514604 0.15001 0.0648225
0.671296 0.15001 1.13727
2.51455 0.15001 -0.432605
2.84682 0.15001 -0.243682
2.31921 0.15001 2.1666
2.8413 0.15001 -0.0563596
1.17662 0.15001 1.07713
2.12046 0.15001 -2.48037
-0.38094 0.15001 -2.84999
2.51767 0.15001 -0.803777
1.67963 0.15001 0.796149
1.99715 0.15001 2.63529
2.84999 0.15001 -1.36171
2.00921 0.15001 0.800475
1.52161 0.15001 -0.0665841
2.35134 0.15001 -0.71419
2.51575 0.15001 -0.61818
2.84999 0.15001 -2.84999
2.03588 0.15001 -1.27503
-2.10083 0.15001 0.495932
2.07089 0.15001 -2.66639
2.01556 0.15001 -0.155163
1.51112 0.15001 0.886603
-0.624115 0.15001 0.0658245
-1.46037 0.15001 0.793479
0.512536 0.15001 -0.126905
1.54563 0.15001 -1.20741
2.68267 0.15001 -0.523153
1.0205 0.15001 0.956971
2.03355 0.15001 -1.09015
-0.552549 0.15001 0.761865
-1.50218 0.15001 -0.245918
1.34382 0.15001 0.978124
1.21627 0.15001 -1.03662
1.52273 0.15001 2.84999
1.35122 0.15001 0.779478
2.47134 0.15001 -2.66591
2.67198 0.15001 -2.39882
2.6846 0.15001 -0.892437
1.0324 0.15001 -0.565576
1.44305 0.15001 -1.53193
0.345088 0.15001 0.158027
1.56356 0.15001 -1.39387
1.61305 0.15001 2.13994
2.0112 0.15001 0.6105
2.68063 0.15001 1.57067
2.68341 0.15001 -1.83138
1.99362 0.15001 -2.01645
0.861635 0.15001 -0.481692
2.84989 0.15001 -0.429369
0.691465 0.15001 0.751734
2.33879 0.15001 0.226623
0.856538 0.15001 0.855079
-0.323252 0.15001 2.67237
0.430499 0.15001 2.32728
2.34495 0.15001 1.57258
