1000 0.1
-1.71031 0.15001 -2.33385
-2.10049 0.15001 -2.66174
-1.63903 0.15001 -2.16183
-1.31585 0.15001 -2.31476
-1.96018 0.15001 -1.73276
-0.716877 0.15001 1.47871
-2.75253 0.15001 -0.740993
-2.71491 0.15001 0.341351
-2.20372 0.15001 -0.702278
-2.46605 0.15001 1.19235
-1.80653 0.15001 -2.84858
-2.67411 0.15001 -2.67262
-2.67372 0.15001 -2.49426
-2.0711 0.15001 -2.26991
-2.7991 0.15001 -1.87104
-2.83294 0.15001 -1.50239
-2.48096 0.15001 -0.897207
-2.69423 0.15001 -0.917456
-2.80736 0.15001 1.80635
-2.41531 0.15001 2.60274
-1.98839 0.15001 -2.84914
-2.84999 0.15001 -2.76451
-2.14339 0.15001 -2.44615
-1.62209 0.15001 -0.797871
-2.75996 0.15001 -2.22889
-2.23673 0.15001 -1.10629
-1.29621 0.15001 0.29892
-1.36555 0.15001 0.0897961
-2.75145 0.15001 2.36519
-2.8427 0.15001 2.01631
-1.90452 0.15001 -2.68237
-2.48225 0.15001 -2.65951
-2.31723 0.15001 -2.40164
-2.7945 0.15001 -1.68738
-2.84999 0.15001 -1.31604
-2.62848 0.15001 -1.79345
-2.84302 0.15001 -1.05511
-2.74407 0.15001 -0.00628015
-2.80438 0.15001 1.2034
-2.34848 0.15001 1.78701
-1.1103 0.15001 -2.37969
-1.07093 0.15001 -1.26925
-1.27628 0.15001 -1.00848
-1.4029 0.15001 -1.80458
-1.53517 0.15001 -2.00065
-0.774092 0.378276 1.94055
-2.71207 0.15001 -1.19225
-2.67727 0.15001 -0.567733
-2.35715 0.15001 0.0349171
-2.84978 0.15001 2.82963
-2.50082 0.15001 -2.8489
-1.08749 0.15001 -2.02049
-1.89644 0.15001 -2.34053
-2.84415 0.15001 -2.58032
-2.58801 0.15001 -1.97635
-2.40999 0.15001 -1.51112
-2.64937 0.15001 -1.56959
-2.68368 0.15001 1.3449
-2.63248 0.15001 1.94106
-2.66711 0.15001 2.61367
-1.61316 0.15001 -2.49991
-1.97739 0.15001 -2.51284
-2.30506 0.15001 -2.57894
-2.48685 0.15001 -2.47199
-2.45266 0.15001 -1.86349
-2.08771 0.15001 -1.90771
-2.49518 0.15001 -1.67376
-2.56678 0.15001 -0.744003
-2.80268 0.15001 0.520671
-2.37974 0.15001 2.36545
-2.16887 0.15001 -2.84806
-1.79583 0.15001 -2.5062
-1.71723 0.15001 -2.68039
-2.83332 0.15001 -2.39616
-2.75234 0.15001 -2.04953
-2.2709 0.15001 -1.85776
-2.38784 0.15001 -0.190223
-2.83734 0.15001 -0.328443
-2.80345 0.15001 1.55623
-2.84944 0.15001 2.53194
-1.19592 0.15001 -1.75089
-1.24926 0.15001 -1.92047
-1.45073 0.15001 -2.16699
-2.60722 0.15001 -2.32909
-2.4325 0.15001 -2.26248
-2.58323 0.15001 -1.05996
-2.40963 0.15001 -1.17724
-2.67413 0.15001 -1.38479
-2.41103 0.15001 0.613252
-2.47926 0.15001 1.40137
-1.13812 0.15001 -2.20422
-2.33079 0.15001 -2.76418
-2.68715 0.15001 -2.84999
-2.58176 0.15001 -2.15216
-1.85491 0.15001 -2.14376
-2.0475 0.15001 -1.56389
-2.22261 0.15001 -1.50516
-1.27903 0.15001 -0.100668
-2.69345 0.15001 -0.215746
-2.54524 0.15001 0.752576
-1.34692 0.15001 -2.67556
-0.377765 0.15001 1.12813
-0.474197 0.15001 1.38092
-0.445548 0.246388 1.59439
-0.518382 0.295798 1.80496
-0.697966 0.15001 1.84233
-1.14391 0.15001 1.26833
-0.485146 0.201949 2.35115
-0.466853 0.255384 2.54149
-0.597932 0.226182 2.68143
-1.62459 0.15001 -2.84601
-0.527213 0.261587 1.059
-0.888834 0.15001 -0.866518
-0.607245 0.345748 1.48664
-0.635738 0.235817 1.6625
-1.94049 0.15001 0.0956614
-0.654136 0.22778 2.24197
-0.64398 0.260205 2.44084
-0.679034 0.392522 2.57982
-0.516838 0.15001 2.84999
-1.0814 0.15001 -2.84906
-0.554665 0.306183 1.24944
-0.530004 0.505399 1.32958
-0.418398 0.42565 1.47777
-0.496252 0.425695 1.66231
-0.566506 0.477214 1.85089
-1.95603 0.15001 0.619629
-0.466301 0.463439 2.30427
-0.50521 0.441943 2.50054
-0.622838 0.358105 2.84999
-1.4437 0.15001 -2.84583
-0.717116 0.15001 -2.41658
-1.90127 0.15001 -1.95133
-0.569455 0.556856 1.53147
-0.691794 0.451784 1.68877
-0.594644 0.392442 2.02422
-0.640805 0.443558 2.20298
-0.676824 0.461232 2.39224
-0.804709 0.254088 2.54506
-0.509547 0.525916 2.84999
-0.87831 0.15001 -1.74668
-0.458716 0.434469 1.10551
-0.502683 0.714607 1.34924
-0.471775 0.763811 1.6086
-0.546875 0.636536 1.74086
-0.44383 0.62548 1.93596
-0.470265 0.547356 2.1193
-0.433423 0.65822 2.34814
-0.454048 0.610986 2.60081
-0.779379 0.26955 2.74265
-0.953273 0.15001 -2.14717
-1.27174 0.15001 -1.27613
-2.4051 0.15001 -2.07214
-0.63817 0.745706 1.49955
-2.31607 0.15001 -1.66755
-0.626446 0.643631 2.02594
-0.613107 0.633547 2.26084
-0.602151 0.626145 2.4679
-2.21002 0.15001 0.646255
-2.13836 0.15001 2.83785
-0.971392 0.15001 -1.44247
-1.24533 0.15001 -2.50328
-0.39826 0.601346 1.20048
-0.416544 0.898121 1.46562
-2.49265 0.15001 -1.33496
-0.373811 0.80779 2.03136
-0.511331 0.758027 2.1517
-0.37023 0.849104 2.32708
-0.660771 0.516254 2.72544
-2.63919 0.15001 2.84936
-1.4286 0.15001 -2.50144
-1.47676 0.15001 -1.62458
-1.71922 0.15001 -1.98882
-1.86491 0.15001 -1.56638
-2.14517 0.15001 -1.72262
-0.556223 0.868419 1.98281
-0.576222 0.850702 2.31027
-2.35565 0.15001 -0.54928
-0.912643 0.15001 1.21566
-2.56471 0.15001 2.389
-1.2827 0.15001 -2.0993
-1.14997 0.15001 -1.44748
-2.22473 0.15001 -2.04402
-1.78209 0.15001 -1.80108
-2.25403 0.15001 -2.23064
-2.0299 0.15001 -2.08944
-0.4281 0.955483 2.15332
-2.08818 0.15001 1.04726
-1.98267 0.15001 1.421
-2.01182 0.15001 2.49256
-0.901909 0.15001 -1.94514
-1.40261 0.15001 -1.14624
-2.27641 0.15001 -1.31733
-1.65947 0.15001 -1.64519
-1.73865 0.15001 -0.184029
-0.974131 0.15001 -0.0935782
-2.00414 0.15001 -0.518273
-1.82497 0.15001 2.46894
-1.93187 0.15001 1.18397
-2.13644 0.15001 1.74323
-0.645137 0.15001 -1.49561
-0.226662 0.15001 0.972854
-0.238274 0.237088 1.24778
-0.302089 0.265946 1.4504
-0.325352 0.15001 1.70397
-0.363298 0.227112 1.88339
-0.344418 0.229712 2.07804
-0.311324 0.187563 2.28797
-0.291709 0.186943 2.52178
-0.374675 0.167606 2.70384
-1.26283 0.15001 -2.84713
-0.41509 0.15001 0.92846
-0.370253 0.37425 1.28892
-0.298324 0.393165 1.63027
-0.413071 0.410606 1.96468
-0.52728 0.205856 1.99575
-0.48765 0.310094 2.17826
-0.332578 0.346021 2.3927
-0.488971 0.382789 2.70873
-0.173382 0.179557 2.84999
-0.553132 0.15001 -0.592313
-0.259799 0.423847 1.10074
-0.187522 0.441626 1.28412
-0.20574 0.485167 1.47872
-0.190902 0.548556 1.65202
-0.232774 0.403663 1.9144
-0.325533 0.412317 2.14772
-0.174759 0.367637 2.26733
-0.190302 0.382928 2.51985
-0.3476 0.29426 2.84999
-1.53168 0.15001 -2.67535
-0.178408 0.515318 0.937944
-0.34863 0.59278 1.39591
-0.363439 0.593577 1.5974
-0.373662 0.505925 1.78643
-0.275712 0.555433 2.03312
-0.281692 0.534766 2.2872
-0.336714 0.524197 2.4649
-0.340954 0.463856 2.63896
-0.167583 0.366298 2.84999
-0.61182 0.15001 -2.84653
-1.25806 0.15001 -1.5892
-0.204766 0.590519 1.17422
-0.162549 0.642428 1.36957
-0.190274 0.767435 1.73042
-0.203627 0.573263 1.8319
-0.331467 0.683499 2.17699
-0.251762 0.687806 2.42803
-0.166564 0.569307 2.54942
-0.330657 0.479062 2.84999
-0.810796 0.15001 -2.57237
-0.100132 0.689648 1.01145
-0.315286 0.78308 1.32469
-0.282709 0.782268 1.55377
-0.376016 0.729555 1.78009
-0.154003 0.713262 2.09057
-0.166505 0.700645 2.27379
-0.513003 0.797401 2.48343
-0.281355 0.674471 2.70191
-0.23168 0.816166 2.84999
-1.16195 0.15001 -2.67711
-0.444181 0.418451 0.891562
-0.272904 0.775863 1.07526
-0.137569 0.860586 1.41346
-0.176925 0.967829 1.74462
-0.331874 0.911509 1.86565
-0.238426 0.891461 2.17598
-0.18328 0.88786 2.38013
-0.154084 0.746162 2.59174
-1.99996 0.15001 2.70867
-0.975608 0.15001 -2.50011
-0.782826 0.15001 -2.07924
-0.292606 1.00837 1.34416
-0.38638 0.935757 1.6747
-0.259843 0.705276 1.93202
-0.270575 1.02006 2.02415
-0.108227 1.06821 2.27116
-2.22065 0.15001 0.276359
-0.60554 0.703838 2.67667
-0.385852 0.682569 2.84999
-0.687218 0.15001 -1.68274
-1.36141 0.15001 -1.44708
-0.427579 0.15001 -1.97908
-0.254921 1.02976 1.54899
-0.193966 1.16954 1.73325
0.113761 0.15001 -0.329102
-1.07814 0.15001 0.452765
-1.52507 0.15001 1.35157
-0.449922 0.874393 2.68776
-1.70178 0.15001 2.75168
-1.0403 0.15001 -1.83018
-0.899533 0.15001 -2.84999
-0.712775 0.15001 0.678205
-1.1669 0.15001 -0.817876
-1.42798 0.15001 1.02375
-0.894123 0.15001 1.87651
-0.788544 0.15001 2.11319
-1.63103 0.15001 1.51628
-1.93217 0.15001 2.07895
-1.60635 0.15001 2.41588
-0.805114 0.15001 -1.36154
0.0827512 0.291087 1.07197
-0.0299401 0.252573 1.23683
-0.176893 0.198814 1.58412
-0.11544 0.15001 1.8031
-0.208718 0.15001 1.9667
-0.183396 0.169893 2.16169
-0.0234642 0.235892 2.24944
-0.112366 0.161756 2.57606
-0.044418 0.27218 2.71603
-0.431149 0.15001 -2.84999
-0.0614584 0.300812 0.741835
-0.130392 0.279472 1.07429
-0.111731 0.330423 1.41522
-0.00322821 0.15001 1.65136
-0.150492 0.361249 2.07846
0.127144 0.15001 2.16307
-0.150388 0.231737 2.39755
-0.233781 0.302687 2.68633
0.0173434 0.15001 2.84999
-0.972656 0.15001 -2.68499
-0.00216762 0.446263 0.994128
0.120572 0.362 1.30169
-0.0875075 0.367306 1.61122
-0.221419 0.283074 1.76364
-0.0651242 0.263281 1.93803
0.0339552 0.414 2.10555
0.0144647 0.420318 2.29205
-0.00368389 0.352833 2.47512
0.0711022 0.335216 2.84999
-0.419227 0.15001 -0.332791
0.0213816 0.468044 0.799884
-0.00677475 0.454003 1.18523
-0.0154772 0.495578 1.36807
0.116326 0.28652 1.60018
-0.0785561 0.533599 1.9731
0.179052 0.508573 2.20837
-0.118452 0.515096 2.38312
-0.0207595 0.440149 2.64325
0.250756 0.36734 2.84999
-0.626324 0.15001 -2.58729
0.0762828 0.634413 1.07867
-0.0114067 0.155139 1.47918
-0.0239297 0.532172 1.54294
-0.0951409 0.433253 1.79291
0.207395 0.454898 2.01867
-0.131198 0.533144 2.16549
-0.00124879 0.614926 2.27656
0.0294199 0.57081 2.50784
-0.0362513 0.482732 2.84999
-1.51855 0.15001 -2.33546
0.158105 0.564358 0.916962
-0.00605113 0.641987 1.24725
0.032199 0.726735 1.41373
0.0492025 0.558022 1.81833
0.103246 0.68108 1.93678
0.0376483 0.599551 2.09174
-0.032909 0.738011 2.41808
-0.181275 0.490853 2.71154
0.240589 0.543775 2.84999
-0.838338 0.15001 -1.56469
0.0983753 0.866559 1.07706
0.171081 0.768003 1.22858
-0.110618 0.707643 1.53764
0.026192 0.885983 1.83997
-0.0244886 0.819312 2.00836
-0.0637662 0.853332 2.23506
0.125527 0.80445 2.31692
-0.0465091 0.614997 2.69095
-0.195227 0.589966 2.84999
-0.7341 0.15001 -1.86506
0.0799679 0.752696 0.911008
0.00723117 0.870563 1.25915
0.0813676 0.968298 1.41462
0.246711 0.877735 1.61461
-0.0703551 0.706904 1.86679
0.208622 0.969804 2.36636
0.0151766 0.958206 2.37556
-0.201085 0.934679 2.69547
0.388373 0.65219 2.84999
-1.04011 0.15001 -0.966755
-0.734888 0.15001 -1.01087
0.219038 0.990583 1.2544
-0.146941 0.754958 1.21628
0.136565 0.638809 1.5959
0.10223 1.04206 1.98028
-0.0725321 0.996942 2.08288
0.148554 1.15129 2.43696
0.0742404 1.02104 2.5735
-1.32888 0.15001 2.56279
-1.05709 0.15001 -1.6241
-1.5932 0.15001 -1.81839
-0.195121 0.15001 -2.61413
0.13148 0.45489 1.60305
0.0692345 0.365962 1.75064
0.05515 0.743644 2.16953
-0.0470479 0.875871 2.54362
-0.352253 0.753383 2.55786
-1.1252 0.168237 2.84935
-1.34239 0.15001 2.75151
-0.384019 0.15001 -2.66223
0.292819 0.284524 1.04228
0.280573 0.15001 1.33084
0.184123 0.15001 1.54161
0.100387 0.15001 1.95202
0.371938 0.15001 1.87583
0.315708 0.150978 2.19538
0.162008 0.286207 2.28959
0.175348 0.260029 2.47681
0.256592 0.15001 2.60792
-0.495634 0.15001 -2.15382
-0.0225074 0.228721 0.91448
0.170922 0.159232 1.17263
0.0962018 0.151423 1.34107
0.204324 0.15001 1.75623
0.261615 0.15001 2.02472
0.493309 0.223214 2.19761
0.0271657 0.152716 2.42134
0.0713119 0.151887 2.61654
0.199751 0.183575 2.84999
-0.286878 0.15001 -2.10834
0.180507 0.211716 0.901221
0.431451 0.253909 1.29863
0.358492 0.15001 1.49813
0.0476489 0.203313 1.80372
0.230022 0.272245 1.89055
-0.0314781 0.15001 2.07157
0.370814 0.293378 2.31262
0.387921 0.278471 2.64319
0.173588 0.297181 2.69536
-0.0703798 0.15001 -2.85
0.210142 0.318892 0.731941
0.296004 0.364604 1.219
-0.156838 0.15001 1.37759
0.31573 0.295117 1.60212
0.0642514 0.4083 1.92259
0.224179 0.310904 2.11864
0.174045 0.441686 2.38785
0.152538 0.424983 2.56559
0.415054 0.303457 2.84999
-0.166889 0.15001 -1.82456
0.177224 0.463604 1.09623
0.321167 0.481916 1.37136
0.228969 0.286584 1.433
0.224425 0.514485 1.81209
0.367847 0.449239 1.9358
0.358061 0.53997 2.12058
0.330985 0.539057 2.37355
0.210101 0.642875 2.53757
0.301643 0.451885 2.68543
-0.878355 0.15001 -2.32048
0.298765 0.430529 0.888388
0.168723 0.566446 1.27228
0.484312 0.298635 1.50448
0.334669 0.696784 1.67573
0.387931 0.728722 2.11356
0.285859 0.669163 2.25122
0.152012 0.625536 2.36911
0.132696 0.55421 2.68872
0.416549 0.48138 2.84999
-0.510298 0.15001 -1.63542
0.27038 0.651865 1.10806
0.339803 0.68607 1.29667
0.305115 0.504587 1.61448
0.186593 0.76817 1.77839
0.286143 0.659346 1.91565
0.213366 0.696286 2.08334
0.284087 0.767796 2.4116
0.374332 0.789731 2.58182
0.297014 0.648135 2.69391
-0.345116 0.15001 -2.27687
0.340082 0.650763 0.919782
0.328734 0.85639 1.12585
0.236851 0.61322 1.46448
0.410624 0.916501 1.7187
0.177191 0.850463 1.96561
0.312881 0.861059 2.24029
0.12649 0.833213 2.49907
0.197214 0.805029 2.66619
0.569468 0.646319 2.84999
-0.61428 0.15001 -2.00609
-0.438933 0.15001 -1.44866
0.407627 0.908671 1.30892
0.310288 1.08563 1.65379
0.15387 0.999776 1.75019
0.380916 0.814282 1.95551
0.364489 0.980541 2.07055
0.357799 1.10504 2.36592
0.272418 1.00634 2.55082
0.161387 1.02114 2.75274
-0.699651 0.15001 -2.23564
0.392424 0.15001 -1.90995
-0.713112 0.15001 -0.740006
0.206938 0.780034 1.40784
-0.0381387 0.633103 1.69018
0.287311 0.918442 1.84572
0.15727 0.880755 2.13895
-0.0668591 0.711567 2.84999
0.0225292 0.775264 2.69921
0.216505 0.726116 2.84999
0.194288 0.15001 -2.68115
0.381916 0.255415 0.856297
0.364654 0.15001 1.1641
0.516331 0.15001 1.41403
0.368717 0.15001 1.69204
0.602317 0.162215 1.94974
0.646534 0.15001 2.12476
0.525581 0.15001 2.35689
0.416291 0.150823 2.51076
0.51428 0.15001 2.67383
0.579964 0.15001 -2.67179
0.615992 0.230368 0.918517
0.585107 0.15001 1.24816
0.522301 0.15001 1.59748
0.541107 0.15001 1.78127
0.442833 0.15001 2.04348
0.669196 0.262563 2.27008
0.289461 0.15001 2.37805
0.682732 0.150247 2.75736
0.8354 0.164324 2.84999
-0.754943 0.15001 -2.74082
0.405003 0.397127 0.716592
0.452384 0.15001 0.995072
0.643863 0.275208 1.37454
0.428979 0.298123 1.77994
0.711989 0.439836 1.92764
0.407318 0.35494 2.09541
0.485499 0.42793 2.40605
0.601598 0.15001 2.51957
0.354194 0.15001 2.76773
0.11187 0.15001 -2.84999
0.613249 0.408379 0.833429
0.517056 0.259977 1.12145
0.476498 0.448667 1.63629
0.586414 0.438413 1.78751
0.530439 0.348056 1.94521
0.53593 0.39846 2.22999
0.327417 0.374865 2.49055
0.621795 0.292087 2.63765
0.515826 0.15001 2.84999
-0.427257 0.15001 -2.47992
0.371436 0.467038 1.06284
0.597416 0.595778 1.28287
0.598314 0.291895 1.66868
0.404402 0.560399 1.79278
0.548637 0.501734 2.06308
0.483577 0.573981 2.26672
0.636145 0.598911 2.38729
0.585424 0.509056 2.53974
0.497472 0.445989 2.68915
0.374416 0.15001 -2.62553
0.523384 0.527292 0.959964
0.436922 0.530547 1.22484
0.511577 0.468108 1.4346
0.565102 0.611008 1.71799
0.460165 0.636247 1.96905
0.577009 0.681728 2.13012
0.453102 0.682472 2.43629
0.391689 0.54762 2.55069
0.609914 0.473984 2.84999
-0.544786 0.15001 -2.3353
0.468741 0.581796 0.779052
0.548865 0.815977 1.19712
0.480474 0.626896 1.55527
0.473008 0.749715 1.79999
0.601845 0.772496 1.95366
0.476844 0.758467 2.27221
0.638106 0.77915 2.37634
0.595599 0.718524 2.54823
0.482343 0.651567 2.6794
0.11289 0.15001 -2.50574
0.461038 0.692799 1.07321
0.512101 0.739795 1.37593
0.364589 0.754439 1.49636
0.562082 0.838235 1.63352
0.652848 0.965233 1.76506
0.512381 0.857985 2.09551
0.395141 0.91658 2.43089
0.46256 0.809438 2.79507
0.854943 0.462826 2.84999
-0.252107 0.15001 -2.8016
-0.178521 0.15001 -1.42673
-0.329294 0.15001 -1.6105
0.583563 0.923256 1.41842
0.470528 1.10305 1.79516
0.515601 0.912496 1.88098
0.578457 0.932504 2.43804
0.905584 0.848151 2.57376
0.50799 0.931226 2.61331
0.538553 0.977367 2.84999
-0.551187 0.15001 -1.82773
0.411057 0.15001 -2.10765
-0.920442 0.15001 -1.13175
0.758076 0.15001 -1.22132
0.427237 0.916594 1.5249
0.699069 0.68763 1.60474
0.487921 0.936676 2.264
0.318963 0.901848 2.75107
0.078827 0.608058 2.84999
0.743107 0.583936 2.84999
0.294551 0.15001 -2.43976
0.672737 0.154326 1.08283
0.749064 0.261815 1.22035
0.680199 0.15001 1.50236
0.710861 0.15001 1.69217
0.693129 0.275966 1.83215
0.82894 0.163464 2.17253
0.874407 0.249818 2.34482
0.76778 0.189446 2.58659
0.924291 0.161082 2.67623
0.881583 0.15001 -2.84971
-0.247078 0.15001 -2.434
0.861791 0.197674 1.08909
1.00859 0.15001 1.36503
0.87374 0.206864 1.78549
0.77719 0.239276 1.99715
1.01047 0.15492 2.25655
0.734507 0.15001 2.40112
1.00538 0.384761 2.68222
1.01139 0.150843 2.84999
0.535777 0.234647 0.728878
0.67882 0.38892 1.03017
0.659506 0.420656 1.22669
0.783755 0.15001 1.34652
0.776078 0.402633 1.72456
0.891331 0.385473 1.86659
0.667716 0.357109 2.09725
0.807233 0.384891 2.23079
0.767749 0.452315 2.53532
0.943886 0.324022 2.84999
0.048395 0.15001 -2.14477
0.735529 0.234658 0.76198
0.851402 0.413545 1.1217
0.734482 0.442767 1.44544
0.966218 0.546677 1.76916
0.729167 0.606634 2.04796
0.847245 0.564233 2.18572
0.676932 0.41355 2.37826
0.951743 0.507298 2.54897
0.817151 0.353675 2.68284
0.483477 0.15001 -2.85
0.633998 0.588478 1.10014
0.776148 0.576178 1.23752
0.682612 0.51049 1.61572
0.77571 0.586964 1.78475
0.889492 0.584541 1.94489
0.668091 0.529738 2.2156
0.830733 0.597729 2.3728
0.661426 0.584593 2.68922
0.589516 0.303167 2.84999
0.295382 0.15001 -2.84999
0.761317 0.538343 0.919345
0.720044 0.767103 1.10993
0.703499 0.77765 1.32889
0.963966 0.735636 1.83789
0.623012 0.599073 1.89435
0.744322 0.71446 2.24146
0.765368 0.64542 2.53699
0.808419 0.745213 2.68931
0.855776 0.564277 2.69178
0.732774 0.41592 0.670438
0.790332 0.74527 0.922236
0.897919 0.805227 1.36748
0.880681 0.706223 1.65822
0.667052 0.758686 1.77584
0.789332 0.749554 1.92561
0.718895 0.821455 2.09046
0.83306 0.812096 2.39426
0.98844 0.897528 2.74107
0.756324 0.324171 2.84999
-0.126122 0.15001 -2.02177
-0.1215 0.15001 -2.22959
0.694709 0.956518 1.21686
0.772298 0.981998 1.41391
0.926339 0.411206 1.47893
0.764972 0.972205 1.93498
0.67827 0.925587 2.25679
0.710068 0.883306 2.56032
0.623013 0.79996 2.71112
0.921104 0.748728 2.84999
-0.00193406 0.15001 -2.6582
0.0436366 0.15001 -2.3286
0.894752 0.704211 1.19373
0.76317 0.291007 1.57561
0.64175 0.593919 1.45631
0.830839 0.843175 1.76492
0.814394 1.06745 2.14534
0.812624 1.02292 2.3665
0.861117 1.05713 2.76638
2.19175 0.15001 2.2676
-0.0730454 0.15001 -2.47637
-0.577703 0.15001 -1.31127
-0.576474 0.15001 0.0282472
0.507008 0.15001 0.23815
0.88788 0.239048 1.45255
1.06967 0.728254 1.99575
0.637352 0.984081 2.07112
1.03773 0.835021 2.25855
0.727686 0.754799 2.84999
1.28115 0.424535 2.84999
0.231038 0.15001 -2.24555
0.860364 0.15001 0.891582
0.958493 0.282959 1.23905
1.06429 0.183747 1.61487
0.879001 0.15001 1.60431
1.06784 0.189398 1.80762
0.96474 0.287417 2.11711
1.01376 0.155933 2.45401
0.913529 0.301712 2.52932
1.10312 0.218492 2.69098
0.693422 0.15001 -2.85
0.57779 0.15001 -1.87117
1.18386 0.164441 1.43442
1.25031 0.15001 1.66801
1.25631 0.209791 1.85469
0.941044 0.151724 1.96359
1.17665 0.164922 2.16778
1.11502 0.422827 2.52048
1.29935 0.185593 2.67843
1.18486 0.15001 2.84999
0.494533 0.15001 -2.48003
1.04321 0.252069 1.05905
0.851545 0.418914 1.30766
1.07037 0.307073 1.46438
0.957163 0.353783 1.66264
1.03245 0.412901 1.98982
0.994439 0.449363 2.22524
1.0988 0.342681 2.3457
0.907661 0.427643 2.38882
1.11953 0.330724 2.84999
0.688084 0.15001 -2.50716
1.00544 0.280977 0.86085
1.18989 0.546191 1.43785
1.10878 0.518223 1.63627
1.08943 0.392063 1.79812
0.849958 0.428891 2.05217
1.14643 0.353019 2.1531
1.05526 0.572178 2.40586
1.13 0.52636 2.69054
1.00139 0.555694 2.84999
1.08105 0.15001 -2.53307
0.970062 0.43685 0.972324
1.05783 0.448605 1.28546
0.952 0.599694 1.33989
0.875389 0.526376 1.60933
1.08344 0.57254 1.90974
1.01135 0.583885 2.09706
0.969297 0.671639 2.27072
0.953623 0.687012 2.51917
1.48416 0.201129 2.84999
0.907151 0.285629 0.693094
1.14682 0.492977 0.901691
1.12084 0.758326 1.38905
1.22298 0.705718 1.55528
1.22073 0.569184 1.78778
0.887775 0.733117 2.09277
1.1576 0.555738 2.2516
1.23793 0.653655 2.40253
1.15094 0.673327 2.57096
1.3229 0.636016 2.84999
0.61742 0.15001 -2.29879
0.908298 0.465126 0.782694
0.893143 0.592831 1.0506
0.83234 0.656412 1.47403
1.10402 0.710218 1.7105
1.28642 0.774277 1.84638
0.861179 0.887184 2.20967
1.09176 0.782053 2.4295
1.02252 0.687964 2.70774
2.5403 0.15001 1.77235
1.53626 0.15001 -2.45553
0.97432 0.808878 1.01267
1.07761 0.681964 1.20974
1.12853 0.944427 1.58052
1.11376 0.8843 1.82509
1.25612 0.645169 1.9853
1.15075 0.726131 2.16234
1.22983 0.842665 2.30215
1.13371 0.883998 2.60501
1.3208 0.250615 2.84999
-2.03315 0.15001 -0.823639
0.996431 0.641143 0.89115
1.07972 0.88756 1.22089
1.00607 0.963434 1.41048
0.0875971 0.15001 -1.1468
1.83133 0.15001 1.96582
1.10356 0.955984 2.11913
1.01355 0.961863 2.45349
1.98616 0.15001 1.67393
2.28685 0.15001 2.5683
-0.146959 0.15001 -1.63728
1.93071 0.15001 -2.46468
0.0216168 0.15001 -1.92224
0.225809 0.15001 -2.02753
1.40284 0.541396 2.07488
0.588415 0.15001 -0.733578
1.64487 0.15001 0.58388
1.08482 0.15001 -0.560811
1.95668 0.15001 2.11036
1.84962 0.15001 2.6077
2.06608 0.15001 -2.84052
0.937825 0.15001 -0.410914
1.9663 0.15001 0.988054
1.34139 0.236076 1.51763
1.09957 0.15001 -1.86346
1.29954 0.224532 2.03582
1.12066 0.15001 -1.60847
1.99273 0.15001 -1.22238
1.17523 0.24315 2.52257
2.43951 0.15001 0.599322
2.85 0.15001 -2.84999
1.74779 0.15001 -2.35341
1.29242 0.289672 1.10491
0.0536542 0.15001 -1.44051
1.52188 0.26155 1.5854
1.49242 0.230329 2.05923
1.5886 0.246269 2.23249
1.22571 0.186309 2.35196
1.80439 0.15001 2.33611
2.30604 0.15001 2.81967
1.22452 0.15001 -2.63713
1.14704 0.233559 1.23299
1.32857 0.180904 1.30735
1.19706 0.349725 1.59016
1.41614 0.23932 1.74759
1.11219 0.232301 1.99307
1.36967 0.217176 2.22308
1.46533 0.30668 2.37038
1.36064 0.291072 2.52757
1.46143 0.331072 2.69729
0.59842 0.15001 -2.08006
2.59673 0.15001 -2.84993
1.47137 0.293348 1.20923
1.59319 0.15001 -2.23108
1.47489 0.476804 1.75295
1.41109 0.358785 1.91425
1.66185 0.344534 2.05762
1.28471 0.402746 2.28839
1.55929 0.233587 2.54743
1.7273 0.15001 2.84928
1.20343 0.308315 0.827079
1.13357 0.427466 1.10144
1.24326 0.364937 1.36938
1.31872 0.504703 1.58849
1.28711 0.389061 1.75234
1.22292 0.39262 1.93679
1.35311 0.378847 2.11454
1.2941 0.474869 2.46608
1.2931 0.428652 2.65822
2.5202 0.15001 1.53651
1.26543 0.15001 -2.83974
1.57171 0.15001 -1.67415
1.37812 0.472856 1.16237
1.54036 0.443006 1.33589
1.63531 0.368184 1.72302
1.55396 0.492973 1.96531
1.3496 0.607839 2.25471
1.47612 0.503718 2.35992
1.48218 0.461931 2.54902
2.15969 0.15001 2.06364
1.06745 0.15001 -2.84973
1.16469 0.635849 1.0424
1.221 0.557509 1.24151
1.42875 0.692212 1.52221
1.373 0.655646 1.70811
1.38223 0.55825 1.8899
1.18406 0.512181 2.07437
1.43857 0.701637 2.41479
1.45299 0.555981 2.72541
1.98508 0.15001 2.84262
2.33348 0.15001 -2.84999
1.71755 0.15001 -2.53455
1.43557 0.648769 1.27409
0.187756 0.15001 -1.01919
1.48842 0.755325 1.84459
1.54749 0.672105 2.07919
2.57013 0.15001 0.451232
1.2918 0.830275 2.49302
1.34217 0.642205 2.58481
1.23026 0.763074 2.73226
0.798948 0.15001 -2.67117
1.43726 0.15001 -2.0865
1.25766 0.763685 1.21683
1.69248 0.15001 1.32413
1.28468 0.862433 1.6743
1.40457 0.878627 1.99821
1.39565 0.812115 2.20073
2.03063 0.15001 1.86978
2.26923 0.15001 1.51527
2.5768 0.15001 2.36684
0.82638 0.15001 -2.20418
-0.368991 0.15001 -1.79422
1.76218 0.15001 -2.10556
0.167907 0.15001 -1.78127
-0.154456 0.15001 -0.973693
2.12684 0.15001 1.30471
1.86157 0.15001 -0.929878
1.20674 0.15001 -1.19548
2.0392 0.15001 2.40896
2.25972 0.15001 1.17545
1.87056 0.15001 -2.84933
1.45851 0.15001 -2.83432
1.94618 0.15001 -2.18597
2.4842 0.15001 -2.42361
0.508965 0.15001 -1.69052
0.983163 0.15001 -2.07843
0.977796 0.15001 -1.11908
2.32456 0.15001 -1.1669
2.43957 0.15001 -0.282741
2.77344 0.15001 1.43125
2.84756 0.15001 -2.66405
2.84999 0.15001 -2.10927
2.40688 0.15001 -2.18198
2.84606 0.15001 -1.45261
2.84999 0.15001 -1.26472
2.57275 0.15001 -1.56112
2.81292 0.15001 -0.892096
2.84335 0.15001 0.194702
2.84994 0.15001 1.62739
2.57859 0.15001 2.84274
1.7048 0.15001 -2.75406
2.13898 0.15001 -2.45446
2.66783 0.15001 -1.97916
2.84648 0.15001 -1.85796
1.65377 0.15001 -1.89613
1.39313 0.15001 -1.26396
1.59236 0.15001 -1.12107
2.82143 0.15001 -1.08091
2.40055 0.15001 -0.486494
2.79075 0.15001 2.63007
2.84999 0.15001 -2.30268
2.32201 0.15001 -2.54306
2.84999 0.15001 -1.64818
2.57451 0.15001 -1.76171
2.25964 0.15001 -1.39656
2.478 0.15001 -1.91839
2.66593 0.15001 -0.687417
1.59433 0.15001 -0.643226
2.78222 0.15001 0.482651
2.60872 0.15001 -0.396484
0.88045 0.15001 -2.49117
2.48897 0.15001 -2.65434
2.64205 0.15001 -2.55029
2.36518 0.15001 -1.74048
1.97192 0.15001 -1.96715
1.57144 0.246205 1.87589
2.51987 0.15001 -0.882321
2.84999 0.15001 -0.669736
2.82639 0.15001 -0.479249
2.84872 0.15001 2.06179
1.89054 0.15001 -2.65581
1.41029 0.15001 -2.65024
1.66288 0.341629 1.47038
1.52348 0.492436 1.56212
1.39847 0.15001 -1.6092
1.14183 0.15001 -1.35443
1.54057 0.460896 2.17766
2.64771 0.15001 2.02916
2.84654 0.15001 0.800257
2.83234 0.15001 2.83155
1.30752 0.15001 -2.43818
1.27509 0.15001 -2.22265
2.6423 0.15001 -2.17681
2.36592 0.15001 -1.55736
2.25449 0.15001 -1.8813
0.899156 0.15001 -1.63894
1.6477 0.15001 -1.42129
0.774731 0.15001 -0.522805
2.28997 0.15001 -0.185326
1.62471 0.450883 2.71239
2.84999 0.15001 -2.48208
2.17949 0.15001 -2.06412
2.1096 0.15001 -2.26575
0.658624 0.15001 -1.57874
0.333777 0.15001 -1.44295
0.758906 0.15001 -2.02196
1.81614 0.15001 -1.30612
2.55075 0.15001 -1.16417
2.55186 0.15001 1.03061
2.40302 0.15001 2.22179
0.966155 0.15001 -2.32018
-0.398631 0.15001 -1.09543
1.18582 0.15001 -2.06371
1.22828 0.15001 -1.74217
-0.324283 0.15001 -0.893446
0.537612 0.15001 -1.38208
0.82628 0.15001 -1.43549
2.32782 0.15001 -0.909384
2.15658 0.15001 -1.02162
1.23289 0.15001 -0.919918
2.19888 0.15001 -2.6827
2.29178 0.15001 -2.33926
1.87235 0.15001 -1.78438
0.280681 0.15001 -1.63075
0.0439063 0.15001 -1.61485
1.772 0.15001 1.05887
1.01698 0.15001 -0.860288
1.53581 0.15001 -0.345061
2.32542 0.15001 1.71237
2.30702 0.15001 1.91338
