1000 0.1
-1.75471 0.15001 -2.35476
-2.12977 0.15001 -2.69064
-1.65378 0.15001 -2.196
-1.37966 0.15001 -2.37103
-1.93162 0.15001 -1.74342
-0.741094 0.15001 1.47807
-2.72686 0.15001 -0.596502
-2.75196 0.15001 0.446294
-2.18274 0.15001 -0.532734
-2.52752 0.15001 1.26847
-1.84935 0.15001 -2.84999
-2.66306 0.15001 -2.68218
-2.60993 0.15001 -2.49332
-2.08197 0.15001 -2.24574
-2.79263 0.15001 -1.85062
-2.80394 0.15001 -1.49457
-2.53825 0.15001 -0.830643
-2.70949 0.15001 -0.792435
-2.82086 0.15001 1.87549
-2.45698 0.15001 2.6956
-2.03393 0.15001 -2.84999
-2.84999 0.15001 -2.73107
-2.15895 0.15001 -2.40372
-1.56987 0.15001 -0.795837
-2.76375 0.15001 -2.21429
-2.27594 0.15001 -0.879159
-1.26338 0.15001 0.36349
-1.47621 0.15001 0.279015
-2.75232 0.15001 2.3743
-2.82786 0.15001 2.06615
-1.94308 0.15001 -2.69022
-2.48965 0.15001 -2.64421
-2.32382 0.15001 -2.32946
-2.81227 0.15001 -1.67282
-2.84853 0.15001 -1.31949
-2.63336 0.15001 -1.73699
-2.78775 0.15001 -1.01
-2.75918 0.15001 0.102377
-2.75186 0.15001 1.23549
-2.36652 0.15001 1.84617
-1.19118 0.15001 -2.41256
-1.01152 0.15001 -1.32949
-1.27141 0.15001 -1.00394
-1.42975 0.15001 -1.83988
-1.52403 0.15001 -2.02336
-0.771536 0.370016 1.94175
-2.70533 0.15001 -1.19597
-2.66141 0.15001 -0.393146
-2.37229 0.15001 0.119557
-2.84892 0.15001 2.83285
-2.54979 0.15001 -2.84921
-1.13662 0.15001 -2.05773
-1.9438 0.15001 -2.36444
-2.80062 0.15001 -2.56339
-2.62656 0.15001 -1.93002
-2.43143 0.15001 -1.46645
-2.62118 0.15001 -1.55009
-2.66694 0.15001 1.42078
-2.64929 0.15001 1.96545
-2.65619 0.15001 2.64356
-1.6684 0.15001 -2.52703
-2.03531 0.15001 -2.53205
-2.30105 0.15001 -2.62097
-2.42484 0.15001 -2.47559
-2.46735 0.15001 -1.83154
-2.08171 0.15001 -1.86939
-2.4602 0.15001 -1.64977
-2.50837 0.15001 -0.528633
-2.7824 0.15001 0.641983
-2.37822 0.15001 2.31887
-2.21677 0.15001 -2.84999
-1.85024 0.15001 -2.52509
-1.75955 0.15001 -2.68888
-2.76393 0.15001 -2.3919
-2.78954 0.15001 -2.03403
-2.26946 0.15001 -1.80921
-2.36925 0.15001 -0.113993
-2.83942 0.15001 -0.208517
-2.75048 0.15001 1.65298
-2.83565 0.15001 2.54519
-1.25271 0.15001 -1.78934
-1.33031 0.15001 -2.01303
-1.4795 0.15001 -2.20664
-2.59201 0.15001 -2.30333
-2.44142 0.15001 -2.19282
-2.59518 0.15001 -1.00951
-2.39759 0.15001 -1.05056
-2.64689 0.15001 -1.37053
-2.38234 0.15001 0.729305
-2.44187 0.15001 1.49762
-1.13523 0.15001 -2.24742
-2.38276 0.15001 -2.78795
-2.72629 0.15001 -2.84999
-2.60977 0.15001 -2.11426
-1.8492 0.15001 -2.18294
-2.04795 0.15001 -1.49094
-2.24372 0.15001 -1.45061
-1.47879 0.15001 -0.115024
-2.5698 0.15001 -0.0653677
-2.50078 0.15001 0.888219
-1.39142 0.15001 -2.69738
-0.384407 0.15001 1.13917
-0.494879 0.15001 1.3915
-0.440998 0.236298 1.59794
-0.515033 0.286813 1.80415
-0.694964 0.15001 1.85943
-1.11564 0.15001 1.32636
-0.480836 0.195969 2.35096
-0.464686 0.246324 2.54099
-0.59385 0.222611 2.68204
-1.66471 0.15001 -2.84999
-0.527424 0.253858 1.05945
-0.887668 0.15001 -0.936443
-0.605963 0.337021 1.48731
-0.633083 0.227653 1.66315
-1.85228 0.15001 0.239087
-0.651237 0.219745 2.24231
-0.639981 0.252606 2.44075
-0.676383 0.383431 2.57766
-0.517521 0.15001 2.84999
-1.11175 0.15001 -2.84429
-0.552811 0.298349 1.25025
-0.527842 0.496498 1.33086
-0.417255 0.416986 1.47838
-0.493455 0.417737 1.66339
-0.56391 0.467993 1.85104
-1.94275 0.15001 0.743191
-0.463477 0.454588 2.30388
-0.502006 0.432385 2.49954
-0.620784 0.351965 2.84999
-1.47974 0.15001 -2.84999
-0.740208 0.15001 -2.49223
-1.90261 0.15001 -1.99025
-0.568261 0.546772 1.53225
-0.689073 0.443369 1.68903
-0.591669 0.385481 2.02449
-0.637436 0.434943 2.20348
-0.673263 0.453239 2.39214
-0.802827 0.246941 2.54291
-0.502793 0.514 2.84999
-0.889453 0.15001 -1.82709
-0.456524 0.425358 1.10621
-0.500018 0.705251 1.34998
-0.469233 0.753978 1.60985
-0.543787 0.627542 1.74197
-0.442079 0.615984 1.93565
-0.467923 0.538671 2.11892
-0.430768 0.648088 2.34732
-0.447189 0.606553 2.59844
-0.775364 0.260738 2.74333
-0.979031 0.15001 -2.1782
-1.19779 0.15001 -1.25922
-2.43993 0.15001 -2.01157
-0.635054 0.7357 1.50009
-2.27271 0.15001 -1.62796
-0.623824 0.634852 2.02654
-0.609124 0.625608 2.25946
-0.598715 0.618142 2.4673
-2.20701 0.15001 0.803078
-2.14115 0.15001 2.83464
-0.978595 0.15001 -1.52523
-1.30811 0.15001 -2.54156
-0.395066 0.590146 1.20146
-0.413962 0.886649 1.46693
-2.50574 0.15001 -1.21954
-0.371198 0.789694 2.02997
-0.506245 0.749054 2.15064
-0.368476 0.839417 2.32685
-0.658402 0.504468 2.72292
-2.62827 0.15001 2.84999
-1.48611 0.15001 -2.53053
-1.53246 0.15001 -1.668
-1.71354 0.15001 -2.01699
-1.8667 0.15001 -1.57276
-2.09839 0.15001 -1.68073
-0.553673 0.858241 1.9843
-0.572361 0.839226 2.31099
-2.33743 0.15001 -0.394973
-0.938151 0.15001 1.35881
-2.56698 0.15001 2.46474
-1.30314 0.15001 -2.19796
-1.1536 0.15001 -1.47472
-2.2452 0.15001 -1.98993
-1.78684 0.15001 -1.83938
-2.24459 0.15001 -2.16936
-2.06658 0.15001 -2.0641
-0.425591 0.943714 2.15247
-2.08049 0.15001 1.1328
-1.98408 0.15001 1.48972
-2.0453 0.15001 2.49165
-0.952391 0.15001 -2.00022
-1.38877 0.15001 -1.15985
-2.33151 0.15001 -1.2942
-1.70776 0.15001 -1.65724
-1.74535 0.15001 -0.205145
-0.96091 0.15001 0.0686372
-2.09292 0.15001 -0.368212
-1.82993 0.15001 2.47988
-1.9217 0.15001 1.27757
-2.12833 0.15001 1.87569
-0.639589 0.15001 -1.62694
-0.238667 0.15001 0.963797
-0.222558 0.217469 1.26752
-0.299959 0.258815 1.45243
-0.31441 0.15001 1.70724
-0.361057 0.218469 1.88362
-0.341353 0.221877 2.07751
-0.308267 0.183349 2.28465
-0.288861 0.182136 2.52343
-0.37228 0.16368 2.70417
-1.29078 0.15001 -2.84999
-0.428673 0.15001 0.933443
-0.367259 0.365366 1.29034
-0.29648 0.387403 1.63069
-0.409048 0.40314 1.96473
-0.524527 0.198879 1.99729
-0.484446 0.302175 2.17753
-0.329253 0.338928 2.3927
-0.4819 0.377299 2.70531
-0.168527 0.179266 2.84999
-0.4657 0.15001 -0.841472
-0.25656 0.418895 1.10447
-0.185571 0.433431 1.28606
-0.202045 0.476552 1.48304
-0.175905 0.549687 1.66031
-0.228823 0.400696 1.91021
-0.3226 0.406035 2.14708
-0.172024 0.360574 2.26568
-0.189601 0.376202 2.52097
-0.342128 0.291109 2.84999
-1.57548 0.15001 -2.68952
-0.175906 0.505343 0.940416
-0.345195 0.583909 1.39657
-0.356743 0.583638 1.59862
-0.370521 0.498235 1.78579
-0.273652 0.553827 2.02924
-0.27928 0.524961 2.28997
-0.334076 0.514831 2.46722
-0.332827 0.45954 2.64203
-0.156477 0.368929 2.84999
-0.606824 0.15001 -2.84999
-1.31396 0.15001 -1.60161
-0.202543 0.586326 1.18487
-0.160531 0.638279 1.37588
-0.190966 0.756805 1.73278
-0.206158 0.569628 1.8371
-0.328271 0.671957 2.17868
-0.255003 0.67904 2.43205
-0.164935 0.560799 2.55154
-0.314841 0.482975 2.84999
-0.854239 0.15001 -2.63137
-0.0988863 0.679471 1.0127
-0.315271 0.772264 1.32494
-0.278315 0.770152 1.55455
-0.37329 0.719728 1.78276
-0.15258 0.704971 2.09409
-0.166468 0.691012 2.27807
-0.499666 0.78217 2.48602
-0.288297 0.679392 2.69196
-0.227015 0.80443 2.84999
-1.20474 0.15001 -2.68828
-0.443845 0.41028 0.891011
-0.267008 0.765496 1.07992
-0.137346 0.849467 1.41445
-0.178377 0.958561 1.74511
-0.331446 0.902735 1.86512
-0.234985 0.882433 2.17753
-0.182119 0.876709 2.37626
-0.147703 0.736739 2.58745
-1.99045 0.15001 2.70601
-1.01822 0.15001 -2.47725
-0.80578 0.15001 -2.16363
-0.293159 0.998392 1.3455
-0.38557 0.925734 1.6753
-0.247323 0.708712 1.93112
-0.270357 1.00885 2.02451
-0.105462 1.05648 2.27219
-2.23464 0.15001 0.406173
-0.60233 0.691467 2.67518
-0.375084 0.671119 2.84999
-0.70335 0.15001 -1.7976
-1.36677 0.15001 -1.41034
-0.450257 0.15001 -2.07183
-0.255844 1.02017 1.54918
-0.193817 1.15839 1.73337
-0.0134549 0.15001 -0.183121
-1.19849 0.15001 0.552196
-1.52209 0.15001 1.42663
-0.448314 0.86437 2.6857
-1.69577 0.15001 2.76167
-1.07995 0.15001 -1.86544
-0.93865 0.15001 -2.82114
-0.766086 0.15001 0.319022
-1.09988 0.15001 -0.892417
-1.42696 0.15001 1.08674
-0.924182 0.15001 1.91803
-0.789787 0.15001 2.0886
-1.61962 0.15001 1.6036
-1.95834 0.15001 2.07449
-1.58405 0.15001 2.45865
-0.74716 0.15001 -1.39632
0.0840334 0.28114 1.07412
-0.0283322 0.242883 1.23789
-0.174539 0.194668 1.58672
-0.0965317 0.15001 1.80463
-0.203318 0.15001 1.96236
-0.179453 0.165037 2.15928
-0.0225764 0.228208 2.25062
-0.109847 0.158624 2.57621
-0.041592 0.268845 2.7154
-0.432016 0.15001 -2.84999
-0.0618326 0.290864 0.742805
-0.129115 0.270887 1.0767
-0.117309 0.319752 1.40839
0.00172042 0.15001 1.65129
-0.150369 0.356897 2.07723
0.12556 0.150017 2.15896
-0.150027 0.226178 2.3975
-0.229785 0.299321 2.68946
0.0223957 0.15001 2.84999
-1.0284 0.15001 -2.66451
-0.00125881 0.435492 0.998135
0.123596 0.35165 1.30129
-0.087631 0.362802 1.61068
-0.209924 0.279678 1.76734
-0.0666797 0.270301 1.93776
0.0343404 0.408997 2.10518
0.0144896 0.412464 2.29464
-0.00375664 0.34882 2.47976
0.0738161 0.329916 2.84999
-0.511844 0.15001 -0.651779
0.0222869 0.459876 0.803821
-0.00446066 0.446969 1.18996
-0.0192567 0.489826 1.37508
0.12734 0.272071 1.64693
-0.0743825 0.527927 1.97608
0.179246 0.500124 2.21195
-0.116884 0.508696 2.38597
-0.0289845 0.438894 2.6485
0.253929 0.365562 2.84999
-0.613429 0.15001 -2.65479
0.0756955 0.624131 1.08139
0.0476046 0.252311 1.48581
-0.0168551 0.526579 1.55397
-0.0833342 0.428071 1.7918
0.19916 0.462846 2.02202
-0.130956 0.526216 2.16559
-0.000407537 0.607408 2.27718
0.0317509 0.561237 2.50844
-0.0203116 0.480872 2.84999
-1.56978 0.15001 -2.36822
0.158824 0.555619 0.920213
-0.00857083 0.634331 1.24836
0.0387086 0.719778 1.41113
0.0463473 0.557779 1.80172
0.106403 0.661742 1.93405
0.0411032 0.613683 2.10077
-0.0303654 0.732272 2.4185
-0.183035 0.505972 2.71934
0.232713 0.543148 2.84999
-0.831964 0.15001 -1.64709
0.0987207 0.854864 1.07976
0.17307 0.759551 1.2344
-0.109155 0.691435 1.53722
0.0290308 0.875126 1.84705
-0.0163777 0.799498 2.01439
-0.0565033 0.833295 2.23026
0.124069 0.789308 2.3071
-0.0374735 0.617339 2.6891
-0.166643 0.609496 2.84999
-0.759009 0.15001 -1.97623
0.0804256 0.742862 0.913425
0.00943575 0.858408 1.25952
0.0806711 0.95784 1.41184
0.250404 0.868346 1.61704
-0.0653836 0.697123 1.8726
0.205998 0.957096 2.3676
0.0151364 0.944906 2.37539
-0.201517 0.923776 2.69811
0.376324 0.651098 2.84999
-1.03444 0.15001 -1.0692
-0.715294 0.15001 -1.10427
0.219217 0.981423 1.25469
-0.148589 0.752307 1.22537
-0.0142978 0.822487 1.62454
0.102102 1.03161 1.98094
-0.0726071 0.986601 2.08328
0.148486 1.13957 2.43761
0.0745322 1.00817 2.57286
-1.36646 0.15001 2.57256
-1.10159 0.15001 -1.67701
-1.60964 0.15001 -1.8433
-0.161467 0.15001 -2.65324
0.142109 0.569025 1.63428
0.0898697 0.417602 1.71189
0.0991091 0.835838 2.13864
-0.0585103 0.877409 2.53322
-0.332595 0.782394 2.55405
-1.02812 0.216802 2.84971
-1.18288 0.15001 2.79807
-0.361783 0.15001 -2.68696
0.292722 0.275202 1.04533
0.277809 0.15001 1.33616
0.18578 0.15001 1.5589
0.0938511 0.15001 1.93011
0.372307 0.15001 1.87678
0.310509 0.150522 2.1897
0.1627 0.282367 2.28653
0.180544 0.251829 2.47279
0.259128 0.15001 2.61094
-0.523753 0.15001 -2.24876
-0.0195898 0.222626 0.916513
0.169763 0.155605 1.18106
0.0926545 0.15001 1.34914
0.196748 0.15001 1.76204
0.252537 0.15001 2.01862
0.488225 0.214318 2.20215
0.0277383 0.151047 2.42305
0.0737663 0.150528 2.61547
0.206271 0.179981 2.84999
-0.266121 0.15001 -2.10923
0.18223 0.206079 0.903383
0.430607 0.259798 1.30549
0.353319 0.15001 1.50506
0.0464534 0.257694 1.79989
0.232632 0.276445 1.88819
-0.0289596 0.15001 2.06426
0.358457 0.302491 2.29723
0.39584 0.277765 2.64324
0.174019 0.292521 2.69856
-0.0638848 0.15001 -2.84824
0.210854 0.30938 0.733582
0.295642 0.355216 1.21949
-0.100295 0.15001 1.41354
0.302233 0.29657 1.62469
0.0721731 0.412367 1.90583
0.223667 0.313249 2.11376
0.174181 0.435323 2.39012
0.152193 0.416059 2.56719
0.423765 0.303411 2.84999
-0.165917 0.15001 -1.94314
0.177905 0.453738 1.09753
0.318593 0.479029 1.36821
0.235993 0.282694 1.44601
0.220726 0.516449 1.81459
0.360569 0.443539 1.94072
0.360483 0.533992 2.12203
0.330507 0.534045 2.37326
0.212086 0.634059 2.53793
0.301522 0.446363 2.68425
-0.88555 0.15001 -2.34215
0.300078 0.42212 0.892067
0.166316 0.559847 1.27146
0.450706 0.299501 1.50608
0.338431 0.688028 1.67644
0.381704 0.724201 2.10943
0.284127 0.660346 2.24847
0.152099 0.618834 2.37039
0.132504 0.544145 2.69284
0.409222 0.479556 2.84999
-0.474382 0.15001 -1.72356
0.26885 0.645403 1.10947
0.339597 0.676147 1.29633
0.294857 0.494197 1.61913
0.188106 0.757716 1.77592
0.28621 0.656015 1.9238
0.202577 0.706227 2.08996
0.283377 0.759212 2.40908
0.372112 0.779934 2.57975
0.296369 0.640819 2.6937
-0.346797 0.15001 -2.29823
0.340142 0.64121 0.922416
0.328497 0.846894 1.12728
0.236689 0.620915 1.46101
0.406165 0.905315 1.73036
0.185735 0.846001 1.96165
0.311343 0.850451 2.23964
0.125358 0.822048 2.49783
0.199086 0.798345 2.66928
0.550328 0.634845 2.84999
-0.634768 0.15001 -2.1133
-0.470666 0.15001 -1.52659
0.409282 0.898442 1.30774
0.309642 1.07551 1.65505
0.160383 0.984913 1.75667
0.382907 0.808447 1.94913
0.366625 0.966344 2.07118
0.356794 1.09346 2.36647
0.271939 0.994496 2.54555
0.162621 1.01076 2.75012
-0.697094 0.15001 -2.31389
0.452764 0.15001 -1.91063
-0.610883 0.15001 -0.951589
0.20775 0.792195 1.41893
-0.0329174 0.651231 1.6883
0.303907 0.951532 1.87399
0.201434 0.979626 2.16914
-0.0473608 0.748162 2.84999
0.021686 0.779372 2.67325
0.213974 0.731433 2.84999
0.23726 0.15001 -2.65884
0.384409 0.246176 0.860819
0.366287 0.15001 1.17425
0.509777 0.15001 1.41835
0.367424 0.15001 1.69525
0.597876 0.15904 1.94867
0.642346 0.15001 2.12297
0.527324 0.15001 2.36027
0.416641 0.15001 2.51269
0.524911 0.15001 2.66778
0.59928 0.15001 -2.67603
0.61756 0.221367 0.922355
0.578073 0.15001 1.25355
0.517379 0.15001 1.59639
0.53942 0.15001 1.77976
0.438802 0.15001 2.04409
0.670936 0.255265 2.26971
0.303051 0.15001 2.37222
0.685162 0.15001 2.75924
0.836061 0.165887 2.84999
-0.766319 0.15001 -2.788
0.404464 0.388062 0.719335
0.455087 0.15001 1.00653
0.632258 0.280114 1.3794
0.421335 0.299902 1.78499
0.70843 0.43214 1.92562
0.409441 0.348599 2.0962
0.485013 0.421856 2.40398
0.591759 0.202547 2.51426
0.361412 0.15001 2.76591
0.151081 0.15001 -2.84999
0.61299 0.399288 0.836513
0.518756 0.267459 1.12704
0.467093 0.446171 1.63869
0.587573 0.425947 1.78318
0.527283 0.346304 1.94288
0.537555 0.389681 2.22972
0.328666 0.368402 2.48925
0.629536 0.301257 2.66483
0.519586 0.15001 2.84999
-0.359645 0.15001 -2.49792
0.372042 0.459157 1.06656
0.601139 0.582289 1.2885
0.5931 0.288419 1.66831
0.4006 0.551968 1.79691
0.549158 0.494833 2.06377
0.484656 0.567145 2.26807
0.636947 0.592808 2.38784
0.585099 0.500921 2.53988
0.494941 0.443872 2.69002
0.42681 0.15001 -2.64701
0.52506 0.518426 0.963479
0.441728 0.524319 1.22539
0.51885 0.46245 1.44169
0.562089 0.598599 1.72294
0.460089 0.629078 1.97029
0.575573 0.672913 2.13018
0.45339 0.676418 2.43528
0.39216 0.54108 2.54939
0.600659 0.470116 2.84999
-0.554336 0.15001 -2.4535
0.468272 0.571214 0.782664
0.549754 0.804541 1.19815
0.481631 0.621922 1.55965
0.476949 0.742739 1.80092
0.600421 0.769249 1.9487
0.475766 0.752297 2.27044
0.634408 0.774117 2.37976
0.595997 0.706369 2.54859
0.481521 0.643343 2.67852
0.16677 0.15001 -2.46564
0.460088 0.684444 1.07427
0.50982 0.730115 1.37387
0.37219 0.755307 1.50133
0.556488 0.831882 1.63624
0.645305 0.951402 1.77228
0.513982 0.846754 2.09651
0.39933 0.904594 2.42957
0.454269 0.803776 2.78537
0.794681 0.513932 2.84999
-0.250859 0.15001 -2.8419
-0.151603 0.15001 -1.50475
-0.305263 0.15001 -1.65103
0.580076 0.913175 1.42061
0.470217 1.09347 1.79497
0.513985 0.918647 1.89764
0.582052 0.935758 2.43029
0.894892 0.84759 2.57222
0.509428 0.919971 2.60725
0.53637 0.964263 2.84999
-0.579912 0.15001 -1.93171
0.430341 0.15001 -2.12764
-0.888739 0.15001 -1.19319
0.738299 0.15001 -1.14367
0.424641 0.921278 1.53446
0.69409 0.699695 1.59698
0.485248 0.930897 2.26033
0.328572 0.910383 2.72093
0.0749992 0.620246 2.84999
0.725056 0.670972 2.84999
0.344278 0.15001 -2.44898
0.668088 0.156985 1.09141
0.749483 0.235359 1.2416
0.67445 0.15001 1.49763
0.705612 0.15001 1.68677
0.694799 0.268017 1.82979
0.827527 0.160779 2.17027
0.868116 0.240496 2.34642
0.758029 0.186258 2.5896
0.919494 0.157962 2.67588
0.886641 0.15001 -2.83771
-0.166745 0.15001 -2.46259
0.857416 0.194079 1.09729
1.00061 0.15001 1.37492
0.873726 0.199703 1.78441
0.773392 0.231171 1.99585
1.00881 0.153335 2.25681
0.724273 0.15001 2.41016
1.00144 0.378517 2.68197
1.01537 0.150007 2.84999
0.535882 0.226909 0.731312
0.680969 0.381605 1.03197
0.665775 0.409567 1.22638
0.813753 0.15001 1.37927
0.772056 0.397358 1.71946
0.886292 0.379697 1.86421
0.668852 0.351655 2.09676
0.807222 0.378668 2.23126
0.766125 0.442845 2.53616
0.931649 0.333707 2.84999
0.118203 0.15001 -2.14742
0.73458 0.226148 0.765238
0.852814 0.407057 1.12603
0.730273 0.451837 1.44175
0.965933 0.538362 1.77139
0.72807 0.597606 2.04953
0.846269 0.557041 2.18706
0.676364 0.406232 2.37805
0.950031 0.504824 2.54744
0.81678 0.345179 2.68339
0.518584 0.15001 -2.84625
0.62961 0.579671 1.10672
0.777734 0.572143 1.23742
0.689063 0.522187 1.6164
0.774161 0.575046 1.78811
0.887148 0.576726 1.94543
0.667526 0.522596 2.21676
0.831254 0.589004 2.37289
0.66264 0.577841 2.695
0.602651 0.296334 2.84999
0.334655 0.15001 -2.83256
0.763842 0.530499 0.922823
0.718514 0.755893 1.11034
0.702499 0.769611 1.32888
0.960319 0.728002 1.83564
0.622783 0.593465 1.89691
0.740985 0.7072 2.24356
0.765093 0.634259 2.5365
0.807891 0.735774 2.6877
0.85492 0.553578 2.68899
0.730421 0.407271 0.67232
0.789812 0.736054 0.924166
0.896333 0.794271 1.36795
0.870314 0.700045 1.66484
0.669042 0.746199 1.77229
0.786357 0.739885 1.92541
0.715723 0.81395 2.08948
0.831472 0.802825 2.39459
0.986357 0.885027 2.73721
0.759675 0.352406 2.84999
-0.067865 0.15001 -2.1178
-0.164131 0.15001 -2.27368
0.693847 0.945934 1.21734
0.76964 0.971849 1.41359
0.976269 0.453008 1.47247
0.757993 0.963509 1.94054
0.6775 0.913076 2.25675
0.703298 0.872946 2.55676
0.623547 0.787594 2.71537
0.920931 0.739712 2.84999
0.0598279 0.15001 -2.69152
0.0331399 0.15001 -2.31434
0.892442 0.704219 1.19281
0.746244 0.294056 1.56826
0.63646 0.600698 1.45922
0.828117 0.841764 1.77043
0.81451 1.05514 2.14628
0.811015 1.01193 2.36473
0.861751 1.04742 2.76624
2.15834 0.15001 2.27424
0.00103001 0.15001 -2.51883
-0.581794 0.15001 -1.32669
-0.660525 0.15001 -0.0476626
0.365474 0.15001 -0.0421149
0.882697 0.28657 1.45473
1.05727 0.726124 1.99803
0.633833 0.978849 2.07963
1.034 0.83295 2.26562
0.769978 0.847347 2.84999
1.23239 0.453532 2.84999
0.2607 0.15001 -2.27069
0.85359 0.15001 0.900671
0.95787 0.277219 1.24295
1.0608 0.177769 1.61623
0.87467 0.150604 1.59506
1.06798 0.183166 1.8072
0.965945 0.282808 2.11572
1.01223 0.153735 2.45321
0.908564 0.294423 2.53041
1.10111 0.212096 2.69058
0.702403 0.15001 -2.84968
0.654325 0.15001 -1.94189
1.17757 0.168148 1.43357
1.24649 0.15001 1.67339
1.25644 0.204429 1.8591
0.939753 0.150478 1.96336
1.17474 0.166979 2.16906
1.10977 0.414074 2.51903
1.29777 0.182715 2.68132
1.19411 0.15001 2.84999
0.528327 0.15001 -2.44582
1.03845 0.244584 1.06194
0.850342 0.41254 1.31268
1.05696 0.298524 1.47197
0.95659 0.349473 1.66586
1.02984 0.40804 1.98622
0.992163 0.442529 2.22653
1.09875 0.338569 2.34458
0.90718 0.418652 2.39041
1.10716 0.320732 2.84999
0.699669 0.15001 -2.52001
1.0048 0.273938 0.864819
1.19211 0.537084 1.43705
1.11097 0.50833 1.64233
1.08901 0.384074 1.79955
0.847803 0.422006 2.05121
1.14489 0.352714 2.15003
1.05221 0.564094 2.40391
1.12673 0.516759 2.68302
0.971411 0.53682 2.84999
1.04905 0.15001 -2.57961
0.967493 0.430123 0.974633
1.05536 0.441849 1.28423
0.947739 0.593183 1.33584
0.877107 0.518975 1.61136
1.07931 0.57172 1.91166
1.00937 0.575596 2.09737
0.966991 0.667818 2.27084
0.950802 0.686095 2.52464
1.44809 0.209681 2.84999
0.907961 0.274176 0.691978
1.14443 0.484206 0.904221
1.12123 0.748112 1.38803
1.22075 0.696475 1.55616
1.21775 0.559431 1.79271
0.881923 0.722572 2.09382
1.15517 0.54899 2.2482
1.23546 0.642872 2.4028
1.1488 0.663283 2.56994
1.32257 0.625716 2.84999
0.685165 0.15001 -2.34296
0.908494 0.45739 0.785444
0.893684 0.585581 1.05596
0.834571 0.645776 1.47693
1.10327 0.699435 1.71274
1.28704 0.762173 1.84499
0.859341 0.875485 2.20963
1.09049 0.76897 2.42894
1.02185 0.677059 2.70992
2.55027 0.15001 1.81838
1.52809 0.15001 -2.38872
0.974108 0.799114 1.01204
1.07387 0.672302 1.21013
1.13011 0.934414 1.58127
1.11428 0.873048 1.82475
1.24689 0.647091 1.98461
1.13922 0.721199 2.16318
1.22672 0.830415 2.30192
1.13388 0.87302 2.60559
1.29534 0.287907 2.84999
-2.04981 0.15001 -0.685736
0.994945 0.631772 0.894531
1.0799 0.877518 1.22123
1.00448 0.951558 1.40991
0.0852679 0.15001 -1.32081
1.81649 0.15001 1.96118
1.1023 0.94506 2.12178
1.0134 0.947924 2.45565
1.97126 0.15001 1.70273
2.21914 0.15001 2.60543
-0.110018 0.15001 -1.74273
1.96795 0.15001 -2.41718
0.0283922 0.15001 -1.95285
0.281925 0.15001 -1.9832
1.39158 0.550843 2.08148
0.736508 0.15001 -0.685442
1.7058 0.15001 0.677022
1.25943 0.15001 -0.348967
1.96269 0.15001 2.19317
1.80529 0.15001 2.62872
2.08955 0.15001 -2.83397
0.956496 0.15001 -0.301104
1.90401 0.15001 1.09859
1.33559 0.225879 1.52024
1.12169 0.15001 -1.80987
1.298 0.228739 2.03955
1.0671 0.15001 -1.45417
2.11478 0.15001 -1.13857
1.17392 0.236278 2.5236
2.46671 0.15001 0.742685
2.84999 0.15001 -2.84999
1.78229 0.15001 -2.34742
1.29169 0.281184 1.10677
0.198191 0.15001 -1.46168
1.51822 0.253236 1.5867
1.49014 0.223415 2.05969
1.58458 0.23825 2.23283
1.22294 0.181944 2.35255
1.8073 0.15001 2.33625
2.26958 0.15001 2.82394
1.32353 0.15001 -2.62576
1.14519 0.226525 1.23199
1.32344 0.173097 1.31021
1.1911 0.341935 1.58494
1.41327 0.232587 1.74825
1.11239 0.223294 1.99288
1.36731 0.211534 2.22313
1.46254 0.297642 2.37115
1.35879 0.282187 2.52744
1.46034 0.323464 2.69395
0.629741 0.15001 -2.15905
2.64048 0.15001 -2.84999
1.46989 0.285027 1.20945
1.5875 0.15001 -2.21289
1.4711 0.471206 1.7585
1.4082 0.35164 1.91396
1.65943 0.335755 2.05795
1.28393 0.394667 2.28452
1.55745 0.225906 2.54827
1.68237 0.15001 2.84988
1.20163 0.299562 0.827663
1.13199 0.417848 1.10259
1.24209 0.356421 1.37019
1.31649 0.493611 1.59008
1.28365 0.380609 1.75156
1.22063 0.385321 1.937
1.35429 0.384428 2.10819
1.29133 0.464088 2.465
1.29146 0.420377 2.65958
2.47692 0.15001 1.59757
1.27269 0.15001 -2.8199
1.69743 0.15001 -1.63995
1.37517 0.46449 1.16407
1.54056 0.432963 1.33592
1.63208 0.359389 1.72379
1.54801 0.483769 1.96705
1.34735 0.596842 2.2605
1.47329 0.492698 2.36017
1.48019 0.451978 2.54788
2.18387 0.15001 2.08234
1.07472 0.15001 -2.84999
1.16246 0.626393 1.04511
1.21793 0.549044 1.24158
1.42718 0.6825 1.52524
1.36926 0.644185 1.70919
1.37422 0.550205 1.89708
1.18268 0.509042 2.06945
1.43602 0.690885 2.4148
1.45094 0.547128 2.72378
1.93874 0.15001 2.84638
2.36392 0.15001 -2.84999
1.82194 0.15001 -2.56481
1.43541 0.639197 1.27391
0.379461 0.15001 -0.815495
1.48562 0.74507 1.84404
1.54174 0.657197 2.07881
2.57823 0.15001 0.581762
1.28939 0.819811 2.49153
1.33947 0.632242 2.58438
1.23 0.75145 2.7312
0.802159 0.15001 -2.67116
1.47435 0.15001 -2.06009
1.25481 0.752422 1.21699
1.65663 0.15001 1.36386
1.28259 0.850359 1.67773
1.40461 0.868177 1.99818
1.39271 0.802854 2.20221
2.0343 0.15001 1.9613
2.27943 0.15001 1.55521
2.5785 0.15001 2.39542
0.869499 0.15001 -2.24454
-0.339579 0.15001 -1.85874
1.75755 0.15001 -2.07183
0.298794 0.15001 -1.79847
-0.0267925 0.15001 -1.01638
2.04498 0.15001 1.32232
1.9497 0.15001 -0.860809
1.26854 0.15001 -0.992197
2.02459 0.15001 2.41603
2.35452 0.15001 1.36838
1.89019 0.15001 -2.84755
1.49316 0.15001 -2.76451
1.92987 0.15001 -2.20192
2.51837 0.15001 -2.37712
0.570635 0.15001 -1.74938
0.972314 0.15001 -2.05085
1.13576 0.15001 -1.13152
2.39548 0.15001 -0.949713
2.49877 0.15001 -0.125842
2.7934 0.15001 1.50549
2.82322 0.15001 -2.65558
2.84841 0.15001 -2.06063
2.46754 0.15001 -2.19146
2.84332 0.15001 -1.45274
2.84997 0.15001 -1.23971
2.60386 0.15001 -1.47114
2.84677 0.15001 -0.83591
2.84856 0.15001 0.345311
2.84573 0.15001 1.68902
2.60096 0.15001 2.84806
1.71527 0.15001 -2.76284
2.12905 0.15001 -2.52098
2.65282 0.15001 -2.00967
2.83408 0.15001 -1.85332
1.75583 0.15001 -1.87436
1.53706 0.15001 -1.21968
1.70779 0.15001 -1.17658
2.84676 0.15001 -1.0164
2.45708 0.15001 -0.31247
2.80901 0.15001 2.65077
2.84999 0.15001 -2.27384
2.36481 0.15001 -2.52671
2.84999 0.15001 -1.64821
2.62872 0.15001 -1.70147
2.21681 0.15001 -1.33818
2.45382 0.15001 -1.95407
2.64176 0.15001 -0.592205
1.63844 0.15001 -0.577537
2.82167 0.15001 0.635176
2.64723 0.15001 -0.282538
0.881195 0.15001 -2.43925
2.49118 0.15001 -2.69599
2.66091 0.15001 -2.52932
2.4166 0.15001 -1.75718
2.02328 0.15001 -1.90708
1.56751 0.238369 1.87634
2.59924 0.15001 -0.839507
2.84446 0.15001 -0.602715
2.817 0.15001 -0.376722
2.84994 0.15001 2.11957
2.00583 0.15001 -2.65509
1.54461 0.15001 -2.58196
1.66062 0.331337 1.47124
1.52196 0.482729 1.56459
1.49478 0.15001 -1.56631
1.19635 0.15001 -1.30199
1.53529 0.453834 2.17593
2.63979 0.15001 2.07223
2.84875 0.15001 0.939094
2.79565 0.15001 2.84643
1.34403 0.15001 -2.43365
1.37556 0.15001 -2.24863
2.66823 0.15001 -2.21042
2.38715 0.15001 -1.53366
2.20045 0.15001 -1.82398
0.891311 0.15001 -1.54093
1.7987 0.15001 -1.42041
0.822829 0.15001 -0.480348
2.22953 0.15001 0.00282681
1.62151 0.441508 2.71218
2.8488 0.15001 -2.46199
2.2198 0.15001 -2.02589
2.14187 0.15001 -2.23171
0.714537 0.15001 -1.60524
0.552794 0.15001 -1.46221
0.868331 0.15001 -1.79753
1.89644 0.15001 -1.14843
2.5381 0.15001 -1.1693
2.52757 0.15001 1.15972
2.36225 0.15001 2.26616
1.13552 0.15001 -2.30158
-0.298445 0.15001 -1.26233
1.27336 0.15001 -2.01285
1.32367 0.15001 -1.84789
-0.283383 0.15001 -0.955127
0.701609 0.15001 -1.35342
0.97801 0.15001 -1.30714
2.35965 0.15001 -0.739434
2.12376 0.15001 -0.95136
1.35119 0.15001 -0.782781
2.21251 0.15001 -2.68063
2.31164 0.15001 -2.3287
1.87313 0.15001 -1.72371
0.41252 0.15001 -1.6498
0.0941599 0.15001 -1.77749
1.71624 0.15001 1.05769
1.13651 0.15001 -0.788097
1.58674 0.15001 -0.181265
2.30746 0.15001 1.74864
2.34295 0.15001 1.94035
