1000 0.1
-1.59529 0.15001 -2.21443
-1.95763 0.15001 -2.56966
-1.50487 0.15001 -2.04519
-1.18468 0.15001 -2.08517
-1.91389 0.15001 -1.73733
-0.7716 0.15001 1.60211
-2.83246 0.15001 -1.05004
-2.60197 0.15001 -0.393138
-2.13735 0.15001 -1.06793
-2.41331 0.15001 0.575425
-1.68188 0.15001 -2.71749
-2.54238 0.15001 -2.66669
-2.56996 0.15001 -2.46673
-1.96935 0.15001 -2.24146
-2.8386 0.15001 -2.02122
-2.69658 0.15001 -1.51751
-2.32555 0.15001 -1.12021
-2.61174 0.15001 -1.15054
-2.64049 0.15001 1.55357
-2.35864 0.15001 2.36199
-1.87048 0.15001 -2.73205
-2.84999 0.15001 -2.69883
-2.10151 0.15001 -2.45982
-1.75647 0.15001 -0.998859
-2.81149 0.15001 -2.22545
-1.94714 0.15001 -1.4035
-1.65101 0.15001 -0.0117695
-1.41376 0.15001 -0.327742
-2.65949 0.15001 2.2431
-2.79311 0.15001 1.69783
-1.77534 0.15001 -2.55634
-2.36938 0.15001 -2.73241
-2.27703 0.15001 -2.41404
-2.75876 0.15001 -1.69238
-2.84004 0.15001 -1.4047
-2.70827 0.15001 -1.87833
-2.79789 0.15001 -1.22875
-2.80719 0.15001 -0.516082
-2.77886 0.15001 0.618473
-2.22787 0.15001 1.22732
-1.05826 0.15001 -2.22287
-1.34236 0.15001 -0.884021
-1.50696 0.15001 -0.784012
-1.37478 0.15001 -1.59364
-1.46035 0.15001 -1.85502
-0.790927 0.439406 1.93192
-2.65155 0.15001 -1.33784
-2.65571 0.15001 -0.948012
-2.3961 0.15001 -0.427169
-2.80609 0.15001 2.78083
-2.51167 0.15001 -2.84999
-1.1281 0.15001 -1.71258
-1.78296 0.15001 -2.22586
-2.70854 0.15001 -2.58794
-2.5455 0.15001 -1.96926
-2.3991 0.15001 -1.62052
-2.57908 0.15001 -1.65714
-2.60057 0.15001 0.56595
-2.51617 0.15001 1.69886
-2.5368 0.15001 2.37881
-1.50351 0.15001 -2.37731
-1.8833 0.15001 -2.40134
-2.22314 0.15001 -2.6115
-2.40106 0.15001 -2.54739
-2.36184 0.15001 -1.959
-1.99832 0.15001 -1.91695
-2.46728 0.15001 -1.80178
-2.4786 0.15001 -1.01684
-2.7789 0.15001 -0.324403
-2.15753 0.15001 2.11124
-2.05991 0.15001 -2.71898
-1.69245 0.15001 -2.38611
-1.5899 0.15001 -2.54489
-2.75732 0.15001 -2.40757
-2.67171 0.15001 -2.10123
-2.18137 0.15001 -1.93822
-2.55814 0.15001 -0.591088
-2.8253 0.15001 -0.86191
-2.79063 0.15001 1.40389
-2.81109 0.15001 2.37217
-1.32281 0.15001 -1.40319
-1.30226 0.15001 -1.76512
-1.31432 0.15001 -1.95764
-2.61972 0.15001 -2.27973
-2.44122 0.15001 -2.32965
-2.44952 0.15001 -1.2828
-2.22779 0.15001 -1.27381
-2.51623 0.15001 -1.46414
-2.71298 0.15001 0.0340895
-2.43707 0.15001 0.967291
-0.998742 0.15001 -2.04174
-2.20911 0.15001 -2.81954
-2.68803 0.15001 -2.78872
-2.47745 0.15001 -2.14298
-1.6989 0.15001 -2.05694
-2.02846 0.15001 -1.58361
-2.21603 0.15001 -1.60102
-1.02904 0.15001 -0.0397653
-2.74481 0.15001 -0.689605
-2.82146 0.15001 -0.135887
-1.2158 0.15001 -2.56082
-0.428602 0.15001 1.12211
-0.987151 0.15001 1.58448
-0.455791 0.30483 1.58691
-0.530164 0.362247 1.81006
-0.576299 0.15001 1.79734
-1.18467 0.15001 0.869602
-0.509251 0.247748 2.34956
-0.477577 0.310266 2.53955
-0.6226 0.258035 2.67595
-1.49634 0.15001 -2.71036
-0.517415 0.31696 1.05472
-1.22776 0.15001 -0.335635
-0.616111 0.398998 1.48116
-0.64713 0.307645 1.66722
-1.9692 0.15001 -0.703804
-0.682781 0.27951 2.23762
-0.664589 0.319274 2.44142
-0.696567 0.451039 2.58669
-0.56738 0.15001 2.84999
-0.912849 0.15001 -2.70295
-0.566542 0.366124 1.24079
-0.547697 0.573726 1.32073
-0.436277 0.498438 1.4743
-0.519656 0.482942 1.65376
-0.587171 0.542206 1.84913
-1.81818 0.15001 -0.310765
-0.481528 0.526641 2.30158
-0.520466 0.500854 2.49455
-0.647485 0.411479 2.84999
-1.30908 0.15001 -2.72288
-0.680912 0.15001 -2.18291
-1.8155 0.15001 -1.89921
-0.584526 0.627628 1.52798
-0.71083 0.514996 1.6866
-0.613893 0.44803 2.02245
-0.660668 0.506333 2.20245
-0.697732 0.522425 2.3957
-0.818004 0.306123 2.55463
-0.569126 0.649969 2.84999
-1.02752 0.15001 -1.45165
-0.479761 0.503085 1.10178
-0.514448 0.784056 1.345
-0.489339 0.838242 1.60094
-0.56233 0.70202 1.73332
-0.484438 0.694089 1.9329
-0.481077 0.609099 2.11957
-0.445554 0.725833 2.3516
-0.53767 0.621268 2.65708
-0.799308 0.334038 2.74486
-0.952991 0.15001 -1.85462
-1.42754 0.15001 -1.0897
-2.27764 0.15001 -2.1345
-0.658488 0.815602 1.49389
-2.28298 0.15001 -1.77871
-0.655587 0.706265 2.03222
-0.629977 0.69753 2.2643
-0.613419 0.693009 2.47248
-2.25025 0.15001 -0.241618
-2.37707 0.15001 2.8088
-1.15239 0.15001 -0.931598
-1.12947 0.15001 -2.39556
-0.407218 0.675813 1.19353
-0.429963 0.973611 1.4569
-2.32675 0.15001 -1.43359
-0.373859 0.884093 2.02169
-0.529038 0.826854 2.1454
-0.378603 0.919229 2.32926
-0.712158 0.588234 2.72902
-2.61968 0.15001 2.83695
-1.31647 0.15001 -2.38678
-1.49809 0.15001 -1.45348
-1.63508 0.15001 -1.88396
-1.84467 0.15001 -1.56271
-2.09796 0.15001 -1.76096
-0.567389 0.936585 1.97518
-0.590957 0.927892 2.30992
-2.01879 0.15001 -0.918703
-1.62269 0.15001 0.29269
-2.51065 0.15001 2.10977
-1.13873 0.15001 -1.90037
-1.29402 0.15001 -1.21117
-2.07602 0.15001 -2.08994
-1.72601 0.15001 -1.71843
-2.15214 0.15001 -2.27262
-1.89059 0.15001 -2.07192
-0.440776 1.03127 2.15761
-1.92367 0.15001 0.222279
-2.01851 0.15001 0.899697
-2.17528 0.15001 2.30889
-0.954351 0.15001 -1.6477
-1.5633 0.15001 -0.96273
-2.13186 0.15001 -1.43142
-1.66308 0.15001 -1.53455
-1.86943 0.15001 0.0120016
-1.25968 0.15001 0.133876
-1.93722 0.15001 -1.091
-1.83443 0.15001 2.35947
-1.65277 0.15001 0.707316
-2.24995 0.15001 0.928906
-0.973353 0.15001 -1.00121
-0.177279 0.15001 0.965005
-0.251965 0.312143 1.21602
-0.32591 0.34619 1.41399
-0.369523 0.15031 1.69264
-0.382108 0.274634 1.88797
-0.371909 0.278752 2.08101
-0.325898 0.202851 2.31096
-0.310385 0.219391 2.5089
-0.399434 0.17925 2.68503
-1.11226 0.15001 -2.72201
-0.341819 0.15001 0.705444
-0.387584 0.45855 1.27518
-0.309803 0.451807 1.62414
-0.429815 0.467434 1.96513
-0.550131 0.259555 1.99182
-0.515383 0.363995 2.18293
-0.353612 0.379585 2.38535
-0.528378 0.426832 2.68388
-0.227784 0.15001 2.84984
-0.709901 0.15001 0.522735
-0.294334 0.443225 1.06774
-0.188452 0.497785 1.26816
-0.224851 0.519731 1.45662
-0.199413 0.620201 1.61326
-0.246989 0.433832 1.90208
-0.344394 0.447384 2.16731
-0.190561 0.400959 2.27017
-0.202045 0.424904 2.51451
-0.40974 0.266179 2.84999
-1.40406 0.15001 -2.54757
-0.191286 0.580394 0.922568
-0.357459 0.662747 1.39163
-0.39054 0.661251 1.59728
-0.393026 0.550578 1.76614
-0.279526 0.600221 2.08186
-0.296214 0.611358 2.26719
-0.33943 0.557128 2.43788
-0.35969 0.500622 2.63509
-0.158585 0.309689 2.84999
-0.534352 0.15001 -2.67867
-1.47315 0.15001 -1.26803
-0.229797 0.610553 1.10573
-0.15727 0.693851 1.40264
-0.198517 0.837809 1.72796
-0.158967 0.618426 1.792
-0.346748 0.765819 2.17222
-0.2605 0.772233 2.41765
-0.196534 0.638871 2.54169
-0.470402 0.489244 2.84999
-0.750406 0.15001 -2.36135
-0.106623 0.76046 1.00328
-0.315057 0.852553 1.32125
-0.292473 0.850549 1.54542
-0.387399 0.798975 1.7738
-0.193134 0.795371 2.04561
-0.165823 0.780267 2.24471
-0.514066 0.873054 2.49518
-0.266371 0.725898 2.71718
-0.231977 0.881475 2.84999
-1.02352 0.15001 -2.55237
-0.446315 0.475106 0.895413
-0.288073 0.844263 1.06565
-0.14705 0.937597 1.41388
-0.169033 1.03711 1.74236
-0.329667 0.982756 1.85881
-0.246134 0.95625 2.17414
-0.187132 0.96302 2.39275
-0.160905 0.837885 2.58846
-2.25468 0.15001 2.66756
-0.943091 0.15001 -2.37688
-0.766292 0.15001 -1.83766
-0.290386 1.07522 1.33772
-0.391158 1.00535 1.66943
-0.305173 0.605454 1.90822
-0.274783 1.0946 2.02237
-0.119458 1.14294 2.27281
-1.80582 0.15001 -0.652528
-0.625817 0.796319 2.68518
-0.407058 0.763098 2.84999
-0.976682 0.15001 -1.21464
-1.61963 0.15001 -1.14065
-0.60206 0.15001 -1.57157
-0.250142 1.09507 1.54702
-0.19496 1.24102 1.73262
0.23075 0.15001 -0.499522
-0.625927 0.15001 1.18636
-1.36782 0.15001 0.760144
-0.449892 0.938233 2.68944
-2.05503 0.15001 2.7319
-1.19401 0.15001 -1.53013
-0.721638 0.15001 -2.68096
-1.6389 0.15001 2.60275
-1.70489 0.15001 -0.826706
-1.44333 0.15001 0.460399
-0.955561 0.15001 1.75231
-0.95765 0.15001 1.99856
-1.72277 0.15001 1.09909
-1.90475 0.15001 2.03567
-1.71103 0.15001 1.99854
-0.983755 0.15001 -0.805763
0.071016 0.35729 1.06004
-0.0370186 0.321746 1.23283
-0.241442 0.275804 1.55905
-0.18241 0.15001 1.8043
-0.252453 0.159301 1.98558
-0.205828 0.23537 2.16857
-0.0274243 0.290193 2.25696
-0.130039 0.178035 2.56973
-0.0698008 0.312446 2.6903
-0.347341 0.15001 -2.66995
-0.0622594 0.364704 0.731878
-0.12693 0.346051 1.05438
-0.107991 0.365874 1.41054
-0.128083 0.15001 1.62595
-0.150443 0.393617 2.06775
0.137421 0.164147 2.19965
-0.155491 0.2684 2.40062
-0.26883 0.326969 2.67245
-0.0258316 0.15001 2.85
-0.830294 0.15001 -2.5294
-0.00646563 0.517527 0.969645
0.123498 0.411413 1.30505
-0.0952697 0.422322 1.59712
-0.264534 0.294884 1.74238
-0.0625768 0.15001 1.94232
0.0422668 0.407407 2.11163
0.00449596 0.476221 2.28761
-0.0120465 0.386587 2.46808
0.0390897 0.317529 2.84999
0.552873 0.15001 0.485773
0.0211362 0.533093 0.773859
-0.0144613 0.514301 1.16564
-0.0175936 0.542472 1.36113
-0.458091 0.15001 1.33968
-0.103753 0.549089 1.95768
0.207681 0.518469 2.20002
-0.15495 0.550832 2.38047
0.00585998 0.478679 2.65173
0.247925 0.369961 2.84999
-0.5601 0.15001 -2.33726
0.0773532 0.704782 1.06277
-0.0478929 0.15001 1.11049
-0.0098918 0.601128 1.54815
-0.0885876 0.437027 1.78754
0.306715 0.295283 1.93631
-0.130821 0.554981 2.18165
-0.0316444 0.667944 2.30936
0.00903863 0.570899 2.4703
-0.0790151 0.464639 2.84999
-1.40596 0.15001 -2.21106
0.152315 0.635047 0.895683
0.013043 0.704791 1.24252
0.012099 0.812471 1.41475
0.0449772 0.611028 1.83133
0.0969487 0.768323 1.94242
0.111113 0.570732 2.01907
-0.0459965 0.817454 2.42494
-0.17963 0.497463 2.68872
0.281036 0.556268 2.84999
-1.13627 0.15001 -1.11842
0.0891379 0.950871 1.05791
0.168632 0.838008 1.20919
-0.103538 0.782654 1.5673
0.0130702 0.953826 1.82356
-0.0248252 0.905354 2.01963
-0.0507961 0.940145 2.22427
0.116626 0.8762 2.30943
-0.0796166 0.655156 2.67975
-0.306362 0.402677 2.84999
-0.851116 0.15001 -1.48968
0.0767339 0.821588 0.899059
-0.00369169 0.94018 1.25404
0.0832536 1.03441 1.42245
0.238308 0.938251 1.6056
-0.0827174 0.775234 1.87268
0.200484 1.05456 2.3523
0.00407583 1.037 2.3948
-0.200679 1.00988 2.6905
0.442208 0.644205 2.84999
-1.3563 0.15001 -0.663247
-1.04471 0.15001 -0.624226
0.21616 1.05502 1.25236
-0.172126 0.72073 1.22694
0.124617 0.282125 1.79178
0.100168 1.12268 1.97946
-0.0768774 1.087 2.0812
0.146809 1.2293 2.43809
0.0577549 1.09646 2.5822
-1.22478 0.15001 2.31595
-1.15318 0.15001 -1.32222
-1.54365 0.15001 -1.6857
-0.370651 0.15001 -2.3355
-0.226829 0.15001 1.36146
0.0168123 0.15001 1.51421
-0.0417796 0.670771 2.07141
0.0622585 0.710563 2.56452
-0.386124 0.670561 2.56957
-1.88363 0.15001 2.8404
-1.31981 0.15001 2.83772
-0.446014 0.15001 -2.50584
0.297693 0.348495 1.03034
0.256714 0.15001 1.27017
0.195751 0.15001 1.46661
0.102957 0.196233 2.00896
0.412281 0.15001 1.89074
0.334004 0.15001 2.22479
0.15829 0.321788 2.30625
0.162018 0.309355 2.49855
0.237862 0.15001 2.59321
-0.588789 0.15001 -1.77069
-0.0234867 0.278825 0.897579
0.142849 0.19868 1.13226
0.0692776 0.184726 1.32716
0.202591 0.15001 1.6799
0.280349 0.15001 2.04937
0.495694 0.272408 2.19892
0.0275651 0.183645 2.41906
0.0548445 0.179762 2.62885
0.174045 0.188955 2.84999
-0.39845 0.15001 -1.7957
0.174648 0.269112 0.898905
0.455642 0.15001 1.22915
0.381441 0.15001 1.40267
0.00675645 0.15001 1.756
0.221663 0.15001 1.86654
-0.0429422 0.15001 2.12933
0.395575 0.250532 2.36079
0.370609 0.273691 2.63436
0.158239 0.339859 2.68711
-0.267924 0.15001 -2.84352
0.202852 0.380676 0.722388
0.307676 0.41282 1.21705
-0.840014 0.15001 1.38894
0.329421 0.221313 1.56124
0.0497866 0.418463 1.91833
0.228127 0.348464 2.12732
0.163874 0.493097 2.38065
0.172714 0.495551 2.5613
0.40545 0.291119 2.84999
-0.291657 0.15001 -1.4034
0.176946 0.516468 1.05302
0.301186 0.527566 1.38439
0.267988 0.295139 1.38229
0.214294 0.511802 1.81354
0.374337 0.501337 1.93517
0.362609 0.586586 2.11618
0.325059 0.578999 2.37032
0.248348 0.697001 2.53667
0.310568 0.466996 2.69058
-0.871687 0.15001 -2.2019
0.294294 0.500445 0.871836
0.193567 0.57681 1.22409
0.477653 0.295006 1.4634
0.293065 0.713138 1.64919
0.396953 0.796177 2.11022
0.286404 0.728782 2.25219
0.146499 0.691779 2.37779
0.136756 0.607276 2.69804
0.44568 0.46794 2.84999
-0.78258 0.15001 -1.1189
0.275457 0.704646 1.09748
0.353127 0.757319 1.27427
0.284874 0.51424 1.64011
0.0908517 0.782168 1.72846
0.27036 0.66983 1.89257
0.231576 0.719424 2.0674
0.292035 0.841094 2.41304
0.364161 0.863716 2.60604
0.305654 0.713621 2.71782
-0.392847 0.15001 -1.98714
0.341392 0.718395 0.907068
0.334295 0.922795 1.11829
0.182763 0.611361 1.53252
0.413306 0.998248 1.68988
0.185451 0.944608 1.95381
0.315301 0.938923 2.23169
0.130097 0.919453 2.5074
0.19322 0.887714 2.69459
0.624446 0.680827 2.84999
-0.763411 0.15001 -1.65196
-0.803694 0.15001 -0.893849
0.401251 0.977737 1.31398
0.30945 1.16445 1.64448
0.155079 1.07583 1.7476
0.378144 0.902107 1.9513
0.352514 1.06636 2.07244
0.361031 1.19656 2.35653
0.263481 1.08739 2.58055
0.16316 1.0853 2.76294
-0.808531 0.15001 -2.02297
0.151384 0.15001 -1.78739
-1.01766 0.15001 -0.427688
0.12687 0.643207 1.37265
0.136053 0.284716 1.58086
0.260992 0.820272 1.79672
0.0974917 0.65138 2.18796
-0.238874 0.567581 2.84999
0.0408477 0.771441 2.74722
-0.00786961 0.622864 2.84999
0.0303174 0.15001 -2.65768
0.369286 0.324825 0.831144
0.330685 0.163756 1.08892
0.558869 0.15001 1.38813
0.38886 0.15001 1.71153
0.63544 0.190059 1.95624
0.649167 0.158556 2.14564
0.556781 0.150319 2.33209
0.419144 0.15001 2.50517
0.505487 0.15001 2.66933
0.434019 0.15001 -2.66032
0.60236 0.283529 0.916704
0.649538 0.163245 1.21867
0.503136 0.15001 1.56614
0.571708 0.15001 1.78102
0.473749 0.151071 2.06165
0.674055 0.305603 2.27715
0.231743 0.154646 2.39606
0.69404 0.15001 2.7487
0.860202 0.15001 2.84999
-0.631285 0.15001 -2.51611
0.408879 0.467715 0.697542
0.41821 0.157646 0.910224
0.900331 0.15001 1.15415
0.464495 0.298382 1.7847
0.71122 0.489983 1.93446
0.40749 0.400928 2.09274
0.485982 0.470785 2.41041
0.619071 0.15001 2.51058
0.334197 0.15001 2.76574
-0.0656888 0.15001 -2.83892
0.609747 0.46897 0.815678
0.532913 0.15001 1.05691
0.457998 0.468749 1.62483
0.577012 0.481462 1.78335
0.53704 0.379034 1.95018
0.538128 0.449692 2.23004
0.327169 0.409529 2.48927
0.626078 0.283566 2.64123
0.528477 0.15001 2.84999
-0.491442 0.15001 -2.15369
0.374132 0.529345 1.05236
0.585613 0.688287 1.26919
0.636633 0.24503 1.63543
0.408293 0.586308 1.76982
0.551117 0.556371 2.05695
0.479411 0.621448 2.26115
0.626929 0.670702 2.37767
0.5869 0.571582 2.53565
0.512799 0.460994 2.67329
0.230086 0.15001 -2.65885
0.522173 0.595714 0.944366
0.430362 0.575923 1.23207
0.485649 0.480036 1.41375
0.585454 0.657021 1.68833
0.441205 0.686865 1.96584
0.584895 0.744967 2.15092
0.449111 0.694054 2.44069
0.393961 0.580291 2.57104
0.636427 0.501803 2.84999
-0.57574 0.15001 -1.97521
0.471328 0.653939 0.759573
0.546338 0.88809 1.19732
0.494929 0.636704 1.50546
0.443831 0.762068 1.79166
0.589684 0.802943 1.97453
0.460484 0.802601 2.28603
0.664615 0.859344 2.37745
0.623902 0.770084 2.5595
0.495069 0.712946 2.68135
-0.0742501 0.15001 -2.49133
0.46885 0.755445 1.06783
0.508516 0.817035 1.3973
0.315873 0.781107 1.46616
0.61872 0.913298 1.61449
0.671822 1.05015 1.75408
0.517045 0.946183 2.11531
0.377411 1.01606 2.4371
0.448114 0.874562 2.81285
1.05859 0.465715 2.84999
-0.259644 0.15001 -2.48299
-0.686253 0.15001 -0.737475
-0.61662 0.15001 -1.23013
0.58962 1.00038 1.41175
0.473004 1.17103 1.7988
0.526559 0.913471 1.82019
0.494373 0.862094 2.47144
0.898597 0.8568 2.58403
0.500379 1.01777 2.63567
0.546093 1.05722 2.84999
-0.690606 0.15001 -1.40108
0.207467 0.15001 -1.97773
-1.19218 0.15001 -0.751134
0.311469 0.15001 -1.65565
0.464241 0.778081 1.60751
0.749216 0.559911 1.54487
0.523985 0.966032 2.31165
0.168739 0.691913 2.84999
0.108497 0.479066 2.84999
0.865916 0.431467 2.84999
0.0212627 0.15001 -2.27458
0.718804 0.169655 1.044
0.747279 0.331852 1.19584
0.708156 0.15001 1.49024
0.754853 0.15001 1.73332
0.686863 0.326627 1.82973
0.83362 0.192238 2.18309
0.888537 0.299172 2.34332
0.789954 0.228769 2.56187
0.941707 0.200257 2.67558
0.730352 0.15001 -2.83397
-0.303698 0.15001 -2.16146
0.878023 0.284448 1.02565
1.04985 0.178474 1.32967
0.872997 0.274933 1.81339
0.796896 0.295743 2.0012
1.02201 0.18403 2.2578
0.759592 0.157301 2.37748
1.01285 0.418515 2.6799
1.05989 0.15001 2.84999
0.537055 0.291049 0.715522
0.649994 0.44743 1.01495
0.609899 0.484765 1.20063
1.09072 0.15001 1.13116
0.789547 0.442724 1.71261
0.910908 0.45212 1.86732
0.667957 0.401508 2.09926
0.809919 0.437039 2.23136
0.775326 0.515027 2.53499
0.977642 0.302443 2.84999
-0.2159 0.15001 -1.7587
0.740682 0.305342 0.771626
0.823653 0.48135 1.09619
0.784304 0.391584 1.47883
0.96177 0.60005 1.74823
0.728616 0.670753 2.03819
0.859292 0.621441 2.17445
0.678473 0.471825 2.37744
0.96799 0.549831 2.55203
0.807127 0.392442 2.67583
0.344655 0.15001 -2.84772
0.651931 0.650724 1.08217
0.777517 0.644448 1.24022
0.629351 0.443331 1.5875
0.766247 0.610293 1.80318
0.895295 0.64191 1.94061
0.675372 0.583362 2.21077
0.811457 0.642027 2.36942
0.686183 0.626099 2.68526
0.57784 0.333229 2.84999
0.134321 0.15001 -2.83909
0.746948 0.598481 0.899986
0.73024 0.837986 1.11176
0.706909 0.842993 1.3257
0.987799 0.802225 1.86264
0.603094 0.643853 1.88292
0.763453 0.77367 2.23799
0.793671 0.706818 2.54473
0.789047 0.80008 2.72151
0.886637 0.62774 2.69701
0.74188 0.480249 0.657335
0.791046 0.810787 0.91329
0.909116 0.87624 1.35236
0.977659 0.74657 1.567
0.673599 0.808505 1.77609
0.798922 0.823148 1.91913
0.730646 0.894789 2.09796
0.856297 0.878921 2.39228
0.999967 0.980159 2.7529
0.751386 0.297854 2.84999
-0.408898 0.15001 -1.58869
-0.207824 0.15001 -1.97533
0.699701 1.02644 1.21567
0.788795 1.04999 1.4155
0.828647 0.15001 1.34086
0.82467 1.04609 1.91013
0.695807 1.01801 2.24506
0.724151 0.957436 2.55497
0.622867 0.887846 2.72552
0.925552 0.823651 2.84999
-0.156633 0.15001 -2.66864
-0.116011 0.15001 -2.13742
1.00856 0.432638 1.12891
0.835605 0.22974 1.58286
0.648444 0.280718 1.34323
0.819203 0.692303 1.65131
0.814474 1.14312 2.13904
0.821913 1.09623 2.37812
0.856078 1.12386 2.76691
2.35537 0.15001 2.2015
-0.170676 0.15001 -2.30978
-0.848093 0.15001 -0.672174
0.34658 0.15001 0.50391
0.764538 0.15001 -0.138835
0.980918 0.15001 1.49763
1.36882 0.499532 1.99793
0.668034 0.954456 1.92968
1.08026 0.773174 2.17815
0.795074 0.59135 2.84999
1.50957 0.15001 2.84999
0.0299 0.15001 -2.03192
0.948578 0.15001 0.655437
0.951543 0.312033 1.2457
1.10099 0.245769 1.60828
0.951095 0.15001 1.69176
1.06783 0.239996 1.80729
0.959092 0.325769 2.12495
1.01673 0.184899 2.46036
0.933104 0.353582 2.52317
1.12413 0.260754 2.70272
0.53737 0.15001 -2.83186
-0.047335 0.15001 -1.65563
1.207 0.194233 1.44651
1.29275 0.15001 1.6356
1.2603 0.246121 1.8257
0.93956 0.165604 1.96851
1.19213 0.176461 2.16059
1.14555 0.469127 2.54266
1.31582 0.224971 2.66893
1.28139 0.15001 2.84999
0.120252 0.15001 -2.49548
1.08209 0.305637 1.02668
0.868649 0.485241 1.31518
1.08988 0.367126 1.44418
0.967841 0.387263 1.65441
1.04488 0.458127 2.00715
1.00869 0.503591 2.21643
1.09288 0.388466 2.36238
0.916758 0.486646 2.3832
1.20555 0.359894 2.84999
0.482914 0.15001 -2.47682
1.00967 0.327542 0.846299
1.18581 0.611546 1.4361
1.10442 0.581306 1.61408
1.09929 0.446981 1.78792
0.858621 0.478042 2.05195
1.14309 0.373015 2.16965
1.0964 0.602448 2.41952
1.13635 0.589298 2.69714
1.07422 0.685167 2.84999
0.773342 0.15001 -2.43532
0.975594 0.498077 0.948991
1.08567 0.498752 1.30083
0.981473 0.655691 1.36579
0.927606 0.54602 1.54859
1.0916 0.621295 1.89607
1.02701 0.635576 2.07646
0.975577 0.698033 2.30093
0.970962 0.725907 2.48259
1.60946 0.338901 2.84999
0.909 0.350092 0.678708
1.15999 0.557604 0.886568
1.1179 0.829301 1.39382
1.23605 0.771925 1.55058
1.22968 0.636404 1.75817
0.90079 0.796889 2.08259
1.17305 0.621513 2.25186
1.25533 0.732702 2.3925
1.163 0.737581 2.56406
1.31823 0.694282 2.84999
0.200037 0.15001 -2.17316
0.907184 0.531338 0.76897
0.887065 0.66514 1.03514
0.812771 0.724741 1.45048
1.11027 0.788014 1.7067
1.28466 0.835628 1.85633
0.888974 0.960236 2.21187
1.0927 0.861809 2.41786
1.02246 0.766573 2.68875
2.64663 0.15001 1.48445
1.43427 0.15001 -2.55443
0.975232 0.873308 1.01472
1.07788 0.749661 1.20778
1.12425 1.01011 1.58146
1.11406 0.958721 1.82578
1.52869 0.363417 2.03338
1.25432 0.776765 2.13351
1.23747 0.924178 2.2976
1.13376 0.957999 2.60199
1.75876 0.15001 2.85
-2.04678 0.15001 -1.24101
1.00745 0.709301 0.872746
1.07911 0.958156 1.21931
1.01186 1.04104 1.41073
-0.513606 0.15001 -0.495784
1.88786 0.15001 1.78311
1.10646 1.02516 2.11339
1.01012 1.04313 2.45011
2.03562 0.15001 1.29262
2.42723 0.15001 2.39521
-0.423324 0.15001 -1.2175
1.62407 0.15001 -2.55775
-0.221328 0.15001 -1.57437
-0.041965 0.15001 -1.8594
1.52764 0.237013 2.16683
-0.165309 0.15001 -0.907904
1.495 0.15001 0.0859369
1.05378 0.15001 -0.436303
1.75028 0.15001 1.96362
2.01662 0.15001 2.67086
2.06294 0.15001 -2.84999
0.876083 0.15001 0.130243
2.02124 0.15001 0.0703241
1.35815 0.308948 1.50771
0.682603 0.15001 -2.1868
1.31459 0.239215 2.01836
0.709052 0.15001 -1.675
1.63508 0.15001 -1.46551
1.18016 0.284046 2.52189
2.17652 0.15001 -0.296871
2.7865 0.15001 -2.84088
1.42562 0.15001 -2.33103
1.30796 0.341561 1.09375
-0.608329 0.15001 -1.03786
1.54393 0.321277 1.57938
1.50307 0.164017 2.01364
1.65059 0.290893 2.27513
1.22487 0.228657 2.34893
1.79083 0.15001 2.29739
2.44784 0.15001 2.64241
1.0282 0.15001 -2.60416
1.16408 0.303004 1.23098
1.34384 0.236382 1.30209
1.20491 0.408658 1.59572
1.42884 0.277501 1.72791
1.10443 0.255302 2.00367
1.37305 0.22248 2.24563
1.47701 0.37214 2.36257
1.36716 0.356253 2.52637
1.47057 0.383529 2.70815
0.382067 0.15001 -2.0928
2.59807 0.15001 -2.8389
1.48273 0.352671 1.20608
1.10355 0.15001 -2.2085
1.48415 0.516668 1.7288
1.42261 0.373251 1.88417
1.70719 0.400938 2.05571
1.28206 0.456667 2.31245
1.56748 0.28989 2.54513
1.93839 0.15001 2.84626
1.21346 0.365838 0.823996
1.18777 0.497646 1.08101
1.27194 0.430484 1.36001
1.32697 0.570607 1.58287
1.29935 0.448652 1.75698
1.21285 0.395754 1.94104
1.32962 0.397147 2.13586
1.31037 0.554242 2.47756
1.30207 0.485259 2.67139
2.76325 0.15001 0.893944
1.13748 0.15001 -2.84957
1.21104 0.15001 -1.64597
1.39299 0.532354 1.15246
1.53924 0.508635 1.33438
1.66282 0.423838 1.71982
1.61177 0.561298 1.94121
1.37177 0.666102 2.2361
1.48272 0.575103 2.36753
1.49627 0.522043 2.55695
2.20271 0.15001 1.84346
0.925624 0.15001 -2.84999
1.17332 0.702183 1.03353
1.23515 0.621125 1.24039
1.43901 0.757402 1.50326
1.38903 0.73686 1.69693
1.44807 0.652611 1.86996
1.2024 0.549524 2.0812
1.4531 0.773702 2.41249
1.46372 0.615878 2.73559
2.14105 0.15001 2.81157
2.40296 0.15001 -2.84999
1.48684 0.15001 -2.75064
1.43727 0.71134 1.27524
-0.197515 0.15001 -0.58163
1.50413 0.838699 1.84483
1.5492 0.736118 2.07963
2.19972 0.15001 -0.488966
1.30285 0.90071 2.49982
1.35873 0.711738 2.59068
1.23061 0.834436 2.736
0.653906 0.15001 -2.64624
1.00888 0.15001 -1.92094
1.27135 0.834822 1.21656
1.6458 0.15001 1.04171
1.2942 0.931 1.67089
1.40444 0.943888 1.99803
1.41092 0.875559 2.19784
2.15863 0.15001 1.51509
2.27665 0.15001 1.06885
2.6938 0.15001 2.12423
0.270047 0.15001 -2.36387
-0.489301 0.15001 -1.41628
1.57744 0.15001 -2.17625
-0.0841135 0.15001 -1.44967
-0.4564 0.15001 -0.317713
2.35627 0.15001 0.898598
1.39194 0.15001 -1.03544
0.600559 0.15001 -0.956816
2.22206 0.15001 2.33507
2.17068 0.15001 -0.0993686
1.85832 0.15001 -2.83963
1.33584 0.15001 -2.84893
1.65577 0.15001 -2.37483
2.44783 0.15001 -2.47647
0.249647 0.15001 -1.44525
0.90606 0.15001 -2.15333
0.386258 0.15001 -1.257
2.29378 0.15001 -1.00945
1.99871 0.15001 -0.799516
2.77177 0.15001 0.525354
2.84684 0.15001 -2.64626
2.84999 0.15001 -1.86207
2.05654 0.15001 -2.049
2.77367 0.15001 -1.39472
2.81712 0.15001 -1.20107
2.51296 0.15001 -1.59261
2.34246 0.15001 -0.844543
2.84153 0.15001 -0.481423
2.84999 0.15001 1.43615
2.66938 0.15001 2.83994
1.67065 0.15001 -2.84999
1.86349 0.15001 -2.38327
2.64768 0.15001 -1.9509
2.65537 0.15001 -1.72475
1.20484 0.15001 -1.96464
0.650175 0.15001 -1.3213
0.85092 0.15001 -0.829657
2.84552 0.15001 -0.993528
1.59097 0.15001 -1.07918
2.84732 0.15001 2.54105
2.84678 0.15001 -2.10018
2.19084 0.15001 -2.32038
2.84999 0.15001 -1.63672
2.47409 0.15001 -1.86583
1.75445 0.15001 -1.8717
2.31589 0.15001 -2.14085
1.84391 0.15001 -0.94602
1.50893 0.15001 -0.894177
2.72718 0.15001 -0.276702
2.25035 0.15001 -0.690398
0.842127 0.15001 -2.65614
2.39417 0.15001 -2.66575
2.65344 0.15001 -2.49882
2.26155 0.15001 -1.93711
1.96962 0.15001 -1.81322
1.59828 0.295212 1.87301
2.63197 0.15001 -1.03223
2.84658 0.15001 -0.778726
2.39964 0.15001 -0.540824
2.84165 0.15001 1.71691
1.95813 0.15001 -2.64882
1.27245 0.15001 -2.6532
1.67791 0.40956 1.46233
1.53381 0.558255 1.53837
0.787351 0.15001 -1.45801
0.584861 0.15001 -1.49893
1.58163 0.530669 2.20119
2.74167 0.15001 1.93031
2.84974 0.15001 -0.0150999
2.84116 0.15001 2.73963
1.1771 0.15001 -2.47868
0.999628 0.15001 -2.37724
2.69478 0.15001 -2.23611
2.19197 0.15001 -1.50188
1.75424 0.15001 -1.66012
0.760856 0.15001 -1.99697
1.03466 0.15001 -1.43853
0.256655 0.15001 -0.745563
1.678 0.15001 -0.615991
1.63988 0.512352 2.71334
2.84999 0.15001 -2.41719
1.86262 0.15001 -2.13636
2.00961 0.15001 -2.23895
0.373294 0.15001 -1.90594
-0.381506 0.15001 -0.80698
0.556508 0.15001 -2.02389
1.5417 0.15001 -1.71353
2.55888 0.15001 -1.35918
2.68907 0.15001 0.123249
2.49896 0.15001 2.06111
0.461448 0.15001 -2.2847
-0.477016 0.15001 -0.0920289
0.846898 0.15001 -1.81556
1.02023 0.15001 -1.72399
-0.215687 0.15001 0.503308
-0.421898 0.15001 -0.986366
0.513253 0.15001 -1.75283
1.91799 0.15001 -1.54626
1.6317 0.15001 -1.28137
1.17463 0.15001 -1.07206
2.19184 0.15001 -2.70239
2.49771 0.15001 -2.27106
1.51243 0.15001 -1.93002
-0.033765 0.15001 -1.1266
-0.24036 0.15001 -1.07058
2.07571 0.15001 1.0612
0.846536 0.15001 -0.35268
1.34338 0.15001 -0.644324
2.46397 0.15001 1.43768
2.31798 0.15001 1.68705
