1000 0.1
-1.60435 0.15001 -1.97488
-1.84476 0.15001 -2.41566
-1.57278 0.15001 -1.78723
-1.25092 0.15001 -1.8496
-2.03681 0.15001 -1.61018
-1.23337 0.15001 2.37454
-2.80994 0.15001 -0.979143
-2.46077 0.15001 -0.381229
-2.28092 0.15001 -0.9418
-2.00793 0.15001 0.13465
-1.52633 0.15001 -2.47512
-2.23412 0.15001 -2.72638
-2.35308 0.15001 -2.42029
-1.9575 0.15001 -2.1054
-2.82679 0.15001 -2.24675
-2.84999 0.15001 -1.54688
-2.47875 0.15001 -0.884945
-2.61174 0.15001 -1.09449
-1.9831 0.15001 1.84509
-2.5867 0.15001 2.30855
-1.70118 0.15001 -2.53876
-2.55593 0.15001 -2.6815
-1.99053 0.15001 -2.29229
-1.91566 0.15001 -1.02293
-2.68119 0.15001 -2.36943
-2.14107 0.15001 -1.29556
-2.11953 0.15001 -0.278912
-1.91877 0.15001 -0.324706
-2.66671 0.15001 1.01171
-2.81992 0.15001 0.564701
-1.66848 0.15001 -2.35062
-2.05486 0.15001 -2.66538
-2.17098 0.15001 -2.35439
-2.75865 0.15001 -1.86282
-2.81885 0.15001 -1.3609
-2.79472 0.15001 -2.05487
-2.78858 0.15001 -1.17148
-2.80437 0.15001 -0.446858
-2.79556 0.15001 0.381824
-2.32046 0.15001 0.302997
-1.10282 0.15001 -1.97481
-1.63797 0.15001 -0.741679
-1.82525 0.15001 -0.701614
-1.50447 0.15001 -1.40741
-1.53934 0.15001 -1.59737
-0.792285 0.64194 1.8925
-2.63732 0.15001 -1.29349
-2.66688 0.15001 -0.842893
-2.0611 0.15001 -0.468378
-2.83645 0.15001 2.84113
-2.09209 0.15001 -2.84999
-1.18481 0.15001 -1.47141
-1.78067 0.15001 -2.03815
-2.38222 0.15001 -2.60844
-2.61505 0.15001 -1.98864
-2.53487 0.15001 -1.61355
-2.71523 0.15001 -1.67567
-2.31293 0.15001 0.107155
-2.48 0.15001 0.748838
-2.75963 0.15001 1.99992
-1.45874 0.15001 -2.10058
-1.81217 0.15001 -2.22625
-2.02141 0.15001 -2.47942
-2.20192 0.15001 -2.53997
-2.43151 0.15001 -1.92541
-2.07177 0.15001 -1.79828
-2.57521 0.15001 -1.80178
-2.52897 0.15001 -0.697374
-2.66049 0.15001 -0.316036
-2.84978 0.15001 0.796188
-1.87586 0.15001 -2.60621
-1.63514 0.15001 -2.16286
-1.49139 0.15001 -2.28888
-2.5334 0.15001 -2.49149
-2.64901 0.15001 -2.17841
-2.25082 0.15001 -1.86265
-2.38269 0.15001 -0.566132
-2.73133 0.15001 -0.657751
-1.95041 0.15001 1.04687
-2.84726 0.15001 1.76921
-1.46915 0.15001 -1.21867
-1.36223 0.15001 -1.53201
-1.39663 0.15001 -1.72258
-2.50309 0.15001 -2.30136
-2.32109 0.15001 -2.23391
-2.45583 0.15001 -1.24037
-2.42205 0.15001 -1.06125
-2.67569 0.15001 -1.48646
-2.70542 0.15001 0.179648
-2.57862 0.15001 0.605416
-1.07135 0.15001 -1.78869
-1.91336 0.15001 -2.79199
-2.4085 0.15001 -2.79891
-2.46833 0.15001 -2.11185
-1.74967 0.15001 -1.85149
-2.17646 0.15001 -1.48585
-2.35478 0.15001 -1.55132
-1.17657 0.15001 -0.372036
-2.60239 0.15001 -0.515069
-2.84988 0.15001 -0.235891
-1.17526 0.15001 -2.34931
-2.01138 0.15001 1.32978
-2.28482 0.15001 0.772758
-0.464445 0.477793 1.57077
-0.563519 0.545852 1.81956
-0.840727 0.15001 2.1164
-1.08691 0.15001 1.3281
-0.543271 0.411954 2.32482
-0.532396 0.443645 2.52022
-0.672501 0.406488 2.65805
-1.35034 0.15001 -2.41355
-0.502641 0.516602 1.04915
-2.24865 0.15001 1.33496
-0.632535 0.583189 1.46497
-0.666308 0.487517 1.65255
-2.34009 0.15001 -0.753709
-0.718051 0.444153 2.22964
-0.697193 0.515621 2.42364
-0.746763 0.646302 2.59003
-2.04559 0.15001 2.50748
-0.85835 0.15001 -2.40408
-0.573024 0.545725 1.23149
-0.572076 0.769603 1.31496
-0.443525 0.678536 1.46569
-0.53751 0.663152 1.65074
-0.620212 0.739112 1.85472
-1.86831 0.15001 -0.512807
-0.511033 0.712262 2.30369
-0.553548 0.667683 2.49749
-0.685741 0.634954 2.84999
-1.21292 0.15001 -2.53996
-0.739761 0.15001 -1.84362
-1.89348 0.15001 -1.73012
-0.609228 0.816168 1.5198
-0.746158 0.694409 1.69747
-0.645358 0.624033 2.01672
-0.69559 0.697079 2.19837
-0.730241 0.722637 2.39761
-0.827934 0.471384 2.56083
-0.5998 0.855227 2.84999
-1.15054 0.15001 -1.28016
-0.518802 0.706045 1.08937
-0.523861 0.982643 1.34412
-0.507529 1.0404 1.5959
-0.583833 0.893415 1.72441
-0.482894 0.888642 1.93317
-0.505161 0.801085 2.11676
-0.467894 0.924945 2.36079
-0.567787 0.804934 2.6542
-0.827291 0.516108 2.75144
-1.03829 0.15001 -1.60156
-1.61136 0.15001 -0.929962
-2.28598 0.15001 -2.04894
-0.683904 1.01296 1.4859
-2.3935 0.15001 -1.73879
-0.677686 0.886346 2.02729
-0.65151 0.890339 2.26493
-0.635908 0.892154 2.47848
-2.0121 0.15001 -0.655141
-2.32311 0.15001 2.58203
-1.49797 0.15001 -0.608691
-1.13763 0.15001 -2.16021
-0.424148 0.874948 1.18787
-0.43931 1.17187 1.4451
-2.49654 0.15001 -1.4256
-0.391496 1.07877 1.9978
-0.562136 1.029 2.13406
-0.393862 1.13124 2.33576
-0.771322 0.790765 2.74292
-2.45418 0.15001 2.84999
-1.28166 0.15001 -2.03697
-1.65353 0.15001 -1.29454
-1.71618 0.15001 -1.6649
-2.00225 0.15001 -1.42009
-2.21366 0.15001 -1.67517
-0.587926 1.13772 1.95584
-0.606708 1.1252 2.31747
-2.15342 0.15001 -0.800195
-2.17235 0.15001 -0.063171
-2.40406 0.15001 2.17742
-1.21783 0.15001 -1.66162
-1.44745 0.15001 -1.02476
-2.10508 0.15001 -1.98513
-1.86076 0.15001 -1.54373
-2.13781 0.15001 -2.1698
-1.92723 0.15001 -1.91781
-0.454045 1.22734 2.15338
-2.25904 0.15001 -0.417484
-2.30375 0.15001 1.71313
-2.23569 0.15001 2.04012
-1.00516 0.15001 -1.41526
-1.78942 0.15001 -0.881589
-2.31574 0.15001 -1.36214
-1.82815 0.15001 -1.35772
-2.38009 0.15001 -0.106901
-0.659579 0.15001 0.623754
-2.10151 0.15001 -0.990474
-2.45157 0.15001 2.42262
-1.92814 0.15001 -0.121802
-2.11698 0.15001 0.693421
-1.32328 0.15001 -0.678005
-0.126376 0.15001 0.671838
-0.317381 0.426221 1.19446
-0.361715 0.498982 1.38793
-0.478135 0.287103 1.65781
-0.39712 0.442396 1.87676
-0.389 0.44799 2.09594
-0.364627 0.338188 2.28497
-0.347396 0.337721 2.48962
-0.429906 0.24647 2.63972
-1.03766 0.15001 -2.47126
0.228903 0.15001 0.774648
-0.397383 0.666311 1.25644
-0.31195 0.636101 1.6397
-0.439707 0.636102 1.96035
-0.570262 0.43446 1.9953
-0.546183 0.549988 2.1794
-0.401297 0.546727 2.38441
-0.569921 0.593392 2.68518
-0.314467 0.225475 2.84968
-1.47346 0.15001 1.24207
-0.329068 0.603787 1.05432
-0.202177 0.595888 1.27666
-0.234465 0.697404 1.45151
-0.216654 0.844446 1.59213
-0.194906 0.480772 1.88777
-0.369277 0.644311 2.15134
-0.235199 0.554381 2.27317
-0.228457 0.606722 2.48395
-0.616668 0.441513 2.84999
-1.31511 0.15001 -2.22444
-0.201844 0.766077 0.871532
-0.358683 0.854618 1.38723
-0.418148 0.852057 1.59265
-0.403926 0.759886 1.78378
-0.308219 0.809918 2.0279
-0.34085 0.815732 2.2456
-0.372089 0.74965 2.45814
-0.366981 0.522397 2.59231
-0.325721 0.425942 2.84999
-0.498159 0.15001 -2.28391
-1.62097 0.15001 -1.11372
-0.264177 0.814714 1.06717
-0.14948 0.893369 1.39689
-0.216561 1.04236 1.72215
-0.18806 0.810147 1.78701
-0.365713 0.998261 2.17949
-0.276927 0.979064 2.42069
-0.206947 0.836548 2.54593
-0.481379 0.681709 2.84999
-0.775075 0.15001 -2.03009
-0.116641 0.951769 0.990363
-0.313854 1.04725 1.31059
-0.299277 1.03447 1.53109
-0.404289 0.991046 1.77525
-0.202548 0.992306 2.04549
-0.168283 0.975057 2.24626
-0.513769 1.06961 2.50566
-0.300118 0.922907 2.70642
-0.227593 1.07297 2.85
-0.997851 0.15001 -2.28304
-0.459881 0.645382 0.896405
-0.295819 1.03421 1.07015
-0.144148 1.13279 1.4149
-0.152071 1.24002 1.73136
-0.319744 1.18787 1.8439
-0.24941 1.16647 2.17298
-0.194338 1.16907 2.39519
-0.156432 1.03602 2.59664
-2.65836 0.15001 2.84504
-0.95695 0.15001 -2.09718
-0.85702 0.15001 -1.54226
-0.288763 1.26815 1.32787
-0.400158 1.20797 1.6559
-0.291237 0.15001 1.87159
-0.28658 1.30134 2.01775
-0.132782 1.34479 2.27714
-2.19889 0.15001 -0.612979
-0.635313 1.00632 2.68802
-0.43163 0.979004 2.84999
-1.29675 0.15001 -0.904683
-1.80162 0.15001 -1.17209
-0.811342 0.15001 -1.13919
-0.241929 1.28764 1.54035
-0.198114 1.44432 1.7317
0.313447 0.15001 0.573815
-1.51151 0.15001 2.39218
-2.57225 0.15001 1.45469
-0.445981 1.12964 2.69681
-2.28953 0.15001 2.32305
-1.32668 0.15001 -1.33861
-0.678663 0.15001 -2.34244
-2.83494 0.15001 2.43324
-1.97225 0.15001 -0.842816
-2.21718 0.15001 0.531501
-0.655911 0.15001 2.43445
-0.82261 0.15001 2.31643
-1.9921 0.15001 0.856751
-1.7525 0.15001 2.14035
-1.93347 0.15001 1.65237
-1.5267 0.15001 -0.414259
0.0634582 0.549685 1.03031
-0.0284599 0.494479 1.21345
-0.2365 0.458436 1.55339
-0.225968 0.303795 1.78643
-0.289937 0.304823 1.98925
-0.20633 0.381556 2.16431
-0.0171849 0.431892 2.25665
-0.159445 0.268995 2.54676
-0.0793241 0.500359 2.66543
-0.320869 0.15001 -2.2121
-0.0697875 0.550917 0.709029
-0.184271 0.396984 0.957376
-0.0783128 0.487801 1.4133
-0.271492 0.270507 1.59715
-0.197144 0.570038 2.07104
0.1183 0.228358 2.2992
-0.193745 0.380388 2.37594
-0.243126 0.389035 2.67567
-0.143675 0.15001 2.84999
-0.816373 0.15001 -2.21714
-0.0171163 0.724816 0.956305
0.135403 0.583531 1.31299
-0.0888921 0.612383 1.5723
-0.589772 0.15001 1.84359
-0.154299 0.15001 2.01249
-0.0452901 0.430264 2.04571
-0.0542685 0.632846 2.26649
-0.0701213 0.518317 2.42944
-0.111695 0.329349 2.85
2.66668 0.15001 -0.247293
0.018254 0.719659 0.746305
0.0125508 0.700398 1.16644
-0.029552 0.711212 1.37245
-2.60627 0.15001 1.87279
-0.124059 0.72095 1.95485
0.278475 0.632698 2.21645
-0.192433 0.752613 2.35501
-0.00294892 0.682728 2.67643
0.297672 0.386543 2.84999
-0.596216 0.15001 -1.96607
0.0702442 0.892937 1.05765
-0.40197 0.15001 0.625344
-0.0180188 0.804793 1.56652
-0.101079 0.619002 1.77141
0.301376 0.15001 2.0634
-0.152311 0.762817 2.15069
-0.0187945 0.840528 2.2837
-0.0368627 0.733588 2.48159
-0.278061 0.695025 2.84999
-1.42791 0.15001 -1.9128
0.147407 0.838825 0.86606
0.0100703 0.890241 1.25581
0.0484476 1.01307 1.41705
0.0314198 0.783673 1.82122
0.0925748 0.964288 1.9079
0.146036 0.71781 2.02951
-0.0445356 1.01141 2.42073
-0.204195 0.673813 2.66914
0.321622 0.743312 2.84999
-1.46096 0.15001 -0.815257
0.0891334 1.14921 1.05762
0.170356 1.03117 1.21962
-0.0868864 1.00464 1.57046
0.0119657 1.14502 1.82083
-0.017508 1.09962 2.02486
-0.0519006 1.14767 2.22318
0.123428 1.06522 2.28448
-0.0979523 0.859802 2.72648
-1.34163 0.15001 2.81816
-0.971001 0.15001 -1.23099
0.0635625 1.02803 0.885828
-0.013251 1.13504 1.24677
0.0833046 1.224 1.42693
0.228576 1.12365 1.60214
-0.101975 0.973975 1.87208
0.203667 1.25598 2.35947
0.00206127 1.23683 2.40242
-0.203147 1.21861 2.69117
0.542152 0.565598 2.84999
-1.68288 0.15001 -0.556078
-1.36901 0.15001 -0.281993
0.208402 1.24615 1.24684
-0.676129 0.15001 1.30919
-0.124878 0.15001 1.45773
0.103003 1.33124 1.97465
-0.0810918 1.29715 2.0749
0.141701 1.43579 2.44597
0.0458487 1.29728 2.59846
-2.11582 0.15001 2.30255
-1.29341 0.15001 -1.14208
-1.68341 0.15001 -1.4787
-0.419525 0.15001 -1.89686
-1.88733 0.15001 2.0053
-0.722037 0.15001 1.08626
0.0859167 0.15001 2.07641
0.0583961 0.441165 2.53932
-0.573303 0.174308 2.84936
-2.18695 0.15001 2.84674
-0.635556 0.15001 2.20867
-0.458516 0.15001 -2.09207
0.307873 0.555869 1.01834
0.215574 0.228399 1.16003
0.0736033 0.220817 1.46925
0.111133 0.401224 1.91257
0.468445 0.22772 1.8951
0.278963 0.329478 2.19937
0.211546 0.470454 2.3276
0.213493 0.354646 2.51439
0.1297 0.179353 2.55282
-0.675064 0.15001 -1.4697
-0.0102857 0.444061 0.858455
0.0766281 0.356773 1.08995
0.0943866 0.365734 1.32228
0.16707 0.366369 1.6259
-0.144211 0.15001 1.66368
0.46695 0.399485 2.22901
-0.00428188 0.308482 2.4306
0.0300669 0.322761 2.67155
0.25176 0.15001 2.84999
-0.657799 0.15001 -1.26283
0.190969 0.452258 0.881943
1.53902 0.15001 0.840961
0.638509 0.15001 1.01984
0.00171859 0.15001 1.09433
0.0834079 0.15001 1.6782
-0.0688577 0.237088 2.20726
0.435308 0.15001 2.26102
0.326537 0.15001 2.5806
0.137942 0.487877 2.72602
-0.89817 0.15001 -2.59021
0.195873 0.575329 0.709361
0.325742 0.576957 1.22362
-1.20827 0.15001 2.67811
0.465303 0.15001 1.4501
0.031671 0.590347 1.92333
0.246414 0.462111 2.04802
0.120372 0.65223 2.34628
0.277354 0.574237 2.48455
0.490933 0.380122 2.84999
-0.644442 0.15001 -0.859816
0.182672 0.718085 1.03447
0.300979 0.693156 1.39753
0.237754 0.15001 1.34661
0.196606 0.639951 1.80834
0.364175 0.663021 1.91826
0.328774 0.77752 2.08286
0.282256 0.750806 2.38887
0.262554 0.909258 2.54994
0.31475 0.500848 2.66343
-0.921763 0.15001 -1.91333
0.30246 0.702221 0.858051
0.197701 0.783901 1.2342
0.500576 0.15001 1.16459
0.266062 0.899384 1.64662
0.380702 1.00403 2.10204
0.270554 0.903283 2.25735
0.127396 0.892969 2.40688
0.188971 0.707514 2.7037
0.366755 0.557325 2.84999
-1.16003 0.15001 -0.767893
0.274492 0.907074 1.08132
0.367175 0.958803 1.26149
0.256058 0.653393 1.61012
0.0666296 0.967637 1.70445
0.243 0.833321 1.87397
0.19222 0.929808 2.07477
0.285444 1.0519 2.41151
0.364163 1.07388 2.6163
0.300388 0.91251 2.74822
-0.522239 0.15001 -1.58466
0.348205 0.913541 0.887272
0.340212 1.11455 1.1111
0.167673 0.815765 1.48893
0.420953 1.17968 1.68831
0.187863 1.13964 1.9585
0.314437 1.14701 2.22829
0.117219 1.10689 2.52244
0.173818 1.07706 2.7225
1.35682 0.15001 2.63736
-0.825552 0.15001 -1.35324
-1.17019 0.15001 -0.564256
0.392836 1.17058 1.32218
0.313517 1.36487 1.6353
0.160531 1.27198 1.74919
0.393968 1.11844 1.92927
0.343739 1.27448 2.06422
0.362228 1.40366 2.34921
0.26507 1.27984 2.58524
0.162218 1.28349 2.77984
-0.891089 0.15001 -1.72789
-0.165589 0.15001 -1.20699
-0.826206 0.15001 -0.299067
-0.997853 0.15001 1.93595
-1.19978 0.15001 2.17413
-0.345714 0.15001 1.40026
0.0007081 0.15001 1.86355
-0.804251 0.15001 2.60231
0.137753 0.292596 2.84657
-0.152264 0.50153 2.84999
-0.718848 0.15001 -2.53035
0.379805 0.519581 0.823077
0.303704 0.357514 1.02963
0.628126 0.251831 1.30832
0.359986 0.239961 1.70679
0.620074 0.368297 1.97062
0.672111 0.298099 2.14902
0.598315 0.283929 2.3331
0.473065 0.212662 2.46085
0.547227 0.23122 2.64137
-0.359689 0.15001 -2.41513
0.583046 0.457395 0.9113
0.624363 0.351298 1.12956
0.667198 0.15001 1.47364
0.65972 0.226561 1.83406
0.486188 0.256117 2.09293
0.687096 0.449882 2.27727
0.30063 0.256609 2.38312
0.742728 0.239895 2.66582
0.761378 0.15001 2.84999
-0.637395 0.15001 -2.15494
0.411505 0.657906 0.675517
0.401813 0.334245 0.85807
1.78752 0.15001 0.917241
0.550057 0.15001 1.6514
0.706805 0.662528 1.91811
0.41077 0.559485 2.08143
0.45957 0.635969 2.41811
0.901192 0.15001 2.43346
0.387034 0.241983 2.74905
-0.761637 0.15001 -2.71689
0.604884 0.647685 0.797635
0.441056 0.15001 0.873226
0.443978 0.546368 1.64334
0.576539 0.655675 1.75977
0.525844 0.5382 1.9199
0.532878 0.575729 2.22161
0.425404 0.433459 2.46272
0.682147 0.15001 2.4739
0.539623 0.157255 2.84999
-0.560183 0.15001 -1.77573
0.391742 0.734723 1.05364
0.589395 0.886694 1.25987
0.775357 0.15001 1.65752
0.394767 0.758433 1.74011
0.533738 0.71682 2.02588
0.440407 0.785434 2.24629
0.631387 0.847957 2.46495
0.614041 0.661283 2.55257
0.566151 0.438197 2.66674
-0.540585 0.15001 -2.46865
0.533239 0.796138 0.921694
0.42844 0.759705 1.25172
0.505056 0.602888 1.37749
0.622918 0.810301 1.62953
0.429638 0.875926 1.94335
0.555965 0.906636 2.11009
0.437765 0.856222 2.44203
0.347952 0.734866 2.58468
0.761674 0.658191 2.84999
-0.704228 0.15001 -1.65708
0.476187 0.852881 0.730184
0.543534 1.08757 1.19866
0.539055 0.801277 1.44399
0.399219 0.981821 1.77428
0.588397 1.03663 1.93872
0.457398 1.00255 2.30006
0.684322 1.05245 2.41206
0.666169 0.984119 2.61114
0.514633 0.894186 2.786
-0.0889975 0.15001 -1.953
0.479181 0.94291 1.06253
0.509649 1.01022 1.41442
0.302423 0.984057 1.4579
0.613818 1.10596 1.59491
0.673653 1.24953 1.7499
0.526072 1.1638 2.10747
0.409661 1.2139 2.43477
0.415414 1.07406 2.83471
1.41439 0.15001 2.46876
-0.274746 0.15001 -2.02426
-1.19518 0.15001 -0.182824
-0.984304 0.15001 -0.849066
0.58676 1.2079 1.40918
0.474299 1.35999 1.80086
0.300816 0.15001 0.994187
0.472083 0.588748 2.66629
1.01774 0.186295 2.84999
0.496913 1.23695 2.62677
0.534644 1.27362 2.84999
-0.983455 0.15001 -1.04202
0.00811417 0.15001 -1.34242
-1.72788 0.15001 -0.364647
-0.138784 0.15001 -0.985517
0.221973 0.15001 1.85703
1.26274 0.15001 0.741929
0.618815 0.691357 2.32759
0.0368252 0.15001 2.85
-0.0518242 0.15001 2.65623
0.963677 0.15001 2.67581
-0.0638545 0.15001 -1.7595
0.764432 0.347079 0.97511
0.749032 0.509505 1.18707
0.781112 0.333177 1.43889
0.854472 0.247246 1.82682
0.675684 0.47125 1.8001
0.863085 0.329777 2.15854
0.909397 0.458402 2.34323
0.779519 0.398558 2.50302
0.922995 0.351207 2.65139
-0.550784 0.15001 -2.84831
-0.378291 0.15001 -1.70426
0.903426 0.50598 1.01282
1.08645 0.339774 1.29437
0.876582 0.448917 1.78146
0.818183 0.458978 1.97892
1.02775 0.293487 2.26204
0.803484 0.278889 2.34328
1.06512 0.585777 2.71353
1.51815 0.225583 2.84999
0.54042 0.471578 0.697403
0.651538 0.632565 1.00699
0.616528 0.67318 1.21034
2.29249 0.15001 1.2581
0.781108 0.605679 1.68077
0.907982 0.647638 1.83653
0.664659 0.529462 2.08384
0.82368 0.592867 2.22265
0.813281 0.660055 2.55971
1.19629 0.150563 2.85
-0.503209 0.15001 -1.38475
0.745046 0.482681 0.770895
0.839289 0.679238 1.10069
0.821901 0.538815 1.48231
0.965176 0.821363 1.72349
0.725906 0.87327 2.00998
0.870094 0.824161 2.15151
0.737043 0.582774 2.40542
0.992005 0.737642 2.56837
0.754885 0.494975 2.67254
-0.405219 0.15001 -2.60082
0.668183 0.836044 1.0745
0.797529 0.851725 1.24105
0.626369 0.602906 1.549
0.773209 0.790566 1.76538
0.901389 0.838484 1.92085
0.697788 0.721424 2.13789
0.799351 0.812447 2.34086
0.698268 0.787348 2.70507
0.692283 0.479756 2.84999
-0.581152 0.15001 -2.66212
0.756369 0.783421 0.89051
0.739344 1.03286 1.11263
0.707477 1.04408 1.32945
1.0053 1.01051 1.87482
0.601099 0.843892 1.84951
0.797107 0.99404 2.24283
0.813633 0.862839 2.54117
0.739837 0.960531 2.81087
0.950428 0.719095 2.84999
0.743125 0.668016 0.640185
0.790911 1.00095 0.904015
0.915061 1.05899 1.34788
0.98043 0.9305 1.5561
0.735108 0.987336 1.71361
0.801282 1.03123 1.90422
0.729834 1.10502 2.08288
0.89321 1.08639 2.40403
1.00704 1.18798 2.75688
0.664599 0.302692 2.84999
-0.643173 0.15001 -1.05711
-0.345755 0.15001 -1.5022
0.705792 1.22685 1.21331
0.79755 1.23941 1.41714
0.855897 0.15001 1.28423
0.836868 1.24312 1.9106
0.683137 1.2206 2.2506
0.736343 1.18448 2.58029
0.609864 1.11164 2.75441
0.930746 1.01807 2.84999
-0.134235 0.15001 -2.16199
-0.203888 0.15001 -1.62697
1.35683 0.15001 1.02514
0.867381 0.15001 1.48907
1.9697 0.15001 -0.0628981
1.05453 0.15001 1.47213
0.820214 1.34654 2.12709
0.820829 1.29717 2.3898
0.843841 1.3217 2.76783
2.06543 0.15001 2.20899
-0.240837 0.15001 -1.83341
-1.34381 0.15001 -0.481489
2.10436 0.15001 0.326704
-0.381958 0.15001 0.320063
1.01403 0.15001 2.12746
1.76187 0.15001 1.7929
0.25955 0.15001 1.55174
1.26531 0.449289 2.11726
0.86348 0.295806 2.84999
1.77564 0.15001 2.8497
-0.0136995 0.15001 -1.54343
1.71959 0.15001 1.60691
0.924346 0.469437 1.29575
1.14103 0.425506 1.62978
1.00873 0.288587 1.70665
1.07492 0.454681 1.81844
0.973092 0.491216 2.11972
1.03371 0.341153 2.4626
0.961296 0.521452 2.53683
1.12455 0.390366 2.67155
-0.221953 0.15001 -2.55126
-0.337268 0.15001 -1.29279
1.22412 0.373494 1.44901
1.04147 0.15001 1.88265
1.2692 0.396796 1.81435
0.950955 0.305728 1.98452
1.20914 0.279461 2.14675
1.17223 0.639448 2.54717
1.33936 0.392967 2.67512
2.03273 0.15001 2.48276
0.046003 0.15001 -2.09719
1.13424 0.458146 0.995263
0.867066 0.671766 1.32256
1.06873 0.536658 1.43529
0.978573 0.560497 1.63381
1.0556 0.609019 1.9741
1.0153 0.672373 2.20418
1.09439 0.569512 2.38519
0.92783 0.668802 2.3861
1.31519 0.529488 2.84999
-0.180621 0.15001 -2.34856
1.00701 0.52564 0.836965
1.18874 0.80459 1.41933
1.11967 0.788888 1.60602
1.10879 0.650971 1.76869
0.869584 0.655438 2.03778
1.12736 0.455939 2.2408
1.11341 0.784315 2.40194
1.14465 0.780421 2.68934
1.08238 0.874935 2.84999
0.0198398 0.15001 -2.30694
0.977792 0.691574 0.954334
1.07759 0.686944 1.27981
0.981319 0.854967 1.37148
0.919897 0.737267 1.53104
1.1082 0.828212 1.87493
1.04989 0.807634 2.06242
0.994629 0.914208 2.28858
0.993125 0.930092 2.49787
1.63275 0.521648 2.84999
0.912207 0.534466 0.647171
1.15596 0.742894 0.875559
1.11607 1.0222 1.39574
1.25057 0.963217 1.54532
1.2659 0.827024 1.75397
0.937678 1.00219 2.07435
1.27926 0.742532 2.28705
1.26768 0.9377 2.35961
1.19114 0.925205 2.55086
1.30764 0.872393 2.84999
0.145581 0.15001 -1.67147
0.91637 0.720497 0.767658
0.897469 0.862668 1.03863
0.798694 0.902811 1.46376
1.11645 0.983622 1.70166
1.28334 1.01734 1.86251
0.908925 1.16987 2.20585
1.1058 1.06756 2.40354
1.04854 0.989461 2.68568
2.84608 0.15001 1.75721
1.77822 0.15001 -2.07868
0.977276 1.06359 1.01614
1.06467 0.940123 1.19724
1.12134 1.19898 1.58684
1.12549 1.17141 1.8236
2.05944 0.15001 2.68709
1.27395 0.979983 2.08943
1.25097 1.13425 2.27488
1.13982 1.15781 2.59667
2.28753 0.15001 2.84999
-2.25127 0.15001 -1.14179
1.00804 0.889111 0.867865
1.07977 1.15323 1.21606
1.01418 1.24071 1.40671
-1.57292 0.15001 -0.21811
1.16688 0.15001 1.6246
1.10688 1.21194 2.11326
1.01634 1.25336 2.45459
2.51208 0.15001 0.37672
2.24254 0.15001 2.0909
-0.81487 0.15001 -0.749398
2.56186 0.15001 -2.83635
-0.48737 0.15001 -1.17123
-0.178504 0.15001 -1.40996
1.76798 0.15001 2.29295
-0.809914 0.15001 -0.55168
1.58691 0.15001 -0.185149
-0.202237 0.15001 -0.0887293
1.36935 0.15001 2.15409
2.63956 0.15001 2.61044
2.39814 0.15001 -2.4084
-1.5763 0.15001 0.423262
0.961537 0.15001 1.09377
1.38194 0.500446 1.50674
0.521823 0.15001 -2.09593
1.35675 0.369273 1.98386
-0.45805 0.15001 -0.556723
0.402789 0.15001 -0.692292
1.21406 0.44611 2.5029
0.469021 0.15001 -1.12034
2.6489 0.15001 -2.09499
0.941112 0.15001 -1.9847
1.32735 0.521106 1.07302
-0.99725 0.15001 -0.664292
1.57941 0.500344 1.57118
1.53767 0.318308 1.96978
1.68515 0.48833 2.27319
1.24321 0.327253 2.34661
2.28659 0.15001 2.58962
2.57871 0.15001 2.33641
0.918855 0.15001 -2.54415
1.17578 0.511743 1.22043
1.35845 0.410354 1.2906
1.21155 0.607786 1.56369
1.44187 0.447658 1.71929
1.12419 0.392816 1.99734
1.4067 0.391193 2.22772
1.50599 0.552631 2.35588
1.38446 0.55022 2.53211
1.48091 0.55522 2.71723
0.177618 0.15001 -1.47526
2.83827 0.15001 -1.9442
1.50358 0.534671 1.19832
0.673357 0.15001 -1.98851
1.50285 0.713128 1.73288
1.44687 0.56605 1.90657
1.71496 0.584947 2.0567
1.30032 0.547595 2.33935
1.58644 0.486194 2.54423
2.45236 0.15001 2.71276
1.22282 0.548407 0.814962
1.16937 0.680541 1.07533
1.28721 0.626476 1.36179
1.34505 0.770361 1.57035
1.32039 0.62479 1.73269
1.24236 0.573795 1.90989
1.40253 0.602091 2.1399
1.32473 0.758988 2.49177
1.31698 0.675631 2.69236
1.88324 0.15001 1.33728
0.171054 0.15001 -2.74252
-0.702503 0.15001 0.266932
1.40591 0.718463 1.14145
1.53864 0.701653 1.32578
1.68711 0.613247 1.71878
1.62067 0.746246 1.94233
1.41374 0.871788 2.20835
1.49943 0.76563 2.36829
1.51585 0.708009 2.56732
1.56777 0.15001 2.15793
-0.00737782 0.15001 -2.81242
1.18113 0.897453 1.02548
1.24246 0.819732 1.22336
1.454 0.946906 1.48267
1.41962 0.944584 1.68944
1.43344 0.841247 1.88892
1.26349 0.767584 2.01588
1.47265 0.973842 2.41021
1.48105 0.801488 2.75515
2.77455 0.15001 2.8437
2.84096 0.15001 -2.44817
0.941446 0.15001 -2.7984
1.44163 0.898192 1.27401
-1.32263 0.15001 0.265953
1.5188 1.03994 1.84746
1.55785 0.92657 2.07118
1.17133 0.15001 -0.0896219
1.31663 1.09836 2.49846
1.39109 0.921041 2.60551
1.25198 1.04343 2.7392
-0.0533934 0.15001 -2.61799
0.479117 0.15001 -0.070966
1.27192 1.03183 1.21524
2.80237 0.15001 0.659997
1.30347 1.12873 1.6747
1.40333 1.1395 2.00076
1.44255 1.07914 2.20653
1.93231 0.15001 2.08644
2.23836 0.15001 0.686666
2.84262 0.15001 1.99542
0.0990515 0.15001 -1.8604
-0.817992 0.15001 -0.946543
0.762937 0.15001 -1.76825
-0.475467 0.15001 -0.957977
-1.96988 0.15001 0.306127
2.22888 0.15001 -0.39993
0.852665 0.15001 0.834085
-1.27734 0.15001 0.586557
2.45512 0.15001 2.49965
1.17077 0.15001 0.172694
1.84566 0.15001 -2.82807
0.647697 0.15001 -2.73751
2.35376 0.15001 -2.22019
2.73875 0.15001 -2.71365
-0.312749 0.15001 -1.06904
0.316296 0.15001 -1.77444
-0.62976 0.15001 -0.662038
0.732119 0.15001 -0.247815
-0.0984386 0.15001 -0.567115
2.79637 0.15001 -0.0152808
2.79202 0.15001 -1.66352
2.84995 0.15001 -0.998527
0.382843 0.15001 -0.893277
1.92552 0.15001 -0.85903
2.6112 0.15001 -0.612943
2.43717 0.15001 -0.947033
2.34999 0.15001 -0.66549
2.08793 0.15001 -0.679502
2.52659 0.15001 0.576912
2.84239 0.15001 2.63496
1.51523 0.15001 -2.72302
0.775635 0.15001 -1.48109
2.08358 0.15001 -1.46604
1.91115 0.15001 -1.37073
0.271046 0.15001 -1.11001
-0.264715 0.15001 -0.662316
-0.629677 0.15001 -0.462295
2.84999 0.15001 -0.642158
0.832273 0.15001 0.305107
2.84806 0.15001 2.19505
2.81299 0.15001 -1.27958
1.74334 0.15001 -1.85095
2.62908 0.15001 -0.871998
1.56543 0.15001 -2.00206
0.77637 0.15001 -1.22316
1.74137 0.15001 -0.837013
0.781176 0.15001 -0.634338
0.527026 0.15001 0.665743
2.19759 0.15001 0.157025
1.29433 0.15001 -0.441585
-0.196487 0.15001 -2.75547
1.65299 0.15001 -1.0447
2.38788 0.15001 -1.27257
1.0561 0.15001 -1.02697
0.626924 0.15001 -1.62491
1.62782 0.470054 1.86842
2.44199 0.15001 -0.257886
2.76086 0.15001 -0.473931
2.46462 0.15001 -0.435222
2.8011 0.15001 1.29128
2.63606 0.15001 -1.87756
0.474719 0.15001 -2.62043
1.70273 0.610551 1.44422
1.55123 0.750699 1.53114
-1.25614 0.15001 0.867541
-0.287017 0.15001 -0.849813
1.59029 0.71375 2.18462
2.30894 0.15001 1.90435
1.56905 0.15001 0.386305
2.78246 0.15001 2.42052
1.36137 0.15001 -2.10003
0.163117 0.15001 -2.42111
2.60762 0.15001 -1.13043
1.17018 0.15001 -1.78783
1.53142 0.15001 -1.25396
0.561026 0.15001 -1.44705
0.680338 0.15001 -0.0375567
-0.848688 0.15001 0.00633615
2.7195 0.15001 1.00439
1.66264 0.695937 2.71827
2.65333 0.15001 -1.38309
0.796647 0.15001 -2.29335
1.83814 0.15001 -2.46417
0.0342852 0.15001 -1.13995
-1.2952 0.15001 1.43861
0.349992 0.15001 -1.55683
-0.0104866 0.15001 -0.105738
1.1108 0.15001 -0.297477
1.50561 0.15001 -0.867347
2.60479 0.15001 1.93948
0.217753 0.15001 -2.01607
-0.598746 0.15001 1.52694
-0.441752 0.15001 -0.362476
0.0628851 0.15001 -0.938618
-1.01253 0.15001 0.392122
-1.00665 0.15001 -0.460996
-0.108414 0.15001 -0.799575
1.14656 0.15001 -1.99583
0.402516 0.15001 -1.30611
-0.852574 0.15001 0.672672
2.57292 0.15001 -2.48086
2.02818 0.15001 -1.8688
0.200781 0.15001 -1.28555
-0.455459 0.15001 -0.756955
-1.81825 0.15001 0.062527
0.972048 0.15001 0.565712
2.79658 0.15001 0.368594
0.263969 0.15001 0.188337
2.81711 0.15001 1.48839
2.22416 0.15001 1.74238
