1000 0.1
-1.60031 0.15001 -2.24789
-1.99673 0.15001 -2.58893
-1.51181 0.15001 -2.07766
-1.15772 0.15001 -2.14883
-1.91656 0.15001 -1.78231
-0.571686 0.15001 1.49025
-2.82684 0.15001 -0.994858
-2.64149 0.15001 0.0412427
-2.11444 0.15001 -1.04697
-2.31502 0.15001 0.853561
-1.73074 0.15001 -2.7538
-2.6427 0.15001 -2.67276
-2.66733 0.15001 -2.49454
-2.0321 0.15001 -2.30449
-2.84999 0.15001 -1.90525
-2.75559 0.15001 -1.54247
-2.29437 0.15001 -1.09825
-2.66472 0.15001 -1.09701
-2.74485 0.15001 1.64309
-2.33607 0.15001 2.49778
-1.91949 0.15001 -2.76026
-2.80677 0.15001 -2.78071
-2.12879 0.15001 -2.45942
-1.54513 0.15001 -0.904214
-2.78088 0.15001 -2.20319
-2.06192 0.15001 -1.42973
-1.39174 0.15001 0.165392
-1.31482 0.15001 -0.484312
-2.69882 0.15001 2.33163
-2.82818 0.15001 1.89234
-1.81065 0.15001 -2.58808
-2.4553 0.15001 -2.66564
-2.30548 0.15001 -2.39765
-2.8399 0.15001 -1.71666
-2.8458 0.15001 -1.37082
-2.67924 0.15001 -1.8312
-2.84254 0.15001 -1.17575
-2.79722 0.15001 -0.222825
-2.82729 0.15001 0.973789
-2.29326 0.15001 1.5378
-1.0317 0.15001 -2.27755
-1.24004 0.15001 -1.10509
-1.22853 0.15001 -0.898303
-1.36752 0.15001 -1.70716
-1.37038 0.15001 -1.89363
-0.781872 0.404555 1.93657
-2.66554 0.15001 -1.29087
-2.63434 0.15001 -0.902526
-2.38784 0.15001 -0.208744
-2.83074 0.15001 2.8097
-2.45932 0.15001 -2.84999
-1.02241 0.15001 -1.84102
-1.78537 0.15001 -2.25469
-2.82269 0.15001 -2.59641
-2.54449 0.15001 -1.96573
-2.38776 0.15001 -1.61163
-2.60458 0.15001 -1.65236
-2.65762 0.15001 1.07434
-2.58859 0.15001 1.82411
-2.61106 0.15001 2.49225
-1.51461 0.15001 -2.41202
-1.88771 0.15001 -2.41971
-2.28251 0.15001 -2.57892
-2.47538 0.15001 -2.47775
-2.36348 0.15001 -1.9499
-1.99159 0.15001 -1.95423
-2.48587 0.15001 -1.79394
-2.47394 0.15001 -1.02888
-2.81863 0.15001 0.114841
-2.31963 0.15001 2.29335
-2.11176 0.15001 -2.74043
-1.70221 0.15001 -2.41834
-1.62202 0.15001 -2.5823
-2.82635 0.15001 -2.39265
-2.71307 0.15001 -2.03123
-2.18245 0.15001 -1.9844
-2.41784 0.15001 -0.454084
-2.80421 0.15001 -0.811916
-2.84538 0.15001 1.45031
-2.84819 0.15001 2.46835
-1.29562 0.15001 -1.53703
-1.20211 0.15001 -1.78419
-1.32457 0.15001 -2.07306
-2.63739 0.15001 -2.3165
-2.45012 0.15001 -2.29167
-2.46253 0.15001 -1.2155
-2.26309 0.15001 -1.2829
-2.57486 0.15001 -1.46296
-2.46237 0.15001 0.229249
-2.48842 0.15001 1.19618
-0.999251 0.15001 -2.03056
-2.2973 0.15001 -2.76359
-2.63943 0.15001 -2.84999
-2.55555 0.15001 -2.1469
-1.69747 0.15001 -2.08573
-2.01236 0.15001 -1.62047
-2.18963 0.15001 -1.63821
-0.844343 0.15001 -0.0216209
-2.70158 0.15001 -0.610481
-2.69069 0.15001 0.335743
-1.24925 0.15001 -2.58327
-0.377465 0.15001 1.09926
-0.633322 0.15001 1.30487
-0.452151 0.275653 1.5916
-0.524718 0.325677 1.80786
-0.588061 0.15001 1.81518
-1.16389 0.15001 1.08241
-0.498948 0.221835 2.352
-0.472292 0.282182 2.54363
-0.608583 0.240743 2.67961
-1.54401 0.15001 -2.74833
-0.521132 0.286455 1.05502
-1.02989 0.15001 -0.563213
-0.611507 0.367922 1.48462
-0.644776 0.266933 1.66244
-2.21894 0.15001 -0.483029
-0.666781 0.250867 2.23894
-0.654681 0.286091 2.44178
-0.6862 0.417988 2.58473
-0.546224 0.15001 2.84999
-0.982504 0.15001 -2.77701
-0.560677 0.336144 1.24465
-0.537815 0.535083 1.3247
-0.430686 0.461809 1.47612
-0.504966 0.452712 1.66191
-0.575187 0.505985 1.85054
-2.0402 0.15001 0.215092
-0.473587 0.492709 2.30419
-0.514515 0.465101 2.49676
-0.633278 0.381011 2.84999
-1.3561 0.15001 -2.74924
-0.664268 0.15001 -2.30434
-1.79825 0.15001 -1.92956
-0.575847 0.588568 1.52977
-0.70026 0.480042 1.68798
-0.603935 0.416154 2.02343
-0.650189 0.470767 2.20248
-0.686948 0.487291 2.39361
-0.810897 0.277244 2.55038
-0.540877 0.574669 2.84999
-0.909553 0.15001 -1.53673
-0.466692 0.464929 1.10412
-0.509001 0.745099 1.34708
-0.48152 0.797668 1.60486
-0.554948 0.665757 1.73756
-0.46309 0.649948 1.93521
-0.475706 0.574156 2.12062
-0.439534 0.69047 2.34954
-0.503788 0.602329 2.63296
-0.78934 0.298562 2.74276
-0.851352 0.15001 -1.91053
-1.40749 0.15001 -1.19519
-2.35815 0.15001 -2.12863
-0.647687 0.777542 1.49727
-2.29721 0.15001 -1.78237
-0.635895 0.671658 2.02534
-0.62241 0.661039 2.26327
-0.609803 0.656234 2.46869
-2.21459 0.15001 0.151829
-2.16387 0.15001 2.84696
-1.07112 0.15001 -1.20032
-1.14224 0.15001 -2.42698
-0.404229 0.635669 1.19717
-0.424101 0.93199 1.4611
-2.41077 0.15001 -1.40432
-0.372254 0.846535 2.02933
-0.519508 0.787518 2.14918
-0.374573 0.879788 2.32828
-0.67775 0.550523 2.72352
-2.63663 0.15001 2.84382
-1.32896 0.15001 -2.4166
-1.47789 0.15001 -1.55634
-1.60856 0.15001 -1.91332
-1.83607 0.15001 -1.60402
-2.10877 0.15001 -1.80765
-0.562821 0.898774 1.97903
-0.585353 0.887653 2.30813
-2.24215 0.15001 -0.911208
-0.926485 0.15001 0.738657
-2.51457 0.15001 2.24824
-1.16928 0.15001 -1.96489
-1.23771 0.15001 -1.30258
-2.06722 0.15001 -2.12816
-1.72941 0.15001 -1.75498
-2.21637 0.15001 -2.23735
-1.88487 0.15001 -2.10201
-0.436033 0.991603 2.15674
-2.07524 0.15001 0.617247
-1.98353 0.15001 1.21012
-2.00087 0.15001 2.49779
-0.881495 0.15001 -1.71837
-1.39741 0.15001 -0.996686
-2.24219 0.15001 -1.46963
-1.65814 0.15001 -1.57685
-1.71825 0.15001 -0.117851
-0.981446 0.15001 -0.210131
-1.98603 0.15001 -0.921951
-1.76522 0.15001 2.438
-1.854 0.15001 0.968938
-2.15746 0.15001 1.38298
-0.839577 0.15001 -1.25105
-0.210819 0.15001 0.984197
-0.253191 0.292878 1.21434
-0.311901 0.312756 1.44725
-0.348176 0.15001 1.70014
-0.370558 0.248719 1.88528
-0.355248 0.252223 2.07874
-0.320739 0.199545 2.30353
-0.300772 0.202259 2.51396
-0.38682 0.171897 2.69674
-1.16727 0.15001 -2.75079
-0.418807 0.15001 0.894084
-0.380632 0.410083 1.28757
-0.309175 0.41758 1.62445
-0.421639 0.435038 1.96474
-0.534746 0.229949 1.99503
-0.498923 0.333988 2.18083
-0.341315 0.368317 2.39239
-0.504751 0.404272 2.70948
-0.188801 0.173499 2.85
-0.728264 0.15001 0.14006
-0.271387 0.436541 1.08772
-0.188532 0.465496 1.27858
-0.214681 0.502745 1.46606
-0.200816 0.579096 1.63446
-0.241311 0.419674 1.91258
-0.333402 0.426868 2.1552
-0.181346 0.387747 2.26594
-0.19335 0.403101 2.5173
-0.375004 0.282511 2.84999
-1.43463 0.15001 -2.58114
-0.185356 0.544964 0.932636
-0.354644 0.624056 1.39294
-0.383379 0.624891 1.59545
-0.379106 0.532136 1.78798
-0.28125 0.565297 2.045
-0.28606 0.567337 2.27786
-0.344565 0.544244 2.4524
-0.351791 0.481555 2.6332
-0.204079 0.357708 2.84999
-0.610147 0.15001 -2.82665
-1.40609 0.15001 -1.38321
-0.212513 0.601349 1.14835
-0.16183 0.665229 1.37294
-0.192505 0.798116 1.72476
-0.194294 0.58825 1.81434
-0.336681 0.718209 2.17324
-0.247943 0.726648 2.41582
-0.186765 0.601254 2.54446
-0.396135 0.465498 2.84999
-0.762267 0.15001 -2.46123
-0.103891 0.721045 1.00763
-0.314985 0.813511 1.32344
-0.289763 0.814271 1.54982
-0.382719 0.761722 1.77232
-0.171252 0.744227 2.06571
-0.158183 0.734957 2.25634
-0.517212 0.83431 2.49024
-0.266725 0.684887 2.72004
-0.232842 0.844719 2.84999
-1.06151 0.15001 -2.59904
-0.445183 0.443516 0.893236
-0.283887 0.807668 1.06702
-0.14021 0.894073 1.41249
-0.173267 0.998078 1.74371
-0.331453 0.942217 1.86324
-0.245257 0.918821 2.17372
-0.185818 0.920527 2.3908
-0.167052 0.793563 2.58868
-2.06417 0.15001 2.67719
-0.952542 0.15001 -2.44613
-0.669581 0.15001 -1.91795
-0.291237 1.03723 1.34091
-0.388523 0.96602 1.67277
-0.285879 0.695338 1.92169
-0.272008 1.05439 2.0229
-0.113879 1.10183 2.27123
-2.11043 0.15001 0.0156477
-0.617404 0.746949 2.68211
-0.40333 0.718384 2.84999
-0.74243 0.15001 -1.42395
-1.56872 0.15001 -1.30561
-0.389657 0.15001 -1.77743
-0.252604 1.05937 1.54824
-0.194405 1.20087 1.73293
0.371541 0.15001 -0.657072
-0.733549 0.15001 0.411655
-1.52953 0.15001 1.11251
-0.450291 0.902871 2.68861
-1.86486 0.15001 2.75539
-1.0663 0.15001 -1.65592
-0.798659 0.15001 -2.81114
-1.05162 0.15001 1.77502
-1.38174 0.15001 -0.786636
-1.4312 0.15001 0.825763
-0.830377 0.15001 1.81693
-0.875779 0.15001 2.06619
-1.67203 0.15001 1.24489
-1.84672 0.15001 2.09648
-1.64035 0.15001 2.26379
-0.900625 0.15001 -1.06271
0.0788678 0.320968 1.06654
-0.0257202 0.287457 1.2353
-0.212338 0.229066 1.57972
-0.149339 0.15001 1.79279
-0.227238 0.15001 1.97627
-0.198627 0.195488 2.16946
-0.0265807 0.258029 2.25024
-0.120674 0.17191 2.57353
-0.0621676 0.285791 2.71299
-0.413283 0.15001 -2.84971
-0.062606 0.32849 0.735678
-0.128539 0.30424 1.06275
-0.112892 0.347948 1.41247
-0.057882 0.15001 1.63499
-0.149342 0.373833 2.07454
0.131697 0.15165 2.18029
-0.151875 0.250137 2.39727
-0.24985 0.305479 2.67446
-0.000927064 0.15001 2.84999
-0.876888 0.15001 -2.62141
-0.00345893 0.478414 0.981358
0.122556 0.388735 1.30026
-0.097174 0.387717 1.60504
-0.246172 0.293417 1.7562
-0.0620489 0.21269 1.93301
0.0419951 0.3953 2.11023
0.0107784 0.438246 2.28917
-0.00623921 0.37063 2.46817
0.0515341 0.31537 2.84999
0.126402 0.15001 0.742394
0.0214903 0.497607 0.788317
-0.0132746 0.477426 1.17063
-0.0134533 0.513374 1.35172
-0.166491 0.15001 1.40716
-0.0961031 0.550556 1.96892
0.182017 0.529692 2.20347
-0.132857 0.526885 2.38461
-0.00285436 0.450105 2.64439
0.247684 0.364833 2.84999
-0.568213 0.15001 -2.48035
0.0773699 0.666638 1.07043
-0.142566 0.15001 1.21048
-0.011505 0.559669 1.52353
-0.0986171 0.422451 1.79796
0.228124 0.351022 1.95821
-0.128369 0.554357 2.16247
-0.00570172 0.622817 2.2951
0.0213527 0.572976 2.48987
-0.0631663 0.469877 2.84999
-1.40952 0.15001 -2.24048
0.155895 0.59327 0.908046
0.00442096 0.668977 1.24535
0.00674258 0.761019 1.41704
0.061779 0.577092 1.85346
0.0959691 0.732062 1.94368
0.0684988 0.569534 2.05494
-0.0423465 0.772069 2.41789
-0.177238 0.480509 2.69126
0.270987 0.551025 2.84999
-0.976341 0.15001 -1.36569
0.0931768 0.906843 1.06517
0.166893 0.800189 1.20443
-0.112656 0.735367 1.55737
0.0182162 0.916966 1.82732
-0.0228987 0.865465 2.01257
-0.0573849 0.900305 2.2311
0.114369 0.83519 2.31469
-0.0630902 0.627197 2.6746
-0.24076 0.532647 2.84999
-0.728025 0.15001 -1.61469
0.0786576 0.78378 0.903838
0.00140737 0.902204 1.25746
0.0827618 0.998694 1.41964
0.242517 0.905338 1.6097
-0.0786392 0.737457 1.86719
0.203537 1.00935 2.35958
0.0103233 0.995872 2.38931
-0.200362 0.967909 2.6912
0.423515 0.650005 2.84999
-1.1653 0.15001 -0.712419
-0.915142 0.15001 -0.861178
0.217918 1.01943 1.25355
-0.153377 0.758179 1.20886
0.169093 0.318791 1.78425
0.102107 1.07634 1.9797
-0.074876 1.03781 2.08239
0.148201 1.18633 2.43625
0.0666729 1.05454 2.57597
-1.30594 0.15001 2.44843
-1.12335 0.15001 -1.47287
-1.54818 0.15001 -1.73421
-0.37259 0.15001 -2.50861
0.00244591 0.195005 1.47551
0.0868723 0.252048 1.63849
-0.0102738 0.702112 2.13579
0.0571565 0.725282 2.58338
-0.361411 0.683983 2.56176
-1.43677 0.15001 2.83497
-1.5182 0.15001 2.67435
-0.504102 0.15001 -2.67153
0.292129 0.312339 1.03454
0.282441 0.15001 1.3048
0.177248 0.15001 1.52149
0.095406 0.15001 1.99128
0.392813 0.15001 1.87492
0.330351 0.156364 2.22282
0.15437 0.296973 2.30427
0.163896 0.283607 2.49204
0.24916 0.15001 2.59886
-0.488724 0.15001 -1.9408
-0.0268669 0.246827 0.908552
0.167714 0.174923 1.15046
0.0962137 0.154232 1.3258
0.219315 0.15001 1.72937
0.275215 0.15001 2.05702
0.497468 0.247282 2.19278
0.0269955 0.163551 2.41819
0.0630275 0.16118 2.62183
0.185057 0.186807 2.84999
-0.303142 0.15001 -1.97701
0.176681 0.232313 0.896576
0.439198 0.231279 1.27254
0.359646 0.15001 1.48073
0.0461379 0.15001 1.79648
0.227097 0.181553 1.89337
-0.0414326 0.15001 2.10081
0.397197 0.260414 2.3577
0.377459 0.276552 2.63822
0.168338 0.31319 2.68706
-0.203275 0.15001 -2.84951
0.207461 0.346811 0.727415
0.300602 0.384762 1.21638
-0.406679 0.15001 1.33375
0.282235 0.273935 1.6058
0.0395947 0.401338 1.92243
0.229343 0.322127 2.1396
0.172627 0.465183 2.38036
0.161692 0.45688 2.56083
0.40788 0.298886 2.84999
-0.124666 0.15001 -1.6463
0.175933 0.491084 1.09232
0.318497 0.49292 1.37508
0.242726 0.284744 1.41665
0.23218 0.515688 1.80736
0.384354 0.477421 1.93248
0.355732 0.556943 2.11602
0.331076 0.559273 2.37438
0.223501 0.668806 2.53432
0.303401 0.463412 2.68703
-0.849748 0.15001 -2.28515
0.295647 0.460119 0.878885
0.176356 0.577333 1.2646
0.465218 0.294059 1.51414
0.326852 0.710426 1.66006
0.389885 0.749176 2.11281
0.2883 0.697319 2.25333
0.153509 0.65513 2.36895
0.13306 0.585674 2.68623
0.434906 0.473596 2.84999
-0.637469 0.15001 -1.26924
0.27492 0.672315 1.10375
0.350771 0.714899 1.28584
0.298624 0.518939 1.62923
0.125427 0.758386 1.74677
0.278755 0.675084 1.9041
0.218524 0.677614 2.07842
0.287874 0.798846 2.41202
0.375273 0.820827 2.5905
0.304771 0.672436 2.69465
-0.434538 0.15001 -2.11708
0.3404 0.681176 0.913234
0.330681 0.885626 1.12202
0.211379 0.59675 1.49275
0.418391 0.960485 1.69993
0.184793 0.898504 1.95159
0.31642 0.898313 2.23695
0.133372 0.881118 2.49915
0.201855 0.846917 2.67705
0.606876 0.671247 2.84999
-0.585244 0.15001 -1.75506
-0.723756 0.15001 -1.11107
0.404266 0.939939 1.31108
0.310627 1.11999 1.64949
0.15359 1.03651 1.74723
0.379183 0.857168 1.9627
0.356627 1.02104 2.07213
0.360613 1.14635 2.36234
0.267582 1.0443 2.56802
0.162769 1.04918 2.75757
-0.807461 0.15001 -2.09452
0.167707 0.15001 -1.82019
-0.724353 0.15001 -0.724378
0.177396 0.7198 1.37076
0.0279244 0.494066 1.69006
0.28924 0.822927 1.79814
0.130641 0.822032 2.13018
-0.114144 0.648333 2.84999
-0.0178446 0.783911 2.75861
0.0618528 0.635285 2.84999
0.0811855 0.15001 -2.64064
0.374185 0.285761 0.842149
0.356471 0.15001 1.12904
0.530756 0.15001 1.40729
0.389549 0.15001 1.68173
0.624145 0.17067 1.95115
0.650927 0.15001 2.13342
0.546315 0.15001 2.3443
0.416889 0.151624 2.50135
0.505023 0.15001 2.66884
0.507315 0.15001 -2.66889
0.609822 0.256394 0.916036
0.597205 0.15001 1.23285
0.540533 0.15001 1.592
0.548535 0.15001 1.78459
0.462433 0.150364 2.04288
0.670548 0.281419 2.27211
0.248645 0.15001 2.39131
0.681611 0.15001 2.75289
0.845583 0.15001 2.84999
-0.692621 0.15001 -2.65168
0.406865 0.428005 0.707887
0.438755 0.15001 0.951811
0.746971 0.155486 1.33172
0.428458 0.301534 1.77927
0.717712 0.465312 1.92795
0.40396 0.374958 2.09096
0.485991 0.447213 2.40932
0.61146 0.15001 2.51649
0.341799 0.15001 2.76843
-0.0067581 0.15001 -2.80906
0.612762 0.436303 0.825193
0.52317 0.22376 1.089
0.473142 0.460957 1.62908
0.579967 0.459004 1.79018
0.536763 0.355494 1.94856
0.533488 0.422524 2.23005
0.32633 0.392361 2.49097
0.622273 0.287449 2.64126
0.513057 0.15001 2.84999
-0.471825 0.15001 -2.30381
0.370529 0.492825 1.05526
0.585456 0.64527 1.27234
0.601377 0.294785 1.6709
0.408946 0.580106 1.77978
0.547812 0.524628 2.05939
0.479683 0.595422 2.26157
0.63143 0.625619 2.38409
0.58633 0.535899 2.5406
0.501088 0.450831 2.68072
0.281799 0.15001 -2.64208
0.521289 0.556704 0.952004
0.432114 0.548527 1.22483
0.498592 0.473446 1.42635
0.574333 0.633135 1.7044
0.45497 0.660408 1.9639
0.580885 0.70837 2.13564
0.451743 0.691389 2.43976
0.390707 0.565212 2.55737
0.62032 0.490247 2.84999
-0.625045 0.15001 -2.11212
0.469911 0.613767 0.768975
0.547403 0.848867 1.1966
0.484068 0.645839 1.54
0.464148 0.755148 1.79207
0.60001 0.785829 1.96645
0.475027 0.776775 2.27733
0.655262 0.81166 2.36689
0.608343 0.732828 2.55598
0.489789 0.677182 2.68118
0.0348001 0.15001 -2.443
0.465089 0.719799 1.07037
0.513681 0.774444 1.38444
0.330451 0.745713 1.47622
0.587308 0.858616 1.62858
0.665564 1.00418 1.75278
0.506805 0.894111 2.11441
0.373443 0.966891 2.43207
0.467083 0.840731 2.80428
1.0092 0.473109 2.84999
-0.315363 0.15001 -2.68999
-0.491452 0.15001 -1.1338
-0.441907 0.15001 -1.37166
0.5921 0.959013 1.40978
0.471963 1.13431 1.79723
0.526016 0.91028 1.85075
0.51461 0.857825 2.47394
0.931765 0.855456 2.57979
0.502004 0.974964 2.63649
0.543801 1.01776 2.84999
-0.562484 0.15001 -1.5398
0.245774 0.15001 -2.03815
-1.07201 0.15001 -1.00178
0.605386 0.15001 -1.51348
0.440034 0.8717 1.52739
0.730573 0.637277 1.60333
0.512637 0.946613 2.30529
0.219703 0.718751 2.84999
0.113771 0.471592 2.84999
0.833629 0.448387 2.84999
0.198552 0.15001 -2.3479
0.69336 0.152259 1.06558
0.746431 0.308376 1.18745
0.695379 0.15001 1.50589
0.718687 0.15001 1.7092
0.692168 0.30086 1.83538
0.832911 0.174824 2.17916
0.885131 0.27328 2.34493
0.780531 0.207686 2.5764
0.934337 0.174928 2.67758
0.788047 0.15001 -2.84302
-0.277215 0.15001 -2.33489
0.872649 0.219671 1.06099
1.03281 0.159194 1.3449
0.871394 0.2351 1.80011
0.788721 0.265539 2.00072
1.01614 0.163945 2.25703
0.748581 0.150021 2.38879
1.01466 0.400039 2.68302
1.03552 0.15001 2.84999
0.5368 0.259718 0.721806
0.673111 0.415268 1.02801
0.628964 0.454211 1.23176
0.893157 0.15001 1.22583
0.785914 0.428153 1.72848
0.904943 0.411042 1.87132
0.666387 0.376472 2.09785
0.807695 0.406461 2.23147
0.770379 0.481116 2.53482
0.944407 0.305337 2.84999
-0.118645 0.15001 -2.00096
0.740997 0.275137 0.772843
0.854518 0.444495 1.11194
0.746411 0.412622 1.45217
0.961798 0.569813 1.7552
0.731052 0.634792 2.04383
0.852028 0.584501 2.18042
0.677845 0.436383 2.37849
0.95702 0.522732 2.55506
0.817067 0.37536 2.6819
0.38925 0.15001 -2.84108
0.643973 0.615275 1.08872
0.762577 0.594913 1.24565
0.654354 0.477289 1.60715
0.779018 0.616173 1.78684
0.893859 0.607399 1.94331
0.6699 0.552256 2.21249
0.823011 0.620456 2.37091
0.673281 0.605912 2.69045
0.583925 0.314961 2.84999
0.191132 0.15001 -2.81824
0.750242 0.562788 0.906506
0.725594 0.799592 1.11081
0.706798 0.80357 1.32784
0.979801 0.760055 1.85108
0.620347 0.619362 1.88836
0.758694 0.736383 2.23399
0.776218 0.673593 2.54114
0.81031 0.778319 2.69747
0.867285 0.587143 2.69751
0.737257 0.445878 0.6639
0.791247 0.773882 0.917639
0.903967 0.83866 1.36031
0.928012 0.714633 1.62251
0.654489 0.786706 1.78499
0.794119 0.780112 1.92844
0.728904 0.852769 2.09449
0.843894 0.841101 2.39762
0.996644 0.9368 2.75274
0.755472 0.297938 2.84999
-0.197874 0.15001 -1.82722
-0.242647 0.15001 -2.15326
0.697195 0.98805 1.21608
0.782821 1.01285 1.41479
0.909381 0.321284 1.46223
0.795467 1.00135 1.9177
0.688434 0.966234 2.25049
0.725425 0.917575 2.55821
0.635209 0.839678 2.71838
0.921722 0.785272 2.84999
-0.130127 0.15001 -2.65818
-0.077818 0.15001 -2.27714
0.954591 0.562559 1.18846
0.783243 0.279252 1.59741
0.65843 0.563053 1.42677
0.82801 0.784967 1.74598
0.813161 1.10187 2.14276
0.817356 1.05566 2.37179
0.85859 1.08671 2.76673
2.36597 0.15001 2.2901
-0.153903 0.15001 -2.46762
-0.724802 0.15001 -0.921699
-0.440877 0.15001 0.282586
0.72457 0.15001 0.434974
0.884339 0.15001 1.45464
1.16945 0.698975 1.98433
0.627137 0.967495 1.99612
1.04575 0.827829 2.22073
0.781301 0.614546 2.84999
1.32494 0.29811 2.84999
0.105448 0.15001 -2.17831
0.874527 0.15001 0.872388
0.965626 0.313155 1.22844
1.08151 0.211172 1.60645
0.904799 0.15001 1.6344
1.06551 0.209172 1.80481
0.963234 0.301416 2.12154
1.01609 0.166497 2.45712
0.926534 0.32611 2.52913
1.11382 0.239966 2.69787
0.590667 0.15001 -2.84687
0.357093 0.15001 -1.67055
1.19494 0.173816 1.44225
1.27297 0.15001 1.65443
1.25562 0.231339 1.84226
0.945655 0.158546 1.96753
1.18336 0.165451 2.16299
1.12905 0.447041 2.52897
1.30429 0.201388 2.67277
1.21987 0.15001 2.84999
0.354159 0.15001 -2.46314
1.05671 0.277937 1.05224
0.865165 0.449288 1.31026
1.08906 0.342897 1.44582
0.961519 0.370785 1.65721
1.04004 0.429941 2.00369
1.00165 0.46962 2.22129
1.09661 0.359422 2.35337
0.910606 0.455722 2.38736
1.14481 0.36279 2.84999
0.566286 0.15001 -2.48307
1.00968 0.302734 0.853824
1.18454 0.573472 1.43775
1.10503 0.547429 1.62293
1.09416 0.413143 1.79261
0.855173 0.448676 2.05311
1.14809 0.354597 2.16362
1.06869 0.584598 2.41491
1.13664 0.555951 2.69714
1.06147 0.644397 2.84999
0.964632 0.15001 -2.37982
0.979076 0.458953 0.96571
1.0681 0.466613 1.2871
0.974315 0.617038 1.36665
0.879424 0.531522 1.58467
1.08088 0.573572 1.89458
1.01896 0.61277 2.09288
0.975291 0.67743 2.28037
0.954481 0.699337 2.49786
1.57278 0.252685 2.84999
0.908978 0.3148 0.685734
1.15366 0.521567 0.894754
1.11951 0.790395 1.39233
1.22991 0.734414 1.55251
1.22605 0.598398 1.76824
0.903109 0.765906 2.09082
1.16496 0.581438 2.26251
1.24677 0.689642 2.39885
1.15704 0.70007 2.5683
1.32079 0.66073 2.84999
0.362459 0.15001 -2.21859
0.908267 0.493903 0.778272
0.886756 0.620325 1.02142
0.827926 0.690293 1.45648
1.10654 0.742463 1.70536
1.28518 0.802855 1.85252
0.872515 0.921627 2.21209
1.09154 0.817979 2.42631
1.01751 0.728224 2.69219
2.52996 0.15001 1.69556
1.4386 0.15001 -2.4681
0.974797 0.837554 1.01395
1.09081 0.715817 1.21054
1.12553 0.972944 1.58004
1.11265 0.916002 1.82556
1.28033 0.558445 1.94851
1.19348 0.742042 2.16061
1.23516 0.880035 2.30218
1.13424 0.918634 2.60435
1.42388 0.15001 2.84999
-2.04385 0.15001 -1.23579
1.00322 0.671901 0.879644
1.07927 0.918114 1.22008
1.00948 0.998313 1.41106
-0.333003 0.15001 -1.02124
1.76757 0.15001 1.84408
1.10605 0.988415 2.11397
1.01234 1.00023 2.44972
2.015 0.15001 1.51026
2.46052 0.15001 2.46254
-0.244402 0.15001 -1.39485
1.82463 0.15001 -2.49833
-0.0167605 0.15001 -1.80987
0.0653359 0.15001 -1.98917
1.43344 0.496152 2.04736
0.289702 0.15001 -0.891691
1.45338 0.15001 0.291151
0.812842 0.15001 -0.663028
1.8713 0.15001 2.06833
1.93607 0.15001 2.61687
2.03974 0.15001 -2.84999
1.14973 0.15001 -0.492971
2.00587 0.15001 0.609734
1.35121 0.26877 1.51073
0.765908 0.15001 -2.07656
1.30764 0.222005 2.02601
0.994073 0.15001 -1.79101
1.90002 0.15001 -1.44388
1.17712 0.263521 2.52119
2.33375 0.15001 0.171105
2.84283 0.15001 -2.84999
1.62713 0.15001 -2.33641
1.29534 0.316426 1.09949
-0.334444 0.15001 -1.22703
1.53227 0.287668 1.58372
1.49879 0.253019 2.0589
1.59911 0.270607 2.23193
1.22956 0.202493 2.34999
1.78991 0.15001 2.32882
2.3077 0.15001 2.75778
1.11781 0.15001 -2.6891
1.1553 0.261847 1.23194
1.33713 0.205301 1.30352
1.20097 0.37214 1.59525
1.42359 0.260599 1.74547
1.11468 0.251054 1.99287
1.38038 0.221537 2.22841
1.47195 0.335744 2.36758
1.36491 0.319339 2.52715
1.46628 0.353624 2.70368
0.423435 0.15001 -2.03927
2.61171 0.15001 -2.84762
1.47644 0.319112 1.20776
1.36122 0.15001 -2.2872
1.48353 0.488559 1.73288
1.41832 0.377881 1.9093
1.66945 0.369269 2.0568
1.28474 0.426333 2.30065
1.56371 0.257913 2.54614
1.87443 0.15001 2.83741
1.20889 0.333668 0.825392
1.13788 0.4578 1.09862
1.25455 0.393425 1.36414
1.32269 0.534471 1.58571
1.29705 0.415346 1.75477
1.22339 0.396529 1.93858
1.33644 0.374963 2.12952
1.30329 0.510269 2.47071
1.29723 0.452931 2.66348
2.55893 0.15001 1.20395
1.22803 0.15001 -2.84848
1.44696 0.15001 -1.72441
1.38603 0.498494 1.15737
1.53978 0.473197 1.33572
1.64984 0.391544 1.72092
1.58699 0.520851 1.9505
1.35627 0.637778 2.24039
1.48065 0.536579 2.36016
1.48842 0.48956 2.55216
2.17597 0.15001 1.95679
1.00995 0.15001 -2.84362
1.16996 0.664915 1.03623
1.22947 0.582103 1.24234
1.4335 0.721433 1.51344
1.38225 0.6932 1.70245
1.42803 0.600414 1.86797
1.18465 0.52207 2.09425
1.44517 0.733825 2.41345
1.45851 0.582724 2.73021
2.1065 0.15001 2.83488
2.36673 0.15001 -2.84999
1.6078 0.15001 -2.62
1.43619 0.676757 1.27461
-0.00611997 0.15001 -0.940544
1.49475 0.785856 1.84655
1.54921 0.702355 2.07963
2.45407 0.15001 0.0213395
1.29768 0.861943 2.49693
1.35029 0.672021 2.58666
1.23083 0.796224 2.73471
0.694539 0.15001 -2.64443
1.30228 0.15001 -2.08398
1.2677 0.798219 1.21677
1.78195 0.15001 1.16694
1.28998 0.893996 1.67086
1.40461 0.908002 1.99801
1.4025 0.839659 2.19776
2.08073 0.15001 1.68629
2.26548 0.15001 1.33426
2.56663 0.15001 2.29378
0.622685 0.15001 -2.17702
-0.371279 0.15001 -1.55675
1.78992 0.15001 -2.06079
0.0662662 0.15001 -1.62504
-0.344724 0.15001 -0.731168
2.20883 0.15001 1.14868
1.37939 0.15001 -1.26545
0.960926 0.15001 -1.23471
2.09278 0.15001 2.3841
2.18696 0.15001 0.602149
1.82674 0.15001 -2.80694
1.43193 0.15001 -2.83398
1.82622 0.15001 -2.26647
2.49355 0.15001 -2.47608
0.417957 0.15001 -1.48178
0.939776 0.15001 -2.17771
0.542617 0.15001 -1.30898
2.4173 0.15001 -1.2362
2.31075 0.15001 -0.657291
2.7197 0.15001 1.08029
2.84999 0.15001 -2.65553
2.84911 0.15001 -2.01332
2.27001 0.15001 -2.07136
2.84301 0.15001 -1.42463
2.84932 0.15001 -1.21766
2.67054 0.15001 -1.60525
2.63268 0.15001 -0.925081
2.81876 0.15001 -0.281466
2.84964 0.15001 1.53074
2.61725 0.15001 2.83463
1.63007 0.15001 -2.81772
2.01028 0.15001 -2.43705
2.60033 0.15001 -2.08315
2.77692 0.15001 -1.81877
1.47321 0.15001 -2.04118
1.13397 0.15001 -1.42926
1.23703 0.15001 -0.867084
2.84735 0.15001 -1.00611
2.0925 0.15001 -0.861724
2.71722 0.15001 2.58374
2.84948 0.15001 -2.24177
2.19249 0.15001 -2.52942
2.84999 0.15001 -1.63768
2.56279 0.15001 -1.79238
1.85062 0.15001 -1.74003
2.43251 0.15001 -1.98087
2.29466 0.15001 -0.880973
1.53936 0.15001 -0.872338
2.7779 0.15001 0.00107718
2.541 0.15001 -0.611313
0.902505 0.15001 -2.63572
2.46335 0.15001 -2.68536
2.65587 0.15001 -2.59494
2.32698 0.15001 -1.77861
1.98954 0.15001 -1.92291
1.57956 0.271257 1.87433
2.58746 0.15001 -1.1656
2.84992 0.15001 -0.813569
2.79617 0.15001 -0.529042
2.84917 0.15001 1.90241
1.96022 0.15001 -2.65514
1.34741 0.15001 -2.63033
1.66987 0.372136 1.46696
1.52921 0.521206 1.54852
1.02599 0.15001 -1.57983
0.780073 0.15001 -1.44135
1.55604 0.483993 2.18523
2.63446 0.15001 1.99177
2.83957 0.15001 0.363914
2.79903 0.15001 2.76114
1.21663 0.15001 -2.4644
1.12369 0.15001 -2.24789
2.54216 0.15001 -2.26324
2.42799 0.15001 -1.51268
2.14311 0.15001 -1.81696
0.780935 0.15001 -1.84764
1.37466 0.15001 -1.45208
0.605215 0.15001 -0.652086
2.13536 0.15001 -0.521118
1.6325 0.479026 2.71282
2.84999 0.15001 -2.44196
2.03591 0.15001 -2.12304
2.14364 0.15001 -2.28664
0.565472 0.15001 -1.7932
-0.164648 0.15001 -1.11972
0.595873 0.15001 -1.98307
1.70769 0.15001 -1.62122
2.59198 0.15001 -1.35014
2.63121 0.15001 0.617853
2.47415 0.15001 2.11599
0.780877 0.15001 -2.47739
-0.537447 0.15001 -0.722828
1.1338 0.15001 -1.93049
1.15592 0.15001 -1.71396
-0.616884 0.15001 -0.243566
0.127296 0.15001 -1.16318
0.803244 0.15001 -1.63079
2.22925 0.15001 -1.23236
1.83844 0.15001 -1.16451
1.11028 0.15001 -1.12448
2.18008 0.15001 -2.71347
2.32662 0.15001 -2.3413
1.5927 0.15001 -1.87205
0.309375 0.15001 -1.33332
-0.0498938 0.15001 -1.46944
2.00819 0.15001 1.1187
0.358504 0.15001 -1.1373
1.2593 0.15001 -0.646659
2.3811 0.15001 1.55168
2.34767 0.15001 1.81342
