1000 0.1
-2.21707 0.15001 -2.38482
-2.48738 0.15001 -2.55652
-2.16769 0.15001 -2.21772
-1.91219 0.15001 -2.15495
-2.17753 0.15001 -1.13253
-0.742069 0.15001 1.53431
-2.64601 0.15001 0.210807
-2.68882 0.15001 1.11253
-2.06452 0.15001 0.239022
-2.25636 0.15001 1.7494
-2.28524 0.15001 -2.84999
-2.79906 0.15001 -2.39174
-2.68651 0.15001 -2.0571
-2.38074 0.15001 -1.76448
-2.78968 0.15001 -1.16946
-2.75575 0.15001 -0.656145
-2.7813 0.15001 0.0809513
-2.81874 0.15001 0.280202
-2.84681 0.15001 2.10476
-2.20688 0.15001 2.84303
-2.47054 0.15001 -2.84999
-2.84778 0.15001 -2.18466
-2.49702 0.15001 -2.06812
-1.72587 0.15001 -0.564837
-2.78688 0.15001 -1.66268
-2.24086 0.15001 0.173505
-1.54377 0.15001 0.497119
-1.57362 0.15001 1.14308
-2.637 0.15001 2.48185
-2.82907 0.15001 2.34751
-2.3786 0.15001 -2.69981
-2.67541 0.15001 -2.24182
-2.53661 0.15001 -1.88429
-2.82166 0.15001 -0.841772
-2.80607 0.15001 -0.428885
-2.68273 0.15001 -1.00694
-2.82712 0.15001 -0.196473
-2.79781 0.15001 0.935998
-2.79 0.15001 1.65927
-2.29836 0.15001 2.1505
-1.52912 0.15001 -2.49663
-1.25687 0.15001 -1.79059
-1.28028 0.15001 0.0772101
-1.77695 0.15001 -1.87919
-1.9349 0.15001 -1.959
-0.757862 0.323023 1.95082
-2.64928 0.15001 -0.279194
-2.67297 0.15001 0.402176
-2.5016 0.15001 1.08305
-2.67422 0.15001 2.8386
-2.77349 0.15001 -2.84126
-1.58879 0.15001 -2.14651
-2.32854 0.15001 -2.14241
-2.84807 0.15001 -1.97439
-2.71548 0.15001 -1.35076
-2.47302 0.15001 -0.64353
-2.6232 0.15001 -0.790188
-2.81797 0.15001 1.85708
-2.65554 0.15001 2.24932
-2.47465 0.15001 2.55931
-2.09434 0.15001 -2.51515
-2.3957 0.15001 -2.40414
-2.58481 0.15001 -2.40327
-2.49044 0.15001 -2.25135
-2.61167 0.15001 -1.1954
-2.37789 0.15001 -1.24139
-2.46935 0.15001 -0.896183
-2.43455 0.15001 0.308975
-2.58352 0.15001 1.28895
-2.44368 0.15001 2.27147
-2.58018 0.15001 -2.71621
-2.28432 0.15001 -2.55018
-2.18068 0.15001 -2.69317
-2.72575 0.15001 -1.84082
-2.84734 0.15001 -1.48271
-2.45629 0.15001 -1.08091
-2.36648 0.15001 0.659509
-2.73628 0.15001 0.745239
-2.4596 0.15001 2.0069
-2.8414 0.15001 2.57581
-1.4732 0.15001 -2.01812
-1.75052 0.15001 -2.06928
-2.0667 0.15001 -2.07713
-2.59317 0.15001 -1.71621
-2.46065 0.15001 -1.59069
-2.37155 0.15001 -0.250886
-2.48405 0.15001 -0.00862857
-2.50717 0.15001 -0.42278
-2.25114 0.15001 1.35287
-2.16906 0.15001 2.02006
-1.5304 0.15001 -2.31311
-2.6984 0.15001 -2.55561
-2.84999 0.15001 -2.67829
-2.64661 0.15001 -1.53371
-2.35219 0.15001 -1.95213
-2.30006 0.15001 -0.548871
-2.15708 0.15001 -0.164127
-1.83253 0.15001 0.635305
-2.33506 0.15001 0.865925
-2.42299 0.15001 1.54427
-1.81447 0.15001 -2.66171
-0.334071 0.15001 1.08805
-0.463676 0.15001 1.41103
-0.413477 0.185707 1.60882
-0.48582 0.234116 1.80089
-0.650141 0.15001 1.84885
-1.07527 0.15001 1.65845
-0.449746 0.165971 2.35027
-0.448424 0.195525 2.5377
-0.568864 0.191072 2.68024
-2.09133 0.15001 -2.84999
-0.527268 0.210947 1.06665
-1.16043 0.15001 -0.911964
-0.603017 0.27862 1.4917
-0.61696 0.186291 1.6698
-1.77525 0.15001 0.89351
-0.625018 0.180779 2.25343
-0.613355 0.213615 2.44441
-0.654622 0.345809 2.58024
-0.492994 0.15001 2.84999
-1.51492 0.15001 -2.83126
-0.544102 0.251755 1.25727
-0.51325 0.440552 1.34199
-0.403491 0.367402 1.48816
-0.472016 0.377756 1.67438
-0.552213 0.418257 1.85245
-1.89955 0.15001 1.45302
-0.442681 0.403503 2.30372
-0.480624 0.382025 2.49689
-0.616501 0.323125 2.84999
-1.89478 0.15001 -2.83824
-1.07316 0.15001 -2.63418
-2.19815 0.15001 -1.75386
-0.557411 0.487078 1.54071
-0.670564 0.392803 1.69189
-0.578247 0.343826 2.02542
-0.611405 0.384316 2.20566
-0.648909 0.405561 2.3911
-0.787565 0.205735 2.53503
-0.48187 0.467562 2.84999
-1.16519 0.15001 -2.12569
-0.444136 0.37582 1.11287
-0.478752 0.649569 1.35512
-0.45279 0.698146 1.61708
-0.518633 0.576039 1.74886
-0.427076 0.570547 1.93195
-0.452066 0.487677 2.116
-0.411119 0.593663 2.34383
-0.441712 0.552677 2.60975
-0.749911 0.210911 2.74353
-1.24049 0.15001 -2.29518
-1.39339 0.15001 -1.64878
-2.52177 0.15001 -1.37627
-0.612412 0.67435 1.50624
-2.32372 0.15001 -0.77599
-0.60592 0.583324 2.03048
-0.587729 0.57341 2.25835
-0.575261 0.569263 2.46514
-2.11498 0.15001 1.53049
-2.01141 0.15001 2.84915
-1.13822 0.15001 -1.92583
-1.72357 0.15001 -2.46736
-0.373907 0.529225 1.2115
-0.394775 0.823081 1.47725
-1.91982 0.15001 -0.254826
-0.322591 0.721128 2.01432
-0.476699 0.693101 2.14509
-0.355412 0.783408 2.32608
-0.631755 0.469385 2.71701
-2.482 0.15001 2.84918
-1.91846 0.15001 -2.48156
-1.93519 0.15001 -1.5715
-2.14844 0.15001 -1.92243
-1.986 0.15001 -1.08598
-2.05307 0.15001 -0.927144
-0.547335 0.799147 1.99689
-0.557306 0.780716 2.30463
-2.21082 0.15001 0.373233
-1.21592 0.15001 1.82683
-2.28249 0.15001 2.51966
-1.74381 0.15001 -2.25918
-1.60395 0.15001 -1.90632
-2.33537 0.15001 -1.43202
-2.10849 0.15001 -1.59294
-2.28174 0.15001 -1.59598
-2.19441 0.15001 -1.31295
-0.4121 0.884318 2.1526
-1.9862 0.15001 1.69496
-2.01282 0.15001 1.91395
-2.10476 0.15001 2.43907
-1.36783 0.15001 -2.1628
-1.50077 0.15001 -1.50814
-1.32611 0.15001 -1.26701
-2.03538 0.15001 -1.40503
-1.80439 0.15001 0.146908
-1.22136 0.15001 0.772645
-2.02405 0.15001 0.627884
-1.91902 0.15001 2.54137
-1.72473 0.15001 1.88942
-2.09274 0.15001 2.21539
-0.803317 0.15001 -2.0491
-0.20696 0.15001 0.948213
-0.204645 0.181292 1.28117
-0.274783 0.211275 1.46519
-0.263546 0.15001 1.72777
-0.342256 0.170004 1.89439
-0.321075 0.178595 2.07822
-0.284649 0.159697 2.26855
-0.270138 0.158767 2.53273
-0.358642 0.15 2.70491
-1.70433 0.15001 -2.82374
-0.42976 0.15001 0.904336
-0.349484 0.321637 1.30634
-0.286908 0.339724 1.63434
-0.395039 0.361286 1.96509
-0.503298 0.163792 1.99991
-0.463547 0.254774 2.17512
-0.306629 0.302757 2.39743
-0.447711 0.347816 2.69296
-0.143421 0.155499 2.84999
-0.58661 0.15001 -1.65788
-0.244622 0.36827 1.11921
-0.172643 0.392888 1.29538
-0.195698 0.430131 1.49226
-0.156265 0.510433 1.67154
-0.217673 0.36314 1.89837
-0.30679 0.363726 2.15319
-0.153914 0.319669 2.25928
-0.177924 0.351326 2.52659
-0.317217 0.265592 2.84999
-1.99783 0.15001 -2.67395
-0.160321 0.455414 0.959294
-0.325101 0.535521 1.40111
-0.339451 0.532355 1.59957
-0.34307 0.462408 1.78412
-0.262445 0.506843 2.02753
-0.261431 0.473868 2.30356
-0.320274 0.478175 2.48104
-0.28895 0.447787 2.66303
-0.132503 0.352623 2.84999
-0.777559 0.15001 -2.84338
-1.83769 0.15001 -1.70349
-0.186282 0.573108 1.22436
-0.141623 0.602947 1.4125
-0.168139 0.692807 1.73823
-0.197137 0.548892 1.85545
-0.310554 0.611903 2.1789
-0.24894 0.643974 2.44722
-0.149328 0.534666 2.57013
-0.294026 0.452309 2.84999
-1.25098 0.15001 -2.6467
-0.105671 0.629492 1.0351
-0.295113 0.718907 1.32844
-0.267489 0.711596 1.569
-0.344166 0.666823 1.77957
-0.147987 0.670035 2.09505
-0.161615 0.638551 2.28893
-0.453305 0.715805 2.48989
-0.278562 0.653469 2.66446
-0.176752 0.70841 2.84999
-1.61608 0.15001 -2.66173
-0.442075 0.363462 0.887563
-0.194775 0.747264 1.15163
-0.140455 0.799679 1.39974
-0.179723 0.895567 1.7182
-0.292376 0.835336 1.86336
-0.223227 0.827371 2.18821
-0.16942 0.821626 2.37761
-0.117661 0.713199 2.56849
-1.81108 0.15001 2.81792
-1.35039 0.15001 -2.43504
-0.809993 0.15001 -2.35166
-0.290201 0.937407 1.35605
-0.374254 0.865394 1.68859
-0.110585 0.861615 1.90251
-0.262788 0.938311 2.02748
-0.0911191 0.986545 2.27302
-2.17365 0.15001 1.16996
-0.544166 0.625844 2.74634
-0.345873 0.63164 2.84538
-0.980616 0.15001 -2.11386
-1.56633 0.15001 -1.69392
-0.548095 0.15001 -2.47735
-0.253768 0.957925 1.54821
-0.192652 1.09086 1.73356
-0.744946 0.15001 0.656272
-1.56529 0.15001 1.38785
-1.43161 0.15001 1.9163
-0.432601 0.805117 2.66919
-1.58444 0.15001 2.83439
-1.30466 0.15001 -1.98813
-1.33103 0.15001 -2.80746
-0.90389 0.15001 -0.00527453
-1.2707 0.15001 -0.104448
-1.37539 0.15001 1.73464
-1.18363 0.15001 2.1679
-0.719559 0.15001 2.04085
-1.54177 0.15001 2.09254
-1.77543 0.15001 2.26987
-1.68714 0.15001 2.60623
-0.792144 0.15001 -1.86665
0.0919185 0.215509 1.10006
-0.0104899 0.190997 1.26195
-0.137261 0.169023 1.58853
-0.0637529 0.15001 1.78588
-0.170211 0.15001 1.94895
-0.152881 0.150814 2.14473
-0.0129397 0.17658 2.25854
-0.0937733 0.150258 2.57474
-0.0301621 0.245796 2.7189
-0.430989 0.15001 -2.82921
-0.0568903 0.238831 0.754855
-0.110867 0.222287 1.09989
-0.0856322 0.26382 1.42547
0.0412326 0.15001 1.622
-0.138123 0.333956 2.06563
0.12708 0.15001 2.14739
-0.145084 0.18723 2.39472
-0.211863 0.275126 2.69267
0.0555865 0.15001 2.84999
-1.43293 0.15001 -2.6423
0.00870476 0.376092 1.01932
0.13262 0.317043 1.33175
-0.0526194 0.355335 1.59143
-0.147583 0.293782 1.74087
-0.0400657 0.276463 1.91312
0.0403837 0.371501 2.11891
0.0197067 0.363724 2.30767
0.00313182 0.330012 2.49483
0.0657117 0.329866 2.84999
-1.06338 0.15001 -1.75238
0.0286912 0.412568 0.825926
0.00777784 0.401201 1.21126
-0.028131 0.446756 1.39749
0.110247 0.405763 1.66712
-0.0633226 0.510626 1.98868
0.179205 0.453964 2.22822
-0.101636 0.477309 2.40145
-0.034583 0.420192 2.66751
0.241941 0.384106 2.84999
-0.962435 0.15001 -2.84999
0.0692816 0.569597 1.09826
0.14268 0.451258 1.45315
0.00483814 0.533999 1.56371
-0.0333199 0.444954 1.80809
0.205187 0.490538 2.05204
-0.125574 0.49221 2.16896
0.0108658 0.554392 2.27779
0.0443098 0.522376 2.51734
-0.00622834 0.484264 2.84999
-2.02128 0.15001 -2.32286
0.163112 0.504131 0.939608
-0.00321978 0.593501 1.26995
0.0558286 0.674585 1.4229
0.0313359 0.607077 1.74919
0.103216 0.610517 1.92568
0.0564677 0.589158 2.10874
-0.0181789 0.681604 2.41379
-0.158618 0.542747 2.76278
0.190627 0.560382 2.84999
-0.961657 0.15001 -1.93107
0.0947234 0.792646 1.09558
0.174643 0.71672 1.25967
-0.0857456 0.692922 1.56159
0.0604388 0.79095 1.8674
0.0182315 0.759894 2.04156
-0.0438686 0.763806 2.22767
0.129768 0.736225 2.29524
-0.00765019 0.606363 2.67385
-0.00188129 0.651402 2.84999
-1.06125 0.15001 -2.28352
0.0846403 0.687023 0.927701
0.00340062 0.789265 1.27076
0.091391 0.878344 1.41664
0.259147 0.803418 1.62639
-0.0972706 0.685527 1.91625
0.199755 0.900371 2.35795
0.015928 0.878139 2.39258
-0.196484 0.842919 2.71607
0.345078 0.662158 2.84999
-1.27641 0.15001 -1.5091
-0.0249909 0.15001 -2.02439
0.217439 0.919562 1.2699
-0.143077 0.895919 1.23536
-0.0841324 0.870749 1.55675
0.102719 0.968632 1.9811
-0.0752154 0.923062 2.08804
0.149078 1.06906 2.44058
0.0774467 0.939 2.57146
-1.31108 0.15001 2.72744
-1.44061 0.15001 -1.82968
-1.99298 0.15001 -1.78113
0.240678 0.15001 -2.69603
0.0955028 0.871948 1.6008
0.0964717 0.690115 1.59933
0.0988535 0.863104 2.16717
-0.109594 0.888447 2.54656
-0.290403 0.791932 2.54152
-0.48428 0.753745 2.84999
-1.04318 0.15001 2.84538
0.0390376 0.15001 -2.52937
0.287198 0.228435 1.08607
0.292564 0.15001 1.39403
0.21824 0.15001 1.56861
0.0972364 0.15001 1.90095
0.377693 0.15001 1.87316
0.300106 0.153053 2.17713
0.171209 0.249289 2.2929
0.208255 0.192134 2.46446
0.264038 0.15001 2.62776
-0.599287 0.15001 -2.66667
0.00125226 0.186531 0.933521
0.184532 0.150529 1.24856
0.0803167 0.15001 1.41909
0.222097 0.15001 1.77343
0.245954 0.15001 2.00482
0.473709 0.16221 2.21618
0.0352969 0.15001 2.43145
0.0855974 0.15001 2.61132
0.238597 0.1594 2.84999
-0.0135047 0.15001 -2.29202
0.200244 0.180867 0.929316
0.434348 0.271592 1.3511
0.361471 0.247656 1.52176
0.0760137 0.257991 1.76161
0.237633 0.284654 1.88772
-0.0104761 0.15001 2.04047
0.352393 0.309556 2.27577
0.414939 0.27828 2.63667
0.173637 0.274008 2.7222
0.365982 0.15001 -2.84678
0.214171 0.252636 0.749808
0.296864 0.331346 1.23685
0.111217 0.285805 1.52551
0.251233 0.290867 1.68877
0.0978727 0.406965 1.93534
0.225754 0.315194 2.09692
0.176332 0.398463 2.40027
0.163712 0.368848 2.57278
0.422313 0.314671 2.84999
0.478343 0.15001 -2.20438
0.180142 0.402248 1.10669
0.321191 0.432394 1.3797
0.276399 0.393793 1.55403
0.21591 0.49872 1.80184
0.342943 0.42304 1.95788
0.378633 0.504876 2.12848
0.331513 0.506307 2.3793
0.223984 0.579833 2.54172
0.304401 0.416225 2.68223
-1.16114 0.15001 -2.46589
0.307418 0.373918 0.91008
0.174871 0.512555 1.27219
0.361997 0.550801 1.50277
0.360065 0.639071 1.68166
0.376105 0.692025 2.10058
0.279012 0.614424 2.23858
0.155866 0.579309 2.3782
0.136389 0.500139 2.69404
0.390002 0.494299 2.84999
-0.643707 0.15001 -1.97898
0.263999 0.602858 1.12037
0.332969 0.625912 1.30429
0.210409 0.563415 1.60111
0.202282 0.706132 1.77451
0.293637 0.629601 1.92028
0.193294 0.715866 2.11191
0.29067 0.707982 2.39847
0.354684 0.736842 2.56797
0.310845 0.597659 2.6942
-0.380335 0.15001 -2.42667
0.342232 0.585098 0.942494
0.330226 0.792974 1.14392
0.238546 0.706602 1.44766
0.37977 0.844704 1.75895
0.216063 0.804431 1.9543
0.317715 0.806713 2.24185
0.135655 0.762085 2.49397
0.195701 0.739596 2.66878
0.531899 0.650761 2.84999
-0.740299 0.15001 -2.55689
0.0389976 0.15001 -1.48409
0.401664 0.832919 1.31972
0.311183 1.01274 1.65933
0.176935 0.919128 1.77912
0.4006 0.784433 1.94432
0.33978 0.89757 2.07877
0.35214 1.03179 2.36826
0.274961 0.918858 2.52737
0.199814 0.938938 2.71931
-0.965463 0.15001 -2.46567
1.2919 0.15001 -1.82736
0.287187 0.15001 -1.45579
0.282902 0.880988 1.45639
-0.0181548 0.779433 1.71071
0.319916 0.946675 1.89996
0.23723 0.979647 2.20009
-0.0305391 0.827687 2.84999
0.017626 0.781093 2.67593
0.308013 0.838103 2.84999
0.725634 0.15001 -2.34482
0.398536 0.198681 0.884868
0.383017 0.15001 1.22845
0.494233 0.15001 1.47076
0.372798 0.15001 1.66969
0.573493 0.15001 1.93619
0.61301 0.15001 2.1074
0.529361 0.15001 2.37867
0.407011 0.15001 2.51449
0.53859 0.15001 2.64426
1.1533 0.15001 -2.57048
0.62322 0.175903 0.952299
0.570315 0.15001 1.303
0.513822 0.244483 1.62075
0.529124 0.15001 1.76812
0.428622 0.15001 2.044
0.67643 0.199013 2.26505
0.341308 0.15001 2.35057
0.671354 0.15001 2.76551
0.817971 0.150492 2.84999
-1.13979 0.15001 -2.81901
0.401774 0.334702 0.737118
0.462179 0.15001 1.0543
0.617088 0.297631 1.39105
0.410189 0.295801 1.77603
0.692467 0.379486 1.91707
0.4163 0.324788 2.10233
0.483151 0.390218 2.39669
0.572725 0.260579 2.50518
0.383912 0.15001 2.75296
0.544744 0.15001 -2.84999
0.610455 0.349916 0.854036
0.51725 0.273587 1.1746
0.445623 0.439301 1.63375
0.577473 0.377311 1.76347
0.50491 0.329847 1.93395
0.549443 0.336576 2.23184
0.330214 0.339198 2.48481
0.621363 0.30464 2.67074
0.522451 0.15001 2.84999
-0.418943 0.15001 -2.61778
0.376271 0.414256 1.08451
0.609509 0.53407 1.32455
0.66341 0.315282 1.56737
0.408752 0.50046 1.80862
0.554145 0.453494 2.06752
0.48639 0.532796 2.27528
0.633845 0.560514 2.39183
0.57834 0.463249 2.53847
0.488881 0.432087 2.7017
0.954607 0.15001 -2.65217
0.529176 0.467769 0.984356
0.44811 0.48893 1.24215
0.508557 0.447175 1.45493
0.561821 0.556643 1.72675
0.461489 0.584647 1.97508
0.566152 0.631513 2.13007
0.46552 0.643792 2.4405
0.399824 0.510102 2.55082
0.577042 0.482687 2.84999
-0.893914 0.15001 -2.6738
0.46245 0.513796 0.804677
0.563311 0.732298 1.21373
0.52118 0.615118 1.56124
0.477522 0.689393 1.81478
0.587505 0.738205 1.95723
0.488171 0.720879 2.27476
0.63133 0.745484 2.39597
0.606697 0.675622 2.55812
0.491515 0.612729 2.67739
0.916821 0.15001 -2.21357
0.462663 0.638977 1.08322
0.495798 0.672196 1.38369
0.406538 0.753455 1.5274
0.541283 0.792887 1.66723
0.606484 0.885527 1.82018
0.51662 0.810355 2.11244
0.419926 0.841476 2.42243
0.432577 0.77465 2.73064
0.728082 0.594567 2.84999
0.0709849 0.15001 -2.78336
0.775218 0.15001 -1.61296
0.191088 0.15001 -1.62495
0.568258 0.854446 1.42183
0.465142 1.03417 1.79772
0.510732 0.923734 1.96957
0.600432 0.920247 2.41739
0.826216 0.966063 2.54453
0.52117 0.856066 2.57702
0.527213 0.890267 2.84999
-0.48492 0.15001 -2.23961
1.06194 0.15001 -1.87743
-0.884564 0.15001 -1.24394
0.598919 0.15001 -0.54412
0.457997 0.921284 1.56454
0.837421 0.800833 1.56084
0.478368 0.905311 2.26235
0.384556 0.937044 2.68141
0.156592 0.733807 2.84999
0.740804 0.773495 2.84999
0.774701 0.15001 -2.56661
0.652682 0.150166 1.13825
0.764456 0.189152 1.31318
0.675013 0.15001 1.47576
0.671423 0.15001 1.65717
0.705311 0.210303 1.82463
0.830904 0.150035 2.16046
0.849485 0.191853 2.34518
0.734269 0.168621 2.60348
0.895968 0.15001 2.68518
1.43235 0.15001 -2.84999
0.19689 0.15001 -2.33295
0.836722 0.165553 1.13914
0.933508 0.15001 1.4374
0.880122 0.167415 1.78346
0.753415 0.175171 1.99503
1.00067 0.150046 2.25424
0.701994 0.15001 2.43474
0.983955 0.343755 2.68361
0.993828 0.15001 2.84999
0.537741 0.183566 0.746132
0.688057 0.341821 1.04749
0.681404 0.370832 1.23427
0.808804 0.266716 1.47953
0.75673 0.350581 1.71666
0.870769 0.345692 1.86406
0.680145 0.322711 2.09487
0.797843 0.342258 2.23587
0.751617 0.396505 2.53821
0.900451 0.318294 2.84999
0.987127 0.15001 -2.05201
0.728647 0.180741 0.789861
0.861022 0.373213 1.15586
0.742839 0.481225 1.4454
0.958081 0.504912 1.77824
0.72023 0.552539 2.05347
0.84104 0.52572 2.18892
0.673171 0.369586 2.37499
0.931945 0.468961 2.54888
0.797806 0.328029 2.70091
0.925043 0.15001 -2.84942
0.626264 0.533507 1.13174
0.778373 0.540916 1.24538
0.693353 0.552083 1.60775
0.764725 0.525227 1.78501
0.874435 0.535729 1.94229
0.662798 0.486135 2.22176
0.832846 0.541742 2.37307
0.660513 0.53078 2.6887
0.618589 0.309064 2.84999
0.728021 0.15001 -2.84999
0.771051 0.481658 0.937816
0.742441 0.697269 1.13375
0.689221 0.708023 1.35654
0.946069 0.689855 1.85008
0.622208 0.553338 1.89844
0.728367 0.662474 2.26032
0.759589 0.582915 2.53399
0.792275 0.710255 2.6747
0.84383 0.526687 2.69945
0.724957 0.351455 0.683279
0.789781 0.679666 0.938325
0.874305 0.706942 1.31764
0.845276 0.661149 1.68409
0.668068 0.702901 1.76803
0.7654 0.687323 1.92713
0.714056 0.75295 2.09506
0.825576 0.753721 2.40739
0.953631 0.81597 2.70235
0.75946 0.425909 2.84999
0.817025 0.15001 -1.94939
0.168195 0.15001 -1.96695
0.689537 0.882802 1.22166
0.7578 0.910524 1.4167
0.979385 0.794045 1.68326
0.710125 0.913698 1.98553
0.666646 0.849121 2.2495
0.710081 0.830989 2.55229
0.615292 0.756349 2.72084
0.904562 0.689744 2.84999
0.504125 0.15001 -2.65659
0.679119 0.15001 -2.15572
0.87004 0.825509 1.18478
0.995314 0.496126 1.51043
0.668609 0.716471 1.54094
0.816024 0.80962 1.79065
0.810752 0.980336 2.15397
0.798975 0.943384 2.35239
0.824568 0.955178 2.73429
2.14471 0.15001 2.55182
0.382807 0.15001 -2.35341
0.394047 0.15001 -1.68017
-0.801388 0.15001 -1.64258
0.0767071 0.15001 -0.770021
1.0092 0.670077 1.53182
0.897501 0.814702 1.97758
0.605185 0.97031 2.12931
1.00817 0.813677 2.30418
0.642325 0.931424 2.70248
1.11116 0.595659 2.84999
1.12521 0.15001 -2.18445
0.834524 0.15001 0.947745
0.953181 0.230923 1.27135
1.03065 0.17174 1.61338
0.845969 0.15001 1.60838
1.06304 0.15923 1.80674
0.974788 0.263036 2.1032
1.00139 0.15001 2.44485
0.884842 0.263068 2.53974
1.07775 0.173454 2.68875
1.16931 0.15001 -2.84955
1.45857 0.15001 -1.92361
1.11584 0.190209 1.43092
1.21106 0.15001 1.67788
1.24297 0.175564 1.86277
0.928326 0.150375 1.95907
1.16023 0.164768 2.1717
1.10087 0.372815 2.52703
1.26871 0.159287 2.6862
1.18827 0.15001 2.84999
0.957828 0.15001 -2.46124
1.01481 0.200274 1.07977
0.844557 0.370986 1.3383
0.980961 0.329667 1.48233
0.937997 0.327717 1.67572
1.01851 0.388396 1.96702
0.974994 0.40413 2.23004
1.08865 0.321845 2.3484
0.897972 0.368221 2.39321
1.07833 0.300628 2.84999
1.20781 0.15001 -2.36136
1.0001 0.228995 0.884996
1.1525 0.467906 1.43162
1.09602 0.463173 1.65058
1.0815 0.348934 1.79659
0.847206 0.392198 2.0545
1.1367 0.354742 2.13122
1.03288 0.518085 2.40133
1.11555 0.473815 2.68444
0.947754 0.502405 2.84999
1.53921 0.15001 -2.68245
0.95159 0.3896 0.994787
1.03286 0.403037 1.28389
0.923883 0.53692 1.35507
0.856757 0.483911 1.61751
1.06775 0.563716 1.92582
1.0096 0.522664 2.09661
0.96086 0.640121 2.27365
0.924942 0.665259 2.5401
1.30605 0.31774 2.84834
0.900215 0.22255 0.700421
1.12761 0.432743 0.919964
1.11863 0.693905 1.38095
1.20029 0.647405 1.56434
1.18379 0.525261 1.79523
0.894599 0.667678 2.08247
1.1384 0.509124 2.24542
1.22429 0.580674 2.39892
1.13078 0.604298 2.56192
1.31258 0.557842 2.84999
1.36502 0.15001 -2.23574
0.910493 0.405959 0.804188
0.890902 0.558879 1.09199
0.830557 0.638086 1.48694
1.06765 0.642228 1.70714
1.26207 0.680614 1.86833
0.852278 0.801547 2.21157
1.0688 0.7111 2.43425
1.00535 0.628773 2.70111
2.50779 0.15001 2.17649
1.71518 0.15001 -2.10094
0.945634 0.741443 1.0455
1.03265 0.61377 1.22153
1.13124 0.877844 1.5872
1.11922 0.808828 1.82708
1.07456 0.726808 1.99205
1.10541 0.673593 2.1602
1.19409 0.754058 2.30007
1.12302 0.809894 2.60278
1.18125 0.434743 2.84999
-1.01867 0.15001 -1.33961
0.986891 0.590348 0.921737
1.08113 0.817861 1.22623
1.00053 0.892102 1.40655
0.322344 0.15001 -1.11099
1.81649 0.15001 2.04705
1.08864 0.876755 2.14935
0.969873 0.865051 2.50483
1.98885 0.15001 1.97852
1.94279 0.15001 2.84492
0.47299 0.15001 -1.98147
2.0043 0.15001 -2.37652
0.885322 0.15001 -1.75304
1.1512 0.15001 -1.69503
1.26647 0.676193 2.05468
1.14847 0.15001 -0.142347
1.9964 0.15001 1.3322
1.81967 0.15001 0.684567
1.95565 0.15001 2.42479
1.56936 0.15001 2.82929
2.3494 0.15001 -2.84999
1.41889 0.15001 0.724324
1.49527 0.15001 1.39558
1.31567 0.19923 1.53053
1.42609 0.15001 -0.899806
1.28544 0.199432 2.04223
1.60099 0.15001 -0.714452
2.30047 0.15001 -0.452648
1.16062 0.188323 2.52935
2.39108 0.15001 1.50673
2.84999 0.15001 -2.84999
2.04309 0.15001 -2.18701
1.28325 0.231649 1.12444
1.07768 0.15001 -1.48379
1.49624 0.213726 1.59313
1.46921 0.188557 2.06517
1.55549 0.194696 2.23749
1.19997 0.163295 2.3528
1.75175 0.15001 2.40626
2.14572 0.15001 2.84881
1.76964 0.15001 -2.67881
1.13179 0.188066 1.23647
1.29782 0.157914 1.33023
1.15858 0.310941 1.57148
1.39329 0.198138 1.75182
1.1058 0.168404 1.99375
1.34596 0.177297 2.2244
1.43878 0.244061 2.37797
1.34217 0.230063 2.5322
1.4301 0.275028 2.70743
1.25921 0.15001 -2.0172
2.65046 0.15001 -2.84999
1.46249 0.245894 1.21792
1.96795 0.15001 -1.98969
1.45874 0.422203 1.76548
1.38818 0.307387 1.91917
1.6389 0.285467 2.05966
1.26626 0.356079 2.27902
1.54449 0.187394 2.57097
1.38432 0.15001 2.84999
1.18827 0.256019 0.832528
1.11989 0.367952 1.11438
1.26608 0.325233 1.40058
1.31032 0.430179 1.59637
1.27083 0.357956 1.7668
1.20395 0.359874 1.94797
1.33809 0.383828 2.09988
1.28363 0.408072 2.46251
1.2763 0.378895 2.65312
2.38256 0.15001 2.01978
1.82709 0.15001 -2.84999
1.90358 0.15001 -1.5608
1.35941 0.416525 1.17352
1.49236 0.381363 1.36247
1.6155 0.306774 1.72597
1.52225 0.438841 1.97913
1.33235 0.544631 2.23712
1.45117 0.437653 2.35595
1.46521 0.392017 2.54716
2.18894 0.15001 2.31955
1.6265 0.15001 -2.84999
1.14716 0.573681 1.06706
1.20028 0.497404 1.25045
1.41539 0.625119 1.54736
1.34455 0.581433 1.71911
1.34254 0.50162 1.90958
1.20256 0.512617 2.05902
1.41669 0.625015 2.41639
1.43323 0.500114 2.7194
1.7549 0.15001 2.84999
2.48985 0.15001 -2.72701
2.03882 0.15001 -2.58529
1.43358 0.585716 1.27382
1.20284 0.15001 0.0716785
1.45865 0.690144 1.84071
1.42955 0.591017 2.06836
2.55156 0.15001 1.284
1.26886 0.763298 2.47814
1.31821 0.581743 2.58445
1.22581 0.694301 2.72161
1.35702 0.15001 -2.65546
1.76642 0.15001 -1.77704
1.24054 0.688995 1.22274
1.35153 0.480731 1.42013
1.27103 0.77983 1.70166
1.40479 0.814014 1.99609
1.35996 0.743628 2.20472
1.9762 0.15001 2.16946
2.21955 0.15001 1.84066
2.67617 0.15001 2.57861
1.5241 0.15001 -2.11743
-0.258393 0.15001 -2.15337
1.94608 0.15001 -1.79977
0.482593 0.15001 -1.44101
0.682361 0.15001 -1.08798
1.94842 0.15001 1.57242
1.94649 0.15001 -0.15435
1.7464 0.15001 -0.0745715
1.75883 0.15001 2.63053
2.6188 0.15001 1.95273
2.15975 0.15001 -2.84999
1.82717 0.15001 -2.43707
2.18215 0.15001 -2.04066
2.41455 0.15001 -2.18957
1.45537 0.15001 -1.27692
1.61581 0.15001 -0.99355
2.07834 0.15001 -0.462282
2.67589 0.15001 0.283575
2.45729 0.15001 0.959856
2.79387 0.15001 1.87806
2.85 0.15001 -2.66789
2.84999 0.15001 -2.11277
2.60959 0.15001 -2.02564
2.84904 0.15001 -1.35575
2.84975 0.15001 -1.08315
2.8258 0.15001 -0.900733
2.83759 0.15001 -0.515453
2.84999 0.15001 1.22311
2.84969 0.15001 2.11844
2.3433 0.15001 2.84999
1.9942 0.15001 -2.78535
2.22736 0.15001 -2.46271
2.76868 0.15001 -1.92732
2.84999 0.15001 -1.75225
1.7148 0.15001 -1.61054
2.10816 0.15001 -0.783685
2.3658 0.15001 -1.02661
2.84638 0.15001 -0.705491
2.36347 0.15001 0.732127
2.84999 0.15001 2.66109
2.83866 0.15001 -2.30051
2.41257 0.15001 -2.37214
2.84997 0.15001 -1.5494
2.48056 0.15001 -1.16241
2.57081 0.15001 -1.01809
2.44764 0.15001 -1.80637
2.78412 0.15001 0.500641
2.02481 0.15001 0.305684
2.73173 0.15001 1.46963
2.67486 0.15001 0.82336
1.41495 0.15001 -2.46199
2.62956 0.15001 -2.58603
2.64614 0.15001 -2.38483
2.63588 0.15001 -1.77179
2.10636 0.15001 -1.49503
1.54798 0.197281 1.88423
2.72928 0.15001 -0.0681786
2.82912 0.15001 0.0844131
2.84977 0.15001 0.698475
2.84623 0.15001 2.43848
2.21724 0.15001 -2.67646
1.82397 0.15001 -2.24557
1.63901 0.271371 1.47378
1.50929 0.428184 1.56707
2.03715 0.15001 -1.02401
1.89258 0.15001 -0.799839
1.51704 0.402566 2.17671
2.67277 0.15001 2.32657
2.84999 0.15001 1.61718
2.58747 0.15001 2.84686
1.63117 0.15001 -2.49719
1.65563 0.15001 -1.91884
2.67029 0.15001 -2.18606
2.54757 0.15001 -1.46039
2.29514 0.15001 -1.6482
1.71972 0.15001 -0.527587
2.46245 0.15001 -0.802625
1.54399 0.15001 0.459091
2.13973 0.15001 1.13313
1.5922 0.386829 2.70932
2.84971 0.15001 -2.48487
2.14538 0.15001 -1.76111
2.18208 0.15001 -2.29061
1.21154 0.15001 -1.37407
1.25575 0.15001 -0.961078
1.334 0.15001 -0.478485
2.16131 0.15001 -0.0820464
2.55562 0.15001 -0.208059
2.51779 0.15001 1.64093
2.34002 0.15001 2.60703
1.61589 0.15001 -2.296
0.614225 0.15001 -1.70899
1.54461 0.15001 -1.71904
1.80753 0.15001 -1.41183
0.346171 0.15001 -0.707154
1.20894 0.15001 -0.325761
1.34792 0.15001 -0.175656
2.13327 0.15001 0.552766
2.52499 0.15001 0.161441
1.87088 0.15001 0.431482
2.39739 0.15001 -2.55104
2.37539 0.15001 -1.9784
2.08171 0.15001 -1.30246
1.35199 0.15001 -1.5623
0.683519 0.15001 -0.749595
1.60362 0.15001 1.00995
1.52989 0.15001 0.119219
2.13886 0.15001 0.800347
2.17735 0.15001 2.10793
2.41506 0.15001 2.3694
