1000 0.1
-1.59784 0.15001 -2.21585
-1.96201 0.15001 -2.57001
-1.50362 0.15001 -2.03936
-1.18072 0.15001 -2.07959
-1.91687 0.15001 -1.7317
-0.798828 0.15001 1.60513
-2.8384 0.15001 -1.051
-2.59252 0.15001 -0.39223
-2.13539 0.15001 -1.07062
-2.40858 0.15001 0.56404
-1.68045 0.15001 -2.71638
-2.53948 0.15001 -2.6695
-2.56517 0.15001 -2.46682
-1.97366 0.15001 -2.24644
-2.83763 0.15001 -2.02763
-2.69686 0.15001 -1.51707
-2.3289 0.15001 -1.11729
-2.61389 0.15001 -1.14945
-2.64242 0.15001 1.5487
-2.36687 0.15001 2.35736
-1.86965 0.15001 -2.73168
-2.84999 0.15001 -2.69514
-2.09526 0.15001 -2.44345
-1.76187 0.15001 -1.01019
-2.80803 0.15001 -2.22726
-1.9479 0.15001 -1.40261
-1.65478 0.15001 -0.0231563
-1.42936 0.15001 -0.313492
-2.66367 0.15001 2.23191
-2.78911 0.15001 1.68567
-1.77705 0.15001 -2.56025
-2.35997 0.15001 -2.73228
-2.27632 0.15001 -2.41375
-2.7562 0.15001 -1.70099
-2.84535 0.15001 -1.41438
-2.71131 0.15001 -1.88434
-2.7988 0.15001 -1.23323
-2.81173 0.15001 -0.522424
-2.77894 0.15001 0.60393
-2.22799 0.15001 1.21755
-1.05658 0.15001 -2.21619
-1.3487 0.15001 -0.875869
-1.52688 0.15001 -0.780215
-1.37994 0.15001 -1.59518
-1.46068 0.15001 -1.85082
-0.791308 0.440981 1.93171
-2.64278 0.15001 -1.33596
-2.66703 0.15001 -0.947017
-2.38072 0.15001 -0.430782
-2.80429 0.15001 2.77964
-2.50629 0.15001 -2.84999
-1.12618 0.15001 -1.70434
-1.7858 0.15001 -2.22623
-2.70356 0.15001 -2.58975
-2.54798 0.15001 -1.96606
-2.39688 0.15001 -1.61085
-2.57813 0.15001 -1.6517
-2.60501 0.15001 0.540612
-2.50971 0.15001 1.6959
-2.55644 0.15001 2.38385
-1.50107 0.15001 -2.37981
-1.87961 0.15001 -2.40536
-2.21295 0.15001 -2.60928
-2.39762 0.15001 -2.55012
-2.36721 0.15001 -1.95677
-2.00004 0.15001 -1.91353
-2.46977 0.15001 -1.79682
-2.48543 0.15001 -1.01222
-2.7728 0.15001 -0.335319
-2.1465 0.15001 2.10325
-2.05845 0.15001 -2.72303
-1.69123 0.15001 -2.38728
-1.59035 0.15001 -2.54834
-2.75479 0.15001 -2.40999
-2.66853 0.15001 -2.10406
-2.18514 0.15001 -1.93738
-2.5563 0.15001 -0.606393
-2.83441 0.15001 -0.860655
-2.78708 0.15001 1.40334
-2.81018 0.15001 2.36878
-1.32622 0.15001 -1.4003
-1.3005 0.15001 -1.76118
-1.3203 0.15001 -1.9618
-2.61827 0.15001 -2.28271
-2.4379 0.15001 -2.32595
-2.44252 0.15001 -1.28786
-2.22817 0.15001 -1.26778
-2.51302 0.15001 -1.46623
-2.72362 0.15001 0.0252309
-2.44265 0.15001 0.956099
-0.997686 0.15001 -2.03258
-2.20468 0.15001 -2.83229
-2.68792 0.15001 -2.79059
-2.47933 0.15001 -2.1405
-1.70177 0.15001 -2.05363
-2.02675 0.15001 -1.5794
-2.21075 0.15001 -1.60016
-1.03473 0.15001 -0.0260123
-2.73346 0.15001 -0.697071
-2.81606 0.15001 -0.13357
-1.21232 0.15001 -2.55703
-0.423406 0.15001 1.11866
-1.0061 0.15001 1.57936
-0.455724 0.306163 1.58682
-0.530314 0.363865 1.81028
-0.57954 0.15001 1.80005
-1.18036 0.15001 0.862118
-0.509542 0.248913 2.34935
-0.477867 0.311524 2.5393
-0.623163 0.258872 2.67576
-1.49325 0.15001 -2.7136
-0.51722 0.318486 1.05493
-1.21409 0.15001 -0.333453
-0.61632 0.400724 1.481
-0.647513 0.309071 1.66708
-1.98039 0.15001 -0.710083
-0.683468 0.28081 2.23761
-0.664903 0.320828 2.44136
-0.697148 0.452712 2.58672
-0.57414 0.15001 2.84999
-0.90947 0.15001 -2.69996
-0.566708 0.367529 1.24063
-0.548079 0.575366 1.32061
-0.436373 0.500006 1.47411
-0.521026 0.483666 1.65283
-0.587518 0.54382 1.84911
-1.80017 0.15001 -0.344345
-0.481868 0.528171 2.30149
-0.520709 0.502474 2.49459
-0.648024 0.412853 2.84999
-1.30306 0.15001 -2.7211
-0.679615 0.15001 -2.18005
-1.8179 0.15001 -1.89277
-0.584836 0.62936 1.52786
-0.711474 0.516607 1.68658
-0.614296 0.449482 2.02241
-0.661117 0.507916 2.20243
-0.698138 0.524154 2.39577
-0.818253 0.307615 2.55475
-0.569931 0.652499 2.84999
-1.02777 0.15001 -1.45536
-0.480398 0.504854 1.10158
-0.514634 0.785755 1.34492
-0.489568 0.840024 1.60087
-0.562593 0.703685 1.73316
-0.48414 0.69613 1.93275
-0.481313 0.610771 2.11944
-0.445823 0.727384 2.3517
-0.538786 0.622524 2.65764
-0.799789 0.335582 2.74491
-0.956942 0.15001 -1.85213
-1.42411 0.15001 -1.08687
-2.27285 0.15001 -2.11402
-0.658897 0.817363 1.49376
-2.2864 0.15001 -1.77488
-0.656086 0.707817 2.03236
-0.630261 0.699113 2.26435
-0.613554 0.694719 2.47266
-2.24834 0.15001 -0.264262
-2.39399 0.15001 2.81242
-1.15816 0.15001 -0.921153
-1.12699 0.15001 -2.39037
-0.407268 0.677542 1.19338
-0.43015 0.975367 1.45675
-2.3241 0.15001 -1.43249
-0.374092 0.885896 2.02137
-0.52955 0.828659 2.14524
-0.37879 0.921217 2.32928
-0.71349 0.589643 2.72941
-2.61792 0.15001 2.83655
-1.31423 0.15001 -2.38927
-1.49984 0.15001 -1.45456
-1.63661 0.15001 -1.87788
-1.84377 0.15001 -1.55879
-2.10178 0.15001 -1.75644
-0.567598 0.938335 1.97499
-0.591159 0.929638 2.31002
-2.00766 0.15001 -0.917504
-1.65683 0.15001 0.282382
-2.50924 0.15001 2.10249
-1.14636 0.15001 -1.89197
-1.2973 0.15001 -1.2196
-2.0765 0.15001 -2.08899
-1.73255 0.15001 -1.71347
-2.16038 0.15001 -2.26442
-1.88953 0.15001 -2.07118
-0.44094 1.03308 2.15762
-1.93061 0.15001 0.23793
-2.01941 0.15001 0.880947
-2.17142 0.15001 2.28671
-0.950949 0.15001 -1.65053
-1.56529 0.15001 -0.961529
-2.13289 0.15001 -1.42507
-1.66426 0.15001 -1.5295
-1.89658 0.15001 0.00421415
-1.25344 0.15001 0.146955
-1.93509 0.15001 -1.08884
-1.83886 0.15001 2.35422
-1.64289 0.15001 0.690368
-2.25666 0.15001 0.908883
-0.980478 0.15001 -1.00318
-0.186632 0.15001 0.969374
-0.252015 0.313201 1.21617
-0.32652 0.347367 1.41275
-0.37062 0.150195 1.69219
-0.382357 0.275742 1.88805
-0.372418 0.279924 2.08119
-0.326015 0.203231 2.3109
-0.310677 0.2203 2.50882
-0.399785 0.179494 2.68396
-1.10713 0.15001 -2.71725
-0.337561 0.15001 0.677669
-0.387755 0.460819 1.27441
-0.309632 0.453004 1.624
-0.430181 0.468491 1.96519
-0.550746 0.260883 1.99163
-0.516032 0.365243 2.18295
-0.354128 0.380442 2.38506
-0.529033 0.427922 2.68394
-0.23009 0.15001 2.84983
-0.715243 0.15001 0.543498
-0.295506 0.443008 1.06704
-0.188619 0.499222 1.26747
-0.225302 0.520525 1.45625
-0.199651 0.622147 1.61257
-0.246942 0.432164 1.90143
-0.344709 0.44883 2.16749
-0.190856 0.401816 2.27022
-0.20244 0.425773 2.51437
-0.414148 0.262837 2.84999
-1.40214 0.15001 -2.5539
-0.191339 0.581835 0.921221
-0.357458 0.66442 1.39157
-0.390872 0.662995 1.59719
-0.394018 0.551947 1.76497
-0.279461 0.603163 2.0826
-0.296534 0.613395 2.26748
-0.339615 0.557806 2.43775
-0.359936 0.500818 2.63539
-0.15607 0.308576 2.84999
-0.530373 0.15001 -2.67346
-1.47437 0.15001 -1.27132
-0.23122 0.610864 1.10284
-0.156805 0.695281 1.40577
-0.198754 0.839592 1.72812
-0.158457 0.620454 1.79155
-0.347209 0.768019 2.1723
-0.260816 0.774159 2.41764
-0.197004 0.640302 2.54138
-0.46986 0.491371 2.84999
-0.747923 0.15001 -2.36064
-0.106493 0.762243 1.00298
-0.315034 0.854255 1.32112
-0.292513 0.852113 1.54527
-0.387543 0.800424 1.77406
-0.193316 0.79703 2.0452
-0.166308 0.782404 2.24431
-0.513979 0.874772 2.49533
-0.266229 0.727432 2.7174
-0.231899 0.883209 2.84999
-1.02095 0.15001 -2.54825
-0.446371 0.476546 0.89553
-0.288157 0.845882 1.06569
-0.147135 0.939373 1.41395
-0.168848 1.03888 1.74229
-0.329578 0.984575 1.8586
-0.246204 0.958052 2.1741
-0.187262 0.964792 2.39278
-0.160791 0.839717 2.58854
-2.27892 0.15001 2.65844
-0.940324 0.15001 -2.37493
-0.776334 0.15001 -1.83267
-0.290371 1.07691 1.33758
-0.39128 1.00709 1.66927
-0.304341 0.603645 1.90799
-0.274909 1.09634 2.02236
-0.119671 1.14476 2.27288
-1.80719 0.15001 -0.656233
-0.626039 0.798351 2.68524
-0.40711 0.764955 2.84999
-0.992776 0.15001 -1.20576
-1.61678 0.15001 -1.14845
-0.603046 0.15001 -1.55816
-0.250039 1.09671 1.54696
-0.194984 1.24276 1.73261
0.225553 0.15001 -0.494201
-0.631512 0.15001 1.18958
-1.36432 0.15001 0.745481
-0.449868 0.939897 2.68949
-2.06771 0.15001 2.72422
-1.19702 0.15001 -1.52815
-0.71789 0.15001 -2.68263
-1.64088 0.15001 2.61782
-1.72558 0.15001 -0.825471
-1.44696 0.15001 0.430285
-0.954526 0.15001 1.76437
-0.961291 0.15001 2.00614
-1.71455 0.15001 1.10008
-1.91583 0.15001 2.03174
-1.71613 0.15001 1.98417
-0.990294 0.15001 -0.798896
0.070753 0.358946 1.0598
-0.0374158 0.323157 1.23239
-0.241466 0.27754 1.5582
-0.182976 0.15001 1.80499
-0.25267 0.159976 1.98602
-0.205815 0.236509 2.16841
-0.0273527 0.291314 2.25689
-0.130379 0.178431 2.56974
-0.069648 0.313981 2.68893
-0.342366 0.15001 -2.66542
-0.0622876 0.366368 0.731603
-0.127016 0.34737 1.05422
-0.108029 0.366677 1.41045
-0.128797 0.150001 1.62545
-0.150576 0.394697 2.06776
0.137579 0.16483 2.19993
-0.155668 0.269115 2.40065
-0.269071 0.327509 2.67241
-0.0268035 0.15001 2.85
-0.828959 0.15001 -2.53128
-0.0067115 0.519253 0.969289
0.123523 0.412762 1.30533
-0.0952305 0.423948 1.59681
-0.265084 0.294232 1.74156
-0.0618514 0.15001 1.94233
0.0422714 0.408803 2.11153
0.00433789 0.477723 2.28768
-0.0123399 0.386689 2.46814
0.0387032 0.317759 2.84999
0.56336 0.15001 0.478438
0.0211502 0.534734 0.773345
-0.0143132 0.516005 1.16552
-0.0221519 0.541167 1.36107
-0.462955 0.15001 1.34355
-0.10418 0.54859 1.95664
0.210944 0.516577 2.20038
-0.155554 0.551882 2.38022
0.00595722 0.480291 2.65162
0.247893 0.37022 2.84999
-0.558189 0.15001 -2.33466
0.0774076 0.706758 1.06213
-0.0486551 0.15001 1.10718
-0.0101657 0.602812 1.54856
-0.0884921 0.43799 1.78727
0.308974 0.29591 1.93492
-0.130458 0.556329 2.18194
-0.0325994 0.670481 2.3103
0.00840163 0.570604 2.46959
-0.079991 0.465876 2.84999
-1.40581 0.15001 -2.2109
0.152051 0.637364 0.894932
0.0131916 0.707003 1.24221
0.0128831 0.814198 1.41453
0.0446291 0.61253 1.83085
0.0969575 0.769946 1.94203
0.112421 0.571523 2.0176
-0.0459207 0.819783 2.42544
-0.179563 0.498285 2.68844
0.281693 0.556479 2.84999
-1.15061 0.15001 -1.10646
0.0890557 0.952357 1.05747
0.168685 0.839585 1.20945
-0.102867 0.784909 1.56786
0.0129264 0.955458 1.82349
-0.0247117 0.906964 2.01985
-0.0506572 0.942046 2.22409
0.116791 0.877662 2.30897
-0.0804519 0.656668 2.67994
-0.307457 0.395975 2.84999
-0.849688 0.15001 -1.4882
0.0765468 0.822896 0.899717
-0.00387492 0.941885 1.25387
0.0832621 1.03595 1.42254
0.2381 0.939705 1.60546
-0.0828617 0.777238 1.87297
0.200472 1.05635 2.35215
0.0039768 1.03866 2.39493
-0.200705 1.01162 2.6905
0.443787 0.643679 2.84999
-1.36501 0.15001 -0.661743
-1.04418 0.15001 -0.617638
0.216076 1.0566 1.2523
-0.173922 0.712671 1.23039
0.121731 0.280802 1.79315
0.100116 1.12468 1.97944
-0.0769378 1.08903 2.08112
0.146746 1.23119 2.43818
0.0574811 1.09815 2.58244
-1.21882 0.15001 2.31135
-1.14789 0.15001 -1.31989
-1.54824 0.15001 -1.68485
-0.369401 0.15001 -2.3213
-0.230281 0.15001 1.36148
0.00375057 0.15001 1.49498
-0.0414012 0.670607 2.06956
0.0625563 0.70951 2.56344
-0.386705 0.670479 2.57013
-1.88411 0.15001 2.8423
-1.30023 0.15001 2.82545
-0.448381 0.15001 -2.49849
0.297775 0.350045 1.03007
0.255741 0.15001 1.26836
0.193875 0.15001 1.46529
0.103253 0.199205 2.00912
0.412992 0.15001 1.89181
0.333965 0.15001 2.22419
0.15868 0.32295 2.30605
0.16209 0.310389 2.49857
0.237466 0.15001 2.59295
-0.597171 0.15001 -1.76628
-0.0237573 0.280106 0.897332
0.142079 0.199866 1.13141
0.0688568 0.186466 1.3257
0.201825 0.15001 1.68038
0.281064 0.15001 2.04829
0.495642 0.27365 2.19916
0.0275266 0.18465 2.4191
0.0546424 0.180485 2.62904
0.173626 0.1892 2.84999
-0.401402 0.15001 -1.78005
0.174734 0.270326 0.898571
0.456061 0.15001 1.22689
0.377361 0.15001 1.40167
0.00473836 0.15001 1.75464
0.222512 0.15001 1.86644
-0.04288 0.15001 2.12984
0.395464 0.249739 2.36058
0.370599 0.273668 2.63415
0.157644 0.341021 2.68709
-0.270462 0.15001 -2.83867
0.202628 0.382345 0.722202
0.308021 0.413977 1.2171
-0.863992 0.15001 1.39919
0.327206 0.217229 1.56224
0.0502441 0.419298 1.91802
0.22808 0.347873 2.12619
0.16351 0.494337 2.38057
0.173121 0.49665 2.56111
0.405276 0.290868 2.84999
-0.298846 0.15001 -1.38578
0.177047 0.517562 1.05113
0.30074 0.52914 1.38486
0.268065 0.295576 1.38157
0.213296 0.511429 1.81394
0.374006 0.502255 1.93515
0.362721 0.588428 2.11576
0.324796 0.579809 2.36991
0.248985 0.698629 2.53675
0.310869 0.466953 2.69057
-0.869782 0.15001 -2.19956
0.294267 0.502239 0.871613
0.195251 0.578091 1.2221
0.471913 0.296357 1.46583
0.292614 0.713974 1.64919
0.397086 0.798371 2.11022
0.285803 0.730082 2.25205
0.146117 0.693406 2.37784
0.137292 0.607793 2.69806
0.445724 0.467646 2.84999
-0.789976 0.15001 -1.11412
0.275531 0.706429 1.0971
0.353216 0.759132 1.27406
0.284049 0.513676 1.64076
0.0894689 0.783513 1.72766
0.269786 0.669322 1.89319
0.230638 0.721493 2.06812
0.292131 0.842669 2.41298
0.363887 0.865578 2.60657
0.305885 0.715141 2.71844
-0.409597 0.15001 -1.98099
0.341437 0.720081 0.906808
0.334391 0.924453 1.11817
0.182535 0.613707 1.53532
0.413145 0.999925 1.68941
0.185376 0.946493 1.95386
0.315249 0.940791 2.23157
0.129979 0.920974 2.50748
0.192978 0.889555 2.69513
0.626139 0.681239 2.84999
-0.76825 0.15001 -1.65243
-0.804368 0.15001 -0.888451
0.401138 0.979398 1.31408
0.309412 1.16635 1.64431
0.15513 1.07754 1.74762
0.378267 0.904011 1.95076
0.352407 1.06836 2.07241
0.361036 1.19862 2.35634
0.26341 1.08924 2.58084
0.163137 1.08698 2.7632
-0.806718 0.15001 -2.01989
0.143591 0.15001 -1.79047
-1.02648 0.15001 -0.422212
0.126082 0.630803 1.3737
0.121361 0.276086 1.57873
0.259326 0.819618 1.79752
0.0943501 0.643513 2.18874
-0.246376 0.562805 2.84999
0.044176 0.770256 2.7442
-0.00658467 0.623525 2.84999
0.035407 0.15001 -2.66171
0.369274 0.326425 0.830949
0.330298 0.16503 1.08775
0.558654 0.15001 1.38685
0.388266 0.15001 1.71298
0.635604 0.191243 1.95652
0.649265 0.159219 2.14609
0.557178 0.150475 2.33162
0.419261 0.15001 2.50533
0.505462 0.15001 2.66942
0.430476 0.15001 -2.65855
0.602013 0.284784 0.916528
0.649843 0.162214 1.21719
0.503566 0.15001 1.56934
0.572089 0.15001 1.78151
0.474152 0.151146 2.06268
0.674165 0.306744 2.27746
0.231147 0.155205 2.39589
0.694632 0.15001 2.74852
0.860999 0.15001 2.84999
-0.632808 0.15001 -2.51306
0.408942 0.469437 0.697172
0.417578 0.158367 0.908921
0.906749 0.15001 1.15621
0.463223 0.298179 1.78642
0.710712 0.491026 1.93462
0.407406 0.402126 2.09284
0.486025 0.472001 2.41047
0.619363 0.15001 2.51024
0.333764 0.15001 2.76558
-0.0715786 0.15001 -2.83231
0.609613 0.470347 0.815281
0.534707 0.15001 1.05368
0.457249 0.46946 1.62447
0.57699 0.482473 1.78291
0.537085 0.380293 1.95026
0.538293 0.450876 2.23007
0.327355 0.410292 2.48919
0.626035 0.283349 2.64082
0.528941 0.15001 2.84999
-0.496341 0.15001 -2.15068
0.374354 0.530976 1.05236
0.585696 0.689906 1.26928
0.639685 0.244591 1.63609
0.408096 0.586383 1.76943
0.551285 0.557685 2.05697
0.479406 0.622644 2.26103
0.626799 0.672629 2.37739
0.58695 0.573205 2.53546
0.513416 0.461686 2.67308
0.233954 0.15001 -2.6662
0.52224 0.597533 0.944047
0.430187 0.577394 1.23243
0.48639 0.480015 1.4123
0.586351 0.657662 1.6878
0.440542 0.687851 1.9662
0.585119 0.746871 2.15177
0.449012 0.694262 2.44079
0.393997 0.581108 2.57174
0.636278 0.502085 2.84999
-0.58885 0.15001 -1.9693
0.471383 0.655772 0.759186
0.546291 0.889845 1.19737
0.495749 0.637106 1.50407
0.442517 0.762166 1.79191
0.588398 0.803883 1.97527
0.459678 0.803425 2.28649
0.665152 0.861284 2.37816
0.624471 0.771996 2.55985
0.495178 0.714641 2.68142
-0.0727517 0.15001 -2.49367
0.46898 0.757024 1.06774
0.508415 0.81869 1.39769
0.315555 0.782969 1.46606
0.618671 0.91496 1.61401
0.671939 1.05223 1.7538
0.517666 0.948484 2.11488
0.377768 1.01802 2.43727
0.447494 0.876088 2.81317
1.06044 0.464464 2.84999
-0.266567 0.15001 -2.47675
-0.688189 0.15001 -0.730264
-0.612066 0.15001 -1.21991
0.589586 1.00227 1.41181
0.47303 1.17277 1.79884
0.526041 0.913258 1.81842
0.493835 0.86241 2.47152
0.897917 0.857476 2.58486
0.500229 1.01977 2.6355
0.546138 1.05892 2.85
-0.69302 0.15001 -1.3882
0.207859 0.15001 -1.9819
-1.19606 0.15001 -0.739191
0.314135 0.15001 -1.65995
0.464003 0.777198 1.60766
0.745746 0.553998 1.51449
0.524269 0.966529 2.31151
0.1699 0.692227 2.84999
0.108468 0.47909 2.84999
0.8674 0.430089 2.84999
0.0155532 0.15001 -2.26882
0.720513 0.171049 1.04269
0.748666 0.334005 1.19341
0.707423 0.15001 1.4894
0.756386 0.15001 1.73558
0.68649 0.327525 1.82917
0.833734 0.193163 2.18312
0.888584 0.300406 2.34316
0.790235 0.229789 2.56125
0.941882 0.201458 2.67549
0.728015 0.15001 -2.83202
-0.302855 0.15001 -2.14574
0.878147 0.287023 1.02479
1.05063 0.178617 1.32884
0.87334 0.276723 1.81369
0.797096 0.297138 2.0011
1.02223 0.185085 2.2578
0.759954 0.157886 2.37706
1.01253 0.419555 2.67989
1.06274 0.15001 2.84999
0.537086 0.292415 0.715329
0.649765 0.448945 1.01449
0.609819 0.486438 1.20138
1.10614 0.15001 1.13024
0.789325 0.444139 1.71165
0.910898 0.454172 1.86711
0.668008 0.402445 2.09948
0.809996 0.438491 2.23134
0.775578 0.516418 2.53498
0.979259 0.301562 2.84999
-0.21504 0.15001 -1.75536
0.740582 0.306728 0.771702
0.823736 0.483606 1.09612
0.78577 0.389058 1.47747
0.961929 0.602103 1.74813
0.728473 0.672479 2.03793
0.859365 0.623154 2.1742
0.678515 0.473374 2.3774
0.96842 0.551177 2.55201
0.806647 0.393275 2.67571
0.336934 0.15001 -2.84479
0.652188 0.652353 1.08201
0.777902 0.646337 1.24021
0.629129 0.441364 1.58828
0.766641 0.612046 1.80336
0.895326 0.643507 1.94031
0.675542 0.584772 2.2107
0.811073 0.642985 2.36934
0.686787 0.626901 2.68499
0.577763 0.333369 2.84999
0.126605 0.15001 -2.8407
0.746969 0.600099 0.89985
0.730403 0.839583 1.11179
0.706882 0.844752 1.32564
0.988001 0.803986 1.86274
0.602534 0.644872 1.8825
0.76368 0.775472 2.23816
0.793993 0.707763 2.54462
0.788067 0.800888 2.72256
0.887305 0.629484 2.6972
0.741798 0.481914 0.657053
0.791043 0.812445 0.913141
0.909232 0.877802 1.35218
0.978414 0.748582 1.56633
0.674777 0.809291 1.7752
0.800719 0.823307 1.91901
0.730322 0.896923 2.09755
0.85699 0.880464 2.39225
1.00004 0.982143 2.75287
0.751341 0.297775 2.84999
-0.422087 0.15001 -1.57638
-0.215812 0.15001 -1.96641
0.6998 1.02821 1.21565
0.788974 1.05182 1.41552
0.830962 0.15001 1.34311
0.826693 1.04893 1.90996
0.695933 1.02011 2.24507
0.724048 0.959298 2.55494
0.622365 0.890026 2.72575
0.925834 0.825608 2.84999
-0.154029 0.15001 -2.66434
-0.11391 0.15001 -2.12546
1.00844 0.429272 1.12818
0.834722 0.227476 1.58432
0.680211 0.288966 1.35427
0.815707 0.670455 1.63794
0.814611 1.14499 2.13885
0.822048 1.09804 2.37835
0.855997 1.12554 2.76691
2.36073 0.15001 2.19896
-0.176387 0.15001 -2.3052
-0.869625 0.15001 -0.65574
0.38939 0.15001 0.514366
0.766517 0.15001 -0.165975
0.981595 0.15001 1.4994
1.38494 0.496266 2.00557
0.67233 0.950301 1.92176
1.08207 0.772093 2.17838
0.795968 0.589512 2.84999
1.52849 0.15001 2.84999
0.0342242 0.15001 -2.02284
0.950428 0.15001 0.648921
0.949568 0.312802 1.24815
1.10185 0.247631 1.60888
0.952927 0.15001 1.69333
1.06832 0.242343 1.80807
0.958967 0.327126 2.12511
1.01672 0.185835 2.46047
0.933243 0.354927 2.52292
1.12446 0.261983 2.70298
0.534713 0.15001 -2.83551
-0.0515592 0.15001 -1.64084
1.20721 0.195402 1.44653
1.29337 0.15001 1.63398
1.26067 0.247134 1.82531
0.939216 0.16607 1.96849
1.19242 0.177188 2.16056
1.14606 0.470127 2.54307
1.31635 0.226354 2.66878
1.29198 0.15001 2.84999
0.113585 0.15001 -2.49718
1.08402 0.305565 1.02436
0.868754 0.486656 1.31529
1.08932 0.36832 1.44401
0.967946 0.388295 1.65427
1.0451 0.459035 2.00695
1.00896 0.505147 2.21638
1.09279 0.389778 2.36266
0.917004 0.488149 2.3831
1.2083 0.360099 2.84999
0.482844 0.15001 -2.47389
1.00961 0.328843 0.845961
1.1859 0.613246 1.43591
1.10512 0.583196 1.61419
1.09939 0.448701 1.78778
0.858707 0.479581 2.05184
1.14327 0.374256 2.16971
1.09727 0.603581 2.41946
1.13632 0.590808 2.69704
1.07445 0.686506 2.84999
0.757791 0.15001 -2.42687
0.975546 0.49991 0.949063
1.08554 0.500336 1.30033
0.981501 0.657497 1.36587
0.929354 0.547187 1.54774
1.09217 0.623003 1.8959
1.02666 0.636088 2.07565
0.975276 0.699098 2.30131
0.971777 0.727311 2.48295
1.60969 0.340471 2.84999
0.909283 0.351028 0.677835
1.16017 0.559206 0.886228
1.11785 0.831024 1.39383
1.23624 0.773505 1.55053
1.23009 0.638045 1.75838
0.901529 0.798601 2.08287
1.17377 0.622812 2.25161
1.25563 0.73459 2.39215
1.16335 0.739245 2.56383
1.31813 0.695798 2.84999
0.193076 0.15001 -2.17261
0.907124 0.533288 0.768582
0.887136 0.667088 1.03541
0.812482 0.726628 1.45014
1.11046 0.789931 1.70682
1.28464 0.83717 1.85646
0.889431 0.96202 2.21172
1.09278 0.863735 2.4176
1.02323 0.768787 2.6889
2.65504 0.15001 1.47945
1.42903 0.15001 -2.54889
0.975246 0.87485 1.01475
1.07759 0.751278 1.20766
1.12422 1.01169 1.58154
1.11415 0.960615 1.8258
1.52781 0.322811 2.04022
1.25629 0.778672 2.13188
1.23764 0.925994 2.29733
1.13375 0.959638 2.60189
1.76575 0.15001 2.84991
-2.04642 0.15001 -1.24616
1.00751 0.710973 0.87261
1.07911 0.959873 1.21928
1.01191 1.0431 1.41069
-0.525908 0.15001 -0.483482
1.8872 0.15001 1.78926
1.10646 1.02682 2.11339
1.01008 1.04507 2.45016
2.03597 0.15001 1.29254
2.42233 0.15001 2.38178
-0.427897 0.15001 -1.2142
1.62683 0.15001 -2.57037
-0.238188 0.15001 -1.56614
-0.0517253 0.15001 -1.85069
1.5419 0.186255 2.18194
-0.185442 0.15001 -0.890198
1.51841 0.15001 0.0892043
1.07879 0.15001 -0.426473
1.74875 0.15001 1.94944
2.01762 0.15001 2.66099
2.0702 0.15001 -2.84999
0.839888 0.15001 0.150619
2.02132 0.15001 0.0479686
1.35836 0.310617 1.50764
0.686204 0.15001 -2.18733
1.31494 0.240389 2.0182
0.686014 0.15001 -1.66261
1.61028 0.15001 -1.4793
1.18023 0.285054 2.52232
2.16239 0.15001 -0.297239
2.78867 0.15001 -2.83468
1.42435 0.15001 -2.32921
1.30833 0.342756 1.0935
-0.628831 0.15001 -1.01686
1.54447 0.323085 1.57906
1.50163 0.159399 2.00802
1.65342 0.294583 2.27762
1.22311 0.229917 2.34947
1.79779 0.15001 2.29751
2.45242 0.15001 2.64134
1.01904 0.15001 -2.59271
1.16428 0.305474 1.23107
1.34408 0.237782 1.30203
1.20508 0.410427 1.59542
1.42894 0.277861 1.72642
1.10451 0.256424 2.00387
1.37237 0.223822 2.24558
1.47723 0.373569 2.3622
1.36723 0.357876 2.52628
1.47065 0.384916 2.70833
0.369258 0.15001 -2.08899
2.59608 0.15001 -2.83651
1.48302 0.354223 1.20603
1.08841 0.15001 -2.20029
1.48429 0.518235 1.72877
1.42267 0.373545 1.88298
1.7082 0.402835 2.05584
1.28193 0.458255 2.31276
1.56762 0.29173 2.5451
1.96301 0.15001 2.84523
1.21361 0.367302 0.823949
1.1879 0.499562 1.08094
1.27218 0.432145 1.36
1.32718 0.572488 1.58278
1.2993 0.450726 1.75719
1.21417 0.39843 1.94083
1.32962 0.396014 2.13909
1.31055 0.556321 2.47771
1.3023 0.486917 2.67175
2.7765 0.15001 0.884569
1.13842 0.15001 -2.84951
1.20389 0.15001 -1.62869
1.39322 0.534011 1.15229
1.53923 0.510406 1.33429
1.6632 0.425497 1.71979
1.61205 0.562846 1.94133
1.37231 0.667381 2.236
1.48307 0.576549 2.36773
1.49657 0.523516 2.55718
2.20458 0.15001 1.83715
0.926831 0.15001 -2.85
1.17343 0.703903 1.03343
1.23535 0.622778 1.24031
1.43921 0.75899 1.5029
1.38933 0.738565 1.69683
1.44763 0.653979 1.87047
1.20321 0.551045 2.08025
1.45343 0.775365 2.41247
1.46394 0.617425 2.73583
2.14806 0.15001 2.8148
2.39624 0.15001 -2.84999
1.47774 0.15001 -2.75077
1.43733 0.712931 1.27526
-0.204182 0.15001 -0.564196
1.50441 0.840834 1.84473
1.5492 0.737526 2.07963
2.17239 0.15001 -0.500031
1.30305 0.902494 2.4999
1.35909 0.713583 2.59089
1.2306 0.836168 2.73603
0.646117 0.15001 -2.64433
0.999774 0.15001 -1.93119
1.27139 0.836309 1.21654
1.63758 0.15001 1.03621
1.29435 0.932722 1.67092
1.40442 0.945552 1.99805
1.41159 0.877443 2.19804
2.16271 0.15001 1.50727
2.28681 0.15001 1.05169
2.69468 0.15001 2.12068
0.25828 0.15001 -2.36936
-0.494629 0.15001 -1.40366
1.5761 0.15001 -2.16401
-0.0923672 0.15001 -1.44387
-0.45927 0.15001 -0.289708
2.35358 0.15001 0.889917
1.36266 0.15001 -1.02174
0.584019 0.15001 -0.937647
2.22349 0.15001 2.33662
2.17149 0.15001 -0.128643
1.86349 0.15001 -2.8396
1.32919 0.15001 -2.84999
1.65708 0.15001 -2.37283
2.43746 0.15001 -2.46611
0.241694 0.15001 -1.44048
0.912912 0.15001 -2.16418
0.389945 0.15001 -1.24599
2.28273 0.15001 -1.02306
1.99784 0.15001 -0.805704
2.77776 0.15001 0.495998
2.84492 0.15001 -2.65775
2.84999 0.15001 -1.8463
2.04128 0.15001 -2.03856
2.76153 0.15001 -1.40998
2.81177 0.15001 -1.2099
2.50541 0.15001 -1.59546
2.34552 0.15001 -0.844409
2.83525 0.15001 -0.494943
2.84682 0.15001 1.43061
2.66414 0.15001 2.84311
1.66623 0.15001 -2.84977
1.85746 0.15001 -2.36442
2.62941 0.15001 -1.94881
2.64584 0.15001 -1.70489
1.20492 0.15001 -1.9549
0.625478 0.15001 -1.31124
0.827456 0.15001 -0.822532
2.83993 0.15001 -0.987974
1.59836 0.15001 -1.06267
2.84708 0.15001 2.53946
2.84947 0.15001 -2.09165
2.16835 0.15001 -2.333
2.84964 0.15001 -1.61498
2.46239 0.15001 -1.86637
1.73389 0.15001 -1.87631
2.31764 0.15001 -2.15061
1.82617 0.15001 -0.965014
1.52521 0.15001 -0.899643
2.7103 0.15001 -0.273406
2.22695 0.15001 -0.690145
0.842746 0.15001 -2.65348
2.39271 0.15001 -2.65689
2.64716 0.15001 -2.50015
2.24258 0.15001 -1.93478
1.95787 0.15001 -1.80498
1.59988 0.295927 1.87106
2.64031 0.15001 -1.03793
2.84614 0.15001 -0.774983
2.39592 0.15001 -0.541815
2.84039 0.15001 1.70842
1.95888 0.15001 -2.64115
1.27654 0.15001 -2.66021
1.67829 0.411135 1.46209
1.53397 0.559766 1.53815
0.768491 0.15001 -1.4347
0.559265 0.15001 -1.49137
1.58186 0.531908 2.20081
2.75341 0.15001 1.9184
2.84864 0.15001 -0.0315654
2.84999 0.15001 2.73558
1.17044 0.15001 -2.48566
0.993303 0.15001 -2.3829
2.68655 0.15001 -2.21798
2.1867 0.15001 -1.48219
1.74154 0.15001 -1.65508
0.761751 0.15001 -2.00951
1.02932 0.15001 -1.42966
0.236599 0.15001 -0.751173
1.62899 0.15001 -0.581612
1.64017 0.513647 2.71337
2.84999 0.15001 -2.40134
1.83471 0.15001 -2.17217
2.01248 0.15001 -2.2492
0.374595 0.15001 -1.89436
-0.373853 0.15001 -0.797251
0.563209 0.15001 -2.03496
1.52712 0.15001 -1.73231
2.55978 0.15001 -1.35312
2.67025 0.15001 0.11913
2.49803 0.15001 2.06277
0.448649 0.15001 -2.28118
-0.471685 0.15001 -0.0612364
0.835514 0.15001 -1.80799
1.01913 0.15001 -1.71859
-0.188468 0.15001 0.537577
-0.435304 0.15001 -0.974238
0.501815 0.15001 -1.73812
1.9226 0.15001 -1.57136
1.62575 0.15001 -1.28726
1.18292 0.15001 -1.07031
2.18636 0.15001 -2.69464
2.50063 0.15001 -2.26096
1.51776 0.15001 -1.91929
-0.0456485 0.15001 -1.11778
-0.252456 0.15001 -1.06578
2.07218 0.15001 1.04901
0.849022 0.15001 -0.305719
1.33277 0.15001 -0.616588
2.45806 0.15001 1.43325
2.31547 0.15001 1.68175
