1000 0.1
-1.61056 0.15001 -1.94158
-1.85256 0.15001 -2.38734
-1.57873 0.15001 -1.75293
-1.25569 0.15001 -1.80775
-2.04015 0.15001 -1.57069
-2.6017 0.15001 2.61582
-2.75357 0.15001 -0.94156
-2.4756 0.15001 -0.251421
-2.32177 0.15001 -0.857132
-1.96081 0.15001 -0.0768027
-1.52471 0.15001 -2.43829
-2.25673 0.15001 -2.69984
-2.3619 0.15001 -2.38829
-1.96344 0.15001 -2.07379
-2.82967 0.15001 -2.20129
-2.84999 0.15001 -1.50621
-2.51898 0.15001 -0.827828
-2.60854 0.15001 -1.06344
-1.76783 0.15001 2.23839
-2.65782 0.15001 2.4242
-1.70671 0.15001 -2.50755
-2.57627 0.15001 -2.63864
-1.9957 0.15001 -2.26257
-1.96093 0.15001 -0.985676
-2.68379 0.15001 -2.32287
-2.14017 0.15001 -1.25082
-2.11959 0.15001 -0.182872
-1.92742 0.15001 -0.266637
-2.71793 0.15001 0.483745
-2.79415 0.15001 0.231497
-1.67172 0.15001 -2.32075
-2.07563 0.15001 -2.63552
-2.1778 0.15001 -2.32678
-2.75592 0.15001 -1.82642
-2.82122 0.15001 -1.3191
-2.79661 0.15001 -2.01356
-2.79099 0.15001 -1.12959
-2.82476 0.15001 -0.391779
-2.60738 0.15001 -0.0836459
-2.02381 0.15001 0.356603
-1.10859 0.15001 -1.92617
-1.68236 0.15001 -0.713334
-1.86983 0.15001 -0.659958
-1.51456 0.15001 -1.37413
-1.54494 0.15001 -1.56265
-0.795021 0.717873 1.8835
-2.64233 0.15001 -1.25153
-2.69913 0.15001 -0.759793
-2.09295 0.15001 -0.398528
-2.84936 0.15001 2.80519
-2.11357 0.15001 -2.82235
-1.19525 0.15001 -1.43127
-1.78746 0.15001 -2.00883
-2.39959 0.15001 -2.57532
-2.61355 0.15001 -1.95312
-2.53571 0.15001 -1.57453
-2.71577 0.15001 -1.63774
-2.62794 0.15001 0.107445
-2.54553 0.15001 0.525984
-2.66622 0.15001 1.96853
-1.46332 0.15001 -2.06139
-1.81715 0.15001 -2.19848
-2.03509 0.15001 -2.44961
-2.21873 0.15001 -2.51266
-2.43121 0.15001 -1.89135
-2.07555 0.15001 -1.75907
-2.57462 0.15001 -1.76548
-2.56864 0.15001 -0.625707
-2.66846 0.15001 -0.253644
-2.7177 0.15001 0.821283
-1.8914 0.15001 -2.57388
-1.64081 0.15001 -2.13006
-1.49396 0.15001 -2.24953
-2.54398 0.15001 -2.45043
-2.64948 0.15001 -2.13819
-2.25279 0.15001 -1.8258
-2.42914 0.15001 -0.488898
-2.76508 0.15001 -0.577728
-1.56851 0.15001 1.02295
-2.78911 0.15001 1.77925
-1.48324 0.15001 -1.184
-1.36917 0.15001 -1.4976
-1.40234 0.15001 -1.68593
-2.5039 0.15001 -2.26298
-2.321 0.15001 -2.20279
-2.4618 0.15001 -1.18764
-2.43184 0.15001 -1.00273
-2.67442 0.15001 -1.44496
-2.83549 0.15001 0.0350884
-2.49795 0.15001 0.27102
-1.07793 0.15001 -1.73837
-1.93555 0.15001 -2.75932
-2.43548 0.15001 -2.76456
-2.46635 0.15001 -2.07779
-1.75552 0.15001 -1.82072
-2.1823 0.15001 -1.44214
-2.3591 0.15001 -1.50523
-1.25638 0.15001 -0.351075
-2.62011 0.15001 -0.435685
-2.84909 0.15001 -0.177021
-1.16856 0.15001 -2.30177
-2.61563 0.15001 0.99327
-2.42696 0.15001 1.17882
-0.46395 0.560314 1.56985
-0.571327 0.627388 1.82517
-1.36379 0.15001 1.97182
-0.922726 0.15001 1.20895
-0.552866 0.477979 2.3233
-0.535483 0.517459 2.5235
-0.681653 0.475527 2.65894
-1.34696 0.15001 -2.36779
-0.499944 0.593081 1.05097
-2.26926 0.15001 1.81578
-0.634536 0.661649 1.46137
-0.668724 0.563937 1.65299
-2.38016 0.15001 -0.679096
-0.73061 0.520915 2.2224
-0.70307 0.595109 2.42255
-0.751323 0.723466 2.59283
-1.25865 0.15001 2.82444
-0.851406 0.15001 -2.36304
-0.570478 0.627854 1.23001
-0.574173 0.847017 1.31214
-0.445 0.756074 1.46493
-0.540258 0.740864 1.65563
-0.617813 0.820671 1.85426
-1.9083 0.15001 -0.463726
-0.51557 0.792664 2.30373
-0.557835 0.740459 2.49738
-0.690158 0.716166 2.84999
-1.20173 0.15001 -2.48734
-0.759342 0.15001 -1.79061
-1.89735 0.15001 -1.69648
-0.615192 0.892881 1.51819
-0.749979 0.770928 1.69276
-0.644383 0.697179 2.01407
-0.702951 0.775507 2.19642
-0.737269 0.80486 2.39825
-0.833147 0.548894 2.56068
-0.60498 0.936158 2.84999
-1.16995 0.15001 -1.24282
-0.522956 0.786325 1.09121
-0.525419 1.06269 1.34471
-0.510724 1.12052 1.59339
-0.588749 0.974134 1.72171
-0.487974 0.969784 1.93288
-0.510756 0.87969 2.1165
-0.47197 1.00589 2.36055
-0.563633 0.881636 2.65407
-0.833273 0.592851 2.75161
-1.04828 0.15001 -1.54972
-1.64097 0.15001 -0.893042
-2.28567 0.15001 -2.01607
-0.689268 1.09262 1.48412
-2.39494 0.15001 -1.7004
-0.683775 0.963897 2.02524
-0.656613 0.969671 2.26461
-0.64144 0.974318 2.481
-2.05055 0.15001 -0.594607
-2.16139 0.15001 2.51223
-1.54269 0.15001 -0.580268
-1.1394 0.15001 -2.114
-0.426321 0.954979 1.18611
-0.441363 1.25226 1.44178
-2.49774 0.15001 -1.37699
-0.395346 1.15644 1.99402
-0.567365 1.10944 2.13148
-0.396909 1.21643 2.3393
-0.777404 0.87482 2.74077
-2.2738 0.15001 2.84513
-1.28602 0.15001 -1.99316
-1.66076 0.15001 -1.25327
-1.72077 0.15001 -1.63069
-2.00641 0.15001 -1.3834
-2.21795 0.15001 -1.63363
-0.592774 1.21958 1.95154
-0.610612 1.20492 2.31864
-2.18676 0.15001 -0.728022
-2.19439 0.15001 0.0423675
-2.83878 0.15001 2.37612
-1.22507 0.15001 -1.62131
-1.46678 0.15001 -0.98923
-2.10901 0.15001 -1.94909
-1.86348 0.15001 -1.50782
-2.14039 0.15001 -2.13912
-1.93285 0.15001 -1.88467
-0.457116 1.30686 2.15154
-2.28262 0.15001 -0.330674
-2.64689 0.15001 1.27682
-1.93086 0.15001 0.874189
-1.02041 0.15001 -1.361
-1.82579 0.15001 -0.847179
-2.31813 0.15001 -1.30971
-1.83288 0.15001 -1.32013
-2.32036 0.15001 -0.128466
-0.877693 0.15001 0.745393
-2.14991 0.15001 -0.937566
-2.49951 0.15001 2.23897
-1.78279 0.15001 -0.127093
-2.43433 0.15001 0.682402
-1.35129 0.15001 -0.66407
0.0509879 0.15001 0.79475
-0.322452 0.506128 1.18725
-0.361452 0.575406 1.38491
-0.465835 0.370375 1.66207
-0.401042 0.519369 1.87169
-0.389141 0.521909 2.09298
-0.369401 0.402785 2.27543
-0.357555 0.417332 2.48817
-0.433121 0.326182 2.65441
-1.02773 0.15001 -2.42537
-0.476556 0.15001 0.30167
-0.397904 0.743099 1.25456
-0.312015 0.714399 1.64078
-0.441977 0.71413 1.9532
-0.574912 0.504901 1.99262
-0.550515 0.625639 2.18023
-0.410532 0.623982 2.38699
-0.567172 0.661513 2.68744
-0.411447 0.274376 2.84999
-1.42284 0.15001 1.81392
-0.323038 0.682916 1.05677
-0.19981 0.671699 1.26985
-0.234749 0.772789 1.44793
-0.21854 0.925317 1.58813
-0.192035 0.554499 1.88823
-0.372111 0.722087 2.14851
-0.238401 0.635622 2.27445
-0.230446 0.680654 2.47896
-0.612177 0.516512 2.84999
-1.31587 0.15001 -2.18097
-0.204783 0.844961 0.867629
-0.359413 0.933772 1.38723
-0.422624 0.928561 1.59389
-0.403856 0.839047 1.78677
-0.314071 0.888408 2.0204
-0.341813 0.895058 2.24567
-0.375099 0.835357 2.45905
-0.375095 0.613091 2.60644
-0.388708 0.515186 2.85
-0.492491 0.15001 -2.23956
-1.6345 0.15001 -1.07306
-0.262846 0.891709 1.06776
-0.149275 0.973639 1.39495
-0.218477 1.12404 1.71966
-0.196093 0.887783 1.78607
-0.369026 1.08199 2.18204
-0.279731 1.05882 2.42391
-0.200041 0.914448 2.54679
-0.482412 0.760468 2.84999
-0.787274 0.15001 -1.98393
-0.119698 1.03028 0.986372
-0.314045 1.12682 1.30762
-0.301726 1.11233 1.52681
-0.407734 1.07197 1.77407
-0.205633 1.07255 2.04615
-0.168613 1.05247 2.24779
-0.515529 1.15029 2.50817
-0.302086 1.0001 2.70573
-0.227105 1.15076 2.85
-0.992545 0.15001 -2.23596
-0.462358 0.718146 0.897472
-0.297957 1.11242 1.07191
-0.144187 1.21353 1.41344
-0.148367 1.32216 1.72797
-0.317845 1.26981 1.84209
-0.250086 1.25029 2.17379
-0.195825 1.25051 2.39636
-0.154921 1.11638 2.59877
-2.55952 0.15001 2.79766
-0.962687 0.15001 -2.04745
-0.870469 0.15001 -1.47829
-0.288423 1.34843 1.32522
-0.40227 1.28972 1.65324
-0.261153 0.15001 1.93167
-0.289557 1.38511 2.01685
-0.13528 1.42646 2.27735
-2.23879 0.15001 -0.535083
-0.636207 1.08606 2.68802
-0.435033 1.06111 2.84999
-1.32419 0.15001 -0.867772
-1.81515 0.15001 -1.13052
-0.825895 0.15001 -1.09149
-0.240443 1.36768 1.53815
-0.199252 1.52698 1.73163
-0.238612 0.15001 0.555239
-1.38592 0.15001 2.54965
-2.78397 0.15001 1.38921
-0.444467 1.21084 2.69844
-2.25095 0.15001 2.04332
-1.34158 0.15001 -1.3089
-0.672108 0.15001 -2.30204
-2.7889 0.15001 2.58682
-2.00981 0.15001 -0.796043
-2.3137 0.15001 0.272706
-0.307333 0.15001 2.60921
-0.931566 0.15001 1.97216
-1.78999 0.15001 0.730726
-1.82062 0.15001 2.50636
-1.15841 0.15001 2.28454
-1.57736 0.15001 -0.389996
0.0650344 0.625899 1.02544
-0.030303 0.568981 1.20606
-0.236351 0.533561 1.55476
-0.227621 0.375142 1.78258
-0.287254 0.36566 1.98381
-0.204464 0.456839 2.16147
-0.00912955 0.505978 2.25076
-0.16823 0.339897 2.5402
-0.0794129 0.572298 2.66004
-0.314904 0.15001 -2.17104
-0.0671216 0.628701 0.706475
-0.189485 0.473726 0.960542
-0.0762363 0.558759 1.40944
-0.281439 0.345262 1.59733
-0.194312 0.648306 2.07228
0.126666 0.294796 2.28321
-0.199004 0.466192 2.37362
-0.254862 0.463017 2.67557
-0.203991 0.15001 2.84999
-0.815748 0.15001 -2.17373
-0.0181205 0.804745 0.955045
0.133798 0.661038 1.31434
-0.0853903 0.688472 1.56851
-0.454853 0.15001 1.79038
-0.415558 0.15001 2.06639
-0.0409443 0.504061 2.04264
-0.0515753 0.709244 2.24983
-0.0483544 0.597405 2.43691
-0.0365813 0.360758 2.84999
1.99403 0.15001 -0.374451
0.0184064 0.797798 0.743621
0.0105234 0.777261 1.16572
-0.0304146 0.788065 1.3751
-1.77294 0.15001 1.86514
-0.120699 0.802077 1.95457
0.275942 0.707603 2.21947
-0.186116 0.835659 2.35499
-0.00387406 0.763302 2.68216
0.262246 0.457883 2.84999
-0.613629 0.15001 -1.918
0.0681149 0.974086 1.05658
-0.390352 0.15001 0.811794
-0.0165987 0.884994 1.57162
-0.102703 0.698699 1.77029
0.256638 0.15001 2.218
-0.15843 0.850277 2.14836
-0.0124723 0.917593 2.27506
-0.0264693 0.812595 2.48151
-0.277324 0.777476 2.84999
-1.43352 0.15001 -1.87389
0.145062 0.919271 0.862906
0.00779449 0.968673 1.25564
0.0555081 1.09219 1.41654
0.0317245 0.86098 1.81809
0.0944611 1.04586 1.9029
0.139754 0.798412 2.03256
-0.0470198 1.09082 2.41853
-0.206759 0.747236 2.66748
0.328005 0.834047 2.84999
-1.49762 0.15001 -0.778109
0.0902692 1.22924 1.05786
0.169903 1.10958 1.22173
-0.0854998 1.08697 1.56849
0.0125835 1.22338 1.81966
-0.0168989 1.17745 2.02534
-0.0516872 1.22887 2.22436
0.125022 1.14173 2.2815
-0.0964832 0.943932 2.73186
-0.838626 0.15001 2.72912
-0.997752 0.15001 -1.17344
0.0608902 1.10968 0.883849
-0.0144401 1.21476 1.24557
0.0832748 1.30422 1.42768
0.226755 1.20228 1.60296
-0.10397 1.05076 1.87109
0.204811 1.33561 2.36319
0.00149281 1.31864 2.40474
-0.203984 1.3012 2.69175
0.579825 0.481348 2.84999
-1.72529 0.15001 -0.528468
-1.43394 0.15001 -0.268393
0.206195 1.3252 1.24502
-0.571063 0.15001 2.1568
-0.20376 0.15001 1.48328
0.103963 1.41374 1.97322
-0.0819477 1.37845 2.07336
0.140298 1.51834 2.44801
0.0444068 1.37785 2.60219
-2.40615 0.15001 1.62846
-1.30953 0.15001 -1.11307
-1.68848 0.15001 -1.44111
-0.437957 0.15001 -1.84902
-1.53371 0.15001 2.26746
-1.19123 0.15001 0.739375
0.0860547 0.15001 2.15234
-0.246061 0.15001 2.19327
-0.699658 0.15001 2.32464
-1.51415 0.15001 2.81521
-0.445406 0.15001 2.30524
-0.466619 0.15001 -2.04551
0.308654 0.632738 1.01663
0.209287 0.301159 1.16644
0.0680622 0.307302 1.47307
0.107237 0.466663 1.89644
0.453139 0.309931 1.88484
0.276035 0.396879 2.18469
0.206141 0.536531 2.32359
0.228167 0.440268 2.52263
0.138869 0.195298 2.52402
-0.696788 0.15001 -1.40728
-0.0138757 0.519604 0.856714
0.0765386 0.434029 1.09127
0.0975076 0.440848 1.31648
0.168574 0.441606 1.6257
-0.274602 0.15001 1.68967
0.462031 0.472541 2.23159
-0.0430961 0.341452 2.37926
0.0482949 0.389196 2.67547
0.311614 0.166943 2.84999
-0.67651 0.15001 -1.21172
0.191527 0.525608 0.87995
1.81824 0.15001 1.01538
0.547234 0.15001 1.36839
-0.127523 0.15001 1.2826
-0.0564283 0.15001 1.71519
-0.0697659 0.301064 2.17873
0.585728 0.15001 2.19801
0.26522 0.15001 2.66506
0.113609 0.574686 2.74288
-0.893354 0.15001 -2.5546
0.192059 0.654895 0.708513
0.328148 0.650704 1.2245
-0.573747 0.15001 2.75996
0.418454 0.15001 1.58976
0.03008 0.660932 1.92526
0.226897 0.538619 2.04589
0.116282 0.725608 2.35614
0.26357 0.650259 2.48822
0.440009 0.36873 2.84999
-0.6417 0.15001 -0.802977
0.182026 0.797649 1.03496
0.303927 0.764 1.40258
0.0643834 0.15001 1.34279
0.189403 0.712993 1.80223
0.361517 0.744129 1.90999
0.329728 0.856109 2.08647
0.282091 0.832194 2.39136
0.259521 0.984826 2.5562
0.307524 0.565151 2.66853
-0.932974 0.15001 -1.85758
0.303594 0.785426 0.856631
0.198676 0.8619 1.23835
0.329807 0.15001 1.3404
0.261466 0.976642 1.64773
0.377752 1.0833 2.09983
0.274611 0.986693 2.25852
0.124693 0.971062 2.41007
0.193892 0.783654 2.70414
0.365981 0.636789 2.84999
-1.17581 0.15001 -0.743243
0.27354 0.987741 1.08028
0.370403 1.0394 1.26037
0.255731 0.731284 1.60539
0.0689602 1.04509 1.69932
0.241868 0.90946 1.86894
0.183786 1.00844 2.07829
0.288539 1.13071 2.41237
0.366863 1.15593 2.61659
0.301818 1.00417 2.7516
-0.54767 0.15001 -1.52315
0.349566 0.993877 0.884483
0.340317 1.19391 1.11007
0.166548 0.896451 1.48067
0.422039 1.25898 1.68744
0.189481 1.22076 1.96103
0.316985 1.22976 2.22749
0.116573 1.1843 2.52323
0.168685 1.15831 2.7258
1.56149 0.15001 2.16119
-0.846791 0.15001 -1.28711
-1.20854 0.15001 -0.54135
0.390531 1.24953 1.32422
0.315591 1.44459 1.6334
0.162128 1.3527 1.74983
0.396137 1.20208 1.92582
0.342438 1.35847 2.06201
0.362702 1.48488 2.34804
0.265553 1.35768 2.58524
0.162846 1.36401 2.78317
-0.902082 0.15001 -1.66683
-0.169444 0.15001 -1.17016
-0.90516 0.15001 -0.294931
-0.376061 0.15001 1.49293
-2.04154 0.15001 1.10027
-0.595434 0.15001 1.21652
-0.0640126 0.15001 1.91535
-1.11387 0.15001 2.73102
0.0701919 0.15001 2.68466
-0.229984 0.324552 2.84223
-0.711442 0.15001 -2.4944
0.382827 0.598398 0.821939
0.30108 0.428299 1.03297
0.627215 0.347843 1.31757
0.356769 0.319578 1.70349
0.616062 0.442189 1.9694
0.667767 0.363393 2.14251
0.603347 0.357532 2.32775
0.505818 0.208898 2.39541
0.560619 0.266776 2.66456
-0.344252 0.15001 -2.35923
0.580908 0.531763 0.911326
0.620191 0.429038 1.12496
0.653966 0.15001 1.55485
0.655789 0.308158 1.82723
0.478576 0.32717 2.09016
0.692164 0.524041 2.26664
0.309127 0.318651 2.37303
0.756024 0.315443 2.66371
0.730038 0.162147 2.84999
-0.639468 0.15001 -2.11489
0.412154 0.737444 0.669226
0.407047 0.395688 0.854246
2.6303 0.15001 1.73641
0.540286 0.15001 1.75792
0.704005 0.738621 1.91677
0.403707 0.630955 2.07613
0.453002 0.71477 2.41893
1.12092 0.15001 2.62365
0.329859 0.319957 2.71215
-0.758934 0.15001 -2.68645
0.604428 0.723182 0.794979
0.611376 0.15001 0.944162
0.439124 0.619584 1.64154
0.577917 0.733025 1.75212
0.523201 0.614563 1.91275
0.532841 0.666682 2.22934
0.412846 0.503074 2.43086
0.489298 0.15001 1.98738
0.525833 0.193085 2.84999
-0.58628 0.15001 -1.72498
0.393807 0.816062 1.05279
0.589642 0.967035 1.25843
0.872601 0.15001 1.61805
0.397654 0.840707 1.73121
0.52934 0.795513 2.02397
0.450378 0.860113 2.254
0.632413 0.922641 2.45985
0.607472 0.734866 2.55561
0.604938 0.467496 2.65572
-0.529832 0.15001 -2.43107
0.536386 0.877493 0.917075
0.427763 0.837226 1.25452
0.501042 0.67477 1.37482
0.62125 0.894933 1.62709
0.428267 0.961425 1.9437
0.557783 0.986004 2.12085
0.435229 0.948125 2.45015
0.364346 0.807229 2.59184
0.755915 0.753708 2.84999
-0.724411 0.15001 -1.5984
0.477069 0.933125 0.723926
0.543344 1.16902 1.19866
0.534692 0.876442 1.44097
0.405226 1.06377 1.7673
0.588567 1.11542 1.93723
0.465226 1.08556 2.29642
0.679172 1.13295 2.4109
0.659772 1.06396 2.61165
0.51636 0.970154 2.78593
-0.111799 0.15001 -1.91037
0.480723 1.02166 1.06204
0.510387 1.08929 1.41757
0.300742 1.0636 1.45758
0.610132 1.18593 1.59286
0.673685 1.32797 1.75049
0.524551 1.24348 2.10824
0.415087 1.29471 2.433
0.414085 1.15683 2.83863
1.65034 0.15001 2.56114
-0.292309 0.15001 -1.97496
-1.45796 0.15001 -0.0754843
-0.990897 0.15001 -0.798637
0.585826 1.29046 1.40742
0.474592 1.43882 1.80143
0.158694 0.15001 0.999282
0.432758 0.152174 2.5655
1.03448 0.15001 2.83756
0.499401 1.32105 2.62795
0.530322 1.36089 2.84999
-0.982698 0.15001 -0.987186
-0.0283968 0.15001 -1.31407
-1.75644 0.15001 -0.333989
-0.146206 0.15001 -0.947175
0.28151 0.15001 1.8894
0.814476 0.15001 1.08252
0.770796 0.15001 2.2695
-0.0162837 0.15001 2.84999
-0.0712926 0.15001 2.55793
1.01907 0.15001 2.2665
-0.0834605 0.15001 -1.71447
0.764468 0.421817 0.972271
0.746696 0.584064 1.1865
0.785051 0.410078 1.4416
0.853877 0.314477 1.82029
0.672452 0.542815 1.7929
0.857818 0.408853 2.15523
0.918517 0.530988 2.3402
0.788066 0.457724 2.50305
0.926134 0.426934 2.65869
-0.607235 0.15001 -2.80397
-0.413925 0.15001 -1.65944
0.90371 0.578367 1.01566
1.0852 0.409665 1.2925
0.874474 0.519975 1.77233
0.820243 0.534007 1.97273
1.02396 0.365609 2.26822
0.807833 0.344441 2.33985
1.0617 0.662329 2.72159
1.50883 0.310504 2.85
0.541752 0.546573 0.693427
0.651456 0.70913 1.006
0.618659 0.752676 1.21208
2.32161 0.15001 1.73177
0.779767 0.681859 1.67623
0.91098 0.722503 1.83204
0.664213 0.608844 2.08114
0.825252 0.6731 2.22452
0.812644 0.754308 2.5772
1.26537 0.240863 2.85
-0.524391 0.15001 -1.32739
0.75159 0.561911 0.767049
0.833832 0.758551 1.10849
0.822697 0.615395 1.48093
0.96466 0.90839 1.72283
0.72422 0.954114 2.00828
0.871536 0.902588 2.15107
0.753768 0.643801 2.41842
0.999809 0.81948 2.57259
0.77266 0.581247 2.65815
-0.376256 0.15001 -2.55588
0.671331 0.913734 1.07353
0.800603 0.933915 1.24209
0.622175 0.681384 1.5447
0.77345 0.867273 1.76503
0.905609 0.915738 1.92404
0.688688 0.805713 2.15072
0.790721 0.893365 2.33924
0.688635 0.870457 2.69791
0.773453 0.548975 2.84999
-0.570402 0.15001 -2.62623
0.757391 0.860739 0.887724
0.74089 1.11249 1.11297
0.707513 1.12472 1.33179
1.00761 1.09394 1.87514
0.597484 0.924339 1.84284
0.793944 1.07506 2.24203
0.815885 0.950971 2.54733
0.735751 1.03568 2.81644
0.958515 0.795578 2.84999
0.749528 0.74107 0.637715
0.791155 1.07897 0.902534
0.915138 1.13601 1.35007
0.986769 1.00944 1.54918
0.735627 1.06566 1.70883
0.802578 1.11344 1.89982
0.730393 1.18786 2.08036
0.891394 1.16865 2.40616
1.00905 1.27123 2.75841
0.69829 0.347186 2.84999
-0.657341 0.15001 -1.00621
-0.375652 0.15001 -1.44662
0.707276 1.30795 1.2128
0.798555 1.31754 1.41748
0.815159 0.15001 1.39333
0.837308 1.32388 1.9109
0.679689 1.29965 2.25267
0.737404 1.26491 2.58029
0.61034 1.1938 2.75996
0.928299 1.09976 2.84999
-0.137726 0.15001 -2.10022
-0.236436 0.15001 -1.59516
1.66127 0.15001 1.81829
1.06838 0.15001 1.59476
2.14771 0.15001 -0.0506256
1.44646 0.15001 1.45785
0.819041 1.42664 2.12562
0.819464 1.37818 2.39134
0.8407 1.40203 2.76783
1.91476 0.15001 2.0166
-0.259452 0.15001 -1.78109
-1.39103 0.15001 -0.467292
1.95587 0.15001 0.101039
-1.07847 0.15001 0.597831
1.04718 0.15001 2.07575
2.04732 0.15001 1.67407
0.123747 0.15001 1.59325
1.33394 0.15001 2.07397
0.871814 0.15001 2.70011
1.69043 0.15001 2.77822
-0.0550473 0.15001 -1.52642
1.88392 0.15001 1.43096
0.92228 0.544649 1.29457
1.14488 0.502967 1.62606
1.01156 0.367481 1.70322
1.07056 0.537659 1.82142
0.973186 0.567946 2.11415
1.03574 0.411399 2.47082
0.960795 0.600587 2.54092
1.12694 0.462305 2.68277
-0.18768 0.15001 -2.48721
-0.347354 0.15001 -1.24855
1.22567 0.446204 1.44587
1.16437 0.15001 1.76334
1.26232 0.468669 1.79498
0.959582 0.375921 1.98294
1.17592 0.297373 2.14687
1.17923 0.714553 2.55495
1.34166 0.468047 2.6762
2.40028 0.15001 2.30161
0.0652243 0.15001 -2.0404
1.1334 0.535858 0.996461
0.865968 0.749763 1.32303
1.06597 0.6113 1.43215
0.980925 0.637302 1.63027
1.05975 0.692576 1.97522
1.02409 0.747956 2.20754
1.09685 0.646996 2.38383
0.926748 0.754858 2.39081
1.31312 0.605188 2.84999
-0.159878 0.15001 -2.28921
1.00547 0.602255 0.825858
1.1904 0.88529 1.41445
1.12327 0.869796 1.6042
1.11363 0.732611 1.76471
0.869225 0.734496 2.03581
1.14298 0.533896 2.22259
1.1154 0.862319 2.40152
1.15365 0.862761 2.69388
1.08499 0.962451 2.84999
0.0416079 0.15001 -2.23374
0.980248 0.770331 0.958495
1.07672 0.765316 1.27714
0.981748 0.930868 1.36635
0.91903 0.81602 1.53312
1.10954 0.910275 1.874
1.06062 0.894346 2.06958
0.997982 0.997513 2.28524
0.997152 1.01064 2.49347
1.64034 0.596609 2.84999
0.90421 0.621453 0.658963
1.16354 0.82206 0.86955
1.11281 1.09783 1.40226
1.2542 1.0421 1.54564
1.27062 0.904143 1.75258
0.939881 1.08442 2.07458
1.27683 0.816524 2.27891
1.26966 1.01671 2.35385
1.1964 1.00643 2.5498
1.30558 0.948662 2.84999
0.0960606 0.15001 -1.64727
0.916952 0.791803 0.756524
0.895492 0.947967 1.04299
0.801187 0.984221 1.46946
1.11213 1.06375 1.69744
1.28305 1.0946 1.86322
0.911241 1.25119 2.20677
1.10872 1.15211 2.40054
1.04697 1.07215 2.68248
2.83031 0.15001 1.69526
1.646 0.15001 -2.57063
0.978198 1.14309 1.01611
1.06276 1.01924 1.19484
1.12046 1.27725 1.58816
1.12931 1.25526 1.82172
2.28377 0.15001 2.62436
1.2717 1.05947 2.08838
1.25363 1.2179 2.26945
1.14249 1.24032 2.59624
2.25882 0.15001 2.8383
-2.27844 0.15001 -1.11731
1.00831 0.97076 0.863867
1.08006 1.2331 1.21528
1.01519 1.32099 1.40575
-1.60729 0.15001 -0.194578
1.49555 0.15001 1.75646
1.10747 1.29021 2.11267
1.01797 1.33801 2.45459
2.57231 0.15001 0.551014
2.11697 0.15001 2.09839
-0.813709 0.15001 -0.702436
2.76336 0.15001 -2.52794
-0.506246 0.15001 -1.12907
-0.199863 0.15001 -1.39498
2.09826 0.15001 2.7683
-0.857941 0.15001 -0.508803
1.64044 0.15001 -0.48172
-0.536927 0.15001 -0.282883
1.41303 0.15001 2.56688
2.59504 0.15001 2.62902
2.43268 0.15001 -2.17803
-2.2807 0.15001 0.847322
1.32834 0.15001 1.29491
1.38382 0.577122 1.50626
0.24183 0.15001 -2.29354
1.3663 0.439857 1.97137
-0.447089 0.15001 -0.501789
-0.341663 0.15001 0.169252
1.21465 0.517446 2.50373
0.553714 0.15001 -0.986444
2.66567 0.15001 -1.55794
1.12638 0.15001 -2.30013
1.32964 0.598793 1.07023
-1.0259 0.15001 -0.6117
1.58483 0.576097 1.57023
1.55863 0.385745 1.97056
1.69022 0.564426 2.27073
1.24768 0.393609 2.34095
2.44059 0.15001 2.48563
2.6116 0.15001 2.18321
0.759119 0.15001 -2.59064
1.17537 0.587821 1.21826
1.35975 0.487356 1.28877
1.21025 0.687964 1.55902
1.44743 0.524255 1.71961
1.14039 0.472477 2.00648
1.43494 0.465469 2.24744
1.50979 0.633025 2.35612
1.38621 0.629283 2.53131
1.48522 0.629296 2.7186
0.123356 0.15001 -1.45185
2.73969 0.15001 -1.37003
1.5075 0.610771 1.19649
0.644543 0.15001 -1.98458
1.50758 0.795222 1.73506
1.4526 0.646609 1.90821
1.71613 0.661019 2.0567
1.30089 0.618473 2.33575
1.59151 0.561593 2.54416
2.54262 0.15001 2.84297
1.22477 0.624399 0.813829
1.16805 0.756189 1.0755
1.28988 0.704447 1.35886
1.34776 0.848332 1.56577
1.3233 0.6988 1.73179
1.24718 0.647493 1.91787
1.40226 0.679661 2.13983
1.32768 0.841613 2.48834
1.32472 0.755019 2.69731
2.41071 0.15001 1.07252
-0.112377 0.15001 -2.84118
-1.84944 0.15001 0.246909
1.40911 0.795677 1.13886
1.53864 0.780936 1.32378
1.69295 0.692356 1.71789
1.6216 0.823784 1.94204
1.41623 0.950982 2.206
1.50237 0.845131 2.36717
1.52067 0.787542 2.56851
1.31552 0.15001 2.34034
-0.420579 0.15001 -2.74358
1.1825 0.976625 1.02274
1.24325 0.899005 1.21694
1.45772 1.02603 1.47932
1.4252 1.02552 1.68793
1.433 0.921305 1.89237
1.2653 0.845189 2.01703
1.4763 1.05418 2.40963
1.48573 0.880471 2.75995
2.75294 0.15001 2.84999
2.61424 0.15001 -2.15716
0.376666 0.15001 -2.60365
1.44237 0.976449 1.27157
-1.50842 0.15001 0.412625
1.52249 1.12008 1.84979
1.56266 1.00667 2.06653
2.57058 0.15001 0.212469
1.31988 1.17882 2.49692
1.39754 1.00323 2.60894
1.25366 1.12364 2.73965
-0.053264 0.15001 -2.63813
0.623384 0.15001 0.584507
1.27192 1.11276 1.21514
2.83552 0.15001 0.956672
1.30532 1.20903 1.67587
1.40274 1.21968 2.00103
1.44772 1.1609 2.20653
2.15073 0.15001 2.47469
1.39754 0.15001 -0.27203
2.84999 0.15001 1.98578
0.0735117 0.15001 -1.85051
-0.814884 0.15001 -0.893585
0.897443 0.15001 -1.8332
-0.482592 0.15001 -0.931923
-2.01003 0.15001 0.109933
2.52423 0.15001 -0.268505
2.24594 0.15001 1.2896
-1.28311 0.15001 1.38967
2.59453 0.15001 2.37547
1.7299 0.15001 0.346947
1.67721 0.15001 -2.84772
0.0994488 0.15001 -2.81341
1.96328 0.15001 -2.16564
2.78186 0.15001 -2.72001
-0.327736 0.15001 -1.04349
0.264072 0.15001 -1.7667
-0.647451 0.15001 -0.56316
0.583203 0.15001 -0.228584
0.181213 0.15001 0.374434
2.19693 0.15001 0.114201
2.42093 0.15001 -1.27722
2.805 0.15001 -0.776903
-0.0796135 0.15001 -0.213437
1.40368 0.15001 -0.790887
2.31783 0.15001 -0.626127
1.93271 0.15001 -0.636368
1.78922 0.15001 -0.774834
1.75912 0.15001 -0.318139
2.08013 0.15001 1.14938
2.85 0.15001 2.6676
0.891991 0.15001 -2.70895
0.917681 0.15001 -1.33131
1.6179 0.15001 -1.91088
1.78509 0.15001 -1.62431
0.291936 0.15001 -0.846542
-0.291259 0.15001 -0.623412
-0.723481 0.15001 -0.375421
2.84745 0.15001 -0.56743
0.739097 0.15001 0.224884
2.81753 0.15001 2.25445
2.78731 0.15001 -1.14274
0.842098 0.15001 -0.997684
2.46456 0.15001 -0.807577
2.13153 0.15001 -2.64448
0.666592 0.15001 -1.37365
1.41892 0.15001 -0.0364013
0.129864 0.15001 -0.569071
0.521107 0.15001 0.740238
2.2832 0.15001 0.673165
0.34265 0.15001 0.166744
-0.242201 0.15001 -2.68821
1.32925 0.15001 -1.41996
1.95224 0.15001 -0.898356
1.28 0.15001 -0.414816
0.445681 0.15001 -1.90664
1.6332 0.546364 1.86772
2.32031 0.15001 0.422461
2.8499 0.15001 -0.190209
2.6181 0.15001 -0.431544
2.69935 0.15001 1.34541
2.23752 0.15001 -1.65445
0.172741 0.15001 -2.59182
1.70653 0.69101 1.44119
1.55643 0.830294 1.53053
-1.62121 0.15001 2.02238
-0.310249 0.15001 -0.842703
1.59184 0.791879 2.18179
2.36723 0.15001 2.03745
-0.081357 0.15001 -0.466652
2.74728 0.15001 2.47535
0.861616 0.15001 -1.61417
-0.00589283 0.15001 -2.41394
2.26459 0.15001 -0.881205
0.964694 0.15001 -2.05704
0.499196 0.15001 -1.51504
0.48437 0.15001 -1.22556
0.732074 0.15001 -0.122764
-0.887444 0.15001 0.268353
2.45561 0.15001 0.756349
1.6685 0.77328 2.72028
2.53419 0.15001 -1.12046
0.549756 0.15001 -2.24404
2.25109 0.15001 -2.28943
-0.00378039 0.15001 -1.072
-0.937193 0.15001 2.48626
0.295513 0.15001 -1.56371
0.366233 0.15001 1.08981
1.56281 0.15001 0.0792284
0.814007 0.15001 -0.473225
2.68239 0.15001 1.9152
0.26606 0.15001 -2.01175
-1.56162 0.15001 1.31372
-0.669782 0.15001 -0.125879
0.0410006 0.15001 -0.856054
-1.08779 0.15001 -0.241803
-1.061 0.15001 -0.410283
-0.13883 0.15001 -0.743592
1.34442 0.15001 -2.17062
0.367732 0.15001 -1.37754
-0.803996 0.15001 1.02336
2.3952 0.15001 -2.58403
2.2924 0.15001 -1.97203
0.162533 0.15001 -1.20729
-0.465431 0.15001 -0.726152
-1.77422 0.15001 0.0527777
1.21529 0.15001 1.46662
2.81254 0.15001 0.481081
-1.23056 0.15001 0.171846
2.82296 0.15001 1.20945
1.6445 0.15001 1.29063
