1000 0.1
-2.21417 0.15001 -2.38469
-2.48522 0.15001 -2.55888
-2.16608 0.15001 -2.21677
-1.90868 0.15001 -2.15769
-2.175 0.15001 -1.13705
-0.742239 0.15001 1.53455
-2.6448 0.15001 0.201573
-2.69092 0.15001 1.10675
-2.06332 0.15001 0.233267
-2.25715 0.15001 1.74581
-2.28065 0.15001 -2.84999
-2.79801 0.15001 -2.39617
-2.68493 0.15001 -2.05829
-2.37729 0.15001 -1.76537
-2.78786 0.15001 -1.17348
-2.75634 0.15001 -0.660753
-2.78027 0.15001 0.0749318
-2.81916 0.15001 0.273473
-2.84899 0.15001 2.10503
-2.20835 0.15001 2.84284
-2.46632 0.15001 -2.84999
-2.84851 0.15001 -2.18592
-2.49621 0.15001 -2.0689
-1.72509 0.15001 -0.569959
-2.78759 0.15001 -1.66868
-2.23963 0.15001 0.167211
-1.54189 0.15001 0.496181
-1.57273 0.15001 1.13984
-2.63818 0.15001 2.47949
-2.82848 0.15001 2.34488
-2.37408 0.15001 -2.70022
-2.67524 0.15001 -2.24371
-2.53338 0.15001 -1.8852
-2.82295 0.15001 -0.849226
-2.80799 0.15001 -0.436947
-2.68256 0.15001 -1.01278
-2.82795 0.15001 -0.204659
-2.79641 0.15001 0.931038
-2.78974 0.15001 1.65763
-2.29767 0.15001 2.14931
-1.52596 0.15001 -2.49675
-1.25536 0.15001 -1.78514
-1.27852 0.15001 0.0711377
-1.77249 0.15001 -1.87735
-1.93035 0.15001 -1.9586
-0.75797 0.323361 1.9507
-2.64939 0.15001 -0.288169
-2.67438 0.15001 0.397485
-2.50189 0.15001 1.07823
-2.67444 0.15001 2.83844
-2.76851 0.15001 -2.84131
-1.58308 0.15001 -2.14927
-2.33006 0.15001 -2.14753
-2.84777 0.15001 -1.98416
-2.71375 0.15001 -1.35725
-2.47399 0.15001 -0.651767
-2.62384 0.15001 -0.799801
-2.81959 0.15001 1.85375
-2.65445 0.15001 2.25048
-2.47666 0.15001 2.55903
-2.08934 0.15001 -2.51426
-2.39309 0.15001 -2.40405
-2.58209 0.15001 -2.40522
-2.49088 0.15001 -2.25209
-2.61074 0.15001 -1.20181
-2.37739 0.15001 -1.24837
-2.46963 0.15001 -0.90548
-2.43649 0.15001 0.303439
-2.58441 0.15001 1.28456
-2.44412 0.15001 2.27092
-2.57797 0.15001 -2.71852
-2.28062 0.15001 -2.54982
-2.1774 0.15001 -2.69283
-2.72674 0.15001 -1.84805
-2.84668 0.15001 -1.48852
-2.45627 0.15001 -1.0897
-2.36646 0.15001 0.653463
-2.73868 0.15001 0.739119
-2.45981 0.15001 2.00599
-2.84029 0.15001 2.57475
-1.47194 0.15001 -2.01624
-1.74525 0.15001 -2.0698
-2.06269 0.15001 -2.07713
-2.59329 0.15001 -1.72206
-2.46008 0.15001 -1.59816
-2.37395 0.15001 -0.25613
-2.48414 0.15001 -0.01704
-2.50836 0.15001 -0.431887
-2.25157 0.15001 1.35
-2.16918 0.15001 2.01578
-1.52451 0.15001 -2.31554
-2.69576 0.15001 -2.55801
-2.84998 0.15001 -2.67759
-2.64598 0.15001 -1.54185
-2.35003 0.15001 -1.95338
-2.29778 0.15001 -0.558943
-2.15666 0.15001 -0.17038
-1.83218 0.15001 0.628175
-2.33587 0.15001 0.860331
-2.42248 0.15001 1.53915
-1.80972 0.15001 -2.65956
-0.334498 0.15001 1.08856
-0.463839 0.15001 1.411
-0.413643 0.185814 1.60878
-0.485992 0.234494 1.80088
-0.650245 0.15001 1.84929
-1.07541 0.15001 1.65624
-0.449967 0.166139 2.35027
-0.448553 0.195841 2.53773
-0.569045 0.191304 2.68025
-2.08777 0.15001 -2.84999
-0.527223 0.21118 1.06659
-1.15683 0.15001 -0.919634
-0.603046 0.27898 1.49165
-0.616996 0.186582 1.66963
-1.77507 0.15001 0.889357
-0.625218 0.181016 2.25332
-0.613521 0.213856 2.44437
-0.654768 0.346048 2.58022
-0.493144 0.15001 2.84999
-1.5121 0.15001 -2.82809
-0.544149 0.252076 1.25721
-0.513355 0.440945 1.34191
-0.403607 0.367693 1.48807
-0.472188 0.378022 1.67427
-0.552291 0.41859 1.85245
-1.89991 0.15001 1.44872
-0.442836 0.403833 2.30371
-0.48077 0.382328 2.4969
-0.616545 0.323356 2.84999
-1.89182 0.15001 -2.83633
-1.07278 0.15001 -2.63198
-2.1951 0.15001 -1.75498
-0.557505 0.487483 1.54063
-0.670694 0.393119 1.69186
-0.578331 0.344087 2.02543
-0.611613 0.384634 2.20565
-0.649087 0.405871 2.39112
-0.787736 0.205982 2.53505
-0.482013 0.467944 2.84999
-1.16182 0.15001 -2.12303
-0.44422 0.37612 1.11282
-0.478899 0.649933 1.35508
-0.452968 0.698508 1.61703
-0.518781 0.576367 1.74884
-0.427167 0.570864 1.93198
-0.452186 0.488007 2.11602
-0.411251 0.594011 2.34384
-0.441762 0.552953 2.60967
-0.750105 0.211223 2.74358
-1.24186 0.15001 -2.29397
-1.39202 0.15001 -1.6489
-2.52024 0.15001 -1.38317
-0.612575 0.67475 1.50619
-2.32771 0.15001 -0.782118
-0.606046 0.583655 2.03045
-0.587876 0.573758 2.25835
-0.575431 0.569586 2.46515
-2.11505 0.15001 1.52867
-2.01373 0.15001 2.84933
-1.13539 0.15001 -1.92056
-1.71935 0.15001 -2.46633
-0.374037 0.529609 1.21141
-0.394956 0.823512 1.47715
-1.92254 0.15001 -0.265576
-0.322635 0.721466 2.01435
-0.476853 0.693475 2.14507
-0.355497 0.783832 2.3261
-0.632036 0.469556 2.71708
-2.48363 0.15001 2.84912
-1.91279 0.15001 -2.47988
-1.93282 0.15001 -1.57839
-2.14505 0.15001 -1.92306
-1.98377 0.15001 -1.09622
-2.05382 0.15001 -0.936928
-0.547383 0.799538 1.99679
-0.557396 0.781085 2.3047
-2.21193 0.15001 0.36891
-1.21645 0.15001 1.82495
-2.28271 0.15001 2.51921
-1.73545 0.15001 -2.25696
-1.60135 0.15001 -1.90292
-2.33502 0.15001 -1.43385
-2.108 0.15001 -1.59246
-2.28217 0.15001 -1.60042
-2.19402 0.15001 -1.31855
-0.412202 0.884714 2.1526
-1.98829 0.15001 1.69354
-2.01503 0.15001 1.909
-2.10581 0.15001 2.43633
-1.36469 0.15001 -2.1588
-1.4966 0.15001 -1.50276
-1.33225 0.15001 -1.26015
-2.03543 0.15001 -1.41571
-1.80685 0.15001 0.144164
-1.21966 0.15001 0.768415
-2.02459 0.15001 0.621929
-1.91913 0.15001 2.5406
-1.72416 0.15001 1.88491
-2.09784 0.15001 2.21591
-0.802247 0.15001 -2.04846
-0.206644 0.15001 0.94848
-0.204751 0.181543 1.28109
-0.274943 0.211603 1.46509
-0.263734 0.15001 1.72768
-0.342443 0.170226 1.89433
-0.32126 0.17885 2.07819
-0.284836 0.159734 2.26864
-0.27028 0.158887 2.53267
-0.358747 0.150019 2.70492
-1.70045 0.15001 -2.82248
-0.42989 0.15001 0.903898
-0.34965 0.321877 1.30621
-0.287034 0.33999 1.63431
-0.395099 0.36155 1.96512
-0.503547 0.16395 1.99986
-0.463712 0.255092 2.17512
-0.306792 0.302978 2.39738
-0.447832 0.348036 2.69301
-0.143551 0.155598 2.84999
-0.578503 0.15001 -1.65099
-0.244701 0.368596 1.11909
-0.17276 0.392987 1.29532
-0.195807 0.430396 1.49219
-0.156334 0.510672 1.67142
-0.217716 0.363364 1.89835
-0.306894 0.363989 2.15313
-0.154043 0.319892 2.25928
-0.178032 0.351484 2.52656
-0.317395 0.265763 2.84999
-1.99318 0.15001 -2.67401
-0.160422 0.455722 0.959161
-0.325245 0.535826 1.40106
-0.339585 0.532562 1.59955
-0.343287 0.462533 1.78413
-0.262516 0.507142 2.02753
-0.261565 0.474165 2.30349
-0.320352 0.478379 2.48102
-0.289044 0.448008 2.66306
-0.132658 0.352696 2.84999
-0.773368 0.15001 -2.84404
-1.83059 0.15001 -1.70526
-0.186372 0.573296 1.22424
-0.141758 0.603187 1.41229
-0.168553 0.693032 1.73819
-0.197276 0.549038 1.85539
-0.31067 0.612273 2.17889
-0.24906 0.644208 2.44713
-0.149489 0.534827 2.57012
-0.294131 0.452512 2.84999
-1.24941 0.15001 -2.6493
-0.105621 0.629665 1.03491
-0.295269 0.719221 1.32831
-0.267664 0.712 1.56894
-0.34454 0.667097 1.77963
-0.148007 0.67034 2.09503
-0.161636 0.638856 2.28887
-0.453544 0.716218 2.48989
-0.278707 0.65372 2.66458
-0.177062 0.708942 2.84999
-1.61419 0.15001 -2.66044
-0.442086 0.36373 0.887584
-0.195128 0.747357 1.1513
-0.140525 0.799907 1.39959
-0.179703 0.895932 1.71833
-0.292662 0.835715 1.86334
-0.223307 0.827758 2.18814
-0.169514 0.821944 2.37757
-0.117846 0.713319 2.56854
-1.81209 0.15001 2.81704
-1.35008 0.15001 -2.43713
-0.80857 0.15001 -2.34724
-0.290287 0.937833 1.35595
-0.374377 0.865794 1.68853
-0.110943 0.861504 1.9031
-0.262852 0.938726 2.02746
-0.0912087 0.987013 2.27303
-2.17488 0.15001 1.16583
-0.544486 0.626097 2.74605
-0.346022 0.631845 2.8455
-0.977999 0.15001 -2.11635
-1.56759 0.15001 -1.69026
-0.544011 0.15001 -2.47662
-0.253938 0.958426 1.54819
-0.19266 1.0913 1.73357
-0.740403 0.15001 0.651058
-1.56363 0.15001 1.38374
-1.43391 0.15001 1.91042
-0.432713 0.805596 2.66926
-1.58585 0.15001 2.83392
-1.30118 0.15001 -1.98652
-1.32903 0.15001 -2.80597
-0.90637 0.15001 -0.0083406
-1.26561 0.15001 -0.109706
-1.37571 0.15001 1.73115
-1.18208 0.15001 2.16467
-0.719832 0.15001 2.03985
-1.54195 0.15001 2.08901
-1.77724 0.15001 2.26846
-1.68796 0.15001 2.60493
-0.792472 0.15001 -1.86345
0.0918751 0.215779 1.09991
-0.0105909 0.191271 1.26179
-0.137438 0.16919 1.58841
-0.0638625 0.15001 1.78586
-0.170395 0.15001 1.94894
-0.153111 0.150849 2.14483
-0.0130175 0.176933 2.25849
-0.0938943 0.150265 2.57476
-0.0302601 0.245989 2.71886
-0.431559 0.15001 -2.82835
-0.0569552 0.239153 0.754734
-0.110964 0.222572 1.09978
-0.0856592 0.263996 1.4254
0.0410434 0.15001 1.62193
-0.138178 0.334061 2.06564
0.127033 0.15001 2.14739
-0.145145 0.1875 2.39474
-0.212022 0.275268 2.69264
0.0553749 0.15001 2.84999
-1.43214 0.15001 -2.64338
0.00862848 0.37633 1.01919
0.132539 0.317104 1.33151
-0.0527852 0.355497 1.59145
-0.147792 0.293741 1.74086
-0.0401862 0.276422 1.91314
0.0403685 0.371778 2.11881
0.0196443 0.364006 2.30759
0.00304247 0.330133 2.49475
0.0657752 0.329814 2.84999
-1.05987 0.15001 -1.74962
0.0286522 0.412824 0.825789
0.00769154 0.401428 1.21115
-0.0282385 0.447054 1.3974
0.110245 0.405531 1.66705
-0.0633691 0.510713 1.98861
0.179204 0.45422 2.22819
-0.101765 0.477525 2.4014
-0.0346859 0.420347 2.66745
0.241996 0.384151 2.84999
-0.961192 0.15001 -2.84999
0.0693189 0.569933 1.09813
0.14263 0.451226 1.45303
0.00488021 0.533882 1.56369
-0.0335151 0.444962 1.80794
0.205022 0.49045 2.05192
-0.125644 0.492428 2.16891
0.0107677 0.554694 2.27777
0.0442385 0.522538 2.51721
-0.00623255 0.484169 2.84999
-2.01733 0.15001 -2.32272
0.163076 0.504469 0.939473
-0.00330784 0.593746 1.26975
0.0556442 0.674945 1.42275
0.0313094 0.60697 1.74938
0.10316 0.610722 1.92572
0.0563877 0.58939 2.10868
-0.0182397 0.68195 2.4138
-0.158666 0.542926 2.76288
0.190572 0.560384 2.84999
-0.95972 0.15001 -1.929
0.0947358 0.793055 1.09548
0.174693 0.717069 1.25961
-0.0858333 0.692796 1.56157
0.0604054 0.791479 1.86743
0.0180776 0.760195 2.04158
-0.0439335 0.764295 2.22773
0.129753 0.736586 2.29521
-0.00769121 0.606487 2.67375
-0.00266879 0.651264 2.84999
-1.05973 0.15001 -2.2804
0.0846057 0.687363 0.927596
0.00338122 0.789566 1.27062
0.0912796 0.878781 1.4164
0.259276 0.803661 1.62639
-0.0970522 0.685445 1.91611
0.199717 0.900483 2.35826
0.01583 0.878539 2.39254
-0.196556 0.843285 2.71607
0.344901 0.662083 2.84999
-1.2785 0.15001 -1.50236
-0.0310717 0.15001 -2.02244
0.217458 0.919967 1.26977
-0.143341 0.895857 1.23518
-0.0841909 0.870796 1.55647
0.102695 0.969027 1.9811
-0.0752058 0.923556 2.08803
0.149064 1.06958 2.44057
0.0773987 0.939448 2.57147
-1.31162 0.15001 2.72618
-1.43751 0.15001 -1.82573
-1.99024 0.15001 -1.78083
0.235908 0.15001 -2.69829
0.0953615 0.871163 1.60051
0.0968039 0.689571 1.59913
0.0989492 0.863339 2.16702
-0.109504 0.888535 2.54655
-0.290519 0.792081 2.54155
-0.484617 0.75371 2.84999
-1.0441 0.15001 2.84524
0.0353915 0.15001 -2.53067
0.28722 0.2287 1.08577
0.292306 0.15001 1.39378
0.218082 0.15001 1.56866
0.0971335 0.15001 1.90113
0.377647 0.15001 1.87311
0.300097 0.153062 2.17716
0.171203 0.249558 2.29277
0.208122 0.192693 2.46449
0.264006 0.15001 2.6277
-0.605492 0.15001 -2.67046
0.00106365 0.186739 0.933432
0.184421 0.150519 1.24826
0.0802503 0.15001 1.41883
0.221887 0.15001 1.77349
0.24597 0.15001 2.00485
0.473715 0.162489 2.21615
0.0352356 0.15001 2.43143
0.0855132 0.15001 2.61137
0.238415 0.159575 2.84999
-0.0170326 0.15001 -2.29149
0.200118 0.180986 0.929119
0.434224 0.271473 1.351
0.361553 0.247037 1.52175
0.0759233 0.257904 1.76165
0.237662 0.284672 1.88781
-0.0106849 0.15001 2.04061
0.352524 0.30952 2.27578
0.41487 0.27826 2.63673
0.173655 0.274135 2.7221
0.364678 0.15001 -2.84522
0.214145 0.253055 0.749667
0.296827 0.33148 1.23664
0.110933 0.285743 1.52534
0.251414 0.290987 1.689
0.0977545 0.407041 1.93508
0.225722 0.315213 2.097
0.176297 0.39873 2.40023
0.163642 0.369008 2.57272
0.422349 0.314666 2.84999
0.472756 0.15001 -2.20235
0.180103 0.402576 1.10659
0.321209 0.432586 1.37938
0.276339 0.393146 1.55354
0.21582 0.498951 1.80174
0.34299 0.423212 1.95782
0.378533 0.505042 2.12846
0.331475 0.506425 2.37923
0.223894 0.5802 2.54163
0.304392 0.41633 2.6822
-1.1587 0.15001 -2.46607
0.307361 0.374205 0.909956
0.17484 0.512839 1.27214
0.36204 0.550489 1.50287
0.360123 0.639405 1.68156
0.376143 0.692223 2.1007
0.279003 0.614724 2.23861
0.155818 0.579576 2.37811
0.136361 0.500218 2.69395
0.390143 0.494309 2.84999
-0.642012 0.15001 -1.97927
0.264018 0.603146 1.12028
0.333027 0.626187 1.30421
0.210698 0.56286 1.60138
0.202221 0.706303 1.77449
0.293466 0.629765 1.92037
0.193264 0.716004 2.11181
0.290648 0.708276 2.39852
0.354773 0.737136 2.56805
0.31072 0.597813 2.69412
-0.373908 0.15001 -2.42005
0.342211 0.585391 0.942329
0.330206 0.793326 1.14377
0.238422 0.706387 1.44778
0.379953 0.845075 1.75885
0.216067 0.804751 1.95435
0.317593 0.807006 2.24184
0.135585 0.762396 2.494
0.195861 0.74009 2.66884
0.531709 0.650536 2.84999
-0.738515 0.15001 -2.55239
0.0397712 0.15001 -1.49212
0.401788 0.833266 1.31954
0.311111 1.01319 1.65932
0.176794 0.919535 1.77898
0.400491 0.78441 1.94427
0.340093 0.897923 2.07868
0.35219 1.03221 2.36827
0.274908 0.919279 2.52754
0.199596 0.9393 2.71949
-0.963358 0.15001 -2.46223
1.28827 0.15001 -1.83163
0.282558 0.15001 -1.4566
0.28269 0.880739 1.45613
-0.018063 0.778917 1.71058
0.319972 0.946842 1.89982
0.237433 0.979648 2.20024
-0.0301457 0.82772 2.84999
0.0176704 0.781226 2.6757
0.307413 0.837857 2.84999
0.720618 0.15001 -2.34308
0.398439 0.198991 0.884698
0.382897 0.15001 1.2282
0.494543 0.15001 1.47054
0.372681 0.15001 1.67
0.573597 0.15001 1.93623
0.613139 0.15001 2.10747
0.529371 0.15001 2.37863
0.407043 0.15001 2.51449
0.538574 0.15001 2.6443
1.14942 0.15001 -2.57046
0.623222 0.176161 0.952115
0.57034 0.15001 1.30276
0.513865 0.244309 1.62068
0.529194 0.15001 1.76816
0.428655 0.15001 2.04398
0.676452 0.199478 2.26507
0.341177 0.15001 2.35064
0.671422 0.15001 2.76545
0.818063 0.150533 2.84999
-1.13695 0.15001 -2.82065
0.401791 0.335045 0.736979
0.46214 0.15001 1.05405
0.617059 0.297596 1.39099
0.410405 0.295859 1.77614
0.692556 0.37986 1.91709
0.416281 0.324921 2.10223
0.483168 0.390461 2.39672
0.572753 0.260574 2.50516
0.383819 0.15001 2.75305
0.544917 0.15001 -2.84999
0.610486 0.350215 0.853909
0.517238 0.273545 1.17441
0.445578 0.439322 1.63373
0.577579 0.377413 1.76339
0.505064 0.32994 1.93397
0.549344 0.336883 2.23182
0.33023 0.339353 2.48478
0.621414 0.304664 2.67073
0.522481 0.15001 2.84999
-0.419295 0.15001 -2.61317
0.376263 0.414581 1.08439
0.60952 0.534423 1.32449
0.66357 0.315181 1.56739
0.408652 0.50074 1.80855
0.554124 0.45379 2.06748
0.486397 0.533075 2.27525
0.633917 0.560714 2.39183
0.57836 0.463457 2.53848
0.488917 0.432154 2.70164
0.949246 0.15001 -2.65147
0.529179 0.468112 0.984209
0.448161 0.489124 1.24206
0.508737 0.447102 1.45487
0.561797 0.556723 1.72678
0.461425 0.584979 1.97506
0.56623 0.631779 2.13006
0.465485 0.644051 2.44053
0.399748 0.510119 2.55075
0.577213 0.482573 2.84999
-0.891655 0.15001 -2.6726
0.462506 0.514159 0.804518
0.563234 0.732748 1.21363
0.521154 0.615184 1.56119
0.477573 0.689683 1.81466
0.587573 0.738509 1.95706
0.488046 0.721122 2.27476
0.631346 0.745645 2.39588
0.606656 0.675807 2.55807
0.491404 0.612835 2.67727
0.911429 0.15001 -2.21469
0.462619 0.63928 1.08315
0.49589 0.67252 1.38361
0.406492 0.753514 1.52719
0.54134 0.793141 1.66701
0.606808 0.88592 1.81979
0.516694 0.810521 2.11241
0.419825 0.841849 2.42244
0.432628 0.774725 2.7309
0.728326 0.594476 2.84999
0.0685169 0.15001 -2.78166
0.764923 0.15001 -1.6185
0.179421 0.15001 -1.6301
0.568345 0.854832 1.42178
0.465212 1.03448 1.79767
0.510994 0.923524 1.96925
0.60038 0.920414 2.41743
0.826469 0.965867 2.54484
0.521122 0.856354 2.57712
0.527181 0.890694 2.84999
-0.491111 0.15001 -2.23791
1.0609 0.15001 -1.88112
-0.888623 0.15001 -1.25214
0.600791 0.15001 -0.551441
0.457618 0.921335 1.56442
0.837612 0.800781 1.5605
0.478402 0.905516 2.26228
0.384298 0.936968 2.6816
0.155929 0.733579 2.84999
0.740839 0.773412 2.84999
0.772951 0.15001 -2.56425
0.652769 0.150072 1.13803
0.764452 0.18931 1.31294
0.675146 0.15001 1.47565
0.671529 0.15001 1.65719
0.70524 0.210748 1.82458
0.830916 0.15006 2.16049
0.849589 0.192219 2.34521
0.734394 0.168729 2.60341
0.896119 0.15001 2.68511
1.42998 0.15001 -2.84999
0.19065 0.15001 -2.33949
0.836832 0.165641 1.13897
0.933831 0.15001 1.43725
0.880089 0.167599 1.7835
0.753496 0.175395 1.99498
1.00075 0.150064 2.25427
0.702057 0.15001 2.43466
0.98407 0.343956 2.68359
0.994013 0.15001 2.84999
0.537722 0.183827 0.746019
0.688032 0.342051 1.04733
0.681327 0.371156 1.23417
0.808882 0.266609 1.47924
0.756883 0.350966 1.71663
0.870866 0.345872 1.86407
0.680064 0.322862 2.09488
0.797945 0.342495 2.23581
0.751692 0.396771 2.53818
0.900564 0.318345 2.84999
0.980385 0.15001 -2.05326
0.728677 0.180949 0.789687
0.861001 0.373447 1.15567
0.742702 0.48117 1.44535
0.958108 0.505052 1.77815
0.720316 0.552818 2.05346
0.841092 0.525923 2.18892
0.673193 0.369752 2.37496
0.932006 0.469324 2.54893
0.797942 0.328121 2.70081
0.91992 0.15001 -2.84918
0.626238 0.533885 1.13162
0.778378 0.541269 1.24529
0.693266 0.552042 1.60774
0.764723 0.52549 1.78513
0.874565 0.535973 1.94233
0.662828 0.486331 2.22173
0.832846 0.54202 2.37312
0.660495 0.531035 2.68869
0.618605 0.308946 2.84999
0.724146 0.15001 -2.84999
0.771045 0.481989 0.937747
0.742287 0.697437 1.13361
0.689299 0.708365 1.35634
0.946293 0.690005 1.84992
0.622184 0.553709 1.89849
0.728427 0.662752 2.2602
0.759669 0.58324 2.53409
0.792426 0.710581 2.67479
0.843857 0.526916 2.69955
0.724973 0.351677 0.683211
0.789727 0.680044 0.938215
0.874486 0.707395 1.31781
0.845317 0.661144 1.68398
0.668081 0.703128 1.76792
0.765514 0.687607 1.92703
0.714071 0.753325 2.09496
0.825625 0.7541 2.40727
0.953745 0.816345 2.7024
0.759468 0.425772 2.84999
0.811756 0.15001 -1.94403
0.159023 0.15001 -1.96675
0.689444 0.883273 1.22168
0.75787 0.910933 1.41665
0.979552 0.793773 1.68273
0.710426 0.914061 1.98526
0.666754 0.84939 2.24953
0.710024 0.831068 2.55224
0.615252 0.756293 2.72091
0.904851 0.690111 2.84999
0.499947 0.15001 -2.65753
0.673133 0.15001 -2.15377
0.870026 0.825396 1.18435
0.995031 0.494856 1.51017
0.668698 0.716438 1.54084
0.816256 0.809676 1.79042
0.81077 0.980857 2.15388
0.799081 0.943877 2.35242
0.824777 0.95556 2.73462
2.14481 0.15001 2.54993
0.375373 0.15001 -2.3518
0.388045 0.15001 -1.67234
-0.792939 0.15001 -1.63063
0.0722104 0.15001 -0.77754
1.00953 0.668653 1.53182
0.898056 0.814802 1.97744
0.605337 0.970385 2.12903
1.00855 0.81365 2.30374
0.642712 0.931248 2.70256
1.11163 0.594879 2.84999
1.12001 0.15001 -2.18607
0.834644 0.15001 0.947547
0.953238 0.231206 1.27124
1.03082 0.171838 1.61331
0.846107 0.15001 1.60831
1.0631 0.159357 1.80669
0.974774 0.263229 2.10328
1.00147 0.15001 2.44492
0.884976 0.263262 2.5397
1.07794 0.173714 2.68879
1.16521 0.15001 -2.84971
1.45796 0.15001 -1.92265
1.11612 0.190374 1.43082
1.21122 0.15001 1.67781
1.24309 0.175781 1.86274
0.928425 0.150367 1.95913
1.16035 0.164906 2.17169
1.1009 0.373107 2.52708
1.26896 0.159447 2.68617
1.18883 0.15001 2.84999
0.953174 0.15001 -2.46024
1.01493 0.200552 1.07965
0.844618 0.371276 1.33816
0.981221 0.32862 1.48202
0.938175 0.327767 1.67564
1.01857 0.388507 1.96716
0.975124 0.404431 2.23004
1.08875 0.322017 2.34839
0.898036 0.368572 2.39322
1.07844 0.300872 2.84999
1.2041 0.15001 -2.36211
1.00016 0.229253 0.884855
1.15282 0.468413 1.43162
1.09629 0.463497 1.65057
1.08156 0.349152 1.79663
0.847188 0.392397 2.05449
1.13678 0.354797 2.13128
1.033 0.518356 2.40136
1.11554 0.474131 2.68469
0.947857 0.502558 2.84999
1.53548 0.15001 -2.68211
0.951673 0.389931 0.994642
1.03301 0.403283 1.28387
0.924034 0.537281 1.35489
0.85666 0.48397 1.61762
1.06774 0.563658 1.92567
1.00968 0.523059 2.09663
0.9608 0.640245 2.27367
0.925018 0.665635 2.54006
1.30691 0.317409 2.8485
0.900294 0.222869 0.700349
1.12772 0.433088 0.91986
1.11879 0.694275 1.38088
1.20052 0.647674 1.56425
1.18418 0.525303 1.79537
0.894619 0.668001 2.08256
1.13852 0.509341 2.24543
1.2244 0.581103 2.39889
1.13094 0.604614 2.56203
1.31288 0.558649 2.84999
1.36057 0.15001 -2.23378
0.910483 0.40621 0.804049
0.890925 0.559175 1.09188
0.830556 0.637939 1.48685
1.0681 0.642318 1.70737
1.26208 0.681172 1.86834
0.85228 0.802022 2.21154
1.06901 0.711331 2.43426
1.00541 0.629198 2.70121
2.50873 0.15001 2.17502
1.71233 0.15001 -2.10205
0.946016 0.74163 1.04503
1.03274 0.614197 1.22138
1.13129 0.878214 1.58714
1.11919 0.809376 1.82696
1.07526 0.726682 1.99189
1.1055 0.673984 2.16039
1.19437 0.754641 2.30011
1.12318 0.810305 2.60287
1.18235 0.434323 2.84999
-1.0353 0.15001 -1.33339
0.986946 0.590637 0.921591
1.08111 0.81826 1.22616
1.00052 0.892427 1.40656
0.313948 0.15001 -1.11836
1.81716 0.15001 2.04734
1.08879 0.877258 2.14904
0.970178 0.865291 2.50458
1.9894 0.15001 1.97727
1.94438 0.15001 2.84467
0.465183 0.15001 -1.97781
2.00372 0.15001 -2.37695
0.87923 0.15001 -1.7582
1.14822 0.15001 -1.69954
1.26681 0.676019 2.05485
1.14621 0.15001 -0.149991
1.99715 0.15001 1.32422
1.81694 0.15001 0.678656
1.95652 0.15001 2.42263
1.5711 0.15001 2.82798
2.34706 0.15001 -2.84999
1.41536 0.15001 0.71714
1.49559 0.15001 1.39546
1.31582 0.199369 1.53045
1.4236 0.15001 -0.908699
1.28558 0.199798 2.04223
1.59953 0.15001 -0.721571
2.29726 0.15001 -0.461265
1.16077 0.188651 2.52933
2.39226 0.15001 1.50231
2.84999 0.15001 -2.84999
2.03979 0.15001 -2.18684
1.28333 0.231961 1.1243
1.07256 0.15001 -1.48685
1.49642 0.214005 1.59307
1.4694 0.188742 2.06514
1.55575 0.194945 2.23747
1.20015 0.163394 2.35279
1.74891 0.15001 2.40529
2.1426 0.15001 2.84886
1.76427 0.15001 -2.67832
1.13191 0.188285 1.23639
1.29803 0.157809 1.3301
1.15872 0.311119 1.57147
1.39344 0.198396 1.75177
1.10591 0.168667 1.99373
1.34614 0.177565 2.22438
1.43897 0.244422 2.37792
1.34236 0.230412 2.53221
1.43032 0.275362 2.70743
1.25402 0.15001 -2.0151
2.64984 0.15001 -2.84999
1.46255 0.24607 1.21786
1.96732 0.15001 -1.98901
1.45884 0.42255 1.76547
1.38835 0.307694 1.91913
1.63912 0.285779 2.05964
1.26641 0.356314 2.27901
1.54457 0.187663 2.57091
1.38576 0.15001 2.84999
1.18839 0.256321 0.832484
1.11999 0.368256 1.11428
1.26587 0.325206 1.40032
1.31034 0.430526 1.59639
1.27095 0.358042 1.76672
1.20404 0.35994 1.94792
1.33825 0.38404 2.09985
1.28366 0.4084 2.46253
1.27633 0.379184 2.65321
2.38335 0.15001 2.01711
1.827 0.15001 -2.84999
1.90502 0.15001 -1.56354
1.35952 0.416838 1.17344
1.4928 0.381434 1.36232
1.61563 0.307096 1.72596
1.52241 0.439183 1.97906
1.33242 0.544983 2.23704
1.45125 0.438054 2.35596
1.46531 0.392424 2.54718
2.18961 0.15001 2.31772
1.62526 0.15001 -2.84999
1.14722 0.573963 1.06696
1.20037 0.497786 1.25034
1.41549 0.625531 1.5472
1.34474 0.581832 1.71905
1.3426 0.501992 1.90963
1.20239 0.51261 2.05899
1.41683 0.625451 2.41636
1.43342 0.500449 2.71932
1.75694 0.15001 2.84999
2.488 0.15001 -2.72652
2.03337 0.15001 -2.58459
1.43363 0.586102 1.27376
1.19953 0.15001 0.0676743
1.4588 0.690494 1.84072
1.42996 0.591243 2.06841
2.55223 0.15001 1.2795
1.26902 0.763671 2.47825
1.31838 0.581971 2.58443
1.2259 0.694617 2.72169
1.35391 0.15001 -2.65441
1.76508 0.15001 -1.78169
1.24065 0.689343 1.22267
1.35195 0.48039 1.42024
1.27114 0.780246 1.70153
1.40482 0.814323 1.99611
1.36027 0.74409 2.20482
1.97628 0.15001 2.16838
2.21978 0.15001 1.83865
2.6759 0.15001 2.57785
1.52356 0.15001 -2.11837
-0.255551 0.15001 -2.14937
1.94526 0.15001 -1.80305
0.482838 0.15001 -1.45142
0.679433 0.15001 -1.09616
1.94866 0.15001 1.57018
1.94467 0.15001 -0.162542
1.74558 0.15001 -0.0824623
1.75871 0.15001 2.62978
2.62143 0.15001 1.94869
2.15782 0.15001 -2.84999
1.82754 0.15001 -2.44044
2.17754 0.15001 -2.04032
2.41207 0.15001 -2.18798
1.45182 0.15001 -1.28785
1.61216 0.15001 -1.00255
2.07636 0.15001 -0.469982
2.67344 0.15001 0.275366
2.45838 0.15001 0.952643
2.79548 0.15001 1.87438
2.84999 0.15001 -2.66715
2.84999 0.15001 -2.1109
2.61018 0.15001 -2.02982
2.84895 0.15001 -1.35457
2.84961 0.15001 -1.08729
2.82445 0.15001 -0.901631
2.83723 0.15001 -0.519739
2.84999 0.15001 1.21769
2.84962 0.15001 2.11596
2.34356 0.15001 2.84999
1.99375 0.15001 -2.7848
2.229 0.15001 -2.46389
2.76654 0.15001 -1.92587
2.84999 0.15001 -1.75291
1.71103 0.15001 -1.61197
2.10389 0.15001 -0.793663
2.36111 0.15001 -1.0283
2.84685 0.15001 -0.714089
2.36504 0.15001 0.725743
2.84982 0.15001 2.65755
2.83792 0.15001 -2.29775
2.41298 0.15001 -2.37306
2.84998 0.15001 -1.5501
2.48302 0.15001 -1.16864
2.56482 0.15001 -1.01761
2.44713 0.15001 -1.80792
2.78361 0.15001 0.493683
2.02267 0.15001 0.298868
2.73217 0.15001 1.46491
2.67392 0.15001 0.816105
1.41368 0.15001 -2.46199
2.6271 0.15001 -2.58439
2.64754 0.15001 -2.38863
2.6373 0.15001 -1.77495
2.10614 0.15001 -1.50254
1.54813 0.197518 1.88418
2.73032 0.15001 -0.0754921
2.82769 0.15001 0.0758273
2.84969 0.15001 0.692034
2.84591 0.15001 2.4389
2.21869 0.15001 -2.6765
1.82676 0.15001 -2.24768
1.63916 0.271738 1.47372
1.50937 0.428514 1.56704
2.03459 0.15001 -1.02061
1.8921 0.15001 -0.80865
1.51718 0.402884 2.17671
2.67236 0.15001 2.32549
2.84999 0.15001 1.61601
2.58541 0.15001 2.84677
1.63245 0.15001 -2.49664
1.65362 0.15001 -1.9224
2.67326 0.15001 -2.19031
2.54303 0.15001 -1.46171
2.29389 0.15001 -1.65097
1.71647 0.15001 -0.536526
2.45506 0.15001 -0.813924
1.53815 0.15001 0.452347
2.13658 0.15001 1.12883
1.59243 0.387136 2.70935
2.84973 0.15001 -2.48337
2.14377 0.15001 -1.7637
2.17939 0.15001 -2.29157
1.21254 0.15001 -1.37992
1.25174 0.15001 -0.967822
1.32929 0.15001 -0.485875
2.1615 0.15001 -0.0896867
2.55582 0.15001 -0.218077
2.51775 0.15001 1.63778
2.34095 0.15001 2.6042
1.61311 0.15001 -2.29389
0.60098 0.15001 -1.70738
1.53715 0.15001 -1.72332
1.80735 0.15001 -1.41328
0.339827 0.15001 -0.715349
1.20745 0.15001 -0.33231
1.34332 0.15001 -0.185051
2.13499 0.15001 0.544797
2.52453 0.15001 0.151658
1.86788 0.15001 0.424212
2.39552 0.15001 -2.55178
2.37681 0.15001 -1.98327
2.08087 0.15001 -1.30443
1.34759 0.15001 -1.56118
0.677298 0.15001 -0.753936
1.60401 0.15001 1.0104
1.52766 0.15001 0.113068
2.13607 0.15001 0.794964
2.17775 0.15001 2.10561
2.41733 0.15001 2.36461
