1000 0.1
-2.1716 0.15001 -2.37695
-2.46652 0.15001 -2.57739
-2.14899 0.15001 -2.20166
-1.84623 0.15001 -2.19025
-2.14699 0.15001 -1.18656
-0.74701 0.15001 1.53211
-2.61353 0.15001 0.111368
-2.7199 0.15001 1.04565
-2.04772 0.15001 0.173041
-2.26458 0.15001 1.70504
-2.22103 0.15001 -2.84999
-2.77468 0.15001 -2.43627
-2.66053 0.15001 -2.08196
-2.35531 0.15001 -1.80384
-2.77892 0.15001 -1.22794
-2.76495 0.15001 -0.717261
-2.78273 0.15001 -0.00518165
-2.83255 0.15001 0.198697
-2.83934 0.15001 2.11083
-2.23396 0.15001 2.84031
-2.42041 0.15001 -2.84999
-2.84999 0.15001 -2.23891
-2.47855 0.15001 -2.08572
-1.71654 0.15001 -0.626299
-2.79007 0.15001 -1.73889
-2.22981 0.15001 0.0973735
-1.52123 0.15001 0.485865
-1.56281 0.15001 1.10906
-2.66999 0.15001 2.44376
-2.82547 0.15001 2.32169
-2.32422 0.15001 -2.69819
-2.6788 0.15001 -2.27214
-2.49495 0.15001 -1.91055
-2.82217 0.15001 -0.929239
-2.82718 0.15001 -0.527001
-2.67362 0.15001 -1.07167
-2.83838 0.15001 -0.296298
-2.78207 0.15001 0.86928
-2.78634 0.15001 1.63821
-2.30519 0.15001 2.1316
-1.50505 0.15001 -2.50019
-1.22317 0.15001 -1.72821
-1.26055 0.15001 0.0159572
-1.74019 0.15001 -1.89108
-1.89936 0.15001 -1.96338
-0.759092 0.327128 1.94949
-2.64888 0.15001 -0.387935
-2.68333 0.15001 0.349619
-2.49867 0.15001 1.02373
-2.68406 0.15001 2.8361
-2.71263 0.15001 -2.83065
-1.51338 0.15001 -2.15734
-2.33078 0.15001 -2.19448
-2.84999 0.15001 -2.05206
-2.70022 0.15001 -1.4262
-2.49825 0.15001 -0.731823
-2.64149 0.15001 -0.896475
-2.83758 0.15001 1.81674
-2.63851 0.15001 2.26421
-2.49244 0.15001 2.56073
-2.04088 0.15001 -2.51027
-2.37164 0.15001 -2.3956
-2.57714 0.15001 -2.42879
-2.50212 0.15001 -2.26254
-2.59501 0.15001 -1.28076
-2.3647 0.15001 -1.31178
-2.47902 0.15001 -0.990403
-2.45799 0.15001 0.242325
-2.59389 0.15001 1.23812
-2.45125 0.15001 2.26955
-2.57172 0.15001 -2.73592
-2.24703 0.15001 -2.53775
-2.13285 0.15001 -2.68638
-2.72996 0.15001 -1.91758
-2.83356 0.15001 -1.55704
-2.4586 0.15001 -1.16458
-2.36531 0.15001 0.593595
-2.76507 0.15001 0.676101
-2.45688 0.15001 2.00134
-2.82351 0.15001 2.5605
-1.44861 0.15001 -1.9849
-1.69438 0.15001 -2.06564
-2.0099 0.15001 -2.09614
-2.61461 0.15001 -1.77662
-2.47388 0.15001 -1.64426
-2.40546 0.15001 -0.310164
-2.48372 0.15001 -0.112982
-2.52101 0.15001 -0.536471
-2.25741 0.15001 1.31635
-2.17986 0.15001 1.96956
-1.44498 0.15001 -2.3269
-2.66909 0.15001 -2.58815
-2.83861 0.15001 -2.66615
-2.65264 0.15001 -1.59694
-2.31498 0.15001 -1.98042
-2.27595 0.15001 -0.67626
-2.1493 0.15001 -0.239792
-1.83064 0.15001 0.547533
-2.34554 0.15001 0.792168
-2.41393 0.15001 1.48113
-1.77108 0.15001 -2.63379
-0.342458 0.15001 1.0961
-0.465446 0.15001 1.41057
-0.415437 0.188736 1.60827
-0.488286 0.238232 1.80094
-0.65207 0.15001 1.86218
-1.07665 0.15001 1.63178
-0.452392 0.167944 2.35026
-0.449931 0.199353 2.53801
-0.570996 0.193654 2.68044
-2.03367 0.15001 -2.84921
-0.526852 0.213674 1.06578
-1.11722 0.15001 -1.00403
-0.603576 0.282532 1.49119
-0.618029 0.189286 1.66901
-1.77274 0.15001 0.846056
-0.627385 0.183269 2.25209
-0.615336 0.216483 2.44391
-0.656354 0.348612 2.57997
-0.494214 0.15001 2.84999
-1.49677 0.15001 -2.80802
-0.544647 0.255304 1.25665
-0.514488 0.444928 1.34103
-0.404863 0.370778 1.48713
-0.474042 0.380835 1.6731
-0.553144 0.422175 1.85244
-1.90334 0.15001 1.40112
-0.444524 0.407298 2.30359
-0.482374 0.385691 2.49698
-0.616971 0.325625 2.84999
-1.85195 0.15001 -2.82047
-1.03644 0.15001 -2.61746
-2.16427 0.15001 -1.7796
-0.558519 0.491486 1.53977
-0.672121 0.396629 1.6915
-0.57927 0.346928 2.02545
-0.613859 0.388067 2.2056
-0.651024 0.409229 2.39131
-0.789586 0.208483 2.53522
-0.483571 0.472122 2.84999
-1.14045 0.15001 -2.09415
-0.445143 0.379427 1.11223
-0.480497 0.653709 1.35461
-0.454863 0.702455 1.61649
-0.520497 0.579781 1.74858
-0.428184 0.574165 1.9324
-0.453486 0.491528 2.11619
-0.412699 0.597688 2.344
-0.442277 0.555887 2.6087
-0.752192 0.214519 2.74412
-1.24094 0.15001 -2.2928
-1.376 0.15001 -1.61254
-2.51907 0.15001 -1.45993
-0.614372 0.678993 1.50564
-2.35296 0.15001 -0.849579
-0.607409 0.587296 2.03006
-0.589466 0.57749 2.25838
-0.577267 0.57313 2.46528
-2.11777 0.15001 1.50658
-2.03177 0.15001 2.84944
-1.10905 0.15001 -1.87465
-1.67541 0.15001 -2.45718
-0.37549 0.533797 1.2105
-0.396888 0.828203 1.47612
-1.95418 0.15001 -0.383082
-0.32312 0.72532 2.01467
-0.478505 0.697571 2.14487
-0.356433 0.787929 2.32629
-0.635137 0.471362 2.71789
-2.49413 0.15001 2.849
-1.85297 0.15001 -2.4711
-1.91069 0.15001 -1.62115
-2.10625 0.15001 -1.94363
-1.95807 0.15001 -1.22332
-2.06812 0.15001 -1.03446
-0.547899 0.803648 1.99569
-0.558373 0.785085 2.30538
-2.21902 0.15001 0.316962
-1.2112 0.15001 1.81033
-2.28084 0.15001 2.5125
-1.66982 0.15001 -2.26301
-1.56942 0.15001 -1.84131
-2.33877 0.15001 -1.48361
-2.10433 0.15001 -1.61304
-2.28544 0.15001 -1.64502
-2.17612 0.15001 -1.37472
-0.413294 0.888965 2.15266
-2.00985 0.15001 1.67208
-2.02505 0.15001 1.85111
-2.11406 0.15001 2.4069
-1.33466 0.15001 -2.13407
-1.46371 0.15001 -1.44639
-1.39313 0.15001 -1.19177
-2.00861 0.15001 -1.45776
-1.83879 0.15001 0.115656
-1.20094 0.15001 0.721889
-2.02846 0.15001 0.556253
-1.92431 0.15001 2.52944
-1.71454 0.15001 1.83579
-2.14497 0.15001 2.23103
-0.78649 0.15001 -2.03935
-0.200742 0.15001 0.946891
-0.205898 0.184172 1.2802
-0.276653 0.215096 1.464
-0.265857 0.15001 1.72672
-0.344423 0.172705 1.89365
-0.323228 0.18171 2.07796
-0.286868 0.161145 2.26964
-0.271808 0.160146 2.53204
-0.35987 0.150292 2.70509
-1.67632 0.15001 -2.81527
-0.429941 0.15001 0.900534
-0.351429 0.324471 1.30481
-0.288392 0.342791 1.63393
-0.395763 0.364306 1.96536
-0.506089 0.165742 1.9995
-0.465501 0.258255 2.17511
-0.308568 0.305359 2.39692
-0.449124 0.35014 2.69356
-0.145016 0.156942 2.84999
-0.499192 0.15001 -1.57309
-0.245556 0.372052 1.11785
-0.174039 0.395048 1.29469
-0.196972 0.433283 1.4915
-0.157122 0.513406 1.67013
-0.218179 0.365882 1.89821
-0.30803 0.366841 2.15245
-0.155444 0.322276 2.25925
-0.179185 0.353178 2.52619
-0.31934 0.267643 2.84999
-1.94996 0.15001 -2.66788
-0.161527 0.459087 0.957705
-0.326828 0.539091 1.40057
-0.341019 0.535848 1.59941
-0.345645 0.464663 1.78421
-0.263289 0.51043 2.02757
-0.263022 0.477298 2.30272
-0.321161 0.480595 2.4807
-0.290055 0.450382 2.66335
-0.134324 0.353611 2.84999
-0.739447 0.15001 -2.84999
-1.73215 0.15001 -1.70281
-0.187354 0.575272 1.22279
-0.143228 0.605781 1.40998
-0.172964 0.695923 1.73777
-0.198823 0.550775 1.85464
-0.311906 0.616259 2.17881
-0.250299 0.646726 2.4461
-0.151164 0.536563 2.57002
-0.295262 0.454604 2.84999
-1.2222 0.15001 -2.64173
-0.105036 0.632755 1.03284
-0.29694 0.722671 1.32686
-0.269347 0.716353 1.56819
-0.348497 0.670147 1.7803
-0.14825 0.673716 2.0947
-0.161884 0.642154 2.28813
-0.456155 0.720685 2.48984
-0.280285 0.656225 2.66592
-0.18095 0.715034 2.84999
-1.59453 0.15001 -2.65142
-0.442201 0.367101 0.88782
-0.199154 0.748313 1.14758
-0.141244 0.802305 1.39824
-0.179241 0.899793 1.71963
-0.295871 0.839772 1.86302
-0.224177 0.831878 2.1874
-0.170536 0.825292 2.37721
-0.119863 0.714665 2.5691
-1.82162 0.15001 2.80708
-1.32675 0.15001 -2.46971
-0.797643 0.15001 -2.30328
-0.291185 0.942403 1.35493
-0.375628 0.869658 1.68776
-0.115734 0.859493 1.90981
-0.263583 0.943734 2.02722
-0.0922023 0.992049 2.2731
-2.18992 0.15001 1.12553
-0.548104 0.628822 2.74251
-0.347635 0.634038 2.8468
-0.947932 0.15001 -2.12831
-1.5721 0.15001 -1.65514
-0.534532 0.15001 -2.44246
-0.255388 0.963529 1.54809
-0.192745 1.09607 1.73365
-0.690425 0.15001 0.593708
-1.54542 0.15001 1.33374
-1.46713 0.15001 1.85987
-0.433929 0.809965 2.67006
-1.60124 0.15001 2.82863
-1.27002 0.15001 -1.95419
-1.30899 0.15001 -2.82415
-0.933647 0.15001 -0.0420673
-1.20833 0.15001 -0.179155
-1.38434 0.15001 1.67109
-1.16501 0.15001 2.12914
-0.722927 0.15001 2.03336
-1.54478 0.15001 2.05119
-1.79727 0.15001 2.25303
-1.69739 0.15001 2.59062
-0.76867 0.15001 -1.82134
0.0914012 0.219947 1.09817
-0.0116998 0.194221 1.26
-0.139395 0.170955 1.5871
-0.0652057 0.15001 1.78573
-0.172401 0.15001 1.94884
-0.155578 0.151201 2.14585
-0.0138597 0.180828 2.25795
-0.0951902 0.150159 2.57505
-0.0313119 0.247943 2.71836
-0.44087 0.15001 -2.81625
-0.0576616 0.242514 0.753439
-0.111965 0.225988 1.09873
-0.0859509 0.266454 1.42461
0.0389152 0.15001 1.62138
-0.138785 0.335286 2.06582
0.126496 0.15001 2.14743
-0.145782 0.190404 2.39498
-0.213741 0.276707 2.69228
0.0530277 0.15001 2.84999
-1.40224 0.15001 -2.652
0.00780048 0.379777 1.01778
0.131717 0.317859 1.32897
-0.0547575 0.356799 1.59175
-0.150293 0.293219 1.7409
-0.0416173 0.276001 1.91353
0.0402089 0.374813 2.11766
0.019001 0.366984 2.3068
0.00207852 0.331093 2.49395
0.0665564 0.329095 2.84999
-1.01826 0.15001 -1.71343
0.0282287 0.416256 0.824291
0.00676472 0.404704 1.21002
-0.029335 0.450121 1.3963
0.109989 0.402851 1.66631
-0.0638577 0.511391 1.9879
0.179194 0.457084 2.22778
-0.103174 0.479692 2.40084
-0.0357953 0.42218 2.66675
0.242716 0.384275 2.84999
-0.927678 0.15001 -2.84699
0.069731 0.573553 1.0967
0.142059 0.450963 1.45195
0.00494476 0.532738 1.56342
-0.0358542 0.444702 1.80641
0.203301 0.489321 2.0505
-0.126409 0.494821 2.16837
0.0096706 0.557931 2.27753
0.0434822 0.524076 2.51588
-0.00586553 0.482959 2.84999
-1.98463 0.15001 -2.32628
0.162701 0.508034 0.937978
-0.00421515 0.596548 1.26771
0.0535078 0.678864 1.42114
0.0316079 0.60584 1.75123
0.102516 0.614126 1.92614
0.0555439 0.591656 2.10807
-0.0188922 0.685682 2.41392
-0.159226 0.546351 2.764
0.190057 0.559193 2.84999
-0.931531 0.15001 -1.92065
0.0949012 0.797337 1.0944
0.175265 0.720981 1.25904
-0.0868088 0.691773 1.56112
0.059619 0.797501 1.86742
0.0164107 0.763238 2.04163
-0.0446908 0.76957 2.22829
0.129581 0.740334 2.29498
-0.00812631 0.607864 2.67275
-0.0127609 0.649617 2.84999
-1.05324 0.15001 -2.28371
0.0842306 0.691171 0.926451
0.00318791 0.792797 1.26904
0.0899459 0.883752 1.41428
0.260948 0.806199 1.62644
-0.0943534 0.684379 1.91436
0.199393 0.903618 2.36108
0.0148145 0.88288 2.39218
-0.197329 0.848453 2.71601
0.343812 0.660745 2.84999
-1.29162 0.15001 -1.42692
-0.104511 0.15001 -1.99738
0.217669 0.924248 1.26831
-0.14635 0.895245 1.23317
-0.0847079 0.870366 1.55722
0.102451 0.973402 1.9811
-0.0750278 0.929041 2.08807
0.148929 1.07519 2.44046
0.0769205 0.944423 2.57151
-1.31767 0.15001 2.71277
-1.39143 0.15001 -1.80794
-1.97753 0.15001 -1.78683
0.198116 0.15001 -2.70499
0.0947576 0.865129 1.59976
0.0995307 0.683566 1.59753
0.0996618 0.865593 2.16525
-0.108207 0.889461 2.54681
-0.291803 0.793668 2.54207
-0.488578 0.753136 2.84999
-1.05403 0.15001 2.8434
-0.00349155 0.15001 -2.55103
0.287495 0.231505 1.08247
0.289232 0.15001 1.39121
0.216222 0.15001 1.56954
0.0960542 0.15001 1.90315
0.37712 0.15001 1.87264
0.300011 0.152699 2.17744
0.171117 0.252369 2.29135
0.206586 0.19807 2.46482
0.263673 0.15001 2.62698
-0.659344 0.15001 -2.70211
-0.000923149 0.188941 0.932478
0.183135 0.150637 1.24485
0.0795554 0.15001 1.41589
0.219674 0.15001 1.77399
0.246125 0.15001 2.00522
0.473816 0.165592 2.2158
0.0345816 0.15001 2.43115
0.0846046 0.15001 2.61186
0.236381 0.160962 2.84999
-0.0594142 0.15001 -2.28508
0.198695 0.182497 0.92696
0.432482 0.269926 1.35005
0.362794 0.239456 1.52189
0.0748407 0.256908 1.76237
0.237915 0.284783 1.88858
-0.0129142 0.15001 2.04207
0.353632 0.309233 2.27594
0.41429 0.278138 2.63722
0.173947 0.275458 2.72092
0.333851 0.15001 -2.83348
0.213859 0.257033 0.748146
0.296438 0.332186 1.23437
0.107644 0.285004 1.52322
0.253513 0.292384 1.6916
0.0964623 0.407771 1.93221
0.225386 0.315208 2.09793
0.175939 0.401438 2.39983
0.16287 0.370559 2.57204
0.422762 0.314644 2.84999
0.417036 0.15001 -2.16582
0.1797 0.406198 1.10544
0.321331 0.434507 1.37589
0.275663 0.385128 1.54764
0.214762 0.501254 1.80078
0.343554 0.42503 1.95713
0.377394 0.506678 2.12824
0.331126 0.508429 2.37847
0.222882 0.584213 2.54069
0.30431 0.417394 2.68181
-1.14069 0.15001 -2.45246
0.306748 0.377109 0.908619
0.174456 0.516066 1.27167
0.362498 0.546679 1.50391
0.360563 0.643011 1.68042
0.376525 0.6948 2.10192
0.278927 0.617842 2.23883
0.155271 0.582383 2.3771
0.136067 0.502178 2.69283
0.391717 0.494179 2.84999
-0.604069 0.15001 -1.97766
0.264222 0.606177 1.11938
0.333678 0.629143 1.30335
0.213673 0.556328 1.60476
0.201479 0.708913 1.77435
0.291618 0.631438 1.92136
0.192943 0.717357 2.11078
0.290379 0.711072 2.39913
0.355822 0.740866 2.56888
0.309352 0.599337 2.69322
-0.294043 0.15001 -2.34246
0.341991 0.589193 0.940562
0.329987 0.797023 1.14209
0.237094 0.70349 1.44907
0.382097 0.849083 1.75766
0.215772 0.808755 1.95494
0.316376 0.810291 2.24179
0.134858 0.766285 2.49439
0.197631 0.745257 2.66981
0.530504 0.648163 2.84999
-0.734157 0.15001 -2.48808
0.0225381 0.15001 -1.53421
0.403176 0.837007 1.31758
0.310352 1.01773 1.65917
0.175414 0.923992 1.77742
0.399314 0.784764 1.94386
0.343358 0.901978 2.07796
0.352699 1.03646 2.36837
0.274349 0.923905 2.52931
0.197119 0.943985 2.72144
-0.94111 0.15001 -2.43007
1.26258 0.15001 -1.84421
0.21734 0.15001 -1.45295
0.280075 0.877911 1.45295
-0.0174718 0.773193 1.71
0.320371 0.948587 1.89853
0.238127 0.980446 2.20104
-0.0260839 0.827517 2.84999
0.0182725 0.782497 2.67319
0.299229 0.833952 2.84999
0.669242 0.15001 -2.32742
0.397391 0.202077 0.882866
0.381547 0.15001 1.22542
0.498163 0.15001 1.46786
0.371736 0.15001 1.67344
0.574794 0.150008 1.9367
0.614634 0.15001 2.10824
0.529448 0.15001 2.37814
0.40742 0.15001 2.51452
0.538411 0.15001 2.64474
1.10158 0.15001 -2.57276
0.623217 0.178911 0.950122
0.570644 0.15001 1.29995
0.515341 0.241317 1.6196
0.530094 0.15001 1.76865
0.429035 0.15001 2.04372
0.676641 0.204171 2.26529
0.339666 0.15001 2.35141
0.672298 0.15001 2.76485
0.81928 0.150944 2.84999
-1.12696 0.15001 -2.82182
0.401972 0.338524 0.735481
0.46173 0.15001 1.05135
0.616417 0.296766 1.38971
0.413376 0.296167 1.77663
0.693531 0.383934 1.91736
0.416057 0.326187 2.10121
0.483378 0.39262 2.39708
0.573277 0.260298 2.50494
0.382754 0.15001 2.75405
0.520835 0.15001 -2.84999
0.61081 0.353521 0.852529
0.516869 0.273035 1.1725
0.445118 0.439232 1.63372
0.578851 0.378635 1.76256
0.506801 0.331297 1.93432
0.5483 0.340276 2.23155
0.33042 0.341087 2.48464
0.621903 0.304891 2.67065
0.522812 0.15001 2.84999
-0.399489 0.15001 -2.59239
0.376156 0.417872 1.08309
0.609686 0.538059 1.32384
0.664214 0.316878 1.56652
0.407508 0.503635 1.80776
0.553886 0.456874 2.06707
0.486463 0.535841 2.27497
0.634668 0.562856 2.39182
0.578562 0.465646 2.53846
0.489279 0.432916 2.70098
0.898302 0.15001 -2.64913
0.529221 0.471676 0.982652
0.44877 0.491253 1.24107
0.510713 0.446902 1.45416
0.561503 0.55822 1.72708
0.460691 0.588471 1.97482
0.567091 0.634423 2.13005
0.465067 0.646688 2.44071
0.398933 0.511582 2.54998
0.579088 0.481334 2.84999
-0.851237 0.15001 -2.66055
0.4631 0.51796 0.802791
0.562387 0.737548 1.21248
0.520922 0.615855 1.56057
0.47816 0.692597 1.81333
0.588385 0.742016 1.95523
0.486674 0.723456 2.27469
0.631472 0.7472 2.39486
0.606136 0.677493 2.55752
0.490172 0.613973 2.67603
0.840196 0.15001 -2.25512
0.462132 0.642405 1.08241
0.496957 0.675823 1.38264
0.405926 0.753511 1.52503
0.542046 0.795767 1.66452
0.610402 0.89032 1.81553
0.517477 0.812303 2.11203
0.418707 0.846164 2.42267
0.432987 0.775546 2.73404
0.731598 0.5934 2.84999
0.0179227 0.15001 -2.76717
0.653528 0.15001 -1.66239
0.0792837 0.15001 -1.73506
0.569226 0.858942 1.42129
0.465952 1.03884 1.79715
0.513136 0.922083 1.96565
0.59976 0.921731 2.41789
0.829054 0.962947 2.54884
0.520608 0.859381 2.5784
0.52684 0.895486 2.84999
-0.569719 0.15001 -2.21913
1.05293 0.15001 -1.91445
-0.922761 0.15001 -1.33585
0.622021 0.15001 -0.626753
0.453309 0.921994 1.56302
0.840847 0.800353 1.55465
0.478905 0.907585 2.26172
0.381247 0.935955 2.68377
0.147471 0.729726 2.84999
0.741044 0.772492 2.84999
0.742756 0.15001 -2.53676
0.653722 0.150041 1.13562
0.764391 0.190835 1.31029
0.67691 0.15001 1.47475
0.672959 0.15001 1.65728
0.704428 0.215411 1.82416
0.830944 0.150251 2.16088
0.850738 0.196099 2.34553
0.735749 0.170842 2.60265
0.897802 0.15001 2.6844
1.39728 0.15001 -2.84999
0.103237 0.15001 -2.41076
0.838045 0.167486 1.13706
0.936474 0.15001 1.43524
0.879674 0.169122 1.78388
0.754423 0.178817 1.9945
1.00157 0.15001 2.25457
0.702821 0.15001 2.43372
0.985275 0.346102 2.68336
0.996262 0.15001 2.84999
0.537539 0.186568 0.744806
0.687755 0.344461 1.04575
0.68047 0.374437 1.23323
0.809553 0.266293 1.47693
0.758389 0.354547 1.7162
0.871933 0.347617 1.8642
0.67917 0.324596 2.09491
0.799005 0.345323 2.23519
0.75254 0.399721 2.53785
0.90189 0.318793 2.84999
0.908241 0.15001 -2.0507
0.729004 0.183824 0.787795
0.860713 0.375876 1.15376
0.74109 0.48049 1.44495
0.958395 0.506668 1.77716
0.721229 0.555925 2.05335
0.841652 0.527843 2.18894
0.673428 0.371573 2.37475
0.9327 0.473244 2.54955
0.799314 0.329058 2.6998
0.890839 0.15001 -2.84309
0.625946 0.537998 1.13046
0.778573 0.545159 1.24443
0.692341 0.5518 1.60766
0.764709 0.52852 1.78643
0.87592 0.538606 1.94276
0.663162 0.488548 2.22149
0.832755 0.545466 2.37362
0.660296 0.533725 2.68865
0.618826 0.307642 2.84999
0.708293 0.15001 -2.84999
0.770982 0.485488 0.937001
0.740503 0.700319 1.13209
0.690138 0.712579 1.35426
0.948764 0.691496 1.84833
0.621892 0.557367 1.89906
0.729115 0.665613 2.25884
0.760552 0.586678 2.5351
0.794081 0.713853 2.67563
0.844152 0.529344 2.70051
0.725158 0.355904 0.682467
0.789189 0.683833 0.937049
0.876468 0.712705 1.31993
0.845541 0.661418 1.68264
0.668301 0.705613 1.76673
0.766891 0.690696 1.92617
0.714271 0.757459 2.09389
0.826163 0.757906 2.40602
0.95495 0.821078 2.70274
0.759576 0.424093 2.84999
0.725504 0.15001 -1.93758
0.0716358 0.15001 -1.95865
0.688831 0.888105 1.22177
0.758637 0.915036 1.41616
0.981046 0.790494 1.67697
0.713734 0.917797 1.98226
0.667895 0.85298 2.24994
0.709314 0.831679 2.55147
0.614817 0.754998 2.72172
0.907755 0.693801 2.84999
0.450885 0.15001 -2.66396
0.609955 0.15001 -2.13044
0.872016 0.823993 1.18072
0.992109 0.480852 1.50707
0.66999 0.716041 1.53978
0.818648 0.810288 1.78903
0.810973 0.986352 2.15297
0.800188 0.949169 2.35281
0.827138 0.960828 2.73837
2.14383 0.15001 2.52827
0.302163 0.15001 -2.34855
0.304444 0.15001 -1.60245
-0.689428 0.15001 -1.49712
0.0258672 0.15001 -0.859332
1.0128 0.652258 1.53237
0.905083 0.815812 1.97677
0.607 0.971096 2.126
1.01254 0.813177 2.29889
0.64687 0.92881 2.70422
1.1144 0.586349 2.84999
1.0639 0.15001 -2.19959
0.834761 0.15001 0.945499
0.953837 0.233942 1.27006
1.03267 0.172816 1.61255
0.847682 0.15001 1.60741
1.06373 0.159988 1.80618
0.974552 0.264478 2.10415
1.00239 0.15001 2.44572
0.886478 0.265546 2.53931
1.08008 0.176586 2.68924
1.11931 0.15001 -2.84911
1.4358 0.15001 -1.93384
1.11942 0.191679 1.42968
1.21321 0.15001 1.67708
1.24438 0.178258 1.86231
0.929481 0.150146 1.95981
1.16158 0.166448 2.17162
1.1013 0.376542 2.52758
1.27188 0.160604 2.68568
1.19474 0.15001 2.84999
0.907336 0.15001 -2.44289
1.0162 0.203504 1.07835
0.845389 0.374496 1.33683
0.984518 0.317196 1.47865
0.940012 0.32888 1.67467
1.01929 0.389604 1.96868
0.976562 0.40695 2.23
1.08979 0.323033 2.34845
0.898752 0.37246 2.39342
1.07992 0.303062 2.84999
1.16448 0.15001 -2.37643
1.00065 0.232568 0.883368
1.15612 0.474439 1.432
1.09884 0.467314 1.64989
1.08228 0.350898 1.79691
0.846974 0.394297 2.05425
1.13758 0.355471 2.13196
1.03426 0.521411 2.40172
1.11559 0.477248 2.68751
0.948413 0.504044 2.84999
1.50988 0.15001 -2.67014
0.952577 0.393516 0.993104
1.03473 0.405849 1.28371
0.925956 0.541148 1.35333
0.856038 0.485002 1.61852
1.06756 0.563064 1.92383
1.01051 0.526966 2.09682
0.960151 0.641966 2.27393
0.925955 0.669981 2.53972
1.31682 0.313041 2.84999
0.901146 0.22602 0.699549
1.12891 0.436983 0.918718
1.12017 0.698483 1.38045
1.20312 0.650769 1.56343
1.18829 0.526409 1.79674
0.894684 0.671348 2.08368
1.13975 0.511636 2.2455
1.22557 0.585799 2.39862
1.13253 0.607872 2.5633
1.31566 0.566993 2.84999
1.31058 0.15001 -2.21333
0.910368 0.409855 0.802536
0.891203 0.562372 1.09076
0.830669 0.636261 1.48594
1.0732 0.643597 1.71002
1.26227 0.686528 1.86851
0.852432 0.807096 2.21128
1.07129 0.714696 2.43426
1.00635 0.633596 2.70225
2.52434 0.15001 2.15308
1.70537 0.15001 -2.13229
0.950096 0.743947 1.04004
1.0337 0.618848 1.21977
1.1318 0.882297 1.58643
1.11877 0.81521 1.82558
1.08485 0.724968 1.9899
1.10644 0.678328 2.16239
1.19757 0.760864 2.30057
1.12486 0.814843 2.60394
1.19412 0.429926 2.84999
-1.23914 0.15001 -1.26956
0.987557 0.59358 0.919895
1.0809 0.822528 1.22551
1.00042 0.896061 1.40671
0.221556 0.15001 -1.20044
1.8183 0.15001 2.05216
1.09049 0.882668 2.1456
0.973608 0.867557 2.50179
1.99952 0.15001 1.95484
1.95373 0.15001 2.83992
0.380561 0.15001 -1.93455
2.00137 0.15001 -2.38572
0.846116 0.15001 -1.77282
1.10566 0.15001 -1.73154
1.27036 0.674215 2.05676
1.11378 0.15001 -0.231203
2.00819 0.15001 1.23025
1.78703 0.15001 0.612541
1.96658 0.15001 2.3987
1.58914 0.15001 2.80898
2.33049 0.15001 -2.84999
1.37773 0.15001 0.636818
1.49915 0.15001 1.39406
1.31749 0.200864 1.52946
1.40101 0.15001 -1.00389
1.2871 0.203413 2.04222
1.58366 0.15001 -0.79867
2.25538 0.15001 -0.556251
1.16232 0.192366 2.52909
2.40109 0.15001 1.44874
2.84999 0.15001 -2.84999
1.99707 0.15001 -2.17279
1.28416 0.235338 1.12283
1.00525 0.15001 -1.5291
1.49827 0.21721 1.59234
1.47144 0.191058 2.0648
1.55849 0.197799 2.23723
1.20208 0.164475 2.35272
1.71703 0.15001 2.39373
2.13857 0.15001 2.84979
1.698 0.15001 -2.66153
1.13318 0.190846 1.23552
1.30021 0.156923 1.32877
1.1603 0.313184 1.57145
1.39509 0.201219 1.75123
1.10714 0.171667 1.99344
1.34806 0.179719 2.22422
1.44104 0.248418 2.37738
1.3444 0.234277 2.53228
1.43289 0.27857 2.7069
1.1882 0.15001 -2.03612
2.64114 0.15001 -2.84999
1.46319 0.248707 1.21718
1.95402 0.15001 -1.99983
1.45987 0.426343 1.76539
1.39015 0.311016 1.9187
1.64142 0.289163 2.05942
1.26803 0.358967 2.27897
1.54543 0.190631 2.57023
1.4005 0.15001 2.84999
1.1896 0.259449 0.832018
1.12105 0.371735 1.11318
1.26336 0.325128 1.39748
1.31043 0.434343 1.59686
1.27222 0.358957 1.7659
1.20507 0.361487 1.94732
1.33985 0.387258 2.09944
1.284 0.412193 2.46273
1.27676 0.382337 2.65417
2.39033 0.15001 1.9857
1.8082 0.15001 -2.84999
1.92406 0.15001 -1.60701
1.36068 0.420229 1.17268
1.49802 0.382112 1.3605
1.61702 0.310646 1.72584
1.52415 0.44284 1.97834
1.33326 0.548861 2.23626
1.45214 0.442463 2.35606
1.46642 0.396158 2.54736
2.19701 0.15001 2.29734
1.61629 0.15001 -2.84999
1.14796 0.57781 1.06582
1.20138 0.501546 1.24914
1.41656 0.629973 1.5454
1.34682 0.586156 1.71842
1.34347 0.506052 1.91036
1.20059 0.51306 2.05855
1.41834 0.630042 2.41602
1.43534 0.503461 2.71868
1.77276 0.15001 2.84999
2.48065 0.15001 -2.73508
1.97408 0.15001 -2.57559
1.43404 0.590191 1.27328
1.16293 0.15001 0.0258965
1.46038 0.694093 1.84088
1.43473 0.593789 2.06901
2.55939 0.15001 1.23081
1.27075 0.767624 2.47946
1.32015 0.585253 2.58429
1.22675 0.698528 2.7227
1.3007 0.15001 -2.64257
1.75245 0.15001 -1.82099
1.24182 0.693587 1.22188
1.35649 0.476344 1.42123
1.27233 0.7846 1.70021
1.40501 0.818089 1.99627
1.36348 0.748925 2.20572
1.975 0.15001 2.164
2.22214 0.15001 1.8168
2.6602 0.15001 2.56432
1.49528 0.15001 -2.11357
-0.2244 0.15001 -2.11576
1.94489 0.15001 -1.80963
0.507789 0.15001 -1.54369
0.647226 0.15001 -1.18612
1.95085 0.15001 1.5489
1.92128 0.15001 -0.251927
1.73911 0.15001 -0.170382
1.75681 0.15001 2.62167
2.64012 0.15001 1.90908
2.14805 0.15001 -2.84999
1.82576 0.15001 -2.48843
2.13566 0.15001 -2.03188
2.38593 0.15001 -2.19216
1.40972 0.15001 -1.41303
1.57349 0.15001 -1.10434
2.06112 0.15001 -0.554488
2.649 0.15001 0.185757
2.47151 0.15001 0.869452
2.82429 0.15001 1.82804
2.84999 0.15001 -2.65758
2.84999 0.15001 -2.08062
2.59356 0.15001 -2.0551
2.84766 0.15001 -1.33408
2.84996 0.15001 -1.14463
2.80033 0.15001 -0.952347
2.83351 0.15001 -0.570138
2.84998 0.15001 1.15805
2.84902 0.15001 2.0872
2.34928 0.15001 2.84999
1.98494 0.15001 -2.76073
2.22618 0.15001 -2.48076
2.76155 0.15001 -1.92733
2.84999 0.15001 -1.75209
1.66572 0.15001 -1.61633
2.07656 0.15001 -0.856711
2.29227 0.15001 -1.06574
2.84833 0.15001 -0.755284
2.38468 0.15001 0.657768
2.84999 0.15001 2.62767
2.84706 0.15001 -2.28191
2.423 0.15001 -2.37536
2.85 0.15001 -1.55777
2.50734 0.15001 -1.26208
2.52249 0.15001 -1.01121
2.438 0.15001 -1.81865
2.77679 0.15001 0.414838
2 0.15001 0.223005
2.7338 0.15001 1.41043
2.66103 0.15001 0.738155
1.40093 0.15001 -2.45974
2.59702 0.15001 -2.58851
2.66586 0.15001 -2.41564
2.63516 0.15001 -1.78725
2.11241 0.15001 -1.59289
1.54976 0.200038 1.88362
2.72241 0.15001 -0.184357
2.82622 0.15001 0.00775281
2.84939 0.15001 0.621672
2.84379 0.15001 2.44002
2.23761 0.15001 -2.67533
1.84896 0.15001 -2.27469
1.64077 0.275791 1.47303
1.51027 0.431951 1.56671
1.99241 0.15001 -1.03417
1.88062 0.15001 -0.898924
1.51876 0.406259 2.17671
2.66523 0.15001 2.31362
2.84999 0.15001 1.60791
2.56203 0.15001 2.8459
1.63739 0.15001 -2.48944
1.61937 0.15001 -1.9616
2.67211 0.15001 -2.23449
2.49199 0.15001 -1.46964
2.29124 0.15001 -1.67534
1.68141 0.15001 -0.633566
2.36942 0.15001 -0.90273
1.47336 0.15001 0.37903
2.09965 0.15001 1.08423
1.59488 0.390392 2.7096
2.84999 0.15001 -2.46699
2.12682 0.15001 -1.79708
2.17269 0.15001 -2.28963
1.22003 0.15001 -1.41109
1.20061 0.15001 -1.04444
1.27996 0.15001 -0.57044
2.16458 0.15001 -0.17353
2.56208 0.15001 -0.32507
2.52168 0.15001 1.60696
2.35343 0.15001 2.57347
1.58442 0.15001 -2.28514
0.450951 0.15001 -1.71836
1.45552 0.15001 -1.74917
1.79744 0.15001 -1.41574
0.266925 0.15001 -0.806413
1.17951 0.15001 -0.414953
1.30938 0.15001 -0.279694
2.15226 0.15001 0.457088
2.5186 0.15001 0.0433823
1.83459 0.15001 0.345443
2.39296 0.15001 -2.57513
2.39186 0.15001 -2.00518
2.0713 0.15001 -1.32476
1.31829 0.15001 -1.56668
0.608233 0.15001 -0.806895
1.6084 0.15001 1.01556
1.50287 0.15001 0.0456043
2.10516 0.15001 0.736912
2.18285 0.15001 2.07955
2.4393 0.15001 2.32035
