1000 0.1
-1.72778 0.15001 -2.34139
-2.11411 0.15001 -2.67447
-1.64653 0.15001 -2.16831
-1.34743 0.15001 -2.33968
-1.94761 0.15001 -1.73785
-0.731103 0.15001 1.47689
-2.74221 0.15001 -0.676556
-2.7324 0.15001 0.393699
-2.20424 0.15001 -0.61566
-2.50797 0.15001 1.24594
-1.82162 0.15001 -2.84999
-2.67376 0.15001 -2.68197
-2.64749 0.15001 -2.5122
-2.06377 0.15001 -2.26086
-2.78347 0.15001 -1.86656
-2.81692 0.15001 -1.49577
-2.50812 0.15001 -0.886665
-2.72557 0.15001 -0.87117
-2.81633 0.15001 1.83894
-2.43423 0.15001 2.64526
-2.00022 0.15001 -2.84999
-2.84999 0.15001 -2.74681
-2.14802 0.15001 -2.42714
-1.59785 0.15001 -0.796927
-2.75865 0.15001 -2.22282
-2.25415 0.15001 -0.996857
-1.28436 0.15001 0.325879
-1.40805 0.15001 0.194913
-2.75098 0.15001 2.37311
-2.83516 0.15001 2.03751
-1.91782 0.15001 -2.68667
-2.48818 0.15001 -2.66475
-2.31947 0.15001 -2.37864
-2.79811 0.15001 -1.68137
-2.84468 0.15001 -1.30804
-2.62895 0.15001 -1.7701
-2.82312 0.15001 -1.01939
-2.73887 0.15001 0.0237614
-2.78007 0.15001 1.21443
-2.33237 0.15001 1.81401
-1.15089 0.15001 -2.40936
-1.04907 0.15001 -1.30906
-1.2795 0.15001 -1.00777
-1.40878 0.15001 -1.82674
-1.52974 0.15001 -2.0103
-0.772902 0.374456 1.94112
-2.71542 0.15001 -1.18531
-2.67262 0.15001 -0.484214
-2.36544 0.15001 0.0530899
-2.84901 0.15001 2.83157
-2.52726 0.15001 -2.8413
-1.12601 0.15001 -2.03447
-1.90754 0.15001 -2.35527
-2.83534 0.15001 -2.56773
-2.60536 0.15001 -1.954
-2.43697 0.15001 -1.47358
-2.63585 0.15001 -1.56623
-2.65812 0.15001 1.37369
-2.63826 0.15001 1.95597
-2.67262 0.15001 2.62488
-1.64126 0.15001 -2.51371
-2.00027 0.15001 -2.5247
-2.3033 0.15001 -2.60105
-2.46924 0.15001 -2.48183
-2.44247 0.15001 -1.85842
-2.0789 0.15001 -1.88558
-2.48223 0.15001 -1.66714
-2.53339 0.15001 -0.641301
-2.79295 0.15001 0.573379
-2.38115 0.15001 2.34219
-2.17832 0.15001 -2.84999
-1.82032 0.15001 -2.51862
-1.73446 0.15001 -2.68274
-2.7857 0.15001 -2.39604
-2.77375 0.15001 -2.04589
-2.25917 0.15001 -1.83388
-2.38036 0.15001 -0.134217
-2.84075 0.15001 -0.27431
-2.77871 0.15001 1.59942
-2.84841 0.15001 2.53973
-1.21839 0.15001 -1.78997
-1.2835 0.15001 -1.95263
-1.46391 0.15001 -2.18544
-2.59827 0.15001 -2.34155
-2.43938 0.15001 -2.24251
-2.59876 0.15001 -1.04438
-2.38395 0.15001 -1.14978
-2.67364 0.15001 -1.37451
-2.39907 0.15001 0.668123
-2.46639 0.15001 1.43779
-1.14375 0.15001 -2.22863
-2.34855 0.15001 -2.79098
-2.70847 0.15001 -2.84999
-2.59571 0.15001 -2.14188
-1.84288 0.15001 -2.16128
-2.06403 0.15001 -1.54385
-2.23661 0.15001 -1.46831
-1.37089 0.15001 -0.111457
-2.64327 0.15001 -0.123727
-2.52463 0.15001 0.815581
-1.37337 0.15001 -2.68846
-0.380378 0.15001 1.14016
-0.484036 0.15001 1.38546
-0.443563 0.241756 1.59603
-0.516869 0.291598 1.80461
-0.713745 0.15001 1.8526
-1.13272 0.15001 1.29583
-0.483172 0.199209 2.35104
-0.465874 0.251142 2.54124
-0.596092 0.224525 2.68167
-1.64304 0.15001 -2.84999
-0.527773 0.258332 1.05951
-0.856684 0.15001 -0.903728
-0.606534 0.342023 1.48695
-0.634441 0.232078 1.663
-1.89953 0.15001 0.162252
-0.652932 0.223944 2.24195
-0.642183 0.256617 2.44073
-0.677833 0.388504 2.57881
-0.51764 0.15001 2.84999
-1.09833 0.15001 -2.84999
-0.553792 0.302412 1.24982
-0.529011 0.501299 1.33015
-0.417862 0.421601 1.47808
-0.494986 0.421688 1.66273
-0.56528 0.472885 1.85093
-1.94935 0.15001 0.67682
-0.465014 0.459384 2.30409
-0.503754 0.43742 2.50014
-0.62176 0.35535 2.84999
-1.46364 0.15001 -2.84999
-0.719472 0.15001 -2.45865
-1.90774 0.15001 -1.95143
-0.568903 0.552231 1.53183
-0.690539 0.448059 1.68888
-0.593211 0.389351 2.02435
-0.639267 0.43951 2.2032
-0.675194 0.457532 2.39216
-0.803832 0.250711 2.54408
-0.505751 0.520331 2.84999
-0.880827 0.15001 -1.77476
-0.45766 0.430284 1.10582
-0.501523 0.710319 1.34958
-0.470493 0.759156 1.60919
-0.545469 0.63241 1.74138
-0.442922 0.620953 1.93582
-0.4692 0.543274 2.11912
-0.432262 0.653334 2.34775
-0.449074 0.611575 2.59875
-0.777578 0.265393 2.74291
-0.978887 0.15001 -2.15267
-1.2345 0.15001 -1.27551
-2.43032 0.15001 -2.05121
-0.636736 0.741136 1.49981
-2.30353 0.15001 -1.64446
-0.625243 0.639487 2.02622
-0.611306 0.629705 2.2602
-0.600598 0.622184 2.46764
-2.20775 0.15001 0.718234
-2.14268 0.15001 2.83999
-0.965927 0.15001 -1.47467
-1.28158 0.15001 -2.53007
-0.396897 0.596109 1.20094
-0.415318 0.892662 1.46625
-2.50442 0.15001 -1.30425
-0.373052 0.800034 2.0309
-0.509278 0.753815 2.15153
-0.369444 0.844647 2.32695
-0.659529 0.510899 2.72449
-2.63515 0.15001 2.84988
-1.46024 0.15001 -2.51785
-1.49235 0.15001 -1.66889
-1.72823 0.15001 -2.00177
-1.87908 0.15001 -1.5572
-2.13076 0.15001 -1.71181
-0.554998 0.863769 1.98349
-0.574344 0.845567 2.31092
-2.34124 0.15001 -0.48127
-0.920827 0.15001 1.28249
-2.56771 0.15001 2.42316
-1.2919 0.15001 -2.13098
-1.16117 0.15001 -1.46181
-2.21936 0.15001 -2.00975
-1.78294 0.15001 -1.82418
-2.24512 0.15001 -2.19643
-2.04593 0.15001 -2.07596
-0.426893 0.949726 2.15284
-2.0742 0.15001 1.09624
-1.98311 0.15001 1.45329
-2.02343 0.15001 2.50715
-0.916648 0.15001 -1.97396
-1.41229 0.15001 -1.1497
-2.29942 0.15001 -1.30399
-1.69885 0.15001 -1.66822
-1.74167 0.15001 -0.193805
-0.967992 0.15001 -0.0182639
-2.04651 0.15001 -0.448197
-1.82788 0.15001 2.47362
-1.93771 0.15001 1.21782
-2.15693 0.15001 1.80547
-0.633528 0.15001 -1.53532
-0.225498 0.15001 0.969018
-0.230964 0.226989 1.2582
-0.301197 0.26225 1.45142
-0.320777 0.15001 1.70537
-0.362344 0.223157 1.88342
-0.343011 0.226079 2.07778
-0.309907 0.185508 2.28636
-0.29039 0.184611 2.52256
-0.373549 0.165825 2.70409
-1.28172 0.15001 -2.84999
-0.427635 0.15001 0.930334
-0.368631 0.37003 1.28945
-0.296849 0.390691 1.63101
-0.411135 0.407269 1.96468
-0.526011 0.20255 1.99644
-0.486164 0.306385 2.17792
-0.331068 0.342627 2.39264
-0.485954 0.380228 2.70727
-0.171119 0.179717 2.84999
-0.508689 0.15001 -0.697845
-0.258253 0.421744 1.10245
-0.187047 0.43835 1.2844
-0.203813 0.481667 1.48142
-0.185523 0.547742 1.65482
-0.230908 0.402161 1.91289
-0.324272 0.409646 2.14728
-0.173536 0.364393 2.26674
-0.190037 0.37959 2.52038
-0.3448 0.293793 2.84999
-1.55411 0.15001 -2.68263
-0.177268 0.510916 0.93904
-0.347054 0.588602 1.39627
-0.359684 0.588795 1.59814
-0.372374 0.502269 1.78614
-0.274806 0.554467 2.03122
-0.280592 0.530071 2.28845
-0.335579 0.51971 2.46582
-0.337821 0.461715 2.64007
-0.162591 0.36738 2.84999
-0.600742 0.15001 -2.84953
-1.27709 0.15001 -1.60954
-0.203698 0.588645 1.1789
-0.162138 0.639701 1.37125
-0.190305 0.76256 1.73172
-0.203911 0.570136 1.83401
-0.330068 0.678073 2.17779
-0.253585 0.683482 2.42993
-0.16562 0.565405 2.54994
-0.322376 0.481848 2.84999
-0.843065 0.15001 -2.59538
-0.099548 0.684919 1.01201
-0.315425 0.778177 1.3249
-0.280949 0.776704 1.55413
-0.374879 0.725055 1.78135
-0.15365 0.70929 2.09253
-0.166733 0.695937 2.27614
-0.507455 0.790029 2.4842
-0.284321 0.676144 2.69794
-0.230262 0.811096 2.84999
-1.18715 0.15001 -2.68903
-0.444024 0.414569 0.891306
-0.270235 0.771055 1.07737
-0.137428 0.855484 1.414
-0.177559 0.963546 1.74482
-0.331729 0.907515 1.86555
-0.236542 0.887255 2.17677
-0.182578 0.882446 2.37795
-0.150877 0.741724 2.58986
-1.99613 0.15001 2.68919
-0.998232 0.15001 -2.50784
-0.799287 0.15001 -2.11521
-0.292857 1.00346 1.34476
-0.386015 0.931066 1.67496
-0.254172 0.706104 1.93115
-0.270465 1.01486 2.02432
-0.106985 1.06272 2.2716
-2.22696 0.15001 0.337067
-0.604068 0.698146 2.67599
-0.38101 0.677123 2.84999
-0.69616 0.15001 -1.72602
-1.33287 0.15001 -1.42722
-0.445769 0.15001 -2.02272
-0.255337 1.02528 1.54908
-0.193899 1.1642 1.7333
0.0546964 0.15001 -0.261325
-1.14044 0.15001 0.488761
-1.52643 0.15001 1.391
-0.449475 0.870114 2.68714
-1.69899 0.15001 2.75632
-1.0523 0.15001 -1.85724
-0.912915 0.15001 -2.84792
-0.737526 0.15001 0.511441
-1.1274 0.15001 -0.848959
-1.42751 0.15001 1.053
-0.896061 0.15001 1.88903
-0.782974 0.15001 2.11098
-1.62299 0.15001 1.55225
-1.94452 0.15001 2.07663
-1.59568 0.15001 2.43582
-0.768883 0.15001 -1.42154
0.0833166 0.28664 1.07291
-0.028948 0.248317 1.23684
-0.175542 0.196859 1.58506
-0.105864 0.15001 1.80484
-0.206526 0.15001 1.96468
-0.181388 0.167727 2.16044
-0.0230833 0.232602 2.24995
-0.111179 0.16039 2.57615
-0.0429695 0.270837 2.71574
-0.418909 0.15001 -2.84999
-0.0615938 0.296443 0.74233
-0.13014 0.275227 1.07518
-0.115088 0.329042 1.41251
-0.00115438 0.15001 1.65187
-0.150931 0.359689 2.07849
0.12641 0.15001 2.16128
-0.150217 0.22917 2.39753
-0.231818 0.301433 2.68793
0.0196762 0.15001 2.84999
-1.00156 0.15001 -2.69244
-0.00177914 0.441322 0.996007
0.122173 0.356948 1.30223
-0.0876824 0.365036 1.61095
-0.217845 0.280783 1.76772
-0.0655942 0.268013 1.93481
0.0340586 0.412253 2.1046
0.0145295 0.417011 2.29306
-0.00369386 0.350868 2.47732
0.072905 0.33231 2.84999
-0.461714 0.15001 -0.491558
0.0217488 0.464349 0.801687
-0.00569916 0.450712 1.18766
-0.0171754 0.493029 1.37156
0.139123 0.282009 1.63009
-0.0756029 0.531364 1.97518
0.179074 0.504582 2.20996
-0.117696 0.511964 2.38417
-0.0242941 0.439509 2.64527
0.25286 0.36638 2.84999
-0.632596 0.15001 -2.63493
0.0760435 0.629683 1.07994
-0.00327592 0.189774 1.48633
-0.0205561 0.527458 1.54639
-0.0918893 0.43081 1.79333
0.204374 0.459057 2.02125
-0.130892 0.530136 2.16553
-0.000624206 0.612371 2.27676
0.0304297 0.566397 2.50815
-0.0293712 0.481475 2.84999
-1.54441 0.15001 -2.35248
0.158446 0.560334 0.918444
-0.00736833 0.638392 1.2478
0.0354332 0.723223 1.41281
0.0477188 0.559581 1.81472
0.105384 0.672769 1.93648
0.039524 0.616701 2.09988
-0.0317116 0.734923 2.41824
-0.181534 0.496967 2.71504
0.235997 0.542921 2.84999
-0.818268 0.15001 -1.59014
0.0985979 0.861197 1.07833
0.172264 0.764164 1.23241
-0.110718 0.700669 1.5362
0.0272952 0.881116 1.8434
-0.0234462 0.809556 2.00819
-0.0600168 0.841686 2.23253
0.124078 0.795843 2.3131
-0.0429318 0.615721 2.69144
-0.197034 0.601578 2.84999
-0.738254 0.15001 -1.90959
0.0801757 0.748228 0.912111
0.00821889 0.864977 1.2593
0.0810264 0.963811 1.41343
0.248175 0.87312 1.61574
-0.0686877 0.702441 1.86844
0.207518 0.963592 2.36687
0.0153066 0.952058 2.37467
-0.20128 0.929677 2.69661
0.378259 0.653222 2.84999
-1.033 0.15001 -1.01711
-0.741052 0.15001 -1.04118
0.219137 0.986276 1.25453
-0.146926 0.753823 1.22086
0.0726139 0.767097 1.63038
0.102155 1.03722 1.98059
-0.0725048 0.991813 2.08298
0.14852 1.14561 2.43726
0.0744283 1.01502 2.57323
-1.34547 0.15001 2.57237
-1.07177 0.15001 -1.63923
-1.59841 0.15001 -1.84079
-0.175795 0.15001 -2.64864
0.129627 0.515278 1.64038
0.0705349 0.388284 1.74083
0.0839451 0.792997 2.14303
-0.0528612 0.8771 2.53686
-0.347507 0.761185 2.55807
-1.08209 0.216618 2.84982
-1.26736 0.15001 2.76832
-0.361379 0.15001 -2.66832
0.292789 0.280282 1.04359
0.279007 0.15001 1.33428
0.184959 0.15001 1.54611
0.0962261 0.15001 1.9391
0.37168 0.15001 1.87667
0.313084 0.150702 2.19215
0.162256 0.28453 2.28803
0.177713 0.256345 2.47486
0.257829 0.15001 2.60939
-0.51692 0.15001 -2.21462
-0.0211926 0.226016 0.915337
0.170275 0.157255 1.17683
0.0928983 0.15001 1.34722
0.200056 0.15001 1.76089
0.256346 0.15001 2.02132
0.490846 0.219367 2.19943
0.0273858 0.151807 2.42211
0.0724911 0.151284 2.61601
0.202935 0.181801 2.84999
-0.275572 0.15001 -2.08599
0.181272 0.20887 0.90217
0.430184 0.255858 1.30212
0.358096 0.15001 1.50546
0.0498846 0.228958 1.7957
0.23188 0.275964 1.88996
-0.0298485 0.15001 2.06769
0.363225 0.298716 2.30385
0.392199 0.277982 2.6432
0.173923 0.294771 2.69678
-0.0677635 0.15001 -2.84999
0.21048 0.314327 0.732678
0.295688 0.360452 1.21911
-0.126544 0.15001 1.37483
0.324541 0.301416 1.61205
0.0678728 0.409302 1.91603
0.223947 0.311838 2.11637
0.174123 0.438555 2.38895
0.152081 0.420785 2.56644
0.419509 0.304098 2.84999
-0.159685 0.15001 -1.87871
0.177517 0.458951 1.09682
0.32005 0.480481 1.37009
0.231045 0.2874 1.44202
0.22302 0.51538 1.81412
0.364345 0.446401 1.93807
0.359091 0.536992 2.12122
0.33075 0.536643 2.37346
0.210781 0.63898 2.53763
0.301522 0.449379 2.68486
-0.893005 0.15001 -2.32456
0.29937 0.426659 0.890069
0.167549 0.563555 1.27188
0.479805 0.297235 1.50791
0.336342 0.692729 1.67615
0.384828 0.726658 2.11143
0.285103 0.66482 2.25006
0.15213 0.622104 2.3698
0.132422 0.549415 2.69078
0.412863 0.482004 2.84999
-0.521055 0.15001 -1.69095
0.269671 0.648894 1.10867
0.339544 0.681857 1.29666
0.300682 0.498164 1.61579
0.186973 0.763148 1.77679
0.286274 0.657444 1.92017
0.211155 0.697563 2.08515
0.283542 0.763852 2.41043
0.373408 0.785043 2.58066
0.296234 0.644609 2.6932
-0.339175 0.15001 -2.29489
0.340103 0.646624 0.920963
0.328611 0.852037 1.12649
0.234561 0.617598 1.46576
0.407727 0.911357 1.72478
0.181192 0.848825 1.96538
0.312372 0.855078 2.24017
0.125387 0.828004 2.49848
0.198536 0.802359 2.66778
0.554801 0.638331 2.84999
-0.623731 0.15001 -2.0586
-0.454983 0.15001 -1.49904
0.408334 0.903945 1.30841
0.310011 1.08097 1.65437
0.157389 0.992289 1.75359
0.381129 0.811274 1.95236
0.366061 0.973986 2.07059
0.3573 1.09971 2.36618
0.272261 1.00075 2.54841
0.161929 1.01631 2.75162
-0.698812 0.15001 -2.27154
0.412064 0.15001 -1.90302
-0.684638 0.15001 -0.846019
0.207355 0.78712 1.41339
-0.0385177 0.633603 1.68932
0.297659 0.942229 1.86463
0.181779 0.948934 2.15035
-0.0650683 0.716367 2.84999
0.0214517 0.776584 2.68435
0.212231 0.730069 2.84999
0.1933 0.15001 -2.67868
0.383069 0.251153 0.858388
0.365895 0.15001 1.16859
0.512814 0.15001 1.41633
0.367299 0.15001 1.69422
0.600146 0.160751 1.94918
0.644648 0.15001 2.12385
0.525922 0.15001 2.35781
0.415935 0.150101 2.51178
0.518559 0.15001 2.67347
0.596592 0.15001 -2.68825
0.616713 0.2262 0.920093
0.581311 0.15001 1.25065
0.522847 0.15001 1.59975
0.540165 0.15001 1.78073
0.440467 0.15001 2.04386
0.669929 0.259289 2.26986
0.296084 0.15001 2.37516
0.684228 0.15001 2.7588
0.835725 0.167686 2.84999
-0.759573 0.15001 -2.75799
0.404744 0.393138 0.717874
0.453747 0.15001 1.0007
0.640295 0.276164 1.37766
0.430533 0.297769 1.78413
0.710489 0.436151 1.92695
0.408304 0.352023 2.09581
0.48529 0.42505 2.40518
0.600227 0.154085 2.52102
0.35761 0.15001 2.76684
0.112796 0.15001 -2.84999
0.613136 0.404032 0.834851
0.519949 0.264212 1.12335
0.472308 0.447412 1.63764
0.586814 0.433923 1.78617
0.528978 0.347237 1.94434
0.53666 0.394491 2.22987
0.328017 0.371963 2.49003
0.625919 0.293479 2.65194
0.5172 0.15001 2.84999
-0.391723 0.15001 -2.48142
0.371725 0.462941 1.06449
0.599131 0.589529 1.28512
0.593409 0.29537 1.66451
0.402826 0.556631 1.79482
0.548869 0.498451 2.06342
0.484087 0.570703 2.26733
0.636529 0.596156 2.38759
0.585576 0.50561 2.5402
0.496138 0.445217 2.6897
0.396296 0.15001 -2.62754
0.524081 0.523149 0.961523
0.43896 0.52764 1.22503
0.514971 0.46449 1.43819
0.56379 0.60589 1.72007
0.460273 0.632937 1.96966
0.576273 0.677656 2.13006
0.45329 0.679655 2.43574
0.391884 0.544587 2.55002
0.608466 0.473106 2.84999
-0.543306 0.15001 -2.39316
0.468539 0.577027 0.780726
0.549257 0.810729 1.19752
0.480645 0.624642 1.55739
0.475116 0.747079 1.80057
0.601243 0.770877 1.95132
0.476178 0.755409 2.2711
0.636177 0.776944 2.3781
0.595881 0.713205 2.54907
0.481684 0.647859 2.6786
0.151928 0.15001 -2.49781
0.460555 0.689007 1.07368
0.51116 0.735365 1.37485
0.368037 0.754818 1.49838
0.559328 0.835386 1.63495
0.649608 0.959034 1.76812
0.513083 0.8524 2.09573
0.397176 0.911086 2.43027
0.458602 0.806383 2.79045
0.827884 0.480842 2.84999
-0.241816 0.15001 -2.8209
-0.164822 0.15001 -1.4532
-0.323644 0.15001 -1.62062
0.581735 0.91841 1.41963
0.470379 1.09857 1.79504
0.513592 0.912564 1.8841
0.580358 0.934829 2.43399
0.899691 0.847225 2.5732
0.508802 0.925917 2.61034
0.537579 0.971299 2.84999
-0.548864 0.15001 -1.86933
0.411441 0.15001 -2.11006
-0.90068 0.15001 -1.14987
0.741341 0.15001 -1.20208
0.425866 0.918645 1.52986
0.694871 0.693519 1.60048
0.48644 0.933828 2.26191
0.326506 0.908097 2.73187
0.0774866 0.613008 2.84999
0.737447 0.626217 2.84999
0.326619 0.15001 -2.44597
0.670961 0.155147 1.08657
0.748954 0.249453 1.23055
0.677319 0.15001 1.50009
0.708862 0.15001 1.6894
0.693765 0.272202 1.83083
0.82819 0.162269 2.17147
0.871364 0.245277 2.34557
0.76365 0.187701 2.5884
0.921965 0.159555 2.67599
0.888106 0.15001 -2.84803
-0.207401 0.15001 -2.44731
0.859626 0.196068 1.09286
1.00269 0.15001 1.37156
0.873713 0.203503 1.78442
0.775497 0.235903 1.99655
1.00964 0.154277 2.2567
0.730765 0.15001 2.40448
1.00367 0.382012 2.68186
1.01324 0.150829 2.84999
0.53583 0.231143 0.73001
0.679862 0.385663 1.03091
0.663169 0.414821 1.2265
0.797496 0.15001 1.36035
0.774116 0.399974 1.722
0.888916 0.382946 1.86539
0.668156 0.354486 2.09707
0.807291 0.382129 2.231
0.76709 0.447832 2.53566
0.93531 0.337898 2.84999
0.076814 0.15001 -2.12569
0.73518 0.230703 0.763278
0.851977 0.410513 1.12402
0.73265 0.447023 1.44391
0.966032 0.542718 1.77012
0.72868 0.602277 2.04871
0.84679 0.56092 2.18633
0.676658 0.410094 2.37821
0.95128 0.505901 2.54775
0.817396 0.349642 2.68264
0.504803 0.15001 -2.84957
0.63199 0.584357 1.10299
0.777075 0.574051 1.23734
0.686135 0.515813 1.61605
0.775113 0.581381 1.78641
0.888482 0.58095 1.94519
0.667857 0.526354 2.21616
0.83105 0.593659 2.37282
0.662306 0.580995 2.69266
0.594915 0.299691 2.84999
0.316198 0.15001 -2.83204
0.762495 0.534769 0.920948
0.71929 0.761906 1.11005
0.703009 0.773942 1.32894
0.962291 0.732178 1.83689
0.62292 0.596298 1.89555
0.742618 0.711223 2.24243
0.765172 0.640157 2.53697
0.807442 0.741099 2.69061
0.855624 0.559952 2.68926
0.731685 0.412121 0.671312
0.790102 0.741005 0.923095
0.897163 0.800216 1.36781
0.875524 0.703106 1.66114
0.668075 0.752769 1.77458
0.788016 0.744961 1.92557
0.717325 0.817951 2.08996
0.832254 0.807866 2.39428
0.987469 0.891626 2.7393
0.75748 0.332155 2.84999
-0.0885265 0.15001 -2.06527
-0.146772 0.15001 -2.26698
0.694314 0.951644 1.21706
0.771036 0.97736 1.41377
0.94321 0.433414 1.46284
0.761706 0.968092 1.93756
0.677837 0.919997 2.25678
0.706648 0.878305 2.55884
0.624078 0.793193 2.71471
0.920744 0.744251 2.84999
0.00114615 0.15001 -2.68378
0.059147 0.15001 -2.32219
0.893209 0.704676 1.19308
0.758947 0.287905 1.57803
0.638539 0.59658 1.45756
0.829712 0.842546 1.76732
0.81446 1.06182 2.14576
0.811894 1.01789 2.3657
0.861422 1.05257 2.76631
2.17585 0.15001 2.26134
-0.0315453 0.15001 -2.50218
-0.555567 0.15001 -1.35041
-0.615498 0.15001 -0.00699662
0.441296 0.15001 0.108027
0.891293 0.257222 1.45848
1.06311 0.72722 1.99709
0.635416 0.981571 2.07489
1.03601 0.834237 2.26187
0.738869 0.809051 2.84999
1.25581 0.443032 2.84999
0.236914 0.15001 -2.27818
0.856469 0.15001 0.89653
0.958151 0.280419 1.24084
1.06254 0.180628 1.61581
0.876588 0.15001 1.597
1.06796 0.186541 1.80755
0.965242 0.285205 2.11644
1.01309 0.154713 2.45364
0.911246 0.298149 2.52961
1.10212 0.21545 2.69079
0.69361 0.15001 -2.84981
0.637822 0.15001 -1.89569
1.18118 0.165677 1.43384
1.24753 0.15001 1.66992
1.25641 0.207466 1.85674
0.940415 0.151508 1.96345
1.17575 0.166138 2.16843
1.11262 0.418578 2.51973
1.29885 0.184904 2.68076
1.19037 0.15001 2.84999
0.505961 0.15001 -2.44105
1.041 0.248797 1.06035
0.850769 0.41619 1.30917
1.06564 0.304088 1.46853
0.956785 0.351835 1.66369
1.03121 0.410902 1.98811
0.993385 0.446209 2.22584
1.09885 0.340682 2.34504
0.907421 0.42333 2.38943
1.11279 0.325794 2.84999
0.687357 0.15001 -2.51599
1.00502 0.277608 0.862526
1.1909 0.542201 1.43756
1.10966 0.513984 1.63886
1.08917 0.388706 1.79876
0.848912 0.425649 2.05175
1.14567 0.352786 2.15172
1.05379 0.568547 2.40483
1.12852 0.521793 2.68739
0.987105 0.545032 2.84999
1.05988 0.15001 -2.5608
0.968874 0.433756 0.973377
1.0568 0.445944 1.2848
0.950039 0.597035 1.33776
0.876651 0.522291 1.60988
1.0816 0.572186 1.91066
1.0104 0.580196 2.09722
0.968254 0.66994 2.27064
0.952501 0.686358 2.52173
1.46669 0.204055 2.84999
0.907478 0.280396 0.692796
1.14574 0.488869 0.902836
1.12103 0.753421 1.3886
1.22193 0.701488 1.55567
1.2194 0.564791 1.79007
0.885106 0.728144 2.09318
1.15649 0.552669 2.25009
1.23668 0.648567 2.4028
1.14992 0.668601 2.57065
1.32297 0.631947 2.84999
0.644589 0.15001 -2.32749
0.908372 0.461327 0.783874
0.89344 0.589351 1.05312
0.833117 0.651366 1.47562
1.10368 0.705413 1.71151
1.28674 0.768733 1.84561
0.860236 0.881837 2.2096
1.09122 0.776017 2.42926
1.02238 0.682595 2.7089
2.54012 0.15001 1.76686
1.52276 0.15001 -2.42612
0.974228 0.804391 1.01239
1.07586 0.677568 1.20986
1.12924 0.939754 1.58083
1.11401 0.878718 1.82495
1.25345 0.646385 1.98594
1.14535 0.72381 2.16281
1.22845 0.837025 2.30203
1.1338 0.878869 2.60525
1.30886 0.273019 2.84999
-2.0354 0.15001 -0.764359
0.995734 0.63699 0.89269
1.07979 0.882717 1.22104
1.00538 0.957848 1.41025
0.0881087 0.15001 -1.22314
1.8368 0.15001 1.96491
1.10301 0.950917 2.1203
1.01358 0.955496 2.45438
1.97794 0.15001 1.68102
2.25672 0.15001 2.58457
-0.160805 0.15001 -1.6759
1.93438 0.15001 -2.45401
0.0477349 0.15001 -1.91762
0.240027 0.15001 -2.03353
1.40031 0.544668 2.07777
0.66817 0.15001 -0.690742
1.67316 0.15001 0.627125
1.1685 0.15001 -0.463434
1.95638 0.15001 2.14494
1.82875 0.15001 2.61747
2.0689 0.15001 -2.8496
0.933827 0.15001 -0.36763
1.94001 0.15001 1.03832
1.33912 0.231339 1.51882
1.09567 0.15001 -1.88267
1.29865 0.22608 2.03745
1.08327 0.15001 -1.5356
2.03018 0.15001 -1.18576
1.17467 0.239873 2.52303
2.45365 0.15001 0.663692
2.84999 0.15001 -2.84999
1.75975 0.15001 -2.34775
1.29209 0.285669 1.10574
0.124155 0.15001 -1.44936
1.52014 0.257513 1.5859
1.49135 0.227078 2.05943
1.58678 0.242257 2.23265
1.22451 0.184203 2.35225
1.8066 0.15001 2.33668
2.28826 0.15001 2.82187
1.27768 0.15001 -2.62775
1.14614 0.230296 1.23257
1.32639 0.177148 1.30856
1.19494 0.34619 1.5882
1.41489 0.236021 1.74793
1.1122 0.228192 1.993
1.36859 0.214869 2.22299
1.46409 0.302499 2.37072
1.35978 0.286865 2.52752
1.46094 0.327707 2.69566
0.612383 0.15001 -2.1385
2.61686 0.15001 -2.84999
1.47067 0.289278 1.20936
1.5969 0.15001 -2.23881
1.47315 0.474339 1.7556
1.40976 0.35549 1.91402
1.66072 0.340403 2.05777
1.28443 0.398826 2.28658
1.55848 0.229928 2.54776
1.70655 0.15001 2.8496
1.20261 0.304036 0.827347
1.13287 0.423011 1.10193
1.24263 0.36085 1.36977
1.31775 0.499162 1.58916
1.28536 0.385087 1.75174
1.22192 0.389342 1.93686
1.35378 0.380854 2.11193
1.29273 0.469647 2.4656
1.29238 0.424755 2.65928
2.50689 0.15001 1.59057
1.26017 0.15001 -2.81937
1.61484 0.15001 -1.65424
1.37678 0.468889 1.16315
1.54045 0.438359 1.3359
1.63371 0.363924 1.72339
1.55088 0.48903 1.96637
1.34854 0.602749 2.25737
1.47497 0.498476 2.36002
1.48127 0.457292 2.54849
2.18468 0.15001 2.06957
1.08037 0.15001 -2.84999
1.1637 0.63139 1.04359
1.21961 0.553633 1.2415
1.42803 0.687776 1.52359
1.37126 0.65035 1.7086
1.37861 0.55442 1.8932
1.18351 0.511034 2.07225
1.43744 0.696742 2.41486
1.45207 0.55202 2.72465
1.96358 0.15001 2.84447
2.32711 0.15001 -2.84999
1.7777 0.15001 -2.56771
1.4355 0.644485 1.27401
0.275863 0.15001 -0.925379
1.48722 0.750919 1.84433
1.54567 0.665814 2.07902
2.57176 0.15001 0.513778
1.29072 0.825326 2.49234
1.34093 0.637676 2.58459
1.23015 0.757644 2.73179
0.795251 0.15001 -2.6811
1.45134 0.15001 -2.08139
1.25636 0.758541 1.21689
1.67643 0.15001 1.34323
1.28371 0.857137 1.67563
1.40459 0.874079 1.9982
1.39433 0.807907 2.20138
2.02511 0.15001 1.91956
2.27614 0.15001 1.54315
2.57796 0.15001 2.38027
0.812288 0.15001 -2.24974
-0.359315 0.15001 -1.80375
1.77244 0.15001 -2.08691
0.203755 0.15001 -1.81401
-0.099076 0.15001 -0.989943
2.08599 0.15001 1.31021
1.9047 0.15001 -0.89864
1.24184 0.15001 -1.07503
2.03677 0.15001 2.40784
2.30518 0.15001 1.26799
1.88138 0.15001 -2.84296
1.4489 0.15001 -2.82359
1.92831 0.15001 -2.19068
2.4946 0.15001 -2.39686
0.54567 0.15001 -1.72089
0.975845 0.15001 -2.00886
1.04595 0.15001 -1.1232
2.36716 0.15001 -1.0513
2.47592 0.15001 -0.20869
2.78441 0.15001 1.46883
2.84265 0.15001 -2.67395
2.84999 0.15001 -2.10745
2.43714 0.15001 -2.19318
2.84999 0.15001 -1.43747
2.84999 0.15001 -1.24181
2.56286 0.15001 -1.52266
2.83102 0.15001 -0.854827
2.84628 0.15001 0.264649
2.84975 0.15001 1.6526
2.60069 0.15001 2.84566
1.72564 0.15001 -2.73961
2.13332 0.15001 -2.4845
2.6867 0.15001 -1.98541
2.82884 0.15001 -1.87056
1.70889 0.15001 -1.89439
1.46621 0.15001 -1.24531
1.6493 0.15001 -1.14494
2.83488 0.15001 -1.05781
2.43151 0.15001 -0.411314
2.79793 0.15001 2.63381
2.84999 0.15001 -2.29684
2.34461 0.15001 -2.531
2.84999 0.15001 -1.64941
2.59973 0.15001 -1.73122
2.26285 0.15001 -1.39775
2.46637 0.15001 -1.93435
2.63738 0.15001 -0.678952
1.61481 0.15001 -0.612727
2.80061 0.15001 0.553688
2.61798 0.15001 -0.341831
0.877393 0.15001 -2.45632
2.48265 0.15001 -2.66637
2.65917 0.15001 -2.53977
2.3825 0.15001 -1.74425
1.9933 0.15001 -1.92222
1.56965 0.242738 1.8761
2.54186 0.15001 -0.829084
2.84691 0.15001 -0.6689
2.84579 0.15001 -0.431022
2.84971 0.15001 2.0888
1.9443 0.15001 -2.67458
1.4743 0.15001 -2.61482
1.66183 0.336959 1.47082
1.52274 0.487627 1.56338
1.42714 0.15001 -1.62358
1.16264 0.15001 -1.33216
1.53788 0.457509 2.17664
2.64397 0.15001 2.0489
2.84757 0.15001 0.864717
2.80519 0.15001 2.84679
1.33094 0.15001 -2.45245
1.32528 0.15001 -2.23072
2.65418 0.15001 -2.19081
2.37728 0.15001 -1.53159
2.22646 0.15001 -1.86754
0.899431 0.15001 -1.59355
1.73916 0.15001 -1.39531
0.796111 0.15001 -0.514879
2.25657 0.15001 -0.0953915
1.62329 0.446213 2.7123
2.84999 0.15001 -2.48478
2.19498 0.15001 -2.05311
2.13915 0.15001 -2.22495
0.680984 0.15001 -1.56242
0.43361 0.15001 -1.45448
0.814093 0.15001 -1.92719
1.84855 0.15001 -1.25134
2.51656 0.15001 -1.14706
2.54016 0.15001 1.09153
2.38129 0.15001 2.24097
1.04431 0.15001 -2.31493
-0.345414 0.15001 -1.13873
1.2234 0.15001 -2.02296
1.29377 0.15001 -1.76946
-0.311297 0.15001 -0.957129
0.677667 0.15001 -1.38067
0.854209 0.15001 -1.37729
2.35823 0.15001 -0.865312
2.17628 0.15001 -0.99204
1.27268 0.15001 -0.87862
2.22235 0.15001 -2.70502
2.29086 0.15001 -2.34569
1.87454 0.15001 -1.7712
0.346012 0.15001 -1.6409
0.0499297 0.15001 -1.69398
1.74387 0.15001 1.0585
1.08315 0.15001 -0.829641
1.55946 0.15001 -0.269012
2.31406 0.15001 1.73624
2.30723 0.15001 1.92849
