1000 0.1
-2.49352 0.15001 -2.35405
-2.67361 0.15001 -2.35328
-2.39526 0.15001 -2.11122
-2.20378 0.15001 -2.11166
-2.31629 0.15001 -0.519705
-0.768236 0.15001 1.58621
-2.60774 0.15001 0.682318
-2.68706 0.15001 1.47834
-2.04488 0.15001 0.64065
-2.18907 0.15001 1.98081
-2.52643 0.15001 -2.76592
-2.83518 0.15001 -2.03124
-2.84942 0.15001 -1.68017
-2.56771 0.15001 -1.43358
-2.84737 0.15001 -0.587443
-2.84502 0.15001 -0.00510759
-2.81042 0.15001 0.606565
-2.76402 0.15001 0.832085
-2.82351 0.15001 2.17382
-2.15922 0.15001 2.84998
-2.69612 0.15001 -2.84016
-2.84999 0.15001 -1.84919
-2.61418 0.15001 -1.7525
-1.70958 0.15001 -0.165911
-2.83116 0.15001 -1.13366
-2.2499 0.15001 0.556001
-1.7045 0.15001 0.674605
-1.63663 0.15001 1.44353
-2.66663 0.15001 2.58642
-2.83882 0.15001 2.46252
-2.66822 0.15001 -2.65225
-2.69404 0.15001 -1.90246
-2.68333 0.15001 -1.58137
-2.81081 0.15001 -0.232138
-2.67086 0.15001 0.156055
-2.73414 0.15001 -0.431933
-2.84393 0.15001 0.403881
-2.79766 0.15001 1.30887
-2.84854 0.15001 1.77796
-2.32372 0.15001 2.30355
-1.84538 0.15001 -2.50664
-1.52176 0.15001 -2.00717
-1.40413 0.15001 0.476306
-2.02616 0.15001 -1.7216
-2.21615 0.15001 -1.78987
-0.753744 0.27546 1.97256
-2.63768 0.15001 0.403885
-2.54513 0.15001 0.974111
-2.41732 0.15001 1.44083
-2.65151 0.15001 2.84967
-2.83895 0.15001 -2.71788
-2.06691 0.15001 -2.23176
-2.42209 0.15001 -1.782
-2.84999 0.15001 -1.50651
-2.82828 0.15001 -0.7613
-2.45205 0.15001 -0.104456
-2.65007 0.15001 -0.083521
-2.64094 0.15001 1.93704
-2.70177 0.15001 2.31679
-2.48757 0.15001 2.68875
-2.34799 0.15001 -2.44642
-2.55421 0.15001 -2.19826
-2.63764 0.15001 -2.05552
-2.49533 0.15001 -1.94916
-2.65797 0.15001 -0.633408
-2.46609 0.15001 -0.644018
-2.32357 0.15001 -0.294343
-2.43045 0.15001 0.771401
-2.53251 0.15001 1.61137
-2.49635 0.15001 2.45504
-2.7982 0.15001 -2.51507
-2.57763 0.15001 -2.50372
-2.43459 0.15001 -2.60939
-2.84587 0.15001 -1.32521
-2.84996 0.15001 -0.950188
-2.52552 0.15001 -0.464126
-2.38223 0.15001 1.08283
-2.57179 0.15001 1.32629
-2.43408 0.15001 2.11564
-2.84999 0.15001 2.68485
-1.84584 0.15001 -2.21561
-2.0345 0.15001 -1.90415
-2.29955 0.15001 -1.95353
-2.67602 0.15001 -1.25832
-2.53282 0.15001 -1.10959
-2.28015 0.15001 0.278286
-2.47958 0.15001 0.528375
-2.45808 0.15001 0.166472
-2.28403 0.15001 1.57802
-2.12329 0.15001 2.20946
-1.95267 0.15001 -2.36564
-2.74641 0.15001 -2.1914
-2.84999 0.15001 -2.34325
-2.66653 0.15001 -0.95717
-2.50274 0.15001 -1.61409
-2.29911 0.15001 0.0530854
-2.05246 0.15001 0.365017
-1.83857 0.15001 1.07288
-2.24649 0.15001 1.31434
-2.4224 0.15001 1.90322
-2.10046 0.15001 -2.69519
-0.349261 0.15001 1.14242
-0.447961 0.15001 1.41652
-0.399362 0.166683 1.61201
-0.463996 0.20521 1.79817
-0.635731 0.15001 1.87241
-1.07418 0.15001 1.84507
-0.433282 0.155411 2.35183
-0.436337 0.173776 2.53694
-0.553199 0.174821 2.67955
-2.37062 0.15001 -2.84999
-0.527166 0.193123 1.07259
-1.43419 0.15001 -0.329051
-0.601278 0.250048 1.49594
-0.601024 0.17118 1.67616
-1.77033 0.15001 1.30859
-0.613086 0.164813 2.25662
-0.599718 0.194016 2.4479
-0.642654 0.329139 2.58266
-0.477706 0.15001 2.84999
-1.84363 0.15001 -2.84999
-0.539679 0.22568 1.26203
-0.504374 0.411975 1.34868
-0.393578 0.347325 1.4958
-0.457835 0.357211 1.68366
-0.545495 0.394538 1.85309
-1.85871 0.15001 1.65415
-0.430045 0.378914 2.3053
-0.469433 0.360465 2.49643
-0.61137 0.30606 2.84999
-2.19095 0.15001 -2.84999
-1.27925 0.15001 -2.65048
-2.38706 0.15001 -1.48295
-0.549106 0.457567 1.54751
-0.659749 0.369182 1.69543
-0.572748 0.325502 2.02425
-0.593369 0.360094 2.20522
-0.633896 0.383457 2.38872
-0.773687 0.187224 2.53364
-0.469263 0.439649 2.84999
-1.58438 0.15001 -2.44231
-0.437525 0.354183 1.1177
-0.46742 0.621081 1.35933
-0.440108 0.669588 1.62039
-0.509039 0.550619 1.75056
-0.420285 0.546102 1.93089
-0.441686 0.4635 2.11419
-0.400848 0.567614 2.34285
-0.434743 0.531478 2.61511
-0.7331 0.188304 2.73917
-1.38596 0.15001 -2.45693
-1.6569 0.15001 -1.8385
-2.38901 0.15001 -0.831342
-0.600174 0.643638 1.50955
-2.15243 0.15001 -0.144612
-0.595133 0.557862 2.03358
-0.575004 0.547131 2.25773
-0.56092 0.545138 2.46412
-2.06769 0.15001 1.71802
-1.93153 0.15001 2.84999
-1.452 0.15001 -2.24739
-2.02465 0.15001 -2.5299
-0.363185 0.500568 1.21895
-0.379507 0.788883 1.48554
-1.87042 0.15001 0.430455
-0.318807 0.696586 2.01014
-0.462931 0.664354 2.14669
-0.349035 0.753239 2.32308
-0.610179 0.455988 2.71479
-2.35148 0.15001 2.84999
-2.20336 0.15001 -2.54578
-1.7864 0.15001 -0.843068
-2.31841 0.15001 -1.63907
-2.15836 0.15001 -0.417621
-1.95979 0.15001 -0.138252
-0.542746 0.769411 2.00574
-0.549869 0.753253 2.29888
-2.18307 0.15001 0.790302
-1.17911 0.15001 2.01473
-2.2329 0.15001 2.53033
-2.15873 0.15001 -2.37965
-1.9758 0.15001 -2.07808
-2.20024 0.15001 -0.786448
-2.26004 0.15001 -1.36636
-2.48465 0.15001 -1.2824
-2.0178 0.15001 -0.767079
-0.402697 0.854244 2.15096
-1.87821 0.15001 1.9518
-1.92841 0.15001 2.13506
-2.00771 0.15001 2.47005
-1.74522 0.15001 -2.36457
-1.83951 0.15001 -1.76427
-1.27164 0.15001 -1.19127
-1.9567 0.15001 -0.574964
-1.59539 0.15001 0.486946
-1.35314 0.15001 1.09478
-2.02959 0.15001 1.07921
-1.8527 0.15001 2.64545
-1.60315 0.15001 2.20639
-1.81136 0.15001 2.28575
-0.85426 0.15001 -2.33437
-0.19287 0.15001 0.921164
-0.195551 0.16538 1.28826
-0.261802 0.185368 1.47276
-0.250147 0.15001 1.73461
-0.325248 0.156967 1.90069
-0.30404 0.161294 2.08049
-0.26996 0.15169 2.26368
-0.257861 0.151686 2.53745
-0.348928 0.15001 2.70359
-2.01539 0.15001 -2.84999
-0.39969 0.15001 0.932331
-0.335442 0.305092 1.31728
-0.276165 0.320926 1.63751
-0.389414 0.342989 1.96155
-0.486225 0.153596 1.99956
-0.449208 0.229313 2.17613
-0.293338 0.28727 2.40125
-0.436921 0.333045 2.68861
-0.134575 0.15001 2.84999
-1.13262 0.15001 -2.10934
-0.237447 0.344558 1.1291
-0.161792 0.37762 1.30056
-0.187138 0.409998 1.49678
-0.151154 0.493387 1.6815
-0.213078 0.345382 1.9002
-0.298132 0.34491 2.15915
-0.143272 0.304801 2.26007
-0.168581 0.33973 2.5295
-0.303711 0.251992 2.84999
-2.28077 0.15001 -2.69809
-0.152027 0.430755 0.969418
-0.314807 0.510987 1.40511
-0.327764 0.512055 1.60097
-0.325848 0.446879 1.78449
-0.25751 0.483223 2.02843
-0.250396 0.453491 2.30927
-0.313041 0.462093 2.4835
-0.28016 0.431532 2.66154
-0.121126 0.345557 2.84999
-0.68174 0.15001 -2.84999
-2.11798 0.15001 -1.24362
-0.180981 0.557617 1.23178
-0.132766 0.585028 1.4256
-0.141883 0.679848 1.73872
-0.18643 0.537874 1.86394
-0.299984 0.583985 2.18011
-0.235451 0.624833 2.4533
-0.133869 0.522774 2.5718
-0.284415 0.435564 2.84999
-1.50312 0.15001 -2.78714
-0.108112 0.60962 1.05051
-0.281831 0.694932 1.33901
-0.241051 0.683214 1.57075
-0.33122 0.644451 1.78157
-0.146154 0.647706 2.09191
-0.158038 0.618395 2.29254
-0.434238 0.684825 2.49044
-0.265681 0.632047 2.65733
-0.155088 0.67195 2.84999
-1.91075 0.15001 -2.67865
-0.440803 0.336661 0.886499
-0.172829 0.739089 1.17405
-0.128712 0.778537 1.4148
-0.158493 0.864925 1.71705
-0.272716 0.807472 1.86066
-0.215701 0.797695 2.19373
-0.163344 0.797107 2.38076
-0.100784 0.706348 2.56375
-1.69732 0.15001 2.83942
-1.48411 0.15001 -2.61378
-0.792601 0.15001 -2.54449
-0.281074 0.90318 1.36445
-0.36117 0.83406 1.69387
-0.101738 0.865234 1.90577
-0.257261 0.900924 2.02934
-0.0847521 0.949883 2.27099
-2.05872 0.15001 1.46051
-0.520866 0.608653 2.76227
-0.329567 0.613447 2.83734
-1.13393 0.15001 -2.43915
-1.85733 0.15001 -1.94142
-0.687996 0.15001 -1.96699
-0.245217 0.919598 1.55783
-0.191766 1.05707 1.73271
-1.08785 0.15001 1.05183
-1.66205 0.15001 1.64759
-1.22935 0.15001 2.20498
-0.42318 0.773494 2.66571
-1.46602 0.15001 2.84519
-1.65955 0.15001 -2.20992
-1.67114 0.15001 -2.83188
-0.715431 0.15001 0.227746
-1.56394 0.15001 0.265746
-1.37243 0.15001 2.07296
-1.2894 0.157959 2.46032
-0.848758 0.15001 2.11579
-1.41903 0.15001 2.33322
-1.60994 0.15001 2.45199
-1.48121 0.15001 2.6135
-0.171032 0.15001 -2.08837
0.0955822 0.188881 1.11171
-0.00319705 0.172417 1.27475
-0.12386 0.158378 1.59801
-0.0598132 0.15001 1.78951
-0.155382 0.15001 1.95219
-0.132552 0.15001 2.13884
-0.00612636 0.155321 2.26234
-0.0829478 0.15001 2.57039
-0.0219928 0.228955 2.7219
-0.2497 0.15001 -2.84953
-0.0512565 0.215836 0.765001
-0.101381 0.202219 1.11147
-0.0821751 0.247652 1.43218
0.0541517 0.15001 1.63318
-0.133895 0.326555 2.06582
0.129602 0.15001 2.14833
-0.138735 0.168319 2.39336
-0.198455 0.266039 2.69529
0.0721804 0.15001 2.84999
-1.71183 0.15001 -2.61625
0.0150135 0.353588 1.02988
0.139846 0.314523 1.34924
-0.0421488 0.342467 1.5919
-0.133234 0.297975 1.74334
-0.0324841 0.279869 1.91405
0.0420046 0.350181 2.12623
0.0256251 0.344749 2.31283
0.011095 0.322362 2.49937
0.0649625 0.329829 2.84999
-1.34355 0.15001 -2.0423
0.0319748 0.388922 0.837178
0.0150555 0.376282 1.22007
-0.0190282 0.425099 1.40474
0.106888 0.42009 1.66952
-0.057161 0.49856 1.99543
0.180237 0.43682 2.22997
-0.0918218 0.461635 2.40568
-0.0258541 0.402239 2.67192
0.241798 0.375233 2.84999
-1.14923 0.15001 -2.84987
0.0682252 0.541939 1.10638
0.146578 0.458051 1.46307
-0.00501704 0.524796 1.56271
-0.0192749 0.444565 1.81899
0.217553 0.495167 2.05654
-0.119624 0.477604 2.17279
0.0185491 0.532551 2.28076
0.0519455 0.509815 2.5275
-0.000805874 0.487849 2.84999
-2.31103 0.15001 -2.27276
0.166424 0.47828 0.950214
0.00132425 0.573292 1.28038
0.0660591 0.65561 1.43619
0.0342832 0.595111 1.739
0.102492 0.594849 1.91984
0.0648508 0.566995 2.11453
-0.0126751 0.65339 2.41505
-0.151421 0.516817 2.75714
0.18808 0.554514 2.84999
-1.2751 0.15001 -2.2685
0.0948697 0.76058 1.10377
0.171892 0.690312 1.26661
-0.0597834 0.693933 1.56923
0.0558819 0.772978 1.86367
0.0288286 0.730534 2.04023
-0.0379529 0.727893 2.22252
0.129315 0.709261 2.29917
-0.00415093 0.597336 2.68079
0.0260124 0.654521 2.84999
-0.955196 0.15001 -2.47278
0.0875498 0.657627 0.937105
0.00747736 0.768374 1.2808
0.0961846 0.852378 1.43151
0.241153 0.791497 1.62475
-0.104187 0.687567 1.9195
0.199393 0.879174 2.32898
0.0222561 0.846333 2.39453
-0.188838 0.808051 2.71263
0.338799 0.666564 2.84999
-0.998904 0.15001 -1.78931
0.324689 0.15001 -1.78492
0.21513 0.888005 1.28083
-0.124645 0.892266 1.25445
-0.0542106 0.870744 1.55756
0.105333 0.939545 1.98058
-0.0747967 0.88364 2.09073
0.150806 1.02419 2.44039
0.0803463 0.90243 2.56991
-1.19718 0.15001 2.82079
-1.70195 0.15001 -2.03346
-2.15716 0.15001 -1.58907
0.395103 0.15001 -2.41999
0.121956 0.922523 1.59893
0.0718177 0.751177 1.66923
0.0897129 0.841499 2.17519
-0.113236 0.882819 2.54487
-0.280715 0.776421 2.53986
-0.453746 0.748003 2.84999
-0.970822 0.172513 2.8497
0.203353 0.15001 -2.60976
0.286934 0.206703 1.10717
0.302416 0.15001 1.40914
0.225401 0.15001 1.5737
0.104358 0.15001 1.88098
0.380064 0.15001 1.87941
0.300749 0.151242 2.17583
0.173394 0.22979 2.30016
0.216623 0.159855 2.46223
0.267443 0.15001 2.62816
-0.441579 0.15001 -2.84393
0.0133394 0.171434 0.942169
0.189666 0.15001 1.26737
0.0859174 0.15001 1.43566
0.240474 0.15001 1.76785
0.24148 0.15001 2.00303
0.473536 0.150031 2.21776
0.0424704 0.15001 2.43122
0.0932186 0.15001 2.6062
0.252114 0.152344 2.84999
0.0542761 0.15001 -2.45409
0.208785 0.170066 0.945001
0.440697 0.277561 1.3637
0.357178 0.272061 1.52808
0.0701922 0.271729 1.76055
0.234605 0.282675 1.88304
0.00853598 0.15001 2.02794
0.339609 0.312156 2.27743
0.418483 0.280333 2.63477
0.173667 0.264482 2.7275
0.526289 0.15001 -2.84378
0.216822 0.225977 0.762549
0.299712 0.322335 1.25164
0.124883 0.289598 1.53519
0.237888 0.292568 1.68656
0.106061 0.400688 1.95255
0.228847 0.314951 2.09431
0.179953 0.378252 2.40269
0.170364 0.356992 2.57704
0.418419 0.313968 2.84999
0.815605 0.15001 -2.30551
0.183751 0.377479 1.11569
0.31956 0.424473 1.39691
0.272895 0.420609 1.58172
0.220186 0.481528 1.80885
0.340211 0.409126 1.96185
0.383032 0.492177 2.12992
0.334151 0.49024 2.38343
0.232739 0.554815 2.54901
0.305069 0.413183 2.68608
-1.10424 0.15001 -2.67454
0.311774 0.353159 0.92027
0.176676 0.491457 1.27606
0.35248 0.560397 1.50645
0.358393 0.616937 1.69009
0.370336 0.673948 2.08902
0.278577 0.593445 2.23801
0.160288 0.556826 2.38654
0.136889 0.487454 2.69722
0.379087 0.497278 2.84999
-0.0652259 0.15001 -2.25306
0.262529 0.581694 1.12798
0.328272 0.606326 1.31138
0.178011 0.606538 1.60032
0.205268 0.688335 1.77832
0.307858 0.617489 1.90921
0.194857 0.705345 2.12239
0.292345 0.686207 2.39461
0.354614 0.709116 2.56046
0.322802 0.592213 2.69768
-0.476108 0.15001 -2.56715
0.344646 0.558888 0.957213
0.331585 0.765592 1.15765
0.243469 0.707869 1.44665
0.36761 0.811326 1.76154
0.216033 0.774672 1.95459
0.33048 0.778631 2.24289
0.143244 0.730685 2.49743
0.185024 0.706409 2.67556
0.520286 0.66574 2.84999
-0.620387 0.15001 -2.66441
0.0889758 0.15001 -0.928072
0.395783 0.807193 1.33279
0.316145 0.979846 1.66288
0.191479 0.889819 1.78807
0.408198 0.78037 1.94597
0.316878 0.872498 2.08828
0.345585 0.994842 2.36754
0.285309 0.888006 2.52456
0.215304 0.909319 2.70592
-0.912418 0.15001 -2.67658
1.67952 0.15001 -1.57378
0.449362 0.15001 -0.912263
0.291163 0.882395 1.46834
0.0113528 0.907763 1.75214
0.315021 0.931495 1.9128
0.20108 0.983864 2.17361
-0.0505435 0.821525 2.84999
0.016638 0.772028 2.68911
0.330014 0.849069 2.84999
1.01532 0.15001 -2.49561
0.405818 0.178276 0.899646
0.392383 0.15001 1.24794
0.484352 0.15001 1.48341
0.383828 0.15001 1.65564
0.568787 0.15001 1.93676
0.606508 0.15001 2.10552
0.528241 0.15001 2.38073
0.406189 0.15001 2.51343
0.536194 0.15001 2.64002
1.31289 0.15001 -2.63094
0.622616 0.1586 0.967908
0.571719 0.15001 1.32047
0.521695 0.25248 1.62166
0.524363 0.15001 1.76928
0.426676 0.15001 2.04676
0.672205 0.167049 2.26512
0.347673 0.15001 2.3469
0.662711 0.15001 2.76558
0.806903 0.15001 2.84999
-1.32776 0.15001 -2.82646
0.400456 0.309904 0.749538
0.465107 0.15001 1.07325
0.617469 0.299126 1.41033
0.399818 0.290015 1.77086
0.685948 0.354358 1.91714
0.417396 0.31574 2.11177
0.481807 0.369549 2.39411
0.574183 0.25886 2.50697
0.388962 0.15001 2.74598
0.71914 0.15001 -2.84999
0.606826 0.326457 0.865211
0.516981 0.277481 1.18956
0.445759 0.432395 1.63775
0.571079 0.37012 1.76967
0.495816 0.319807 1.93345
0.557751 0.317866 2.23304
0.331858 0.33385 2.48905
0.611961 0.302623 2.67322
0.518258 0.152743 2.84999
0.0091437 0.15001 -2.79791
0.376362 0.390246 1.09464
0.609288 0.507894 1.33003
0.644672 0.368546 1.57694
0.414001 0.482114 1.81358
0.555068 0.432358 2.06942
0.48518 0.508266 2.27519
0.627185 0.543706 2.39025
0.577321 0.448683 2.5389
0.486046 0.428785 2.70942
1.13102 0.15001 -2.69749
0.528575 0.440939 0.997064
0.445942 0.475392 1.24738
0.500166 0.447643 1.46324
0.562225 0.547544 1.72342
0.463798 0.559273 1.97743
0.558591 0.609598 2.13192
0.465371 0.620276 2.43564
0.408155 0.505396 2.56046
0.563785 0.494786 2.84999
-0.955555 0.15001 -2.84823
0.456766 0.487829 0.817396
0.570683 0.696721 1.22294
0.519176 0.612921 1.56326
0.479572 0.669341 1.8257
0.583808 0.710779 1.97225
0.495984 0.698808 2.27623
0.628116 0.73244 2.40151
0.606609 0.6586 2.55784
0.501792 0.608646 2.6859
1.24937 0.15001 -2.28345
0.467003 0.618442 1.09031
0.490096 0.646796 1.38614
0.400177 0.750652 1.55146
0.539299 0.771838 1.68202
0.587253 0.857538 1.84595
0.510595 0.794768 2.11711
0.428556 0.811038 2.42216
0.416441 0.768019 2.71697
0.698461 0.611611 2.84999
0.358682 0.15001 -2.75169
0.816228 0.15001 -1.00365
0.832748 0.15001 -1.73542
0.557561 0.825277 1.43345
0.459739 0.999851 1.80419
0.496815 0.92977 1.99283
0.598461 0.908532 2.41766
0.811449 0.970993 2.52902
0.522847 0.837 2.57599
0.530841 0.857357 2.84999
-0.199089 0.15001 -2.63939
1.45918 0.15001 -1.60556
-0.257247 0.15001 -0.436182
0.628887 0.160562 0.122252
0.482414 0.911679 1.58075
0.765146 0.826517 1.64205
0.476209 0.888109 2.2678
0.401594 0.940714 2.67567
0.175791 0.744292 2.84999
0.753913 0.783961 2.84999
0.9335 0.15001 -2.67174
0.64662 0.15001 1.15434
0.76271 0.174928 1.32538
0.674194 0.15001 1.4844
0.663833 0.15001 1.65994
0.707929 0.178053 1.82828
0.825016 0.15001 2.15993
0.841505 0.166006 2.34279
0.723769 0.155539 2.60521
0.880358 0.15001 2.691
1.6167 0.15001 -2.84999
0.564612 0.15001 -2.25575
0.828783 0.153363 1.151
0.913003 0.15001 1.44811
0.879169 0.156611 1.77861
0.748381 0.15794 1.9985
0.992519 0.150184 2.25222
0.698208 0.15001 2.43778
0.971722 0.329364 2.68623
0.985808 0.153266 2.84999
0.539669 0.166179 0.755842
0.690351 0.325569 1.06224
0.685433 0.347013 1.24859
0.791749 0.283536 1.50978
0.744211 0.324856 1.72144
0.863617 0.334047 1.86361
0.686802 0.312272 2.09575
0.78928 0.3256 2.24274
0.747218 0.378389 2.54076
0.886119 0.311577 2.84999
1.42496 0.15001 -1.95417
0.726852 0.16177 0.806324
0.861239 0.355849 1.17078
0.745914 0.475761 1.45157
0.953761 0.494563 1.78289
0.712234 0.533428 2.05328
0.834868 0.510333 2.18651
0.670822 0.358968 2.37831
0.927322 0.443715 2.54642
0.782832 0.324539 2.70883
1.24912 0.15001 -2.84999
0.627279 0.505251 1.14284
0.781955 0.515689 1.25869
0.698521 0.55338 1.60974
0.763257 0.509149 1.77717
0.861875 0.518113 1.93873
0.660822 0.471304 2.22233
0.828647 0.516778 2.36772
0.66203 0.513002 2.68999
0.61952 0.32234 2.84999
0.906458 0.15001 -2.84993
0.771787 0.454178 0.944081
0.74187 0.664371 1.13868
0.682839 0.67766 1.37055
0.929296 0.674804 1.85577
0.621808 0.531103 1.89424
0.724422 0.643498 2.27039
0.753447 0.560794 2.52575
0.781956 0.684889 2.66228
0.843656 0.508568 2.69294
0.72471 0.318897 0.688569
0.793822 0.650754 0.948297
0.862612 0.679012 1.31472
0.83866 0.666574 1.68713
0.670321 0.689073 1.77863
0.758715 0.669908 1.93771
0.714153 0.725021 2.10682
0.82097 0.726418 2.41534
0.940777 0.782781 2.6937
0.756367 0.448219 2.84999
1.22859 0.15001 -2.0901
0.726196 0.15001 -2.07867
0.696837 0.844516 1.22121
0.754637 0.879402 1.42167
0.964409 0.803728 1.71773
0.68854 0.886358 2.00629
0.656423 0.823443 2.2489
0.712181 0.821206 2.55154
0.622484 0.752507 2.7206
0.878059 0.652628 2.83164
0.720318 0.15001 -2.67399
0.996879 0.15001 -2.29774
0.891294 0.831816 1.22807
1.00778 0.551717 1.52182
0.66336 0.714234 1.54549
0.803883 0.807061 1.82582
0.809482 0.938126 2.16356
0.787486 0.907151 2.35478
0.810502 0.921767 2.7116
2.05225 0.15001 2.64001
0.592354 0.15001 -2.48878
1.01122 0.15001 -1.82305
-0.565709 0.15001 -0.932278
0.444568 0.15001 -0.188927
0.988684 0.725398 1.54023
0.864907 0.807159 2.00958
0.600098 0.96297 2.14908
0.983459 0.829058 2.33335
0.623209 0.931147 2.70056
1.06396 0.702467 2.84999
1.4253 0.15001 -2.19777
0.827081 0.15001 0.964348
0.947729 0.211805 1.2797
1.0178 0.164347 1.61924
0.834014 0.15001 1.61071
1.05592 0.158513 1.80972
0.969851 0.251001 2.09827
0.993998 0.15001 2.43798
0.875007 0.246564 2.54065
1.05953 0.156735 2.68769
1.43307 0.15001 -2.84999
1.5227 0.15001 -1.79664
1.10187 0.175431 1.44033
1.1987 0.15001 1.68096
1.23173 0.159328 1.86513
0.919923 0.15001 1.95244
1.14966 0.153983 2.1729
1.10007 0.36144 2.53198
1.24779 0.153863 2.68972
1.17143 0.15001 2.84999
1.20999 0.15001 -2.47356
1.00578 0.181229 1.09039
0.842875 0.349922 1.35295
0.970846 0.346733 1.4967
0.923519 0.322732 1.67883
1.01484 0.375793 1.95836
0.963981 0.385561 2.22883
1.07984 0.316596 2.3514
0.893617 0.344734 2.3929
1.07778 0.33691 2.84999
1.3937 0.15001 -2.41639
0.996346 0.20639 0.897324
1.12181 0.44717 1.43961
1.07282 0.452654 1.64453
1.0754 0.342642 1.78822
0.848497 0.379794 2.05361
1.12799 0.344056 2.12888
1.02278 0.500508 2.40117
1.1146 0.450216 2.69573
0.934353 0.480222 2.84999
1.6839 0.15001 -2.68013
0.945569 0.365843 1.00723
1.02287 0.383027 1.2914
0.921078 0.514606 1.37739
0.866489 0.485927 1.61023
1.06309 0.56466 1.93477
1.00348 0.497997 2.09415
0.969647 0.614119 2.26435
0.920794 0.633588 2.54028
1.27587 0.313779 2.84164
0.893561 0.199165 0.705497
1.11887 0.406977 0.928182
1.10203 0.670262 1.39089
1.1887 0.626359 1.57272
1.15811 0.522108 1.78739
0.890422 0.642873 2.0782
1.12945 0.49289 2.24249
1.21334 0.548435 2.40017
1.1156 0.57899 2.55514
1.26121 0.493929 2.84999
1.6251 0.15001 -2.3071
0.910961 0.37838 0.815984
0.889889 0.535986 1.10084
0.828093 0.644855 1.49537
1.04061 0.641177 1.7004
1.25524 0.640012 1.8907
0.860235 0.762521 2.22127
1.04631 0.69376 2.42602
1.00413 0.603883 2.69994
2.37405 0.15001 2.40863
1.87295 0.15001 -1.9808
0.923453 0.72839 1.08008
1.02618 0.583314 1.23167
1.12802 0.849118 1.59006
1.11576 0.767893 1.83672
1.03332 0.730507 1.99894
1.10161 0.647039 2.14181
1.17681 0.707531 2.29709
1.11188 0.779637 2.5948
1.09613 0.526342 2.84999
-0.0608666 0.15001 -1.96049
0.982717 0.565401 0.931041
1.07891 0.78752 1.2318
1.00126 0.866508 1.40647
0.742802 0.15001 -0.40475
1.79931 0.15001 2.10535
1.07608 0.838944 2.17341
0.951036 0.852601 2.51853
1.98635 0.15001 2.02935
1.99572 0.15001 2.84999
0.992109 0.15001 -2.12554
2.19306 0.15001 -2.28944
1.29172 0.15001 -1.00578
1.38154 0.15001 -1.37772
1.21764 0.731573 2.03529
1.29564 0.15001 0.323506
2.02439 0.15001 1.71152
1.89069 0.15001 1.15237
1.91466 0.15001 2.49403
1.58398 0.15001 2.84998
2.45226 0.15001 -2.84702
1.39735 0.15001 0.919604
1.46905 0.15001 1.40398
1.30119 0.195604 1.53417
1.66112 0.15001 -0.268772
1.27251 0.17513 2.04266
1.75956 0.15001 -0.0946904
2.48102 0.15001 0.205522
1.14423 0.166354 2.53258
2.30308 0.15001 1.80844
2.84999 0.15001 -2.84747
2.14809 0.15001 -2.07925
1.27711 0.209221 1.13652
1.46218 0.15001 -0.954826
1.48114 0.193695 1.59852
1.45199 0.176093 2.06767
1.53231 0.177201 2.23926
1.1853 0.156926 2.35548
1.69388 0.15001 2.4173
2.20949 0.15001 2.84938
1.89691 0.15001 -2.68092
1.12286 0.174745 1.24333
1.28024 0.171878 1.34296
1.14542 0.303338 1.57548
1.38017 0.17973 1.75558
1.0949 0.1548 1.99503
1.33015 0.164208 2.22599
1.42073 0.218026 2.38317
1.32265 0.204839 2.53254
1.41469 0.251377 2.70061
1.56447 0.15001 -2.08879
2.63609 0.15001 -2.84999
1.45647 0.225337 1.22238
1.91404 0.15001 -1.81212
1.44938 0.397252 1.7675
1.37476 0.285373 1.92213
1.6223 0.258747 2.06093
1.25399 0.339963 2.28125
1.53754 0.169654 2.57708
1.38019 0.15001 2.84999
1.1777 0.23435 0.836866
1.11147 0.346489 1.12325
1.2767 0.339009 1.4178
1.30772 0.40453 1.6012
1.26092 0.346731 1.77425
1.19715 0.348514 1.95326
1.32417 0.365337 2.10443
1.28104 0.38468 2.46289
1.26801 0.360714 2.64931
2.2928 0.15001 2.16578
2.02021 0.15001 -2.84999
1.93982 0.15001 -1.3175
1.35135 0.393477 1.17949
1.47442 0.369962 1.36997
1.60424 0.283091 1.72681
1.5089 0.413005 1.98373
1.32596 0.521483 2.2423
1.44308 0.408414 2.35476
1.45628 0.364865 2.54597
2.13474 0.15001 2.45337
1.80829 0.15001 -2.84999
1.14291 0.548165 1.07388
1.19043 0.467866 1.25791
1.39921 0.585826 1.55215
1.32864 0.556735 1.72492
1.33924 0.475964 1.90918
1.21144 0.518358 2.05675
1.40452 0.592466 2.41861
1.40756 0.479781 2.73378
1.78808 0.15001 2.84996
2.56386 0.15001 -2.66449
1.98103 0.15001 -2.51666
1.42231 0.552969 1.28744
1.42738 0.15001 0.508278
1.44216 0.663198 1.84083
1.41272 0.569579 2.06775
2.42935 0.15001 1.63364
1.25624 0.734647 2.4697
1.30534 0.562131 2.58577
1.2092 0.666601 2.72363
1.4914 0.15001 -2.66437
1.89277 0.15001 -1.60614
1.23173 0.660904 1.22598
1.2952 0.513126 1.41769
1.25913 0.74913 1.71122
1.39841 0.781473 1.99552
1.32397 0.70391 2.17904
1.87031 0.15001 2.30292
2.16317 0.15001 1.95884
2.60521 0.15001 2.61252
1.69445 0.15001 -1.95266
0.19314 0.15001 -2.16005
2.05574 0.15001 -1.70651
0.981181 0.15001 -0.685176
1.04618 0.15001 -0.493393
1.86156 0.15001 1.85906
2.02645 0.15001 0.420056
1.82766 0.15001 0.506848
1.76099 0.15001 2.62542
2.49852 0.15001 2.17419
2.247 0.15001 -2.84883
1.96784 0.15001 -2.32614
2.20747 0.15001 -1.83853
2.44901 0.15001 -1.85658
1.70874 0.15001 -0.457358
1.87284 0.15001 -0.305236
2.29262 0.15001 0.123829
2.74701 0.15001 0.853081
2.41617 0.15001 1.32196
2.70097 0.15001 2.1299
2.84969 0.15001 -2.60744
2.84999 0.15001 -2.02113
2.67534 0.15001 -1.76066
2.84857 0.15001 -1.24256
2.84989 0.15001 -1.01912
2.83125 0.15001 -0.600837
2.84996 0.15001 0.23883
2.84999 0.15001 1.64977
2.84999 0.15001 2.28422
2.58958 0.15001 2.84999
2.13765 0.15001 -2.63764
2.24856 0.15001 -2.46739
2.8408 0.15001 -1.84303
2.84978 0.15001 -1.65039
1.86008 0.15001 -0.945678
2.29584 0.15001 -0.0964746
2.44303 0.15001 -0.392956
2.84995 0.15001 -0.230588
2.52208 0.15001 1.16256
2.84999 0.15001 2.8457
2.84999 0.15001 -2.20119
2.42939 0.15001 -2.13944
2.82314 0.15001 -1.44794
2.66918 0.15001 -0.995536
2.83051 0.15001 -0.857469
2.44938 0.15001 -1.29574
2.82275 0.15001 1.03496
2.27228 0.15001 0.758451
2.64885 0.15001 1.7381
2.67278 0.15001 1.43231
1.59835 0.15001 -2.49337
2.69532 0.15001 -2.52389
2.66914 0.15001 -2.15687
2.62773 0.15001 -1.59005
2.24743 0.15001 -1.44715
1.53566 0.181291 1.88878
2.69208 0.15001 0.448622
2.84525 0.15001 0.674655
2.84294 0.15001 1.3084
2.8412 0.15001 2.52753
2.36536 0.15001 -2.6887
1.98437 0.15001 -2.14414
1.62619 0.242469 1.47816
1.50007 0.404131 1.56857
2.15875 0.15001 -0.473739
2.07221 0.15001 -0.150325
1.50608 0.378874 2.17681
2.67282 0.15001 2.39561
2.84997 0.15001 1.91762
2.72074 0.274935 2.84999
1.7995 0.15001 -2.41443
1.72462 0.15001 -1.76288
2.59979 0.15001 -1.94803
2.63982 0.15001 -1.35604
2.26263 0.15001 -1.19821
1.94794 0.15001 0.131207
2.78263 0.15001 0.0600436
1.7851 0.15001 0.934716
2.23988 0.15001 1.53179
1.57527 0.361872 2.70614
2.84984 0.15001 -2.39228
2.47239 0.15001 -1.47738
2.3099 0.15001 -1.99118
1.46807 0.15001 -0.714476
1.50492 0.15001 -0.462107
1.64256 0.15001 0.14339
2.23839 0.15001 0.525725
2.47109 0.15001 0.517313
2.53843 0.15001 1.91761
2.3977 0.15001 2.84563
1.77581 0.15001 -2.16652
1.19693 0.15001 -1.91757
1.81746 0.15001 -1.44257
1.83582 0.15001 -0.688352
0.657373 0.15001 -0.243906
1.4505 0.15001 0.206462
1.64543 0.15001 0.404644
2.23008 0.15001 1.13411
2.56891 0.15001 0.927976
2.07966 0.15001 0.959464
2.50301 0.15001 -2.42145
2.30305 0.15001 -1.67442
2.08307 0.15001 -1.19042
1.75993 0.15001 -1.22486
1.153 0.15001 -0.296962
1.84575 0.15001 1.34559
1.66891 0.15001 0.646059
2.11164 0.15001 1.39104
2.07461 0.15001 2.25443
2.30033 0.15001 2.62026
