1000 0.1
-1.59114 0.15001 -1.98745
-1.83526 0.15001 -2.42701
-1.5621 0.15001 -1.80134
-1.23109 0.15001 -1.8668
-2.03021 0.15001 -1.60954
-1.23483 0.15001 2.40785
-2.84697 0.15001 -0.983046
-2.4758 0.15001 -0.371756
-2.2924 0.15001 -0.922228
-2.06464 0.15001 0.0689553
-1.51049 0.15001 -2.48431
-2.23374 0.15001 -2.74062
-2.34732 0.15001 -2.43122
-1.95172 0.15001 -2.11614
-2.81359 0.15001 -2.24193
-2.84999 0.15001 -1.56199
-2.48371 0.15001 -0.900105
-2.59533 0.15001 -1.08824
-2.23963 0.15001 1.51521
-2.70412 0.15001 2.15239
-1.68718 0.15001 -2.549
-2.56256 0.15001 -2.6818
-1.9854 0.15001 -2.30363
-1.92333 0.15001 -1.02222
-2.66993 0.15001 -2.36414
-2.13624 0.15001 -1.29484
-2.14047 0.15001 -0.261481
-1.9211 0.15001 -0.322965
-2.77198 0.15001 1.10158
-2.84159 0.15001 0.671921
-1.65513 0.15001 -2.36218
-2.04858 0.15001 -2.67196
-2.16597 0.15001 -2.36694
-2.74446 0.15001 -1.86435
-2.81789 0.15001 -1.36611
-2.78001 0.15001 -2.05247
-2.78083 0.15001 -1.16201
-2.79834 0.15001 -0.521051
-2.84948 0.15001 0.206362
-2.359 0.15001 0.298145
-1.08016 0.15001 -1.98808
-1.63852 0.15001 -0.743305
-1.82773 0.15001 -0.702685
-1.50163 0.15001 -1.42127
-1.53333 0.15001 -1.61168
-0.798052 0.619734 1.89876
-2.64261 0.15001 -1.29143
-2.67507 0.15001 -0.900206
-2.08068 0.15001 -0.452663
-2.79486 0.15001 2.84488
-2.08076 0.15001 -2.84999
-1.18346 0.15001 -1.48743
-1.77135 0.15001 -2.05294
-2.3834 0.15001 -2.61702
-2.59979 0.15001 -1.98694
-2.53043 0.15001 -1.60872
-2.70562 0.15001 -1.67792
-2.31285 0.15001 0.119088
-2.52151 0.15001 1.08423
-2.84191 0.15001 1.97964
-1.44099 0.15001 -2.11002
-1.8037 0.15001 -2.24042
-2.01636 0.15001 -2.48985
-2.1997 0.15001 -2.55436
-2.42066 0.15001 -1.92268
-2.06193 0.15001 -1.79907
-2.56296 0.15001 -1.79859
-2.55648 0.15001 -0.7196
-2.66636 0.15001 -0.357114
-2.8489 0.15001 0.888657
-1.86682 0.15001 -2.61256
-1.62218 0.15001 -2.17421
-1.47743 0.15001 -2.29659
-2.53084 0.15001 -2.49355
-2.63542 0.15001 -2.17634
-2.24105 0.15001 -1.86173
-2.41278 0.15001 -0.551837
-2.76038 0.15001 -0.711598
-2.01969 0.15001 0.851384
-2.81546 0.15001 1.74941
-1.47117 0.15001 -1.22966
-1.35865 0.15001 -1.54849
-1.38654 0.15001 -1.73746
-2.49153 0.15001 -2.30477
-2.31315 0.15001 -2.24198
-2.46486 0.15001 -1.24149
-2.40313 0.15001 -1.07131
-2.67682 0.15001 -1.48641
-2.55418 0.15001 0.291623
-2.67505 0.15001 0.554288
-1.05435 0.15001 -1.80153
-1.9012 0.15001 -2.79611
-2.4158 0.15001 -2.80236
-2.45597 0.15001 -2.11353
-1.74033 0.15001 -1.86369
-2.17495 0.15001 -1.48219
-2.35183 0.15001 -1.54415
-1.17092 0.15001 -0.40093
-2.60693 0.15001 -0.538949
-2.84999 0.15001 -0.334267
-1.15635 0.15001 -2.35935
-1.71995 0.15001 1.20551
-2.28897 0.15001 0.770121
-0.464697 0.458223 1.57069
-0.560844 0.52788 1.81974
-0.817684 0.15001 2.05242
-1.01473 0.15001 1.44482
-0.538879 0.399018 2.32583
-0.53196 0.42704 2.51677
-0.669533 0.390335 2.65831
-1.33601 0.15001 -2.41906
-0.503624 0.49609 1.04999
-2.08769 0.15001 1.29037
-0.631927 0.564 1.46572
-0.664332 0.469795 1.65405
-2.36273 0.15001 -0.742015
-0.712251 0.426202 2.23334
-0.694093 0.49501 2.42335
-0.744278 0.626996 2.58958
-1.97188 0.15001 2.63441
-0.824803 0.15001 -2.41508
-0.573167 0.527016 1.2327
-0.571314 0.750561 1.31561
-0.443054 0.659986 1.46589
-0.53721 0.643134 1.65108
-0.616467 0.718464 1.85422
-1.87842 0.15001 -0.519041
-0.509758 0.692519 2.30379
-0.551845 0.650479 2.49808
-0.683487 0.613371 2.84999
-1.19643 0.15001 -2.54423
-0.724897 0.15001 -1.85851
-1.8837 0.15001 -1.73584
-0.607461 0.797559 1.5202
-0.743466 0.677058 1.69403
-0.642904 0.605595 2.01743
-0.693286 0.677533 2.1988
-0.728027 0.701906 2.39771
-0.826366 0.452828 2.56097
-0.597999 0.834851 2.84999
-1.15067 0.15001 -1.29515
-0.517645 0.685867 1.08922
-0.523389 0.962993 1.34398
-0.506475 1.0207 1.59647
-0.58248 0.874088 1.72491
-0.481771 0.869002 1.93317
-0.503138 0.78202 2.11663
-0.466753 0.90534 2.36079
-0.569105 0.78629 2.65436
-0.82538 0.497588 2.75146
-1.0337 0.15001 -1.61281
-1.617 0.15001 -0.93404
-2.277 0.15001 -2.05094
-0.682327 0.993394 1.4864
-2.38515 0.15001 -1.73313
-0.676062 0.867772 2.02786
-0.650073 0.870728 2.26507
-0.634158 0.872158 2.4778
-2.02538 0.15001 -0.643664
-2.32235 0.15001 2.66996
-1.47289 0.15001 -0.654132
-1.11567 0.15001 -2.17373
-0.42334 0.8554 1.18846
-0.438716 1.15217 1.44599
-2.49848 0.15001 -1.42338
-0.390348 1.05983 1.99908
-0.560532 1.00911 2.13478
-0.392918 1.11011 2.33475
-0.76948 0.769963 2.74349
-2.46701 0.15001 2.83846
-1.25898 0.15001 -2.05228
-1.64725 0.15001 -1.30006
-1.70748 0.15001 -1.67514
-1.99806 0.15001 -1.42239
-2.20739 0.15001 -1.67177
-0.58645 1.11766 1.95715
-0.605572 1.10552 2.31704
-2.1622 0.15001 -0.781708
-2.19198 0.15001 -0.074636
-2.50065 0.15001 2.14591
-1.20852 0.15001 -1.67952
-1.44748 0.15001 -1.04121
-2.09654 0.15001 -1.9903
-1.85279 0.15001 -1.54744
-2.13357 0.15001 -2.17853
-1.91801 0.15001 -1.92657
-0.453147 1.20801 2.15395
-2.27768 0.15001 -0.401476
-2.45463 0.15001 1.48325
-1.98623 0.15001 2.18277
-1.00598 0.15001 -1.42685
-1.79328 0.15001 -0.881606
-2.3159 0.15001 -1.35475
-1.82281 0.15001 -1.36008
-2.3462 0.15001 -0.234185
-0.553264 0.15001 0.778895
-2.10842 0.15001 -0.969918
-2.5423 0.15001 2.36847
-2.00496 0.15001 -0.150182
-2.15454 0.15001 0.627192
-1.29972 0.15001 -0.742413
-0.0172843 0.15001 0.575127
-0.316339 0.406833 1.19632
-0.361611 0.480567 1.38876
-0.481781 0.267202 1.66083
-0.398148 0.424721 1.87847
-0.389161 0.43001 2.09608
-0.362851 0.323749 2.28986
-0.345862 0.316319 2.49332
-0.434065 0.244757 2.65228
-1.0118 0.15001 -2.47787
0.0642755 0.15001 0.744153
-0.397768 0.646974 1.257
-0.311843 0.617137 1.63915
-0.440449 0.615736 1.96156
-0.568282 0.419404 1.99432
-0.544391 0.528951 2.18157
-0.399231 0.526103 2.38302
-0.572852 0.577793 2.68399
-0.303797 0.208589 2.84882
-1.51162 0.15001 1.1655
-0.330863 0.584949 1.05332
-0.203206 0.577641 1.27919
-0.23441 0.679195 1.45278
-0.215972 0.824138 1.59342
-0.195921 0.463055 1.88778
-0.368525 0.625239 2.15223
-0.233878 0.536573 2.27189
-0.221587 0.582613 2.48407
-0.609799 0.4203 2.84999
-1.29756 0.15001 -2.23546
-0.200807 0.746793 0.872894
-0.358486 0.835457 1.38723
-0.416674 0.833413 1.59217
-0.404371 0.740454 1.78243
-0.306258 0.790661 2.03014
-0.340498 0.796317 2.24592
-0.370781 0.728374 2.45777
-0.363533 0.499984 2.58487
-0.315984 0.403174 2.84999
-0.463614 0.15001 -2.2981
-1.62281 0.15001 -1.1173
-0.264623 0.796134 1.06699
-0.149809 0.87362 1.39759
-0.215888 1.0222 1.72294
-0.185553 0.791809 1.78729
-0.364794 0.977367 2.17867
-0.276073 0.959362 2.4199
-0.209162 0.817837 2.54579
-0.481497 0.663106 2.84999
-0.751762 0.15001 -2.04587
-0.11582 0.932403 0.991386
-0.313835 1.02757 1.31138
-0.298584 1.01556 1.53233
-0.403183 0.97105 1.77557
-0.201654 0.972851 2.04521
-0.168387 0.956101 2.24583
-0.51334 1.0498 2.50489
-0.299592 0.903968 2.70656
-0.227738 1.05386 2.85
-0.969241 0.15001 -2.29365
-0.458485 0.629037 0.894765
-0.295218 1.01531 1.06972
-0.144274 1.11286 1.4152
-0.153258 1.21968 1.73236
-0.320383 1.1675 1.84459
-0.24932 1.14552 2.17269
-0.193944 1.14899 2.3949
-0.156919 1.0162 2.59607
-2.54662 0.15001 2.662
-0.932297 0.15001 -2.10902
-0.855344 0.15001 -1.54973
-0.288908 1.24881 1.32858
-0.399518 1.18772 1.65676
-0.488331 0.15001 1.80408
-0.285724 1.28072 2.01804
-0.13202 1.32472 2.27699
-2.21567 0.15001 -0.594625
-0.635008 0.986658 2.68802
-0.430499 0.958448 2.84999
-1.27467 0.15001 -0.953882
-1.8028 0.15001 -1.17338
-0.802831 0.15001 -1.16744
-0.242449 1.26825 1.54095
-0.197807 1.42387 1.73177
0.18227 0.15001 0.498424
-1.35123 0.15001 1.99171
-2.66203 0.15001 1.26831
-0.446375 1.10992 2.69623
-2.10645 0.15001 2.31008
-1.32665 0.15001 -1.35414
-0.642269 0.15001 -2.35757
-2.76695 0.15001 2.45318
-1.9759 0.15001 -0.83038
-2.0862 0.15001 0.443577
-0.675931 0.15001 2.55835
-0.848069 0.15001 2.24351
-1.85314 0.15001 0.707912
-1.72695 0.15001 2.29121
-1.96372 0.15001 1.56242
-1.52451 0.15001 -0.465193
0.0633443 0.531484 1.03174
-0.0271504 0.475294 1.21604
-0.236364 0.441037 1.55258
-0.225836 0.283749 1.78932
-0.290313 0.28755 1.98928
-0.207112 0.363838 2.16508
-0.0200266 0.415192 2.25975
-0.14934 0.247931 2.55782
-0.0724003 0.477904 2.66433
-0.284308 0.15001 -2.22394
-0.0709075 0.531015 0.709111
-0.182394 0.378613 0.956295
-0.0790569 0.471154 1.41419
-0.267545 0.253699 1.59815
-0.197487 0.551254 2.07074
0.116726 0.212956 2.30356
-0.193884 0.369682 2.38158
-0.240703 0.37204 2.67521
-0.122403 0.15001 2.84999
-0.786099 0.15001 -2.23214
-0.0168082 0.704594 0.956746
0.135806 0.564505 1.3122
-0.0898187 0.593699 1.57332
-0.659258 0.15001 1.94919
-0.137287 0.15001 2.02057
-0.0468414 0.411884 2.04646
-0.054493 0.613702 2.27192
-0.0636232 0.487623 2.44605
-0.124646 0.327571 2.85
2.61074 0.15001 0.0428354
0.0187815 0.701689 0.747339
0.0134055 0.681483 1.16666
-0.0291952 0.692672 1.37154
-2.5358 0.15001 1.81533
-0.124987 0.700929 1.9546
0.279135 0.614214 2.21605
-0.194814 0.7302 2.35527
-0.00283424 0.660708 2.6748
0.296629 0.371532 2.84999
-0.573094 0.15001 -1.98192
0.0709249 0.873085 1.05787
-0.336972 0.15001 0.78218
-0.0182948 0.784872 1.56506
-0.100499 0.599203 1.77152
0.303576 0.15001 2.07534
-0.150714 0.740955 2.15161
-0.0201099 0.822271 2.28554
-0.0410897 0.715024 2.482
-0.27846 0.674996 2.84999
-1.40959 0.15001 -1.92515
0.148022 0.819276 0.867336
0.0110846 0.871149 1.25569
0.0463043 0.99336 1.41723
0.0313682 0.765126 1.82221
0.0921879 0.943929 1.90981
0.149112 0.698398 2.02854
-0.0437422 0.99206 2.42153
-0.202665 0.656166 2.66883
0.32067 0.720098 2.84999
-1.45121 0.15001 -0.851467
0.0888968 1.12935 1.05755
0.170563 1.01222 1.21903
-0.0875421 0.984031 1.57089
0.0117458 1.12591 1.8211
-0.0177991 1.08056 2.02472
-0.0519834 1.12762 2.2229
0.123087 1.04675 2.28548
-0.0987073 0.839453 2.72505
-1.39445 0.15001 2.84798
-0.971731 0.15001 -1.24377
0.0643054 1.00794 0.886449
-0.0128057 1.11584 1.24713
0.0833005 1.20466 1.42672
0.229084 1.10445 1.602
-0.101111 0.955167 1.87237
0.203457 1.23621 2.35834
0.00221709 1.21686 2.40176
-0.202924 1.19811 2.69102
0.556977 0.615274 2.84999
-1.69399 0.15001 -0.554505
-1.35924 0.15001 -0.352633
0.209013 1.22686 1.24734
-0.490429 0.15001 1.23764
-0.11556 0.15001 1.53646
0.102694 1.31088 1.97506
-0.080844 1.27716 2.07533
0.142114 1.41558 2.4454
0.0463407 1.27739 2.59741
-1.89752 0.15001 2.43746
-1.29541 0.15001 -1.15392
-1.67697 0.15001 -1.48659
-0.397083 0.15001 -1.91844
-1.55746 0.15001 1.9337
-0.541123 0.15001 0.976659
0.0979675 0.15001 2.10482
0.0913851 0.497668 2.53477
-0.468632 0.389762 2.74147
-2.15169 0.15001 2.8298
-0.597596 0.15001 2.22555
-0.424965 0.15001 -2.10778
0.307851 0.536543 1.01933
0.221846 0.208046 1.15058
0.0747606 0.202628 1.46769
0.111431 0.386147 1.9166
0.473764 0.20949 1.89782
0.279252 0.314071 2.20419
0.213843 0.455256 2.32852
0.181988 0.34911 2.50929
0.13636 0.170542 2.55316
-0.679231 0.15001 -1.48565
-0.00880478 0.424958 0.859913
0.0777453 0.339561 1.09019
0.0932493 0.346261 1.323
0.166988 0.347447 1.62601
-0.0841574 0.15001 1.74105
0.47307 0.390554 2.22623
-0.00325843 0.295354 2.43559
0.0307296 0.322231 2.65273
0.247043 0.151129 2.84999
-0.657635 0.15001 -1.29213
0.190917 0.434237 0.882913
1.19817 0.15001 0.570945
0.592784 0.15001 0.955222
-0.00154422 0.15001 1.17968
0.120913 0.15001 1.6923
-0.0685928 0.221987 2.20715
0.416697 0.15001 2.26265
0.327886 0.15001 2.58182
0.146791 0.467796 2.70725
-0.866782 0.15001 -2.5959
0.196633 0.555474 0.709859
0.324793 0.559366 1.22334
-1.16735 0.15001 2.78079
0.441972 0.15001 1.4182
0.0326582 0.574181 1.92242
0.251415 0.444528 2.04902
0.121646 0.633984 2.34207
0.283679 0.55685 2.48637
0.490223 0.355729 2.84999
-0.614181 0.15001 -0.907086
0.182992 0.697842 1.03425
0.29975 0.676383 1.3956
0.234434 0.15001 1.34116
0.198855 0.62246 1.81019
0.365428 0.643743 1.92147
0.329102 0.758272 2.08259
0.281763 0.729529 2.38993
0.26559 0.886716 2.54712
0.327946 0.503658 2.6689
-0.900688 0.15001 -1.92378
0.302037 0.681981 0.858537
0.197405 0.764703 1.23279
0.466314 0.15001 1.18344
0.267627 0.88077 1.64592
0.38162 0.984989 2.10312
0.270745 0.881202 2.25711
0.128888 0.874143 2.40588
0.18763 0.68891 2.70252
0.393288 0.535807 2.84999
-1.12627 0.15001 -0.813702
0.27483 0.887086 1.08169
0.366192 0.939085 1.26188
0.255941 0.634241 1.61202
0.0656548 0.949108 1.7058
0.243357 0.815059 1.87554
0.195341 0.910153 2.07386
0.28444 1.03141 2.4127
0.362948 1.05315 2.61573
0.300208 0.890907 2.7471
-0.527269 0.15001 -1.60672
0.347777 0.894028 0.888209
0.340118 1.09513 1.11142
0.168037 0.795905 1.4914
0.420596 1.16052 1.68836
0.187341 1.11955 1.95786
0.313725 1.12634 2.22869
0.117465 1.08833 2.52199
0.174633 1.05775 2.72133
1.3389 0.15001 2.81816
-0.828071 0.15001 -1.36211
-1.13897 0.15001 -0.623907
0.393462 1.15133 1.32161
0.312945 1.34553 1.6358
0.160062 1.25216 1.74904
0.393278 1.09745 1.93018
0.344153 1.25395 2.06479
0.362087 1.38352 2.34951
0.264914 1.26082 2.58524
0.162093 1.26389 2.77892
-0.878799 0.15001 -1.7353
-0.139071 0.15001 -1.28528
-0.825208 0.15001 -0.402083
-0.8596 0.15001 1.71959
-1.15694 0.15001 1.87705
-0.418254 0.15001 1.51675
0.0440513 0.15001 1.90462
-0.540908 0.15001 2.8051
0.0768519 0.321414 2.84999
-0.149386 0.501815 2.84999
-0.6811 0.15001 -2.54639
0.379154 0.495944 0.824201
0.303011 0.340723 1.02753
0.628923 0.233623 1.30801
0.359956 0.219266 1.70494
0.621588 0.351604 1.97231
0.673306 0.284804 2.1513
0.59707 0.268495 2.33285
0.471802 0.198742 2.45929
0.541161 0.212503 2.64311
-0.323935 0.15001 -2.42305
0.583855 0.439483 0.911301
0.626379 0.332103 1.13138
0.654302 0.15001 1.49261
0.662209 0.211835 1.83801
0.489724 0.24017 2.09506
0.686146 0.434377 2.28259
0.291294 0.249896 2.39773
0.736068 0.219738 2.66878
0.775945 0.15001 2.84999
-0.606626 0.15001 -2.16798
0.411321 0.638744 0.676988
0.403259 0.29543 0.853441
1.4781 0.15001 0.881996
0.55304 0.15001 1.67137
0.707569 0.644143 1.91812
0.415625 0.542845 2.08746
0.467231 0.620039 2.41495
0.936538 0.15001 2.53168
0.389031 0.219091 2.75424
-0.731962 0.15001 -2.73039
0.605098 0.629584 0.798359
0.499902 0.15001 0.713998
0.445683 0.528564 1.64398
0.576278 0.636842 1.76205
0.526607 0.520053 1.9227
0.53964 0.566821 2.22755
0.422831 0.418155 2.46289
0.688828 0.15001 2.48455
0.543356 0.150475 2.84999
-0.546734 0.15001 -1.79645
0.390804 0.713729 1.05364
0.589252 0.866806 1.2603
0.768807 0.15001 1.66197
0.39445 0.738234 1.74231
0.535965 0.697293 2.02728
0.436015 0.767597 2.24306
0.629776 0.828369 2.46637
0.613492 0.640742 2.55273
0.549499 0.463095 2.67075
-0.500888 0.15001 -2.48903
0.53218 0.775949 0.923204
0.428432 0.740732 1.25053
0.506129 0.585261 1.37779
0.623656 0.789176 1.63019
0.429637 0.853951 1.94311
0.554928 0.887222 2.10552
0.437993 0.832585 2.43885
0.342646 0.716751 2.58301
0.760851 0.633476 2.84999
-0.700775 0.15001 -1.67381
0.475896 0.833068 0.732094
0.543622 1.06736 1.19866
0.540363 0.782954 1.44504
0.397262 0.960781 1.77659
0.588457 1.01711 1.93948
0.454733 0.981703 2.30137
0.68584 1.03268 2.41267
0.667224 0.96455 2.61047
0.513578 0.876326 2.78625
-0.0746636 0.15001 -1.96661
0.4787 0.923671 1.06272
0.509435 0.990879 1.41347
0.303059 0.964481 1.45791
0.614937 1.0864 1.59562
0.673617 1.23049 1.74969
0.526372 1.14433 2.10718
0.408048 1.19428 2.43535
0.416582 1.05374 2.83377
1.3275 0.15001 2.26579
-0.245547 0.15001 -2.04137
-1.20775 0.15001 -0.202145
-0.949196 0.15001 -0.881113
0.587011 1.18757 1.40961
0.474228 1.34103 1.80073
0.322448 0.15001 0.974832
0.469227 0.620313 2.68127
1.06954 0.304266 2.83922
0.49635 1.21618 2.62649
0.535985 1.25186 2.84999
-0.961474 0.15001 -1.06208
0.000148712 0.15001 -1.41009
-1.71279 0.15001 -0.364834
-0.132999 0.15001 -1.09512
0.253051 0.15001 1.87166
0.97677 0.15001 0.612189
0.608949 0.708632 2.31233
0.0573012 0.156221 2.84995
-0.0451867 0.15001 2.6537
0.966243 0.15001 2.83771
-0.0462322 0.15001 -1.77993
0.763806 0.32866 0.976456
0.749029 0.490831 1.18704
0.780719 0.312853 1.43915
0.854424 0.232085 1.82951
0.676632 0.453874 1.80235
0.863885 0.310774 2.15782
0.907814 0.441349 2.34288
0.780405 0.380555 2.50574
0.924077 0.332983 2.65085
-0.369107 0.15001 -2.79868
-0.371795 0.15001 -1.72635
0.902219 0.486578 1.01268
1.08776 0.317436 1.29445
0.877119 0.431916 1.78409
0.817552 0.440374 1.98064
1.03038 0.288616 2.25841
0.803457 0.264259 2.34358
1.06718 0.567123 2.71004
1.51461 0.205438 2.84999
0.539965 0.453334 0.698748
0.65143 0.614109 1.0073
0.615894 0.653937 1.20978
2.21445 0.15001 1.04038
0.781819 0.587362 1.68265
0.907292 0.62937 1.8381
0.663824 0.511361 2.08528
0.823136 0.574436 2.22396
0.811467 0.638839 2.54458
1.15444 0.15001 2.84999
-0.507742 0.15001 -1.41389
0.744796 0.464026 0.770753
0.838897 0.660035 1.10025
0.8216 0.52033 1.48253
0.965798 0.798556 1.72525
0.726143 0.851771 2.01129
0.869173 0.804713 2.1516
0.715834 0.587108 2.39011
0.990246 0.716979 2.56624
0.743801 0.471562 2.67685
-0.360364 0.15001 -2.61392
0.667224 0.817172 1.07482
0.796487 0.831509 1.24091
0.62792 0.583905 1.55058
0.772946 0.771883 1.76577
0.899416 0.820234 1.92006
0.700734 0.700077 2.13496
0.803722 0.791927 2.34008
0.699496 0.769106 2.70694
0.656252 0.46949 2.84999
-0.544871 0.15001 -2.68001
0.755175 0.764974 0.890803
0.738877 1.01351 1.11256
0.707343 1.0244 1.3288
1.00476 0.989834 1.87463
0.602042 0.824223 1.852
0.798688 0.974201 2.24269
0.811433 0.844552 2.53656
0.741045 0.942311 2.80914
0.946638 0.700323 2.85
0.742803 0.648826 0.640953
0.790826 0.981987 0.904427
0.914731 1.04033 1.34713
0.977787 0.917534 1.5584
0.735014 0.967889 1.71494
0.80059 1.01025 1.90581
0.729769 1.08462 2.08357
0.893669 1.06599 2.40329
1.00647 1.16736 2.75645
0.668787 0.292607 2.84999
-0.63383 0.15001 -1.09326
-0.353465 0.15001 -1.53796
0.705394 1.20666 1.21346
0.797202 1.22027 1.41701
0.839001 0.15001 1.19348
0.836794 1.22364 1.91053
0.684247 1.20124 2.24991
0.73598 1.16484 2.58029
0.609941 1.09147 2.75262
0.931108 0.998041 2.84999
-0.0900085 0.15001 -2.15606
-0.193279 0.15001 -1.65483
1.47708 0.15001 1.21648
0.950402 0.15001 1.54404
1.83024 0.15001 0.167749
1.10326 0.15001 1.14557
0.820501 1.32666 2.12752
0.821199 1.27735 2.38937
0.844739 1.30224 2.76783
2.17444 0.15001 2.27981
-0.22461 0.15001 -1.84657
-1.31409 0.15001 -0.542849
2.1774 0.15001 0.101491
-0.143436 0.15001 0.397766
1.10979 0.15001 2.05885
1.70419 0.15001 1.74669
0.271356 0.15001 1.53851
1.23701 0.485183 2.08957
0.872961 0.303344 2.84999
1.7912 0.15001 2.84992
-0.0171906 0.15001 -1.59337
1.6549 0.15001 1.47771
0.924747 0.451238 1.29589
1.13835 0.407626 1.62976
1.0081 0.269791 1.70843
1.07325 0.434206 1.82149
0.972488 0.473032 2.12188
1.03239 0.324751 2.46072
0.959765 0.502805 2.53453
1.12546 0.374239 2.66694
-0.17826 0.15001 -2.55207
-0.331891 0.15001 -1.34556
1.22395 0.355925 1.44959
1.17428 0.15001 1.84086
1.27132 0.376275 1.81585
0.953709 0.289642 1.98502
1.21754 0.27936 2.14213
1.16929 0.619 2.54238
1.33873 0.374882 2.67469
1.89449 0.15001 2.59356
0.0991354 0.15001 -2.09415
1.13438 0.439541 0.994663
0.867374 0.652926 1.32248
1.06984 0.518697 1.43623
0.977973 0.542059 1.63524
1.05285 0.589819 1.97338
1.01125 0.654053 2.20288
1.09571 0.543748 2.37649
0.932521 0.648064 2.38429
1.31586 0.511114 2.84999
-0.147779 0.15001 -2.3534
1.00651 0.503931 0.837131
1.18834 0.785079 1.42085
1.11966 0.767261 1.60764
1.10813 0.630229 1.77097
0.868375 0.635758 2.03889
1.14238 0.437652 2.23229
1.11347 0.765414 2.40201
1.14245 0.76005 2.68835
1.08099 0.853496 2.84999
0.12699 0.15001 -2.3118
0.977978 0.671349 0.953801
1.07802 0.667841 1.28052
0.98085 0.834747 1.36987
0.919775 0.715866 1.53007
1.10812 0.807959 1.87613
1.04556 0.785765 2.06054
0.993641 0.893754 2.28929
0.991526 0.910302 2.49885
1.63069 0.50348 2.84999
0.911834 0.515817 0.648252
1.15698 0.72498 0.876081
1.11722 1.00384 1.39399
1.24981 0.94405 1.54547
1.26428 0.8083 1.75438
0.936719 0.981524 2.0746
1.28047 0.724876 2.2899
1.26693 0.918564 2.3614
1.18927 0.905498 2.55114
1.30839 0.854136 2.84999
0.136438 0.15001 -1.72402
0.915522 0.702282 0.767677
0.896368 0.843883 1.03881
0.796653 0.883534 1.46133
1.11912 0.965406 1.70423
1.28341 0.998819 1.86226
0.908078 1.15009 2.20572
1.10486 1.04702 2.40448
1.0491 0.96937 2.68662
2.79507 0.15001 1.67592
1.76289 0.15001 -2.27849
0.977133 1.04455 1.0161
1.06538 0.920873 1.19775
1.12156 1.1801 1.58649
1.12441 1.15077 1.82407
1.98929 0.15001 2.75011
1.2747 0.960798 2.08986
1.25033 1.11391 2.27638
1.1391 1.13771 2.59682
2.17007 0.15001 2.8482
-2.22162 0.15001 -1.12739
1.00826 0.871834 0.868167
1.0797 1.13401 1.21631
1.01391 1.22131 1.407
-1.53089 0.15001 -0.259365
1.13333 0.15001 1.59553
1.10674 1.19313 2.11339
1.01576 1.23273 2.45459
2.32926 0.15001 0.454891
2.37615 0.15001 2.08999
-0.772025 0.15001 -0.781935
2.55871 0.15001 -2.84033
-0.489977 0.15001 -1.21704
-0.174753 0.15001 -1.46869
1.63223 0.15001 2.39026
-0.795605 0.15001 -0.592463
1.47062 0.15001 0.0146027
-0.157772 0.15001 0.159368
1.45874 0.15001 2.06421
2.59609 0.15001 2.57772
2.32591 0.15001 -2.5021
-1.65934 0.15001 0.421418
1.22236 0.15001 0.838798
1.38121 0.482218 1.507
0.496458 0.15001 -2.10683
1.34736 0.371178 2.01144
-0.430613 0.15001 -0.613702
0.635129 0.15001 -0.85078
1.21321 0.428143 2.50303
0.760832 0.15001 -1.01323
2.69939 0.15001 -2.30101
0.917589 0.15001 -1.92129
1.32665 0.5022 1.07387
-0.96481 0.15001 -0.6954
1.57765 0.482364 1.57145
1.51985 0.304289 1.9732
1.68343 0.469971 2.27401
1.23965 0.316464 2.34609
2.25759 0.15001 2.6382
2.56433 0.15001 2.22716
0.849446 0.15001 -2.62501
1.17587 0.493239 1.22115
1.35821 0.391926 1.29098
1.21267 0.588498 1.56598
1.44297 0.429741 1.71793
1.12044 0.375268 2.00018
1.39824 0.375737 2.22287
1.50508 0.533834 2.35617
1.38319 0.530858 2.5322
1.47977 0.537146 2.71678
0.160269 0.15001 -1.53287
2.81003 0.15001 -2.0801
1.50245 0.516261 1.19885
0.726289 0.15001 -1.94555
1.50038 0.692418 1.73224
1.446 0.546432 1.90612
1.71467 0.566591 2.0567
1.30102 0.531279 2.34058
1.58481 0.467879 2.54423
2.45026 0.15001 2.75683
1.22232 0.529738 0.815299
1.17201 0.662031 1.07625
1.28649 0.607633 1.36251
1.34431 0.75119 1.57178
1.31896 0.607752 1.73439
1.24218 0.557743 1.90505
1.39754 0.578578 2.13887
1.32334 0.738166 2.49291
1.3155 0.656844 2.69119
1.75286 0.15001 1.2986
0.270194 0.15001 -2.83301
-0.283633 0.15001 0.0110103
1.40505 0.699542 1.14216
1.53864 0.682226 1.32635
1.68546 0.594125 1.71875
1.62038 0.727423 1.9424
1.41277 0.852601 2.20895
1.49889 0.746348 2.36858
1.51418 0.688498 2.56695
1.6669 0.15001 1.98259
0.0608788 0.15001 -2.84265
1.18063 0.878044 1.02614
1.24228 0.800633 1.22515
1.45296 0.927777 1.48375
1.41784 0.924573 1.68999
1.43373 0.821732 1.88799
1.26313 0.748567 2.01547
1.47154 0.954018 2.41036
1.4799 0.782413 2.75382
2.8358 0.15001 2.84309
2.82331 0.15001 -2.61932
1.06174 0.15001 -2.73805
1.44137 0.879239 1.27451
-1.31857 0.15001 0.31467
1.51773 1.0204 1.84681
1.55624 0.907083 2.07273
0.895169 0.15001 -0.130393
1.3157 1.07855 2.49874
1.38914 0.900406 2.60437
1.25148 1.02337 2.7392
0.0843482 0.15001 -2.66247
0.569227 0.15001 -0.631153
1.27192 1.01184 1.21531
2.81098 0.15001 0.577487
1.30294 1.10912 1.67441
1.40347 1.11979 2.00062
1.4411 1.05894 2.20653
2.08068 0.15001 1.71235
2.40162 0.15001 0.878522
2.84927 0.15001 1.98506
0.105913 0.15001 -1.90255
-0.785322 0.15001 -0.977776
0.797683 0.15001 -1.75285
-0.460563 0.15001 -1.02534
-1.82927 0.15001 0.421509
1.96268 0.15001 -0.551451
0.746128 0.15001 0.650267
-1.13694 0.15001 0.324203
2.48224 0.15001 2.43146
1.04189 0.15001 0.0655884
1.85103 0.15001 -2.8447
0.798723 0.15001 -2.84059
2.21847 0.15001 -2.35773
2.55417 0.15001 -2.64621
-0.315371 0.15001 -1.15207
0.301285 0.15001 -1.85731
-0.608259 0.15001 -0.689936
0.800132 0.15001 -0.352515
0.281664 0.15001 -0.576553
2.83229 0.15001 -0.0404722
2.81919 0.15001 -1.8775
2.84834 0.15001 -1.0602
0.437398 0.15001 -1.04487
2.1138 0.15001 -1.14434
2.65563 0.15001 -0.698331
2.29002 0.15001 -1.0891
2.51232 0.15001 -0.821565
2.16552 0.15001 -0.865078
2.60647 0.15001 0.570378
2.84614 0.15001 2.60629
1.57862 0.15001 -2.72192
0.922515 0.15001 -1.59028
2.3237 0.15001 -1.28096
2.13209 0.15001 -1.33795
0.26385 0.15001 -1.06547
-0.22903 0.15001 -0.696032
-0.645191 0.15001 -0.468943
2.8469 0.15001 -0.775424
0.856827 0.15001 0.375244
2.8497 0.15001 2.21366
2.8186 0.15001 -1.28679
1.77723 0.15001 -1.80347
2.62623 0.15001 -0.965055
1.73991 0.15001 -1.98898
0.857776 0.15001 -1.21176
1.86673 0.15001 -0.752078
0.784141 0.15001 -0.716616
0.690813 0.15001 0.465342
2.42649 0.15001 0.0173839
1.808 0.15001 -0.237336
-0.131962 0.15001 -2.7617
1.72203 0.15001 -1.20863
2.50937 0.15001 -1.34247
1.14566 0.15001 -1.12844
0.656617 0.15001 -1.6023
1.625 0.450016 1.86984
2.39157 0.15001 -0.261297
2.79992 0.15001 -0.385496
2.53392 0.15001 -0.530143
2.71203 0.15001 1.31594
2.6211 0.15001 -1.87969
0.648858 0.15001 -2.72379
1.70149 0.590665 1.44521
1.54974 0.731191 1.5314
-0.966594 0.15001 0.816409
-0.302186 0.15001 -0.924505
1.58988 0.69459 2.18546
2.49022 0.15001 1.82955
2.06296 0.15001 0.294859
2.83141 0.15001 2.41134
1.26529 0.15001 -2.34374
0.227183 0.15001 -2.48312
2.65209 0.15001 -1.15961
1.26409 0.15001 -1.63972
1.37254 0.15001 -1.12832
0.533378 0.15001 -1.46335
0.518068 0.15001 -0.122471
-0.714584 0.15001 0.132899
2.82357 0.15001 1.02171
1.66096 0.677015 2.7177
2.61587 0.15001 -1.51133
1.07128 0.15001 -2.01501
1.74062 0.15001 -2.49686
0.0626597 0.15001 -1.11371
-1.12311 0.15001 0.990511
0.328084 0.15001 -1.63253
0.000141362 0.15001 -0.357787
1.07088 0.15001 -0.631224
1.62984 0.15001 -0.843492
2.58796 0.15001 2.0122
0.308274 0.15001 -2.06386
-0.782364 0.15001 1.44099
-0.327862 0.15001 -0.481683
0.0761074 0.15001 -0.894601
-0.973666 0.15001 0.453893
-0.992809 0.15001 -0.502465
-0.118056 0.15001 -0.897051
1.14677 0.15001 -1.85573
0.352233 0.15001 -1.4445
-0.757391 0.15001 0.541897
2.50661 0.15001 -2.43888
2.32566 0.15001 -1.79794
0.1461 0.15001 -1.29531
-0.456687 0.15001 -0.808286
-1.8689 0.15001 0.0249544
1.12717 0.15001 0.371056
2.68485 0.15001 0.322058
0.394903 0.15001 0.0480012
2.82809 0.15001 1.48401
2.30294 0.15001 1.69894
