1000 0.1
-1.59364 0.15001 -2.05995
-1.86237 0.15001 -2.51082
-1.54818 0.15001 -1.87389
-1.23185 0.15001 -1.94232
-2.01417 0.15001 -1.67341
-1.40701 0.15001 2.49625
-2.82804 0.15001 -0.91694
-2.49221 0.15001 -0.45739
-2.21787 0.15001 -1.01076
-1.92778 0.15001 -0.0623661
-1.54174 0.15001 -2.56116
-2.36806 0.15001 -2.68945
-2.45091 0.15001 -2.50745
-1.96018 0.15001 -2.17658
-2.84795 0.15001 -2.18455
-2.77924 0.15001 -1.45254
-2.40536 0.15001 -0.993446
-2.56364 0.15001 -1.10691
-2.45038 0.15001 1.54466
-2.43319 0.15001 2.01977
-1.72026 0.15001 -2.62666
-2.65356 0.15001 -2.82993
-1.98444 0.15001 -2.36574
-1.85269 0.15001 -1.08908
-2.72831 0.15001 -2.33068
-2.06699 0.15001 -1.34947
-2.14129 0.15001 -0.367581
-1.93668 0.15001 -0.409994
-2.84963 0.15001 1.46427
-2.81369 0.15001 1.01737
-1.68436 0.15001 -2.43964
-2.17015 0.15001 -2.69027
-2.16435 0.15001 -2.39264
-2.74462 0.15001 -1.81778
-2.84999 0.15001 -1.27579
-2.80561 0.15001 -1.99939
-2.75763 0.15001 -1.0963
-2.84942 0.15001 -0.615047
-2.84588 0.15001 0.209756
-2.23628 0.15001 0.570668
-1.09376 0.15001 -2.07163
-1.58804 0.15001 -0.80745
-1.77528 0.15001 -0.756914
-1.4684 0.15001 -1.50499
-1.51304 0.15001 -1.69041
-0.79998 0.552592 1.9116
-2.6677 0.15001 -1.27533
-2.63913 0.15001 -0.934415
-2.05311 0.15001 -0.550245
-2.78733 0.15001 2.79527
-2.27297 0.15001 -2.84999
-1.15662 0.15001 -1.56524
-1.77546 0.15001 -2.11999
-2.55489 0.15001 -2.67052
-2.61941 0.15001 -1.97211
-2.50156 0.15001 -1.61948
-2.69081 0.15001 -1.63087
-2.13425 0.15001 -0.0859766
-2.60521 0.15001 1.08904
-2.82615 0.15001 2.03865
-1.45923 0.15001 -2.18853
-1.8134 0.15001 -2.30323
-2.05261 0.15001 -2.5408
-2.26947 0.15001 -2.53538
-2.42666 0.15001 -1.96148
-2.05481 0.15001 -1.85852
-2.559 0.15001 -1.79657
-2.48362 0.15001 -0.821363
-2.68102 0.15001 -0.506212
-2.8249 0.15001 1.22727
-1.96702 0.15001 -2.70356
-1.63644 0.15001 -2.24913
-1.50334 0.15001 -2.37654
-2.63513 0.15001 -2.49425
-2.65793 0.15001 -2.15698
-2.23911 0.15001 -1.91114
-2.36862 0.15001 -0.654793
-2.72236 0.15001 -0.757728
-2.56013 0.15001 0.857679
-2.8261 0.15001 1.68932
-1.43053 0.15001 -1.30576
-1.32899 0.15001 -1.63103
-1.36993 0.15001 -1.81313
-2.53821 0.15001 -2.32683
-2.34667 0.15001 -2.3484
-2.4818 0.15001 -1.27569
-2.3306 0.15001 -1.16537
-2.59423 0.15001 -1.45299
-2.65033 0.15001 0.163228
-2.84905 0.15001 0.612451
-1.05099 0.15001 -1.87998
-2.08182 0.15001 -2.84999
-2.46606 0.15001 -2.84969
-2.46691 0.15001 -2.14793
-1.73202 0.15001 -1.93538
-2.14679 0.15001 -1.52536
-2.31748 0.15001 -1.59896
-1.18177 0.15001 -0.30897
-2.55854 0.15001 -0.64857
-2.84999 0.15001 -0.427521
-1.18784 0.15001 -2.44302
-1.46964 0.15001 1.3596
-2.24042 0.15001 1.4286
-0.467278 0.398094 1.56813
-0.548741 0.463123 1.81586
-0.86613 0.15001 2.02036
-0.967761 0.15001 0.726562
-0.527281 0.343246 2.33529
-0.512174 0.387943 2.52051
-0.656742 0.339479 2.65344
-1.3644 0.15001 -2.49787
-0.508362 0.420779 1.04905
-1.76959 0.15001 0.522394
-0.629885 0.500681 1.47066
-0.65761 0.413093 1.65391
-2.29374 0.15001 -0.835104
-0.703236 0.375308 2.24042
-0.679643 0.427345 2.43378
-0.729314 0.56397 2.58974
-1.28776 0.15001 2.82854
-0.861612 0.15001 -2.51587
-0.57412 0.467554 1.23968
-0.567157 0.687969 1.31766
-0.440999 0.600222 1.46736
-0.536523 0.581389 1.64631
-0.610148 0.65514 1.85409
-1.85225 0.15001 -0.580179
-0.503549 0.630999 2.30226
-0.544806 0.597213 2.50054
-0.675723 0.549051 2.84999
-1.23261 0.15001 -2.62864
-0.737008 0.15001 -1.93586
-1.87488 0.15001 -1.80803
-0.600392 0.736663 1.52209
-0.736803 0.617301 1.69054
-0.63825 0.544846 2.0207
-0.684562 0.615253 2.20103
-0.719284 0.635457 2.39764
-0.82149 0.395205 2.56052
-0.590263 0.769127 2.84999
-1.12059 0.15001 -1.37821
-0.51097 0.624225 1.09089
-0.521417 0.898703 1.34351
-0.502032 0.95638 1.59817
-0.577226 0.811553 1.72682
-0.479288 0.80574 1.93262
-0.493971 0.719682 2.11645
-0.461774 0.839903 2.35957
-0.574782 0.726187 2.65491
-0.818656 0.437471 2.75015
-1.0122 0.15001 -1.68789
-1.56088 0.15001 -1.00251
-2.28463 0.15001 -2.09176
-0.676159 0.929724 1.4884
-2.37383 0.15001 -1.77744
-0.670446 0.808058 2.03016
-0.644534 0.807563 2.26561
-0.626715 0.806479 2.47621
-1.98088 0.15001 -0.722477
-2.3239 0.15001 2.84242
-1.41062 0.15001 -0.714626
-1.13931 0.15001 -2.26036
-0.419435 0.791284 1.19092
-0.436525 1.08776 1.44931
-2.40929 0.15001 -1.44348
-0.38563 0.99788 2.00535
-0.553764 0.944024 2.13763
-0.38903 1.04003 2.33151
-0.761356 0.701302 2.74463
-2.5989 0.15001 2.84959
-1.27543 0.15001 -2.12972
-1.60809 0.15001 -1.37723
-1.6925 0.15001 -1.75272
-1.96199 0.15001 -1.49706
-2.19014 0.15001 -1.7289
-0.580656 1.05201 1.96232
-0.6013 1.04225 2.31524
-2.10489 0.15001 -0.859301
-2.6671 0.15001 -0.294687
-2.62675 0.15001 1.7059
-1.18837 0.15001 -1.75756
-1.41109 0.15001 -1.1145
-2.09699 0.15001 -2.03925
-1.82914 0.15001 -1.62656
-2.14579 0.15001 -2.21537
-1.91431 0.15001 -1.99104
-0.44968 1.14458 2.15581
-2.33282 0.15001 -0.364623
-1.79704 0.15001 1.20417
-1.4607 0.15001 1.68215
-0.979384 0.15001 -1.50005
-1.73369 0.15001 -0.942662
-2.25264 0.15001 -1.34229
-1.78761 0.15001 -1.43997
-2.84219 0.15001 -0.131132
-0.328564 0.15001 0.397364
-2.03254 0.15001 -1.03513
-2.2778 0.15001 2.11339
-1.99623 0.15001 -0.233826
-2.584 0.15001 0.370376
-1.24992 0.15001 -0.807133
-0.132246 0.15001 0.872356
-0.288032 0.356681 1.18789
-0.36055 0.422832 1.39158
-0.486089 0.196644 1.65226
-0.397272 0.36466 1.89029
-0.387152 0.372288 2.09463
-0.348845 0.268543 2.30245
-0.334886 0.294015 2.49972
-0.432461 0.256576 2.67497
-1.05097 0.15001 -2.56965
0.217537 0.15001 0.875274
-0.398986 0.584449 1.25911
-0.310985 0.557205 1.63508
-0.439517 0.554964 1.96961
-0.573167 0.360975 1.99255
-0.535046 0.466103 2.18276
-0.381617 0.466129 2.38159
-0.559775 0.517754 2.69116
-0.232337 0.166304 2.84817
-1.51309 0.15001 0.836859
-0.335657 0.526749 1.04916
-0.21128 0.521125 1.29576
-0.233608 0.620984 1.45769
-0.21295 0.754202 1.59722
-0.1975 0.406715 1.88883
-0.361575 0.563483 2.15614
-0.221931 0.481018 2.26969
-0.213747 0.50977 2.49493
-0.576904 0.367616 2.84999
-1.3212 0.15001 -2.31196
-0.196385 0.684266 0.8793
-0.357811 0.772464 1.38762
-0.410111 0.773507 1.59025
-0.406652 0.677729 1.77519
-0.297167 0.727903 2.04063
-0.334143 0.731779 2.25078
-0.365642 0.661076 2.4519
-0.374957 0.457396 2.62334
-0.241342 0.369184 2.84999
-0.508709 0.15001 -2.38191
-1.57876 0.15001 -1.19042
-0.266682 0.735554 1.06612
-0.152236 0.809528 1.40151
-0.212727 0.956214 1.72604
-0.176484 0.73218 1.78647
-0.361387 0.905082 2.1759
-0.272165 0.893437 2.41867
-0.210495 0.752785 2.54249
-0.459232 0.596454 2.84999
-0.779776 0.15001 -2.12993
-0.112882 0.869999 0.994809
-0.313924 0.963839 1.31418
-0.295943 0.954933 1.5369
-0.39891 0.906645 1.77686
-0.19846 0.908756 2.04374
-0.169454 0.894617 2.24398
-0.512266 0.98501 2.50175
-0.296472 0.843373 2.70829
-0.228263 0.992987 2.84999
-1.00367 0.15001 -2.39029
-0.452188 0.574704 0.891471
-0.292986 0.952716 1.06832
-0.14512 1.04944 1.41587
-0.158037 1.15387 1.73597
-0.323166 1.10069 1.84792
-0.249065 1.07694 2.17221
-0.192544 1.08291 2.39397
-0.159164 0.950657 2.59421
-2.68602 0.15001 2.63046
-0.958204 0.15001 -2.20122
-0.832012 0.15001 -1.62373
-0.289474 1.18598 1.33113
-0.397123 1.12171 1.66029
-0.457407 0.15001 1.87993
-0.28249 1.21364 2.01949
-0.128891 1.25896 2.27626
-2.17877 0.15001 -0.679476
-0.633501 0.921525 2.68757
-0.425466 0.890021 2.84999
-1.24437 0.15001 -1.03499
-1.75805 0.15001 -1.25579
-0.763041 0.15001 -1.24474
-0.244617 1.20519 1.54306
-0.196744 1.35783 1.732
-0.0282189 0.15001 0.3286
-1.01705 0.15001 1.57258
-2.31301 0.15001 1.07906
-0.447742 1.04611 2.69398
-2.12526 0.15001 2.28875
-1.29578 0.15001 -1.4355
-0.681579 0.15001 -2.44764
-2.22179 0.15001 2.47174
-1.91224 0.15001 -0.894649
-1.44455 0.15001 0.168628
-0.944432 0.15001 2.40339
-0.815601 0.15001 2.20713
-1.26088 0.15001 0.597263
-1.77966 0.15001 2.25142
-2.23208 0.15001 1.77962
-1.47438 0.15001 -0.524808
0.0644196 0.469828 1.03784
-0.0298099 0.405736 1.22371
-0.235126 0.384683 1.55038
-0.18309 0.207101 1.8146
-0.289612 0.24335 1.99263
-0.207695 0.309785 2.17032
-0.0338053 0.358407 2.26705
-0.138652 0.224147 2.56637
-0.0686205 0.402055 2.66998
-0.334572 0.15001 -2.31279
-0.0711692 0.465892 0.712295
-0.159572 0.347083 0.985643
-0.0808373 0.422521 1.41386
-0.248415 0.18683 1.58537
-0.195601 0.493108 2.0708
0.106581 0.174891 2.28818
-0.170739 0.339272 2.40335
-0.247222 0.336593 2.66952
-0.0275361 0.15001 2.84999
-0.82342 0.15001 -2.32818
-0.0151658 0.635203 0.958801
0.128895 0.497729 1.3035
-0.0920208 0.532482 1.5764
-0.621155 0.15001 2.04658
-0.138621 0.15001 2.02416
-0.0547502 0.354276 2.05011
-0.0472867 0.55301 2.28678
-0.00954469 0.450364 2.4816
-0.0647405 0.317114 2.84999
2.73271 0.15001 0.39443
0.0218909 0.645037 0.753295
0.0195628 0.619264 1.16664
-0.0275337 0.633836 1.36799
-1.56795 0.15001 1.86844
-0.12775 0.632969 1.94928
0.279598 0.553524 2.21927
-0.195931 0.66245 2.35597
-0.00130653 0.578509 2.65195
0.29115 0.369368 2.84999
-0.600763 0.15001 -2.05897
0.0734472 0.809396 1.05853
-0.205699 0.15001 1.12843
-0.0184046 0.71907 1.55968
-0.0970999 0.532735 1.77033
0.315697 0.15001 2.03539
-0.148017 0.668941 2.16154
-0.0243139 0.764993 2.28972
-0.0560429 0.650533 2.47514
-0.25286 0.5722 2.84999
-1.41184 0.15001 -2.00175
0.14895 0.754354 0.871743
0.0164209 0.809644 1.25496
0.0376299 0.929205 1.41777
0.0310211 0.705413 1.82798
0.090876 0.875984 1.91919
0.157322 0.637375 2.0225
-0.041476 0.930694 2.42506
-0.197295 0.597611 2.66726
0.316167 0.649973 2.84999
-1.40152 0.15001 -0.911454
0.0883252 1.06453 1.05709
0.171538 0.950522 1.2167
-0.0911454 0.914766 1.57211
0.0109996 1.06347 1.82186
-0.0198236 1.01846 2.02429
-0.0515128 1.06158 2.22218
0.121414 0.987248 2.2898
-0.10787 0.773065 2.71834
-1.09136 0.15001 2.84999
-0.945614 0.15001 -1.31022
0.0672644 0.941186 0.889307
-0.010757 1.05243 1.2484
0.0832891 1.14145 1.42576
0.23097 1.04213 1.60187
-0.0973404 0.8932 1.87335
0.203056 1.17155 2.35416
0.00261436 1.15119 2.39969
-0.202212 1.13117 2.69071
0.532012 0.629186 2.84999
-1.65421 0.15001 -0.605611
-1.37555 0.15001 -0.35412
0.211242 1.164 1.24901
-0.160256 0.468568 1.1152
0.00119932 0.15001 1.70319
0.101369 1.24439 1.97656
-0.0799187 1.21139 2.07722
0.143637 1.34869 2.44311
0.0486627 1.21211 2.59328
-1.45198 0.15001 2.69414
-1.25272 0.15001 -1.23493
-1.649 0.15001 -1.56366
-0.409836 0.15001 -2.00291
-0.85372 0.15001 1.43499
-0.520926 0.15001 1.15927
0.101926 0.282629 2.14287
0.118765 0.642807 2.52501
-0.391777 0.623927 2.679
-1.93409 0.15001 2.8334
-0.578426 0.15001 2.50892
-0.465324 0.15001 -2.18464
0.30697 0.464112 1.02273
0.213638 0.167151 1.16865
0.0887751 0.150331 1.45801
0.107079 0.337989 1.92944
0.483146 0.153999 1.90583
0.287382 0.234497 2.19339
0.214533 0.399339 2.32594
0.160118 0.332617 2.50419
0.186167 0.15001 2.58083
-0.651324 0.15001 -1.56624
-0.00927559 0.364213 0.871616
0.0852381 0.286062 1.09333
0.0750405 0.281087 1.31907
0.166064 0.232718 1.65558
-0.00731405 0.15001 1.89384
0.485157 0.344494 2.21876
0.00376477 0.243838 2.43468
0.0389856 0.242649 2.65216
0.161512 0.15001 2.84999
-0.620491 0.15001 -1.37709
0.184183 0.377265 0.887148
0.702058 0.15001 0.419489
0.613933 0.15001 0.950739
-0.0880239 0.15001 1.32694
0.169492 0.15001 1.82953
-0.0584951 0.174576 2.18918
0.428472 0.15001 2.2854
0.342683 0.233034 2.6059
0.13796 0.420209 2.67452
-0.628396 0.15001 -2.63247
0.197555 0.492182 0.71212
0.32005 0.502846 1.22211
-1.01616 0.15001 2.23297
0.382014 0.15001 1.54133
0.0366562 0.519639 1.91458
0.26556 0.388723 2.05349
0.123414 0.574266 2.34966
0.229523 0.506515 2.52361
0.450531 0.289151 2.84999
-0.571729 0.15001 -0.973582
0.183609 0.631148 1.03347
0.293444 0.624524 1.38728
0.254166 0.15001 1.34951
0.205915 0.567798 1.81676
0.368786 0.582719 1.93059
0.341533 0.696538 2.09643
0.2812 0.660882 2.38657
0.27346 0.813824 2.54123
0.343705 0.47861 2.6769
-0.915439 0.15001 -2.0051
0.299499 0.617303 0.86101
0.196202 0.70246 1.227
0.448016 0.15001 1.36222
0.274163 0.822827 1.64314
0.388659 0.920405 2.10721
0.270123 0.813622 2.25227
0.133478 0.813897 2.39754
0.207488 0.627748 2.69316
0.429675 0.48596 2.84999
-1.06674 0.15001 -0.82585
0.276102 0.82232 1.08388
0.362131 0.874328 1.26407
0.25473 0.573626 1.62091
0.0612921 0.889482 1.70813
0.252704 0.755289 1.88684
0.207026 0.845559 2.07006
0.281116 0.968902 2.41441
0.359929 0.990025 2.61568
0.302033 0.823533 2.74258
-0.506686 0.15001 -1.68845
0.345829 0.830426 0.892663
0.33939 1.03218 1.11282
0.169776 0.731535 1.50076
0.418974 1.10064 1.68804
0.185513 1.05522 1.95592
0.312611 1.05804 2.22805
0.119999 1.02741 2.51858
0.177669 0.996772 2.71607
1.10019 0.39886 2.84999
-0.801823 0.15001 -1.43406
-1.0388 0.15001 -0.634335
0.395752 1.08845 1.31942
0.310966 1.28148 1.63776
0.158324 1.18831 1.7486
0.390317 1.02758 1.93298
0.345965 1.18654 2.06684
0.361597 1.31807 2.35091
0.264235 1.19915 2.58524
0.161842 1.20022 2.77531
-0.873299 0.15001 -1.81213
-0.0897921 0.15001 -1.37442
-0.743923 0.15001 -0.367988
-0.376577 0.15001 1.28412
-0.656421 0.15001 1.34997
-0.0791081 0.15001 1.52634
0.130165 0.15001 2.02165
-0.701146 0.15001 2.84996
0.0348759 0.613787 2.83618
-0.0921931 0.485917 2.84999
-0.44508 0.15001 -2.5598
0.373619 0.433066 0.825731
0.296868 0.26791 1.02702
0.625117 0.177106 1.30857
0.35137 0.151931 1.72573
0.626056 0.295 1.97101
0.670204 0.233252 2.14956
0.602348 0.21395 2.33372
0.442427 0.151126 2.47878
0.487634 0.151223 2.68436
-0.076876 0.15001 -2.51926
0.588935 0.38556 0.911181
0.637707 0.266603 1.14053
0.588106 0.15001 1.51096
0.657757 0.160322 1.83902
0.487778 0.184002 2.10177
0.683959 0.389031 2.28724
0.259173 0.202084 2.39933
0.731557 0.159491 2.68962
0.852313 0.15001 2.84999
-0.645267 0.15001 -2.25511
0.41072 0.5768 0.681984
0.399413 0.235711 0.855667
0.854705 0.15001 0.823178
0.538934 0.15001 1.69684
0.709121 0.585334 1.92125
0.421673 0.492153 2.09697
0.489922 0.555452 2.41534
0.85573 0.15001 2.52182
0.321795 0.152612 2.77239
-0.466015 0.15001 -2.74645
0.605957 0.571206 0.801535
0.413727 0.15001 0.518879
0.453951 0.472393 1.64705
0.57613 0.575614 1.77143
0.532829 0.463764 1.93473
0.548581 0.530351 2.23401
0.378871 0.41119 2.47396
0.635924 0.152232 2.51954
0.565508 0.15001 2.84999
-0.547436 0.15001 -1.87631
0.386231 0.644365 1.0531
0.588679 0.802851 1.2616
0.849083 0.15001 1.60779
0.394969 0.67111 1.75093
0.549781 0.631035 2.04034
0.47302 0.710064 2.2373
0.627733 0.754914 2.4128
0.606809 0.631387 2.55047
0.537296 0.522876 2.6836
-0.25024 0.15001 -2.46835
0.528583 0.711182 0.928935
0.428345 0.680281 1.24573
0.509454 0.529932 1.37638
0.628773 0.719907 1.63444
0.432527 0.787951 1.94748
0.549974 0.816631 2.08898
0.438384 0.746064 2.41909
0.388955 0.662381 2.6104
0.705215 0.575371 2.84999
-0.689607 0.15001 -1.74921
0.474598 0.769032 0.739607
0.544138 1.00192 1.1987
0.544974 0.725019 1.44875
0.388991 0.886697 1.78762
0.587474 0.947066 1.95094
0.440165 0.909428 2.3078
0.692187 0.970474 2.418
0.678339 0.90268 2.61169
0.507887 0.810588 2.7575
-0.0923612 0.15001 -2.06101
0.476479 0.861824 1.06364
0.508565 0.927805 1.40981
0.306157 0.900017 1.45806
0.618964 1.02346 1.5985
0.673445 1.16832 1.74881
0.526308 1.08036 2.1056
0.401988 1.13022 2.43757
0.426218 0.979532 2.82733
1.21598 0.261723 2.84999
-0.276461 0.15001 -2.12904
-0.994404 0.15001 -0.287855
-0.915486 0.15001 -0.93988
0.587827 1.12037 1.41092
0.473944 1.27887 1.80027
0.456451 0.15001 1.14542
0.523175 0.786102 2.57715
0.876654 0.740295 2.66437
0.49502 1.1476 2.62628
0.541818 1.17766 2.84999
-0.912314 0.15001 -1.12705
0.138075 0.15001 -1.54288
-1.74466 0.15001 -0.420711
-0.0550489 0.15001 -1.1256
0.320129 0.242589 1.88148
0.653312 0.15001 0.591869
0.633922 0.825772 2.24993
0.149458 0.476703 2.84999
0.110077 0.306807 2.84999
0.966339 0.279783 2.84999
-0.0261556 0.15001 -1.85427
0.760485 0.271838 0.986662
0.747851 0.429822 1.1856
0.754115 0.230946 1.44907
0.840629 0.183535 1.83336
0.681291 0.402108 1.81103
0.859689 0.263424 2.16236
0.897516 0.392834 2.33803
0.787914 0.332718 2.53116
0.933931 0.27798 2.65761
0.23901 0.15001 -2.84731
-0.367656 0.15001 -1.8123
0.895587 0.416602 1.01176
1.09648 0.258785 1.29275
0.87923 0.377052 1.79495
0.812283 0.385125 1.9885
1.04045 0.267025 2.25334
0.801467 0.223484 2.33885
1.02085 0.51166 2.69274
1.34563 0.15001 2.84999
0.538821 0.39526 0.70361
0.650915 0.554539 1.00905
0.613151 0.591231 1.20738
1.63328 0.15001 1.14544
0.785036 0.530336 1.69149
0.912132 0.568101 1.84868
0.674311 0.478417 2.09315
0.809358 0.531925 2.22941
0.791393 0.586944 2.53256
1.07947 0.15001 2.84987
-0.47026 0.15001 -1.501
0.743995 0.403958 0.770275
0.833129 0.597469 1.1022
0.819923 0.461336 1.48299
0.965495 0.727939 1.73105
0.727116 0.778012 2.02275
0.864832 0.734741 2.15495
0.683061 0.56858 2.37347
0.986153 0.64955 2.55605
0.796822 0.461815 2.6757
-0.103047 0.15001 -2.72765
0.663314 0.756009 1.07633
0.792333 0.764959 1.24043
0.634693 0.522224 1.55816
0.771872 0.710116 1.76968
0.888897 0.760916 1.91516
0.67982 0.663596 2.18929
0.810156 0.726477 2.33377
0.701122 0.705729 2.70356
0.602212 0.411731 2.84952
-0.276377 0.15001 -2.65044
0.750776 0.70522 0.892669
0.736931 0.949876 1.11232
0.707193 0.959173 1.32699
1.00342 0.919732 1.87222
0.604791 0.757579 1.86109
0.806588 0.908763 2.24011
0.785094 0.783895 2.50961
0.744902 0.880681 2.79936
0.925253 0.642509 2.80369
0.741857 0.586384 0.64439
0.79066 0.919734 0.906318
0.913304 0.979637 1.34735
0.976205 0.859231 1.56172
0.735027 0.90333 1.71979
0.80016 0.942333 1.91084
0.730079 1.01866 2.0848
0.894405 0.997244 2.39887
1.00482 1.09974 2.75493
0.706048 0.259053 2.84999
-0.589696 0.15001 -1.17214
-0.321745 0.15001 -1.62568
0.70387 1.14125 1.21415
0.795563 1.1581 1.41654
0.832082 0.15001 1.24585
0.836652 1.16066 1.9103
0.689201 1.138 2.24708
0.733767 1.09681 2.57992
0.60969 1.02483 2.74437
0.930738 0.932744 2.84999
-0.147493 0.15001 -2.27715
-0.180111 0.15001 -1.75286
1.29896 0.15001 1.15552
0.996989 0.15001 1.43123
1.27578 0.15001 0.813089
1.02723 0.15001 1.01243
0.821264 1.26112 2.12949
0.822667 1.21233 2.3876
0.847989 1.23753 2.7677
2.32406 0.15001 2.21845
-0.225902 0.15001 -1.93196
-1.22579 0.15001 -0.614301
1.51052 0.15001 0.688676
0.171655 0.15001 0.678816
1.19712 0.15001 1.60758
2.0817 0.15001 1.88402
0.236312 0.255933 1.49273
1.15645 0.617889 2.1821
0.825913 0.390331 2.84999
1.70877 0.15001 2.8433
0.00647847 0.15001 -1.66885
1.44637 0.15001 0.912714
0.924715 0.392796 1.29603
1.13281 0.354177 1.6338
1.0018 0.211204 1.72079
1.07389 0.36882 1.8275
0.964882 0.415282 2.12589
1.01853 0.263169 2.46332
0.948969 0.444067 2.52456
1.12473 0.328187 2.67419
0.0807044 0.15001 -2.75285
-0.282257 0.15001 -1.44334
1.22613 0.299943 1.44854
1.41102 0.15001 1.71208
1.27064 0.329101 1.81938
0.953449 0.24012 1.98197
1.21117 0.245558 2.15061
1.15973 0.557192 2.54613
1.33666 0.317347 2.6725
1.56854 0.15001 2.68417
0.0260929 0.15001 -2.20617
1.13453 0.37891 0.991479
0.868626 0.591768 1.32196
1.07388 0.459724 1.43882
0.973983 0.482615 1.64033
1.05432 0.529746 1.98764
0.986414 0.577586 2.21596
1.09625 0.479138 2.3661
0.926177 0.584242 2.39082
1.31805 0.44939 2.84999
0.115119 0.15001 -2.38835
1.00555 0.431391 0.835935
1.18738 0.720954 1.42555
1.1168 0.699528 1.61038
1.10619 0.562987 1.77778
0.863738 0.574636 2.04232
1.16663 0.447238 2.1731
1.10918 0.701932 2.40983
1.13621 0.6946 2.68753
1.07438 0.780708 2.84999
0.312994 0.15001 -2.41671
0.97992 0.605281 0.955794
1.0794 0.604929 1.2838
0.981546 0.769584 1.36731
0.922114 0.650138 1.52979
1.10814 0.739496 1.88017
1.0203 0.713377 2.04858
0.986795 0.827352 2.2929
0.984772 0.843785 2.49622
1.62347 0.443921 2.84999
0.91026 0.453659 0.653498
1.16498 0.666645 0.875841
1.11735 0.940943 1.39328
1.24656 0.880608 1.54637
1.25647 0.746867 1.75542
0.930539 0.912224 2.07899
1.28272 0.663574 2.30076
1.26419 0.850103 2.36767
1.184 0.84205 2.55253
1.31146 0.794212 2.84999
0.157233 0.15001 -1.78903
0.911099 0.641746 0.762222
0.890835 0.785216 1.04163
0.7981 0.823777 1.45776
1.11951 0.902616 1.70554
1.28365 0.937855 1.86108
0.902517 1.08186 2.20679
1.10236 0.981593 2.40673
1.0545 0.902986 2.6923
2.52763 0.15001 1.60397
1.41418 0.15001 -2.55682
0.976532 0.981395 1.01587
1.06796 0.858118 1.2006
1.1224 1.11768 1.58513
1.12069 1.08262 1.82527
1.98779 0.15001 2.81926
1.27858 0.897272 2.09267
1.24804 1.04495 2.28195
1.13651 1.07152 2.59734
2.17223 0.15001 2.84999
-2.14481 0.15001 -1.18394
1.00906 0.817023 0.867694
1.07946 1.07024 1.21731
1.01322 1.15673 1.40808
-1.3039 0.15001 0.00499596
1.79117 0.15001 1.40444
1.10646 1.13183 2.11339
1.01323 1.16443 2.45392
1.89223 0.15001 0.99118
2.49226 0.15001 2.0631
-0.718389 0.15001 -0.854431
2.33896 0.15001 -2.62074
-0.446481 0.15001 -1.30526
-0.137127 0.15001 -1.55904
1.47854 0.15001 2.48723
-0.626882 0.15001 -0.561986
2.57021 0.15001 0.216271
0.312706 0.15001 -0.0124461
1.62144 0.15001 2.1652
2.62721 0.15001 2.58261
2.32829 0.15001 -2.81218
-1.04401 0.15001 0.540507
1.31308 0.15001 -0.096071
1.37733 0.422218 1.50835
0.406136 0.15001 -2.23856
1.32596 0.33221 2.02118
-0.173701 0.15001 -0.709612
0.724772 0.15001 -0.980017
1.20298 0.370552 2.50504
1.55292 0.15001 -0.683012
2.78729 0.15001 -2.76461
1.28497 0.15001 -2.29857
1.32326 0.440907 1.0776
-0.881429 0.15001 -0.748476
1.56959 0.423611 1.57263
1.50189 0.233121 1.98265
1.67529 0.411072 2.27777
1.22071 0.305258 2.32723
2.21171 0.15001 2.63955
2.59364 0.15001 2.31543
0.760698 0.15001 -2.45469
1.17646 0.433018 1.22433
1.35692 0.334911 1.29319
1.21418 0.528 1.57208
1.4389 0.369463 1.71762
1.11875 0.341955 2.01643
1.39621 0.318668 2.22778
1.49969 0.472167 2.35614
1.37684 0.467399 2.53001
1.47546 0.478706 2.7151
0.34664 0.15001 -1.66657
2.69194 0.15001 -2.57975
1.49762 0.4563 1.20107
0.774511 0.15001 -2.19091
1.49438 0.627006 1.73073
1.43766 0.481813 1.9033
1.71374 0.506694 2.05648
1.30271 0.480456 2.34401
1.57837 0.409973 2.54429
2.42701 0.15001 2.80817
1.22056 0.46953 0.816845
1.1806 0.602321 1.08025
1.28379 0.545554 1.36448
1.34073 0.688784 1.57668
1.3089 0.547284 1.75139
1.24017 0.496799 1.93452
1.36073 0.50929 2.13101
1.31755 0.670763 2.48638
1.31153 0.594943 2.68503
2.33995 0.15001 0.844653
0.728591 0.15001 -2.80201
0.775993 0.15001 -0.423702
1.40196 0.638721 1.14492
1.53873 0.619493 1.32866
1.67965 0.532102 1.71832
1.61923 0.665924 1.94258
1.40262 0.784377 2.21518
1.49743 0.683536 2.36987
1.50715 0.625143 2.56508
2.3428 0.15001 1.70064
0.46686 0.15001 -2.81738
1.17855 0.814793 1.02831
1.24124 0.737418 1.23121
1.44894 0.865738 1.48841
1.40994 0.858401 1.69245
1.43579 0.758745 1.88452
1.24678 0.663947 2.03406
1.4672 0.889568 2.41107
1.47558 0.72122 2.74852
2.64193 0.15001 2.84511
2.52325 0.15001 -2.84932
1.34426 0.15001 -2.75187
1.44028 0.818347 1.27566
-1.07574 0.15001 0.25486
1.51377 0.956358 1.84454
1.54999 0.84323 2.07875
0.840364 0.15001 -0.603985
1.3122 1.01473 2.4997
1.38147 0.831813 2.59976
1.24874 0.957763 2.73949
0.194102 0.15001 -2.57687
0.617895 0.15001 -1.55829
1.27192 0.947608 1.21559
2.13937 0.15001 0.582576
1.30078 1.04499 1.67325
1.40371 1.056 2.00001
1.43537 0.992509 2.20653
2.09246 0.15001 1.00916
2.61854 0.15001 0.908138
2.79969 0.15001 1.94568
0.0967429 0.15001 -1.99661
-0.747113 0.15001 -1.04672
0.930118 0.15001 -1.79396
-0.407769 0.15001 -1.10226
-1.75361 0.15001 0.0732899
1.91631 0.15001 -0.113225
0.73314 0.15001 0.201587
-0.566789 0.15001 -0.0750339
2.31726 0.15001 2.4492
1.43387 0.15001 -0.55134
1.97943 0.15001 -2.83175
1.13123 0.15001 -2.83311
1.76106 0.15001 -2.57733
1.94865 0.15001 -2.5823
-0.265902 0.15001 -1.24949
0.595497 0.15001 -2.12186
-0.487694 0.15001 -0.717061
1.33497 0.15001 -0.930416
1.21237 0.15001 -0.716377
2.76978 0.15001 -0.370725
2.82717 0.15001 -2.32059
2.84528 0.15001 -1.32546
1.22585 0.15001 -1.2733
2.03657 0.15001 -1.23378
2.36574 0.15001 -1.08415
2.21391 0.15001 -1.47872
2.58756 0.15001 -1.19766
2.42208 0.15001 -0.645384
2.81263 0.15001 0.886812
2.83008 0.15001 2.75367
1.56275 0.15001 -2.83517
1.32869 0.15001 -2.04762
2.37569 0.15001 -1.56568
2.40419 0.15001 -1.9956
0.272072 0.15001 -1.16408
-0.0066869 0.15001 -0.906518
0.185274 0.15001 -0.219904
2.8234 0.15001 -0.782248
0.965738 0.15001 -0.266427
2.84369 0.15001 2.14959
2.79232 0.15001 -1.56479
1.78126 0.15001 -2.15075
2.79618 0.15001 -1.00369
2.24986 0.15001 -1.73487
1.11454 0.15001 -1.7384
2.02848 0.15001 -1.5389
1.02396 0.15001 -0.885781
0.554084 0.15001 0.0166464
2.8417 0.15001 0.204633
2.2387 0.15001 -0.575078
0.375508 0.15001 -2.61752
1.98005 0.15001 -1.90704
2.65705 0.15001 -1.84041
1.46701 0.15001 -1.68764
0.898976 0.15001 -1.62479
1.6182 0.392891 1.87031
2.00634 0.15001 -0.814668
2.84547 0.15001 -0.566343
2.55373 0.15001 -0.441923
2.74037 0.15001 1.23328
2.48903 0.15001 -2.51763
0.963582 0.15001 -2.71811
1.69619 0.526109 1.44937
1.54418 0.668734 1.53242
-0.348291 0.15001 -0.056687
-0.210956 0.15001 -0.952983
1.58844 0.633858 2.18894
2.84836 0.15001 1.63493
2.77981 0.15001 -0.171808
2.80379 0.15001 2.34479
1.0488 0.15001 -2.47794
0.55593 0.15001 -2.3988
2.63184 0.15001 -1.43404
1.8687 0.15001 -1.18432
1.57903 0.15001 -0.954651
0.545902 0.15001 -1.77527
0.59141 0.15001 -0.526974
-0.40283 0.15001 -0.451484
2.83393 0.15001 1.07624
1.6547 0.61685 2.71598
2.84834 0.15001 -1.75562
1.77358 0.15001 -1.92036
1.61499 0.15001 -2.25814
0.0684105 0.15001 -1.25407
-0.526998 0.15001 0.324089
0.384883 0.15001 -1.90332
0.482426 0.15001 -1.1851
1.79391 0.15001 -0.999409
1.70479 0.15001 -0.429429
2.62532 0.15001 1.83916
0.211884 0.15001 -2.22433
-0.841767 0.15001 0.882781
0.251057 0.15001 -0.854783
0.829719 0.15001 -0.819866
-0.370434 0.15001 1.03996
-0.857892 0.15001 -0.528977
0.125282 0.15001 -1.03238
1.907 0.15001 -1.40056
0.994982 0.15001 -1.1505
-0.141148 0.15001 -0.409498
2.0868 0.15001 -2.07245
2.51203 0.15001 -2.15644
0.334247 0.15001 -1.47753
-0.395035 0.15001 -0.901923
-1.06015 0.15001 0.0533973
1.69207 0.15001 -0.236908
1.97454 0.15001 0.617859
0.507282 0.15001 -0.353303
2.80958 0.15001 1.41665
2.33356 0.15001 1.50278
