1000 0.1
-2.51141 0.15001 -2.15961
-2.66519 0.15001 -1.73311
-2.63714 0.15001 -1.29271
-2.48239 0.15001 -1.17172
-2.2197 0.15001 0.370295
-0.774992 0.15001 1.52756
-2.6489 0.15001 1.36861
-2.69858 0.15001 1.9056
-1.97219 0.15001 1.30906
-2.15401 0.15001 2.23249
-2.6986 0.15001 -2.67134
-2.82209 0.15001 -1.21348
-2.84856 0.15001 -0.838996
-2.59932 0.15001 -0.330958
-2.82588 0.15001 0.434558
-2.84925 0.15001 0.969922
-2.84999 0.15001 1.35823
-2.74601 0.15001 1.55525
-2.84999 0.15001 2.29567
-2.05259 0.15001 2.84999
-2.82769 0.15001 -2.83926
-2.82452 0.15001 -1.02494
-2.70149 0.15001 -0.725404
-1.6015 0.15001 0.546606
-2.84512 0.15001 -0.0451231
-2.13706 0.15001 1.13407
-1.78328 0.15001 1.32113
-1.54165 0.15001 1.82323
-2.65942 0.15001 2.6495
-2.84999 0.15001 2.60355
-2.77136 0.15001 -2.42094
-2.66471 0.15001 -0.910411
-2.69978 0.15001 -0.514212
-2.79763 0.15001 0.750498
-2.64767 0.15001 0.958043
-2.68964 0.15001 0.578857
-2.77385 0.15001 1.1483
-2.84999 0.15001 1.74963
-2.84999 0.15001 2.06522
-2.36625 0.15001 2.4504
-2.3544 0.15001 -2.60684
-2.18234 0.15001 -2.21418
-1.24054 0.15001 0.856892
-2.19645 0.15001 -0.755596
-2.35868 0.15001 -0.675614
-0.73714 0.248863 1.97554
-2.57879 0.15001 1.17991
-2.53471 0.15001 1.52953
-2.38508 0.15001 1.83704
-2.64776 0.15001 2.84999
-2.84999 0.15001 -2.58198
-2.5737 0.15001 -2.00916
-2.50701 0.15001 -0.793189
-2.78995 0.15001 -0.2898
-2.84052 0.15001 0.239719
-2.36959 0.15001 0.789168
-2.59066 0.15001 0.771079
-2.66805 0.15001 2.15401
-2.68023 0.15001 2.42963
-2.44572 0.15001 2.82611
-2.43697 0.15001 -2.43117
-2.84283 0.15001 -1.39901
-2.65005 0.15001 -1.10394
-2.48944 0.15001 -0.980933
-2.65922 0.15001 0.333631
-2.40355 0.15001 0.308249
-2.32142 0.15001 0.574196
-2.42866 0.15001 1.34458
-2.49714 0.15001 1.99996
-2.47725 0.15001 2.6139
-2.8307 0.15001 -2.25592
-2.73771 0.15001 -1.93379
-2.6885 0.15001 -2.14774
-2.68998 0.15001 -0.131251
-2.69832 0.15001 0.105647
-2.50288 0.15001 0.467451
-2.3056 0.15001 1.65651
-2.56043 0.15001 1.74061
-2.50836 0.15001 2.30541
-2.84999 0.15001 2.8261
-2.38013 0.15001 -2.05826
-2.31735 0.15001 -1.05993
-2.33755 0.15001 -0.861444
-2.49404 0.15001 -0.182397
-2.22423 0.15001 0.11136
-2.26004 0.15001 0.98755
-2.3844 0.15001 1.15109
-2.46106 0.15001 0.974628
-2.20619 0.15001 1.98595
-2.16617 0.15001 2.45947
-1.97661 0.15001 -1.86803
-2.71146 0.15001 -1.55143
-2.84766 0.15001 -1.76681
-2.50307 0.15001 0.131567
-2.53161 0.15001 -0.613986
-2.1771 0.15001 0.775144
-2.0133 0.15001 0.933528
-1.85793 0.15001 1.51401
-2.08573 0.15001 1.83946
-2.34483 0.15001 2.1561
-2.52226 0.15001 -2.63842
-0.347952 0.15001 1.18592
-0.42655 0.15001 1.42579
-0.378005 0.151299 1.61948
-0.431076 0.168272 1.80187
-0.605814 0.15001 1.87844
-1.02755 0.15001 2.06342
-0.412477 0.150061 2.35779
-0.414728 0.153461 2.53857
-0.527202 0.158571 2.68111
-2.62613 0.15001 -2.84251
-0.518494 0.17067 1.0807
-1.4795 0.15001 0.348859
-0.590493 0.211628 1.50456
-0.570527 0.156403 1.68564
-1.7225 0.15001 1.70264
-0.590886 0.151427 2.26674
-0.577728 0.170002 2.4558
-0.621542 0.305527 2.58927
-0.454141 0.15001 2.84999
-1.98167 0.15001 -2.84495
-0.527028 0.191201 1.26981
-0.487846 0.373763 1.35993
-0.375393 0.326248 1.50822
-0.434183 0.331683 1.69738
-0.530801 0.365036 1.85693
-1.71757 0.15001 1.95571
-0.411558 0.351518 2.30978
-0.456332 0.337971 2.49742
-0.598082 0.281371 2.84999
-2.29995 0.15001 -2.84999
-1.14551 0.15001 -2.65384
-2.13367 0.15001 -0.506338
-0.534781 0.418739 1.55536
-0.639451 0.341184 1.70349
-0.560007 0.301784 2.0241
-0.562076 0.330173 2.20247
-0.60721 0.357377 2.38233
-0.751123 0.164077 2.53102
-0.447576 0.400449 2.84999
-2.03909 0.15001 -2.61359
-0.428193 0.329248 1.12793
-0.450511 0.579461 1.3678
-0.426371 0.632586 1.62546
-0.493431 0.515687 1.75319
-0.407911 0.515215 1.92887
-0.423683 0.430735 2.10816
-0.383603 0.533683 2.34657
-0.416037 0.508227 2.61822
-0.706303 0.162518 2.73391
-1.71707 0.15001 -2.61642
-1.32184 0.15001 -1.07031
-2.08494 0.15001 -0.00634308
-0.581643 0.603599 1.51388
-2.00677 0.15001 0.728298
-0.574649 0.523258 2.03877
-0.551435 0.513821 2.25658
-0.539753 0.520866 2.46213
-1.96012 0.15001 2.12143
-1.85885 0.15001 2.84992
-2.2597 0.15001 -2.4342
-2.60558 0.15001 -2.47194
-0.346574 0.462505 1.23254
-0.358818 0.748689 1.49663
-1.80312 0.15001 1.06369
-0.314789 0.664297 2.00434
-0.439032 0.627335 2.15123
-0.337965 0.70787 2.31047
-0.579764 0.432283 2.71609
-2.24268 0.15001 2.84999
-2.61336 0.15001 -2.30507
-1.1835 0.15001 -0.00701253
-2.42553 0.15001 -0.422506
-1.95264 0.15001 0.517815
-1.80688 0.15001 0.687651
-0.532992 0.726949 2.02097
-0.534997 0.717104 2.29449
-2.19195 0.15001 1.37262
-1.15287 0.15001 2.19543
-2.27409 0.15001 2.64742
-2.36338 0.15001 -2.24493
-2.2913 0.15001 -1.41098
-1.9025 0.15001 0.0333678
-2.09355 0.15001 -0.264665
-2.3021 0.15001 -0.0934711
-1.76414 0.15001 0.271611
-0.383008 0.814047 2.14288
-1.76282 0.15001 2.16382
-1.98918 0.15001 2.33547
-2.04671 0.15001 2.61917
-1.83343 0.15001 -1.73918
-2.0143 0.15001 -0.716432
-1.64489 0.15001 -0.0670191
-2.01171 0.15001 0.317749
-1.42973 0.15001 0.895901
-1.65173 0.15001 1.53126
-2.08367 0.15001 1.64635
-1.8492 0.15001 2.61687
-1.61026 0.15001 2.41021
-1.8103 0.15001 2.43114
-0.469968 0.15001 -2.52663
-0.169942 0.15001 0.932682
-0.179418 0.150774 1.29866
-0.2447 0.160015 1.4837
-0.231343 0.15001 1.74719
-0.296585 0.150002 1.91172
-0.273103 0.150352 2.08572
-0.250186 0.15001 2.26385
-0.238044 0.15001 2.54594
-0.330743 0.15001 2.70267
-2.13929 0.15001 -2.84999
-0.355606 0.15001 0.985894
-0.314058 0.285908 1.33497
-0.257976 0.300456 1.64322
-0.37244 0.32384 1.95101
-0.454709 0.15001 2.00216
-0.424357 0.192305 2.18069
-0.27573 0.268561 2.40865
-0.416029 0.318281 2.6822
-0.117804 0.15001 2.84999
-0.636507 0.15001 -2.55107
-0.222429 0.314433 1.14464
-0.143252 0.351964 1.3115
-0.171675 0.381674 1.50473
-0.139471 0.473943 1.68562
-0.196356 0.32216 1.9009
-0.283581 0.323694 2.1668
-0.125006 0.292418 2.25827
-0.15459 0.324119 2.53469
-0.280997 0.233468 2.84999
-2.45728 0.15001 -2.82426
-0.137236 0.395128 0.983869
-0.297698 0.478875 1.41386
-0.31013 0.485219 1.60593
-0.297891 0.425357 1.78828
-0.249382 0.452845 2.02826
-0.235882 0.425937 2.31691
-0.301086 0.435606 2.48945
-0.260078 0.413104 2.66478
-0.107318 0.335232 2.84999
-0.294446 0.15001 -2.76496
-1.77851 0.15001 -0.237199
-0.17166 0.530645 1.24461
-0.124719 0.553046 1.43266
-0.131797 0.648947 1.75062
-0.170793 0.524768 1.8821
-0.282159 0.543577 2.18328
-0.219752 0.594426 2.46065
-0.108947 0.502212 2.57421
-0.266333 0.413685 2.84999
-1.51415 0.15001 -2.70612
-0.106971 0.575004 1.06849
-0.264428 0.662165 1.35305
-0.207597 0.650252 1.584
-0.31852 0.61464 1.78735
-0.143096 0.617415 2.08102
-0.145859 0.588855 2.29741
-0.404723 0.647041 2.49296
-0.240766 0.602669 2.65622
-0.127581 0.641351 2.84999
-2.20152 0.15001 -2.68447
-0.435606 0.296968 0.888815
-0.152671 0.727572 1.2019
-0.109264 0.737707 1.4461
-0.129311 0.829195 1.72606
-0.24633 0.774089 1.8632
-0.1998 0.751311 2.19811
-0.152477 0.755442 2.38271
-0.0738409 0.698168 2.55325
-1.67494 0.15001 2.84999
-1.38714 0.15001 -2.55356
-0.284451 0.15001 -1.47472
-0.257247 0.857468 1.37039
-0.343236 0.791092 1.70284
-0.0784867 0.860961 1.90546
-0.229043 0.842342 2.03459
-0.0760805 0.894653 2.27238
-1.89322 0.15001 1.87344
-0.496039 0.583442 2.7636
-0.315245 0.578267 2.82407
-0.933734 0.15001 -2.6208
-1.37487 0.15001 -1.24871
-0.492387 0.15001 -0.930321
-0.229333 0.867559 1.57027
-0.186571 1.00772 1.73144
-1.37393 0.15001 1.5225
-1.52155 0.15001 2.02444
-1.21154 0.15001 2.37944
-0.406905 0.732658 2.66583
-1.50418 0.15001 2.84999
-1.13436 0.15001 -2.41225
-1.61601 0.15001 -2.84999
-0.474896 0.15001 0.525154
-1.60233 0.15001 0.931766
-1.34605 0.15001 2.09901
-0.428432 0.8157 2.44965
-1.14147 0.184983 2.83604
-1.23695 0.15001 2.57963
-1.45254 0.15001 2.58865
-1.32499 0.15001 2.82738
0.0114689 0.15001 -2.26729
0.103788 0.1614 1.13008
0.00968901 0.154757 1.29365
-0.108656 0.150091 1.61133
-0.0485139 0.15001 1.79791
-0.130523 0.15001 1.95879
-0.102309 0.15001 2.13662
0.00493248 0.15001 2.26872
-0.0652687 0.15001 2.55948
-0.00945805 0.180751 2.71933
0.233335 0.15001 -2.84999
-0.0462046 0.185428 0.784978
-0.0851822 0.178548 1.129
-0.0738531 0.22652 1.44354
0.0680646 0.15001 1.64855
-0.125112 0.315562 2.06622
0.132954 0.15001 2.15134
-0.126559 0.152337 2.39312
-0.173149 0.25284 2.69906
0.0931116 0.15001 2.84999
-1.80317 0.15001 -2.83215
0.0270809 0.326728 1.0468
0.14844 0.306388 1.36689
-0.0225701 0.326104 1.59446
-0.115053 0.297694 1.74496
-0.0165008 0.284484 1.92037
0.0456794 0.328923 2.13549
0.0364423 0.324866 2.32082
0.0222871 0.313774 2.50222
0.0660565 0.317988 2.84681
-0.710774 0.15001 -2.39853
0.0377471 0.358168 0.85472
0.0268245 0.347537 1.23361
-0.00596901 0.401102 1.41943
0.107965 0.425904 1.67277
-0.0376264 0.477393 2.00324
0.182149 0.41009 2.24134
-0.081862 0.437764 2.40938
-0.0107259 0.363998 2.67588
0.232542 0.373366 2.84999
-0.948646 0.15001 -2.84087
0.0695694 0.507528 1.12103
0.150963 0.462133 1.47102
-0.00639823 0.522377 1.56987
-0.00973054 0.442388 1.82283
0.230895 0.522867 2.02779
-0.108692 0.460078 2.17222
0.0245546 0.504941 2.28321
0.0691187 0.494068 2.54285
0.0192316 0.482806 2.84999
-2.24301 0.15001 -1.79126
0.171332 0.444023 0.965905
0.00764581 0.54573 1.29402
0.0620874 0.637191 1.44641
0.0429472 0.593887 1.73613
0.0961546 0.573186 1.91053
0.0887507 0.527422 2.12552
-0.00364438 0.613065 2.42012
-0.128021 0.491532 2.75461
0.207757 0.546649 2.84999
-1.56897 0.15001 -2.53619
0.0962563 0.714979 1.12063
0.16894 0.654692 1.28416
-0.00467228 0.710096 1.60584
0.0621599 0.74916 1.85266
0.0453317 0.686801 2.0423
-0.019632 0.689425 2.21499
0.131865 0.670297 2.30717
0.00434461 0.595382 2.68245
0.0608662 0.650262 2.84999
-0.536424 0.15001 -2.6888
0.0936132 0.618929 0.954962
0.0142958 0.743288 1.29144
0.100076 0.818489 1.4508
0.202282 0.777895 1.63936
-0.0891593 0.68191 1.92359
0.181085 0.839119 2.28052
0.0307929 0.801442 2.39531
-0.144443 0.752664 2.70962
0.23678 0.714474 2.84999
-0.541208 0.15001 -2.36243
0.182431 0.15001 -0.81962
0.213749 0.842815 1.30013
-0.0796613 0.887253 1.33193
-0.0466464 0.878415 1.54614
0.107656 0.89007 1.98106
-0.0567857 0.828136 2.09181
0.152749 0.951276 2.44389
0.0782471 0.8377 2.56887
-0.878068 0.165019 2.84974
-0.870904 0.15001 -2.29181
-1.59107 0.15001 -0.324303
0.171621 0.15001 -1.24414
0.146242 0.941297 1.57631
0.0493328 0.84583 1.70728
0.0814857 0.917225 2.15965
-0.116437 0.871492 2.54091
-0.260387 0.748042 2.54771
-0.27642 0.741598 2.84255
-0.493849 0.73527 2.84999
0.359477 0.15001 -2.56958
0.290547 0.174087 1.13272
0.306063 0.15001 1.42621
0.23381 0.15001 1.58701
0.116781 0.15001 1.86727
0.379598 0.15001 1.88868
0.302889 0.15001 2.17742
0.181903 0.208322 2.30318
0.22836 0.15001 2.46196
0.277231 0.15001 2.6235
-0.0789677 0.15001 -2.84999
0.0274882 0.155157 0.958763
0.195367 0.15001 1.28825
0.0950354 0.15001 1.45743
0.257485 0.15001 1.76551
0.238828 0.15001 2.00585
0.473409 0.15001 2.22013
0.0574293 0.15001 2.43018
0.109143 0.15001 2.59873
0.266455 0.15001 2.84999
0.080913 0.15001 -2.76436
0.21735 0.156496 0.969697
0.447229 0.283122 1.37962
0.357065 0.278059 1.54027
0.0694758 0.281074 1.76443
0.236599 0.277494 1.88235
0.0345582 0.15001 2.01788
0.334884 0.308281 2.27941
0.420402 0.280226 2.63402
0.187068 0.254472 2.73096
0.483061 0.15001 -2.84999
0.224182 0.193116 0.787382
0.303657 0.309579 1.26983
0.145355 0.292893 1.54419
0.233803 0.297518 1.69921
0.123954 0.388933 1.97323
0.234252 0.310445 2.10257
0.186107 0.345705 2.41096
0.176795 0.34476 2.58426
0.398912 0.298517 2.84999
1.1504 0.15001 -2.34209
0.191356 0.348492 1.13047
0.317469 0.413246 1.41353
0.273144 0.425689 1.59688
0.21999 0.463995 1.81973
0.332455 0.392941 1.9702
0.369283 0.474376 2.12735
0.331942 0.465257 2.37938
0.252968 0.518706 2.54948
0.30669 0.403542 2.69249
-0.67578 0.15001 -2.84999
0.31857 0.32854 0.93719
0.180677 0.466622 1.28409
0.356289 0.555457 1.51371
0.362289 0.590913 1.69792
0.366472 0.651435 2.08206
0.270006 0.566838 2.23685
0.163136 0.521598 2.39412
0.138603 0.473697 2.70811
0.377382 0.481925 2.84999
0.113342 0.15001 -2.46986
0.260447 0.552232 1.1404
0.326745 0.583549 1.32472
0.181106 0.594657 1.60593
0.207089 0.659751 1.77946
0.325466 0.606172 1.89867
0.192227 0.695762 2.14139
0.302754 0.654444 2.3875
0.361205 0.674193 2.55422
0.322926 0.585405 2.7105
-0.0735097 0.15001 -1.43924
0.347923 0.522676 0.979771
0.330181 0.72682 1.17904
0.240656 0.690712 1.45716
0.365934 0.768452 1.77085
0.211128 0.728168 1.96361
0.344929 0.749325 2.24144
0.159543 0.6904 2.48941
0.177932 0.673065 2.66623
0.409975 0.655992 2.84999
-0.273344 0.15001 -2.57033
0.160152 0.15001 -0.221693
0.391436 0.76964 1.35538
0.325206 0.927323 1.67
0.215299 0.851384 1.82501
0.403719 0.773858 1.95059
0.294417 0.836694 2.09159
0.325519 0.924216 2.36066
0.301708 0.848202 2.52736
0.225958 0.863147 2.69661
-0.204334 0.15001 -2.03907
1.40118 0.15001 -0.558527
0.533402 0.15001 -0.136791
0.292977 0.864844 1.47939
0.133766 0.999309 1.76277
0.31402 0.940039 1.94663
0.268169 0.98151 2.19263
-0.0685635 0.904282 2.78178
0.0312942 0.762424 2.71862
0.354067 0.850511 2.84999
1.28781 0.15001 -2.56079
0.413666 0.158942 0.926541
0.40121 0.15001 1.27301
0.480072 0.15001 1.49313
0.39563 0.15001 1.65482
0.565808 0.15001 1.9448
0.604702 0.15001 2.11055
0.528429 0.15001 2.38167
0.411024 0.15001 2.51128
0.530695 0.15001 2.63986
1.57119 0.15001 -2.84664
0.617971 0.150286 0.991373
0.572578 0.15001 1.34054
0.526841 0.256881 1.62223
0.520281 0.15001 1.7793
0.426044 0.15001 2.05176
0.663457 0.15 2.271
0.353927 0.15001 2.34682
0.648867 0.15001 2.76312
0.784423 0.15001 2.84999
-1.14475 0.15001 -2.84992
0.40244 0.279296 0.771275
0.468375 0.15001 1.10038
0.61787 0.302168 1.43607
0.396237 0.28291 1.77156
0.6792 0.328661 1.92343
0.419027 0.307101 2.12298
0.480617 0.346139 2.39312
0.572461 0.250981 2.51087
0.39131 0.15001 2.74093
0.882686 0.15001 -2.84999
0.602442 0.303273 0.885395
0.519409 0.282187 1.20885
0.443961 0.421482 1.64795
0.567146 0.354595 1.77988
0.48345 0.309236 1.93504
0.564743 0.304577 2.23459
0.336467 0.326012 2.49362
0.602795 0.300234 2.67285
0.510733 0.15001 2.84999
0.352524 0.15001 -2.73683
0.377226 0.353606 1.11042
0.607393 0.479608 1.34488
0.636906 0.389036 1.60029
0.410519 0.460573 1.81971
0.55703 0.404373 2.06863
0.474469 0.469434 2.26661
0.613582 0.512793 2.38141
0.577176 0.430261 2.53512
0.484348 0.410245 2.73029
1.0928 0.15001 -2.57691
0.526628 0.403303 1.01919
0.443264 0.459859 1.25469
0.494698 0.437816 1.47825
0.567115 0.527991 1.72368
0.463261 0.524946 1.97908
0.543877 0.573661 2.13494
0.460662 0.577379 2.43804
0.426197 0.498474 2.59057
0.559967 0.499925 2.84999
-0.467387 0.15001 -2.84999
0.449247 0.454801 0.838728
0.584412 0.646833 1.24509
0.525883 0.605331 1.56654
0.488177 0.642546 1.83811
0.577116 0.671914 1.98867
0.498533 0.655936 2.28375
0.616954 0.701116 2.41556
0.58632 0.622182 2.56701
0.510987 0.613032 2.72074
1.37363 0.15001 -2.38422
0.474219 0.585413 1.10328
0.488776 0.614771 1.39368
0.378613 0.739289 1.58145
0.526862 0.733301 1.69
0.573817 0.818161 1.87803
0.510303 0.757584 2.13002
0.438458 0.777255 2.41231
0.397298 0.760851 2.70189
0.674692 0.626486 2.84999
0.478063 0.15001 -1.84565
0.717577 0.15001 -0.32156
1.00825 0.15001 -0.854847
0.545824 0.780535 1.4675
0.452029 0.946528 1.81881
0.485696 0.911336 2.03847
0.598006 0.883059 2.4137
0.811541 0.949326 2.51503
0.521173 0.814282 2.57097
0.537498 0.809047 2.84999
-0.0156269 0.15001 -2.08472
1.27167 0.15001 -0.72014
0.449966 0.185079 0.484213
0.613918 0.67418 0.984436
0.502 0.890489 1.60583
0.658376 0.850255 1.71912
0.476476 0.874588 2.26221
0.410154 0.935227 2.66895
0.112087 0.84734 2.84999
0.763256 0.782164 2.84999
0.688322 0.15001 -2.72559
0.639274 0.15001 1.17592
0.756594 0.156832 1.34282
0.669007 0.15001 1.4994
0.653987 0.15001 1.67089
0.702205 0.153213 1.83567
0.805605 0.15001 2.16488
0.829794 0.15001 2.34086
0.710312 0.15001 2.6064
0.857486 0.15001 2.69764
1.92927 0.15001 -2.78772
0.512281 0.15001 -2.31107
0.816083 0.15001 1.17024
0.898261 0.15001 1.46232
0.865995 0.15001 1.77509
0.742841 0.150032 2.00287
0.978707 0.15001 2.25595
0.696198 0.15001 2.44144
0.948313 0.313604 2.6947
0.955451 0.150023 2.84999
0.546428 0.151424 0.772822
0.692569 0.308393 1.08539
0.68769 0.324494 1.27076
0.777686 0.294743 1.53592
0.734942 0.308245 1.72951
0.855737 0.324346 1.86336
0.69534 0.302641 2.10066
0.777138 0.314493 2.25303
0.743395 0.356151 2.54357
0.863373 0.315848 2.84999
1.70164 0.15001 -2.15
0.725623 0.150859 0.834873
0.858654 0.335955 1.19183
0.744517 0.464645 1.46271
0.943377 0.483014 1.78505
0.702696 0.51219 2.05201
0.828404 0.493135 2.17799
0.666297 0.338037 2.3849
0.92207 0.4142 2.55286
0.765581 0.313646 2.71341
1.40027 0.15001 -2.84999
0.620543 0.469848 1.16266
0.786985 0.490752 1.28112
0.699016 0.561241 1.60774
0.75681 0.493214 1.76848
0.842428 0.499126 1.93582
0.658752 0.455903 2.21932
0.815774 0.48787 2.35828
0.651455 0.493757 2.68985
0.617911 0.32086 2.84999
1.11369 0.15001 -2.84878
0.771761 0.416694 0.956088
0.737056 0.617912 1.14776
0.67567 0.645425 1.41556
0.914673 0.654367 1.86309
0.622802 0.506129 1.89328
0.716145 0.620333 2.28425
0.739469 0.535223 2.51459
0.769522 0.653854 2.6475
0.831996 0.485029 2.68965
0.728084 0.285528 0.704961
0.790157 0.610303 0.966926
0.848642 0.659413 1.32469
0.826919 0.66283 1.69813
0.666222 0.668012 1.78785
0.748953 0.655966 1.94552
0.710576 0.68695 2.12087
0.817273 0.685002 2.42425
0.932915 0.740223 2.67711
0.747091 0.461426 2.84999
1.5845 0.15001 -2.29583
0.445194 0.15001 -1.26561
0.703937 0.794207 1.22269
0.756475 0.845251 1.42778
0.972147 0.787939 1.74712
0.667495 0.846859 2.03453
0.641979 0.786586 2.25733
0.713148 0.796476 2.53982
0.633053 0.748808 2.70711
0.855019 0.629929 2.81447
0.32219 0.15001 -2.39092
1.29993 0.15001 -1.7907
0.887481 0.823064 1.25832
0.949818 0.737226 1.56432
0.692014 0.732367 1.57592
0.797432 0.791737 1.83016
0.807169 0.871747 2.17259
0.781295 0.855005 2.35775
0.799218 0.878818 2.69044
1.8849 0.310541 2.81356
0.356082 0.15001 -1.69029
1.10992 0.15001 -1.71618
0.344696 0.15581 0.332022
0.582872 0.381624 0.719134
0.823139 0.839453 1.63976
0.84507 0.793343 2.01048
0.628388 0.950091 2.18162
0.962831 0.873699 2.34942
0.605339 0.92435 2.71074
0.96934 0.77471 2.84999
1.70363 0.15001 -2.47357
0.818369 0.15001 0.990156
0.939164 0.186919 1.29537
0.99962 0.153054 1.62558
0.816988 0.15001 1.61415
1.03785 0.152331 1.8114
0.953567 0.219734 2.09656
0.979118 0.15001 2.43179
0.867401 0.226369 2.54357
1.03194 0.15001 2.69314
1.76297 0.15001 -2.84999
1.46254 0.15001 -1.04951
1.08272 0.156138 1.45111
1.17559 0.15001 1.68931
1.21 0.150009 1.86853
0.906076 0.15001 1.94282
1.13058 0.15001 2.17706
1.09402 0.341841 2.52028
1.21228 0.150131 2.69252
1.12957 0.15001 2.84999
1.44238 0.15001 -2.67498
0.991644 0.161048 1.10984
0.839419 0.329663 1.37284
0.961503 0.328439 1.50812
0.911242 0.314646 1.68405
1.01017 0.351257 1.95491
0.944978 0.355198 2.21796
1.0586 0.310672 2.34548
0.881207 0.325133 2.398
1.05065 0.321338 2.84999
1.62018 0.15001 -2.64414
0.987262 0.179715 0.920294
1.10048 0.438969 1.45673
1.04869 0.451767 1.63131
1.06468 0.336284 1.78014
0.851761 0.359523 2.04747
1.10452 0.322597 2.12144
1.00002 0.482347 2.40996
1.1019 0.40799 2.69153
0.942556 0.476395 2.84999
2.04461 0.15001 -2.65735
0.938382 0.339672 1.0285
1.01222 0.361571 1.30833
0.927224 0.496274 1.41714
0.865007 0.478718 1.61011
1.04333 0.551058 1.9416
0.993887 0.474762 2.09386
0.973058 0.568441 2.2585
0.917509 0.599516 2.54454
1.24931 0.326546 2.83284
0.874818 0.177329 0.711024
1.10445 0.374063 0.941359
1.0595 0.633461 1.41649
1.16514 0.598804 1.5776
1.13118 0.520801 1.78512
0.885873 0.626334 2.07339
1.12275 0.464623 2.23497
1.18661 0.51017 2.3998
1.10301 0.542087 2.55609
1.15803 0.479022 2.84999
1.99867 0.15001 -2.34035
0.908855 0.347563 0.834902
0.890484 0.50989 1.11819
0.836589 0.62727 1.50415
1.00898 0.622562 1.67819
1.23448 0.612143 1.92116
0.87072 0.714938 2.24505
1.01794 0.681443 2.40993
0.997625 0.560952 2.69864
2.23749 0.224034 2.69427
1.91363 0.15001 -2.17543
0.902317 0.70788 1.11637
1.02579 0.553328 1.24389
1.11144 0.801583 1.59161
1.10221 0.717033 1.85086
1.01132 0.731563 2.0012
1.08368 0.63215 2.12729
1.15791 0.65426 2.29188
1.10008 0.73558 2.58716
1.0602 0.621563 2.84999
1.05257 0.15001 -2.06994
0.972729 0.532407 0.945234
1.06448 0.74932 1.24655
0.993303 0.814498 1.41393
1.23495 0.15001 0.309967
1.72209 0.15001 2.23946
1.04879 0.789886 2.22391
0.938621 0.816704 2.51526
1.9271 0.15001 2.29329
1.82253 0.15001 2.84999
1.49335 0.15001 -1.69496
2.21592 0.15001 -1.56509
1.54007 0.15001 -0.182789
1.59405 0.15001 -0.379644
1.18983 0.750235 2.02914
1.54238 0.15001 0.924172
2.02045 0.15001 1.98014
1.97739 0.15001 1.66566
1.89851 0.15001 2.58965
1.47751 0.15001 2.84999
2.62032 0.15001 -2.65247
1.35534 0.15001 0.932734
1.43252 0.15001 1.4186
1.28062 0.172507 1.54607
1.93637 0.15001 0.688448
1.24986 0.153055 2.04597
2.13465 0.15001 0.805405
2.62667 0.15001 1.08336
1.11081 0.150472 2.54037
2.31012 0.15001 2.31123
2.84999 0.15001 -2.84999
2.54019 0.15001 -1.63733
1.26662 0.182154 1.15657
1.91836 0.15001 0.0385926
1.45879 0.170282 1.60759
1.42451 0.161958 2.07502
1.49449 0.156847 2.24373
1.16104 0.150724 2.36436
1.59067 0.15001 2.40361
1.99893 0.15001 2.84999
2.22815 0.15001 -2.69117
1.11033 0.164239 1.25503
1.25339 0.168154 1.36399
1.12839 0.29275 1.57872
1.35448 0.157129 1.75755
1.07851 0.15001 1.99265
1.30372 0.152089 2.22914
1.38718 0.18552 2.39015
1.28514 0.174899 2.53104
1.38928 0.207332 2.69067
1.82287 0.15001 -2.33794
2.68762 0.15001 -2.82382
1.44329 0.1957 1.23533
2.21312 0.15001 -1.34944
1.43203 0.359676 1.77492
1.35432 0.255483 1.92479
1.60514 0.204742 2.07952
1.23277 0.318506 2.29042
1.52982 0.152667 2.5836
1.30463 0.15001 2.84999
1.15973 0.203728 0.850306
1.10444 0.323271 1.13799
1.27196 0.348603 1.43033
1.29463 0.364678 1.61615
1.24484 0.329017 1.78598
1.18926 0.330856 1.96022
1.301 0.342165 2.11746
1.27391 0.365643 2.46406
1.25936 0.334049 2.64252
2.1958 0.15001 2.52325
2.33793 0.15001 -2.84999
1.80462 0.15001 -0.460145
1.33841 0.36437 1.19123
1.4661 0.344547 1.37264
1.58344 0.253283 1.72577
1.47828 0.377161 1.9926
1.31365 0.495588 2.24881
1.42582 0.368448 2.35224
1.43936 0.330396 2.54386
2.06682 0.15001 2.67413
2.12423 0.15001 -2.84999
1.13869 0.512707 1.08173
1.18131 0.433002 1.27353
1.35875 0.533573 1.54722
1.30527 0.524016 1.72726
1.32545 0.454761 1.9089
1.19208 0.493622 2.0619
1.38448 0.5476 2.42263
1.39516 0.446301 2.72137
1.64977 0.15001 2.84999
2.66841 0.15001 -2.47973
2.43108 0.15001 -2.29673
1.38755 0.50918 1.31445
1.63405 0.15001 1.09406
1.41878 0.627833 1.84214
1.39588 0.537795 2.07107
2.45283 0.15001 2.19429
1.23498 0.695135 2.4578
1.28971 0.537939 2.58581
1.19178 0.624842 2.72098
1.82813 0.15001 -2.62705
1.91581 0.15001 -1.00978
1.21894 0.628936 1.22659
1.2395 0.537639 1.41106
1.22694 0.710976 1.71954
1.37451 0.740527 1.99385
1.28371 0.661695 2.15773
1.77864 0.15001 2.43813
2.11006 0.15001 2.2388
2.44186 0.265024 2.72379
1.79388 0.15001 -1.86115
1.30232 0.15001 -2.23215
2.09099 0.15001 -0.691455
1.50067 0.15001 0.136542
1.62064 0.15001 0.403091
1.80321 0.15001 2.06594
2.09467 0.15001 1.13461
2.00118 0.15001 1.35883
1.70716 0.15001 2.65409
2.38668 0.157414 2.5282
2.52521 0.15001 -2.84999
2.24068 0.15001 -2.36415
2.16512 0.15001 -1.02174
2.54203 0.15001 -1.19833
2.05519 0.15001 0.402842
2.1215 0.15001 0.594988
2.49558 0.15001 0.908142
2.71432 0.15001 1.49013
2.50841 0.15001 1.85349
2.69272 0.15001 2.48017
2.84996 0.15001 -2.68504
2.84999 0.15001 -2.19944
2.84346 0.15001 -1.87011
2.84999 0.15001 -0.718733
2.84945 0.15001 -0.262638
2.84906 0.15001 0.389338
2.84862 0.15001 1.12855
2.84993 0.15001 2.17076
2.84999 0.15001 2.58167
2.56415 0.15001 2.84999
2.43668 0.15001 -2.69982
2.58183 0.15001 -2.15003
2.84749 0.15001 -2.03744
2.83803 0.15001 -1.60148
2.33642 0.15001 0.214805
2.5294 0.15001 0.656705
2.54012 0.15001 0.445496
2.85 0.15001 0.656269
2.70235 0.15001 1.81472
2.84999 0.15001 2.84999
2.84999 0.15001 -2.36375
2.67732 0.15001 -1.50276
2.84673 0.15001 -1.10864
2.7468 0.15001 -0.0988728
2.84999 0.15001 0.167028
2.59546 0.15001 0.0966163
2.84999 0.15001 1.63032
2.47257 0.15001 1.40152
2.68987 0.15001 2.25812
2.66728 0.15001 2.02861
1.96059 0.15001 -2.50545
2.68922 0.15001 -2.30187
2.622 0.15001 -1.97978
2.64858 0.15001 -0.608145
2.2771 0.15001 -0.410507
1.51599 0.163968 1.89947
2.64043 0.15001 1.28682
2.84999 0.15001 1.34964
2.84964 0.15001 1.96807
2.70898 0.15001 2.69295
2.48353 0.15001 -2.50593
2.08554 0.15001 -2.06676
1.59991 0.201444 1.48122
1.47686 0.374558 1.56859
2.28873 0.15001 0.457125
2.32739 0.15001 0.700133
1.48809 0.348703 2.17834
2.53784 0.15001 2.64389
2.84999 0.15001 2.37528
2.7081 0.254889 2.84999
2.16006 0.15001 -2.52142
1.94054 0.15001 -1.93415
2.39879 0.15001 -2.0076
2.65201 0.15001 -0.282518
2.41883 0.15001 -0.161949
2.27174 0.15001 0.942525
2.84099 0.15001 0.91421
1.80281 0.15001 1.54882
2.31641 0.15001 2.02136
1.55819 0.328495 2.69672
2.8483 0.15001 -2.52425
2.48292 0.15001 -0.487176
2.37135 0.15001 -0.947789
1.72367 0.15001 0.203812
1.86754 0.15001 0.367777
1.99938 0.15001 0.970073
2.25899 0.15001 1.31698
2.42119 0.15001 1.2083
2.52656 0.15001 2.3961
2.36382 0.15001 2.84999
2.12553 0.15001 -2.22875
1.90538 0.15001 -1.20417
2.00138 0.15001 -0.515735
2.04556 0.15001 0.192753
1.29571 0.15001 0.518756
1.79586 0.15001 0.898036
1.87314 0.15001 1.13868
2.33311 0.15001 1.69536
2.54925 0.15001 1.6176
2.14607 0.15001 1.50938
2.30286 0.15001 -2.1791
2.33886 0.15001 -0.6346
2.05939 0.15001 -0.251433
1.82773 0.15001 -0.25033
1.70561 0.15001 0.587014
1.73004 0.15001 1.8227
1.78248 0.15001 1.32595
2.15946 0.15001 1.81952
2.037 0.15001 2.42985
2.17721 0.15001 2.84999
