1000 0.1
-2.44674 0.15001 -1.57616
-2.60925 0.15001 -1.19937
-2.66886 0.15001 -0.873386
-2.50983 0.15001 -0.765928
-2.14909 0.15001 0.735779
-0.762067 0.15001 1.53717
-2.6428 0.15001 1.577
-2.69953 0.15001 2.03281
-1.97699 0.15001 1.55942
-2.18854 0.15001 2.26529
-2.77445 0.15001 -2.64963
-2.84958 0.15001 -0.748453
-2.84868 0.15001 -0.385099
-2.63411 0.15001 0.0463735
-2.84999 0.15001 0.732807
-2.84961 0.15001 1.25855
-2.84999 0.15001 1.59689
-2.72734 0.15001 1.75286
-2.84999 0.15001 2.34604
-2.11712 0.15001 2.84842
-2.82148 0.15001 -2.83677
-2.848 0.15001 -0.568291
-2.68486 0.15001 -0.282869
-1.56442 0.15001 0.699382
-2.77558 0.15001 0.31511
-2.08136 0.15001 1.40403
-1.6849 0.15001 1.43089
-1.47095 0.15001 1.95044
-2.64738 0.15001 2.66328
-2.84999 0.15001 2.58532
-2.84075 0.15001 -2.32602
-2.68161 0.15001 -0.481723
-2.76859 0.15001 -0.0872192
-2.83959 0.15001 1.03926
-2.65235 0.15001 1.23205
-2.67587 0.15001 0.862861
-2.76142 0.15001 1.42565
-2.84999 0.15001 1.91102
-2.84999 0.15001 2.14054
-2.35976 0.15001 2.45645
-2.33494 0.15001 -2.73026
-2.38225 0.15001 -1.76007
-1.10824 0.15001 0.960912
-2.18487 0.15001 -0.310262
-2.37056 0.15001 -0.246364
-0.728098 0.240387 1.97564
-2.53266 0.15001 1.40819
-2.50034 0.15001 1.7147
-2.42197 0.15001 1.99149
-2.66707 0.15001 2.84999
-2.84169 0.15001 -2.49256
-2.61201 0.15001 -1.45479
-2.51576 0.15001 -0.374077
-2.82413 0.15001 0.0988333
-2.82925 0.15001 0.540836
-2.3658 0.15001 1.03099
-2.56537 0.15001 1.02977
-2.68163 0.15001 2.26432
-2.69276 0.156381 2.47087
-2.48439 0.15001 2.84419
-2.46422 0.15001 -2.57569
-2.84808 0.15001 -0.939069
-2.6757 0.15001 -0.681896
-2.50596 0.15001 -0.568681
-2.66315 0.15001 0.649086
-2.34149 0.15001 0.601335
-2.29057 0.15001 0.855964
-2.40593 0.15001 1.55201
-2.54262 0.15001 2.13891
-2.46138 0.15001 2.6339
-2.81295 0.15001 -1.82856
-2.76239 0.15001 -1.33446
-2.81619 0.15001 -1.57164
-2.55224 0.15001 0.260536
-2.61318 0.15001 0.4486
-2.46397 0.15001 0.796605
-2.30974 0.15001 1.76412
-2.58658 0.15001 1.88265
-2.52716 0.15001 2.37241
-2.84999 0.15001 2.84538
-2.2662 0.15001 -1.49365
-2.34297 0.15001 -0.667754
-2.33232 0.15001 -0.429521
-2.39202 0.15001 0.185721
-2.1652 0.15001 0.543663
-2.22441 0.15001 1.1879
-2.30729 0.15001 1.37093
-2.4672 0.15001 1.2176
-2.23728 0.15001 2.05098
-2.17577 0.15001 2.4712
-1.74711 0.15001 -1.44639
-2.56458 0.15001 -1.0178
-2.7821 0.15001 -1.1442
-2.42858 0.15001 0.409705
-2.5437 0.15001 -0.145284
-2.1445 0.15001 0.992507
-2.0166 0.15001 1.17652
-1.91578 0.15001 1.74082
-2.01839 0.15001 1.97749
-2.38188 0.15001 2.25459
-2.61765 0.15001 -2.70137
-0.344244 0.15001 1.18857
-0.418705 0.15001 1.42771
-0.370449 0.15001 1.62331
-0.418702 0.158722 1.80497
-0.592133 0.15001 1.8814
-0.964674 0.15001 2.08645
-0.405292 0.15001 2.35993
-0.406503 0.150557 2.53885
-0.516399 0.155512 2.68197
-2.66036 0.15001 -2.84999
-0.514928 0.164623 1.08326
-1.42179 0.15001 0.586768
-0.584309 0.198389 1.50938
-0.557409 0.153941 1.68949
-1.70907 0.15001 1.87036
-0.58157 0.15001 2.26992
-0.569961 0.162945 2.45793
-0.611319 0.298166 2.59147
-0.443613 0.15001 2.84999
-1.49456 0.15001 -2.82976
-0.520576 0.180253 1.27257
-0.480533 0.362644 1.36449
-0.36787 0.320526 1.51342
-0.425302 0.325211 1.7007
-0.522805 0.356635 1.85915
-1.61405 0.15001 2.07236
-0.404321 0.347122 2.31111
-0.451678 0.332141 2.4991
-0.590498 0.27045 2.84999
-2.20659 0.15001 -2.84466
-1.17539 0.15001 -2.52925
-2.06277 0.15001 -0.124479
-0.528313 0.406127 1.55707
-0.630571 0.330949 1.70658
-0.553517 0.292137 2.02432
-0.550254 0.320154 2.20111
-0.595597 0.350143 2.37969
-0.741358 0.160163 2.52897
-0.438663 0.387589 2.84999
-1.83297 0.15001 -2.69707
-0.424654 0.321616 1.1328
-0.443777 0.565351 1.3716
-0.421358 0.617275 1.62718
-0.487104 0.503081 1.75478
-0.40236 0.505302 1.92823
-0.415906 0.416966 2.10532
-0.375416 0.524842 2.3455
-0.410732 0.49834 2.61986
-0.695095 0.155606 2.73241
-1.45952 0.15001 -2.65141
-1.11811 0.15001 -0.693347
-2.03535 0.15001 0.274461
-0.574036 0.590683 1.51551
-1.93987 0.15001 0.939177
-0.564947 0.512327 2.04099
-0.54204 0.503131 2.25581
-0.529524 0.511434 2.45939
-1.97835 0.15001 2.21185
-1.93866 0.15001 2.84999
-2.02598 0.15001 -2.60116
-2.65333 0.15001 -2.53972
-0.340491 0.449929 1.23778
-0.35114 0.735538 1.50163
-1.78346 0.15001 1.26104
-0.312184 0.653589 2.00309
-0.429081 0.615692 2.15269
-0.3363 0.697395 2.31569
-0.566199 0.427666 2.7179
-2.30043 0.15001 2.84999
-2.63815 0.15001 -2.37957
-0.975457 0.15001 0.141778
-2.30294 0.15001 0.0210491
-1.95502 0.15001 0.731303
-1.70727 0.15001 0.868023
-0.528293 0.712417 2.02724
-0.528758 0.704195 2.29107
-2.22284 0.15001 1.56412
-1.11362 0.15001 2.25509
-2.26998 0.15001 2.63634
-2.33925 0.15001 -2.40646
-1.90956 0.15001 -1.5436
-1.86251 0.15001 0.405294
-2.03542 0.15001 0.0937442
-2.23894 0.15001 0.307637
-1.7703 0.15001 0.674164
-0.376533 0.799037 2.14021
-1.69045 0.15001 2.28406
-1.99436 0.15001 2.41735
-2.06975 0.15001 2.66197
-1.60731 0.15001 -1.31808
-1.81031 0.15001 -0.367522
-1.44152 0.15001 0.145266
-1.97288 0.15001 0.544121
-1.28538 0.15001 1.03024
-1.69204 0.15001 1.6147
-2.10754 0.15001 1.7824
-1.83009 0.15001 2.67804
-1.59461 0.15001 2.4583
-1.80629 0.15001 2.45562
-0.260692 0.15001 -2.37377
-0.161321 0.15001 0.954152
-0.17351 0.15001 1.30223
-0.239828 0.154545 1.48809
-0.223632 0.15001 1.75244
-0.285816 0.15001 1.91585
-0.261388 0.15001 2.08811
-0.241593 0.15001 2.26545
-0.230967 0.15001 2.54929
-0.323811 0.15001 2.70188
-1.67587 0.15001 -2.84925
-0.347583 0.15001 0.994026
-0.306509 0.279409 1.34222
-0.250509 0.292979 1.64617
-0.363048 0.31787 1.94614
-0.441696 0.15001 2.0046
-0.413989 0.179322 2.183
-0.269144 0.261256 2.41184
-0.406664 0.313981 2.68105
-0.107361 0.15001 2.84999
-0.67841 0.15001 -2.69191
-0.215387 0.304065 1.15047
-0.136554 0.340502 1.31626
-0.165779 0.371521 1.50804
-0.134333 0.468068 1.68532
-0.188113 0.311606 1.90016
-0.276765 0.317148 2.16941
-0.117528 0.29096 2.25759
-0.149234 0.319763 2.53724
-0.270897 0.223039 2.84999
-2.47218 0.15001 -2.84999
-0.130006 0.383891 0.990016
-0.290697 0.469098 1.41752
-0.303133 0.476775 1.60784
-0.287584 0.41825 1.79035
-0.24519 0.441484 2.02807
-0.231228 0.414434 2.32005
-0.297007 0.424839 2.49165
-0.252452 0.407329 2.66584
-0.100485 0.333025 2.84999
-0.199703 0.15001 -2.54903
-1.50915 0.15001 -0.0470985
-0.168613 0.521929 1.24998
-0.120518 0.541637 1.43739
-0.127503 0.637767 1.75654
-0.16434 0.51702 1.88837
-0.275131 0.529992 2.18396
-0.21344 0.580085 2.46208
-0.100422 0.494138 2.57542
-0.259326 0.402207 2.84999
-1.33653 0.15001 -2.54424
-0.105983 0.56129 1.07433
-0.25904 0.652444 1.35815
-0.199863 0.639916 1.58973
-0.313738 0.60366 1.78886
-0.141593 0.607946 2.07691
-0.142525 0.57615 2.2988
-0.397035 0.638011 2.49361
-0.231397 0.603647 2.65282
-0.126777 0.629664 2.84999
-1.98812 0.15001 -2.84999
-0.432231 0.282736 0.891468
-0.147641 0.715597 1.20748
-0.104696 0.728374 1.45341
-0.117077 0.81532 1.732
-0.238975 0.761109 1.86456
-0.197072 0.733232 2.19996
-0.145437 0.736002 2.38022
-0.075775 0.688615 2.55025
-1.7143 0.15001 2.84999
-1.24963 0.15001 -2.12336
-0.173587 0.15001 -0.953979
-0.2462 0.843458 1.37252
-0.335035 0.777666 1.70477
-0.0747903 0.855673 1.91085
-0.219413 0.820746 2.03703
-0.0686369 0.873661 2.27312
-1.84075 0.15001 2.04076
-0.480925 0.585978 2.76638
-0.302901 0.56595 2.81675
-0.88697 0.15001 -2.66934
-1.14915 0.15001 -0.866493
-0.431628 0.15001 -0.609995
-0.220458 0.850604 1.57489
-0.183452 0.9895 1.7311
-1.44971 0.15001 1.66234
-1.44152 0.15001 2.15202
-1.2647 0.15001 2.44249
-0.392893 0.724696 2.6684
-1.50702 0.15001 2.84999
-0.921235 0.15001 -2.51258
-1.1051 0.15001 -2.72026
-0.400503 0.15001 0.617136
-1.5147 0.15001 1.34115
-1.22128 0.15001 2.01519
-0.296721 0.85043 2.40577
-0.880065 0.199837 2.64805
-1.11137 0.15001 2.62324
-1.42197 0.15001 2.63148
-1.31245 0.15001 2.83874
-0.076293 0.15001 -2.38988
0.107638 0.15583 1.13705
0.0152321 0.150218 1.30052
-0.103625 0.15001 1.61607
-0.043079 0.15001 1.80155
-0.121226 0.15001 1.96219
-0.0916244 0.15001 2.13713
0.00827536 0.15001 2.27178
-0.0597463 0.15001 2.55864
-0.00455496 0.163493 2.71756
0.30806 0.15001 -2.84744
-0.0447137 0.175852 0.793728
-0.0790083 0.17186 1.13517
-0.0706757 0.218738 1.44825
0.0725156 0.15001 1.65464
-0.120713 0.311973 2.06667
0.134464 0.15001 2.15322
-0.121103 0.150192 2.39518
-0.164472 0.248629 2.70136
0.0970036 0.15001 2.84999
-1.23335 0.15001 -2.8171
0.0323373 0.318604 1.05342
0.151965 0.302827 1.37202
-0.0143993 0.319266 1.59592
-0.107225 0.296623 1.74482
-0.0115328 0.283755 1.92259
0.0475292 0.323319 2.13867
0.0402624 0.317774 2.32475
0.0263615 0.308093 2.50286
0.0683199 0.312753 2.83172
-0.521546 0.15001 -2.5353
0.040729 0.349551 0.861704
0.0311254 0.339318 1.23859
-0.000449436 0.391425 1.42378
0.110816 0.423447 1.67551
-0.0293665 0.47082 2.00598
0.182274 0.399159 2.24567
-0.0786465 0.42945 2.41099
-0.00797284 0.352021 2.67176
0.230561 0.371114 2.84999
-0.762377 0.15001 -2.84999
0.0702861 0.495908 1.12656
0.153566 0.462484 1.47255
-0.00178669 0.512614 1.57101
-0.00746842 0.437427 1.82482
0.22928 0.519766 2.02272
-0.103493 0.455461 2.17105
0.026766 0.49437 2.28423
0.0755646 0.486964 2.54686
0.0244845 0.473764 2.84999
-1.83972 0.15001 -1.80301
0.173569 0.430661 0.970948
0.009423 0.536144 1.29947
0.0617629 0.631023 1.45078
0.0452589 0.584994 1.7363
0.0949371 0.569104 1.90975
0.096432 0.515654 2.13021
9.9061e-005 0.599229 2.42266
-0.119435 0.484202 2.75126
0.211065 0.545183 2.84999
-1.3412 0.15001 -1.95663
0.0968917 0.699814 1.12829
0.168271 0.64323 1.29093
9.06206e-005 0.706614 1.61373
0.0640137 0.745639 1.84371
0.0512116 0.673272 2.04654
-0.0168332 0.672828 2.21402
0.133361 0.658727 2.30755
0.00891067 0.597486 2.68141
0.0579813 0.63814 2.84999
-0.378068 0.15001 -2.67902
0.0957974 0.605963 0.962579
0.0164439 0.738139 1.2974
0.103529 0.810291 1.46379
0.190453 0.770121 1.6509
-0.0797203 0.676615 1.9261
0.172376 0.827549 2.27091
0.0332412 0.786393 2.39977
-0.12016 0.739481 2.71534
0.22484 0.716471 2.84999
-0.226059 0.15001 -2.19736
0.138457 0.15001 -0.52107
0.212861 0.825105 1.30871
-0.0659703 0.885324 1.35354
-0.0425307 0.8745 1.54998
0.108289 0.874207 1.98693
-0.0472845 0.815105 2.09495
0.153269 0.929095 2.44754
0.0768675 0.810924 2.57317
-0.608963 0.682585 2.84999
-0.648637 0.15001 -1.8619
-1.2648 0.15001 0.0570969
0.0020831 0.15001 -0.781502
0.158682 0.940599 1.57491
0.0518134 0.865177 1.71151
0.0760066 0.929289 2.16033
-0.118621 0.86258 2.50943
-0.257304 0.740061 2.54284
-0.268082 0.84283 2.72118
-0.365416 0.726934 2.84999
0.336376 0.15001 -2.45981
0.293152 0.165028 1.14084
0.306704 0.15001 1.43259
0.236284 0.15001 1.59165
0.121664 0.15001 1.86756
0.379256 0.15001 1.89161
0.304235 0.15001 2.1789
0.185083 0.197025 2.30525
0.232354 0.15001 2.46311
0.281501 0.15001 2.62131
-0.0382812 0.15001 -2.84999
0.0325034 0.152757 0.965065
0.198898 0.15001 1.29443
0.0980688 0.15001 1.46572
0.260664 0.15001 1.76634
0.239821 0.15001 2.00778
0.473107 0.15001 2.22178
0.0623639 0.15001 2.43116
0.114401 0.15001 2.59782
0.268675 0.15001 2.84999
0.0808952 0.15001 -2.73456
0.219586 0.153134 0.979698
0.448668 0.28329 1.38517
0.358072 0.278656 1.54559
0.0749384 0.281655 1.76856
0.241263 0.275518 1.88194
0.0429756 0.15001 2.01744
0.333655 0.305029 2.28134
0.421285 0.279718 2.63242
0.194539 0.249717 2.73009
0.503526 0.15001 -2.84999
0.226437 0.184076 0.798545
0.305293 0.304513 1.2764
0.15389 0.294371 1.5463
0.237514 0.297857 1.70142
0.129632 0.378129 1.97824
0.236389 0.305915 2.10623
0.188649 0.334083 2.41255
0.179966 0.33865 2.5848
0.394269 0.29443 2.84999
1.10994 0.15001 -2.46985
0.194631 0.338916 1.13567
0.317764 0.407708 1.4201
0.274889 0.427687 1.60165
0.218664 0.457894 1.82361
0.3302 0.388371 1.97353
0.366118 0.469767 2.1261
0.330808 0.456988 2.3804
0.25888 0.505525 2.54847
0.307486 0.396686 2.69527
-0.562346 0.15001 -2.83447
0.321514 0.321274 0.946049
0.181633 0.459043 1.28737
0.356578 0.553748 1.5157
0.362018 0.583337 1.70063
0.37051 0.64213 2.08066
0.268751 0.553822 2.24006
0.163858 0.510881 2.39587
0.140852 0.466628 2.71022
0.376975 0.477929 2.84999
0.111058 0.15001 -2.26799
0.259685 0.541858 1.14515
0.326661 0.574111 1.33007
0.182638 0.590266 1.60935
0.208382 0.645274 1.78384
0.329503 0.599716 1.90068
0.197513 0.681097 2.14298
0.306906 0.643948 2.38585
0.362309 0.661828 2.55329
0.325155 0.576203 2.70987
0.0258661 0.15001 -1.00554
0.350026 0.512467 0.988711
0.332064 0.71268 1.18514
0.239888 0.684313 1.46213
0.366043 0.756296 1.77696
0.211477 0.716654 1.96539
0.349195 0.732903 2.23974
0.166092 0.677215 2.48613
0.180707 0.657942 2.66111
0.400552 0.652367 2.84999
0.114835 0.15001 -2.52046
0.182166 0.15001 -0.00322551
0.386294 0.753189 1.36641
0.331002 0.908117 1.67172
0.2189 0.843319 1.83356
0.400398 0.765796 1.95423
0.290626 0.825074 2.0958
0.320631 0.902627 2.3556
0.305252 0.835168 2.52577
0.228774 0.8491 2.69244
-0.0946334 0.15001 -1.60544
1.21293 0.15001 -0.29939
0.539073 0.15001 0.10107
0.29985 0.860182 1.48372
0.177797 0.99922 1.75365
0.315591 0.935037 1.95507
0.268439 0.974919 2.19208
-0.0713975 0.910645 2.71478
0.0545538 0.764975 2.73802
0.35373 0.842356 2.84999
1.11505 0.15001 -2.68285
0.414563 0.156331 0.938795
0.402486 0.15001 1.28154
0.478595 0.15001 1.49683
0.398457 0.15001 1.65717
0.564286 0.15001 1.94823
0.603235 0.150223 2.11292
0.528927 0.15001 2.3826
0.413623 0.15001 2.51109
0.528359 0.15001 2.64147
1.47451 0.15001 -2.84999
0.615413 0.15001 0.999321
0.571819 0.15001 1.34729
0.528272 0.257114 1.62283
0.51936 0.15001 1.78362
0.425645 0.15001 2.05382
0.660361 0.15001 2.27379
0.356547 0.15001 2.34839
0.644441 0.15001 2.76364
0.778314 0.15001 2.84999
-0.964937 0.15001 -2.84987
0.403243 0.269602 0.782634
0.469702 0.150751 1.11072
0.61806 0.301285 1.44288
0.397507 0.28056 1.77254
0.676955 0.322375 1.92662
0.418514 0.304648 2.12737
0.481155 0.339014 2.39302
0.571505 0.247691 2.5125
0.390612 0.15001 2.74048
0.833945 0.15001 -2.84999
0.599766 0.295213 0.88915
0.521251 0.283279 1.21829
0.444349 0.418449 1.65274
0.566398 0.349708 1.78332
0.47921 0.306104 1.9354
0.565797 0.300656 2.23556
0.33838 0.321946 2.49323
0.599564 0.299745 2.67217
0.507628 0.15001 2.84999
0.465946 0.15001 -2.67219
0.377676 0.339971 1.11759
0.604988 0.471481 1.35078
0.636434 0.390264 1.60679
0.406289 0.453595 1.82168
0.557522 0.392975 2.06812
0.468945 0.458071 2.26567
0.608793 0.500341 2.3784
0.577148 0.423156 2.53366
0.482823 0.402243 2.73698
0.910899 0.15001 -2.55628
0.526067 0.387757 1.02882
0.441985 0.454948 1.25745
0.493898 0.43159 1.48478
0.569455 0.522026 1.72627
0.464759 0.512064 1.97844
0.538671 0.559117 2.13528
0.459649 0.562287 2.44019
0.430101 0.488787 2.59602
0.558799 0.494433 2.84999
-0.285611 0.15001 -2.84659
0.444964 0.442776 0.845194
0.586608 0.627841 1.25056
0.525111 0.593878 1.57182
0.490104 0.63092 1.84084
0.576258 0.657837 1.99292
0.499196 0.639069 2.28515
0.612641 0.689871 2.41736
0.581894 0.611212 2.56802
0.509897 0.609045 2.72418
1.29414 0.15001 -2.53174
0.478265 0.58392 1.10455
0.490147 0.606453 1.39874
0.376111 0.731826 1.58833
0.527295 0.725957 1.69439
0.571688 0.802471 1.883
0.511758 0.745243 2.13323
0.440192 0.765831 2.40824
0.395549 0.750982 2.69981
0.669198 0.6231 2.84999
0.525017 0.15001 -1.40661
0.707066 0.15001 -0.108468
0.938688 0.15001 -0.482284
0.54167 0.76933 1.47893
0.449607 0.928099 1.82481
0.487258 0.898739 2.04016
0.595738 0.873398 2.41244
0.806153 0.94014 2.51104
0.518304 0.802733 2.56843
0.537089 0.800282 2.84999
0.123017 0.15001 -1.59829
1.1223 0.15001 -0.503738
0.643776 0.431118 0.801963
0.492778 0.781215 1.20218
0.51087 0.886281 1.61287
0.660185 0.842987 1.72268
0.474436 0.868462 2.25725
0.409369 0.927439 2.66706
0.128795 0.877504 2.84999
0.744236 0.782833 2.84999
0.679127 0.15001 -2.75648
0.637232 0.15001 1.1841
0.753061 0.153934 1.35002
0.665572 0.15001 1.50579
0.651454 0.15001 1.67609
0.699126 0.151131 1.83945
0.797197 0.150107 2.16692
0.82518 0.150457 2.34007
0.70536 0.152563 2.60799
0.850553 0.15001 2.7
2.01153 0.15001 -2.82996
0.574442 0.15001 -1.84253
0.811488 0.15001 1.17822
0.892875 0.15001 1.46771
0.859655 0.15001 1.77525
0.740326 0.15001 2.00487
0.973786 0.15001 2.25895
0.696388 0.15001 2.4438
0.939556 0.307577 2.69899
0.949354 0.15001 2.84999
0.549899 0.15001 0.779778
0.691847 0.303586 1.09407
0.687455 0.320464 1.2781
0.776051 0.294965 1.54251
0.732881 0.306149 1.73235
0.852412 0.320558 1.86402
0.69721 0.299571 2.10313
0.774179 0.310543 2.25591
0.741097 0.346127 2.54464
0.854584 0.312148 2.84999
1.67426 0.15001 -2.36203
0.725455 0.150831 0.84523
0.855599 0.327206 1.19885
0.741459 0.455753 1.46724
0.938955 0.478227 1.78588
0.699611 0.504303 2.05126
0.826738 0.486136 2.17564
0.665612 0.330843 2.38666
0.921648 0.403586 2.557
0.759337 0.309693 2.71458
1.18543 0.15001 -2.84999
0.61686 0.45969 1.16897
0.786705 0.482009 1.28877
0.699965 0.561236 1.60811
0.755785 0.491564 1.76813
0.835027 0.491124 1.93581
0.658117 0.449954 2.21779
0.812416 0.478667 2.35522
0.647585 0.486616 2.68981
0.617319 0.31724 2.84999
1.01074 0.15001 -2.84999
0.774067 0.401316 0.96352
0.735488 0.602308 1.15361
0.675557 0.636706 1.42476
0.909027 0.643958 1.86352
0.624215 0.497865 1.89335
0.712287 0.610469 2.29009
0.734884 0.523485 2.51084
0.763471 0.641021 2.64378
0.827876 0.475182 2.68867
0.711287 0.299285 0.722943
0.790784 0.595568 0.976907
0.844493 0.64928 1.33295
0.823823 0.65854 1.69949
0.666177 0.660396 1.79363
0.749102 0.658273 1.95342
0.705499 0.669671 2.12712
0.818387 0.670619 2.42483
0.931625 0.729241 2.67344
0.743195 0.459609 2.84999
1.50416 0.15001 -2.50919
0.46205 0.15001 -0.918735
0.709312 0.777358 1.22321
0.754824 0.832797 1.43162
0.972479 0.780392 1.7545
0.664764 0.832569 2.0409
0.638624 0.775439 2.25914
0.712063 0.785166 2.53534
0.631999 0.742181 2.70291
0.845595 0.625534 2.81057
0.269984 0.15001 -1.85322
1.22324 0.15001 -1.42943
0.885342 0.814984 1.27294
0.906848 0.776057 1.58503
0.69771 0.733345 1.58086
0.796091 0.781828 1.82717
0.807253 0.841929 2.16911
0.780006 0.836711 2.35651
0.796435 0.861223 2.68503
1.93287 0.321208 2.84673
0.378331 0.15001 -1.27647
1.07514 0.15001 -1.27421
0.52439 0.260504 0.570131
0.63496 0.590101 0.865478
0.838512 0.901635 1.69522
0.841777 0.803372 1.99782
0.640788 0.94129 2.1897
0.960646 0.89624 2.3544
0.602214 0.917031 2.71346
0.948941 0.771852 2.84999
1.76712 0.15001 -2.71324
0.815486 0.15001 1.00015
0.935276 0.175853 1.30194
0.993344 0.151431 1.62809
0.81178 0.15001 1.61669
1.02994 0.152201 1.81233
0.947119 0.200812 2.09717
0.97243 0.150239 2.43074
0.864256 0.219194 2.54553
1.02487 0.15001 2.69705
1.67451 0.15001 -2.84999
1.328 0.15001 -0.706598
1.07469 0.152519 1.45441
1.1664 0.15001 1.69272
1.20082 0.151894 1.86975
0.900147 0.15001 1.94016
1.12361 0.15001 2.1806
1.09139 0.33582 2.51514
1.20302 0.15001 2.69417
1.12564 0.15001 2.84999
1.34281 0.15001 -2.72166
0.986073 0.156679 1.11775
0.837771 0.323905 1.37891
0.959404 0.325531 1.51158
0.908536 0.310986 1.6868
1.00726 0.343056 1.9548
0.938629 0.34103 2.21033
1.04796 0.309703 2.34296
0.873814 0.319539 2.40242
1.04074 0.316936 2.84999
1.57393 0.15001 -2.70379
0.983421 0.172837 0.929423
1.09969 0.435567 1.46044
1.04405 0.445163 1.63322
1.06118 0.331186 1.78175
0.852028 0.349299 2.04552
1.09643 0.314959 2.11815
0.989668 0.475048 2.41437
1.09544 0.392182 2.69018
0.933717 0.472613 2.84999
2.10435 0.15001 -2.68409
0.935616 0.332471 1.03729
1.00795 0.355327 1.31264
0.923994 0.490595 1.42551
0.861683 0.473516 1.61211
1.03407 0.539938 1.94202
0.99123 0.467224 2.09556
0.972899 0.552917 2.25961
0.913875 0.588951 2.54866
1.23945 0.323979 2.82901
0.86149 0.174985 0.714524
1.09822 0.363569 0.94731
1.05592 0.620698 1.41373
1.15646 0.589528 1.58022
1.12452 0.508707 1.78771
0.882489 0.61975 2.07048
1.12063 0.454198 2.23281
1.17451 0.499246 2.39906
1.09745 0.527229 2.55799
1.14139 0.472422 2.84999
2.00348 0.15001 -2.29428
0.906511 0.337904 0.841897
0.888583 0.502376 1.12369
0.849107 0.62975 1.51401
0.998809 0.619507 1.67193
1.22244 0.602647 1.92637
0.868988 0.69399 2.24611
1.01499 0.666916 2.41224
0.995453 0.547725 2.70125
2.26823 0.30083 2.79131
1.81915 0.15001 -1.99986
0.895393 0.700932 1.12911
1.02512 0.543185 1.24356
1.09368 0.784428 1.59211
1.09128 0.705436 1.86018
1.00172 0.736575 2.00631
1.07155 0.62972 2.12388
1.14909 0.640139 2.28734
1.09459 0.719822 2.58487
1.05223 0.622789 2.84999
1.10526 0.15001 -2.28696
0.968167 0.521839 0.95108
1.05805 0.737852 1.25145
0.98597 0.788626 1.42523
1.39322 0.15001 0.554217
1.69592 0.15001 2.23634
1.03891 0.780664 2.24436
0.937374 0.809957 2.50546
1.90835 0.15001 2.32013
1.81779 0.15001 2.84999
1.39737 0.15001 -1.28256
2.20824 0.15001 -1.13517
1.62702 0.15001 0.147889
1.71235 0.15001 -0.027432
1.18188 0.748244 2.02937
1.69639 0.15001 1.08028
1.98548 0.159947 2.02405
2.01633 0.15001 1.83915
1.9058 0.15001 2.53952
1.47686 0.15001 2.84999
2.64649 0.15001 -2.56053
1.33748 0.15001 0.929125
1.42222 0.15001 1.4249
1.27339 0.163299 1.55235
2.04215 0.15001 0.995614
1.24018 0.1514 2.04884
2.22896 0.15001 1.06774
2.62699 0.15001 1.30449
1.09658 0.15001 2.54409
2.28575 0.15001 2.46463
2.84999 0.15001 -2.84999
2.51521 0.15001 -1.21897
1.26159 0.174413 1.16657
2.02042 0.15001 0.300224
1.45094 0.164683 1.61108
1.41319 0.157175 2.08201
1.4807 0.151675 2.24918
1.15123 0.15001 2.36855
1.57239 0.15001 2.4051
1.98862 0.15001 2.84999
2.31046 0.15001 -2.66047
1.10496 0.162106 1.26087
1.24453 0.163067 1.37199
1.12364 0.288357 1.5786
1.3436 0.152078 1.75767
1.07258 0.15001 1.99115
1.29392 0.152361 2.23129
1.3711 0.177015 2.39354
1.26892 0.167619 2.53142
1.37945 0.194332 2.68742
2.01934 0.15001 -2.51492
2.6791 0.15001 -2.73529
1.43717 0.187173 1.24268
2.25367 0.15001 -0.883856
1.42623 0.346088 1.77679
1.34771 0.241839 1.92653
1.59291 0.192071 2.07973
1.22354 0.311581 2.29459
1.52184 0.15001 2.5846
1.30311 0.15001 2.84999
1.15458 0.195136 0.856821
1.1025 0.316325 1.14304
1.2687 0.34247 1.43601
1.287 0.355185 1.62082
1.24018 0.32431 1.78977
1.18611 0.325425 1.96203
1.2923 0.333141 2.12242
1.26916 0.360272 2.464
1.25329 0.325971 2.63986
2.25304 0.15001 2.68368
2.37176 0.15001 -2.84999
1.85824 0.15001 -0.169953
1.33342 0.357366 1.19729
1.46023 0.339793 1.37328
1.57382 0.24262 1.72536
1.46402 0.365734 1.99603
1.30869 0.48691 2.25041
1.41806 0.356981 2.35146
1.43151 0.319982 2.54295
2.05823 0.15001 2.67008
2.1932 0.15001 -2.82953
1.13719 0.501157 1.08412
1.17796 0.425211 1.28216
1.34458 0.518077 1.54668
1.29667 0.513122 1.72832
1.31835 0.450025 1.90922
1.18531 0.484706 2.06385
1.37719 0.531706 2.42438
1.3896 0.433397 2.71518
1.64753 0.15001 2.84999
2.70927 0.15001 -2.4025
2.60452 0.15001 -2.24047
1.36933 0.495094 1.32646
1.74334 0.15001 1.30745
1.41221 0.61497 1.84424
1.38786 0.528353 2.07237
2.43984 0.154862 2.26287
1.22587 0.680933 2.45378
1.28268 0.529398 2.58599
1.18304 0.610214 2.72167
1.93044 0.15001 -2.65891
2.00934 0.15001 -0.571764
1.21471 0.616418 1.22803
1.22695 0.542647 1.41188
1.21091 0.697026 1.72533
1.36226 0.725301 1.9927
1.27178 0.648885 2.1527
1.7305 0.15001 2.49476
2.08586 0.15001 2.24974
2.45228 0.310268 2.83297
1.87905 0.15001 -1.43111
1.43991 0.15001 -1.74815
2.12489 0.15001 -0.349202
1.5969 0.15001 0.418164
1.75136 0.15001 0.723746
1.80715 0.15001 1.99638
2.13936 0.15001 1.45472
1.98525 0.15001 1.59566
1.7514 0.15001 2.67546
2.35614 0.262321 2.5784
2.54586 0.15001 -2.84999
2.3738 0.15001 -2.09692
2.1993 0.15001 -0.617403
2.50534 0.15001 -0.816457
2.18429 0.15001 0.644291
2.1846 0.15001 0.861458
2.57641 0.15001 1.11123
2.65742 0.15001 1.70462
2.45126 0.15001 2.01704
2.68616 0.15001 2.57109
2.84999 0.15001 -2.68731
2.84025 0.15001 -1.9249
2.84999 0.15001 -1.43864
2.84999 0.15001 -0.298234
2.8494 0.15001 0.0503482
2.84999 0.15001 0.699523
2.85 0.15001 1.33707
2.84999 0.15001 2.28016
2.84999 0.15001 2.66655
2.51269 0.15001 2.84999
2.4921 0.15001 -2.67531
2.56408 0.15001 -1.70581
2.84991 0.15001 -1.63789
2.84761 0.15001 -1.09074
2.45671 0.15001 0.571027
2.63659 0.160517 0.908726
2.56605 0.15001 0.711473
2.84999 0.15001 0.921607
2.69063 0.15001 1.93808
2.84999 0.15001 2.84999
2.84999 0.15001 -2.26062
2.59236 0.15001 -1.00924
2.84775 0.15001 -0.675368
2.71645 0.15001 0.25716
2.84999 0.15001 0.474953
2.652 0.15001 0.523576
2.84999 0.15001 1.79306
2.44885 0.15001 1.64392
2.65651 0.15001 2.35434
2.60136 0.15001 2.14491
2.19123 0.15001 -2.49867
2.70744 0.15001 -2.07665
2.67057 0.15001 -1.41683
2.65933 0.15001 -0.228078
2.30778 0.15001 -0.000228806
1.50967 0.160321 1.90271
2.65656 0.15001 1.50126
2.84999 0.15001 1.55447
2.84999 0.152172 2.06964
2.68257 0.15001 2.83443
2.52777 0.15001 -2.41939
2.21194 0.15001 -1.78221
1.59479 0.185767 1.48247
1.46612 0.365822 1.56826
2.36365 0.15001 0.746112
2.40662 0.15001 0.961122
1.48045 0.339167 2.1793
2.49486 0.15001 2.66854
2.84999 0.15001 2.47552
2.63232 0.313498 2.84999
2.33874 0.15001 -2.38673
1.9149 0.15001 -1.65518
2.36705 0.15001 -1.58204
2.61109 0.15001 0.0536336
2.4711 0.15001 0.198048
2.3987 0.15001 1.22739
2.84742 0.15001 1.12566
1.84629 0.15001 1.74471
2.28158 0.15001 2.12654
1.55269 0.318266 2.69225
2.84306 0.15001 -2.51856
2.49459 0.15001 -0.0983879
2.38164 0.15001 -0.505856
1.81287 0.15001 0.473854
1.95816 0.15001 0.627294
2.08109 0.15001 1.20294
2.27772 0.15001 1.57211
2.38893 0.15001 1.42765
2.48871 0.15001 2.46275
2.33838 0.15001 2.84999
2.2047 0.15001 -2.27594
2.00563 0.15001 -0.782883
2.07908 0.15001 -0.153859
2.17081 0.15001 0.443635
1.50768 0.15001 0.725973
1.89277 0.15001 1.11313
1.95212 0.15001 1.37782
2.33268 0.15001 1.866
2.52136 0.15001 1.83199
2.17621 0.155034 1.73149
2.53704 0.15001 -1.98354
2.31264 0.15001 -0.265433
2.07541 0.15001 0.0789492
1.87256 0.15001 0.0632605
1.85367 0.15001 0.918581
1.6841 0.15001 1.84727
1.78129 0.15001 1.54974
2.17596 0.15001 1.95019
2.0922 0.15001 2.48048
2.16092 0.15001 2.84999
