1000 0.1
1.85804 0.15001 -0.00806944
-2.67694 0.15001 0.933492
-2.49691 0.15001 -2.30941
-2.33043 0.15001 -2.41837
-2.84817 0.15001 -0.537197
2.84999 0.15001 1.31698
1.46625 0.15001 1.96992
-1.55707 0.15001 1.6084
-1.48292 0.15001 -0.725174
-0.692086 0.15001 0.0261687
-2.66784 0.15001 2.31618
0.562071 0.15001 2.84999
-0.259963 0.15001 1.45342
2.84999 0.15001 0.560691
-0.754345 0.15001 1.6174
-0.250311 0.15001 -1.97554
-0.360126 0.15001 -1.11962
0.168164 0.15001 -1.27377
-0.951849 0.15001 0.568197
-0.14295 0.15001 1.30277
-2.139 0.15001 -1.9265
-2.83797 0.15001 -2.0939
-0.662715 0.15001 -0.765683
-1.76466 0.15001 -2.50222
-1.36616 0.15001 -2.14881
2.51834 0.15001 0.560633
-2.67263 0.15001 -1.80809
-0.459871 0.15001 -2.67577
-2.49834 0.15001 0.438722
-1.66072 0.15001 1.42738
-2.14374 0.15001 -0.987521
0.204835 0.15001 -0.431889
-1.92718 0.15001 -0.438528
-1.96837 0.15001 -1.46449
0.633432 0.15001 -2.84414
-2.33467 0.15001 -1.01315
0.554931 0.15001 -1.00135
-1.47217 0.15001 -1.27375
-1.15931 0.15001 0.908743
-2.84835 0.15001 0.0442787
-0.154505 0.15001 -2.50002
-1.6838 0.15001 -0.74504
-0.271285 0.15001 -0.949728
0.74788 0.15001 -2.31734
-0.0410235 0.15001 -1.62598
-0.759837 0.15001 -2.15077
0.256645 0.15001 2.6767
-0.24223 0.15001 2.84999
-1.2085 0.15001 -0.519217
-2.67134 0.15001 1.92055
-1.56369 0.15001 -1.8041
-2.49303 0.15001 -1.51546
-1.15015 0.15001 0.554777
-1.37539 0.15001 -1.09547
-1.03173 0.15001 2.84999
-1.83473 0.15001 2.14444
-2.67194 0.15001 1.72297
-2.84999 0.15001 2.39688
-2.32128 0.15001 1.33177
0.867563 0.15001 1.49915
-0.551834 0.15001 -1.13304
1.43203 0.15001 -2.49191
-1.36907 0.15001 -0.894849
-0.985906 0.15001 -0.855965
-0.561923 0.15001 0.919264
-1.29707 0.15001 0.18172
0.0455135 0.15001 -0.730535
-1.75236 0.15001 0.47274
-2.67047 0.15001 2.11806
-2.84999 0.15001 0.834316
-2.67234 0.15001 -2.59982
-2.84999 0.15001 -1.50936
-2.67973 0.15001 -0.0541604
1.03177 0.15001 0.824064
2.84999 0.15001 0.185958
-2.67432 0.15001 1.32741
-2.84999 0.15001 1.42431
-2.84999 0.15001 0.236807
-1.45994 0.15001 1.43083
-0.746659 0.15001 1.97068
-2.67043 0.15001 -2.20124
-2.17506 0.15001 -2.84999
-1.16667 0.15001 -1.09095
-2.50288 0.15001 -0.344725
-0.638486 0.15001 2.4938
-2.84999 0.15001 2.58741
-2.1619 0.15001 0.843887
-2.84999 0.15001 2.01119
-2.32341 0.15001 2.12118
-0.645518 0.15001 2.14249
-0.141054 0.15001 -1.45398
-2.67798 0.15001 -0.827377
-2.4984 0.15001 -2.51511
-1.06834 0.15001 -1.27153
-2.50463 0.15001 0.0470075
-1.96745 0.15001 -0.0755951
-1.75635 0.15001 1.25511
-2.32809 0.15001 1.1321
0.357869 0.15001 2.84999
-2.31563 0.15001 1.72917
-1.26194 0.15001 -2.3235
-0.151765 0.15001 1.9804
-2.32027 0.15001 -1.62132
2.68059 0.15001 1.99615
1.52454 0.15001 1.30703
-0.955121 0.15001 1.6149
1.82214 0.15001 -1.8831
-0.559959 0.15001 -2.50209
1.69369 0.15001 -0.29259
2.35423 0.15001 -1.03328
2.35228 0.15001 -2.76851
0.0498361 0.15001 -0.929333
-1.5877 0.15001 -1.10447
-0.143442 0.15001 -0.250585
0.393113 0.15001 -1.1022
-2.67772 0.15001 -0.635443
-0.357051 0.15001 -2.50064
-2.6687 0.15001 -2.40386
-0.439543 0.15001 2.84999
-2.67799 0.15001 -0.247833
-1.66374 0.15001 -2.67582
2.18512 0.15001 1.12541
0.357046 0.15001 -1.97152
-1.72874 0.15001 -0.404038
-2.1179 0.15001 0.0599051
-0.144583 0.15001 2.66983
-1.66099 0.15001 -1.98478
0.540649 0.15001 -0.419954
-0.143523 0.15001 0.720922
0.700388 0.15001 0.629949
-2.31614 0.15001 -1.41295
-0.242665 0.15001 -1.27976
0.556142 0.15001 -1.20877
-2.31609 0.15001 -2.01835
-2.84999 0.15001 -2.66246
-0.664293 0.15001 -2.67725
0.73431 0.15001 -1.28841
-1.77965 0.15001 0.875526
-1.56289 0.15001 0.896926
-2.84999 0.15001 1.6208
-1.16384 0.15001 -1.7965
-0.658022 0.15001 -1.97503
-0.766354 0.15001 -1.45416
-2.67997 0.15001 -1.02157
-0.648827 0.15001 0.422978
1.36192 0.15001 0.263489
-1.56174 0.15001 1.25255
-1.25267 0.15001 1.7892
-2.84999 0.15001 2.2048
-1.79921 0.15001 0.285789
0.21532 0.15001 -0.822672
-2.33459 0.15001 -2.62523
0.0276424 0.15001 -0.148346
0.702232 0.15001 -0.129332
1.36574 0.15001 -0.489618
1.56797 0.15001 2.50135
-0.538192 0.15001 2.67186
-2.01217 0.15001 2.84999
-2.67844 0.15001 0.141768
-1.95407 0.15001 1.60477
-0.865058 0.15001 -1.62581
-2.84999 0.15001 -2.47425
-1.56287 0.15001 -2.84999
-1.96759 0.15001 -1.81975
-0.475278 0.15001 -0.667239
-0.804336 0.15001 -0.913542
-2.32857 0.15001 0.53895
-1.66208 0.15001 -2.32744
-0.839366 0.15001 0.40205
-2.84999 0.15001 2.84999
-0.860515 0.15001 -2.67765
1.36426 0.15001 -0.301003
-2.14815 0.15001 1.23901
-1.40581 0.15001 -0.540707
-2.70892 0.15001 2.70793
-2.09792 0.15001 1.82287
-2.1251 0.15001 -0.456526
-2.51588 0.15001 2.65855
-0.656414 0.15001 1.44257
-1.62961 0.15001 2.49299
-1.36067 0.15001 -2.84999
-0.148091 0.15001 -0.0558351
-2.84999 0.15001 -0.728805
-1.28163 0.15001 -0.709565
0.219847 0.15001 -1.02214
0.712031 0.15001 -0.702264
-1.66923 0.15001 -1.63292
-2.32149 0.15001 1.92595
-2.6762 0.15001 0.739427
-1.81722 0.15001 2.84999
-1.34876 0.15001 0.528948
0.2628 0.15001 -1.45271
-2.84999 0.15001 -0.925361
-2.84999 0.15001 -0.148662
-1.46438 0.15001 -2.32154
0.195549 0.15001 1.11277
-2.65939 0.15001 2.51313
-2.1563 0.15001 0.642557
-2.31879 0.15001 2.31452
0.203358 0.15001 1.89317
-0.761925 0.15001 -2.5056
-1.9484 0.15001 -0.96759
1.35756 0.15001 1.59545
1.52688 0.15001 0.361043
0.19719 0.15001 1.69957
-0.242893 0.15001 2.49718
-0.556832 0.15001 -1.45964
2.35096 0.15001 1.03151
1.36179 0.15001 0.639948
2.34393 0.15001 1.80499
1.69991 0.15001 -1.23455
-1.15944 0.15001 -2.84999
-1.17576 0.15001 -0.888034
-0.450272 0.15001 -1.62825
-1.06055 0.15001 -2.32506
-0.450294 0.15001 -1.29394
-0.958925 0.15001 -2.84999
-1.75734 0.15001 -0.925202
-2.66713 0.15001 -2.00468
-2.67268 0.15001 1.52572
-2.84999 0.15001 -1.70788
-2.48631 0.15001 -1.91447
2.18376 0.15001 1.31678
-0.447104 0.15001 1.79924
-2.49528 0.15001 1.82535
-1.97093 0.15001 -2.50028
-2.50259 0.15001 0.638808
-1.52654 0.15001 2.67036
0.469254 0.15001 2.33859
-0.358006 0.15001 1.62408
-1.86691 0.15001 -2.67478
-2.67591 0.15001 1.12733
-1.26686 0.15001 -1.27342
0.02753 0.15001 1.21034
0.874614 0.15001 -0.600115
-2.01264 0.15001 -0.616316
-0.842436 0.15001 2.14087
-2.09573 0.15001 -0.793678
-1.75679 0.15001 1.60881
-2.84999 0.15001 0.436185
-0.861967 0.15001 -1.97423
0.824984 0.15001 -2.84999
-2.67848 0.15001 -0.440413
0.532883 0.15001 1.502
1.1968 0.15001 0.54256
-1.01381 0.15001 -0.494044
2.01736 0.15001 1.41169
2.35307 0.15001 0.466135
-2.15387 0.15001 0.250617
-1.62106 0.15001 2.84999
-2.51034 0.15001 -2.71061
-0.617172 0.15001 -0.957804
-1.05624 0.15001 -2.67646
1.54411 0.15001 -2.31559
0.459853 0.15001 -1.79702
-0.343752 0.15001 1.25681
-1.33742 0.15001 2.31009
-2.33123 0.15001 0.938153
-0.308263 0.15001 0.823506
-2.58919 0.15001 2.84999
-1.56715 0.15001 -0.0278964
0.0317269 0.15001 -0.341627
-1.98863 0.15001 0.74698
-0.313589 0.15001 -0.355716
-2.49208 0.15001 2.22417
-2.33506 0.15001 -0.0510502
-2.02434 0.15001 2.15987
-1.92509 0.15001 2.66895
-1.72505 0.15001 2.67149
0.054511 0.15001 2.67525
1.02373 0.15001 -2.84999
2.35017 0.15001 1.22179
-2.1694 0.15001 -2.5197
0.861143 0.15001 -1.79356
1.19892 0.15001 -0.211294
-2.33108 0.15001 0.742239
0.866067 0.15001 1.11033
-1.43966 0.15001 2.13771
-0.0443244 0.15001 2.84999
-0.474894 0.15001 1.09335
-0.561185 0.15001 -2.84999
-1.46098 0.15001 -2.67504
-1.87684 0.15001 -1.64077
1.36961 0.15001 2.5008
-2.49908 0.15001 -0.73261
-1.91725 0.15001 0.130685
0.708223 0.15001 -0.510225
-1.88308 0.15001 -1.29008
-2.07533 0.15001 1.43093
1.83806 0.15001 1.90348
-2.65069 0.15001 -2.84999
0.36197 0.15001 -1.62388
-1.06351 0.15001 1.08388
1.15511 0.15001 -1.96117
0.247337 0.15001 -2.50332
-0.137392 0.15001 -0.445626
-1.17369 0.15001 0.0143438
-2.15572 0.15001 1.04004
-1.43155 0.15001 2.49016
-1.65852 0.15001 1.07772
-0.762662 0.15001 -2.84999
2.67869 0.15001 2.19583
-2.4887 0.15001 -2.11028
2.68375 0.15001 0.843178
-2.03931 0.15001 -0.278619
-0.0513752 0.15001 2.15668
1.85845 0.15001 -0.195514
0.360571 0.15001 2.50577
2.68271 0.15001 1.4132
1.6926 0.15001 0.0827353
0.768128 0.15001 2.84999
-0.860481 0.15001 -2.32718
-0.243896 0.15001 -1.62872
-2.1511 0.15001 -1.52313
-2.84999 0.15001 -2.84999
-1.24927 0.15001 -0.165866
1.86393 0.15001 -1.32147
-1.09983 0.15001 0.194999
-1.85908 0.15001 1.42702
-1.6321 0.15001 0.708765
-0.958451 0.15001 -2.50482
-0.749035 0.15001 -1.10827
2.18939 0.15001 -0.565007
-2.32614 0.15001 0.343271
-0.662624 0.15001 -0.368892
-1.35659 0.15001 1.61077
-1.05941 0.15001 1.43745
-1.65796 0.15001 1.78612
0.385493 0.15001 -0.909784
-0.857563 0.15001 1.4401
-2.32276 0.15001 -0.45696
0.0550122 0.15001 -1.11863
1.21322 0.15001 -1.16371
1.51684 0.15001 1.69686
-2.15447 0.15001 2.02357
-1.87058 0.15001 1.79053
1.12999 0.15001 -2.6705
-2.49688 0.15001 1.42945
-0.0466582 0.15001 -1.97528
-0.963643 0.15001 0.916271
-2.84834 0.15001 -1.11851
-0.256761 0.15001 -2.6752
1.53403 0.15001 -0.957408
1.85931 0.15001 2.33006
2.02244 0.15001 0.463302
2.0016 0.15001 2.00281
1.69218 0.15001 0.270411
0.194988 0.15001 0.337544
-0.96068 0.15001 1.26386
0.878254 0.15001 1.9082
-2.49501 0.15001 -1.7161
2.18864 0.15001 -0.00380692
0.0520945 0.15001 -2.14943
-0.04134 0.15001 -1.28174
-1.06458 0.15001 -1.96955
2.06179 0.15001 2.67524
-1.63512 0.15001 2.13953
0.97117 0.15001 2.84999
-0.736311 0.15001 2.67114
2.01934 0.15001 1.21916
1.2352 0.15001 -2.4919
-1.79627 0.15001 -1.11538
1.20269 0.15001 -0.589176
1.19541 0.15001 1.49746
-1.77001 0.15001 -0.0506951
-1.26177 0.15001 -1.96988
0.0292646 0.15001 0.817901
-2.4999 0.15001 1.23143
2.84999 0.15001 2.48681
0.256405 0.15001 2.33546
1.05041 0.15001 -2.13844
2.18891 0.15001 -0.190948
-0.156742 0.15001 -2.84999
-0.354425 0.15001 -2.15048
-1.56197 0.15001 -2.50075
-2.49569 0.15001 0.243226
0.768419 0.15001 2.50767
-2.84999 0.15001 1.22689
-0.637141 0.15001 2.84999
0.0238352 0.15001 0.431537
-0.0514786 0.15001 -2.32465
0.210365 0.15001 -0.625876
1.61042 0.15001 -2.84999
-1.45448 0.15001 1.7868
-0.938142 0.15001 2.31187
-2.02664 0.15001 2.49633
-1.97615 0.15001 0.542225
-1.16617 0.15001 -1.44691
-1.25975 0.15001 1.07607
-2.84999 0.15001 1.81645
-2.21532 0.15001 -0.632775
0.36855 0.15001 -1.28939
-1.03322 0.15001 0.383519
0.19726 0.15001 -0.0468086
1.06305 0.15001 -1.78658
2.18792 0.15001 0.371128
-1.98311 0.15001 0.942033
1.03226 0.15001 0.0673274
-1.42476 0.15001 2.84999
2.0207 0.15001 1.02873
0.155903 0.15001 -1.97368
2.46091 0.15001 2.68436
0.366025 0.15001 0.626849
0.771053 0.15001 2.17164
1.52682 0.15001 0.549017
0.370286 0.15001 1.9891
-1.03521 0.15001 2.49069
-1.08111 0.15001 -0.682386
-0.246125 0.15001 2.15159
1.84602 0.15001 1.70355
1.63386 0.15001 -1.93957
-1.76975 0.15001 -1.46118
-2.49182 0.15001 -1.31642
-1.81239 0.15001 -0.594526
-1.2589 0.15001 -2.67457
-1.76558 0.15001 -1.81117
2.1907 0.15001 -1.12838
0.06324 0.15001 -1.45002
-0.0357828 0.15001 1.79955
-0.0466996 0.15001 2.49739
-2.50073 0.15001 -0.539869
-1.76549 0.15001 -2.84999
0.0470971 0.15001 -2.50024
-0.490902 0.15001 -0.263167
-0.138445 0.15001 -1.10144
0.967313 0.15001 2.15792
0.565624 0.15001 2.50999
-1.42156 0.15001 0.345699
-1.84578 0.15001 -0.240163
0.533243 0.15001 0.3423
-2.12758 0.15001 -1.32319
-1.75816 0.15001 -2.15717
0.441418 0.15001 -2.84999
0.253426 0.15001 -2.14824
-2.84999 0.15001 -2.28138
2.18914 0.15001 -0.377948
2.84999 0.15001 -1.88848
0.839684 0.15001 -2.49379
-1.2435 0.15001 2.13739
0.889235 0.15001 -1.17788
-1.9619 0.15001 -2.16059
1.19682 0.15001 0.353965
1.81603 0.15001 2.11794
2.35164 0.15001 0.842494
0.866416 0.15001 0.536934
0.537917 0.15001 1.89571
2.6524 0.15001 2.63678
0.365997 0.15001 1.59929
1.26343 0.15001 1.97517
0.19244 0.15001 1.30758
1.79577 0.15001 -2.27924
2.51919 0.15001 0.185627
2.02555 0.15001 -0.848209
1.86312 0.15001 -1.13318
-1.64762 0.15001 -0.214788
-0.761552 0.15001 0.921754
-1.23387 0.15001 2.49049
2.68169 0.15001 1.80181
1.03262 0.15001 1.59512
-0.437937 0.15001 2.49562
1.35082 0.15001 -1.96868
-1.32529 0.15001 -0.353601
0.0573604 0.15001 -1.79983
-0.457533 0.15001 -2.32608
-1.15927 0.15001 -2.49994
-1.56716 0.15001 -1.45317
-0.834576 0.15001 2.84999
-1.8301 0.15001 2.49672
-0.455317 0.15001 1.44121
0.197662 0.15001 0.916109
1.53223 0.15001 -0.767823
-0.128964 0.15001 -0.640286
-1.8663 0.15001 -2.33109
-0.341263 0.15001 2.32298
2.34899 0.15001 1.41397
-0.117421 0.15001 -0.83633
0.365388 0.15001 0.436326
-1.53258 0.15001 2.31112
2.16234 0.15001 2.84999
1.17053 0.15001 2.84999
0.957993 0.15001 -1.96367
0.0242659 0.15001 0.238356
-0.555015 0.15001 -1.80067
-1.4476 0.15001 -0.190591
-1.46334 0.15001 -1.97726
-1.60675 0.15001 -0.562494
-1.54592 0.15001 0.5125
-1.75113 0.15001 1.96292
-2.20587 0.15001 2.84999
-1.13181 0.15001 2.66991
0.704902 0.15001 -0.319365
-0.957471 0.15001 -1.07248
0.533194 0.15001 0.916501
-0.314644 0.15001 0.629526
1.05235 0.15001 -1.45781
-0.934145 0.15001 2.67018
-0.970293 0.15001 -1.44738
-1.97887 0.15001 0.342271
-2.4594 0.15001 2.46014
-1.05079 0.15001 1.79038
1.85731 0.15001 0.367113
0.871009 0.15001 1.69693
0.0276123 0.15001 1.60592
2.67797 0.15001 2.39678
2.50699 0.15001 2.29902
2.49649 0.15001 -2.27953
-1.15612 0.15001 1.61318
-1.45916 0.15001 1.0738
1.5272 0.15001 0.173181
-0.742191 0.15001 2.3132
-0.659845 0.15001 -2.3274
-2.0687 0.15001 -2.68306
-0.293022 0.15001 -0.749198
-2.02759 0.15001 -1.15111
-2.37319 0.15001 -2.84999
-0.557547 0.15001 -2.15071
-1.96705 0.15001 -2.84999
-2.4932 0.15001 2.02561
2.18609 0.15001 0.935844
0.700285 0.15001 0.249742
1.37246 0.15001 -1.06001
2.19018 0.15001 -0.940131
-1.67795 0.15001 -1.28259
1.34304 0.15001 -2.31427
2.51884 0.15001 0.37298
-0.648922 0.15001 1.79521
-2.50045 0.15001 -1.12141
-1.8522 0.15001 1.08478
-0.690243 0.15001 0.229121
-0.754887 0.15001 0.582711
-2.16068 0.15001 -0.131539
-2.67395 0.15001 0.33933
-0.25434 0.15001 -2.32523
2.49809 0.15001 -2.46926
-2.3181 0.15001 -0.25612
-0.761534 0.15001 -1.80087
-2.3032 0.15001 -1.21072
0.86729 0.15001 -0.0308483
2.35246 0.15001 0.654075
1.03176 0.15001 0.445002
-0.14516 0.15001 -1.8014
1.36065 0.15001 1.20904
2.34129 0.15001 2.00249
1.69198 0.15001 0.458196
1.66383 0.15001 1.98826
0.195962 0.15001 1.50393
0.700717 0.15001 0.0602417
2.33456 0.15001 2.40728
0.708099 0.15001 1.79872
-0.148354 0.15001 0.528664
-0.659943 0.15001 -1.62864
2.51504 0.15001 1.51088
1.96444 0.15001 2.84999
0.761297 0.15001 -1.62259
1.86056 0.15001 -0.757914
1.21817 0.15001 -1.56228
2.84999 0.15001 2.09398
1.20061 0.15001 -0.400039
2.16305 0.15001 2.30411
0.0296569 0.15001 1.01573
0.0446412 0.15001 -2.84999
0.349953 0.15001 -2.32408
0.258959 0.15001 -1.79788
-0.34962 0.15001 -1.80134
1.14445 0.15001 -2.31434
2.68357 0.15001 -1.40995
-1.36009 0.15001 -1.79816
-1.22842 0.15001 2.84999
1.69091 0.15001 1.02353
-2.31848 0.15001 1.52771
1.62783 0.15001 -2.49376
1.803 0.15001 -2.84999
1.0333 0.15001 -0.121326
-2.67086 0.15001 -1.41348
-0.978511 0.15001 0.0371843
1.5307 0.15001 -0.579034
-2.84999 0.15001 -1.31069
-0.449398 0.15001 -0.865939
1.37592 0.15001 -1.25368
-1.3625 0.15001 -1.4488
0.342672 0.15001 -2.67637
1.04912 0.15001 -1.07332
0.537063 0.15001 -0.228804
1.03135 0.15001 1.20699
2.02477 0.15001 -0.660884
0.866329 0.15001 0.347354
-1.6123 0.15001 0.323501
-2.67208 0.15001 -1.61075
-2.12335 0.15001 2.32336
-1.81663 0.15001 0.660788
1.24726 0.15001 -2.13893
-0.858456 0.15001 -0.689406
-0.327332 0.15001 0.0380559
-1.06759 0.15001 -1.62221
0.536353 0.15001 -2.67624
-1.12539 0.15001 -0.328933
-1.05664 0.15001 0.741015
-1.34767 0.15001 1.96568
2.51771 0.15001 0.7487
2.18749 0.15001 0.558974
0.870279 0.15001 2.6786
0.150172 0.15001 -2.32517
-2.12093 0.15001 2.66714
-1.32919 0.15001 2.66993
-2.32086 0.15001 0.146614
2.84999 0.15001 -1.12444
-1.36093 0.15001 -2.49867
1.86654 0.15001 2.67649
-1.56274 0.15001 -0.908953
-2.22479 0.15001 2.4933
-0.866573 0.15001 -1.27131
-2.15176 0.15001 -2.12283
-1.89542 0.15001 -0.7739
-0.542165 0.15001 2.31916
-1.95675 0.15001 1.97659
-2.50887 0.15001 -0.923854
1.35914 0.15001 1.40175
1.85681 0.15001 0.743111
2.51886 0.15001 -0.937764
1.04371 0.15001 -0.880893
0.660537 0.15001 -1.46093
-2.32002 0.15001 -2.2179
2.35188 0.15001 -1.41412
-0.665555 0.15001 1.09007
-2.30759 0.15001 -0.812614
-2.31948 0.15001 2.66707
-2.50369 0.15001 0.839217
0.365102 0.15001 1.01343
0.700237 0.15001 0.439645
-0.138532 0.15001 1.11266
0.375757 0.15001 -0.521886
-1.46517 0.15001 -1.62606
1.19677 0.15001 0.921042
-0.967567 0.15001 -1.7974
-0.150948 0.15001 -2.14998
2.0242 0.15001 -0.473683
-2.13759 0.15001 -1.72016
0.701556 0.15001 1.40298
0.53295 0.15001 1.30554
1.85519 0.15001 1.12131
0.702226 0.15001 1.99484
-0.488919 0.15001 0.540663
1.52267 0.15001 1.50033
0.0206702 0.15001 1.40724
0.532693 0.15001 1.11044
-1.86532 0.15001 -1.98791
1.03183 0.15001 0.256071
2.18162 0.15001 1.51041
1.26878 0.15001 2.32399
1.46667 0.15001 2.32608
1.86355 0.15001 -1.5088
2.35395 0.15001 -1.22277
0.245258 0.15001 -2.84999
1.169 0.15001 2.15193
1.69559 0.15001 -0.668397
-1.49293 0.15001 0.162394
-0.45427 0.15001 -1.9754
1.06371 0.15001 1.98668
-1.16148 0.15001 1.25817
0.155963 0.15001 2.84999
-0.66074 0.15001 -1.28853
1.64758 0.15001 -1.73077
0.160163 0.15001 -1.62481
0.719734 0.15001 -1.09345
1.69689 0.15001 -0.856659
1.92673 0.15001 -2.65999
-0.648136 0.15001 -0.570299
-1.24875 0.15001 0.731336
-1.54563 0.15001 1.96521
-0.836925 0.15001 2.49154
2.16015 0.15001 -2.08564
0.65347 0.15001 -2.14247
0.946428 0.15001 -2.31563
1.21889 0.15001 -1.3615
-2.09897 0.15001 -2.3248
1.36983 0.15001 -0.868464
-1.36116 0.15001 1.25294
-1.36752 0.15001 -0.00313545
1.1971 0.15001 0.165532
-2.50663 0.15001 -0.151771
0.453709 0.15001 -2.14537
0.532968 0.15001 0.723666
0.549215 0.15001 -0.80569
-0.920993 0.15001 -0.305833
0.544643 0.15001 -0.612151
1.52845 0.15001 -0.202562
0.365415 0.15001 2.17704
0.36787 0.15001 -0.137874
-0.943752 0.15001 1.96916
-2.50298 0.15001 1.0323
1.72563 0.15001 -2.66798
0.54886 0.15001 -2.32043
2.84999 0.15001 -2.4646
0.37136 0.15001 -0.329543
1.36753 0.15001 -0.678601
0.468658 0.15001 -1.4537
2.68488 0.15001 0.279562
2.01381 0.15001 1.60682
-0.850012 0.15001 1.79274
2.36224 0.15001 2.84999
1.03177 0.15001 0.634274
2.51963 0.15001 -0.188366
-0.485194 0.15001 0.328211
2.50799 0.15001 2.50012
-0.665237 0.15001 0.754405
-1.05271 0.15001 -0.14466
1.86179 0.15001 -0.945479
2.26723 0.15001 2.67161
0.537084 0.15001 1.6969
-0.321462 0.15001 -0.157856
-1.26212 0.15001 -1.62264
-2.67697 0.15001 -1.2167
1.36316 0.15001 -0.112711
1.445 0.15001 -2.14087
1.05416 0.15001 -1.26695
1.85369 0.15001 1.31263
-2.39834 0.15001 2.84999
2.50916 0.15001 2.09931
1.03121 0.15001 1.40144
2.35432 0.15001 -0.282849
-2.84999 0.15001 -1.90524
1.98639 0.15001 -2.1794
2.17853 0.15001 -1.70321
2.16834 0.15001 -1.89393
-0.512695 0.15001 0.133051
0.666433 0.15001 2.67988
2.1617 0.15001 2.50202
-2.31112 0.15001 -1.8228
2.17352 0.15001 1.90402
0.86653 0.15001 0.158139
0.200415 0.15001 -0.239097
1.20525 0.15001 -0.779069
-0.146771 0.15001 0.137668
1.97871 0.15001 -2.37449
0.558029 0.15001 -1.96895
-0.244717 0.15001 1.80353
-1.14557 0.15001 1.96468
-0.895893 0.15001 0.21566
2.68459 0.15001 0.466991
1.06929 0.15001 2.32797
2.84999 0.15001 -1.50379
1.03742 0.15001 1.79559
-1.92825 0.15001 2.32623
1.68813 0.15001 1.40607
2.51649 0.15001 1.31742
2.84999 0.15001 1.1269
2.84999 0.15001 1.5097
2.68324 0.15001 1.22199
0.364088 0.15001 1.20884
0.040555 0.15001 1.98711
2.68492 0.15001 -2.75057
2.84999 0.15001 -2.08113
1.39411 0.15001 -1.64616
2.68518 0.15001 -0.0944395
0.19701 0.15001 0.529634
2.35429 0.15001 -0.84475
2.02583 0.15001 -1.41413
2.84999 0.15001 1.89727
-0.147307 0.15001 2.32626
2.84999 0.15001 0.937296
2.84999 0.15001 -1.69579
-1.16311 0.15001 -2.14756
2.33385 0.15001 -1.99164
1.3624 0.15001 0.0754074
2.67526 0.15001 -2.17952
2.35413 0.15001 -0.0959278
1.52676 0.15001 0.737232
2.68395 0.15001 -1.22075
-1.95236 0.15001 1.25386
-0.852307 0.15001 -0.115004
1.63955 0.15001 -2.14205
2.18564 0.15001 -1.51144
-0.0544161 0.15001 -2.67499
0.852496 0.15001 -2.14049
-2.84999 0.15001 -0.345308
1.82231 0.15001 -2.48894
0.87131 0.15001 2.33723
-0.75811 0.15001 1.26606
-1.22958 0.15001 0.36763
1.76915 0.15001 2.84999
0.661286 0.15001 -1.7954
1.81989 0.15001 -2.07711
2.00292 0.15001 -1.79487
1.41635 0.15001 -2.84999
0.956552 0.15001 -1.62218
-1.03938 0.15001 2.14006
1.03508 0.15001 -0.310172
1.69189 0.15001 0.64618
2.84999 0.15001 2.67921
2.76418 0.15001 2.84999
1.26259 0.15001 -1.78861
2.84999 0.15001 -2.27339
0.641593 0.15001 -2.49635
-0.307195 0.15001 -0.552701
0.716303 0.15001 -0.896094
0.758419 0.15001 -1.96689
1.368 0.15001 2.14609
0.878175 0.15001 -0.791836
0.704487 0.15001 1.5984
-1.73061 0.15001 2.31837
0.164945 0.15001 2.14576
-0.137329 0.15001 0.916244
0.532911 0.15001 0.533142
2.51291 0.15001 1.90074
2.84999 0.15001 -0.74779
-2.49407 0.15001 1.62749
2.51461 0.15001 1.7064
1.67693 0.15001 1.79657
2.00852 0.15001 1.8045
0.366017 0.15001 0.818501
-0.667842 0.15001 -0.173688
-0.821944 0.15001 -0.483684
-0.343235 0.15001 -1.45762
0.0378429 0.15001 -0.535406
-0.863783 0.15001 1.09167
1.85763 0.15001 0.179466
-1.69037 0.15001 0.130759
0.566307 0.15001 2.14802
1.07043 0.15001 2.67729
1.1957 0.15001 1.30466
-2.84999 0.15001 0.635471
2.15485 0.15001 -2.27835
0.15494 0.15001 2.50364
-0.316902 0.15001 0.233538
1.36176 0.15001 0.451623
-1.3564 0.15001 0.898553
2.02277 0.15001 0.275573
2.84999 0.15001 1.70402
0.365549 0.15001 0.0533986
-0.345839 0.15001 1.97752
1.03779 0.15001 -2.49246
2.32637 0.15001 -2.38001
2.68252 0.15001 -1.60027
1.22095 0.15001 -2.84999
2.3282 0.15001 -2.57373
1.36974 0.15001 2.84999
1.85619 0.15001 0.931724
2.51708 0.15001 1.12703
2.17797 0.15001 1.70632
2.84999 0.15001 0.748684
1.328 0.15001 -2.6701
2.32658 0.15001 -2.18393
0.198402 0.15001 0.721348
1.69842 0.15001 -1.04528
0.460238 0.15001 2.67887
-1.13804 0.15001 2.31375
0.970615 0.15001 2.50618
2.56343 0.15001 2.84854
2.34715 0.15001 -1.60679
2.68509 0.15001 0.0924467
1.19777 0.15001 -0.0228578
-0.147597 0.15001 0.334368
-0.556137 0.15001 1.26978
1.85709 0.15001 0.554959
0.0577015 0.15001 2.32351
0.866396 0.15001 0.727081
0.369844 0.15001 1.79189
2.50402 0.15001 -2.08632
1.17008 0.15001 2.50075
-2.14709 0.15001 1.62515
0.699964 0.15001 1.01346
2.50888 0.15001 -1.89249
1.52942 0.15001 -0.390658
2.68517 0.15001 -0.281076
2.84999 0.15001 -0.560638
2.0238 0.15001 -0.286539
2.18973 0.15001 -1.31833
-0.554654 0.15001 1.61871
1.26951 0.15001 2.67497
2.51947 0.15001 -0.00146504
2.67436 0.15001 -2.56089
0.882231 0.15001 -0.985082
2.68484 0.15001 -0.654825
2.5268 0.15001 -2.84999
2.02314 0.15001 0.0880413
1.68428 0.15001 1.60102
2.18832 0.15001 0.183548
1.99917 0.15001 2.19723
1.3568 0.15001 1.80328
2.35387 0.15001 0.0911742
0.147942 0.15001 -2.67588
1.04022 0.15001 -0.689618
2.51293 0.15001 -1.69978
0.0256342 0.15001 0.0446939
1.6931 0.15001 -0.104909
1.69451 0.15001 -0.480397
1.85963 0.15001 -0.570386
-0.162207 0.15001 1.62561
-0.304012 0.15001 1.01633
2.84999 0.15001 0.373138
2.01912 0.15001 -1.60647
2.51659 0.15001 -1.50756
-0.861061 0.15001 0.747816
2.68422 0.15001 -1.03101
0.44292 0.15001 -2.50251
2.84999 0.15001 -0.935675
-0.320554 0.15001 0.43552
1.52574 0.15001 1.1157
-0.545491 0.15001 1.9713
2.18689 0.15001 0.747225
2.68348 0.15001 1.03259
-2.84999 0.15001 1.02905
0.866343 0.15001 1.30495
1.67025 0.15001 2.67658
1.76628 0.15001 2.50659
0.363956 0.15001 1.40538
1.99366 0.15001 -2.84999
1.46971 0.15001 2.67448
2.67841 0.15001 -1.98641
-0.441328 0.15001 2.14837
2.51841 0.15001 -1.31713
0.93168 0.15001 -2.67101
0.732886 0.15001 -2.67448
1.55859 0.15001 -1.54767
0.0263229 0.15001 0.624027
-0.961779 0.15001 -2.14894
-2.67524 0.15001 0.538128
-1.26 0.15001 1.43393
2.17098 0.15001 2.10189
0.869006 0.15001 -0.219972
1.19732 0.15001 1.69376
1.19682 0.15001 0.731483
1.70262 0.15001 -1.4247
2.35436 0.15001 -0.469777
0.195442 0.15001 0.145393
1.85892 0.15001 -0.382927
-0.483292 0.15001 -0.461719
2.18971 0.15001 -0.752321
2.84999 0.15001 2.29082
2.51865 0.15001 -1.12681
2.84999 0.15001 -2.65641
1.52601 0.15001 -2.67014
2.18368 0.15001 -2.84999
0.562066 0.15001 -1.62582
1.83795 0.15001 -1.69296
1.6642 0.15001 2.32579
1.68984 0.15001 1.21383
1.8509 0.15001 1.50654
2.68419 0.15001 0.6548
2.51712 0.15001 0.93736
1.47509 0.15001 -1.8212
0.854887 0.15001 -1.44623
0.380319 0.15001 -0.715502
2.34125 0.15001 -1.79846
0.533235 0.15001 0.151996
0.700015 0.15001 1.20728
2.51967 0.15001 -0.375159
2.84999 0.15001 -0.187496
2.33682 0.15001 2.20411
2.84999 0.15001 -0.000894229
1.19643 0.15001 1.11181
2.1494 0.15001 -2.47457
-0.358877 0.15001 -2.84999
2.51918 0.15001 -0.749617
1.69156 0.15001 0.834511
1.96286 0.15001 2.50045
2.84999 0.15001 -1.31411
2.02159 0.15001 0.839735
1.52776 0.15001 -0.0146507
2.35433 0.15001 -0.656999
2.51946 0.15001 -0.562162
2.84999 0.15001 -2.84999
2.02735 0.15001 -1.22395
-2.15522 0.15001 0.44464
2.12663 0.15001 -2.66641
2.02349 0.15001 -0.099325
1.52642 0.15001 0.925967
-0.504089 0.15001 -0.0626224
-1.4405 0.15001 0.708144
0.53452 0.15001 -0.0382354
1.53609 0.15001 -1.14827
2.68507 0.15001 -0.467751
1.03162 0.15001 1.01476
2.02672 0.15001 -1.03582
-0.476932 0.15001 0.738333
-1.52658 0.15001 -0.377174
1.36139 0.15001 1.01816
1.20879 0.15001 -0.97052
1.56952 0.15001 2.84999
1.36174 0.15001 0.828649
2.5094 0.15001 -2.65771
2.6684 0.15001 -2.37095
2.6845 0.15001 -0.842501
1.03746 0.15001 -0.499536
1.38544 0.15001 -1.45394
0.364738 0.15001 0.244663
1.53892 0.15001 -1.34185
1.56449 0.15001 2.15252
2.02207 0.15001 0.651303
2.6821 0.15001 1.6086
2.68067 0.15001 -1.79327
1.99463 0.15001 -1.98634
0.871564 0.15001 -0.409628
2.84999 0.15001 -0.373956
0.700165 0.15001 0.821048
2.35352 0.15001 0.278527
0.866219 0.15001 0.918017
-0.339822 0.15001 2.66937
0.666469 0.15001 2.33629
2.34709 0.15001 1.60872
