1000 0.1
1.861 0.15001 -0.00963987
-2.67531 0.15001 0.932132
-2.49637 0.15001 -2.32596
-2.3269 0.15001 -2.43084
-2.84785 0.15001 -0.543571
2.84999 0.15001 1.31843
1.46585 0.15001 1.97902
-1.56403 0.15001 1.61722
-1.45776 0.15001 -0.738285
-0.790168 0.15001 0.08818
-2.66839 0.15001 2.31994
0.552639 0.15001 2.84999
-0.27623 0.15001 1.44762
2.84999 0.15001 0.561173
-0.76522 0.15001 1.62076
-0.247384 0.15001 -1.9755
-0.355916 0.15001 -1.1124
0.159123 0.15001 -1.26194
-0.960955 0.15001 0.572868
-0.138385 0.15001 1.3151
-2.14352 0.15001 -1.93572
-2.84089 0.15001 -2.10209
-0.729193 0.15001 -0.774485
-1.75316 0.15001 -2.50105
-1.35421 0.15001 -2.15079
2.51962 0.15001 0.560701
-2.67315 0.15001 -1.82265
-0.452524 0.15001 -2.6747
-2.49731 0.15001 0.437373
-1.66639 0.15001 1.43413
-2.13798 0.15001 -1.00001
0.204031 0.15001 -0.420847
-1.9153 0.15001 -0.450335
-1.97235 0.15001 -1.48298
0.636221 0.15001 -2.84646
-2.32979 0.15001 -1.03103
0.547808 0.15001 -0.992936
-1.47856 0.15001 -1.27721
-1.16747 0.15001 0.914894
-2.84994 0.15001 0.0416082
-0.150937 0.15001 -2.4996
-1.66019 0.15001 -0.765159
-0.286036 0.15001 -0.933713
0.747181 0.15001 -2.31844
-0.0408065 0.15001 -1.62403
-0.753037 0.15001 -2.14754
0.24695 0.15001 2.67634
-0.249383 0.15001 2.84999
-1.19631 0.15001 -0.508714
-2.67346 0.15001 1.92406
-1.55899 0.15001 -1.81127
-2.49753 0.15001 -1.52807
-1.16326 0.15001 0.558316
-1.39249 0.15001 -1.09169
-1.03501 0.15001 2.84999
-1.83975 0.15001 2.14965
-2.6747 0.15001 1.72564
-2.84999 0.15001 2.40081
-2.32301 0.15001 1.33103
0.874258 0.15001 1.50556
-0.547656 0.15001 -1.12227
1.43241 0.15001 -2.49064
-1.32335 0.15001 -0.900629
-0.940637 0.15001 -0.798337
-0.569407 0.15001 0.923146
-1.31082 0.15001 0.181544
0.0377652 0.15001 -0.71691
-1.7801 0.15001 0.445456
-2.67317 0.15001 2.12166
-2.84999 0.15001 0.83342
-2.6621 0.15001 -2.62971
-2.84999 0.15001 -1.51857
-2.68076 0.15001 -0.0565633
1.03665 0.15001 0.830668
2.84999 0.15001 0.185948
-2.67508 0.15001 1.32684
-2.84999 0.15001 1.4277
-2.84999 0.15001 0.234508
-1.46763 0.15001 1.43895
-0.758001 0.15001 1.97419
-2.66949 0.15001 -2.21779
-2.14974 0.15001 -2.84999
-1.18456 0.15001 -1.07662
-2.5077 0.15001 -0.35015
-0.644754 0.15001 2.49628
-2.84999 0.15001 2.59039
-2.15549 0.15001 0.837911
-2.84999 0.15001 2.01722
-2.32756 0.15001 2.12068
-0.65599 0.15001 2.14598
-0.141421 0.15001 -1.45054
-2.67618 0.15001 -0.835404
-2.49309 0.15001 -2.53319
-1.07336 0.15001 -1.27285
-2.50528 0.15001 0.0441116
-1.97451 0.15001 -0.0951466
-1.76389 0.15001 1.2614
-2.32507 0.15001 1.12901
0.349931 0.15001 2.84999
-2.32075 0.15001 1.72936
-1.25089 0.15001 -2.32439
-0.165796 0.15001 1.97453
-2.32613 0.15001 -1.63385
2.68101 0.15001 1.99867
1.52985 0.15001 1.3103
-0.964245 0.15001 1.61923
1.81545 0.15001 -1.88539
-0.552607 0.15001 -2.50017
1.69631 0.15001 -0.294275
2.35366 0.15001 -1.03665
2.35046 0.15001 -2.76627
0.0385622 0.15001 -0.918033
-1.60149 0.15001 -1.11145
-0.141314 0.15001 -0.238625
0.383274 0.15001 -1.09286
-2.67717 0.15001 -0.64263
-0.351794 0.15001 -2.4996
-2.66302 0.15001 -2.43078
-0.445838 0.15001 2.84999
-2.67969 0.15001 -0.251432
-1.64991 0.15001 -2.67502
2.18711 0.15001 1.12537
0.354821 0.15001 -1.97193
-1.71746 0.15001 -0.419811
-2.13201 0.15001 0.0436393
-0.153584 0.15001 2.66831
-1.65403 0.15001 -1.99197
0.542042 0.15001 -0.412197
-0.137282 0.15001 0.732483
0.706153 0.15001 0.638705
-2.32085 0.15001 -1.42751
-0.243828 0.15001 -1.27706
0.548356 0.15001 -1.19565
-2.31948 0.15001 -2.03043
-2.84999 0.15001 -2.66361
-0.654688 0.15001 -2.67618
0.724176 0.15001 -1.28146
-1.78122 0.15001 0.867373
-1.57012 0.15001 0.904099
-2.84999 0.15001 1.62641
-1.15943 0.15001 -1.79642
-0.653267 0.15001 -1.97168
-0.762289 0.15001 -1.44978
-2.67783 0.15001 -1.02912
-0.64447 0.15001 0.43762
1.36586 0.15001 0.265925
-1.57038 0.15001 1.25802
-1.26091 0.15001 1.79431
-2.84999 0.15001 2.21002
-1.8117 0.15001 0.257016
0.208988 0.15001 -0.80966
-2.32402 0.15001 -2.63542
0.0318943 0.15001 -0.136792
0.707489 0.15001 -0.122671
1.36709 0.15001 -0.489164
1.55969 0.15001 2.50189
-0.543861 0.15001 2.67249
-2.01857 0.15001 2.84999
-2.67935 0.15001 0.139281
-1.95969 0.15001 1.61105
-0.861788 0.15001 -1.62162
-2.84999 0.15001 -2.47678
-1.54836 0.15001 -2.84999
-1.97049 0.15001 -1.82838
-0.482691 0.15001 -0.649677
-0.83233 0.15001 -0.953516
-2.32588 0.15001 0.535455
-1.65126 0.15001 -2.3261
-0.839567 0.15001 0.408604
-2.84999 0.15001 2.84999
-0.85 0.15001 -2.677
1.36689 0.15001 -0.300267
-2.1512 0.15001 1.2359
-1.3871 0.15001 -0.54755
-2.70933 0.15001 2.70871
-2.0857 0.15001 1.81728
-2.12225 0.15001 -0.473497
-2.51749 0.15001 2.65336
-0.669182 0.15001 1.44517
-1.63093 0.15001 2.49615
-1.3479 0.15001 -2.84999
-0.140821 0.15001 -0.0433375
-2.84999 0.15001 -0.736232
-1.25919 0.15001 -0.703029
0.209918 0.15001 -1.0114
0.710153 0.15001 -0.695684
-1.66648 0.15001 -1.64225
-2.33087 0.15001 1.9256
-2.67463 0.15001 0.738385
-1.82265 0.15001 2.84999
-1.3662 0.15001 0.527151
0.258442 0.15001 -1.44713
-2.84999 0.15001 -0.933597
-2.84999 0.15001 -0.151854
-1.45331 0.15001 -2.32212
0.200202 0.15001 1.12361
-2.6664 0.15001 2.51541
-2.15147 0.15001 0.635764
-2.32697 0.15001 2.31349
0.212101 0.15001 1.92011
-0.752678 0.15001 -2.50403
-1.93883 0.15001 -0.976068
1.36486 0.15001 1.59972
1.53046 0.15001 0.362328
0.189565 0.15001 1.72096
-0.25236 0.15001 2.49476
-0.547929 0.15001 -1.45886
2.35256 0.15001 1.03163
1.36573 0.15001 0.643372
2.34527 0.15001 1.80746
1.69605 0.15001 -1.23702
-1.14764 0.15001 -2.84999
-1.12361 0.15001 -0.874882
-0.445859 0.15001 -1.62818
-1.05044 0.15001 -2.32468
-0.446914 0.15001 -1.2865
-0.947419 0.15001 -2.84999
-1.73228 0.15001 -0.947841
-2.66852 0.15001 -2.02011
-2.67476 0.15001 1.52695
-2.84999 0.15001 -1.71709
-2.49046 0.15001 -1.92914
2.18589 0.15001 1.31738
-0.461084 0.15001 1.7992
-2.50059 0.15001 1.82489
-1.96238 0.15001 -2.49996
-2.49973 0.15001 0.637415
-1.52862 0.15001 2.67268
0.451829 0.15001 2.3309
-0.368639 0.15001 1.62313
-1.85096 0.15001 -2.67388
-2.67501 0.15001 1.12581
-1.27216 0.15001 -1.27192
0.0318649 0.15001 1.22109
0.874619 0.15001 -0.595213
-1.99823 0.15001 -0.631719
-0.852265 0.15001 2.14458
-2.08694 0.15001 -0.808838
-1.76256 0.15001 1.61645
-2.84999 0.15001 0.434562
-0.85571 0.15001 -1.97072
0.827829 0.15001 -2.84999
-2.6797 0.15001 -0.44624
0.537481 0.15001 1.50739
1.20112 0.15001 0.547282
-0.998639 0.15001 -0.471553
2.02059 0.15001 1.41285
2.35479 0.15001 0.465758
-2.15643 0.15001 0.239203
-1.62564 0.15001 2.84999
-2.49546 0.15001 -2.7277
-0.634449 0.15001 -0.951029
-1.0453 0.15001 -2.6763
1.54238 0.15001 -2.3144
0.455881 0.15001 -1.7957
-0.33099 0.15001 1.23971
-1.3428 0.15001 2.31544
-2.32597 0.15001 0.93486
-0.304762 0.15001 0.83384
-2.59223 0.15001 2.84999
-1.57338 0.15001 -0.0426079
0.0315717 0.15001 -0.329769
-1.9802 0.15001 0.737317
-0.325674 0.15001 -0.33882
-2.49776 0.15001 2.22261
-2.33406 0.15001 -0.0547116
-2.03566 0.15001 2.16042
-1.92426 0.15001 2.67421
-1.72539 0.15001 2.67393
0.0447177 0.15001 2.67575
1.02584 0.15001 -2.84999
2.35161 0.15001 1.22233
-2.16162 0.15001 -2.52618
0.85482 0.15001 -1.79084
1.20228 0.15001 -0.208738
-2.32637 0.15001 0.739115
0.871495 0.15001 1.11815
-1.44672 0.15001 2.14359
-0.0520709 0.15001 2.84999
-0.479751 0.15001 1.09482
-0.551312 0.15001 -2.84999
-1.44878 0.15001 -2.67482
-1.87314 0.15001 -1.65376
1.35988 0.15001 2.50114
-2.49805 0.15001 -0.741355
-1.93304 0.15001 0.106416
0.708886 0.15001 -0.50392
-1.88792 0.15001 -1.30785
-2.07774 0.15001 1.43331
1.84015 0.15001 1.9091
-2.65263 0.15001 -2.84443
0.358083 0.15001 -1.62089
-1.07382 0.15001 1.09011
1.15051 0.15001 -1.95996
0.249993 0.15001 -2.50344
-0.144953 0.15001 -0.431772
-1.18529 0.15001 0.0224185
-2.15041 0.15001 1.03536
-1.43349 0.15001 2.49469
-1.67089 0.15001 1.08254
-0.751446 0.15001 -2.84999
2.67947 0.15001 2.19802
-2.49009 0.15001 -2.12573
2.68439 0.15001 0.843779
-2.03809 0.15001 -0.295125
-0.0631439 0.15001 2.14788
1.86129 0.15001 -0.197572
0.348073 0.15001 2.50457
2.68311 0.15001 1.41488
1.69582 0.15001 0.0820555
0.755753 0.15001 2.84999
-0.851494 0.15001 -2.32511
-0.242025 0.15001 -1.62752
-2.15665 0.15001 -1.53639
-2.84999 0.15001 -2.84999
-1.25354 0.15001 -0.1627
1.86034 0.15001 -1.32471
-1.11725 0.15001 0.205053
-1.86307 0.15001 1.4353
-1.6381 0.15001 0.716818
-0.948474 0.15001 -2.50397
-0.741427 0.15001 -1.12099
2.1908 0.15001 -0.56837
-2.32669 0.15001 0.338981
-0.710224 0.15001 -0.254068
-1.36436 0.15001 1.61787
-1.06873 0.15001 1.44309
-1.66509 0.15001 1.79404
0.378828 0.15001 -0.899775
-0.86865 0.15001 1.44395
-2.32088 0.15001 -0.462838
0.0459996 0.15001 -1.10768
1.20748 0.15001 -1.16097
1.52394 0.15001 1.69992
-2.16113 0.15001 2.01369
-1.87344 0.15001 1.79424
1.13156 0.15001 -2.67061
-2.49996 0.15001 1.42794
-0.0452751 0.15001 -1.97546
-0.971821 0.15001 0.921991
-2.84616 0.15001 -1.12657
-0.251504 0.15001 -2.67469
1.53188 0.15001 -0.958241
1.85268 0.15001 2.32817
2.02496 0.15001 0.462575
2.00346 0.15001 2.00802
1.69544 0.15001 0.270307
0.204233 0.15001 0.347857
-0.970989 0.15001 1.26834
0.884914 0.15001 1.91102
-2.49846 0.15001 -1.72969
2.19099 0.15001 -0.0055011
0.052979 0.15001 -2.14988
-0.0445762 0.15001 -1.27297
-1.05708 0.15001 -1.96794
2.0496 0.15001 2.67654
-1.64099 0.15001 2.14608
0.958154 0.15001 2.84999
-0.74068 0.15001 2.67275
2.0221 0.15001 1.21953
1.23571 0.15001 -2.49135
-1.80737 0.15001 -1.12935
1.20323 0.15001 -0.587285
1.20267 0.15001 1.50296
-1.77672 0.15001 -0.0697351
-1.25389 0.15001 -1.97129
0.0349119 0.15001 0.829696
-2.49941 0.15001 1.22897
2.84999 0.15001 2.49212
0.241481 0.15001 2.33824
1.04799 0.15001 -2.13713
2.19135 0.15001 -0.193261
-0.151708 0.15001 -2.84999
-0.350819 0.15001 -2.14938
-1.55082 0.15001 -2.50011
-2.49794 0.15001 0.241641
0.753716 0.15001 2.50368
-2.84999 0.15001 1.22793
-0.642262 0.15001 2.84999
0.0338734 0.15001 0.4426
-0.0494989 0.15001 -2.3247
0.206205 0.15001 -0.613627
1.61021 0.15001 -2.84999
-1.46238 0.15001 1.79397
-0.9461 0.15001 2.31538
-2.03279 0.15001 2.50123
-1.9765 0.15001 0.530318
-1.16758 0.15001 -1.44703
-1.27038 0.15001 1.08297
-2.84999 0.15001 1.8229
-2.22436 0.15001 -0.648595
0.36254 0.15001 -1.28195
-1.04419 0.15001 0.392204
0.203827 0.15001 -0.0365878
1.05609 0.15001 -1.78466
2.19009 0.15001 0.370352
-1.97722 0.15001 0.93359
1.03709 0.15001 0.0723372
-1.42859 0.15001 2.84999
2.02311 0.15001 1.02864
0.155344 0.15001 -1.9735
2.45268 0.15001 2.68065
0.372973 0.15001 0.637115
0.757256 0.15001 2.17382
1.53035 0.15001 0.550783
0.39036 0.15001 1.99601
-1.03943 0.15001 2.49375
-1.0698 0.15001 -0.65364
-0.258258 0.15001 2.14785
1.85042 0.15001 1.70701
1.62434 0.15001 -1.93861
-1.77276 0.15001 -1.47444
-2.49467 0.15001 -1.32837
-1.79049 0.15001 -0.608105
-1.24762 0.15001 -2.67461
-1.76245 0.15001 -1.82113
2.18921 0.15001 -1.13229
0.0595803 0.15001 -1.4447
-0.0592148 0.15001 1.79404
-0.0579555 0.15001 2.49469
-2.49973 0.15001 -0.546807
-1.74853 0.15001 -2.84999
0.0498463 0.15001 -2.49999
-0.505615 0.15001 -0.242994
-0.147523 0.15001 -1.09197
0.955971 0.15001 2.1546
0.549541 0.15001 2.50517
-1.43618 0.15001 0.342407
-1.84411 0.15001 -0.259013
0.540419 0.15001 0.351391
-2.12584 0.15001 -1.33675
-1.75556 0.15001 -2.16049
0.444028 0.15001 -2.84999
0.253084 0.15001 -2.14878
-2.84999 0.15001 -2.28779
2.19126 0.15001 -0.380864
2.84999 0.15001 -1.89042
0.840946 0.15001 -2.49509
-1.25157 0.15001 2.14195
0.881523 0.15001 -1.17265
-1.96175 0.15001 -2.1667
1.20116 0.15001 0.358263
1.81826 0.15001 2.11917
2.35333 0.15001 0.842379
0.871714 0.15001 0.544539
0.546955 0.15001 1.89257
2.65365 0.15001 2.65621
0.365949 0.15001 1.60895
1.26484 0.15001 1.97797
0.196476 0.15001 1.31886
1.7891 0.15001 -2.28117
2.52039 0.15001 0.18503
2.02528 0.15001 -0.851663
1.8605 0.15001 -1.13643
-1.64745 0.15001 -0.229482
-0.766662 0.15001 0.924437
-1.23693 0.15001 2.49522
2.68212 0.15001 1.80424
1.04075 0.15001 1.6009
-0.445924 0.15001 2.49509
1.34677 0.15001 -1.96717
-1.32185 0.15001 -0.357219
0.057343 0.15001 -1.79887
-0.452095 0.15001 -2.32444
-1.14881 0.15001 -2.50007
-1.56962 0.15001 -1.45999
-0.838619 0.15001 2.84999
-1.83084 0.15001 2.50048
-0.47066 0.15001 1.44463
0.203206 0.15001 0.927107
1.53169 0.15001 -0.768811
-0.138599 0.15001 -0.625828
-1.85767 0.15001 -2.33265
-0.351147 0.15001 2.32118
2.35033 0.15001 1.41519
-0.128944 0.15001 -0.82137
0.373151 0.15001 0.446238
-1.53699 0.15001 2.31697
2.15415 0.15001 2.84999
1.15967 0.15001 2.84999
0.953303 0.15001 -1.96179
0.0333559 0.15001 0.249201
-0.551619 0.15001 -1.79803
-1.44887 0.15001 -0.199294
-1.45575 0.15001 -1.98254
-1.58804 0.15001 -0.578587
-1.5671 0.15001 0.504636
-1.75609 0.15001 1.96976
-2.21222 0.15001 2.84999
-1.1351 0.15001 2.67181
0.708032 0.15001 -0.313084
-0.977034 0.15001 -1.09256
0.53896 0.15001 0.926005
-0.307719 0.15001 0.639551
1.04346 0.15001 -1.45269
-0.937833 0.15001 2.67165
-0.970517 0.15001 -1.44658
-1.98346 0.15001 0.331597
-2.47853 0.15001 2.44467
-1.05923 0.15001 1.79458
1.86021 0.15001 0.366523
0.878916 0.15001 1.7012
0.0243461 0.15001 1.6146
2.68103 0.15001 2.39757
2.50849 0.15001 2.30167
2.49715 0.15001 -2.27906
-1.16426 0.15001 1.61874
-1.46994 0.15001 1.08117
1.53077 0.15001 0.173884
-0.750516 0.15001 2.31716
-0.652498 0.15001 -2.3248
-2.04974 0.15001 -2.68221
-0.305006 0.15001 -0.733973
-2.02361 0.15001 -1.16245
-2.3452 0.15001 -2.84999
-0.552321 0.15001 -2.14825
-1.94757 0.15001 -2.84999
-2.49858 0.15001 2.02618
2.18813 0.15001 0.935514
0.706725 0.15001 0.257777
1.36867 0.15001 -1.05923
2.18962 0.15001 -0.943892
-1.68468 0.15001 -1.29324
1.34175 0.15001 -2.31338
2.52003 0.15001 0.372797
-0.660813 0.15001 1.79808
-2.49887 0.15001 -1.13269
-1.8656 0.15001 1.09296
-0.664272 0.15001 0.240826
-0.762466 0.15001 0.588827
-2.16578 0.15001 -0.151142
-2.67425 0.15001 0.337855
-0.250937 0.15001 -2.32459
2.50036 0.15001 -2.46917
-2.32922 0.15001 -0.261436
-0.757191 0.15001 -1.79648
-2.30157 0.15001 -1.22802
0.872549 0.15001 -0.0249454
2.35422 0.15001 0.653834
1.03655 0.15001 0.451068
-0.143271 0.15001 -1.8011
1.36581 0.15001 1.21346
2.34252 0.15001 2.00557
1.6952 0.15001 0.458564
1.66363 0.15001 1.99359
0.19511 0.15001 1.51721
0.707079 0.15001 0.0675526
2.3354 0.15001 2.41394
0.715326 0.15001 1.79859
-0.138682 0.15001 0.539786
-0.655677 0.15001 -1.62435
2.51585 0.15001 1.51275
1.95244 0.15001 2.84999
0.754811 0.15001 -1.61849
1.86068 0.15001 -0.760716
1.20889 0.15001 -1.55605
2.84999 0.15001 2.09716
1.20267 0.15001 -0.397896
2.16529 0.15001 2.30725
0.0340085 0.15001 1.02695
0.048108 0.15001 -2.84999
0.350577 0.15001 -2.32493
0.257012 0.15001 -1.79681
-0.346095 0.15001 -1.8011
1.143 0.15001 -2.31398
2.6832 0.15001 -1.41325
-1.35547 0.15001 -1.80143
-1.23153 0.15001 2.84999
1.69434 0.15001 1.02507
-2.32408 0.15001 1.5276
1.62822 0.15001 -2.49147
1.80231 0.15001 -2.84999
1.03755 0.15001 -0.11699
-2.6729 0.15001 -1.42395
-0.9911 0.15001 0.0501901
1.53155 0.15001 -0.580015
-2.84999 0.15001 -1.31888
-0.466721 0.15001 -0.849373
1.37053 0.15001 -1.25222
-1.36395 0.15001 -1.45062
0.345608 0.15001 -2.67679
1.04359 0.15001 -1.06941
0.541403 0.15001 -0.22105
1.037 0.15001 1.21381
2.02569 0.15001 -0.664133
0.871799 0.15001 0.354611
-1.62743 0.15001 0.311409
-2.67368 0.15001 -1.62331
-2.13289 0.15001 2.32885
-1.8123 0.15001 0.639694
1.2447 0.15001 -2.13799
-0.861189 0.15001 -0.618242
-0.309331 0.15001 0.0523962
-1.06607 0.15001 -1.621
0.53944 0.15001 -2.67781
-1.12748 0.15001 -0.323603
-1.06296 0.15001 0.745932
-1.35636 0.15001 1.97106
2.51894 0.15001 0.748938
2.18962 0.15001 0.558399
0.856911 0.15001 2.67627
0.151358 0.15001 -2.32537
-2.12305 0.15001 2.67307
-1.33237 0.15001 2.67262
-2.32611 0.15001 0.142881
2.84999 0.15001 -1.12762
-1.35015 0.15001 -2.49893
1.85488 0.15001 2.67742
-1.52628 0.15001 -0.927278
-2.24323 0.15001 2.49425
-0.867972 0.15001 -1.2738
-2.15297 0.15001 -2.13147
-1.87012 0.15001 -0.790432
-0.551034 0.15001 2.32098
-1.95869 0.15001 1.97635
-2.50417 0.15001 -0.934001
1.36551 0.15001 1.4062
1.85954 0.15001 0.743127
2.51903 0.15001 -0.94099
1.04091 0.15001 -0.877256
0.653887 0.15001 -1.45634
-2.31979 0.15001 -2.23023
2.35075 0.15001 -1.41731
-0.672245 0.15001 1.09471
-2.30842 0.15001 -0.831599
-2.32135 0.15001 2.67257
-2.50017 0.15001 0.837227
0.370491 0.15001 1.02352
0.706303 0.15001 0.448188
-0.135037 0.15001 1.12444
0.374714 0.15001 -0.512183
-1.4633 0.15001 -1.63064
1.20134 0.15001 0.926436
-0.963074 0.15001 -1.79419
-0.148708 0.15001 -2.15022
2.02614 0.15001 -0.476646
-2.14391 0.15001 -1.73262
0.706917 0.15001 1.40977
0.537297 0.15001 1.31367
1.85833 0.15001 1.12203
0.708313 0.15001 1.9928
-0.479868 0.15001 0.548644
1.5291 0.15001 1.50368
0.0252264 0.15001 1.41712
0.537911 0.15001 1.11954
-1.8641 0.15001 -1.99412
1.0367 0.15001 0.261694
2.18379 0.15001 1.51204
1.2625 0.15001 2.32816
1.45943 0.15001 2.32608
1.85985 0.15001 -1.51143
2.3529 0.15001 -1.22609
0.247938 0.15001 -2.84999
1.16432 0.15001 2.15817
1.69606 0.15001 -0.670427
-1.50373 0.15001 0.155643
-0.450526 0.15001 -1.97344
1.06661 0.15001 1.991
-1.1712 0.15001 1.26556
0.14827 0.15001 2.84999
-0.646459 0.15001 -1.28992
1.64202 0.15001 -1.73177
0.15856 0.15001 -1.62184
0.713405 0.15001 -1.0853
1.69602 0.15001 -0.858697
1.92741 0.15001 -2.65931
-0.663739 0.15001 -0.578971
-1.25489 0.15001 0.738098
-1.55341 0.15001 1.9717
-0.84225 0.15001 2.49465
2.15708 0.15001 -2.08478
0.651732 0.15001 -2.14297
0.945171 0.15001 -2.31579
1.21101 0.15001 -1.35714
-2.09862 0.15001 -2.33092
1.36804 0.15001 -0.868092
-1.37043 0.15001 1.26134
-1.37768 0.15001 -0.00617518
1.20144 0.15001 0.169296
-2.50833 0.15001 -0.155223
0.4526 0.15001 -2.14659
0.539122 0.15001 0.73328
0.545118 0.15001 -0.79743
-0.926461 0.15001 -0.284723
0.543341 0.15001 -0.604044
1.53145 0.15001 -0.203036
0.338074 0.15001 2.17477
0.373415 0.15001 -0.128816
-0.954378 0.15001 1.97246
-2.50007 0.15001 1.02997
1.72547 0.15001 -2.66717
0.548897 0.15001 -2.32221
2.84999 0.15001 -2.4643
0.373682 0.15001 -0.320311
1.36745 0.15001 -0.678287
0.462118 0.15001 -1.44882
2.68548 0.15001 0.279545
2.01715 0.15001 1.60937
-0.859676 0.15001 1.7965
2.35388 0.15001 2.84999
1.03657 0.15001 0.64065
2.52106 0.15001 -0.190267
-0.478054 0.15001 0.342884
2.51578 0.15001 2.49914
-0.666129 0.15001 0.756348
-1.05983 0.15001 -0.13285
1.86059 0.15001 -0.948477
2.25438 0.15001 2.67299
0.540867 0.15001 1.70033
-0.310801 0.15001 -0.143417
-1.26074 0.15001 -1.62377
-2.67626 0.15001 -1.22535
1.36664 0.15001 -0.11151
1.44228 0.15001 -2.13895
1.04643 0.15001 -1.26218
1.85757 0.15001 1.31387
-2.40366 0.15001 2.84999
2.51005 0.15001 2.10209
1.03784 0.15001 1.4079
2.35625 0.15001 -0.285416
-2.84999 0.15001 -1.91403
1.985 0.15001 -2.18003
2.1761 0.15001 -1.70463
2.16511 0.15001 -1.89446
-0.484643 0.15001 0.146728
0.653423 0.15001 2.67658
2.15221 0.15001 2.50348
-2.31744 0.15001 -1.83501
2.17551 0.15001 1.90774
0.87214 0.15001 0.164792
0.2036 0.15001 -0.228635
1.20403 0.15001 -0.777249
-0.139417 0.15001 0.149635
1.97893 0.15001 -2.37524
0.554309 0.15001 -1.96902
-0.260602 0.15001 1.79658
-1.15522 0.15001 1.96849
-0.92068 0.15001 0.233961
2.68521 0.15001 0.467254
1.0597 0.15001 2.32851
2.84999 0.15001 -1.50696
1.04535 0.15001 1.7999
-1.93314 0.15001 2.33047
1.69336 0.15001 1.40847
2.51733 0.15001 1.31871
2.84999 0.15001 1.12798
2.84999 0.15001 1.51162
2.68373 0.15001 1.22325
0.368595 0.15001 1.21855
0.0282028 0.15001 1.97216
2.68554 0.15001 -2.75294
2.84999 0.15001 -2.08188
1.38283 0.15001 -1.64294
2.6859 0.15001 -0.095592
0.205328 0.15001 0.540487
2.3545 0.15001 -0.848225
2.02316 0.15001 -1.41718
2.84999 0.15001 1.89998
-0.157584 0.15001 2.32128
2.84999 0.15001 0.93806
2.84999 0.15001 -1.69862
-1.15291 0.15001 -2.14758
2.3306 0.15001 -1.99171
1.36626 0.15001 0.0772258
2.67481 0.15001 -2.1795
2.3561 0.15001 -0.0977718
1.53031 0.15001 0.739432
2.68389 0.15001 -1.22389
-1.95848 0.15001 1.26465
-0.85772 0.15001 -0.100832
1.63641 0.15001 -2.14098
2.18388 0.15001 -1.514
-0.0506111 0.15001 -2.67473
0.850398 0.15001 -2.13984
-2.84999 0.15001 -0.350041
1.82221 0.15001 -2.48807
0.860105 0.15001 2.33611
-0.769126 0.15001 1.26972
-1.24345 0.15001 0.3689
1.75649 0.15001 2.84999
0.655632 0.15001 -1.79353
1.81793 0.15001 -2.07984
1.99937 0.15001 -1.79594
1.41654 0.15001 -2.84999
0.949859 0.15001 -1.61856
-1.04876 0.15001 2.14379
1.03804 0.15001 -0.306383
1.69502 0.15001 0.646924
2.84999 0.15001 2.68475
2.75466 0.15001 2.84999
1.25552 0.15001 -1.78868
2.84999 0.15001 -2.2732
0.64354 0.15001 -2.49819
-0.31849 0.15001 -0.535201
0.711823 0.15001 -0.889088
0.754014 0.15001 -1.96591
1.36359 0.15001 2.15165
0.875859 0.15001 -0.786646
0.709974 0.15001 1.603
-1.7349 0.15001 2.323
0.142784 0.15001 2.1373
-0.133754 0.15001 0.928003
0.539508 0.15001 0.542621
2.51363 0.15001 1.90328
2.84999 0.15001 -0.750959
-2.49863 0.15001 1.62724
2.51538 0.15001 1.70874
1.68197 0.15001 1.80127
2.01116 0.15001 1.80883
0.372201 0.15001 0.828822
-0.664765 0.15001 -0.0620333
-0.794826 0.15001 -0.431812
-0.343067 0.15001 -1.45517
0.0322513 0.15001 -0.522156
-0.872111 0.15001 1.09552
1.86056 0.15001 0.178417
-1.69634 0.15001 0.110107
0.54969 0.15001 2.13392
1.06074 0.15001 2.67665
1.20173 0.15001 1.31036
-2.84999 0.15001 0.634208
2.15297 0.15001 -2.27763
0.141868 0.15001 2.50465
-0.309507 0.15001 0.24477
1.36567 0.15001 0.45459
-1.36463 0.15001 0.904992
2.02534 0.15001 0.274523
2.84999 0.15001 1.70638
0.37329 0.15001 0.062577
-0.359588 0.15001 1.97526
1.03848 0.15001 -2.49284
2.32564 0.15001 -2.37783
2.6819 0.15001 -1.60359
1.22193 0.15001 -2.84999
2.3297 0.15001 -2.57199
1.35902 0.15001 2.84999
1.85896 0.15001 0.932065
2.51813 0.15001 1.12787
2.17999 0.15001 1.70915
2.84999 0.15001 0.749259
1.32913 0.15001 -2.66957
2.32425 0.15001 -2.18237
0.205195 0.15001 0.732431
1.69602 0.15001 -1.04739
0.449895 0.15001 2.67745
-1.14493 0.15001 2.31797
0.960447 0.15001 2.50501
2.55702 0.15001 2.84999
2.34596 0.15001 -1.60938
2.68571 0.15001 0.0919547
1.20189 0.15001 -0.0197197
-0.138085 0.15001 0.344817
-0.566369 0.15001 1.27108
1.85992 0.15001 0.554712
0.0446175 0.15001 2.31934
0.871663 0.15001 0.734849
0.370671 0.15001 1.80206
2.50177 0.15001 -2.08607
1.1621 0.15001 2.50143
-2.15297 0.15001 1.6251
0.705475 0.15001 1.02213
2.5066 0.15001 -1.8944
1.53151 0.15001 -0.391486
2.68591 0.15001 -0.283009
2.84999 0.15001 -0.563392
2.02636 0.15001 -0.289067
2.18803 0.15001 -1.32197
-0.566533 0.15001 1.62199
1.26176 0.15001 2.67487
2.52078 0.15001 -0.00265429
2.6773 0.15001 -2.56142
0.877576 0.15001 -0.979451
2.68532 0.15001 -0.657984
2.52485 0.15001 -2.84999
2.02576 0.15001 0.0865303
1.69028 0.15001 1.60406
2.19048 0.15001 0.182388
1.99932 0.15001 2.20335
1.36556 0.15001 1.80832
2.35564 0.15001 0.0899906
0.151001 0.15001 -2.67577
1.03963 0.15001 -0.6862
2.51166 0.15001 -1.70266
0.032867 0.15001 0.0561461
1.69618 0.15001 -0.106152
1.69622 0.15001 -0.482333
1.86098 0.15001 -0.573056
-0.170151 0.15001 1.61692
-0.302068 0.15001 1.029
2.84999 0.15001 0.373474
2.01599 0.15001 -1.60835
2.51574 0.15001 -1.5106
-0.866736 0.15001 0.753407
2.68434 0.15001 -1.03417
0.445473 0.15001 -2.50375
2.84999 0.15001 -0.938945
-0.30965 0.15001 0.445423
1.52999 0.15001 1.11867
-0.558446 0.15001 1.97329
2.18898 0.15001 0.746753
2.68407 0.15001 1.03347
-2.84999 0.15001 1.02867
0.872209 0.15001 1.31233
1.66074 0.15001 2.67799
1.75911 0.15001 2.50553
0.36645 0.15001 1.41363
1.99267 0.15001 -2.84999
1.45963 0.15001 2.67725
2.67726 0.15001 -1.98826
-0.453122 0.15001 2.14822
2.51786 0.15001 -1.32014
0.933645 0.15001 -2.67194
0.735249 0.15001 -2.67604
1.5498 0.15001 -1.54752
0.0344541 0.15001 0.635695
-0.953253 0.15001 -2.14709
-2.67409 0.15001 0.537058
-1.26851 0.15001 1.44131
2.17182 0.15001 2.10631
0.873033 0.15001 -0.214728
1.2059 0.15001 1.69959
1.20124 0.15001 0.736563
1.69779 0.15001 -1.42797
2.35591 0.15001 -0.472951
0.204066 0.15001 0.155547
1.86126 0.15001 -0.385368
-0.505285 0.15001 -0.445547
2.1902 0.15001 -0.755918
2.84999 0.15001 2.29468
2.51837 0.15001 -1.12986
2.84999 0.15001 -2.65685
1.52669 0.15001 -2.66854
2.18242 0.15001 -2.84999
0.556567 0.15001 -1.62235
1.8334 0.15001 -1.69557
1.65887 0.15001 2.32811
1.69397 0.15001 1.21577
1.85556 0.15001 1.50859
2.68484 0.15001 0.65524
2.51831 0.15001 0.937818
1.46709 0.15001 -1.81654
0.846875 0.15001 -1.43958
0.376943 0.15001 -0.705052
2.33904 0.15001 -1.80042
0.540715 0.15001 0.160527
0.705284 0.15001 1.21546
2.52096 0.15001 -0.377773
2.84999 0.15001 -0.188814
2.33842 0.15001 2.20768
2.84999 0.15001 -0.00147376
1.20147 0.15001 1.11744
2.15138 0.15001 -2.47384
-0.351472 0.15001 -2.84999
2.51979 0.15001 -0.752968
1.69474 0.15001 0.835631
1.95269 0.15001 2.50367
2.84999 0.15001 -1.3173
2.02393 0.15001 0.839379
1.53117 0.15001 -0.0145827
2.35529 0.15001 -0.660468
2.52049 0.15001 -0.565318
2.84999 0.15001 -2.84999
2.02492 0.15001 -1.2277
-2.15569 0.15001 0.435631
2.12933 0.15001 -2.66534
2.02623 0.15001 -0.101354
1.53018 0.15001 0.928568
-0.474778 0.15001 -0.0461423
-1.44638 0.15001 0.713314
0.541046 0.15001 -0.0302141
1.53229 0.15001 -1.14889
2.68571 0.15001 -0.470411
1.03669 0.15001 1.02156
2.02525 0.15001 -1.03952
-0.474452 0.15001 0.746891
-1.51923 0.15001 -0.388932
1.36578 0.15001 1.02232
1.20533 0.15001 -0.968498
1.55775 0.15001 2.84999
1.3658 0.15001 0.832478
2.5129 0.15001 -2.65875
2.67185 0.15001 -2.37076
2.68482 0.15001 -0.845778
1.03874 0.15001 -0.496063
1.37743 0.15001 -1.45078
0.373161 0.15001 0.254132
1.53405 0.15001 -1.34251
1.56268 0.15001 2.15752
2.02453 0.15001 0.650779
2.6825 0.15001 1.61075
2.67973 0.15001 -1.79632
1.99084 0.15001 -1.98649
0.873699 0.15001 -0.404728
2.84999 0.15001 -0.376045
0.705806 0.15001 0.829843
2.35521 0.15001 0.277836
0.871519 0.15001 0.925872
-0.347661 0.15001 2.66864
0.648881 0.15001 2.33327
2.34838 0.15001 1.61069
