1000 0.1
1.86212 0.15001 -0.0278829
-2.67551 0.15001 0.9654
-2.50406 0.15001 -2.29041
-2.33168 0.15001 -2.39646
-2.84461 0.15001 -0.508697
2.84999 0.15001 1.29634
1.49478 0.15001 1.97663
-1.54864 0.15001 1.59763
-1.46873 0.15001 -0.708059
-0.763556 0.15001 0.0773994
-2.67017 0.15001 2.34519
0.580464 0.15001 2.84999
-0.248424 0.15001 1.46217
2.84999 0.15001 0.536518
-0.742254 0.15001 1.61989
-0.252408 0.15001 -1.97509
-0.330866 0.15001 -1.10393
0.162901 0.15001 -1.26394
-0.923302 0.15001 0.574144
-0.115184 0.15001 1.32737
-2.14004 0.15001 -1.90237
-2.84634 0.15001 -2.08194
-0.740959 0.15001 -0.77901
-1.77923 0.15001 -2.49421
-1.37269 0.15001 -2.13641
2.52018 0.15001 0.53913
-2.67774 0.15001 -1.78907
-0.48758 0.15001 -2.67361
-2.49455 0.15001 0.471453
-1.64781 0.15001 1.42434
-2.13286 0.15001 -0.96758
0.205783 0.15001 -0.417462
-1.91712 0.15001 -0.412652
-1.96486 0.15001 -1.46282
0.614539 0.15001 -2.84436
-2.3257 0.15001 -1.00365
0.535645 0.15001 -0.988031
-1.47185 0.15001 -1.25607
-1.14132 0.15001 0.905395
-2.84763 0.15001 0.0719437
-0.178463 0.15001 -2.503
-1.67034 0.15001 -0.73081
-0.331726 0.15001 -0.907076
0.727657 0.15001 -2.31838
-0.0364371 0.15001 -1.62525
-0.764801 0.15001 -2.14136
0.280847 0.15001 2.67919
-0.221911 0.15001 2.84999
-1.19457 0.15001 -0.495831
-2.67151 0.15001 1.95251
-1.55757 0.15001 -1.79059
-2.49792 0.15001 -1.49344
-1.11995 0.15001 0.558713
-1.39326 0.15001 -1.06817
-1.01089 0.15001 2.84999
-1.82685 0.15001 2.13036
-2.67244 0.15001 1.75362
-2.84999 0.15001 2.44063
-2.30864 0.15001 1.36197
0.890662 0.15001 1.51245
-0.527156 0.15001 -1.1107
1.41498 0.15001 -2.49808
-1.34276 0.15001 -0.873367
-0.953472 0.15001 -0.805351
-0.543606 0.15001 0.930161
-1.2827 0.15001 0.194079
0.026848 0.15001 -0.714552
-1.7195 0.15001 0.502015
-2.6693 0.15001 2.14913
-2.84999 0.15001 0.866646
-2.67624 0.15001 -2.59021
-2.84473 0.15001 -1.49459
-2.67847 0.15001 -0.0252819
1.0471 0.15001 0.827827
2.84999 0.15001 0.162194
-2.67146 0.15001 1.35725
-2.84999 0.15001 1.45612
-2.84999 0.15001 0.26419
-1.44604 0.15001 1.42472
-0.737493 0.15001 1.97338
-2.67717 0.15001 -2.18315
-2.19424 0.15001 -2.84999
-1.19077 0.15001 -1.06642
-2.49855 0.15001 -0.316705
-0.624399 0.15001 2.49512
-2.84999 0.15001 2.63569
-2.1582 0.15001 0.866275
-2.84999 0.15001 2.04877
-2.24023 0.15001 2.13513
-0.636226 0.15001 2.14583
-0.13557 0.15001 -1.45363
-2.66915 0.15001 -0.79937
-2.4993 0.15001 -2.49662
-1.06571 0.15001 -1.26488
-2.50357 0.15001 0.0775871
-1.95905 0.15001 -0.0572922
-1.74087 0.15001 1.24934
-2.32257 0.15001 1.16094
0.38052 0.15001 2.84999
-2.29009 0.15001 1.75513
-1.27648 0.15001 -2.31295
-0.139404 0.15001 1.98239
-2.32674 0.15001 -1.59745
2.68048 0.15001 1.98361
1.53683 0.15001 1.29924
-0.943597 0.15001 1.61369
1.80603 0.15001 -1.91588
-0.5823 0.15001 -2.49767
1.69555 0.15001 -0.311379
2.34964 0.15001 -1.0582
2.35325 0.15001 -2.77584
0.0255739 0.15001 -0.908909
-1.59637 0.15001 -1.08411
-0.132736 0.15001 -0.227959
0.36659 0.15001 -1.08721
-2.6746 0.15001 -0.605481
-0.380319 0.15001 -2.49878
-2.67445 0.15001 -2.3865
-0.420632 0.15001 2.84999
-2.67599 0.15001 -0.219425
-1.68773 0.15001 -2.67227
2.19166 0.15001 1.10845
0.346479 0.15001 -1.97441
-1.71618 0.15001 -0.383966
-2.09202 0.15001 0.0904269
-0.126158 0.15001 2.668
-1.65372 0.15001 -1.98053
0.542176 0.15001 -0.410636
-0.11534 0.15001 0.744963
0.719419 0.15001 0.638959
-2.31691 0.15001 -1.39833
-0.232831 0.15001 -1.27794
0.531956 0.15001 -1.18529
-2.32725 0.15001 -1.99159
-2.84999 0.15001 -2.66297
-0.690297 0.15001 -2.6755
0.700329 0.15001 -1.27156
-1.77176 0.15001 0.879465
-1.54429 0.15001 0.888713
-2.84999 0.15001 1.65331
-1.15685 0.15001 -1.78399
-0.657102 0.15001 -1.96667
-0.752566 0.15001 -1.44106
-2.67441 0.15001 -0.997137
-0.617538 0.15001 0.438166
1.37272 0.15001 0.255066
-1.54614 0.15001 1.248
-1.24182 0.15001 1.78399
-2.84999 0.15001 2.24482
-1.78467 0.15001 0.318264
0.197287 0.15001 -0.804771
-2.33482 0.15001 -2.60034
0.0398523 0.15001 -0.129753
0.711931 0.15001 -0.123977
1.36503 0.15001 -0.501461
1.59275 0.15001 2.50317
-0.521488 0.15001 2.67144
-1.97132 0.15001 2.84999
-2.67803 0.15001 0.171211
-1.93252 0.15001 1.59858
-0.856837 0.15001 -1.61272
-2.84999 0.15001 -2.4742
-1.58804 0.15001 -2.84999
-1.96639 0.15001 -1.80021
-0.481854 0.15001 -0.594919
-0.833722 0.15001 -0.956711
-2.32201 0.15001 0.567373
-1.67813 0.15001 -2.32051
-0.808513 0.15001 0.408077
-2.84999 0.15001 2.84999
-0.886041 0.15001 -2.67616
1.36697 0.15001 -0.3127
-2.14051 0.15001 1.25719
-1.39275 0.15001 -0.522703
-2.68938 0.15001 2.73531
-2.03953 0.15001 1.77998
-2.11956 0.15001 -0.432918
-2.50135 0.15001 2.65518
-0.642284 0.15001 1.44766
-1.61842 0.15001 2.48595
-1.38692 0.15001 -2.84999
-0.12948 0.15001 -0.0329881
-2.84999 0.15001 -0.698934
-1.27008 0.15001 -0.685623
0.197102 0.15001 -0.998755
0.706009 0.15001 -0.695598
-1.66092 0.15001 -1.62003
-2.32341 0.15001 1.95156
-2.67504 0.15001 0.771496
-1.78071 0.15001 2.84999
-1.31721 0.15001 0.540198
0.266034 0.15001 -1.4482
-2.84999 0.15001 -0.897783
-2.84999 0.15001 -0.120027
-1.4808 0.15001 -2.30687
0.220734 0.15001 1.13554
-2.66349 0.15001 2.53919
-2.15045 0.15001 0.66622
-2.3093 0.15001 2.31488
0.236407 0.15001 1.92436
-0.783736 0.15001 -2.50197
-1.93711 0.15001 -0.945697
1.37578 0.15001 1.59272
1.53677 0.15001 0.349945
0.217586 0.15001 1.72688
-0.225878 0.15001 2.4974
-0.539131 0.15001 -1.45209
2.35631 0.15001 1.01366
1.37384 0.15001 0.634582
2.3467 0.15001 1.78792
1.68721 0.15001 -1.25317
-1.18654 0.15001 -2.84999
-1.14419 0.15001 -0.862073
-0.443097 0.15001 -1.62465
-1.07375 0.15001 -2.31696
-0.432793 0.15001 -1.27558
-0.985519 0.15001 -2.84999
-1.74117 0.15001 -0.916033
-2.678 0.15001 -1.98422
-2.67083 0.15001 1.55545
-2.84999 0.15001 -1.68913
-2.5044 0.15001 -1.88703
2.18955 0.15001 1.29988
-0.439265 0.15001 1.80384
-2.49614 0.15001 1.85689
-1.97684 0.15001 -2.48958
-2.49925 0.15001 0.670197
-1.51298 0.15001 2.66626
0.48462 0.15001 2.33652
-0.343149 0.15001 1.6329
-1.8921 0.15001 -2.67216
-2.67353 0.15001 1.15871
-1.26476 0.15001 -1.258
0.053448 0.15001 1.23426
0.87181 0.15001 -0.59858
-2.00045 0.15001 -0.592387
-0.833126 0.15001 2.14376
-2.0784 0.15001 -0.771397
-1.74096 0.15001 1.5972
-2.84999 0.15001 0.466156
-0.85864 0.15001 -1.96226
0.807302 0.15001 -2.84999
-2.6768 0.15001 -0.411067
0.557971 0.15001 1.51591
1.21026 0.15001 0.540241
-0.994203 0.15001 -0.468789
2.0245 0.15001 1.3962
2.35583 0.15001 0.445317
-2.15521 0.15001 0.27474
-1.58952 0.15001 2.84999
-2.50777 0.15001 -2.69415
-0.626077 0.15001 -0.946324
-1.08204 0.15001 -2.67359
1.52991 0.15001 -2.32002
0.455214 0.15001 -1.79231
-0.303119 0.15001 1.24663
-1.3268 0.15001 2.30955
-2.32759 0.15001 0.966112
-0.28156 0.15001 0.846116
-2.54176 0.15001 2.84999
-1.56019 0.15001 -0.00779507
0.0373043 0.15001 -0.323868
-1.982 0.15001 0.764959
-0.312482 0.15001 -0.321355
-2.49113 0.15001 2.25805
-2.33346 0.15001 -0.0220568
-2.0302 0.15001 2.13147
-1.91393 0.15001 2.65698
-1.71325 0.15001 2.66278
0.0750403 0.15001 2.67903
1.00849 0.15001 -2.84999
2.35523 0.15001 1.20419
-2.17051 0.15001 -2.49917
0.852657 0.15001 -1.79993
1.20413 0.15001 -0.218559
-2.32784 0.15001 0.77018
0.883752 0.15001 1.12034
-1.42879 0.15001 2.13492
-0.022715 0.15001 2.84999
-0.455191 0.15001 1.10191
-0.588734 0.15001 -2.84999
-1.48548 0.15001 -2.67228
-1.86217 0.15001 -1.63076
1.39272 0.15001 2.50294
-2.45124 0.15001 -0.703052
-1.89268 0.15001 0.149897
0.707402 0.15001 -0.504516
-1.88707 0.15001 -1.28346
-2.04491 0.15001 1.42924
1.85199 0.15001 1.8853
-2.64536 0.15001 -2.84938
0.366324 0.15001 -1.61692
-1.04823 0.15001 1.08297
1.14177 0.15001 -1.97386
0.225543 0.15001 -2.50925
-0.135698 0.15001 -0.421387
-1.16491 0.15001 0.0325154
-2.15289 0.15001 1.06164
-1.41865 0.15001 2.4892
-1.6404 0.15001 1.0716
-0.788958 0.15001 -2.84999
2.67913 0.15001 2.18235
-2.50204 0.15001 -2.08838
2.68532 0.15001 0.821194
-2.03324 0.15001 -0.250738
-0.0367481 0.15001 2.15653
1.86084 0.15001 -0.21643
0.381908 0.15001 2.50849
2.68473 0.15001 1.39442
1.69887 0.15001 0.0661249
0.782389 0.15001 2.84999
-0.873872 0.15001 -2.32043
-0.239363 0.15001 -1.62681
-2.15225 0.15001 -1.50565
-2.84999 0.15001 -2.84999
-1.24061 0.15001 -0.147435
1.85073 0.15001 -1.34464
-1.0871 0.15001 0.210694
-1.84142 0.15001 1.421
-1.6189 0.15001 0.698664
-0.979892 0.15001 -2.50129
-0.723878 0.15001 -1.11587
2.18813 0.15001 -0.589776
-2.32325 0.15001 0.373008
-0.706004 0.15001 -0.265281
-1.34616 0.15001 1.60387
-1.0456 0.15001 1.43605
-1.64191 0.15001 1.76996
0.368151 0.15001 -0.893863
-0.843608 0.15001 1.44144
-2.31992 0.15001 -0.427437
0.034889 0.15001 -1.10208
1.19708 0.15001 -1.16883
1.5345 0.15001 1.68928
-2.1295 0.15001 1.9574
-1.83643 0.15001 1.77102
1.11158 0.15001 -2.67332
-2.49433 0.15001 1.45877
-0.0516638 0.15001 -1.97778
-0.94565 0.15001 0.917781
-2.84999 0.15001 -1.09672
-0.285807 0.15001 -2.67527
1.52578 0.15001 -0.972047
1.89302 0.15001 2.33774
2.02833 0.15001 0.445214
2.01156 0.15001 1.98207
1.7 0.15001 0.255445
0.219299 0.15001 0.354196
-0.945738 0.15001 1.26412
0.90579 0.15001 1.92488
-2.50499 0.15001 -1.69209
2.19042 0.15001 -0.0266031
0.0391631 0.15001 -2.15582
-0.0360143 0.15001 -1.28063
-1.05939 0.15001 -1.95756
2.09458 0.15001 2.67954
-1.624 0.15001 2.13324
0.986747 0.15001 2.84999
-0.720962 0.15001 2.67199
2.02706 0.15001 1.20344
1.21643 0.15001 -2.49756
-1.80463 0.15001 -1.1038
1.20038 0.15001 -0.596735
1.21412 0.15001 1.50102
-1.76325 0.15001 -0.0238399
-1.25552 0.15001 -1.95689
0.0561928 0.15001 0.840979
-2.49336 0.15001 1.26204
2.84999 0.15001 2.46821
0.272334 0.15001 2.34637
1.03271 0.15001 -2.14552
2.18993 0.15001 -0.214578
-0.186871 0.15001 -2.84999
-0.361284 0.15001 -2.14842
-1.57861 0.15001 -2.49406
-2.49461 0.15001 0.275656
0.785205 0.15001 2.50409
-2.84999 0.15001 1.25919
-0.619213 0.15001 2.84999
0.0520055 0.15001 0.452132
-0.0693417 0.15001 -2.33038
0.202568 0.15001 -0.611091
1.60146 0.15001 -2.84999
-1.44186 0.15001 1.77932
-0.92835 0.15001 2.31481
-2.01637 0.15001 2.48262
-1.96306 0.15001 0.553131
-1.16185 0.15001 -1.43465
-1.24363 0.15001 1.07217
-2.84999 0.15001 1.85146
-2.22464 0.15001 -0.613074
0.360564 0.15001 -1.27955
-1.0067 0.15001 0.392864
0.212319 0.15001 -0.0315687
1.05238 0.15001 -1.8008
2.19178 0.15001 0.350743
-1.98281 0.15001 0.959974
1.04391 0.15001 0.0654435
-1.39756 0.15001 2.84999
2.0284 0.15001 1.01295
0.147786 0.15001 -1.97825
2.5084 0.15001 2.68207
0.389381 0.15001 0.64207
0.798178 0.15001 2.17423
1.53732 0.15001 0.539423
0.41241 0.15001 2.00384
-1.02252 0.15001 2.49375
-1.07569 0.15001 -0.652914
-0.232818 0.15001 2.15308
1.85444 0.15001 1.69291
1.60889 0.15001 -1.93801
-1.76496 0.15001 -1.44814
-2.49072 0.15001 -1.29581
-1.79817 0.15001 -0.571082
-1.28467 0.15001 -2.66984
-1.75772 0.15001 -1.80303
2.1834 0.15001 -1.15366
0.0681428 0.15001 -1.44832
-0.0375004 0.15001 1.80605
-0.0305695 0.15001 2.49728
-2.49686 0.15001 -0.513782
-1.78995 0.15001 -2.84999
0.0237695 0.15001 -2.50677
-0.491403 0.15001 -0.228457
-0.14419 0.15001 -1.01586
0.992819 0.15001 2.15703
0.585588 0.15001 2.50518
-1.39941 0.15001 0.359317
-1.83557 0.15001 -0.219026
0.55306 0.15001 0.352563
-2.12373 0.15001 -1.3054
-1.76586 0.15001 -2.14524
0.42104 0.15001 -2.84999
0.23823 0.15001 -2.15518
-2.84999 0.15001 -2.27483
2.18914 0.15001 -0.402244
2.84999 0.15001 -1.90136
0.819953 0.15001 -2.49497
-1.23341 0.15001 2.13622
0.86769 0.15001 -1.17485
-1.96988 0.15001 -2.1396
1.20968 0.15001 0.350122
1.7982 0.15001 2.15777
2.35636 0.15001 0.823988
0.883306 0.15001 0.541914
0.567352 0.15001 1.89955
2.67395 0.15001 2.57737
0.389048 0.15001 1.61711
1.2935 0.15001 1.9827
0.216789 0.15001 1.33118
1.73288 0.15001 -2.30621
2.51982 0.15001 0.162504
2.02119 0.15001 -0.872293
1.85314 0.15001 -1.15558
-1.63775 0.15001 -0.19524
-0.740962 0.15001 0.92743
-1.22049 0.15001 2.49282
2.68212 0.15001 1.78674
1.0569 0.15001 1.60515
-0.420083 0.15001 2.49622
1.33855 0.15001 -1.97976
-1.31677 0.15001 -0.335517
0.0566729 0.15001 -1.80123
-0.471694 0.15001 -2.32178
-1.17994 0.15001 -2.49235
-1.56267 0.15001 -1.43823
-0.815957 0.15001 2.84999
-1.82049 0.15001 2.48381
-0.442167 0.15001 1.45075
0.223073 0.15001 0.937122
1.5274 0.15001 -0.783168
-0.141866 0.15001 -0.618391
-1.8806 0.15001 -2.3155
-0.326036 0.15001 2.32491
2.35315 0.15001 1.39632
-0.147959 0.15001 -0.8172
0.387967 0.15001 0.4502
-1.52226 0.15001 2.30755
2.20415 0.15001 2.84999
1.19128 0.15001 2.84999
0.943571 0.15001 -1.97112
0.0490379 0.15001 0.257517
-0.550489 0.15001 -1.79413
-1.4386 0.15001 -0.173633
-1.45553 0.15001 -1.9589
-1.59365 0.15001 -0.5464
-1.5139 0.15001 0.524013
-1.73103 0.15001 1.95222
-2.16175 0.15001 2.84999
-1.11613 0.15001 2.67148
0.70926 0.15001 -0.314058
-0.991153 0.15001 -1.08014
0.554502 0.15001 0.93152
-0.285087 0.15001 0.651452
1.03322 0.15001 -1.45901
-0.918995 0.15001 2.67184
-0.964151 0.15001 -1.43875
-1.97195 0.15001 0.347156
-2.43555 0.15001 2.46213
-1.0406 0.15001 1.78754
1.86426 0.15001 0.350347
0.896874 0.15001 1.70835
0.0494282 0.15001 1.62957
2.67472 0.15001 2.38094
2.50659 0.15001 2.28309
2.49544 0.15001 -2.2892
-1.14508 0.15001 1.60926
-1.44254 0.15001 1.06762
1.53578 0.15001 0.160434
-0.731969 0.15001 2.31663
-0.673551 0.15001 -2.32023
-2.09839 0.15001 -2.67643
-0.318835 0.15001 -0.710632
-2.01978 0.15001 -1.13324
-2.39077 0.15001 -2.84999
-0.563118 0.15001 -2.14445
-1.99161 0.15001 -2.84999
-2.48932 0.15001 2.05854
2.19249 0.15001 0.918712
0.717398 0.15001 0.256247
1.36079 0.15001 -1.06999
2.18539 0.15001 -0.965415
-1.67909 0.15001 -1.26629
1.32457 0.15001 -2.32415
2.52003 0.15001 0.350562
-0.639989 0.15001 1.79814
-2.50063 0.15001 -1.09825
-1.83301 0.15001 1.07944
-0.660271 0.15001 0.245637
-0.727822 0.15001 0.592089
-2.15607 0.15001 -0.0999509
-2.67256 0.15001 0.370821
-0.270142 0.15001 -2.32598
2.50022 0.15001 -2.47664
-2.31584 0.15001 -0.225504
-0.75452 0.15001 -1.78867
-2.30315 0.15001 -1.20179
0.878351 0.15001 -0.0291643
2.35615 0.15001 0.634527
1.04662 0.15001 0.445683
-0.143878 0.15001 -1.80106
1.37346 0.15001 1.20614
2.34251 0.15001 1.98444
1.70084 0.15001 0.444783
1.69285 0.15001 1.99014
0.217416 0.15001 1.52754
0.714924 0.15001 0.0660011
2.33391 0.15001 2.37767
0.736307 0.15001 1.809
-0.117074 0.15001 0.552068
-0.650382 0.15001 -1.61714
2.51818 0.15001 1.49292
1.99707 0.15001 2.84999
0.763781 0.15001 -1.62846
1.85681 0.15001 -0.779737
1.19341 0.15001 -1.56454
2.84999 0.15001 2.07929
1.20183 0.15001 -0.407628
2.15229 0.15001 2.29836
0.0557952 0.15001 1.03962
0.0176897 0.15001 -2.84999
0.330659 0.15001 -2.33037
0.256746 0.15001 -1.79827
-0.34641 0.15001 -1.79923
1.12458 0.15001 -2.32147
2.68129 0.15001 -1.43105
-1.35234 0.15001 -1.78391
-1.20468 0.15001 2.84999
1.7009 0.15001 1.01278
-2.32269 0.15001 1.55757
1.6116 0.15001 -2.49769
1.7959 0.15001 -2.84999
1.04134 0.15001 -0.124013
-2.67463 0.15001 -1.39661
-0.969163 0.15001 0.0514082
1.52859 0.15001 -0.594717
-2.84999 0.15001 -1.30065
-0.505537 0.15001 -0.790718
1.36016 0.15001 -1.26175
-1.35836 0.15001 -1.43403
0.321585 0.15001 -2.67909
1.03381 0.15001 -1.075
0.544524 0.15001 -0.219745
1.04746 0.15001 1.21374
2.02246 0.15001 -0.684735
0.882509 0.15001 0.350926
-1.59429 0.15001 0.342691
-2.67752 0.15001 -1.59412
-2.11759 0.15001 2.31051
-1.80984 0.15001 0.679305
1.22958 0.15001 -2.14957
-0.872514 0.15001 -0.624585
-0.295565 0.15001 0.0656883
-1.06194 0.15001 -1.61096
0.516663 0.15001 -2.67751
-1.11772 0.15001 -0.311416
-1.03467 0.15001 0.741306
-1.33528 0.15001 1.9624
2.52044 0.15001 0.728219
2.1922 0.15001 0.540074
0.885966 0.15001 2.67695
0.131194 0.15001 -2.33334
-2.10853 0.15001 2.65537
-1.31391 0.15001 2.66969
-2.32302 0.15001 0.175822
2.84999 0.15001 -1.14651
-1.38024 0.15001 -2.48916
1.89653 0.15001 2.67874
-1.54187 0.15001 -0.893049
-2.21359 0.15001 2.48223
-0.85992 0.15001 -1.26624
-2.15965 0.15001 -2.09875
-1.87664 0.15001 -0.75334
-0.529393 0.15001 2.32095
-1.93062 0.15001 1.95342
-2.49595 0.15001 -0.896423
1.37397 0.15001 1.39872
1.86478 0.15001 0.72886
2.51658 0.15001 -0.961947
1.03466 0.15001 -0.883045
0.687457 0.15001 -1.45781
-2.32916 0.15001 -2.19427
2.34486 0.15001 -1.4371
-0.647102 0.15001 1.09789
-2.27848 0.15001 -0.806949
-2.30533 0.15001 2.65724
-2.50114 0.15001 0.869841
0.388664 0.15001 1.03249
0.718753 0.15001 0.447209
-0.112711 0.15001 1.13724
0.373841 0.15001 -0.509289
-1.45833 0.15001 -1.61212
1.21043 0.15001 0.921575
-0.960332 0.15001 -1.78511
-0.16066 0.15001 -2.15257
2.02354 0.15001 -0.49721
-2.14183 0.15001 -1.70182
0.724666 0.15001 1.41797
0.556263 0.15001 1.32218
1.86431 0.15001 1.10766
0.725401 0.15001 2.0023
-0.457985 0.15001 0.559235
1.53707 0.15001 1.49212
0.0459485 0.15001 1.43209
0.554708 0.15001 1.12709
-1.86475 0.15001 -1.97129
1.04568 0.15001 0.255339
2.1866 0.15001 1.49374
1.29283 0.15001 2.32975
1.49156 0.15001 2.32888
1.8465 0.15001 -1.535
2.3477 0.15001 -1.24708
0.222745 0.15001 -2.84999
1.19689 0.15001 2.15875
1.69252 0.15001 -0.687444
-1.47954 0.15001 0.179108
-0.454781 0.15001 -1.97135
1.0963 0.15001 1.99205
-1.14632 0.15001 1.25615
0.179996 0.15001 2.84999
-0.628767 0.15001 -1.28046
1.62544 0.15001 -1.73445
0.164055 0.15001 -1.62376
0.701986 0.15001 -1.07972
1.69122 0.15001 -0.875437
1.90032 0.15001 -2.67066
-0.673854 0.15001 -0.594384
-1.22925 0.15001 0.728115
-1.53113 0.15001 1.95958
-0.824422 0.15001 2.49433
2.14973 0.15001 -2.10472
0.635618 0.15001 -2.14349
0.925845 0.15001 -2.31839
1.19825 0.15001 -1.36308
-2.14824 0.15001 -2.2976
1.36249 0.15001 -0.879593
-1.34542 0.15001 1.24809
-1.35977 0.15001 0.0124032
1.2086 0.15001 0.1602
-2.50538 0.15001 -0.122217
0.43708 0.15001 -2.14968
0.554318 0.15001 0.736627
0.538429 0.15001 -0.794459
-0.915648 0.15001 -0.28597
0.540556 0.15001 -0.602184
1.53234 0.15001 -0.217838
0.368256 0.15001 2.1838
0.378904 0.15001 -0.125654
-0.9341 0.15001 1.97039
-2.49955 0.15001 1.06291
1.70406 0.15001 -2.67309
0.529303 0.15001 -2.32399
2.84999 0.15001 -2.46862
0.375782 0.15001 -0.317248
1.36379 0.15001 -0.690282
0.50079 0.15001 -1.41583
2.68512 0.15001 0.256028
2.02068 0.15001 1.59213
-0.840441 0.15001 1.79354
2.40849 0.15001 2.84999
1.04704 0.15001 0.636502
2.51976 0.15001 -0.21238
-0.44972 0.15001 0.355914
2.49685 0.15001 2.4841
-0.638753 0.15001 0.762665
-1.04523 0.15001 -0.127356
1.8553 0.15001 -0.967437
2.30595 0.15001 2.66923
0.562481 0.15001 1.70852
-0.300696 0.15001 -0.12842
-1.25641 0.15001 -1.60853
-2.674 0.15001 -1.19793
1.36946 0.15001 -0.123829
1.42541 0.15001 -2.15321
1.03255 0.15001 -1.26767
1.86299 0.15001 1.29886
-2.35202 0.15001 2.84999
2.51 0.15001 2.08436
1.05026 0.15001 1.41021
2.35455 0.15001 -0.307261
-2.84999 0.15001 -1.88825
1.9798 0.15001 -2.20493
2.16813 0.15001 -1.72491
2.15574 0.15001 -1.91437
-0.46968 0.15001 0.163338
0.683669 0.15001 2.67755
2.18899 0.15001 2.50506
-2.32215 0.15001 -1.79404
2.17982 0.15001 1.8864
0.880902 0.15001 0.160609
0.208357 0.15001 -0.224101
1.19926 0.15001 -0.786285
-0.12284 0.15001 0.159363
1.97722 0.15001 -2.40168
0.544622 0.15001 -1.96842
-0.238218 0.15001 1.80598
-1.13506 0.15001 1.96231
-0.887014 0.15001 0.230327
2.68514 0.15001 0.443668
1.09229 0.15001 2.33001
2.84999 0.15001 -1.52313
1.06265 0.15001 1.80424
-1.92125 0.15001 2.3101
1.69948 0.15001 1.39477
2.51994 0.15001 1.29927
2.84999 0.15001 1.10501
2.84999 0.15001 1.49074
2.68531 0.15001 1.20207
0.387983 0.15001 1.22874
0.0547443 0.15001 1.98125
2.68748 0.15001 -2.75593
2.84999 0.15001 -2.09037
1.36581 0.15001 -1.65003
2.68516 0.15001 -0.117937
0.22253 0.15001 0.547639
2.35153 0.15001 -0.869896
2.01331 0.15001 -1.43885
2.84999 0.15001 1.88277
-0.132363 0.15001 2.32874
2.84999 0.15001 0.914376
2.84999 0.15001 -1.71228
-1.16767 0.15001 -2.1373
2.32367 0.15001 -2.00807
1.3715 0.15001 0.0654282
2.67284 0.15001 -2.18816
2.35484 0.15001 -0.119707
1.53736 0.15001 0.728947
2.68203 0.15001 -1.24309
-1.94083 0.15001 1.24501
-0.843318 0.15001 -0.104594
1.61805 0.15001 -2.13789
2.17558 0.15001 -1.53466
-0.0823023 0.15001 -2.67781
0.834304 0.15001 -2.14201
-2.84999 0.15001 -0.317141
1.80666 0.15001 -2.49578
0.893854 0.15001 2.33976
-0.74212 0.15001 1.27049
-1.2054 0.15001 0.375926
1.79895 0.15001 2.84999
0.652031 0.15001 -1.79134
1.80906 0.15001 -2.11314
1.98849 0.15001 -1.8193
1.4054 0.15001 -2.84999
0.958332 0.15001 -1.63307
-1.02973 0.15001 2.14175
1.03875 0.15001 -0.313319
1.70102 0.15001 0.634123
2.84999 0.15001 2.65998
2.84989 0.15001 2.84999
1.24857 0.15001 -1.80339
2.84999 0.15001 -2.27943
0.621685 0.15001 -2.49847
-0.308094 0.15001 -0.513529
0.704308 0.15001 -0.887324
0.742984 0.15001 -1.96723
1.39607 0.15001 2.15282
0.870672 0.15001 -0.789329
0.728924 0.15001 1.6122
-1.72167 0.15001 2.30834
0.173002 0.15001 2.14224
-0.110514 0.15001 0.940423
0.553886 0.15001 0.544602
2.51275 0.15001 1.88576
2.84999 0.15001 -0.77108
-2.49227 0.15001 1.66007
2.51551 0.15001 1.68869
1.68786 0.15001 1.79576
2.01777 0.15001 1.78855
0.389605 0.15001 0.835419
-0.646983 0.15001 -0.0805246
-0.79246 0.15001 -0.440935
-0.337072 0.15001 -1.45246
0.0332369 0.15001 -0.519026
-0.847234 0.15001 1.09384
1.86318 0.15001 0.161124
-1.67996 0.15001 0.157828
0.579773 0.15001 2.14351
1.09094 0.15001 2.67925
1.21069 0.15001 1.30714
-2.84999 0.15001 0.667094
2.14956 0.15001 -2.2973
0.172996 0.15001 2.51128
-0.288022 0.15001 0.256218
1.37349 0.15001 0.444779
-1.33823 0.15001 0.894879
2.02755 0.15001 0.25597
2.84999 0.15001 1.68688
0.382432 0.15001 0.0658491
-0.334619 0.15001 1.97996
1.01813 0.15001 -2.49571
2.32505 0.15001 -2.39112
2.67995 0.15001 -1.61932
1.20792 0.15001 -2.84999
2.33149 0.15001 -2.5836
1.3943 0.15001 2.84999
1.86472 0.15001 0.91801
2.52081 0.15001 1.10829
2.18378 0.15001 1.69035
2.84999 0.15001 0.724896
1.30972 0.15001 -2.67374
2.3195 0.15001 -2.19794
0.223911 0.15001 0.74062
1.68933 0.15001 -1.06379
0.482445 0.15001 2.67754
-1.12766 0.15001 2.31589
0.992639 0.15001 2.50798
2.63251 0.15001 2.84999
2.33957 0.15001 -1.62794
2.68508 0.15001 0.0689021
1.20671 0.15001 -0.0293793
-0.118517 0.15001 0.355719
-0.538247 0.15001 1.27755
1.86475 0.15001 0.539645
0.0750737 0.15001 2.32489
0.883485 0.15001 0.733703
0.394626 0.15001 1.80965
2.49731 0.15001 -2.0985
1.19266 0.15001 2.50412
-2.13482 0.15001 1.60751
0.719359 0.15001 1.02623
2.50277 0.15001 -1.90841
1.53014 0.15001 -0.406343
2.68518 0.15001 -0.304739
2.84999 0.15001 -0.584086
2.02474 0.15001 -0.309513
2.18048 0.15001 -1.34304
-0.541385 0.15001 1.62484
1.29374 0.15001 2.67729
2.5197 0.15001 -0.0250831
2.67893 0.15001 -2.56661
0.869356 0.15001 -0.981226
2.68447 0.15001 -0.678689
2.52839 0.15001 -2.84999
2.02655 0.15001 0.0670447
1.69703 0.15001 1.59105
2.19102 0.15001 0.161818
1.99672 0.15001 2.17493
1.3844 0.15001 1.80917
2.35501 0.15001 0.0681546
0.124128 0.15001 -2.67959
1.03577 0.15001 -0.692466
2.5076 0.15001 -1.71857
0.0450942 0.15001 0.0635744
1.69747 0.15001 -0.122889
1.69377 0.15001 -0.499489
1.85794 0.15001 -0.592174
-0.144225 0.15001 1.63078
-0.277572 0.15001 1.03986
2.84999 0.15001 0.349054
2.00632 0.15001 -1.63077
2.51189 0.15001 -1.52853
-0.836939 0.15001 0.754216
2.68285 0.15001 -1.05413
0.422123 0.15001 -2.50603
2.84999 0.15001 -0.958507
-0.28597 0.15001 0.458418
1.5371 0.15001 1.10851
-0.536472 0.15001 1.97488
2.19248 0.15001 0.729475
2.68543 0.15001 1.01152
-2.84999 0.15001 1.06158
0.886203 0.15001 1.31698
1.69872 0.15001 2.67814
1.7948 0.15001 2.50878
0.387328 0.15001 1.42301
1.98858 0.15001 -2.84999
1.49578 0.15001 2.67625
2.67529 0.15001 -1.99867
-0.429337 0.15001 2.1504
2.5142 0.15001 -1.33961
0.912999 0.15001 -2.67261
0.714 0.15001 -2.67517
1.53275 0.15001 -1.55592
0.0543739 0.15001 0.646232
-0.96593 0.15001 -2.13895
-2.67339 0.15001 0.570259
-1.24602 0.15001 1.42999
2.17264 0.15001 2.08512
0.875534 0.15001 -0.218756
1.22276 0.15001 1.70158
1.21052 0.15001 0.730675
1.68597 0.15001 -1.44371
2.35388 0.15001 -0.494682
0.216198 0.15001 0.161144
1.85926 0.15001 -0.404473
-0.572873 0.15001 -0.415917
2.18699 0.15001 -0.777399
2.84999 0.15001 2.27524
2.51516 0.15001 -1.15037
2.84999 0.15001 -2.65921
1.50713 0.15001 -2.67397
2.18033 0.15001 -2.84999
0.565224 0.15001 -1.60887
1.82089 0.15001 -1.72285
1.6932 0.15001 2.3314
1.7004 0.15001 1.20289
1.8603 0.15001 1.49323
2.68521 0.15001 0.631983
2.52068 0.15001 0.917872
1.45097 0.15001 -1.82196
0.862489 0.15001 -1.37332
0.371349 0.15001 -0.701551
2.33279 0.15001 -1.81775
0.550722 0.15001 0.161514
0.720955 0.15001 1.22162
2.51954 0.15001 -0.399548
2.84999 0.15001 -0.210797
2.33766 0.15001 2.18284
2.84999 0.15001 -0.0243317
1.21016 0.15001 1.11337
2.15338 0.15001 -2.49281
-0.388672 0.15001 -2.84999
2.51793 0.15001 -0.774143
1.70095 0.15001 0.823406
1.99269 0.15001 2.50811
2.84999 0.15001 -1.33509
2.02871 0.15001 0.823707
1.53442 0.15001 -0.0289323
2.35289 0.15001 -0.682148
2.51892 0.15001 -0.586746
2.84999 0.15001 -2.84999
2.0171 0.15001 -1.24864
-2.14727 0.15001 0.46848
2.09531 0.15001 -2.6766
2.02576 0.15001 -0.121471
1.53729 0.15001 0.918561
-0.463487 0.15001 -0.0287536
-1.42514 0.15001 0.71224
0.547654 0.15001 -0.0291264
1.52406 0.15001 -1.16207
2.68496 0.15001 -0.491618
1.04694 0.15001 1.01998
2.0195 0.15001 -1.06022
-0.448875 0.15001 0.75675
-1.51634 0.15001 -0.360607
1.37366 0.15001 1.01499
1.19799 0.15001 -0.97709
1.59653 0.15001 2.84999
1.37388 0.15001 0.824619
2.51445 0.15001 -2.66256
2.671 0.15001 -2.37787
2.68373 0.15001 -0.866111
1.03693 0.15001 -0.502751
1.36257 0.15001 -1.45848
0.385511 0.15001 0.257604
1.52289 0.15001 -1.35495
1.59387 0.15001 2.15758
2.02858 0.15001 0.634529
2.6836 0.15001 1.5903
2.67767 0.15001 -1.80924
1.98053 0.15001 -2.01124
0.873284 0.15001 -0.408484
2.84999 0.15001 -0.39736
0.71923 0.15001 0.831908
2.35548 0.15001 0.256464
0.883325 0.15001 0.926328
-0.321249 0.15001 2.66695
0.682318 0.15001 2.32909
2.35073 0.15001 1.59067
