1000 0.1
1.85401 0.15001 -0.0519179
-2.67597 0.15001 0.858344
-2.50329 0.15001 -2.32424
-2.3318 0.15001 -2.43083
-2.84987 0.15001 -0.586432
2.84999 0.15001 1.28001
1.46428 0.15001 1.93055
-1.55917 0.15001 1.58587
-1.45281 0.15001 -0.771237
-0.745681 0.15001 0.0115332
-2.65298 0.15001 2.25364
0.574155 0.15001 2.84999
-0.270274 0.15001 1.41265
2.84999 0.15001 0.517232
-0.746057 0.15001 1.60269
-0.242794 0.15001 -1.99586
-0.32362 0.15001 -1.14725
0.163545 0.15001 -1.22073
-0.920879 0.15001 0.52905
-0.111885 0.15001 1.30889
-2.13876 0.15001 -1.96271
-2.84305 0.15001 -2.11159
-0.746966 0.15001 -0.852044
-1.76233 0.15001 -2.50122
-1.35347 0.15001 -2.15646
2.51947 0.15001 0.516549
-2.67237 0.15001 -1.83327
-0.469293 0.15001 -2.6777
-2.49716 0.15001 0.367884
-1.66843 0.15001 1.39039
-2.13495 0.15001 -1.02696
0.190015 0.15001 -0.440576
-1.89089 0.15001 -0.488375
-1.97602 0.15001 -1.51763
0.630354 0.15001 -2.8497
-2.32626 0.15001 -1.02662
0.520123 0.15001 -1.01322
-1.49797 0.15001 -1.3053
-1.13841 0.15001 0.881926
-2.84999 0.15001 -0.0158188
-0.163903 0.15001 -2.50488
-1.64842 0.15001 -0.794256
-0.428558 0.15001 -0.986161
0.743462 0.15001 -2.3275
-0.0196469 0.15001 -1.64407
-0.756794 0.15001 -2.14516
0.265552 0.15001 2.67075
-0.23718 0.15001 2.84999
-1.18161 0.15001 -0.558706
-2.67661 0.15001 1.84801
-1.55094 0.15001 -1.82213
-2.49278 0.15001 -1.547
-1.11873 0.15001 0.523679
-1.41274 0.15001 -1.12373
-1.04052 0.15001 2.84999
-1.859 0.15001 2.1219
-2.67709 0.15001 1.65154
-2.84999 0.15001 2.32982
-2.33832 0.15001 1.25569
0.897045 0.15001 1.47578
-0.518008 0.15001 -1.16179
1.42428 0.15001 -2.50342
-1.33381 0.15001 -0.936272
-0.9493 0.15001 -0.879336
-0.548401 0.15001 0.902072
-1.26569 0.15001 0.141063
0.0160197 0.15001 -0.731376
-1.71787 0.15001 0.471074
-2.67013 0.15001 2.04724
-2.84999 0.15001 0.761257
-2.67334 0.15001 -2.60651
-2.84999 0.15001 -1.54263
-2.67357 0.15001 -0.116668
1.04335 0.15001 0.791942
2.84999 0.15001 0.142921
-2.67592 0.15001 1.25374
-2.84999 0.15001 1.35267
-2.84999 0.15001 0.177055
-1.46309 0.15001 1.40546
-0.742911 0.15001 1.9693
-2.67446 0.15001 -2.21687
-2.16807 0.15001 -2.84999
-1.21627 0.15001 -1.11091
-2.50593 0.15001 -0.40882
-0.639023 0.15001 2.49574
-2.84999 0.15001 2.52357
-2.13808 0.15001 0.790615
-2.84999 0.15001 1.94151
-2.2686 0.15001 2.10716
-0.643865 0.15001 2.14367
-0.115107 0.15001 -1.47663
-2.67862 0.15001 -0.874645
-2.50288 0.15001 -2.52151
-1.09777 0.15001 -1.27272
-2.49786 0.15001 -0.0255366
-1.96222 0.15001 -0.136993
-1.76148 0.15001 1.21303
-2.31896 0.15001 1.06436
0.370203 0.15001 2.84999
-2.33018 0.15001 1.64923
-1.25761 0.15001 -2.32765
-0.146661 0.15001 1.96935
-2.32598 0.15001 -1.65456
2.67871 0.15001 1.96854
1.54209 0.15001 1.25966
-0.946997 0.15001 1.59431
1.80834 0.15001 -1.91335
-0.566113 0.15001 -2.5034
1.68616 0.15001 -0.334998
2.34635 0.15001 -1.06903
2.35588 0.15001 -2.7821
0.00763156 0.15001 -0.924577
-1.61536 0.15001 -1.1408
-0.155184 0.15001 -0.248414
0.347104 0.15001 -1.10888
-2.67913 0.15001 -0.686392
-0.366104 0.15001 -2.50432
-2.67327 0.15001 -2.41385
-0.437367 0.15001 2.84999
-2.67741 0.15001 -0.305173
-1.66015 0.15001 -2.6748
2.1916 0.15001 1.08064
0.36026 0.15001 -1.98577
-1.69354 0.15001 -0.442625
-2.14034 0.15001 -0.0390591
-0.140278 0.15001 2.66595
-1.64205 0.15001 -2.00862
0.527323 0.15001 -0.438622
-0.118915 0.15001 0.72169
0.712597 0.15001 0.60729
-2.30854 0.15001 -1.41932
-0.214887 0.15001 -1.30878
0.514801 0.15001 -1.2079
-2.31868 0.15001 -2.04419
-2.84999 0.15001 -2.66717
-0.670315 0.15001 -2.67789
0.684836 0.15001 -1.29396
-1.73722 0.15001 0.858955
-1.53665 0.15001 0.852609
-2.84999 0.15001 1.54985
-1.15263 0.15001 -1.79791
-0.652535 0.15001 -1.96701
-0.786106 0.15001 -1.42369
-2.68259 0.15001 -1.06559
-0.63382 0.15001 0.380135
1.36284 0.15001 0.22336
-1.56367 0.15001 1.22032
-1.25006 0.15001 1.76767
-2.84999 0.15001 2.13643
-1.7781 0.15001 0.268801
0.183378 0.15001 -0.827662
-2.33967 0.15001 -2.63364
0.022781 0.15001 -0.153852
0.698695 0.15001 -0.153953
1.35469 0.15001 -0.527687
1.61558 0.15001 2.49535
-0.537501 0.15001 2.67281
-2.0322 0.15001 2.84999
-2.67285 0.15001 0.0779856
-1.95964 0.15001 1.5619
-0.867233 0.15001 -1.6069
-2.84999 0.15001 -2.48314
-1.55943 0.15001 -2.84999
-1.97408 0.15001 -1.84956
-0.473203 0.15001 -0.652294
-0.827924 0.15001 -1.02982
-2.32578 0.15001 0.465142
-1.65783 0.15001 -2.33179
-0.818207 0.15001 0.36387
-2.84999 0.15001 2.84999
-0.864861 0.15001 -2.67787
1.35606 0.15001 -0.340222
-2.15933 0.15001 1.19099
-1.37411 0.15001 -0.577531
-2.74042 0.15001 2.68166
-2.06741 0.15001 1.74732
-2.14026 0.15001 -0.470432
-2.54202 0.15001 2.66126
-0.645739 0.15001 1.42604
-1.64219 0.15001 2.47926
-1.36011 0.15001 -2.84999
-0.148787 0.15001 -0.0566871
-2.84999 0.15001 -0.775744
-1.25991 0.15001 -0.739318
0.174588 0.15001 -1.02326
0.691679 0.15001 -0.72252
-1.66795 0.15001 -1.66248
-2.32744 0.15001 1.84854
-2.67697 0.15001 0.663779
-1.83406 0.15001 2.84999
-1.31559 0.15001 0.501772
0.315888 0.15001 -1.48114
-2.84999 0.15001 -0.969789
-2.84999 0.15001 -0.208231
-1.46141 0.15001 -2.32208
0.218525 0.15001 1.10866
-2.65434 0.15001 2.4603
-2.15607 0.15001 0.562728
-2.35326 0.15001 2.30049
0.250148 0.15001 1.93432
-0.76492 0.15001 -2.50583
-1.93782 0.15001 -0.99121
1.39727 0.15001 1.55362
1.52854 0.15001 0.318576
0.225566 0.15001 1.72496
-0.240746 0.15001 2.49172
-0.51168 0.15001 -1.49414
2.35537 0.15001 0.987537
1.36798 0.15001 0.599939
2.34427 0.15001 1.76745
1.68267 0.15001 -1.27055
-1.16186 0.15001 -2.84999
-1.14171 0.15001 -0.911932
-0.417046 0.15001 -1.65658
-1.05706 0.15001 -2.32473
-0.413614 0.15001 -1.32034
-0.963516 0.15001 -2.84999
-1.73301 0.15001 -0.974033
-2.67106 0.15001 -2.02474
-2.67614 0.15001 1.44956
-2.84999 0.15001 -1.73465
-2.48667 0.15001 -1.93733
2.18979 0.15001 1.27371
-0.439752 0.15001 1.7917
-2.50599 0.15001 1.74816
-1.96888 0.15001 -2.50751
-2.50301 0.15001 0.566311
-1.53947 0.15001 2.66205
0.468569 0.15001 2.33233
-0.331827 0.15001 1.61348
-1.85923 0.15001 -2.67514
-2.6749 0.15001 1.05876
-1.29527 0.15001 -1.2957
0.0547403 0.15001 1.21151
0.858541 0.15001 -0.626286
-1.98865 0.15001 -0.657943
-0.840234 0.15001 2.13886
-2.07619 0.15001 -0.838032
-1.7598 0.15001 1.57351
-2.84999 0.15001 0.369531
-0.851992 0.15001 -1.96548
0.823398 0.15001 -2.84999
-2.68076 0.15001 -0.49462
0.56301 0.15001 1.49563
1.20278 0.15001 0.505894
-0.988075 0.15001 -0.540518
2.02551 0.15001 1.36868
2.35404 0.15001 0.421724
-2.14108 0.15001 0.157324
-1.6364 0.15001 2.84999
-2.5134 0.15001 -2.71573
-0.627048 0.15001 -1.00725
-1.05923 0.15001 -2.67603
1.53533 0.15001 -2.33168
0.46959 0.15001 -1.8192
-0.289003 0.15001 1.21617
-1.34489 0.15001 2.29268
-2.32364 0.15001 0.863963
-0.282405 0.15001 0.829245
-2.63711 0.15001 2.84999
-1.54404 0.15001 -0.0605303
0.0201484 0.15001 -0.34501
-1.98949 0.15001 0.655666
-0.322615 0.15001 -0.349474
-2.47796 0.15001 2.14261
-2.32581 0.15001 -0.134469
-2.06447 0.15001 2.12199
-1.94137 0.15001 2.66126
-1.73957 0.15001 2.66465
0.0594318 0.15001 2.67254
1.02237 0.15001 -2.84999
2.35429 0.15001 1.17935
-2.17237 0.15001 -2.53422
0.864168 0.15001 -1.81444
1.19228 0.15001 -0.247812
-2.32483 0.15001 0.666623
0.883633 0.15001 1.0836
-1.44515 0.15001 2.12059
-0.0380506 0.15001 2.84999
-0.457975 0.15001 1.07515
-0.570283 0.15001 -2.84999
-1.45985 0.15001 -2.67412
-1.87154 0.15001 -1.68245
1.41505 0.15001 2.48731
-2.49731 0.15001 -0.791269
-1.9117 0.15001 0.0589546
0.693172 0.15001 -0.532579
-1.90317 0.15001 -1.33724
-2.0781 0.15001 1.37395
1.8366 0.15001 1.85433
-2.65354 0.15001 -2.84999
0.378492 0.15001 -1.65387
-1.0466 0.15001 1.05929
1.15908 0.15001 -1.98691
0.241006 0.15001 -2.51043
-0.149987 0.15001 -0.442756
-1.14179 0.15001 -0.0283689
-2.08478 0.15001 1.00177
-1.44103 0.15001 2.47638
-1.65346 0.15001 1.04309
-0.768747 0.15001 -2.84999
2.67657 0.15001 2.16806
-2.49696 0.15001 -2.12817
2.685 0.15001 0.800137
-2.00145 0.15001 -0.333315
-0.0471731 0.15001 2.14132
1.85224 0.15001 -0.238682
0.362178 0.15001 2.49807
2.68326 0.15001 1.37666
1.68985 0.15001 0.0391635
0.784578 0.15001 2.84999
-0.859349 0.15001 -2.32528
-0.218826 0.15001 -1.65254
-2.16261 0.15001 -1.55518
-2.84999 0.15001 -2.84999
-1.22245 0.15001 -0.214023
1.84823 0.15001 -1.35633
-1.07077 0.15001 0.1598
-1.86772 0.15001 1.37998
-1.60628 0.15001 0.654195
-0.959845 0.15001 -2.5042
-0.714169 0.15001 -1.18102
2.18252 0.15001 -0.605642
-2.31707 0.15001 0.264973
-0.707825 0.15001 -0.337817
-1.35639 0.15001 1.58825
-1.04864 0.15001 1.41543
-1.66002 0.15001 1.76249
0.352301 0.15001 -0.918405
-0.845212 0.15001 1.41948
-2.32514 0.15001 -0.539372
-0.00663025 0.15001 -1.11608
1.18845 0.15001 -1.1903
1.4627 0.15001 1.73581
-2.15105 0.15001 1.93635
-1.86286 0.15001 1.74756
1.12437 0.15001 -2.67452
-2.50449 0.15001 1.35137
-0.0391252 0.15001 -1.99353
-0.94301 0.15001 0.887982
-2.84999 0.15001 -1.16064
-0.267886 0.15001 -2.67769
1.51788 0.15001 -0.992945
1.91867 0.15001 2.33196
2.02401 0.15001 0.418013
2.00296 0.15001 1.95534
1.69217 0.15001 0.226499
0.211687 0.15001 0.326315
-0.941119 0.15001 1.24145
0.929607 0.15001 1.87142
-2.49832 0.15001 -1.74344
2.18545 0.15001 -0.0470886
0.0553756 0.15001 -2.16357
-0.0171382 0.15001 -1.30758
-1.05125 0.15001 -1.96609
2.1094 0.15001 2.68012
-1.64719 0.15001 2.12238
0.988432 0.15001 2.84999
-0.739918 0.15001 2.67166
2.02858 0.15001 1.17382
1.2283 0.15001 -2.50205
-1.8199 0.15001 -1.1527
1.1892 0.15001 -0.623565
1.22662 0.15001 1.46081
-1.75651 0.15001 -0.0860256
-1.24705 0.15001 -1.97556
0.0512417 0.15001 0.814979
-2.50333 0.15001 1.15614
2.84999 0.15001 2.46165
0.258555 0.15001 2.32968
1.05067 0.15001 -2.15496
2.18406 0.15001 -0.233443
-0.167492 0.15001 -2.84999
-0.356992 0.15001 -2.15699
-1.55959 0.15001 -2.50125
-2.49546 0.15001 0.170285
0.793407 0.15001 2.49054
-2.84999 0.15001 1.1579
-0.639447 0.15001 2.84999
0.0467468 0.15001 0.425185
-0.0541847 0.15001 -2.33533
0.187896 0.15001 -0.633603
1.61092 0.15001 -2.84999
-1.45583 0.15001 1.76752
-0.940524 0.15001 2.30733
-2.04572 0.15001 2.48601
-1.92459 0.15001 0.454608
-1.1789 0.15001 -1.45491
-1.24565 0.15001 1.05047
-2.84999 0.15001 1.74755
-2.18357 0.15001 -0.672525
0.341301 0.15001 -1.29803
-1.00586 0.15001 0.347819
0.197972 0.15001 -0.0571824
1.06615 0.15001 -1.81766
2.18843 0.15001 0.326495
-1.93886 0.15001 0.849451
1.03189 0.15001 0.0342443
-1.4385 0.15001 2.84999
2.02825 0.15001 0.982718
0.161161 0.15001 -1.98921
2.51028 0.15001 2.67764
0.382817 0.15001 0.613557
0.777608 0.15001 2.17084
1.5309 0.15001 0.506501
0.440762 0.15001 1.9937
-1.04147 0.15001 2.4849
-1.06704 0.15001 -0.720483
-0.243355 0.15001 2.14267
1.84995 0.15001 1.66283
1.58115 0.15001 -1.97883
-1.78211 0.15001 -1.50066
-2.49736 0.15001 -1.35435
-1.7636 0.15001 -0.633784
-1.26013 0.15001 -2.67362
-1.7519 0.15001 -1.84117
2.18019 0.15001 -1.16445
0.134485 0.15001 -1.42788
-0.0391989 0.15001 1.79112
-0.0463321 0.15001 2.48856
-2.50656 0.15001 -0.599866
-1.75956 0.15001 -2.84999
0.0398449 0.15001 -2.50759
-0.50872 0.15001 -0.300729
-0.178585 0.15001 -1.01772
0.945743 0.15001 2.06549
0.56795 0.15001 2.50422
-1.39059 0.15001 0.310998
-1.81554 0.15001 -0.281297
0.544429 0.15001 0.32293
-2.11099 0.15001 -1.36132
-1.7572 0.15001 -2.16838
0.436532 0.15001 -2.84999
0.255966 0.15001 -2.16056
-2.84999 0.15001 -2.29605
2.18315 0.15001 -0.419601
2.84999 0.15001 -1.90611
0.832892 0.15001 -2.50138
-1.2446 0.15001 2.12053
0.855003 0.15001 -1.19823
-1.96625 0.15001 -2.16757
1.20013 0.15001 0.31711
1.83168 0.15001 2.05035
2.35524 0.15001 0.79775
0.875619 0.15001 0.509202
0.594911 0.15001 1.88725
2.67401 0.15001 2.56832
0.396243 0.15001 1.60429
1.29157 0.15001 2.04095
0.219614 0.15001 1.30782
1.79593 0.15001 -2.30063
2.51854 0.15001 0.142214
2.01523 0.15001 -0.887192
1.84872 0.15001 -1.16992
-1.61911 0.15001 -0.249146
-0.742331 0.15001 0.890497
-1.24169 0.15001 2.47969
2.6809 0.15001 1.76972
1.06909 0.15001 1.56536
-0.435462 0.15001 2.49569
1.35864 0.15001 -1.98599
-1.29763 0.15001 -0.396096
0.0681277 0.15001 -1.81695
-0.462545 0.15001 -2.3287
-1.15892 0.15001 -2.50011
-1.58365 0.15001 -1.48418
-0.840763 0.15001 2.84999
-1.84802 0.15001 2.4835
-0.454588 0.15001 1.45879
0.217682 0.15001 0.909451
1.51849 0.15001 -0.805504
-0.152394 0.15001 -0.636507
-1.86831 0.15001 -2.33572
-0.339462 0.15001 2.31844
2.35203 0.15001 1.37345
-0.158958 0.15001 -0.827027
0.38039 0.15001 0.421548
-1.54343 0.15001 2.29386
2.21101 0.15001 2.84999
1.19486 0.15001 2.84999
0.958952 0.15001 -1.98375
0.0399197 0.15001 0.230337
-0.553496 0.15001 -1.79424
-1.42069 0.15001 -0.229649
-1.44688 0.15001 -1.98785
-1.56857 0.15001 -0.605746
-1.51305 0.15001 0.478849
-1.75083 0.15001 1.94322
-2.23253 0.15001 2.84999
-1.14082 0.15001 2.66631
0.695307 0.15001 -0.343054
-1.0204 0.15001 -1.07227
0.550101 0.15001 0.899857
-0.292024 0.15001 0.629275
1.02662 0.15001 -1.47536
-0.940957 0.15001 2.66864
-0.984653 0.15001 -1.43464
-1.97101 0.15001 0.254322
-2.44938 0.15001 2.47897
-1.04647 0.15001 1.76863
1.85821 0.15001 0.322222
0.912491 0.15001 1.67555
0.0541928 0.15001 1.6161
2.67315 0.15001 2.36893
2.50246 0.15001 2.26896
2.49588 0.15001 -2.29361
-1.15191 0.15001 1.58933
-1.45158 0.15001 1.043
1.52612 0.15001 0.130832
-0.742428 0.15001 2.31584
-0.66191 0.15001 -2.32591
-2.05858 0.15001 -2.68647
-0.350636 0.15001 -0.804883
-2.01994 0.15001 -1.18228
-2.36786 0.15001 -2.84999
-0.557667 0.15001 -2.14953
-1.95831 0.15001 -2.84999
-2.50267 0.15001 1.9442
2.19142 0.15001 0.890287
0.707238 0.15001 0.225548
1.3526 0.15001 -1.09138
2.18075 0.15001 -0.977924
-1.70443 0.15001 -1.31863
1.33807 0.15001 -2.32946
2.51913 0.15001 0.329125
-0.646813 0.15001 1.7947
-2.46381 0.15001 -1.16693
-1.85286 0.15001 1.03595
-0.684197 0.15001 0.19586
-0.725197 0.15001 0.545831
-2.15962 0.15001 -0.231742
-2.67272 0.15001 0.272583
-0.260694 0.15001 -2.33153
2.49852 0.15001 -2.47932
-2.32109 0.15001 -0.341872
-0.756173 0.15001 -1.78809
-2.25395 0.15001 -1.21604
0.865887 0.15001 -0.0598301
2.35469 0.15001 0.609322
1.03785 0.15001 0.412366
-0.131265 0.15001 -1.82363
1.37719 0.15001 1.16712
2.33919 0.15001 1.96347
1.69432 0.15001 0.414022
1.66342 0.15001 1.94512
0.222969 0.15001 1.51079
0.703119 0.15001 0.03543
2.3262 0.15001 2.36007
0.754384 0.15001 1.78214
-0.117588 0.15001 0.528068
-0.665569 0.15001 -1.61312
2.51607 0.15001 1.473
2.01237 0.15001 2.84999
0.775798 0.15001 -1.6406
1.84966 0.15001 -0.797495
1.187 0.15001 -1.58509
2.84999 0.15001 2.06696
1.19037 0.15001 -0.435689
2.1228 0.15001 2.32177
0.0527049 0.15001 1.01515
0.0349642 0.15001 -2.84999
0.347879 0.15001 -2.33366
0.264869 0.15001 -1.81284
-0.332046 0.15001 -1.82596
1.13949 0.15001 -2.32807
2.681 0.15001 -1.43797
-1.34844 0.15001 -1.80901
-1.23992 0.15001 2.84999
1.70144 0.15001 0.978398
-2.3231 0.15001 1.44554
1.61869 0.15001 -2.50439
1.80356 0.15001 -2.84999
1.02894 0.15001 -0.154261
-2.67295 0.15001 -1.44761
-0.941389 0.15001 -0.00604004
1.51932 0.15001 -0.61845
-2.84999 0.15001 -1.34932
-0.548644 0.15001 -0.830304
1.35405 0.15001 -1.2806
-1.37647 0.15001 -1.47226
0.336738 0.15001 -2.68019
1.02277 0.15001 -1.09805
0.53002 0.15001 -0.248577
1.04966 0.15001 1.17525
2.01607 0.15001 -0.701222
0.872839 0.15001 0.319007
-1.5849 0.15001 0.290022
-2.67281 0.15001 -1.64009
-2.15037 0.15001 2.31068
-1.79855 0.15001 0.663076
1.24936 0.15001 -2.15747
-0.868031 0.15001 -0.697709
-0.318915 0.15001 0.0450282
-1.06606 0.15001 -1.61779
0.532608 0.15001 -2.6811
-1.10241 0.15001 -0.37978
-1.02911 0.15001 0.710237
-1.34744 0.15001 1.94781
2.51974 0.15001 0.704733
2.18947 0.15001 0.513771
0.890938 0.15001 2.66905
0.14838 0.15001 -2.33575
-2.13891 0.15001 2.6614
-1.34042 0.15001 2.6631
-2.31784 0.15001 0.0630731
2.84999 0.15001 -1.15634
-1.36036 0.15001 -2.49856
1.91265 0.15001 2.67841
-1.53139 0.15001 -0.959791
-2.24347 0.15001 2.48726
-0.900659 0.15001 -1.24373
-2.1589 0.15001 -2.15747
-1.85233 0.15001 -0.80967
-0.539878 0.15001 2.32011
-1.95153 0.15001 1.93398
-2.51321 0.15001 -0.97911
1.38212 0.15001 1.35722
1.8619 0.15001 0.697427
2.51397 0.15001 -0.973687
1.02298 0.15001 -0.90837
0.679897 0.15001 -1.47953
-2.33214 0.15001 -2.23568
2.34451 0.15001 -1.4448
-0.649851 0.15001 1.06654
-2.2994 0.15001 -0.830682
-2.34093 0.15001 2.66762
-2.50508 0.15001 0.760452
0.384357 0.15001 1.00275
0.710397 0.15001 0.416282
-0.112979 0.15001 1.11865
0.358282 0.15001 -0.53476
-1.46401 0.15001 -1.64624
1.2086 0.15001 0.884477
-0.957553 0.15001 -1.78836
-0.148051 0.15001 -2.16478
2.01671 0.15001 -0.515221
-2.14364 0.15001 -1.75313
0.72603 0.15001 1.38568
0.556784 0.15001 1.29391
1.86573 0.15001 1.07536
0.764701 0.15001 1.97699
-0.512181 0.15001 0.548053
1.54566 0.15001 1.44752
0.050564 0.15001 1.41334
0.552348 0.15001 1.09499
-1.85838 0.15001 -2.00428
1.03499 0.15001 0.223114
2.18629 0.15001 1.4695
1.31853 0.15001 2.26162
1.52009 0.15001 2.31487
1.84823 0.15001 -1.54184
2.34579 0.15001 -1.25616
0.238585 0.15001 -2.84999
1.12622 0.15001 2.14609
1.68432 0.15001 -0.70822
-1.46075 0.15001 0.120622
-0.453395 0.15001 -1.97869
1.11182 0.15001 1.95182
-1.14825 0.15001 1.23653
0.165078 0.15001 2.84999
-0.609679 0.15001 -1.33488
1.65079 0.15001 -1.78848
0.180498 0.15001 -1.62594
0.687831 0.15001 -1.10362
1.68356 0.15001 -0.894849
1.90698 0.15001 -2.6717
-0.667936 0.15001 -0.672206
-1.22104 0.15001 0.703017
-1.54722 0.15001 1.94973
-0.841197 0.15001 2.49157
2.15361 0.15001 -2.11153
0.654188 0.15001 -2.15546
0.941049 0.15001 -2.32691
1.19176 0.15001 -1.38228
-2.09236 0.15001 -2.34581
1.35301 0.15001 -0.902929
-1.35676 0.15001 1.22748
-1.34303 0.15001 -0.0472501
1.19739 0.15001 0.128569
-2.50221 0.15001 -0.219115
0.455187 0.15001 -2.15676
0.547998 0.15001 0.706258
0.523134 0.15001 -0.820867
-0.905861 0.15001 -0.358374
0.525313 0.15001 -0.629359
1.52178 0.15001 -0.244233
0.363509 0.15001 2.16571
0.364468 0.15001 -0.152958
-0.938134 0.15001 1.95784
-2.49879 0.15001 0.958466
1.71215 0.15001 -2.6762
0.545764 0.15001 -2.32993
2.84999 0.15001 -2.47134
0.360448 0.15001 -0.343717
1.35377 0.15001 -0.71515
0.501529 0.15001 -1.41011
2.68479 0.15001 0.236076
2.01972 0.15001 1.56577
-0.845611 0.15001 1.77813
2.41485 0.15001 2.84999
1.04055 0.15001 0.601991
2.51693 0.15001 -0.230374
-0.451216 0.15001 0.355569
2.49199 0.15001 2.47507
-0.638114 0.15001 0.723356
-1.02535 0.15001 -0.194656
1.84908 0.15001 -0.983618
2.30807 0.15001 2.67607
0.575842 0.15001 1.69561
-0.336626 0.15001 -0.151831
-1.25968 0.15001 -1.63343
-2.67467 0.15001 -1.25468
1.35797 0.15001 -0.152565
1.44648 0.15001 -2.15699
1.02323 0.15001 -1.2874
1.86658 0.15001 1.26683
-2.4352 0.15001 2.84999
2.50589 0.15001 2.0677
1.0569 0.15001 1.36973
2.3499 0.15001 -0.324658
-2.84999 0.15001 -1.92605
1.97834 0.15001 -2.20875
2.17045 0.15001 -1.73157
2.16119 0.15001 -1.91949
-0.486255 0.15001 0.164264
0.679051 0.15001 2.67498
2.20474 0.15001 2.5106
-2.31197 0.15001 -1.85329
2.17517 0.15001 1.86228
0.869494 0.15001 0.129309
0.192861 0.15001 -0.248578
1.18843 0.15001 -0.811752
-0.136743 0.15001 0.135498
1.97556 0.15001 -2.40248
0.562835 0.15001 -1.98571
-0.238729 0.15001 1.79002
-1.14019 0.15001 1.94714
-0.877786 0.15001 0.181629
2.68495 0.15001 0.423249
1.13061 0.15001 2.33673
2.84999 0.15001 -1.52945
1.08754 0.15001 1.76206
-1.95226 0.15001 2.31002
1.70544 0.15001 1.3583
2.51791 0.15001 1.27807
2.84999 0.15001 1.0869
2.84999 0.15001 1.47484
2.68414 0.15001 1.18271
0.38738 0.15001 1.20115
0.0541662 0.15001 1.96675
2.68744 0.15001 -2.75417
2.84999 0.15001 -2.09481
1.36758 0.15001 -1.6584
2.68404 0.15001 -0.136607
0.216323 0.15001 0.520196
2.34754 0.15001 -0.882616
2.01372 0.15001 -1.44764
2.84999 0.15001 1.86881
-0.145367 0.15001 2.31549
2.84999 0.15001 0.895526
2.84999 0.15001 -1.71757
-1.15345 0.15001 -2.15051
2.32895 0.15001 -2.01529
1.3603 0.15001 0.0353117
2.67429 0.15001 -2.19258
2.35092 0.15001 -0.138524
1.53346 0.15001 0.694593
2.68125 0.15001 -1.25172
-1.96011 0.15001 1.20236
-0.831936 0.15001 -0.172795
1.6394 0.15001 -2.1685
2.17662 0.15001 -1.54226
-0.0652392 0.15001 -2.67778
0.851996 0.15001 -2.15375
-2.84999 0.15001 -0.397747
1.81054 0.15001 -2.50042
0.93677 0.15001 2.29056
-0.731847 0.15001 1.24645
-1.19755 0.15001 0.330733
1.80943 0.15001 2.84999
0.666584 0.15001 -1.80755
1.81658 0.15001 -2.10368
1.9946 0.15001 -1.82527
1.41614 0.15001 -2.84999
0.971448 0.15001 -1.65329
-1.03682 0.15001 2.12921
1.02635 0.15001 -0.342565
1.6965 0.15001 0.601799
2.84999 0.15001 2.65709
2.84999 0.15001 2.84999
1.26044 0.15001 -1.8165
2.84999 0.15001 -2.28338
0.635513 0.15001 -2.50428
-0.319024 0.15001 -0.542409
0.690258 0.15001 -0.912845
0.759437 0.15001 -1.98181
1.46514 0.15001 2.12631
0.857669 0.15001 -0.815744
0.736781 0.15001 1.58377
-1.74866 0.15001 2.30112
0.164294 0.15001 2.13764
-0.112313 0.15001 0.919049
0.546506 0.15001 0.514749
2.51089 0.15001 1.86774
2.85 0.15001 -0.785017
-2.50231 0.15001 1.54782
2.51372 0.15001 1.66978
1.66901 0.15001 1.7509
2.01165 0.15001 1.76292
0.383889 0.15001 0.80668
-0.640142 0.15001 -0.156332
-0.786347 0.15001 -0.516881
-0.314032 0.15001 -1.48531
0.0196123 0.15001 -0.537886
-0.845577 0.15001 1.06646
1.85619 0.15001 0.135052
-1.66743 0.15001 0.0980203
0.57749 0.15001 2.137
1.09667 0.15001 2.67183
1.21595 0.15001 1.26645
-2.84999 0.15001 0.56682
2.1497 0.15001 -2.30398
0.158109 0.15001 2.49761
-0.298882 0.15001 0.239151
1.36538 0.15001 0.411557
-1.33487 0.15001 0.870277
2.02247 0.15001 0.230876
2.84999 0.15001 1.67119
0.370876 0.15001 0.0376591
-0.342803 0.15001 1.96974
1.03094 0.15001 -2.50013
2.32494 0.15001 -2.39978
2.68011 0.15001 -1.62499
1.21973 0.15001 -2.84999
2.3224 0.15001 -2.59158
1.40664 0.15001 2.84999
1.86398 0.15001 0.885825
2.51926 0.15001 1.08512
2.1812 0.15001 1.6676
2.84999 0.15001 0.705734
1.32097 0.15001 -2.67625
2.32328 0.15001 -2.20737
0.218361 0.15001 0.713473
1.68312 0.15001 -1.08198
0.465215 0.15001 2.67085
-1.14255 0.15001 2.30166
0.999784 0.15001 2.48967
2.63314 0.15001 2.84999
2.34039 0.15001 -1.63487
2.68447 0.15001 0.049493
1.1947 0.15001 -0.0597485
-0.124164 0.15001 0.330361
-0.481145 0.15001 1.26735
1.85998 0.15001 0.509653
0.0575917 0.15001 2.31335
0.878027 0.15001 0.699697
0.413024 0.15001 1.80294
2.50037 0.15001 -2.10397
1.21632 0.15001 2.50765
-2.15656 0.15001 1.55874
0.71711 0.15001 0.991553
2.50456 0.15001 -1.91362
1.52034 0.15001 -0.431443
2.68359 0.15001 -0.322347
2.84999 0.15001 -0.599718
2.01743 0.15001 -0.329054
2.17955 0.15001 -1.35209
-0.548369 0.15001 1.62561
1.30545 0.15001 2.68018
2.51774 0.15001 -0.0442563
2.6743 0.15001 -2.56788
0.856563 0.15001 -1.00622
2.68275 0.15001 -0.693349
2.53144 0.15001 -2.84999
2.02058 0.15001 0.043988
1.69365 0.15001 1.5587
2.18707 0.15001 0.139559
2.00078 0.15001 2.15569
1.28537 0.15001 1.84354
2.35213 0.15001 0.0478742
0.139414 0.15001 -2.67993
1.02368 0.15001 -0.719356
2.50844 0.15001 -1.72393
0.0302514 0.15001 0.0378912
1.68771 0.15001 -0.148019
1.68514 0.15001 -0.521699
1.85045 0.15001 -0.611418
-0.138278 0.15001 1.57019
-0.277113 0.15001 1.02308
2.84999 0.15001 0.329703
2.00886 0.15001 -1.63753
2.51184 0.15001 -1.53487
-0.834026 0.15001 0.711992
2.68161 0.15001 -1.06495
0.437157 0.15001 -2.50979
2.84999 0.15001 -0.970496
-0.284282 0.15001 0.437856
1.53908 0.15001 1.07162
-0.54227 0.15001 1.96824
2.1905 0.15001 0.701556
2.68475 0.15001 0.990563
-2.84999 0.15001 0.959969
0.888016 0.15001 1.279
1.7091 0.15001 2.67536
1.81353 0.15001 2.50315
0.391499 0.15001 1.40189
1.99379 0.15001 -2.84999
1.50723 0.15001 2.66916
2.67635 0.15001 -2.00335
-0.43907 0.15001 2.14386
2.51321 0.15001 -1.34738
0.927302 0.15001 -2.67453
0.728506 0.15001 -2.67933
1.5556 0.15001 -1.61015
0.0503442 0.15001 0.620553
-0.955044 0.15001 -2.14508
-2.67608 0.15001 0.470417
-1.25566 0.15001 1.41043
2.1688 0.15001 2.05749
0.862557 0.15001 -0.248537
1.24325 0.15001 1.65549
1.20559 0.15001 0.694978
1.68153 0.15001 -1.46187
2.34916 0.15001 -0.510655
0.205884 0.15001 0.134084
1.85116 0.15001 -0.425189
-0.578787 0.15001 -0.48844
2.18173 0.15001 -0.791665
2.84999 0.15001 2.26507
2.51314 0.15001 -1.16008
2.84999 0.15001 -2.65976
1.51689 0.15001 -2.6768
2.18323 0.15001 -2.84999
0.572306 0.15001 -1.63566
1.8315 0.15001 -1.72593
1.72129 0.15001 2.32571
1.7036 0.15001 1.16781
1.86055 0.15001 1.46416
2.68501 0.15001 0.611165
2.51983 0.15001 0.894091
1.46246 0.15001 -1.82222
0.852205 0.15001 -1.39347
0.355972 0.15001 -0.726575
2.33477 0.15001 -1.82456
0.540335 0.15001 0.131707
0.720342 0.15001 1.18695
2.51617 0.15001 -0.416242
2.84999 0.15001 -0.229013
2.33155 0.15001 2.16431
2.84999 0.15001 -0.0432757
1.21174 0.15001 1.07483
2.14827 0.15001 -2.49458
-0.369826 0.15001 -2.84999
2.51487 0.15001 -0.787753
1.69894 0.15001 0.789841
2.01164 0.15001 2.5073
2.84999 0.15001 -1.34287
2.02691 0.15001 0.793546
1.52375 0.15001 -0.0567771
2.34847 0.15001 -0.696599
2.51555 0.15001 -0.601999
2.84999 0.15001 -2.84999
2.01454 0.15001 -1.25997
-2.13995 0.15001 0.364042
2.10129 0.15001 -2.67826
2.01871 0.15001 -0.142662
1.53628 0.15001 0.882896
-0.500003 0.15001 -0.0286797
-1.41388 0.15001 0.681557
0.534905 0.15001 -0.0586892
1.51803 0.15001 -1.1813
2.68315 0.15001 -0.507871
1.04629 0.15001 0.982735
2.01485 0.15001 -1.07342
-0.449578 0.15001 0.739315
-1.49678 0.15001 -0.415114
1.37389 0.15001 0.977487
1.18788 0.15001 -1.00078
1.60759 0.15001 2.84999
1.37085 0.15001 0.788536
2.50862 0.15001 -2.66353
2.66912 0.15001 -2.38102
2.68223 0.15001 -0.878968
1.0246 0.15001 -0.530865
1.35845 0.15001 -1.47234
0.376754 0.15001 0.229017
1.51908 0.15001 -1.37213
1.65777 0.15001 2.14228
2.02538 0.15001 0.605488
2.68217 0.15001 1.57239
2.67831 0.15001 -1.81412
1.98603 0.15001 -2.01384
0.860012 0.15001 -0.437277
2.84999 0.15001 -0.414439
0.714383 0.15001 0.798706
2.35325 0.15001 0.234614
0.88057 0.15001 0.890719
-0.335877 0.15001 2.66803
0.669652 0.15001 2.33222
2.34894 0.15001 1.5697
