1000 0.1
1.85405 0.15001 -0.048753
-2.67347 0.15001 0.863328
-2.50607 0.15001 -2.32295
-2.33496 0.15001 -2.43165
-2.84916 0.15001 -0.580563
2.84999 0.15001 1.27714
1.46446 0.15001 1.93353
-1.56015 0.15001 1.58851
-1.45372 0.15001 -0.765229
-0.737877 0.15001 0.0142658
-2.65771 0.15001 2.26087
0.570493 0.15001 2.84999
-0.269098 0.15001 1.42203
2.84999 0.15001 0.518616
-0.748372 0.15001 1.60653
-0.241099 0.15001 -1.99219
-0.327389 0.15001 -1.14256
0.165248 0.15001 -1.21379
-0.923432 0.15001 0.538162
-0.106551 0.15001 1.32326
-2.14585 0.15001 -1.96104
-2.84655 0.15001 -2.10672
-0.748296 0.15001 -0.844563
-1.76085 0.15001 -2.50319
-1.35502 0.15001 -2.15382
2.51916 0.15001 0.517844
-2.67488 0.15001 -1.82851
-0.470424 0.15001 -2.67816
-2.50097 0.15001 0.376538
-1.66732 0.15001 1.39527
-2.13462 0.15001 -1.02951
0.188863 0.15001 -0.435019
-1.89331 0.15001 -0.487482
-1.97817 0.15001 -1.52407
0.630936 0.15001 -2.84999
-2.32473 0.15001 -1.01656
0.518069 0.15001 -1.00911
-1.49901 0.15001 -1.30439
-1.13527 0.15001 0.887227
-2.84926 0.15001 -0.00835946
-0.162987 0.15001 -2.5018
-1.65118 0.15001 -0.794511
-0.428377 0.15001 -0.977946
0.749061 0.15001 -2.32956
-0.0119759 0.15001 -1.64352
-0.759221 0.15001 -2.14829
0.258193 0.15001 2.67339
-0.240262 0.15001 2.84999
-1.17849 0.15001 -0.547669
-2.67755 0.15001 1.85373
-1.55505 0.15001 -1.82454
-2.48939 0.15001 -1.54203
-1.11835 0.15001 0.53098
-1.41656 0.15001 -1.12428
-1.04136 0.15001 2.84999
-1.85782 0.15001 2.12966
-2.67646 0.15001 1.65599
-2.84999 0.15001 2.33671
-2.34076 0.15001 1.258
0.899601 0.15001 1.48553
-0.520682 0.15001 -1.15621
1.42836 0.15001 -2.50239
-1.33981 0.15001 -0.9345
-0.948524 0.15001 -0.870273
-0.548053 0.15001 0.90307
-1.2655 0.15001 0.143644
0.0126452 0.15001 -0.726971
-1.71161 0.15001 0.481912
-2.67345 0.15001 2.05262
-2.84999 0.15001 0.767686
-2.67398 0.15001 -2.60615
-2.84999 0.15001 -1.53475
-2.67725 0.15001 -0.107623
1.04161 0.15001 0.797095
2.84999 0.15001 0.145421
-2.67815 0.15001 1.25702
-2.84999 0.15001 1.35401
-2.84999 0.15001 0.181562
-1.46088 0.15001 1.41196
-0.74434 0.15001 1.96857
-2.67638 0.15001 -2.2126
-2.17229 0.15001 -2.84999
-1.21629 0.15001 -1.09485
-2.50374 0.15001 -0.403239
-0.640619 0.15001 2.49215
-2.84999 0.15001 2.52979
-2.13152 0.15001 0.793595
-2.84999 0.15001 1.94821
-2.27625 0.15001 2.1055
-0.643261 0.15001 2.14088
-0.108729 0.15001 -1.47413
-2.67731 0.15001 -0.869256
-2.5032 0.15001 -2.52357
-1.10053 0.15001 -1.26288
-2.4952 0.15001 -0.011164
-1.95951 0.15001 -0.129255
-1.75958 0.15001 1.21747
-2.31542 0.15001 1.06694
0.363277 0.15001 2.84999
-2.32729 0.15001 1.65544
-1.2564 0.15001 -2.32456
-0.149542 0.15001 1.96828
-2.32568 0.15001 -1.65136
2.67905 0.15001 1.96939
1.54108 0.15001 1.26295
-0.949407 0.15001 1.59855
1.80672 0.15001 -1.91262
-0.567653 0.15001 -2.50493
1.68597 0.15001 -0.331315
2.34811 0.15001 -1.06702
2.35633 0.15001 -2.78163
0.00755009 0.15001 -0.921099
-1.61743 0.15001 -1.13979
-0.15106 0.15001 -0.239832
0.344819 0.15001 -1.10583
-2.67748 0.15001 -0.680064
-0.366507 0.15001 -2.50354
-2.67323 0.15001 -2.41384
-0.440096 0.15001 2.84999
-2.67528 0.15001 -0.29875
-1.66166 0.15001 -2.67588
2.1909 0.15001 1.08179
0.367354 0.15001 -1.98692
-1.69829 0.15001 -0.436868
-2.13557 0.15001 -0.0321611
-0.14206 0.15001 2.66493
-1.64991 0.15001 -2.00398
0.526735 0.15001 -0.434999
-0.118508 0.15001 0.734803
0.711296 0.15001 0.612463
-2.31204 0.15001 -1.40095
-0.207648 0.15001 -1.29567
0.514744 0.15001 -1.20309
-2.32267 0.15001 -2.044
-2.84999 0.15001 -2.66706
-0.673885 0.15001 -2.67829
0.685845 0.15001 -1.29025
-1.73588 0.15001 0.862352
-1.53172 0.15001 0.858922
-2.84999 0.15001 1.55428
-1.15764 0.15001 -1.79528
-0.657171 0.15001 -1.96879
-0.784205 0.15001 -1.42423
-2.6844 0.15001 -1.05927
-0.633421 0.15001 0.387595
1.36244 0.15001 0.227846
-1.56048 0.15001 1.2268
-1.25314 0.15001 1.77685
-2.84999 0.15001 2.14358
-1.77515 0.15001 0.291658
0.181051 0.15001 -0.821941
-2.34232 0.15001 -2.63524
0.0217685 0.15001 -0.144334
0.69914 0.15001 -0.150601
1.35467 0.15001 -0.523187
1.60988 0.15001 2.49857
-0.539466 0.15001 2.66896
-2.03796 0.15001 2.84999
-2.6758 0.15001 0.0844787
-1.9586 0.15001 1.56492
-0.866332 0.15001 -1.60881
-2.84999 0.15001 -2.48215
-1.56362 0.15001 -2.84999
-1.97956 0.15001 -1.85313
-0.472773 0.15001 -0.64288
-0.831734 0.15001 -1.02566
-2.3254 0.15001 0.470114
-1.65445 0.15001 -2.33189
-0.818191 0.15001 0.372016
-2.84999 0.15001 2.84999
-0.868238 0.15001 -2.67711
1.35579 0.15001 -0.335559
-2.15994 0.15001 1.19582
-1.37251 0.15001 -0.570842
-2.73864 0.15001 2.68453
-2.06667 0.15001 1.75506
-2.13526 0.15001 -0.46999
-2.54291 0.15001 2.66168
-0.646265 0.15001 1.43038
-1.6445 0.15001 2.48525
-1.36469 0.15001 -2.84999
-0.152464 0.15001 -0.0492517
-2.84999 0.15001 -0.76935
-1.25826 0.15001 -0.731166
0.174806 0.15001 -1.01701
0.690359 0.15001 -0.718897
-1.66536 0.15001 -1.66321
-2.32734 0.15001 1.85486
-2.67643 0.15001 0.670751
-1.83789 0.15001 2.84999
-1.31229 0.15001 0.501196
0.32884 0.15001 -1.4803
-2.84999 0.15001 -0.961532
-2.84999 0.15001 -0.198021
-1.4583 0.15001 -2.32195
0.222512 0.15001 1.12249
-2.65622 0.15001 2.4702
-2.15285 0.15001 0.564662
-2.35333 0.15001 2.30318
0.249657 0.15001 1.94522
-0.766934 0.15001 -2.50499
-1.93866 0.15001 -0.987892
1.39512 0.15001 1.5582
1.52804 0.15001 0.322573
0.221733 0.15001 1.73788
-0.240128 0.15001 2.49002
-0.509356 0.15001 -1.49114
2.35469 0.15001 0.987894
1.36704 0.15001 0.604069
2.34342 0.15001 1.76826
1.68373 0.15001 -1.27
-1.16677 0.15001 -2.84999
-1.14421 0.15001 -0.899849
-0.409305 0.15001 -1.65023
-1.05837 0.15001 -2.32526
-0.414371 0.15001 -1.3158
-0.969355 0.15001 -2.84999
-1.73604 0.15001 -0.975124
-2.67279 0.15001 -2.02056
-2.67839 0.15001 1.4515
-2.84999 0.15001 -1.72748
-2.48857 0.15001 -1.93454
2.18935 0.15001 1.27455
-0.444214 0.15001 1.79299
-2.50528 0.15001 1.75392
-1.97159 0.15001 -2.50246
-2.50429 0.15001 0.572551
-1.54017 0.15001 2.66557
0.466962 0.15001 2.32865
-0.330197 0.15001 1.61587
-1.86243 0.15001 -2.67375
-2.67581 0.15001 1.06297
-1.29486 0.15001 -1.28432
0.0591057 0.15001 1.22509
0.858148 0.15001 -0.622463
-1.98306 0.15001 -0.661709
-0.840333 0.15001 2.1371
-2.07207 0.15001 -0.841447
-1.76111 0.15001 1.57349
-2.84999 0.15001 0.378009
-0.857288 0.15001 -1.96759
0.824851 0.15001 -2.84999
-2.68033 0.15001 -0.48883
0.565876 0.15001 1.50514
1.20196 0.15001 0.510464
-0.985512 0.15001 -0.527242
2.02476 0.15001 1.37015
2.35353 0.15001 0.42355
-2.13252 0.15001 0.165901
-1.63778 0.15001 2.84999
-2.51565 0.15001 -2.7167
-0.628867 0.15001 -0.999545
-1.06223 0.15001 -2.67558
1.54197 0.15001 -2.33261
0.474851 0.15001 -1.81774
-0.278391 0.15001 1.22757
-1.34679 0.15001 2.3002
-2.31199 0.15001 0.871171
-0.290055 0.15001 0.841348
-2.63544 0.15001 2.84999
-1.55936 0.15001 -0.0557445
0.020563 0.15001 -0.338065
-1.98531 0.15001 0.659746
-0.321229 0.15001 -0.332846
-2.48332 0.15001 2.14999
-2.3229 0.15001 -0.119434
-2.06561 0.15001 2.12908
-1.94441 0.15001 2.66418
-1.74135 0.15001 2.66793
0.0575462 0.15001 2.67543
1.02494 0.15001 -2.84999
2.35397 0.15001 1.17918
-2.17636 0.15001 -2.53555
0.869172 0.15001 -1.81204
1.19199 0.15001 -0.243416
-2.32239 0.15001 0.671717
0.88343 0.15001 1.09105
-1.44846 0.15001 2.12877
-0.0401668 0.15001 2.84999
-0.457946 0.15001 1.07514
-0.573728 0.15001 -2.84999
-1.46107 0.15001 -2.67646
-1.87308 0.15001 -1.68599
1.41087 0.15001 2.48759
-2.50031 0.15001 -0.785056
-1.92118 0.15001 0.0728955
0.692548 0.15001 -0.529416
-1.89938 0.15001 -1.34199
-2.07417 0.15001 1.38193
1.83386 0.15001 1.85757
-2.65367 0.15001 -2.84999
0.37739 0.15001 -1.6572
-1.04442 0.15001 1.06453
1.16535 0.15001 -1.9829
0.244386 0.15001 -2.50937
-0.150564 0.15001 -0.433949
-1.14392 0.15001 -0.0167594
-2.08769 0.15001 1.00463
-1.44239 0.15001 2.48232
-1.65357 0.15001 1.0488
-0.774676 0.15001 -2.84999
2.67704 0.15001 2.16959
-2.49821 0.15001 -2.12714
2.68479 0.15001 0.800112
-1.994 0.15001 -0.326903
-0.0472187 0.15001 2.13629
1.85243 0.15001 -0.235514
0.360417 0.15001 2.50115
2.68339 0.15001 1.37419
1.68953 0.15001 0.0427267
0.782831 0.15001 2.84999
-0.861118 0.15001 -2.32573
-0.211953 0.15001 -1.64687
-2.16948 0.15001 -1.54069
-2.84999 0.15001 -2.84999
-1.22112 0.15001 -0.198986
1.84956 0.15001 -1.35432
-1.07097 0.15001 0.164616
-1.86715 0.15001 1.38572
-1.60462 0.15001 0.665901
-0.961494 0.15001 -2.50438
-0.716226 0.15001 -1.17681
2.18253 0.15001 -0.603322
-2.31658 0.15001 0.273178
-0.712192 0.15001 -0.330842
-1.35667 0.15001 1.59644
-1.04835 0.15001 1.42075
-1.66538 0.15001 1.76185
0.349301 0.15001 -0.914717
-0.844208 0.15001 1.42379
-2.32105 0.15001 -0.5212
-0.00296176 0.15001 -1.11356
1.18991 0.15001 -1.18736
1.45577 0.15001 1.74039
-2.15115 0.15001 1.94212
-1.86603 0.15001 1.7529
1.12653 0.15001 -2.67311
-2.50751 0.15001 1.35383
-0.0359606 0.15001 -1.99157
-0.941142 0.15001 0.894652
-2.84999 0.15001 -1.15244
-0.266863 0.15001 -2.67614
1.51894 0.15001 -0.99021
1.91987 0.15001 2.33522
2.02305 0.15001 0.421042
2.00164 0.15001 1.95799
1.69157 0.15001 0.230086
0.210326 0.15001 0.332819
-0.941498 0.15001 1.24717
0.932348 0.15001 1.88052
-2.49897 0.15001 -1.74031
2.18578 0.15001 -0.0446063
0.0586708 0.15001 -2.16236
-0.0108938 0.15001 -1.3062
-1.05601 0.15001 -1.96483
2.11254 0.15001 2.68015
-1.64967 0.15001 2.12981
0.987521 0.15001 2.84999
-0.741202 0.15001 2.67042
2.0279 0.15001 1.17535
1.23185 0.15001 -2.49817
-1.81794 0.15001 -1.15513
1.18926 0.15001 -0.619288
1.22614 0.15001 1.46756
-1.76215 0.15001 -0.0773034
-1.25132 0.15001 -1.97372
0.0535178 0.15001 0.827211
-2.50442 0.15001 1.15869
2.84999 0.15001 2.46322
0.252522 0.15001 2.33158
1.05492 0.15001 -2.15176
2.1846 0.15001 -0.231004
-0.167351 0.15001 -2.84999
-0.359837 0.15001 -2.15486
-1.55765 0.15001 -2.50314
-2.49354 0.15001 0.182163
0.799544 0.15001 2.48522
-2.84999 0.15001 1.16005
-0.640681 0.15001 2.84999
0.0456699 0.15001 0.432325
-0.0531876 0.15001 -2.33233
0.18546 0.15001 -0.628069
1.61094 0.15001 -2.84999
-1.45989 0.15001 1.77511
-0.938756 0.15001 2.30723
-2.0476 0.15001 2.48924
-1.92009 0.15001 0.466252
-1.18175 0.15001 -1.44621
-1.24193 0.15001 1.05838
-2.84999 0.15001 1.75364
-2.18597 0.15001 -0.661294
0.340791 0.15001 -1.29568
-1.00512 0.15001 0.354008
0.197158 0.15001 -0.051024
1.07234 0.15001 -1.813
2.18771 0.15001 0.328921
-1.9391 0.15001 0.860449
1.0313 0.15001 0.0384205
-1.43905 0.15001 2.84999
2.02714 0.15001 0.984796
0.16577 0.15001 -1.98975
2.51214 0.15001 2.67668
0.38208 0.15001 0.619808
0.786066 0.15001 2.18358
1.53013 0.15001 0.510316
0.442519 0.15001 2.0005
-1.0405 0.15001 2.48583
-1.06553 0.15001 -0.708636
-0.244654 0.15001 2.14181
1.84836 0.15001 1.66652
1.58097 0.15001 -1.97602
-1.77953 0.15001 -1.50389
-2.50256 0.15001 -1.34892
-1.764 0.15001 -0.630614
-1.26185 0.15001 -2.67424
-1.75788 0.15001 -1.84068
2.18206 0.15001 -1.16237
0.150272 0.15001 -1.41715
-0.0495825 0.15001 1.78517
-0.0456082 0.15001 2.49071
-2.4943 0.15001 -0.594917
-1.76211 0.15001 -2.84999
0.0421013 0.15001 -2.5047
-0.511094 0.15001 -0.29659
-0.17534 0.15001 -1.02226
0.950417 0.15001 2.07482
0.565818 0.15001 2.5072
-1.38784 0.15001 0.308755
-1.8074 0.15001 -0.272052
0.542221 0.15001 0.327458
-2.10275 0.15001 -1.35535
-1.75426 0.15001 -2.16762
0.436376 0.15001 -2.84999
0.261469 0.15001 -2.16031
-2.84999 0.15001 -2.29303
2.18343 0.15001 -0.417224
2.84999 0.15001 -1.90662
0.836906 0.15001 -2.50382
-1.24753 0.15001 2.12781
0.855791 0.15001 -1.19344
-1.96868 0.15001 -2.17042
1.19953 0.15001 0.321744
1.83118 0.15001 2.05262
2.35453 0.15001 0.798729
0.874101 0.15001 0.51379
0.599222 0.15001 1.89757
2.6756 0.15001 2.56953
0.398237 0.15001 1.61592
1.29386 0.15001 2.0452
0.223535 0.15001 1.32146
1.79705 0.15001 -2.3009
2.51844 0.15001 0.144349
2.01589 0.15001 -0.885037
1.84972 0.15001 -1.16797
-1.61397 0.15001 -0.245717
-0.741618 0.15001 0.898687
-1.24105 0.15001 2.48343
2.68107 0.15001 1.769
1.07087 0.15001 1.57499
-0.435732 0.15001 2.48979
1.36795 0.15001 -1.98462
-1.29822 0.15001 -0.389763
0.0733335 0.15001 -1.81712
-0.464412 0.15001 -2.32893
-1.15948 0.15001 -2.49992
-1.57847 0.15001 -1.48159
-0.841355 0.15001 2.84999
-1.84934 0.15001 2.48876
-0.455075 0.15001 1.46201
0.221521 0.15001 0.921299
1.51891 0.15001 -0.802056
-0.160641 0.15001 -0.632
-1.86218 0.15001 -2.33432
-0.338124 0.15001 2.31614
2.35191 0.15001 1.37307
-0.159121 0.15001 -0.826933
0.37866 0.15001 0.427243
-1.54608 0.15001 2.30168
2.21442 0.15001 2.84999
1.19526 0.15001 2.84999
0.965182 0.15001 -1.97997
0.0389338 0.15001 0.238227
-0.551749 0.15001 -1.79186
-1.4173 0.15001 -0.225168
-1.45306 0.15001 -1.98921
-1.56964 0.15001 -0.60012
-1.51005 0.15001 0.479671
-1.75358 0.15001 1.94678
-2.2373 0.15001 2.84999
-1.14063 0.15001 2.66735
0.695608 0.15001 -0.340172
-1.02213 0.15001 -1.06597
0.551111 0.15001 0.90904
-0.286715 0.15001 0.63803
1.02709 0.15001 -1.47185
-0.941405 0.15001 2.66875
-0.987928 0.15001 -1.43323
-1.96763 0.15001 0.271665
-2.45469 0.15001 2.47841
-1.04908 0.15001 1.77644
1.85734 0.15001 0.325588
0.915234 0.15001 1.68541
0.0595346 0.15001 1.62334
2.67402 0.15001 2.37044
2.50383 0.15001 2.26918
2.49915 0.15001 -2.28938
-1.15262 0.15001 1.59782
-1.44759 0.15001 1.05064
1.52572 0.15001 0.134891
-0.742106 0.15001 2.31048
-0.663103 0.15001 -2.32833
-2.06086 0.15001 -2.68606
-0.347726 0.15001 -0.793912
-2.01393 0.15001 -1.17896
-2.37202 0.15001 -2.84999
-0.561277 0.15001 -2.1507
-1.96084 0.15001 -2.84999
-2.50441 0.15001 1.95044
2.19043 0.15001 0.891929
0.705622 0.15001 0.229699
1.3541 0.15001 -1.08849
2.18209 0.15001 -0.975829
-1.70053 0.15001 -1.31989
1.34253 0.15001 -2.32771
2.51885 0.15001 0.330886
-0.649946 0.15001 1.7943
-2.45427 0.15001 -1.16389
-1.85292 0.15001 1.04117
-0.68455 0.15001 0.20251
-0.729971 0.15001 0.552365
-2.15864 0.15001 -0.231184
-2.6736 0.15001 0.279483
-0.261848 0.15001 -2.32881
2.50012 0.15001 -2.47782
-2.3247 0.15001 -0.330435
-0.757586 0.15001 -1.78999
-2.24213 0.15001 -1.20624
0.865639 0.15001 -0.0562156
2.35409 0.15001 0.610818
1.03681 0.15001 0.416947
-0.125567 0.15001 -1.81966
1.37641 0.15001 1.17094
2.33841 0.15001 1.96489
1.69352 0.15001 0.417633
1.66181 0.15001 1.94948
0.227843 0.15001 1.52364
0.702485 0.15001 0.0393165
2.32975 0.15001 2.3616
0.757594 0.15001 1.79355
-0.114776 0.15001 0.538213
-0.663873 0.15001 -1.61246
2.51616 0.15001 1.4716
2.01545 0.15001 2.84999
0.779129 0.15001 -1.63895
1.8498 0.15001 -0.795251
1.18804 0.15001 -1.58053
2.84999 0.15001 2.06806
1.19043 0.15001 -0.431347
2.12787 0.15001 2.31947
0.0559793 0.15001 1.02749
0.0354263 0.15001 -2.84999
0.352875 0.15001 -2.33371
0.268629 0.15001 -1.81709
-0.326784 0.15001 -1.8208
1.14438 0.15001 -2.32399
2.68191 0.15001 -1.4378
-1.35242 0.15001 -1.80774
-1.24039 0.15001 2.84999
1.69977 0.15001 0.980862
-2.31859 0.15001 1.44938
1.62294 0.15001 -2.50641
1.80393 0.15001 -2.84999
1.02865 0.15001 -0.150416
-2.67457 0.15001 -1.44319
-0.948452 0.15001 0.00216374
1.51929 0.15001 -0.614489
-2.84999 0.15001 -1.3407
-0.547921 0.15001 -0.820809
1.35544 0.15001 -1.27846
-1.37587 0.15001 -1.46261
0.337417 0.15001 -2.68056
1.02377 0.15001 -1.09374
0.530834 0.15001 -0.244689
1.05005 0.15001 1.18097
2.01602 0.15001 -0.698935
0.871374 0.15001 0.323398
-1.58071 0.15001 0.29013
-2.67012 0.15001 -1.63547
-2.15045 0.15001 2.31571
-1.79513 0.15001 0.669089
1.25356 0.15001 -2.15391
-0.867983 0.15001 -0.689295
-0.320984 0.15001 0.0520143
-1.06991 0.15001 -1.61676
0.533307 0.15001 -2.68201
-1.10472 0.15001 -0.366266
-1.03142 0.15001 0.716561
-1.35008 0.15001 1.956
2.51936 0.15001 0.705404
2.18867 0.15001 0.516105
0.88382 0.15001 2.66834
0.152457 0.15001 -2.33429
-2.14217 0.15001 2.66372
-1.33987 0.15001 2.66524
-2.31313 0.15001 0.0782713
2.84999 0.15001 -1.15549
-1.35891 0.15001 -2.49838
1.91554 0.15001 2.67832
-1.53393 0.15001 -0.956583
-2.2472 0.15001 2.48884
-0.902611 0.15001 -1.24596
-2.16088 0.15001 -2.15637
-1.85317 0.15001 -0.809742
-0.541001 0.15001 2.31816
-1.95319 0.15001 1.94232
-2.51318 0.15001 -0.975845
1.38109 0.15001 1.36173
1.86048 0.15001 0.700607
2.51505 0.15001 -0.971494
1.02322 0.15001 -0.903914
0.685202 0.15001 -1.47677
-2.33313 0.15001 -2.23715
2.34644 0.15001 -1.44323
-0.648216 0.15001 1.07122
-2.30146 0.15001 -0.820906
-2.34371 0.15001 2.66717
-2.49981 0.15001 0.76618
0.387939 0.15001 1.01513
0.708376 0.15001 0.420772
-0.108541 0.15001 1.13044
0.35669 0.15001 -0.531002
-1.46345 0.15001 -1.64363
1.20691 0.15001 0.888924
-0.961855 0.15001 -1.7883
-0.148403 0.15001 -2.16203
2.01663 0.15001 -0.512703
-2.14255 0.15001 -1.74183
0.729144 0.15001 1.3946
0.559155 0.15001 1.30443
1.86453 0.15001 1.07732
0.77113 0.15001 1.98895
-0.525667 0.15001 0.556145
1.54424 0.15001 1.45156
0.0566607 0.15001 1.42502
0.55466 0.15001 1.10685
-1.86239 0.15001 -2.00713
1.0341 0.15001 0.227582
2.1855 0.15001 1.47038
1.32176 0.15001 2.26705
1.52168 0.15001 2.31744
1.84976 0.15001 -1.53961
2.34788 0.15001 -1.25443
0.237843 0.15001 -2.84999
1.13134 0.15001 2.15351
1.68427 0.15001 -0.705375
-1.4682 0.15001 0.123886
-0.454918 0.15001 -1.97588
1.11219 0.15001 1.96032
-1.14683 0.15001 1.24168
0.160918 0.15001 2.84999
-0.610067 0.15001 -1.33168
1.65338 0.15001 -1.78547
0.185553 0.15001 -1.61961
0.687592 0.15001 -1.09936
1.68402 0.15001 -0.892658
1.91273 0.15001 -2.66967
-0.668354 0.15001 -0.66241
-1.22376 0.15001 0.70825
-1.55 0.15001 1.95765
-0.840494 0.15001 2.48931
2.15516 0.15001 -2.10816
0.659447 0.15001 -2.15649
0.946268 0.15001 -2.32319
1.19269 0.15001 -1.37992
-2.09371 0.15001 -2.34729
1.35392 0.15001 -0.899218
-1.35298 0.15001 1.23656
-1.34083 0.15001 -0.0384282
1.19683 0.15001 0.133177
-2.50212 0.15001 -0.207965
0.461383 0.15001 -2.15873
0.547831 0.15001 0.712501
0.521038 0.15001 -0.816948
-0.908678 0.15001 -0.344703
0.523598 0.15001 -0.625715
1.52144 0.15001 -0.239878
0.353066 0.15001 2.16751
0.364736 0.15001 -0.148289
-0.940117 0.15001 1.96045
-2.49204 0.15001 0.962461
1.71607 0.15001 -2.67687
0.550865 0.15001 -2.333
2.84999 0.15001 -2.47119
0.360327 0.15001 -0.339186
1.35397 0.15001 -0.710948
0.508161 0.15001 -1.4047
2.6847 0.15001 0.238205
2.01839 0.15001 1.5682
-0.848976 0.15001 1.781
2.41957 0.15001 2.84999
1.0392 0.15001 0.606708
2.5173 0.15001 -0.227801
-0.449241 0.15001 0.372531
2.49566 0.15001 2.47434
-0.641031 0.15001 0.728073
-1.02832 0.15001 -0.17896
1.84972 0.15001 -0.981621
2.31132 0.15001 2.67576
0.577057 0.15001 1.70535
-0.363993 0.15001 -0.143204
-1.26378 0.15001 -1.627
-2.67451 0.15001 -1.2484
1.3575 0.15001 -0.147913
1.44929 0.15001 -2.15898
1.02441 0.15001 -1.28344
1.86575 0.15001 1.26844
-2.43658 0.15001 2.84999
2.50602 0.15001 2.06878
1.0579 0.15001 1.37656
2.35037 0.15001 -0.322174
-2.84999 0.15001 -1.92016
1.98281 0.15001 -2.20611
2.1714 0.15001 -1.72956
2.16143 0.15001 -1.91851
-0.491357 0.15001 0.183102
0.677196 0.15001 2.67686
2.20717 0.15001 2.51043
-2.31009 0.15001 -1.84978
2.17404 0.15001 1.86436
0.868585 0.15001 0.133392
0.192208 0.15001 -0.242217
1.18877 0.15001 -0.807668
-0.139743 0.15001 0.143132
1.97868 0.15001 -2.40063
0.567606 0.15001 -1.98526
-0.245656 0.15001 1.79339
-1.14289 0.15001 1.95432
-0.876071 0.15001 0.187038
2.68482 0.15001 0.424851
1.13701 0.15001 2.34385
2.84999 0.15001 -1.52994
1.08842 0.15001 1.77111
-1.95263 0.15001 2.31441
1.7043 0.15001 1.36064
2.51794 0.15001 1.27658
2.84999 0.15001 1.08499
2.84999 0.15001 1.47174
2.68409 0.15001 1.18066
0.390431 0.15001 1.21451
0.0509043 0.15001 1.95831
2.68804 0.15001 -2.75482
2.84999 0.15001 -2.09486
1.36722 0.15001 -1.65559
2.68422 0.15001 -0.133983
0.214996 0.15001 0.527092
2.34846 0.15001 -0.880252
2.01534 0.15001 -1.44493
2.84999 0.15001 1.86844
-0.144634 0.15001 2.31326
2.84999 0.15001 0.894829
2.84999 0.15001 -1.71823
-1.1557 0.15001 -2.14787
2.32793 0.15001 -2.01266
1.35986 0.15001 0.0398742
2.67502 0.15001 -2.19103
2.35133 0.15001 -0.136136
1.53208 0.15001 0.698091
2.68225 0.15001 -1.25092
-1.95823 0.15001 1.20784
-0.832741 0.15001 -0.163322
1.64109 0.15001 -2.16559
2.17819 0.15001 -1.54015
-0.0640208 0.15001 -2.6759
0.856468 0.15001 -2.15031
-2.84999 0.15001 -0.390664
1.81467 0.15001 -2.50048
0.946292 0.15001 2.2963
-0.732364 0.15001 1.24944
-1.19626 0.15001 0.334987
1.81337 0.15001 2.84999
0.670005 0.15001 -1.80452
1.8192 0.15001 -2.10375
1.99566 0.15001 -1.82287
1.41644 0.15001 -2.84999
0.974822 0.15001 -1.65041
-1.03654 0.15001 2.13226
1.02648 0.15001 -0.33878
1.69529 0.15001 0.605193
2.84999 0.15001 2.65821
2.84999 0.15001 2.84999
1.26695 0.15001 -1.81651
2.84999 0.15001 -2.28299
0.638816 0.15001 -2.50704
-0.324031 0.15001 -0.524629
0.688809 0.15001 -0.908939
0.764113 0.15001 -1.97875
1.46814 0.15001 2.12889
0.856897 0.15001 -0.811524
0.740328 0.15001 1.59658
-1.7499 0.15001 2.30834
0.156562 0.15001 2.13322
-0.112852 0.15001 0.929619
0.544838 0.15001 0.520027
2.51081 0.15001 1.86832
2.84999 0.15001 -0.782725
-2.4998 0.15001 1.55297
2.51356 0.15001 1.6692
1.66574 0.15001 1.75382
2.01011 0.15001 1.76598
0.385718 0.15001 0.815032
-0.637984 0.15001 -0.152591
-0.788452 0.15001 -0.509131
-0.30604 0.15001 -1.47524
0.0156542 0.15001 -0.534052
-0.844568 0.15001 1.07346
1.8557 0.15001 0.138263
-1.68431 0.15001 0.111105
0.589336 0.15001 2.14025
1.09131 0.15001 2.67579
1.21602 0.15001 1.27139
-2.84999 0.15001 0.573967
2.15275 0.15001 -2.29814
0.153342 0.15001 2.50024
-0.304117 0.15001 0.246662
1.36486 0.15001 0.415907
-1.3304 0.15001 0.878469
2.02176 0.15001 0.233788
2.84999 0.15001 1.66903
0.369718 0.15001 0.0423804
-0.345431 0.15001 1.9719
1.03431 0.15001 -2.498
2.3247 0.15001 -2.39506
2.68089 0.15001 -1.62514
1.22143 0.15001 -2.84999
2.32159 0.15001 -2.59103
1.41162 0.15001 2.84999
1.86239 0.15001 0.888442
2.51894 0.15001 1.08418
2.17993 0.15001 1.66916
2.84999 0.15001 0.706181
1.32271 0.15001 -2.67399
2.32418 0.15001 -2.20222
0.219912 0.15001 0.722475
1.68392 0.15001 -1.08057
0.463615 0.15001 2.67709
-1.14164 0.15001 2.30494
1.00346 0.15001 2.49454
2.63543 0.15001 2.84999
2.34195 0.15001 -1.63314
2.68449 0.15001 0.0519524
1.19417 0.15001 -0.0552548
-0.125348 0.15001 0.336412
-0.470443 0.15001 1.2694
1.85894 0.15001 0.513075
0.0541275 0.15001 2.31072
0.876515 0.15001 0.705092
0.4083 0.15001 1.81062
2.50073 0.15001 -2.10096
1.21455 0.15001 2.51734
-2.15309 0.15001 1.56743
0.717024 0.15001 1.00092
2.50518 0.15001 -1.91248
1.52011 0.15001 -0.427146
2.68386 0.15001 -0.319667
2.84999 0.15001 -0.597131
2.01778 0.15001 -0.326353
2.18148 0.15001 -1.35
-0.551329 0.15001 1.62666
1.30642 0.15001 2.68589
2.51792 0.15001 -0.0418702
2.67832 0.15001 -2.56795
0.856484 0.15001 -1.00166
2.68295 0.15001 -0.690823
2.53187 0.15001 -2.84999
2.02053 0.15001 0.0468131
1.69332 0.15001 1.56107
2.18678 0.15001 0.142028
1.99937 0.15001 2.15836
1.28177 0.15001 1.85128
2.35219 0.15001 0.0501444
0.140757 0.15001 -2.67807
1.02352 0.15001 -0.715049
2.50959 0.15001 -1.72357
0.0286882 0.15001 0.0467441
1.68758 0.15001 -0.144362
1.68491 0.15001 -0.518296
1.8502 0.15001 -0.608765
-0.130861 0.15001 1.56692
-0.274605 0.15001 1.03476
2.84999 0.15001 0.331779
2.01023 0.15001 -1.6348
2.51329 0.15001 -1.53444
-0.836646 0.15001 0.721738
2.68243 0.15001 -1.06333
0.439987 0.15001 -2.51051
2.84999 0.15001 -0.968783
-0.279765 0.15001 0.446446
1.53769 0.15001 1.07455
-0.544954 0.15001 1.96665
2.18954 0.15001 0.70367
2.68453 0.15001 0.989467
-2.84999 0.15001 0.963161
0.890137 0.15001 1.28615
1.70894 0.15001 2.67541
1.81307 0.15001 2.50656
0.393534 0.15001 1.41405
1.9943 0.15001 -2.84999
1.50638 0.15001 2.67102
2.67682 0.15001 -2.00278
-0.441178 0.15001 2.14499
2.51491 0.15001 -1.34649
0.929137 0.15001 -2.67671
0.729613 0.15001 -2.68078
1.55466 0.15001 -1.61006
0.0515408 0.15001 0.631238
-0.958099 0.15001 -2.1459
-2.67653 0.15001 0.47735
-1.25423 0.15001 1.41754
2.16771 0.15001 2.05999
0.862742 0.15001 -0.245382
1.24337 0.15001 1.66398
1.20419 0.15001 0.699453
1.68177 0.15001 -1.46271
2.34944 0.15001 -0.508087
0.204217 0.15001 0.140092
1.85108 0.15001 -0.422156
-0.582457 0.15001 -0.480967
2.18216 0.15001 -0.789449
2.84999 0.15001 2.26657
2.51486 0.15001 -1.15852
2.84999 0.15001 -2.66001
1.51885 0.15001 -2.677
2.18363 0.15001 -2.84999
0.571122 0.15001 -1.62899
1.83327 0.15001 -1.72409
1.72216 0.15001 2.33223
1.70242 0.15001 1.16997
1.85984 0.15001 1.46617
2.68486 0.15001 0.612051
2.51935 0.15001 0.893978
1.46615 0.15001 -1.81699
0.85471 0.15001 -1.38801
0.353127 0.15001 -0.723054
2.33572 0.15001 -1.82239
0.53871 0.15001 0.136045
0.721979 0.15001 1.19707
2.51658 0.15001 -0.413537
2.84999 0.15001 -0.226244
2.33142 0.15001 2.16584
2.84999 0.15001 -0.0405646
1.21079 0.15001 1.07932
2.15162 0.15001 -2.49049
-0.370108 0.15001 -2.84999
2.51531 0.15001 -0.785138
1.69719 0.15001 0.792829
2.0141 0.15001 2.50767
2.84999 0.15001 -1.34287
2.02563 0.15001 0.796228
1.52339 0.15001 -0.0525902
2.34874 0.15001 -0.694025
2.51587 0.15001 -0.599248
2.84999 0.15001 -2.84999
2.0161 0.15001 -1.25746
-2.14088 0.15001 0.367299
2.1074 0.15001 -2.67552
2.01916 0.15001 -0.139874
1.53448 0.15001 0.88605
-0.511364 0.15001 -0.008727
-1.41423 0.15001 0.677343
0.534893 0.15001 -0.0545279
1.51938 0.15001 -1.17942
2.6834 0.15001 -0.505222
1.045 0.15001 0.988374
2.01611 0.15001 -1.07116
-0.451031 0.15001 0.738114
-1.49894 0.15001 -0.411135
1.37232 0.15001 0.981219
1.18904 0.15001 -0.997149
1.61187 0.15001 2.84999
1.36928 0.15001 0.792414
2.51147 0.15001 -2.66454
2.67466 0.15001 -2.37932
2.68261 0.15001 -0.876744
1.02473 0.15001 -0.526834
1.35977 0.15001 -1.46988
0.374548 0.15001 0.234017
1.52057 0.15001 -1.3706
1.66091 0.15001 2.14834
2.02432 0.15001 0.608496
2.68232 0.15001 1.57039
2.67908 0.15001 -1.81417
1.98849 0.15001 -2.01232
0.860194 0.15001 -0.433975
2.84999 0.15001 -0.411713
0.713696 0.15001 0.805748
2.35289 0.15001 0.236691
0.879233 0.15001 0.897506
-0.33844 0.15001 2.66427
0.666288 0.15001 2.33664
2.34843 0.15001 1.56962
