1240 0.1
1.35786 0.51079 0.46402
-2.77794 1.75284 -0.243275
-2.58372 0.405503 -2.29014
-2.81654 0.647038 -1.36115
-2.84999 0.562734 -0.630447
2.30374 1.77742 2.30525
1.91423 2.333 1.40872
1.36948 4.38122 2.7183
2.31861 1.57608 1.89525
-0.744546 2.1037 0.212601
-2.03639 0.15001 2.62583
1.17388 0.15001 2.79793
0.557649 0.151102 1.21902
2.84999 0.15001 1.80707
0.796782 0.478085 1.964
-1.58924 0.67183 -2.58707
-1.25154 1.3403 -2.66084
-1.07177 0.341277 -2.74621
-2.19557 0.214719 0.82345
-1.42771 1.90869 2.40762
-2.83103 0.152004 -2.39692
-2.84999 0.178744 -1.88001
-1.29365 0.566324 -1.53653
-2.62825 0.393658 -2.59637
-2.21307 0.567576 -2.36518
1.19364 0.397235 1.91025
-2.79589 0.563794 -1.22537
-1.44281 0.198467 -2.78067
-1.727 0.427882 0.59863
-0.568785 0.505412 1.31674
-2.21935 0.15001 -1.69161
-1.33662 0.15001 -1.0453
-1.96604 0.15001 -0.389579
-2.40675 0.15001 -1.86524
-0.888185 0.15001 -2.64123
-2.81178 0.248913 -0.969265
-0.278724 0.193139 -0.799848
-1.16197 0.15001 -0.131913
-1.57306 0.15001 1.8996
-2.80556 0.15001 0.992559
-1.48085 0.789405 -2.84999
-1.83335 0.595415 -0.231282
-2.28403 0.521058 -2.76816
-0.618547 0.615359 -1.58479
-1.06433 0.15001 -2.05397
-1.96028 0.15001 -1.89103
0.939796 0.339662 2.71872
-0.3213 0.636507 2.63278
-1.72709 0.6276 -0.0346973
-1.81239 0.320193 2.21297
-1.5149 0.212763 -0.791562
-2.66273 0.596759 -2.30814
-2.45215 0.802839 -1.03387
-2.82802 0.421659 -1.78715
-0.693087 0.15001 2.63287
-2.32315 0.572569 2.3592
-2.35876 0.500916 1.76013
-2.40625 0.175702 2.53234
-0.766412 0.196216 1.13833
0.999762 0.15001 1.29105
-1.50825 0.745318 -2.35084
-0.0227338 0.15001 -2.81565
-0.305164 0.186392 0.170161
-0.184664 0.253635 0.21607
-2.53241 3.37579 2.05497
-1.6551 0.15001 0.373214
-0.977835 0.15001 -0.684522
-1.03276 0.610619 0.936807
-2.75078 0.539136 2.49659
-2.68174 0.16035 1.10096
-1.86836 0.227375 -1.96265
-2.84999 0.606519 -1.04903
-2.81266 0.169673 0.532768
0.990296 0.432996 0.311917
2.6824 0.176972 1.42059
-2.31616 0.175718 1.44692
-2.75947 0.473283 1.6796
-2.34768 0.156455 0.722108
-0.631307 0.433108 1.47254
0.123541 0.55669 2.10848
-2.61986 0.408171 -2.03604
-2.82859 0.594494 -2.69789
-2.33096 0.525821 -1.28156
-2.10316 0.353444 0.167689
0.146581 0.15001 2.37714
-2.63557 0.15001 2.41402
-2.76354 0.543758 0.505691
-2.55769 0.343464 1.88543
-2.84999 0.605288 2.16187
0.239193 0.352729 2.73598
-1.61055 0.439961 -2.7692
-1.53484 0.480558 0.064857
-2.47971 0.219832 -2.55375
-1.95488 0.164074 0.201914
-2.69817 0.173773 0.877259
-1.03761 0.181411 0.276993
-1.93596 0.351418 2.55816
-1.06644 0.15001 0.531224
0.306809 0.24939 2.84486
-2.35762 0.566797 2.12015
-0.495701 1.97807 -2.76415
2.75725 3.77215 1.65391
-2.20859 0.628579 -1.02263
2.24165 2.19309 2.36267
1.77791 2.47792 1.40723
1.79118 2.53814 2.83742
2.52053 2.50059 1.4154
-0.114987 0.560159 -0.942306
1.64825 0.15001 -0.199274
1.71006 3.83238 -0.799909
1.87361 0.15001 -2.61598
-2.73645 4.67674 -2.68233
-2.54391 0.455408 -1.52358
-2.35018 2.82774 -2.71021
-2.50482 3.97638 -2.40734
-2.22652 5.16211 -2.06408
-2.38449 0.235095 -2.12902
-2.25915 0.15001 -1.89492
-1.29661 0.613674 2.74515
-2.038 1.12721 2.05737
-2.31215 0.160084 -2.71283
1.99975 0.15001 1.40686
-2.77654 1.07736 -2.6204
-1.03654 2.82392 -0.229208
-2.79853 2.38445 -2.83224
-1.04492 2.17255 1.18621
-2.71167 1.63605 -2.74134
-0.337389 0.359289 -0.512135
0.134461 0.479922 1.36846
0.706849 0.495237 1.16636
-2.84999 0.15001 -1.11371
-2.237 2.12326 -2.26163
-2.33224 0.667084 -2.59562
-2.04118 1.70632 -1.34316
-2.82244 0.402585 -2.69948
-0.593195 0.529808 -2.45402
-0.877984 0.166744 -0.942198
-1.7432 0.15001 1.89107
-0.859473 0.15001 0.702677
-2.52714 0.15001 1.78218
-0.510383 0.351106 -1.72272
-2.03434 1.72937 -2.36829
-1.52465 0.651566 -1.13229
-2.70651 0.620756 -0.734729
-0.293359 0.376379 1.05724
1.74929 0.382415 0.536133
-0.773889 0.530654 1.11478
-0.0753775 0.460614 1.17584
-2.05512 0.536116 2.15231
-2.26667 0.375912 1.47416
-0.406419 0.481033 -2.21742
-1.91701 0.208805 -2.46464
-1.26577 0.343603 -0.797452
0.839197 0.949873 -0.342268
1.43767 0.153915 0.0230954
1.7672 0.590782 2.41788
0.628534 0.57537 2.48298
-1.43111 0.492097 2.74072
-1.82363 0.319112 0.66695
-2.26496 0.590267 1.87989
-1.41642 0.15001 -1.48405
-2.83495 0.15001 -2.21964
-2.15168 1.108 -2.17634
-1.81747 0.411337 -1.26377
-1.84343 1.21356 -1.34595
-0.693278 0.40578 -0.416511
-1.7103 0.568315 0.222646
-1.97298 0.34393 -1.26725
-0.38088 0.522356 1.02138
-2.70469 0.348973 2.58829
-1.64329 0.359331 -2.57748
-0.444955 0.53166 -1.04612
-1.15653 0.40448 1.50097
-2.23379 0.15001 -0.0361702
-2.62815 1.65977 2.38353
-2.46381 0.194632 1.02833
-1.47008 0.35745 -0.0659896
-1.5473 0.523312 2.49581
0.00131282 0.439818 2.49278
-0.679274 0.341121 2.73227
-2.79888 0.45982 -2.84278
-0.023177 0.15001 -0.117733
-2.76597 0.563632 0.327384
-0.773301 0.530999 0.17165
-0.54416 0.15001 -1.24365
0.304529 5.35668 -0.428257
-1.82513 0.689183 -0.579291
-1.69795 0.35313 2.11228
-2.51961 0.599581 1.23986
-0.67571 0.199117 2.82117
-1.13301 0.214767 0.409829
-0.70856 0.15001 -1.8216
-2.51438 0.459322 -0.182406
-2.54515 0.15001 0.778431
-0.970022 0.15001 -0.27508
0.707612 0.15001 2.69773
-1.4562 0.15001 2.66257
-2.75431 0.180904 1.64726
-1.3546 0.213147 2.45901
1.50342 0.184886 2.66678
-1.02433 0.721855 -2.83688
-1.46772 0.509969 -0.417006
2.12361 1.2539 2.48065
2.82373 4.6697 2.55508
2.69742 4.10502 2.7377
2.39036 3.32156 2.57719
2.74716 3.85161 1.14645
1.99887 2.03333 1.56373
2.00128 2.61969 1.35169
1.10947 2.99856 1.70176
2.72179 0.15001 -0.88697
-2.065 0.229746 -2.84999
-2.42557 1.57836 -2.44561
-2.81974 1.65546 -1.26131
-2.49133 0.440713 -2.45258
-1.40088 0.554968 -2.55468
-2.46804 0.236208 -2.7012
-0.939729 0.373846 0.0768457
-2.71977 0.540002 -0.897771
-1.8597 1.13513 2.11085
-2.62652 0.180275 -1.58149
-2.30183 0.654023 -2.26476
1.62659 0.15001 1.6535
-0.218372 3.09351 1.97505
-1.71477 4.38919 1.3534
-2.75259 1.04914 -2.07021
-1.79688 1.05206 0.917818
-0.501154 0.500739 2.53326
0.990046 0.197104 1.77926
-0.184047 0.566677 2.81708
-2.27863 0.15001 -2.02931
-2.44993 0.549714 -2.20605
-0.733709 0.273892 -0.965068
-0.430308 0.360071 1.63159
-1.11427 0.475777 -0.272101
-2.41709 2.29916 -2.12813
0.0659302 0.274754 2.32317
-2.10499 0.767998 0.548117
-0.306049 0.15001 1.89901
-2.0744 0.15001 0.889502
-0.952716 0.461289 -2.17031
0.202758 0.407531 -2.06697
-1.19157 1.40305 0.892488
0.293579 2.15098 0.644027
2.0957 0.533606 1.40567
0.95766 0.393032 0.954744
1.63993 0.158978 1.48657
2.83432 0.15001 2.03102
-1.04235 0.400409 1.05979
-0.922249 0.508733 2.30103
-2.42535 0.223574 -2.29978
-0.287717 0.402221 -0.76571
-1.53702 0.420859 -2.32305
0.564931 0.15001 -2.30761
0.669847 0.3913 -1.28681
0.720558 0.534393 1.7212
0.151749 0.378259 1.61019
-1.8345 0.231616 1.14228
0.196341 0.242776 1.8074
-2.03983 0.157502 2.82449
-1.86936 0.15001 0.0551255
0.379603 1.08759 -2.32643
-1.47472 0.730868 -0.345059
-0.937312 0.449952 -0.838657
-1.42266 0.911485 2.21769
-1.96647 0.296781 -0.182436
-1.76048 0.271747 2.68264
-0.593645 0.328915 1.72239
-1.03086 0.15001 2.6096
0.185341 0.15001 2.73486
0.619746 0.314907 -2.73723
1.97636 0.449636 -0.891117
-1.27171 0.47931 -2.54304
0.298215 0.532023 -1.33445
1.12343 0.570608 -1.33669
-0.86997 0.518906 0.603298
-0.393366 1.11102 0.328465
-0.483359 0.294293 1.49033
0.310781 0.573185 2.82782
0.473848 0.27199 1.28032
0.406553 0.598152 -2.04794
-2.14261 0.164907 -2.69304
-2.84999 0.5175 -1.62163
0.949409 0.15001 1.43201
-1.9699 0.15001 -1.16813
-2.03692 0.37349 0.331205
-0.525044 0.251119 0.0993871
-2.51934 0.5191 0.206009
-1.62098 0.15001 1.56045
1.54907 0.330848 1.86694
-2.77893 0.15001 -2.79526
-0.527692 0.165486 -1.80327
-1.57303 0.467769 -1.82809
0.798923 0.543026 -0.523168
0.0390487 0.15001 -1.27853
-0.386372 0.15001 -0.934747
-1.42676 0.945029 -0.141269
-1.18896 0.284538 1.21871
-0.103281 0.15001 2.73483
-1.07819 0.327078 1.64421
-0.650318 0.698792 -2.39121
2.83575 2.09517 2.82229
2.29198 4.90412 2.13722
2.48769 0.50352 2.68717
2.70439 5.2275 2.62099
1.92969 4.55714 2.34435
2.41277 4.24597 2.1777
2.81157 1.40453 2.22646
2.16376 2.09847 2.1671
2.24403 0.811167 2.17275
1.30365 0.15001 2.45288
-2.78536 3.34167 -2.00811
-0.7028 1.91849 -2.69958
-2.45039 0.616234 -2.67079
-2.81998 1.54567 -2.81921
-2.10158 1.60979 -2.0298
-1.15087 1.06286 -1.52057
-0.503015 0.482828 0.438721
-2.53299 0.210681 1.55606
-0.967013 1.22727 2.18276
-1.791 0.215578 -2.78628
-0.854026 2.53221 -0.652223
0.960289 2.6029 -2.74418
-0.810795 2.92719 0.477927
0.238248 3.76798 1.66922
0.588306 0.321864 0.589141
0.296224 0.15001 2.00486
-0.631562 0.259359 0.520727
0.223092 1.00574 0.372437
0.497129 0.331047 2.14187
-1.78187 0.15001 -1.05039
-1.12716 0.857631 -2.60025
1.30849 0.272551 -0.978207
1.78689 0.15001 0.293208
-1.21555 0.378174 2.58846
-2.2619 0.547846 2.51942
1.22871 0.1504 -1.65543
-2.72656 0.380033 1.82203
-1.53337 0.15001 -0.450705
-0.543672 0.15001 0.448488
-1.88063 0.589355 -0.689878
-0.0881633 0.15001 -1.88549
1.24542 1.62434 -0.552892
2.03888 0.210443 2.77524
2.40133 0.402018 2.58464
1.48258 0.198281 1.59221
1.64923 0.207779 1.30745
0.667813 3.76866 0.141027
0.359486 0.56589 1.48457
0.634663 0.160466 1.36583
-2.79841 0.424153 -2.48676
1.03263 1.67068 0.156495
0.991962 0.23103 -2.65568
0.957384 0.330915 -2.82744
-0.88797 0.432824 -0.986198
1.53967 0.15001 2.84451
0.140785 0.709708 1.12354
1.34881 0.449063 2.60994
-0.160283 0.522813 2.47506
1.01114 0.382292 1.90168
1.01407 0.201094 -1.92277
-2.63734 0.5467 -1.63183
1.51475 0.15001 -0.48421
1.22266 0.555345 -0.352997
-2.4184 0.172559 -0.341681
-0.802098 0.15001 -1.23217
-0.129595 1.3529 0.715893
-1.69705 0.309693 1.42575
1.20883 0.445011 2.8089
0.605548 0.433434 2.30668
0.502548 0.599091 -1.63012
2.4547 0.15001 0.209643
-1.46025 0.54155 -2.70035
-0.955767 0.199716 -1.87107
-1.29097 0.603939 -2.12958
-1.50275 0.797541 -0.659685
1.52426 0.150764 1.8823
-1.28929 1.03307 0.674359
-0.484312 0.636843 2.69354
-0.0820671 0.15001 0.200741
0.667875 0.304275 -1.76257
0.0208214 0.21986 -1.93772
0.666862 0.368542 -2.42359
-0.387984 0.151455 0.98571
0.157236 0.311002 1.3092
-1.194 0.528467 1.00042
-1.43627 0.15392 0.852079
-1.17011 0.357312 0.256355
-0.3217 0.15001 0.841776
-2.25489 0.17519 2.44891
-1.6062 0.15001 -0.987389
-0.158856 0.15001 -1.59819
-0.393688 0.220263 0.509042
0.577467 0.15001 0.416418
1.11979 0.192204 -1.14079
2.54289 0.161767 1.24676
-1.70829 0.15001 0.854794
0.766702 0.15001 0.524072
-0.466786 0.15001 1.77342
1.77081 0.344729 1.89253
-1.09494 0.566291 -2.76921
1.89092 1.77014 2.67043
1.95712 3.58908 2.686
2.54917 4.48285 2.15195
1.96759 1.64323 1.75629
2.57089 4.00906 1.64474
0.834222 1.45357 2.51536
-0.0786552 1.7655 -2.65098
0.5854 1.19696 2.17226
2.41859 0.740198 2.08759
2.18945 0.531652 -1.43663
-2.31374 4.00181 -2.75401
-2.01379 0.265318 -2.27674
-2.51099 0.811998 -2.33885
-2.60272 1.27779 -2.68801
-2.59487 4.09237 -2.76473
-0.489785 2.92793 -1.17477
-1.86605 0.191416 -2.31099
-0.38809 0.594336 1.76367
-0.128072 1.46427 2.1295
-2.11177 0.43607 -1.49268
-1.92646 1.45589 -1.32262
0.605443 2.53971 -1.95505
0.687612 1.66749 -1.96051
-1.08654 1.17935 -1.44346
0.445366 0.428547 1.30154
0.274895 0.45746 1.63511
-0.597696 0.36886 0.725108
-1.45896 0.211809 0.199754
-0.0689368 0.257286 0.426639
-1.28236 0.15001 -1.60647
-2.6878 0.293263 -2.50157
0.291168 0.519721 -1.49212
0.103978 0.605984 -1.35671
-2.13116 0.466368 -0.712095
1.88904 0.15001 -0.300714
2.61756 0.15001 -2.11905
-0.274203 0.564958 -0.997086
0.159581 0.156558 2.08713
1.02954 0.15001 -0.12011
-1.60356 0.15001 -1.48378
1.73152 0.698665 1.40188
1.37662 0.259719 1.87418
1.84256 1.34834 1.48819
2.05706 3.95408 2.08657
1.85817 0.15001 1.40083
1.74647 0.15001 2.84999
0.560561 0.508909 1.61161
1.33507 0.20529 1.47545
0.975267 0.15001 2.21569
1.76242 0.15001 -1.34961
2.30204 0.401417 1.39452
1.13918 0.773056 -1.35271
1.43103 0.235909 -1.41613
-0.559289 1.44148 0.54068
-0.0678151 1.8277 0.993705
-0.18705 0.435434 2.14845
1.98504 0.498468 2.69874
0.832969 0.2912 1.05092
-0.213757 0.705441 2.4104
2.1436 0.435222 -1.93508
-0.891469 2.79139 -2.1282
1.35719 2.05166 -2.21605
-0.631546 0.84999 -2.06613
-0.622262 0.388782 -1.09279
-0.343612 0.188847 -0.0122725
-0.670454 0.323527 2.4647
-0.778322 0.511391 1.54295
0.565572 0.654472 2.18975
0.545184 0.176795 2.23427
1.87559 0.15001 -0.0492842
-0.127677 1.08362 -2.61784
-1.0446 0.15001 -1.44382
0.592566 0.186268 1.56969
2.84155 0.471331 1.91112
-0.105596 0.211825 -0.432139
0.366588 0.645195 0.126922
-0.435808 0.614287 1.93307
1.52675 0.289933 2.81371
1.25896 0.717481 2.24029
0.863321 0.163806 -1.29893
0.32696 0.15001 0.181138
-1.11143 0.564706 -2.17022
-0.116506 0.314996 0.710297
-1.56484 0.443257 -1.26221
0.339767 0.398884 1.13426
-1.35335 0.411737 0.628748
-0.949476 0.434146 1.46698
-1.62772 0.437003 2.83028
-0.725736 0.180053 2.06513
0.128552 0.202722 -0.234756
-0.194422 0.345654 0.0626272
0.69796 0.362329 1.07806
0.430634 0.618517 0.619798
1.34334 0.173185 -0.473526
-0.218731 0.167052 2.05825
-0.4453 0.151749 0.196044
-2.00452 0.15001 0.634172
-2.07604 0.552026 2.80076
0.313789 0.280354 2.33368
2.23092 4.57835 2.66094
2.5239 2.73019 2.74116
2.61694 1.87032 1.89541
2.76593 0.267554 2.82716
2.53973 0.209473 2.68911
2.06572 2.15211 0.951005
0.342201 0.64508 2.29665
-0.980692 1.15702 1.1025
0.779625 2.76708 0.658252
0.527281 0.830057 1.81111
-1.88371 0.406285 -1.49552
-2.00837 4.54695 -2.02869
-2.61158 0.280295 -2.12546
-2.15411 0.154696 -1.92267
-2.38868 4.12743 -2.68678
-2.46347 4.99508 -2.23539
-2.69767 4.31001 -2.5382
-2.4941 0.224386 2.71681
2.24901 0.450516 1.83145
0.27821 1.74405 1.36676
1.09738 0.92832 0.0322929
1.5056 2.02835 -0.555339
-2.01378 2.15558 -2.3384
1.67215 0.384625 -1.04532
2.61539 0.546181 2.14665
0.246321 1.41609 1.66954
-2.44579 1.27153 -0.837991
-0.789474 0.546934 1.98972
-0.20593 0.246926 0.603876
-0.453497 0.272293 2.34587
-1.63052 0.29373 -0.859174
-2.44866 0.340745 -0.771604
-1.714 0.351389 -2.28203
2.84532 0.849487 -2.54979
-2.40192 0.15001 -0.152114
-0.757205 0.369623 -2.27448
-2.04762 1.47754 0.129037
0.454053 0.207869 0.221144
2.84378 0.15001 0.521061
1.49172 0.34242 0.666188
-1.65685 0.312152 -2.13146
1.39556 0.15001 1.76613
2.26562 0.159195 2.56302
2.72388 0.505685 0.778072
1.93889 0.326679 1.57048
0.672095 0.891706 2.42813
0.885149 0.212513 0.508092
2.32849 0.150661 2.29058
0.612091 0.518484 0.877737
0.400695 0.15001 0.535873
-0.219557 0.496454 -2.16817
2.07704 0.372737 2.71015
1.29849 0.15001 1.91032
1.44214 0.153198 -1.04656
0.811016 0.271334 -1.84977
1.21191 0.15001 -0.70861
2.32098 0.15001 2.84065
1.05757 0.15001 -0.368648
1.34794 0.422428 1.79235
1.15513 0.199092 1.66693
0.0995333 0.38457 -2.4056
0.223803 0.734038 -2.60359
-0.507511 0.41267 -2.42183
-0.370207 0.22549 -1.52963
0.45948 0.211275 -1.35565
2.14223 2.26195 1.14034
-0.53993 0.383574 0.522473
-0.737354 0.320391 2.31126
1.47922 0.218193 1.42419
-1.46942 0.55109 2.19893
1.61634 0.478913 -2.17605
1.46674 0.596585 -2.46321
1.5612 0.479883 -0.438481
-1.87436 0.393014 -0.633794
-0.815511 0.15001 -0.254997
1.38922 0.37317 0.389452
-2.14477 0.48318 -0.234091
-0.841578 0.157158 -0.503942
1.44005 0.15001 -1.29985
-0.582064 0.26717 0.27932
0.675437 0.192961 -1.94408
1.14515 0.522557 -1.14086
0.505621 0.421179 0.0990498
1.0985 0.15001 0.980395
1.59431 0.578396 0.386404
0.974099 0.22531 0.127558
-0.90423 0.562527 0.791379
-2.5557 0.408127 -0.343803
-2.59899 0.375463 2.07682
-1.02763 0.194791 1.4824
0.675595 0.199699 -1.50087
-0.295323 0.15001 -0.601399
-0.299526 0.197923 -0.170469
-1.24259 0.389755 -0.995935
0.417467 0.180297 -2.64516
-0.0830898 0.15001 0.680081
-1.36089 0.205114 0.99238
0.0840617 0.15001 2.21411
2.11591 0.267482 1.60272
2.57796 0.226123 2.16171
1.16847 0.525966 1.73074
1.56802 3.16859 1.01496
1.27829 2.88501 1.87333
0.904511 3.80783 2.65241
1.96137 3.4931 2.39782
2.46785 0.319963 -0.219453
-0.201018 4.34389 -2.60649
1.65535 0.542953 2.29032
-2.40926 0.99472 -1.6539
-2.0494 0.52529 2.45816
-2.44038 0.212839 -1.13389
-1.95558 1.9584 -1.87611
-2.71034 0.53741 -1.77739
-2.19742 1.14346 -1.88349
-2.12634 3.74532 -1.03146
-2.84999 4.57399 -2.49686
2.0316 0.263279 1.23679
1.77213 4.99198 1.63153
2.03534 3.30796 0.809236
0.982379 1.11866 0.0926215
-0.820787 0.412468 -2.06691
-2.8111 1.00774 -2.37141
1.34366 1.46951 -0.579132
0.880175 0.188019 0.771417
-2.27502 1.45164 -0.536728
-1.10607 0.15001 2.84999
-1.57216 0.502988 1.48251
2.68067 0.790255 0.521922
0.542712 0.462132 1.16426
0.777982 0.609719 1.87543
0.5192 0.189077 -0.194108
-0.43822 0.197038 -1.67664
1.98895 0.229463 0.632359
-1.66798 0.15001 -1.81492
-1.15182 0.362874 -2.57345
1.62513 0.325331 0.0906346
-1.54469 0.15001 -2.39658
0.982228 0.154945 0.598503
1.54578 0.738549 0.881492
2.31268 0.15001 1.50174
1.55321 0.588034 1.45723
0.305721 0.580273 0.823501
1.27486 0.16298 1.15475
0.891112 0.265945 1.66322
0.767317 0.577083 2.38655
-2.717 0.171143 -1.95734
2.07523 0.159954 0.886636
1.78335 0.302259 2.07147
1.44584 0.744496 2.65392
1.87558 0.15001 2.08512
1.66524 0.416971 -0.663814
2.48384 0.5658 -0.34774
1.22016 0.308778 -1.98812
1.19228 0.206957 0.751501
2.26608 0.23299 -0.359288
-0.664409 0.67055 0.888578
-1.83745 0.15001 -2.12466
1.71141 0.15001 1.81345
0.441385 0.216315 1.5668
-0.448933 0.15001 2.6949
-0.186004 0.15001 -1.75676
2.2264 0.17019 -0.697907
0.312037 1.59545 -2.04157
1.29718 0.205667 -1.47098
2.07331 0.15001 -0.396225
1.48441 0.432346 -1.64571
-0.563278 0.451169 -0.479287
-0.0787373 0.250575 0.861074
-0.333866 0.255603 1.45418
-0.338444 0.527289 2.23753
2.30678 0.210533 -2.82646
0.209739 0.389818 -2.60712
1.29882 0.166816 -2.22773
0.478102 0.370391 -1.167
-0.496084 0.528621 -1.42696
-0.0328154 0.662427 -1.33207
-0.104351 0.15001 1.08492
0.211844 0.3403 0.921556
2.12771 0.154061 0.679048
-2.60902 0.15001 0.413578
0.0452036 0.441563 -2.58635
0.255095 0.15001 0.354654
0.452879 0.204777 -0.706494
0.0863699 0.15001 0.331713
0.577357 0.15001 -0.44374
1.48289 0.15001 0.236005
0.991719 0.151737 1.60851
0.811704 0.203302 -0.0911275
0.382788 0.15001 2.31508
-1.38017 0.743582 1.84094
1.58262 0.223731 -2.51452
0.498794 0.175734 -1.00624
2.84999 0.420706 -2.72263
0.553232 0.15001 0.0319671
1.25544 0.15001 0.256236
-0.355456 0.15001 -1.13062
2.81058 0.15001 1.63476
2.25629 0.291193 2.40876
0.651883 0.201278 2.82491
1.802 0.155607 2.63945
2.57074 3.80541 1.96905
1.08146 0.290262 0.446556
0.378547 0.215402 -0.421515
2.62984 1.51302 2.43095
-2.12015 0.45032 1.01784
0.418903 0.587856 1.22943
2.18591 0.596983 -0.256774
1.49076 0.191254 2.04127
0.910862 0.417942 1.42838
-0.678244 0.232956 0.0477316
-1.68609 0.322164 -1.97751
0.0605484 3.2338 -1.51177
1.57369 0.15001 -0.976758
1.23032 1.47264 -0.420118
1.12086 1.48445 -0.572087
1.22398 2.40697 1.10047
1.76074 2.29418 2.76229
1.99131 0.22235 2.16223
0.991156 0.209963 0.873598
2.74783 0.279823 0.412467
-2.58304 0.633592 -1.14769
1.00689 0.190807 -2.79954
2.5803 1.03579 -1.52693
1.78364 0.645141 -1.57074
-0.208685 0.182934 0.369875
1.31417 0.347618 2.4529
2.45576 0.15001 2.21039
-2.37619 0.15001 -1.4834
1.07274 0.766834 1.55921
0.682615 0.325331 0.132093
0.210114 0.15001 -0.346681
2.10846 0.742512 -0.733828
1.28949 0.371438 -1.83738
1.12616 0.50126 -2.54765
0.603409 0.15001 -0.799694
0.849518 0.572352 2.51669
0.448791 0.536209 2.42766
-0.548833 0.15001 2.18786
2.63944 0.265352 2.32492
2.6367 0.368597 2.76761
2.7998 0.384809 -0.541738
0.727549 0.444629 0.70641
-0.643183 0.15001 1.73173
1.85863 0.63969 0.740134
2.30956 0.535035 2.05149
2.8087 0.59214 2.15549
2.64012 0.319038 2.00805
2.33748 0.466384 2.45581
1.85278 0.794522 2.55325
1.86364 0.15001 2.29578
2.07134 0.154944 -2.62683
1.65024 0.28688 -1.25584
1.1407 0.269307 -0.963507
2.77038 0.342293 0.721534
1.51714 0.706898 0.718992
2.39258 0.43861 -0.465366
1.93137 0.155034 -0.834302
2.39563 0.178798 2.71838
1.19301 0.266899 2.07954
2.46061 0.58329 2.07967
2.74085 0.387346 -1.47292
-0.542776 0.458539 -2.00071
2.38392 0.179426 -1.64698
2.2228 0.347208 0.383276
2.69488 0.222676 -1.655
2.59994 0.254569 0.596586
2.21102 0.584537 0.786342
2.84297 0.619244 -0.467206
-1.06336 0.421527 2.56293
-0.311486 0.418775 0.877378
1.0211 0.187975 -2.27679
2.58626 0.383875 -0.979421
0.839505 0.368253 -1.73526
0.818295 0.48174 -1.58838
-2.73639 0.31093 -0.186265
2.01818 0.222589 -1.37702
1.67622 0.16344 2.12515
0.38645 0.150851 1.6971
-1.04044 0.232038 0.66428
1.59417 0.463337 2.58886
0.0387913 0.153443 -0.616089
1.55142 0.15001 -1.17339
1.68252 0.211221 -0.606807
1.36367 0.586006 -1.73857
0.987629 0.159852 -0.602929
-0.229216 0.15001 1.71244
0.827198 0.162113 0.0733406
1.53899 0.416545 1.22296
2.62432 0.192116 2.83728
2.22354 0.298324 2.84974
1.36126 0.154695 -0.720626
2.84813 0.556638 -2.35361
1.09892 0.486793 -1.87179
-0.182507 0.413414 -1.62887
0.807364 0.15001 -0.729932
0.915854 0.257023 -0.72416
2.26691 0.347668 1.55685
0.691101 0.151561 -0.595223
0.529648 0.178402 1.78714
-0.549183 0.15001 1.60715
1.42598 1.07958 2.52409
0.939495 0.510945 1.92131
1.32435 2.91987 1.71764
0.973397 2.14179 0.75472
1.8784 0.171373 0.185992
0.0776959 4.1428 1.34527
2.81482 0.214927 2.42043
1.52565 0.603958 1.13974
1.93109 0.264488 1.73649
1.37447 0.676388 2.42779
0.363875 0.425026 0.0379672
0.345395 0.155911 -2.5046
0.126566 0.679901 -2.74373
0.431175 0.29164 -2.80439
1.45029 1.10006 -0.524668
2.44824 3.16283 0.76269
-0.426292 0.287397 2.51608
1.80363 0.448102 2.00428
1.71869 0.517837 2.80174
1.83302 0.15001 0.689368
-1.99332 0.89543 0.832375
1.89065 0.568289 -2.0693
1.19026 0.511583 1.18233
0.700543 0.487316 0.463152
2.1428 0.729928 1.1198
-0.117424 0.502849 0.423253
2.25886 0.165012 1.1986
2.22147 0.496489 2.18927
0.665981 0.662055 0.750085
0.952348 0.373633 2.51721
1.62092 0.15001 -1.54367
2.46806 0.15001 -2.72312
2.14654 0.15001 -1.00892
0.741073 0.15001 -2.42477
1.87054 0.15001 -1.55593
1.09393 0.15001 2.48318
2.19504 0.153149 1.35098
2.59669 0.169468 1.91405
2.28841 0.696497 2.2591
2.68918 0.15001 2.27223
2.02501 0.638585 -2.50434
2.29439 0.625256 -1.27208
0.351521 0.257853 0.958699
2.41976 0.561599 -0.586129
1.8381 0.559169 1.6309
0.665735 0.323892 2.70954
1.74405 0.157472 1.97689
2.17635 0.529059 2.3901
1.29144 0.153244 -1.80221
2.82092 0.15001 1.48755
2.53469 0.756988 -1.55227
-0.0209767 0.482721 0.126018
1.12494 0.337051 0.727832
2.35559 0.270632 1.35818
2.71999 0.715642 1.86622
1.86824 0.467722 -0.52006
1.21991 0.193257 1.30155
2.81306 0.162695 -2.10857
1.85395 0.295247 2.74583
-1.61545 0.173788 2.18516
1.4301 0.676453 -1.00926
2.84999 0.290734 -1.71484
1.90186 0.406145 0.471405
2.50781 0.58683 0.551088
2.48463 0.631771 -0.135563
2.08097 0.15001 0.268472
2.40077 0.805524 -0.0216562
0.860103 0.15001 2.61232
1.9252 0.346039 2.21098
2.72462 0.36236 1.43872
2.21193 0.15001 -2.31482
1.61179 0.260291 -1.11477
2.65791 0.628844 -0.11981
2.79543 0.728885 -2.05135
2.71383 0.15001 1.04178
1.04535 0.15001 0.731948
2.51142 0.361493 1.43144
2.394 0.926184 2.44694
1.67915 0.353507 1.00394
2.76881 0.430316 1.2627
0.56897 0.154825 -2.15049
1.43132 0.15001 0.419146
1.98649 0.418217 -1.06345
0.321965 0.518747 0.287431
2.55502 0.237128 0.393439
2.00909 0.569669 -0.0033294
1.74775 0.336169 -0.40237
0.570755 0.154834 2.03136
0.265961 0.15001 1.40838
2.71333 0.215121 1.71856
1.75502 0.15001 -0.445517
2.50211 0.229888 -1.00424
0.733819 0.159044 0.777878
1.96247 0.315468 -0.148089
-0.122906 0.225174 -0.898457
2.69891 0.15001 -0.0930314
0.608521 0.15001 0.563651
1.44444 0.15001 0.626463
0.935512 0.235947 2.32933
2.14583 0.15001 1.4994
2.82379 2.11124 2.66082
-1.44379 1.49692 1.0164
0.847663 3.02777 0.757786
2.13175 0.15001 2.35293
2.51648 0.15001 2.35826
0.836188 0.262456 1.47773
2.68653 0.619743 -2.49809
1.4442 0.458184 2.40858
2.67664 0.192027 -2.31402
0.688597 0.201089 2.13797
2.82425 1.00221 -2.49916
2.14327 1.08519 -2.4646
2.1943 1.06704 -2.28885
2.21307 1.17163 -1.18341
2.10746 1.41528 -0.214263
1.374 1.80217 0.668744
-0.622992 3.37314 2.33877
-0.0164529 0.198607 1.21093
1.91212 0.26388 1.92083
1.06634 0.15001 0.285999
1.28886 0.390736 -0.0380748
2.07887 0.458844 0.60456
1.82604 0.400167 -1.0577
2.43703 0.15001 -0.613815
1.1891 0.842926 0.180334
2.12669 0.393692 -0.0672564
-0.44897 0.210747 0.341117
2.68532 0.369974 -0.436595
2.72646 0.158264 2.68905
2.79202 0.15001 -0.720259
2.68866 0.15001 -2.757
1.33751 0.15001 -2.50798
1.28063 0.19721 -2.78937
0.263507 0.15001 -1.40083
1.59051 0.15001 -0.0656515
2.42802 0.15001 1.91771
1.8765 0.15001 0.883441
2.55784 0.150703 1.682
2.84997 0.206842 2.19392
2.05931 0.15001 2.00443
2.02925 0.459061 -1.37539
1.64432 0.665142 -2.04195
0.692209 0.513521 -0.0251443
2.10705 0.15001 -0.842855
0.722083 0.216234 0.402276
1.26296 0.157903 0.466996
2.77754 0.15001 0.339428
2.84209 0.212215 0.878889
2.01398 0.258776 2.62138
2.81896 0.174809 1.16278
1.28765 0.366758 0.585431
2.03686 0.16743 -1.64344
2.52885 0.302301 -1.95349
2.82067 0.430906 0.160231
2.80969 0.565862 1.03141
2.39734 0.385368 2.05705
2.61557 0.272651 -0.114221
2.41334 0.356225 1.18055
2.30211 0.186258 0.603807
2.76264 0.189866 0.0761542
2.64549 0.158859 0.227929
2.00401 0.386496 -2.74289
2.77671 0.292655 -0.905533
-0.17136 0.699113 0.150289
2.01043 0.267329 -1.52226
2.19587 0.15001 0.480523
1.3674 0.15001 0.998358
0.0176471 0.15001 0.799002
-0.494445 0.246478 1.23457
1.00295 0.154789 0.434368
2.56959 0.302548 -0.681686
2.84681 0.215649 0.234064
1.56769 0.255929 0.407896
2.53869 0.15001 -0.269523
0.0611304 0.150408 0.984887
-1.40079 0.15001 -0.343291
2.26372 0.365038 0.551279
1.97565 0.509258 -0.338017
1.10148 0.226301 2.32118
2.28395 0.303453 0.703929
1.83911 0.551503 -2.65267
2.82003 0.599563 -1.79722
2.46598 0.242462 -0.0545173
2.07354 0.68257 -1.12012
2.41841 0.386502 -0.730656
0.844435 0.184559 0.285847
1.61305 0.152254 -0.353485
2.37176 0.199708 2.46239
2.58124 0.15493 1.53474
2.81564 0.15001 2.56666
2.44638 0.15001 -1.19249
1.80525 0.170995 -0.935089
1.78193 0.169223 -0.179908
2.7321 0.15001 0.681861
1.66865 0.15001 0.420327
2.5165 0.15001 1.39665
1.81988 0.166404 0.435767
0.71451 0.259232 2.43762
1.62143 0.19289 2.44876
1.99554 0.396114 1.89735
-3 0 -3
-3 0 3
-3 1 -3
-3 1 3
-3 2 -3
-3 2 3
-3 3 -3
-3 3 3
-3 4 -3
-3 4 3
-3 5 -3
-3 5 3
-3 6 -3
-3 6 3
-2 0 -3
-2 0 3
-2 1 -3
-2 1 3
-2 2 -3
-2 2 3
-2 3 -3
-2 3 3
-2 4 -3
-2 4 3
-2 5 -3
-2 5 3
-2 6 -3
-2 6 3
-1 0 -3
-1 0 3
-1 1 -3
-1 1 3
-1 2 -3
-1 2 3
-1 3 -3
-1 3 3
-1 4 -3
-1 4 3
-1 5 -3
-1 5 3
-1 6 -3
-1 6 3
0 0 -3
0 0 3
0 1 -3
0 1 3
0 2 -3
0 2 3
0 3 -3
0 3 3
0 4 -3
0 4 3
0 5 -3
0 5 3
0 6 -3
0 6 3
1 0 -3
1 0 3
1 1 -3
1 1 3
1 2 -3
1 2 3
1 3 -3
1 3 3
1 4 -3
1 4 3
1 5 -3
1 5 3
1 6 -3
1 6 3
2 0 -3
2 0 3
2 1 -3
2 1 3
2 2 -3
2 2 3
2 3 -3
2 3 3
2 4 -3
2 4 3
2 5 -3
2 5 3
2 6 -3
2 6 3
-3 0 -3
-3 7 -3
-3 0 -2
-3 7 -2
-3 0 -1
-3 7 -1
-3 0 0
-3 7 0
-3 0 1
-3 7 1
-3 0 2
-3 7 2
-2 0 -3
-2 7 -3
-2 0 -2
-2 7 -2
-2 0 -1
-2 7 -1
-2 0 0
-2 7 0
-2 0 1
-2 7 1
-2 0 2
-2 7 2
-1 0 -3
-1 7 -3
-1 0 -2
-1 7 -2
-1 0 -1
-1 7 -1
-1 0 0
-1 7 0
-1 0 1
-1 7 1
-1 0 2
-1 7 2
0 0 -3
0 7 -3
0 0 -2
0 7 -2
0 0 -1
0 7 -1
0 0 0
0 7 0
0 0 1
0 7 1
0 0 2
0 7 2
1 0 -3
1 7 -3
1 0 -2
1 7 -2
1 0 -1
1 7 -1
1 0 0
1 7 0
1 0 1
1 7 1
1 0 2
1 7 2
2 0 -3
2 7 -3
2 0 -2
2 7 -2
2 0 -1
2 7 -1
2 0 0
2 7 0
2 0 1
2 7 1
2 0 2
2 7 2
-3 0 -3
3 0 -3
-3 0 -2
3 0 -2
-3 0 -1
3 0 -1
-3 0 0
3 0 0
-3 0 1
3 0 1
-3 0 2
3 0 2
-3 1 -3
3 1 -3
-3 1 -2
3 1 -2
-3 1 -1
3 1 -1
-3 1 0
3 1 0
-3 1 1
3 1 1
-3 1 2
3 1 2
-3 2 -3
3 2 -3
-3 2 -2
3 2 -2
-3 2 -1
3 2 -1
-3 2 0
3 2 0
-3 2 1
3 2 1
-3 2 2
3 2 2
-3 3 -3
3 3 -3
-3 3 -2
3 3 -2
-3 3 -1
3 3 -1
-3 3 0
3 3 0
-3 3 1
3 3 1
-3 3 2
3 3 2
-3 4 -3
3 4 -3
-3 4 -2
3 4 -2
-3 4 -1
3 4 -1
-3 4 0
3 4 0
-3 4 1
3 4 1
-3 4 2
3 4 2
-3 5 -3
3 5 -3
-3 5 -2
3 5 -2
-3 5 -1
3 5 -1
-3 5 0
3 5 0
-3 5 1
3 5 1
-3 5 2
3 5 2
-3 6 -3
3 6 -3
-3 6 -2
3 6 -2
-3 6 -1
3 6 -1
-3 6 0
3 6 0
-3 6 1
3 6 1
-3 6 2
3 6 2
