1000 0.1
1.85882 0.15001 -0.0253064
-2.67499 0.15001 0.891567
-2.49589 0.15001 -2.32969
-2.32693 0.15001 -2.43266
-2.84672 0.15001 -0.567318
2.84999 0.15001 1.30162
1.46451 0.15001 1.96667
-1.5608 0.15001 1.60099
-1.44618 0.15001 -0.744052
-0.77975 0.15001 0.0805431
-2.6559 0.15001 2.28054
0.561931 0.15001 2.84999
-0.259421 0.15001 1.45834
2.84999 0.15001 0.543107
-0.760096 0.15001 1.62288
-0.253914 0.15001 -1.97549
-0.355135 0.15001 -1.11966
0.157324 0.15001 -1.27774
-0.947105 0.15001 0.573745
-0.153669 0.15001 1.29772
-2.14402 0.15001 -1.93776
-2.84436 0.15001 -2.10926
-0.72865 0.15001 -0.774826
-1.75551 0.15001 -2.50075
-1.35909 0.15001 -2.15401
2.51908 0.15001 0.542619
-2.6714 0.15001 -1.8329
-0.456927 0.15001 -2.67434
-2.50051 0.15001 0.405045
-1.66736 0.15001 1.41216
-2.14088 0.15001 -1.00672
0.20583 0.15001 -0.436726
-1.90494 0.15001 -0.466664
-1.96987 0.15001 -1.48657
0.631561 0.15001 -2.84748
-2.33122 0.15001 -1.04352
0.547354 0.15001 -1.00556
-1.4776 0.15001 -1.28116
-1.15947 0.15001 0.905662
-2.84778 0.15001 0.00912808
-0.155703 0.15001 -2.49962
-1.64566 0.15001 -0.771618
-0.277361 0.15001 -0.946183
0.738149 0.15001 -2.3217
-0.0489272 0.15001 -1.62917
-0.757655 0.15001 -2.1476
0.255033 0.15001 2.67348
-0.246914 0.15001 2.84999
-1.18917 0.15001 -0.508113
-2.67583 0.15001 1.87287
-1.56223 0.15001 -1.81397
-2.49634 0.15001 -1.53767
-1.14595 0.15001 0.553909
-1.38824 0.15001 -1.09737
-1.05251 0.15001 2.84999
-1.85671 0.15001 2.13627
-2.67535 0.15001 1.67626
-2.84999 0.15001 2.34526
-2.33318 0.15001 1.28548
0.866236 0.15001 1.49545
-0.547183 0.15001 -1.12165
1.42459 0.15001 -2.48964
-1.31403 0.15001 -0.906574
-0.94145 0.15001 -0.799525
-0.553593 0.15001 0.92522
-1.29689 0.15001 0.179252
0.0406116 0.15001 -0.731704
-1.74698 0.15001 0.454771
-2.67265 0.15001 2.07032
-2.84999 0.15001 0.792631
-2.66337 0.15001 -2.62924
-2.84999 0.15001 -1.5318
-2.67778 0.15001 -0.0881971
1.03439 0.15001 0.816013
2.84999 0.15001 0.169402
-2.67612 0.15001 1.28258
-2.84999 0.15001 1.37629
-2.84999 0.15001 0.200928
-1.46629 0.15001 1.42227
-0.759017 0.15001 1.97794
-2.66956 0.15001 -2.22556
-2.15324 0.15001 -2.84999
-1.18251 0.15001 -1.0912
-2.50146 0.15001 -0.375487
-0.652696 0.15001 2.49644
-2.84999 0.15001 2.53542
-2.15786 0.15001 0.80987
-2.84999 0.15001 1.96168
-2.2842 0.15001 2.12542
-0.65958 0.15001 2.14896
-0.147591 0.15001 -1.4575
-2.67711 0.15001 -0.855561
-2.49286 0.15001 -2.53495
-1.07479 0.15001 -1.27599
-2.50067 0.15001 0.0137373
-1.96711 0.15001 -0.109566
-1.76256 0.15001 1.23835
-2.32586 0.15001 1.09426
0.359408 0.15001 2.84999
-2.32632 0.15001 1.68171
-1.25471 0.15001 -2.3279
-0.163683 0.15001 1.98359
-2.32445 0.15001 -1.63696
2.67905 0.15001 1.98923
1.52576 0.15001 1.29407
-0.96043 0.15001 1.61844
1.81432 0.15001 -1.89853
-0.555856 0.15001 -2.49915
1.69411 0.15001 -0.309378
2.35264 0.15001 -1.05
2.35103 0.15001 -2.77227
0.0427105 0.15001 -0.930458
-1.59635 0.15001 -1.11569
-0.137695 0.15001 -0.254263
0.384338 0.15001 -1.10535
-2.67625 0.15001 -0.664464
-0.355895 0.15001 -2.49894
-2.66339 0.15001 -2.43278
-0.449057 0.15001 2.84999
-2.67589 0.15001 -0.279731
-1.65346 0.15001 -2.67523
2.18543 0.15001 1.10743
0.345629 0.15001 -1.97521
-1.70853 0.15001 -0.426126
-2.1277 0.15001 0.0198231
-0.149449 0.15001 2.67216
-1.65898 0.15001 -1.99359
0.542761 0.15001 -0.426429
-0.135898 0.15001 0.715376
0.704337 0.15001 0.624031
-2.31903 0.15001 -1.42933
-0.246258 0.15001 -1.28407
0.546626 0.15001 -1.21063
-2.32088 0.15001 -2.03381
-2.84999 0.15001 -2.66575
-0.658386 0.15001 -2.67583
0.722707 0.15001 -1.29197
-1.77661 0.15001 0.85161
-1.56419 0.15001 0.883075
-2.84999 0.15001 1.5721
-1.16309 0.15001 -1.79887
-0.658831 0.15001 -1.97263
-0.763733 0.15001 -1.4502
-2.67915 0.15001 -1.04766
-0.639712 0.15001 0.430407
1.36478 0.15001 0.250872
-1.56728 0.15001 1.23853
-1.25912 0.15001 1.79215
-2.84999 0.15001 2.15465
-1.80275 0.15001 0.263733
0.209688 0.15001 -0.825273
-2.32528 0.15001 -2.63992
0.0343095 0.15001 -0.152809
0.70765 0.15001 -0.136798
1.36579 0.15001 -0.503112
1.57034 0.15001 2.49563
-0.551097 0.15001 2.67344
-2.05071 0.15001 2.84999
-2.67733 0.15001 0.10658
-1.95801 0.15001 1.59229
-0.865071 0.15001 -1.62285
-2.84999 0.15001 -2.48087
-1.55271 0.15001 -2.84999
-1.9728 0.15001 -1.82755
-0.482805 0.15001 -0.669463
-0.834334 0.15001 -0.954982
-2.32997 0.15001 0.50557
-1.65312 0.15001 -2.32502
-0.831786 0.15001 0.41091
-2.84999 0.15001 2.84999
-0.853507 0.15001 -2.67715
1.36558 0.15001 -0.31445
-2.15681 0.15001 1.20866
-1.37823 0.15001 -0.550997
-2.74007 0.15001 2.68666
-2.07539 0.15001 1.77922
-2.11454 0.15001 -0.495041
-2.54562 0.15001 2.66798
-0.661247 0.15001 1.4489
-1.65706 0.15001 2.49154
-1.35253 0.15001 -2.84999
-0.137732 0.15001 -0.0592719
-2.84999 0.15001 -0.757721
-1.25066 0.15001 -0.707698
0.212162 0.15001 -1.02382
0.709749 0.15001 -0.708883
-1.66816 0.15001 -1.64457
-2.32945 0.15001 1.87987
-2.67652 0.15001 0.69887
-1.85144 0.15001 2.84999
-1.34566 0.15001 0.523425
0.252028 0.15001 -1.4564
-2.84999 0.15001 -0.952273
-2.84999 0.15001 -0.181995
-1.4557 0.15001 -2.32595
0.196645 0.15001 1.10652
-2.65892 0.15001 2.48495
-2.15264 0.15001 0.606196
-2.35658 0.15001 2.31684
0.184535 0.15001 1.87924
-0.75573 0.15001 -2.5034
-1.94172 0.15001 -0.975753
1.3595 0.15001 1.58655
1.52939 0.15001 0.346817
0.189844 0.15001 1.68777
-0.250289 0.15001 2.50045
-0.552668 0.15001 -1.45994
2.35142 0.15001 1.01351
1.36453 0.15001 0.627978
2.34213 0.15001 1.79267
1.69295 0.15001 -1.25097
-1.15211 0.15001 -2.84999
-1.11352 0.15001 -0.898747
-0.453796 0.15001 -1.63052
-1.05455 0.15001 -2.32737
-0.449658 0.15001 -1.28933
-0.951683 0.15001 -2.84999
-1.72078 0.15001 -0.954544
-2.67067 0.15001 -2.02936
-2.6757 0.15001 1.47508
-2.84999 0.15001 -1.72785
-2.49195 0.15001 -1.93523
2.18377 0.15001 1.2997
-0.457051 0.15001 1.8026
-2.50489 0.15001 1.77737
-1.96493 0.15001 -2.50051
-2.50489 0.15001 0.603799
-1.55321 0.15001 2.67126
0.457814 0.15001 2.33183
-0.35912 0.15001 1.62901
-1.85344 0.15001 -2.67353
-2.67437 0.15001 1.0896
-1.27317 0.15001 -1.27755
0.0223262 0.15001 1.20583
0.874166 0.15001 -0.608435
-1.98465 0.15001 -0.649745
-0.856958 0.15001 2.14858
-2.09318 0.15001 -0.815672
-1.75975 0.15001 1.59495
-2.84999 0.15001 0.400818
-0.861491 0.15001 -1.97218
0.822995 0.15001 -2.84999
-2.67649 0.15001 -0.47091
0.529365 0.15001 1.49619
1.19996 0.15001 0.532362
-0.99355 0.15001 -0.472246
2.01771 0.15001 1.39533
2.35414 0.15001 0.448033
-2.15733 0.15001 0.21375
-1.65128 0.15001 2.84999
-2.49882 0.15001 -2.72887
-0.636193 0.15001 -0.951641
-1.04906 0.15001 -2.67722
1.5348 0.15001 -2.31207
0.447012 0.15001 -1.80138
-0.352644 0.15001 1.26866
-1.35992 0.15001 2.31378
-2.32747 0.15001 0.900396
-0.303329 0.15001 0.813206
-2.64175 0.15001 2.84999
-1.56558 0.15001 -0.0455318
0.0341772 0.15001 -0.345735
-1.98795 0.15001 0.712838
-0.321708 0.15001 -0.355484
-2.48867 0.15001 2.17024
-2.32684 0.15001 -0.0817565
-2.06011 0.15001 2.14125
-1.9538 0.15001 2.66564
-1.75298 0.15001 2.67085
0.0543755 0.15001 2.67566
1.02059 0.15001 -2.84999
2.35001 0.15001 1.20448
-2.16352 0.15001 -2.5291
0.843454 0.15001 -1.798
1.20132 0.15001 -0.222746
-2.32737 0.15001 0.70561
0.867409 0.15001 1.10395
-1.45756 0.15001 2.14021
-0.0447518 0.15001 2.84999
-0.47129 0.15001 1.1032
-0.556149 0.15001 -2.84999
-1.45301 0.15001 -2.67586
-1.87252 0.15001 -1.65545
1.37483 0.15001 2.49854
-2.50017 0.15001 -0.762198
-1.93323 0.15001 0.100037
0.709021 0.15001 -0.517488
-1.88812 0.15001 -1.30988
-2.08214 0.15001 1.40021
1.83912 0.15001 1.88912
-2.6524 0.15001 -2.84999
0.349756 0.15001 -1.62841
-1.06715 0.15001 1.08401
1.13732 0.15001 -1.96466
0.243776 0.15001 -2.50491
-0.142135 0.15001 -0.446901
-1.17527 0.15001 0.0207536
-2.15024 0.15001 1.00637
-1.45752 0.15001 2.49229
-1.66478 0.15001 1.06138
-0.755767 0.15001 -2.84999
2.67756 0.15001 2.18793
-2.49135 0.15001 -2.13064
2.684 0.15001 0.825519
-2.02808 0.15001 -0.315765
-0.0589513 0.15001 2.15817
1.85874 0.15001 -0.213075
0.355849 0.15001 2.50189
2.68247 0.15001 1.39782
1.6941 0.15001 0.0665506
0.766643 0.15001 2.84999
-0.855255 0.15001 -2.32521
-0.25025 0.15001 -1.63072
-2.15507 0.15001 -1.53816
-2.84999 0.15001 -2.84999
-1.24672 0.15001 -0.164012
1.85781 0.15001 -1.33761
-1.10212 0.15001 0.202872
-1.86625 0.15001 1.41092
-1.62981 0.15001 0.693956
-0.951631 0.15001 -2.50507
-0.741819 0.15001 -1.12201
2.18822 0.15001 -0.583396
-2.3282 0.15001 0.310398
-0.706477 0.15001 -0.260717
-1.36142 0.15001 1.6096
-1.06577 0.15001 1.43825
-1.66131 0.15001 1.77894
0.379169 0.15001 -0.913279
-0.863231 0.15001 1.44364
-2.31576 0.15001 -0.482688
0.0472033 0.15001 -1.12001
1.20449 0.15001 -1.17296
1.51935 0.15001 1.68605
-2.15606 0.15001 1.96708
-1.86592 0.15001 1.77509
1.12356 0.15001 -2.67172
-2.50137 0.15001 1.38154
-0.0531513 0.15001 -1.9767
-0.963414 0.15001 0.919143
-2.84855 0.15001 -1.14345
-0.256626 0.15001 -2.67442
1.52951 0.15001 -0.972463
1.85766 0.15001 2.31384
2.0242 0.15001 0.445721
2.00268 0.15001 1.98721
1.69413 0.15001 0.254541
0.204154 0.15001 0.331649
-0.965507 0.15001 1.26553
0.872664 0.15001 1.90304
-2.49635 0.15001 -1.73699
2.18866 0.15001 -0.0215771
0.0456587 0.15001 -2.15104
-0.0479241 0.15001 -1.28394
-1.06285 0.15001 -1.97046
2.07506 0.15001 2.67305
-1.65359 0.15001 2.13741
0.971372 0.15001 2.84999
-0.751434 0.15001 2.67268
2.01972 0.15001 1.20189
1.22729 0.15001 -2.49267
-1.8086 0.15001 -1.13022
1.20219 0.15001 -0.600744
1.19613 0.15001 1.48985
-1.76993 0.15001 -0.0729134
-1.2593 0.15001 -1.97395
0.0334512 0.15001 0.813796
-2.50276 0.15001 1.18913
2.84999 0.15001 2.48132
0.254096 0.15001 2.33207
1.03603 0.15001 -2.14231
2.18853 0.15001 -0.208912
-0.15689 0.15001 -2.84999
-0.354981 0.15001 -2.14868
-1.55441 0.15001 -2.50098
-2.49755 0.15001 0.210064
0.761086 0.15001 2.50145
-2.84999 0.15001 1.18364
-0.64988 0.15001 2.84999
0.0341695 0.15001 0.426272
-0.0551795 0.15001 -2.3252
0.207671 0.15001 -0.629521
1.60515 0.15001 -2.84999
-1.4598 0.15001 1.78669
-0.95497 0.15001 2.31913
-2.05492 0.15001 2.49075
-1.96774 0.15001 0.508846
-1.16933 0.15001 -1.45066
-1.26381 0.15001 1.06984
-2.84999 0.15001 1.76895
-2.22931 0.15001 -0.66359
0.357139 0.15001 -1.29218
-1.02848 0.15001 0.389692
0.205089 0.15001 -0.0526498
1.04269 0.15001 -1.79206
2.18916 0.15001 0.353254
-1.97457 0.15001 0.908305
1.03636 0.15001 0.0581763
-1.45223 0.15001 2.84999
2.02156 0.15001 1.01094
0.146413 0.15001 -1.97604
2.47272 0.15001 2.68424
0.371469 0.15001 0.621678
0.766599 0.15001 2.16513
1.5294 0.15001 0.535097
0.350901 0.15001 1.97867
-1.05511 0.15001 2.49567
-1.06472 0.15001 -0.653349
-0.256563 0.15001 2.15415
1.84746 0.15001 1.69096
1.62225 0.15001 -1.93542
-1.77154 0.15001 -1.47523
-2.49716 0.15001 -1.34147
-1.77599 0.15001 -0.617222
-1.25167 0.15001 -2.67644
-1.76576 0.15001 -1.82336
2.18794 0.15001 -1.14554
0.0537172 0.15001 -1.45386
-0.0159618 0.15001 1.7852
-0.0507045 0.15001 2.49861
-2.49455 0.15001 -0.569942
-1.75213 0.15001 -2.84999
0.0446162 0.15001 -2.50081
-0.50126 0.15001 -0.259655
-0.146092 0.15001 -1.10187
0.963855 0.15001 2.15557
0.55772 0.15001 2.50219
-1.41831 0.15001 0.338476
-1.83625 0.15001 -0.267768
0.539783 0.15001 0.336259
-2.11087 0.15001 -1.3418
-1.7605 0.15001 -2.16128
0.439868 0.15001 -2.84999
0.24492 0.15001 -2.15039
-2.84999 0.15001 -2.29385
2.18841 0.15001 -0.396189
2.84999 0.15001 -1.89906
0.832267 0.15001 -2.49691
-1.26084 0.15001 2.14272
0.879195 0.15001 -1.18339
-1.96444 0.15001 -2.16848
1.20022 0.15001 0.343489
1.82694 0.15001 2.0889
2.35261 0.15001 0.824177
0.870333 0.15001 0.530009
0.525463 0.15001 1.89137
2.6585 0.15001 2.6386
0.360258 0.15001 1.59133
1.26079 0.15001 1.96876
0.191343 0.15001 1.30134
1.77605 0.15001 -2.28963
2.51937 0.15001 0.168083
2.023 0.15001 -0.866427
1.85819 0.15001 -1.15042
-1.64038 0.15001 -0.233653
-0.757074 0.15001 0.928046
-1.25761 0.15001 2.4944
2.68053 0.15001 1.79101
1.03253 0.15001 1.59232
-0.447537 0.15001 2.49769
1.33283 0.15001 -1.96801
-1.3152 0.15001 -0.359475
0.0485813 0.15001 -1.80248
-0.45538 0.15001 -2.32317
-1.15233 0.15001 -2.50293
-1.5699 0.15001 -1.46232
-0.85084 0.15001 2.84999
-1.85874 0.15001 2.4913
-0.457805 0.15001 1.44848
0.200456 0.15001 0.911541
1.52965 0.15001 -0.783124
-0.135685 0.15001 -0.640187
-1.86018 0.15001 -2.33369
-0.350553 0.15001 2.32548
2.34863 0.15001 1.39775
-0.123187 0.15001 -0.834702
0.372461 0.15001 0.430494
-1.55617 0.15001 2.31185
2.17971 0.15001 2.84999
1.17516 0.15001 2.84999
0.940767 0.15001 -1.9689
0.0341086 0.15001 0.232925
-0.558418 0.15001 -1.79995
-1.4421 0.15001 -0.202549
-1.4608 0.15001 -1.98594
-1.57657 0.15001 -0.58368
-1.54327 0.15001 0.498952
-1.75764 0.15001 1.95713
-2.24864 0.15001 2.84999
-1.154 0.15001 2.67233
0.708371 0.15001 -0.326935
-0.975821 0.15001 -1.09711
0.536014 0.15001 0.911257
-0.305091 0.15001 0.621608
1.03648 0.15001 -1.46249
-0.952769 0.15001 2.67265
-0.972212 0.15001 -1.44869
-1.98808 0.15001 0.30969
-2.45991 0.15001 2.48556
-1.05814 0.15001 1.79486
1.85917 0.15001 0.350264
0.867064 0.15001 1.69612
0.0260508 0.15001 1.59451
2.67849 0.15001 2.39011
2.5066 0.15001 2.29301
2.49891 0.15001 -2.28117
-1.16131 0.15001 1.61495
-1.4642 0.15001 1.06222
1.5294 0.15001 0.158578
-0.75724 0.15001 2.3195
-0.655705 0.15001 -2.3236
-2.05136 0.15001 -2.68345
-0.301353 0.15001 -0.749142
-2.0209 0.15001 -1.16293
-2.34848 0.15001 -2.84999
-0.556142 0.15001 -2.14756
-1.95035 0.15001 -2.84999
-2.50296 0.15001 1.9734
2.18707 0.15001 0.917533
0.706174 0.15001 0.243219
1.3662 0.15001 -1.0725
2.18793 0.15001 -0.957977
-1.68445 0.15001 -1.2943
1.33262 0.15001 -2.31364
2.51938 0.15001 0.355177
-0.658756 0.15001 1.80088
-2.49812 0.15001 -1.14846
-1.85983 0.15001 1.06702
-0.657343 0.15001 0.234081
-0.747924 0.15001 0.59038
-2.15716 0.15001 -0.174944
-2.67525 0.15001 0.305233
-0.255302 0.15001 -2.32418
2.50104 0.15001 -2.47306
-2.32194 0.15001 -0.284479
-0.762595 0.15001 -1.79789
-2.27975 0.15001 -1.23315
0.872216 0.15001 -0.0389273
2.35365 0.15001 0.635776
1.03552 0.15001 0.43651
-0.151441 0.15001 -1.80301
1.36255 0.15001 1.19774
2.33911 0.15001 1.9896
1.69428 0.15001 0.442554
1.6645 0.15001 1.97827
0.190669 0.15001 1.49512
0.706908 0.15001 0.0531892
2.33921 0.15001 2.39944
0.69904 0.15001 1.79396
-0.137405 0.15001 0.522905
-0.66072 0.15001 -1.62578
2.5143 0.15001 1.496
1.97923 0.15001 2.84999
0.745285 0.15001 -1.62577
1.85817 0.15001 -0.775871
1.20022 0.15001 -1.56908
2.84999 0.15001 2.08544
1.20178 0.15001 -0.411639
2.1612 0.15001 2.29977
0.0292008 0.15001 1.01001
0.0439419 0.15001 -2.84999
0.342821 0.15001 -2.32661
0.247958 0.15001 -1.80155
-0.353718 0.15001 -1.80218
1.13362 0.15001 -2.31692
2.68315 0.15001 -1.42496
-1.359 0.15001 -1.80398
-1.25304 0.15001 2.84999
1.69247 0.15001 1.00851
-2.31813 0.15001 1.47563
1.62024 0.15001 -2.49049
1.79862 0.15001 -2.84999
1.03692 0.15001 -0.130918
-2.67355 0.15001 -1.4383
-0.980533 0.15001 0.0477766
1.52976 0.15001 -0.594427
-2.84999 0.15001 -1.33429
-0.459564 0.15001 -0.870511
1.36635 0.15001 -1.26513
-1.36572 0.15001 -1.45473
0.340594 0.15001 -2.67755
1.04142 0.15001 -1.08082
0.542066 0.15001 -0.235611
1.03228 0.15001 1.19938
2.02312 0.15001 -0.6793
0.870978 0.15001 0.340193
-1.60941 0.15001 0.308524
-2.67257 0.15001 -1.63551
-2.15584 0.15001 2.31846
-1.81235 0.15001 0.638785
1.23269 0.15001 -2.14015
-0.859365 0.15001 -0.621451
-0.305755 0.15001 0.0361993
-1.06831 0.15001 -1.62351
0.534172 0.15001 -2.67837
-1.12167 0.15001 -0.323128
-1.05339 0.15001 0.741826
-1.35942 0.15001 1.96924
2.51843 0.15001 0.730651
2.18902 0.15001 0.540898
0.866508 0.15001 2.6748
0.144796 0.15001 -2.32641
-2.1497 0.15001 2.66505
-1.35398 0.15001 2.67178
-2.32381 0.15001 0.114415
2.84999 0.15001 -1.14035
-1.35355 0.15001 -2.50213
1.87523 0.15001 2.66645
-1.51609 0.15001 -0.932778
-2.25198 0.15001 2.492
-0.868602 0.15001 -1.27521
-2.15451 0.15001 -2.13321
-1.85128 0.15001 -0.800637
-0.555233 0.15001 2.32203
-1.95837 0.15001 1.95736
-2.50629 0.15001 -0.952863
1.36106 0.15001 1.39021
1.8587 0.15001 0.726209
2.51823 0.15001 -0.954293
1.03945 0.15001 -0.889663
0.645571 0.15001 -1.46323
-2.32031 0.15001 -2.23282
2.35016 0.15001 -1.4286
-0.662922 0.15001 1.09708
-2.31207 0.15001 -0.845422
-2.34888 0.15001 2.66813
-2.50117 0.15001 0.798574
0.367419 0.15001 1.0084
0.705242 0.15001 0.433504
-0.146276 0.15001 1.10542
0.375754 0.15001 -0.527202
-1.46557 0.15001 -1.63387
1.19906 0.15001 0.911227
-0.967115 0.15001 -1.79674
-0.154525 0.15001 -2.1501
2.02336 0.15001 -0.492043
-2.14636 0.15001 -1.73461
0.699268 0.15001 1.39771
0.532175 0.15001 1.30011
1.85602 0.15001 1.10488
0.692783 0.15001 1.98925
-0.475586 0.15001 0.533459
1.52379 0.15001 1.48764
0.0124155 0.15001 1.40421
0.534127 0.15001 1.10519
-1.86966 0.15001 -1.99495
1.03594 0.15001 0.247295
2.18163 0.15001 1.49476
1.27035 0.15001 2.32279
1.46798 0.15001 2.32401
1.85625 0.15001 -1.5248
2.35226 0.15001 -1.23853
0.244447 0.15001 -2.84999
1.16684 0.15001 2.14979
1.69379 0.15001 -0.685387
-1.49107 0.15001 0.151541
-0.455935 0.15001 -1.97373
1.05984 0.15001 1.9833
-1.16662 0.15001 1.25649
0.157798 0.15001 2.84999
-0.647843 0.15001 -1.28897
1.63284 0.15001 -1.73234
0.150258 0.15001 -1.6284
0.711466 0.15001 -1.09746
1.69356 0.15001 -0.873551
1.91024 0.15001 -2.66647
-0.659844 0.15001 -0.584403
-1.24567 0.15001 0.726816
-1.55606 0.15001 1.9651
-0.853132 0.15001 2.49626
2.15256 0.15001 -2.09732
0.640883 0.15001 -2.14814
0.935979 0.15001 -2.31907
1.20523 0.15001 -1.36896
-2.10055 0.15001 -2.33291
1.36619 0.15001 -0.88161
-1.36635 0.15001 1.24449
-1.36822 0.15001 -0.00821676
1.2005 0.15001 0.154702
-2.50253 0.15001 -0.182517
0.443275 0.15001 -2.14957
0.536903 0.15001 0.718354
0.544837 0.15001 -0.810768
-0.921144 0.15001 -0.288142
0.543572 0.15001 -0.617984
1.52971 0.15001 -0.217783
0.355657 0.15001 2.16755
0.374332 0.15001 -0.144291
-0.955888 0.15001 1.97627
-2.49763 0.15001 0.992875
1.71266 0.15001 -2.66929
0.540111 0.15001 -2.32496
2.84999 0.15001 -2.4692
0.374859 0.15001 -0.335546
1.36594 0.15001 -0.692026
0.454337 0.15001 -1.458
2.68501 0.15001 0.262359
2.01453 0.15001 1.59184
-0.858687 0.15001 1.79871
2.37794 0.15001 2.84999
1.03501 0.15001 0.626
2.51922 0.15001 -0.205676
-0.476902 0.15001 0.327564
2.51249 0.15001 2.49745
-0.659031 0.15001 0.762632
-1.0527 0.15001 -0.134149
1.85817 0.15001 -0.963222
2.28041 0.15001 2.66847
0.528594 0.15001 1.69114
-0.306689 0.15001 -0.160255
-1.26293 0.15001 -1.62694
-2.67693 0.15001 -1.24123
1.3653 0.15001 -0.125994
1.43041 0.15001 -2.13829
1.04292 0.15001 -1.27262
1.8542 0.15001 1.29677
-2.44556 0.15001 2.84999
2.50653 0.15001 2.09127
1.03149 0.15001 1.39415
2.35371 0.15001 -0.300704
-2.84999 0.15001 -1.92235
1.97803 0.15001 -2.19525
2.1739 0.15001 -1.71622
2.15938 0.15001 -1.90599
-0.482082 0.15001 0.130328
0.66041 0.15001 2.67513
2.1701 0.15001 2.49923
-2.3186 0.15001 -1.83904
2.17363 0.15001 1.89016
0.871586 0.15001 0.150596
0.205293 0.15001 -0.244589
1.20264 0.15001 -0.790347
-0.137479 0.15001 0.133697
1.97748 0.15001 -2.39017
0.544621 0.15001 -1.97411
-0.253119 0.15001 1.80566
-1.15775 0.15001 1.9698
-0.903358 0.15001 0.23107
2.68486 0.15001 0.44943
1.06984 0.15001 2.32692
2.84999 0.15001 -1.51819
1.03649 0.15001 1.79105
-1.95738 0.15001 2.31768
1.68852 0.15001 1.39171
2.5161 0.15001 1.30129
2.84999 0.15001 1.11027
2.84999 0.15001 1.49596
2.68312 0.15001 1.20577
0.364379 0.15001 1.20341
0.0292132 0.15001 1.98608
2.68548 0.15001 -2.75555
2.84999 0.15001 -2.08911
1.37553 0.15001 -1.6532
2.68502 0.15001 -0.111045
0.204837 0.15001 0.524453
2.35299 0.15001 -0.862199
2.02142 0.15001 -1.42952
2.84999 0.15001 1.88878
-0.155503 0.15001 2.32818
2.84999 0.15001 0.919738
2.84999 0.15001 -1.7086
-1.15826 0.15001 -2.15065
2.32608 0.15001 -2.00186
1.36501 0.15001 0.0624041
2.67473 0.15001 -2.18508
2.35379 0.15001 -0.113624
1.52915 0.15001 0.723565
2.68375 0.15001 -1.23641
-1.95935 0.15001 1.23594
-0.8518 0.15001 -0.10601
1.62471 0.15001 -2.13572
2.18253 0.15001 -1.52558
-0.0558623 0.15001 -2.67497
0.838516 0.15001 -2.14525
-2.84999 0.15001 -0.376669
1.81384 0.15001 -2.49222
0.867285 0.15001 2.33303
-0.762545 0.15001 1.27091
-1.2258 0.15001 0.365256
1.77842 0.15001 2.84999
0.645872 0.15001 -1.7999
1.81151 0.15001 -2.09208
1.9933 0.15001 -1.80807
1.4111 0.15001 -2.84999
0.939728 0.15001 -1.62619
-1.05495 0.15001 2.14697
1.03753 0.15001 -0.320084
1.69413 0.15001 0.630679
2.84999 0.15001 2.67498
2.77336 0.15001 2.84999
1.24073 0.15001 -1.79152
2.84999 0.15001 -2.27897
0.635412 0.15001 -2.49961
-0.316929 0.15001 -0.551907
0.710837 0.15001 -0.901732
0.742776 0.15001 -1.97214
1.36573 0.15001 2.14245
0.874866 0.15001 -0.799359
0.699179 0.15001 1.59496
-1.75618 0.15001 2.31392
0.154372 0.15001 2.14737
-0.136571 0.15001 0.910752
0.538162 0.15001 0.527545
2.51036 0.15001 1.89133
2.84999 0.15001 -0.764308
-2.49864 0.15001 1.57789
2.51257 0.15001 1.69309
1.67969 0.15001 1.786
2.0094 0.15001 1.79212
0.369808 0.15001 0.813725
-0.658904 0.15001 -0.0709326
-0.790482 0.15001 -0.436986
-0.348776 0.15001 -1.459
0.0347587 0.15001 -0.538041
-0.864756 0.15001 1.09497
1.85893 0.15001 0.162482
-1.68752 0.15001 0.109078
0.556945 0.15001 2.14162
1.07269 0.15001 2.67516
1.19684 0.15001 1.29457
-2.84999 0.15001 0.598623
2.15105 0.15001 -2.28832
0.153565 0.15001 2.50141
-0.308221 0.15001 0.228409
1.36469 0.15001 0.43937
-1.35698 0.15001 0.890901
2.02403 0.15001 0.258071
2.84999 0.15001 1.69188
0.373737 0.15001 0.0469325
-0.35832 0.15001 1.98032
1.02963 0.15001 -2.49513
2.32418 0.15001 -2.38486
2.68174 0.15001 -1.61416
1.21647 0.15001 -2.84999
2.32136 0.15001 -2.58103
1.37652 0.15001 2.84999
1.85766 0.15001 0.914917
2.51708 0.15001 1.11002
2.17766 0.15001 1.69368
2.84999 0.15001 0.730852
1.31986 0.15001 -2.67017
2.32271 0.15001 -2.19178
0.203785 0.15001 0.716835
1.69339 0.15001 -1.06197
0.45629 0.15001 2.67389
-1.1583 0.15001 2.3197
0.970157 0.15001 2.50246
2.57596 0.15001 2.84952
2.34472 0.15001 -1.62003
2.68503 0.15001 0.0755952
1.20086 0.15001 -0.0340277
-0.137143 0.15001 0.328321
-0.560699 0.15001 1.27696
1.85917 0.15001 0.538114
0.0543378 0.15001 2.32197
0.869586 0.15001 0.720341
0.358636 0.15001 1.78393
2.49989 0.15001 -2.09125
1.17334 0.15001 2.50038
-2.15337 0.15001 1.58939
0.701971 0.15001 1.00785
2.5052 0.15001 -1.90213
1.52978 0.15001 -0.406032
2.68497 0.15001 -0.297715
2.84999 0.15001 -0.577076
2.02347 0.15001 -0.304637
2.1869 0.15001 -1.33419
-0.558953 0.15001 1.62486
1.27548 0.15001 2.6748
2.51928 0.15001 -0.0188276
2.67895 0.15001 -2.56674
0.875883 0.15001 -0.991371
2.68459 0.15001 -0.671553
2.52562 0.15001 -2.84999
2.02374 0.15001 0.0704676
1.68565 0.15001 1.588
2.1889 0.15001 0.165797
2.00133 0.15001 2.18477
1.36063 0.15001 1.79697
2.35395 0.15001 0.0734832
0.145982 0.15001 -2.67692
1.03869 0.15001 -0.699225
2.51101 0.15001 -1.71197
0.0344808 0.15001 0.0399906
1.69414 0.15001 -0.121415
1.69402 0.15001 -0.497353
1.85843 0.15001 -0.588381
-0.15889 0.15001 1.63058
-0.310812 0.15001 1.00429
2.84999 0.15001 0.356059
2.01429 0.15001 -1.62062
2.5155 0.15001 -1.52122
-0.856702 0.15001 0.754017
2.68405 0.15001 -1.04715
0.438391 0.15001 -2.50512
2.84999 0.15001 -0.952025
-0.308004 0.15001 0.428084
1.52741 0.15001 1.10292
-0.558445 0.15001 1.97618
2.18831 0.15001 0.728941
2.68356 0.15001 1.01554
-2.84999 0.15001 0.988141
0.866214 0.15001 1.29841
1.67306 0.15001 2.66885
1.76595 0.15001 2.49235
0.361502 0.15001 1.39885
1.99093 0.15001 -2.84999
1.476 0.15001 2.67014
2.67637 0.15001 -1.99552
-0.454607 0.15001 2.15083
2.51763 0.15001 -1.33191
0.926772 0.15001 -2.67265
0.729212 0.15001 -2.67669
1.54143 0.15001 -1.55541
0.0346856 0.15001 0.619485
-0.958608 0.15001 -2.1488
-2.67675 0.15001 0.505025
-1.26673 0.15001 1.43102
2.17053 0.15001 2.08675
0.872907 0.15001 -0.228501
1.19942 0.15001 1.68975
1.19959 0.15001 0.721514
1.69333 0.15001 -1.4408
2.35353 0.15001 -0.487787
0.204626 0.15001 0.139368
1.85863 0.15001 -0.400774
-0.499543 0.15001 -0.461765
2.18799 0.15001 -0.770578
2.84999 0.15001 2.2831
2.51794 0.15001 -1.14257
2.84999 0.15001 -2.6599
1.51594 0.15001 -2.6691
2.18141 0.15001 -2.84999
0.548216 0.15001 -1.6294
1.82618 0.15001 -1.70895
1.66242 0.15001 2.32045
1.69054 0.15001 1.19942
1.85155 0.15001 1.49151
2.68451 0.15001 0.637019
2.51758 0.15001 0.91962
1.46124 0.15001 -1.82455
0.839742 0.15001 -1.45014
0.37703 0.15001 -0.719873
2.33655 0.15001 -1.81074
0.540588 0.15001 0.145488
0.700564 0.15001 1.20181
2.5191 0.15001 -0.392562
2.84999 0.15001 -0.203556
2.33419 0.15001 2.19523
2.84999 0.15001 -0.0170753
1.19816 0.15001 1.10205
2.15043 0.15001 -2.4832
-0.356901 0.15001 -2.84999
2.51857 0.15001 -0.766715
1.69358 0.15001 0.81916
1.97102 0.15001 2.48459
2.84999 0.15001 -1.3294
2.02303 0.15001 0.821834
1.52957 0.15001 -0.0296131
2.35327 0.15001 -0.674914
2.51884 0.15001 -0.579542
2.84999 0.15001 -2.84999
2.0232 0.15001 -1.2409
-2.15793 0.15001 0.409974
2.10713 0.15001 -2.67176
2.02358 0.15001 -0.11712
1.52858 0.15001 0.912601
-0.469601 0.15001 -0.0627614
-1.43801 0.15001 0.702498
0.541363 0.15001 -0.045062
1.52922 0.15001 -1.16291
2.68482 0.15001 -0.484523
1.03354 0.15001 1.00693
2.02335 0.15001 -1.0536
-0.472482 0.15001 0.729997
-1.51165 0.15001 -0.393062
1.3635 0.15001 1.00661
1.20346 0.15001 -0.98107
1.57663 0.15001 2.84999
1.36419 0.15001 0.816907
2.51097 0.15001 -2.66281
2.67605 0.15001 -2.37516
2.68433 0.15001 -0.859012
1.03814 0.15001 -0.509489
1.37008 0.15001 -1.46202
0.373021 0.15001 0.238371
1.52931 0.15001 -1.35574
1.56388 0.15001 2.14621
2.02386 0.15001 0.633549
2.68152 0.15001 1.59369
2.67926 0.15001 -1.8053
1.98576 0.15001 -2.00069
0.873572 0.15001 -0.418264
2.84999 0.15001 -0.390191
0.703209 0.15001 0.815277
2.35414 0.15001 0.260658
0.868595 0.15001 0.911497
-0.347764 0.15001 2.67118
0.656537 0.15001 2.32706
2.34621 0.15001 1.59413
