1240 0.1
-0.432406 0.897806 -0.432382
-0.440562 0.889768 -0.246892
-0.440106 0.890079 -0.0622839
-0.441682 0.888633 0.122423
-0.444793 0.885865 0.305675
-0.450287 0.880043 0.488374
-0.458344 0.872376 0.676501
-0.468835 0.861179 0.868183
-0.480949 0.84918 1.06169
-0.490202 0.840569 1.25643
-0.440569 1.08329 -0.440574
-0.449216 1.07581 -0.254601
-0.448631 1.07615 -0.0689878
-0.450033 1.07476 0.116797
-0.452971 1.07196 0.300546
-0.457884 1.06661 0.484711
-0.464958 1.06 0.674244
-0.474384 1.05068 0.867384
-0.485103 1.04194 1.06312
-0.493784 1.03633 1.26066
-0.440093 1.26787 -0.44008
-0.448588 1.26149 -0.253936
-0.448076 1.26155 -0.0684578
-0.449563 1.26018 0.117076
-0.452722 1.25737 0.300735
-0.45812 1.25268 0.484638
-0.465848 1.24753 0.674379
-0.475886 1.2409 0.8685
-0.486873 1.23542 1.06575
-0.495537 1.23456 1.26443
-0.44169 1.45257 -0.441681
-0.450045 1.44732 -0.255609
-0.449641 1.44703 -0.0702506
-0.451215 1.44564 0.115187
-0.454509 1.44292 0.298997
-0.460316 1.43903 0.483063
-0.468742 1.43531 0.673702
-0.479202 1.43069 0.869795
-0.490104 1.42857 1.06981
-0.498379 1.43461 1.27002
-0.444885 1.6358 -0.444853
-0.452977 1.63109 -0.258703
-0.452756 1.6307 -0.0732266
-0.454514 1.62949 0.112376
-0.45667 1.62708 0.296614
-0.463003 1.62403 0.481495
-0.473097 1.62185 0.673931
-0.483847 1.62083 0.872934
-0.494445 1.62378 1.07729
-0.499862 1.62999 1.27465
-0.450318 1.8185 -0.450297
-0.457863 1.81529 -0.263677
-0.45806 1.81465 -0.0775693
-0.460309 1.81358 0.10879
-0.462938 1.81192 0.293807
-0.46956 1.81099 0.48073
-0.479607 1.81293 0.67623
-0.4899 1.8168 0.878542
-0.499973 1.8214 1.08505
-0.500905 1.82058 1.27912
-0.458469 2.00651 -0.458437
-0.465054 2.0048 -0.270746
-0.465907 2.0045 -0.0830956
-0.468826 2.0042 0.104789
-0.473131 2.00424 0.291473
-0.479656 2.00639 0.482753
-0.488017 2.01236 0.68253
-0.49718 2.01807 0.88579
-0.503937 2.01926 1.08447
-0.51058 2.01517 1.28858
-0.469051 2.19819 -0.469013
-0.474378 2.19795 -0.279385
-0.475868 2.19884 -0.0891683
-0.479171 2.20018 0.100669
-0.483817 2.20321 0.290875
-0.489923 2.20809 0.486991
-0.497192 2.21786 0.688136
-0.502359 2.21871 0.888621
-0.510612 2.2206 1.09131
-0.516174 2.22132 1.29745
-0.480869 2.39165 -0.480827
-0.485095 2.39362 -0.288092
-0.486871 2.3962 -0.09469
-0.490088 2.4001 0.0984178
-0.494444 2.40753 0.294019
-0.499971 2.41293 0.492438
-0.502812 2.4173 0.68906
-0.510708 2.42172 0.888909
-0.516691 2.42625 1.09522
-0.520193 2.42865 1.30881
-0.490787 2.58722 -0.490276
-0.493869 2.59105 -0.293878
-0.495668 2.59497 -0.0967715
-0.498553 2.60042 0.100776
-0.50004 2.60508 0.295964
-0.503623 2.61231 0.489487
-0.510668 2.61688 0.68809
-0.516027 2.62805 0.892236
-0.520261 2.6383 1.10268
-0.523016 2.64508 1.31645
-0.246927 0.889708 -0.440586
-0.254609 0.880744 -0.254628
-0.253934 0.882363 -0.0689875
-0.255624 0.879932 0.116816
-0.258658 0.87753 0.300603
-0.263684 0.872262 0.484842
-0.27069 0.865712 0.67438
-0.279402 0.856093 0.867414
-0.288468 0.84523 1.0629
-0.295502 0.836231 1.26048
-0.254597 1.07576 -0.449234
-0.262282 1.06769 -0.262296
-0.26155 1.06954 -0.0748263
-0.263056 1.06687 0.112457
-0.265944 1.06462 0.297258
-0.270463 1.05972 0.483409
-0.276546 1.05408 0.674467
-0.284013 1.04655 0.86897
-0.291756 1.0386 1.0667
-0.297671 1.0323 1.26586
-0.253957 1.26145 -0.448624
-0.261558 1.2551 -0.261591
-0.260893 1.25679 -0.0745072
-0.262469 1.25367 0.112355
-0.265518 1.25154 0.296905
-0.270427 1.2473 0.482666
-0.277051 1.24294 0.673951
-0.284965 1.23761 0.869501
-0.29292 1.23219 1.06892
-0.298875 1.22841 1.26922
-0.255613 1.44729 -0.450066
-0.263073 1.44231 -0.263097
-0.262503 1.44375 -0.076254
-0.264128 1.44036 0.110449
-0.267299 1.43839 0.295092
-0.272451 1.43493 0.481036
-0.279439 1.43151 0.673241
-0.287429 1.42778 0.870648
-0.295197 1.42525 1.07259
-0.300935 1.42476 1.27459
-0.258729 1.63109 -0.453015
-0.265948 1.62711 -0.265983
-0.265533 1.62822 -0.0790948
-0.267306 1.625 0.107762
-0.269665 1.62335 0.292799
-0.275056 1.6208 0.479588
-0.282881 1.61889 0.673405
-0.290776 1.61866 0.873082
-0.298263 1.62026 1.07783
-0.30477 1.62227 1.28183
-0.263694 1.81533 -0.457891
-0.270445 1.81329 -0.270473
-0.270374 1.81392 -0.082984
-0.272466 1.8109 0.104481
-0.275014 1.81011 0.290291
-0.280311 1.8097 0.479019
-0.287738 1.81091 0.675149
-0.295079 1.8143 0.877142
-0.302183 1.81836 1.08439
-0.307787 1.82108 1.29048
-0.270797 2.00487 -0.465083
-0.276617 2.00456 -0.276643
-0.277095 2.00489 -0.0877373
-0.279508 2.0032 0.100799
-0.282902 2.00381 0.288226
-0.287761 2.00595 0.480268
-0.293783 2.00939 0.678892
-0.300228 2.01461 0.882678
-0.305525 2.01937 1.09116
-0.30608 2.02256 1.29976
-0.279474 2.19804 -0.474403
-0.283995 2.19933 -0.284014
-0.284966 2.20006 -0.0929123
-0.287419 2.20069 0.0971881
-0.290759 2.20352 0.287965
-0.295103 2.20799 0.483617
-0.300276 2.21304 0.68391
-0.305289 2.21897 0.88843
-0.308204 2.22401 1.09737
-0.311437 2.22755 1.30737
-0.288214 2.39372 -0.48512
-0.291761 2.3971 -0.291775
-0.292924 2.39913 -0.0982196
-0.295197 2.40262 0.0947563
-0.29827 2.40822 0.28971
-0.302126 2.41491 0.487791
-0.305251 2.4211 0.68885
-0.308543 2.42762 0.89364
-0.311286 2.43301 1.1029
-0.313211 2.43663 1.31436
-0.295284 2.59113 -0.493915
-0.297716 2.59635 -0.297755
-0.298934 2.59924 -0.101606
-0.300987 2.60461 0.0948083
-0.304713 2.61219 0.292306
-0.30657 2.62096 0.491218
-0.308725 2.62922 0.692561
-0.311365 2.63738 0.897348
-0.313204 2.64433 1.10651
-0.314241 2.64878 1.31864
-0.0623262 0.890026 -0.440103
-0.0689735 0.882441 -0.253924
-0.068466 0.881864 -0.0684445
-0.0702547 0.88101 0.117074
-0.0731651 0.877563 0.300729
-0.0775839 0.872431 0.484653
-0.0831355 0.864734 0.674411
-0.0894476 0.854402 0.868566
-0.09569 0.843629 1.06583
-0.100019 0.834392 1.26446
-0.0689894 1.07608 -0.448595
-0.0748167 1.06963 -0.261504
-0.0744848 1.06892 -0.0744306
-0.0762073 1.06816 0.112448
-0.0790669 1.06483 0.296977
-0.0829774 1.06009 0.482719
-0.0876647 1.05351 0.673952
-0.0928935 1.04543 0.869475
-0.0981807 1.03765 1.0689
-0.10156 1.03096 1.26919
-0.0684907 1.26143 -0.448025
-0.0744768 1.25689 -0.260834
-0.0741126 1.25563 -0.0740518
-0.0758312 1.25487 0.112496
-0.0787304 1.25164 0.296847
-0.0828694 1.24759 0.482291
-0.087911 1.24264 0.673755
-0.0934906 1.23705 0.870212
-0.098922 1.23177 1.07103
-0.102214 1.22752 1.27232
-0.0702564 1.44684 -0.449585
-0.0762274 1.44385 -0.26244
-0.075882 1.44213 -0.0758166
-0.0775321 1.4414 0.110662
-0.0804624 1.43831 0.295148
-0.0845867 1.43498 0.480923
-0.0896665 1.43124 0.67343
-0.0952349 1.42754 0.871631
-0.100375 1.42557 1.07462
-0.103203 1.42445 1.27746
-0.073247 1.63047 -0.452716
-0.0790639 1.62832 -0.265483
-0.0787575 1.6265 -0.0787084
-0.0804587 1.62591 0.108024
-0.0827504 1.62325 0.292964
-0.086863 1.62075 0.479822
-0.092188 1.619 0.674073
-0.097576 1.61917 0.87429
-0.102101 1.62124 1.07954
-0.105018 1.62236 1.28436
-0.077587 1.81441 -0.45803
-0.0829533 1.814 -0.270333
-0.0828463 1.81203 -0.0828065
-0.0846107 1.81168 0.104645
-0.0868362 1.81009 0.290486
-0.090696 1.80983 0.479636
-0.0956285 1.81174 0.676241
-0.100322 1.81537 0.878439
-0.103972 1.8196 1.08553
-0.107372 1.82163 1.29245
-0.083217 2.00421 -0.465858
-0.0877085 2.00495 -0.277038
-0.0879337 2.00376 -0.0878876
-0.0897177 2.00405 0.100739
-0.0921928 2.00435 0.288559
-0.0956325 2.00641 0.481296
-0.0995525 2.01063 0.680217
-0.103111 2.01588 0.883925
-0.106122 2.02083 1.09223
-0.106856 2.02306 1.30103
-0.0894452 2.19855 -0.475822
-0.0928872 2.20009 -0.284921
-0.0934935 2.20053 -0.0934589
-0.0952418 2.20211 0.0969594
-0.0975606 2.20462 0.288499
-0.10034 2.20843 0.484708
-0.103144 2.21435 0.685151
-0.105854 2.2203 0.889662
-0.107181 2.22557 1.0986
-0.106868 2.22795 1.30897
-0.0950066 2.39597 -0.486854
-0.098197 2.39912 -0.292904
-0.0989356 2.40154 -0.0989195
-0.100393 2.4051 0.094723
-0.102102 2.40978 0.29034
-0.103967 2.41565 0.488687
-0.106621 2.42257 0.689862
-0.107358 2.42898 0.894712
-0.106858 2.43461 1.10392
-0.107235 2.43731 1.31558
-0.0999014 2.59473 -0.495688
-0.101579 2.59923 -0.298937
-0.102237 2.60289 -0.102242
-0.103229 2.60789 0.0947681
-0.105077 2.61456 0.292737
-0.106309 2.62271 0.491961
-0.106975 2.6313 0.693352
-0.106825 2.63925 0.898161
-0.10724 2.64607 1.10736
-0.107383 2.6499 1.31977
0.122377 0.888627 -0.441681
0.116815 0.879948 -0.255627
0.117049 0.881013 -0.0702547
0.115193 0.878971 0.115195
0.112469 0.875388 0.299003
0.108732 0.869978 0.48309
0.104535 0.861612 0.673734
0.0997918 0.851021 0.869824
0.0962664 0.840074 1.06974
0.0955058 0.831736 1.27012
0.116795 1.07476 -0.450032
0.112463 1.06688 -0.263061
0.11239 1.06816 -0.0762238
0.11051 1.06607 0.110491
0.107794 1.06258 0.295106
0.104512 1.05784 0.481054
0.100876 1.05087 0.673247
0.097218 1.04287 0.870654
0.0948055 1.03505 1.07259
0.0947754 1.02936 1.27457
0.117034 1.26017 -0.449583
0.11238 1.25367 -0.262493
0.112434 1.25485 -0.0758659
0.110629 1.25262 0.110591
0.107977 1.24941 0.295075
0.104575 1.24568 0.480875
0.100702 1.24065 0.673417
0.0969248 1.23509 0.871639
0.0947245 1.22997 1.07467
0.0947628 1.22717 1.27749
0.115178 1.44565 -0.451214
0.110474 1.44035 -0.264133
0.110592 1.44135 -0.0775471
0.108965 1.43905 0.108947
0.1064 1.43627 0.29364
0.103145 1.4334 0.480058
0.0993754 1.42971 0.673758
0.0960311 1.42632 0.87326
0.0944891 1.42489 1.07779
0.0948039 1.42525 1.28202
0.112367 1.62953 -0.454524
0.107782 1.62499 -0.267317
0.107974 1.62583 -0.0804696
0.106411 1.62372 0.106398
0.104578 1.62158 0.291662
0.101416 1.61987 0.479579
0.0976789 1.61878 0.675085
0.0951788 1.61939 0.875929
0.0944222 1.62149 1.08195
0.0946099 1.6239 1.28808
0.108763 1.81364 -0.460332
0.104517 1.8109 -0.272482
0.104609 1.81162 -0.0846144
0.103113 1.81009 0.103112
0.101439 1.80957 0.289608
0.0986712 1.81048 0.480251
0.0959192 1.81295 0.677896
0.0946504 1.81645 0.880271
0.0945107 1.8203 1.08758
0.0938073 1.82343 1.29555
0.104457 2.00429 -0.468864
0.100839 2.00321 -0.279539
0.100697 2.00398 -0.0897339
0.0993315 2.00382 0.0993256
0.0976858 2.00524 0.288379
0.095932 2.00809 0.482566
0.0947984 2.01247 0.682079
0.0945115 2.01708 0.885845
0.0939009 2.02166 1.0942
0.0936885 2.02494 1.30369
0.0999309 2.20028 -0.47921
0.0972276 2.20073 -0.287439
0.0969289 2.20204 -0.0952459
0.0960125 2.2035 0.0960267
0.0951871 2.20625 0.289061
0.0946381 2.21053 0.486167
0.094493 2.21612 0.686872
0.0939529 2.22156 0.891393
0.0945276 2.2264 1.10036
0.095723 2.22975 1.31125
0.0976532 2.40008 -0.490119
0.0947853 2.40269 -0.295208
0.0947068 2.4051 -0.100388
0.0944643 2.40802 0.0944831
0.0944114 2.41233 0.291122
0.0945063 2.41788 0.489896
0.0938009 2.4245 0.691214
0.0947243 2.43064 0.896061
0.0954013 2.43552 1.10535
0.0960437 2.43905 1.3174
0.0955414 2.60052 -0.498625
0.0947953 2.6047 -0.300953
0.0947793 2.60795 -0.103228
0.0948128 2.61231 0.0948105
0.0945983 2.61843 0.293365
0.0940548 2.62583 0.492844
0.0950196 2.63405 0.694322
0.09575 2.64137 0.899152
0.0960487 2.64752 1.10841
0.0963241 2.65173 1.3211
0.305641 0.885841 -0.444806
0.300564 0.877519 -0.258672
0.3007 0.877459 -0.0732001
0.299002 0.875391 0.112372
0.296791 0.87385 0.296611
0.293668 0.867258 0.481466
0.290857 0.857283 0.673754
0.289093 0.846204 0.872216
0.289975 0.835587 1.07509
0.292335 0.828026 1.27767
0.300554 1.07194 -0.452972
0.297264 1.0646 -0.265944
0.296918 1.06473 -0.0790591
0.29513 1.06259 0.107813
0.292822 1.06087 0.292847
0.290319 1.05519 0.47961
0.288289 1.04751 0.673416
0.28801 1.03934 0.87306
0.289759 1.03171 1.0777
0.292296 1.02714 1.28182
0.300701 1.25737 -0.452725
0.296925 1.25151 -0.265514
0.29679 1.25157 -0.0787235
0.295113 1.24943 0.107988
0.292928 1.24777 0.29294
0.290429 1.24338 0.479798
0.28851 1.23823 0.67408
0.288477 1.2327 0.87432
0.290349 1.22782 1.07958
0.292713 1.22658 1.28437
0.298999 1.44294 -0.454519
0.295117 1.43836 -0.267293
0.295077 1.43825 -0.0804464
0.293654 1.43629 0.106422
0.291669 1.43507 0.291692
0.289633 1.43167 0.479578
0.288383 1.42806 0.675062
0.289066 1.42562 0.875912
0.291133 1.4242 1.08198
0.293353 1.42595 1.28808
0.296621 1.62712 -0.456693
0.29281 1.62331 -0.269675
0.292911 1.62321 -0.0827557
0.291675 1.62158 0.104577
0.290503 1.62092 0.290509
0.289183 1.61944 0.480132
0.288704 1.61899 0.677326
0.290078 1.62053 0.878193
0.292202 1.62189 1.08453
0.294022 1.62517 1.29278
0.293747 1.81203 -0.462963
0.29033 1.81008 -0.275023
0.290449 1.81007 -0.0868359
0.289603 1.80955 0.101443
0.289192 1.81046 0.289193
0.28899 1.81196 0.48166
0.28962 1.81468 0.680574
0.291425 1.81856 0.882483
0.293388 1.82117 1.08955
0.294385 1.82491 1.29939
0.290701 2.00424 -0.473139
0.288281 2.00376 -0.282898
0.288526 2.00434 -0.0921806
0.288371 2.0052 0.097708
0.288725 2.0075 0.288749
0.289645 2.01083 0.484512
0.291135 2.01476 0.684651
0.29292 2.01961 0.888373
0.294106 2.02268 1.0967
0.294893 2.02654 1.30715
0.289212 2.20273 -0.483864
0.288024 2.20345 -0.290783
0.28848 2.20456 -0.0975747
0.289037 2.20623 0.0951881
0.290084 2.20829 0.290089
0.291428 2.21272 0.488071
0.292913 2.21847 0.689005
0.294052 2.22406 0.893516
0.295303 2.22777 1.1025
0.296594 2.23127 1.314
0.292077 2.40568 -0.49445
0.289745 2.40813 -0.298225
0.29033 2.40976 -0.102088
0.291107 2.4123 0.0944218
0.292188 2.41445 0.292199
0.293383 2.41946 0.491418
0.294104 2.42673 0.692822
0.295529 2.43278 0.897681
0.296306 2.43714 1.10699
0.297256 2.44031 1.31955
0.292379 2.60839 -0.502467
0.292319 2.61234 -0.303509
0.292747 2.61461 -0.104331
0.293368 2.6185 0.0949073
0.294041 2.62278 0.294126
0.294454 2.62925 0.493886
0.295738 2.63711 0.695463
0.296605 2.64402 0.900345
0.297261 2.64966 1.10967
0.297731 2.65323 1.32279
0.488357 0.880081 -0.450287
0.484718 0.87234 -0.263692
0.484611 0.87231 -0.0775895
0.483123 0.870024 0.108737
0.481694 0.867375 0.293684
0.480354 0.860754 0.480372
0.481104 0.850507 0.675147
0.483475 0.840198 0.876124
0.487308 0.830327 1.08178
0.490956 0.823435 1.28686
0.484717 1.06665 -0.457831
0.483406 1.0598 -0.270412
0.482678 1.05998 -0.082934
0.481084 1.05788 0.104554
0.479579 1.05529 0.290353
0.479061 1.05002 0.479065
0.480311 1.0424 0.675166
0.483686 1.0352 0.877142
0.487802 1.02838 1.08407
0.49131 1.02418 1.29044
0.484608 1.25272 -0.458057
0.482676 1.24737 -0.270367
0.482264 1.24751 -0.0828123
0.48091 1.2457 0.104636
0.479789 1.24348 0.290488
0.479612 1.23963 0.479648
0.481226 1.23451 0.676268
0.484698 1.23003 0.878493
0.488699 1.2266 1.08561
0.491934 1.22521 1.29252
0.483075 1.43902 -0.460271
0.481063 1.43498 -0.272408
0.480871 1.43493 -0.0845521
0.480057 1.43341 0.103178
0.479551 1.43176 0.289662
0.480252 1.42903 0.480261
0.482513 1.42604 0.677871
0.486162 1.42499 0.880226
0.489903 1.42526 1.08757
0.492829 1.42567 1.29558
0.481526 1.62397 -0.462961
0.479581 1.62084 -0.275009
0.479785 1.62072 -0.0868198
0.479582 1.61988 0.101458
0.480113 1.61951 0.289214
0.48167 1.61939 0.481691
0.484462 1.6197 0.680601
0.488069 1.6217 0.882512
0.49141 1.62429 1.08952
0.493839 1.62543 1.29937
0.480562 1.81074 -0.469531
0.479061 1.80968 -0.280273
0.479611 1.80984 -0.0906588
0.480232 1.81044 0.0987107
0.481653 1.81196 0.289016
0.483927 1.81435 0.483947
0.486953 1.81712 0.683937
0.490213 1.8205 0.886493
0.493034 1.82396 1.09379
0.494819 1.82544 1.30483
0.480774 2.00563 -0.479671
0.480341 2.00589 -0.287755
0.481287 2.00644 -0.0956211
0.48254 2.00805 0.0959511
0.484487 2.01079 0.28965
0.486976 2.01431 0.486978
0.48974 2.01783 0.687659
0.492382 2.02158 0.891646
0.494453 2.02558 1.10006
0.495805 2.02711 1.3114
0.483533 2.20661 -0.49
0.483689 2.20784 -0.295119
0.484705 2.20851 -0.100347
0.486141 2.21049 0.0946439
0.48807 2.21267 0.291432
0.490221 2.21679 0.490218
0.492372 2.22193 0.691415
0.494287 2.22614 0.896039
0.495851 2.2304 1.10504
0.497083 2.23196 1.31721
0.489798 2.41206 -0.499928
0.487813 2.41459 -0.301974
0.488681 2.41574 -0.10387
0.489884 2.41788 0.0945542
0.491413 2.41942 0.293395
0.493031 2.42419 0.493029
0.494453 2.43041 0.694585
0.495968 2.43514 0.899494
0.496985 2.43966 1.10888
0.4979 2.44135 1.32198
0.491041 2.61707 -0.506918
0.491336 2.62083 -0.306287
0.491967 2.62265 -0.105334
0.492845 2.62581 0.0951516
0.49386 2.6292 0.294998
0.494839 2.63529 0.495001
0.496109 2.64159 0.696683
0.497088 2.64734 0.901603
0.497901 2.65252 1.11102
0.498465 2.65489 1.32463
0.676467 0.872227 -0.458408
0.674245 0.865669 -0.270669
0.674364 0.864638 -0.0830158
0.673756 0.861607 0.104553
0.674026 0.857296 0.290835
0.675097 0.85041 0.480963
0.678352 0.842364 0.67825
0.683153 0.832722 0.880824
0.688077 0.824458 1.08875
0.692015 0.818423 1.29613
0.674248 1.05987 -0.465052
0.674459 1.05406 -0.27662
0.67393 1.05342 -0.0877138
0.673257 1.05083 0.100835
0.67336 1.04754 0.288274
0.67518 1.04232 0.480339
0.678893 1.0362 0.678943
0.683958 1.02965 0.882581
0.688921 1.02471 1.09093
0.692607 1.02117 1.29932
0.67436 1.24742 -0.465933
0.673938 1.24296 -0.277114
0.673767 1.24258 -0.0879524
0.673428 1.24066 0.10067
0.674063 1.23808 0.288506
0.676252 1.23445 0.481271
0.68018 1.23052 0.680245
0.685154 1.2268 0.883986
0.689902 1.22527 1.09234
0.69332 1.224 1.30116
0.673724 1.43518 -0.468833
0.673261 1.43155 -0.279504
0.673413 1.43119 -0.0897097
0.673744 1.42976 0.0993454
0.675032 1.42792 0.288383
0.677896 1.42601 0.48255
0.682021 1.42503 0.682067
0.686869 1.42453 0.88583
0.691224 1.42558 1.0942
0.694315 1.42557 1.30372
0.674003 1.62169 -0.473183
0.673367 1.61895 -0.282939
0.674063 1.61898 -0.0922261
0.675091 1.61887 0.0976612
0.677304 1.61892 0.288722
0.680612 1.61972 0.48451
0.684597 1.62131 0.684659
0.689006 1.62307 0.888399
0.692821 1.62529 1.09668
0.695421 1.62592 1.30716
0.675754 1.81262 -0.479697
0.67518 1.81108 -0.287789
0.676241 1.81175 -0.0956561
0.67789 1.81304 0.0959181
0.680576 1.81463 0.28964
0.683939 1.81717 0.486983
0.687645 1.81995 0.687677
0.691419 1.82255 0.891675
0.694601 1.8253 1.1001
0.696639 1.82619 1.31143
0.678308 2.01151 -0.488184
0.678948 2.00962 -0.293852
0.68024 2.01066 -0.0995975
0.682056 2.01256 0.0947909
0.684633 2.01471 0.291148
0.687674 2.01789 0.489767
0.690889 2.02104 0.690931
0.693863 2.02416 0.895393
0.696312 2.02695 1.10425
0.697862 2.02799 1.31633
0.683015 2.2158 -0.497286
0.683988 2.21331 -0.300214
0.68516 2.21437 -0.103089
0.686845 2.21619 0.0945271
0.689008 2.21843 0.29293
0.691431 2.22199 0.492389
0.693855 2.22554 0.693884
0.696056 2.22912 0.898666
0.697822 2.23182 1.10792
0.698991 2.233 1.32084
0.68814 2.41844 -0.503203
0.688911 2.42122 -0.305758
0.689862 2.42272 -0.106146
0.691205 2.42455 0.0939908
0.692819 2.42673 0.294216
0.694598 2.43056 0.49451
0.696315 2.43438 0.696342
0.697848 2.43841 0.90134
0.699059 2.44105 1.11088
0.699885 2.44262 1.32454
0.692274 2.61936 -0.51148
0.69264 2.62924 -0.309053
0.69334 2.63149 -0.106212
0.694322 2.63414 0.0954418
0.69543 2.63714 0.295863
0.69665 2.64176 0.496143
0.697925 2.64665 0.697959
0.698997 2.65109 0.90296
0.699891 2.65466 1.11252
0.700491 2.65687 1.32663
0.868209 0.861106 -0.469035
0.867425 0.856023 -0.279448
0.868546 0.854465 -0.0894233
0.869843 0.851031 0.0999264
0.872421 0.846198 0.289173
0.876085 0.840244 0.483507
0.880822 0.832784 0.683171
0.887244 0.825661 0.887256
0.892649 0.818609 1.0957
0.896571 0.813839 1.30494
0.867416 1.05066 -0.474358
0.868995 1.04648 -0.283971
0.869493 1.04548 -0.0928628
0.87066 1.04285 0.0972467
0.873048 1.03933 0.288028
0.877181 1.0352 0.483695
0.882538 1.02967 0.683955
0.888523 1.02551 0.888499
0.893782 1.02118 1.09749
0.897374 1.01856 1.30752
0.868541 1.2407 -0.475868
0.869508 1.23774 -0.284946
0.870274 1.23708 -0.0934729
0.871657 1.23506 0.0969436
0.874322 1.23271 0.288496
0.878521 1.23001 0.484719
0.88393 1.22675 0.685161
0.889686 1.22571 0.889688
0.894734 1.22395 1.09863
0.898134 1.22289 1.30898
0.869853 1.43005 -0.479193
0.87068 1.42796 -0.287419
0.871658 1.42754 -0.0952293
0.873271 1.42629 0.0960376
0.875907 1.42564 0.289067
0.880289 1.42496 0.486159
0.885791 1.42446 0.686862
0.891393 1.42576 0.891369
0.896079 1.42545 1.10035
0.899141 1.42537 1.31127
0.873024 1.61935 -0.483859
0.873074 1.61884 -0.290779
0.874315 1.61915 -0.0975742
0.87598 1.61935 0.0951865
0.878168 1.62056 0.290082
0.882555 1.62167 0.488075
0.888339 1.62299 0.68901
0.893531 1.62536 0.89352
0.897677 1.62578 1.1025
0.900292 1.62628 1.31399
0.877634 1.8138 -0.489986
0.877144 1.81453 -0.295121
0.878487 1.81532 -0.100351
0.88029 1.81642 0.0946401
0.882489 1.81859 0.291425
0.886514 1.82048 0.490223
0.891642 1.8225 0.69143
0.896032 1.8253 0.89603
0.899513 1.82606 1.10506
0.901602 1.82675 1.31721
0.881417 2.01348 -0.497225
0.882612 2.01482 -0.300143
0.883988 2.01582 -0.103019
0.885854 2.01708 0.094566
0.888361 2.01961 0.292939
0.891677 2.02159 0.492398
0.895347 2.02409 0.693869
0.898635 2.02693 0.898642
0.901325 2.02789 1.10789
0.902917 2.02875 1.32082
0.887168 2.21761 -0.504661
0.888546 2.21919 -0.305032
0.889698 2.22023 -0.105043
0.891382 2.22154 0.0948445
0.893524 2.22405 0.294409
0.896065 2.22618 0.494374
0.898636 2.22906 0.696073
0.901004 2.23179 0.901004
0.902924 2.23299 1.11047
0.904075 2.23395 1.32406
0.889319 2.42611 -0.511607
0.89369 2.42777 -0.309183
0.894714 2.42896 -0.106375
0.896057 2.43061 0.095261
0.897665 2.43276 0.295683
0.899523 2.43515 0.496
0.901322 2.43837 0.697853
0.902924 2.44108 0.902926
0.904258 2.4427 1.1126
0.905037 2.44388 1.32685
0.89646 2.63501 -0.51631
0.897393 2.63759 -0.311364
0.898156 2.63921 -0.106809
0.899154 2.64141 0.0957507
0.900293 2.64402 0.296608
0.901614 2.64736 0.497096
0.902919 2.65105 0.699015
0.90407 2.65468 0.904107
0.905038 2.65711 1.11382
0.905662 2.65864 1.32846
1.0618 0.84902 -0.480965
1.06315 0.84525 -0.288465
1.06582 0.843689 -0.0956888
1.06979 0.840097 0.0962548
1.0753 0.835543 0.28993
1.0818 0.830309 0.487291
1.08873 0.824458 0.688078
1.09569 0.818567 0.892652
1.1015 0.813288 1.1015
1.10544 0.809929 1.31221
1.06315 1.04152 -0.485095
1.06673 1.03865 -0.291742
1.06892 1.0377 -0.0981679
1.07259 1.03506 0.0948199
1.07775 1.03169 0.289767
1.08408 1.02835 0.48781
1.09086 1.02469 0.688919
1.09751 1.02113 0.893766
1.10299 1.0182 1.10298
1.10652 1.01698 1.31435
1.0658 1.23431 -0.486877
1.06894 1.23229 -0.292917
1.07108 1.23183 -0.0989188
1.07466 1.22997 0.0947305
1.07954 1.22781 0.290353
1.08563 1.22659 0.488705
1.09229 1.22525 0.6899
1.09863 1.22392 0.894722
1.10394 1.22278 1.10392
1.10734 1.22289 1.31557
1.06984 1.42628 -0.490122
1.07259 1.42539 -0.295199
1.07468 1.42565 -0.100375
1.07779 1.42486 0.094491
1.08195 1.42422 0.29113
1.08763 1.42524 0.489899
1.09416 1.42555 0.691213
1.10037 1.42545 0.896052
1.10536 1.4254 1.10533
1.1084 1.42629 1.31739
1.07657 1.61991 -0.49454
1.07781 1.62039 -0.298294
1.07956 1.62132 -0.102135
1.082 1.62145 0.0944075
1.0845 1.62191 0.292199
1.08958 1.62424 0.491414
1.09662 1.62526 0.692828
1.1025 1.62578 0.897675
1.10698 1.62635 1.10698
1.10963 1.62755 1.31954
1.0827 1.81722 -0.499876
1.0842 1.81844 -0.301955
1.08557 1.81964 -0.103888
1.0876 1.82028 0.0945374
1.08956 1.82117 0.293385
1.09381 1.82393 0.493025
1.10006 1.82528 0.694595
1.10507 1.82606 0.899496
1.10891 1.8269 1.10889
1.11103 1.82815 1.32198
1.08901 2.01805 -0.505718
1.09092 2.01946 -0.305669
1.09231 2.02087 -0.105271
1.09422 2.02163 0.0948884
1.09668 2.02265 0.2946
1.10009 2.02556 0.494605
1.10422 2.02693 0.696335
1.10788 2.02789 0.901318
1.11086 2.0289 1.11084
1.11252 2.03025 1.32453
1.09564 2.22275 -0.511583
1.09751 2.2241 -0.30908
1.09863 2.22557 -0.106331
1.10036 2.22636 0.0952714
1.1025 2.2277 0.295683
1.10508 2.23042 0.495989
1.10789 2.23176 0.697856
1.11048 2.23299 0.902925
1.1126 2.23425 1.11259
1.1138 2.23537 1.32686
1.09887 2.43189 -0.516827
1.10295 2.43313 -0.311739
1.10391 2.43461 -0.107012
1.10535 2.4355 0.0956646
1.10696 2.43704 0.296597
1.10891 2.43966 0.497134
1.11086 2.44102 0.699107
1.1126 2.4427 0.904263
1.11407 2.44425 1.11407
1.11488 2.44512 1.32887
1.10535 2.64269 -0.520392
1.10653 2.64451 -0.313201
1.10735 2.64607 -0.107228
1.10841 2.64752 0.0960588
1.10962 2.64962 0.297272
1.11105 2.65251 0.497913
1.11251 2.65466 0.699915
1.11379 2.65711 0.905075
1.11488 2.65913 1.1149
1.11551 2.66024 1.32998
1.25652 0.840225 -0.490051
1.26065 0.836196 -0.295101
1.26446 0.834366 -0.0994
1.27013 0.831638 0.0959986
1.2766 0.828707 0.292463
1.28688 0.823362 0.490422
1.29611 0.818375 0.691278
1.30491 0.813838 0.896203
1.31221 0.809917 1.10538
1.31699 0.807347 1.31699
1.26069 1.03572 -0.493866
1.2659 1.03226 -0.29773
1.26922 1.03095 -0.10159
1.27458 1.02931 0.0947805
1.28187 1.0273 0.292309
1.29045 1.02409 0.491321
1.29924 1.02112 0.692623
1.30753 1.01855 0.897394
1.31434 1.01696 1.10653
1.31865 1.01635 1.31866
1.26447 1.23257 -0.495634
1.26923 1.22837 -0.298926
1.27239 1.22756 -0.102236
1.2775 1.22711 0.0947772
1.28435 1.22622 0.292743
1.29254 1.22518 0.491965
1.30109 1.22397 0.693352
1.30898 1.22286 0.898156
1.31559 1.22287 1.10734
1.31975 1.22338 1.31976
1.27011 1.42938 -0.498595
1.27457 1.42467 -0.300992
1.27753 1.42449 -0.103242
1.28201 1.42521 0.0948032
1.28807 1.42566 0.293368
1.29561 1.42565 0.492839
1.30367 1.42556 0.69432
1.31127 1.42532 0.899136
1.3174 1.42629 1.10839
1.32111 1.42717 1.32109
1.27523 1.62421 -0.500683
1.28186 1.62215 -0.304128
1.28444 1.62239 -0.104961
1.28811 1.62389 0.0945497
1.29277 1.62509 0.294031
1.29943 1.62542 0.493865
1.30709 1.62592 0.695442
1.31397 1.62625 0.900302
1.31952 1.62755 1.10963
1.32275 1.62864 1.32275
1.28352 1.81999 -0.504858
1.29052 1.82112 -0.305831
1.29251 1.82169 -0.106457
1.29556 1.82345 0.0942991
1.29936 1.82493 0.294639
1.30484 1.82544 0.494921
1.31137 1.82618 0.696671
1.3172 1.82672 0.901607
1.32198 1.82814 1.11103
1.32462 1.82933 1.32462
1.29625 2.01902 -0.511726
1.29928 2.02252 -0.309064
1.30111 2.02312 -0.106175
1.30374 2.02495 0.0954698
1.30711 2.02654 0.295867
1.3114 2.02711 0.49614
1.3163 2.02796 0.697941
1.32081 2.02871 0.902927
1.32453 2.03023 1.11251
1.32664 2.03141 1.32664
1.30488 2.22389 -0.516244
1.30753 2.22743 -0.311355
1.30898 2.22795 -0.106809
1.31126 2.22976 0.0957444
1.31399 2.23123 0.296595
1.31725 2.23196 0.497081
1.32081 2.233 0.69899
1.32406 2.23391 0.904075
1.32686 2.23533 1.1138
1.32845 2.23665 1.32846
1.3115 2.43466 -0.52035
1.31435 2.43666 -0.313208
1.31557 2.43727 -0.107232
1.31741 2.43906 0.0960548
1.31953 2.44024 0.297266
1.32199 2.44136 0.497904
1.32453 2.44262 0.699893
1.32685 2.44383 0.905042
1.32887 2.44505 1.11488
1.32996 2.44628 1.32996
1.31698 2.64709 -0.523065
1.31866 2.64881 -0.314241
1.31977 2.64988 -0.107383
1.32111 2.65174 0.0963241
1.32273 2.65323 0.297729
1.32464 2.65489 0.498468
1.32663 2.65687 0.700493
1.32845 2.65858 0.905662
1.32995 2.6601 1.11551
1.33086 2.66127 1.33086
-3 0 -3
-3 0 3
-3 1 -3
-3 1 3
-3 2 -3
-3 2 3
-3 3 -3
-3 3 3
-3 4 -3
-3 4 3
-3 5 -3
-3 5 3
-3 6 -3
-3 6 3
-2 0 -3
-2 0 3
-2 1 -3
-2 1 3
-2 2 -3
-2 2 3
-2 3 -3
-2 3 3
-2 4 -3
-2 4 3
-2 5 -3
-2 5 3
-2 6 -3
-2 6 3
-1 0 -3
-1 0 3
-1 1 -3
-1 1 3
-1 2 -3
-1 2 3
-1 3 -3
-1 3 3
-1 4 -3
-1 4 3
-1 5 -3
-1 5 3
-1 6 -3
-1 6 3
0 0 -3
0 0 3
0 1 -3
0 1 3
0 2 -3
0 2 3
0 3 -3
0 3 3
0 4 -3
0 4 3
0 5 -3
0 5 3
0 6 -3
0 6 3
1 0 -3
1 0 3
1 1 -3
1 1 3
1 2 -3
1 2 3
1 3 -3
1 3 3
1 4 -3
1 4 3
1 5 -3
1 5 3
1 6 -3
1 6 3
2 0 -3
2 0 3
2 1 -3
2 1 3
2 2 -3
2 2 3
2 3 -3
2 3 3
2 4 -3
2 4 3
2 5 -3
2 5 3
2 6 -3
2 6 3
-3 0 -3
-3 7 -3
-3 0 -2
-3 7 -2
-3 0 -1
-3 7 -1
-3 0 0
-3 7 0
-3 0 1
-3 7 1
-3 0 2
-3 7 2
-2 0 -3
-2 7 -3
-2 0 -2
-2 7 -2
-2 0 -1
-2 7 -1
-2 0 0
-2 7 0
-2 0 1
-2 7 1
-2 0 2
-2 7 2
-1 0 -3
-1 7 -3
-1 0 -2
-1 7 -2
-1 0 -1
-1 7 -1
-1 0 0
-1 7 0
-1 0 1
-1 7 1
-1 0 2
-1 7 2
0 0 -3
0 7 -3
0 0 -2
0 7 -2
0 0 -1
0 7 -1
0 0 0
0 7 0
0 0 1
0 7 1
0 0 2
0 7 2
1 0 -3
1 7 -3
1 0 -2
1 7 -2
1 0 -1
1 7 -1
1 0 0
1 7 0
1 0 1
1 7 1
1 0 2
1 7 2
2 0 -3
2 7 -3
2 0 -2
2 7 -2
2 0 -1
2 7 -1
2 0 0
2 7 0
2 0 1
2 7 1
2 0 2
2 7 2
-3 0 -3
3 0 -3
-3 0 -2
3 0 -2
-3 0 -1
3 0 -1
-3 0 0
3 0 0
-3 0 1
3 0 1
-3 0 2
3 0 2
-3 1 -3
3 1 -3
-3 1 -2
3 1 -2
-3 1 -1
3 1 -1
-3 1 0
3 1 0
-3 1 1
3 1 1
-3 1 2
3 1 2
-3 2 -3
3 2 -3
-3 2 -2
3 2 -2
-3 2 -1
3 2 -1
-3 2 0
3 2 0
-3 2 1
3 2 1
-3 2 2
3 2 2
-3 3 -3
3 3 -3
-3 3 -2
3 3 -2
-3 3 -1
3 3 -1
-3 3 0
3 3 0
-3 3 1
3 3 1
-3 3 2
3 3 2
-3 4 -3
3 4 -3
-3 4 -2
3 4 -2
-3 4 -1
3 4 -1
-3 4 0
3 4 0
-3 4 1
3 4 1
-3 4 2
3 4 2
-3 5 -3
3 5 -3
-3 5 -2
3 5 -2
-3 5 -1
3 5 -1
-3 5 0
3 5 0
-3 5 1
3 5 1
-3 5 2
3 5 2
-3 6 -3
3 6 -3
-3 6 -2
3 6 -2
-3 6 -1
3 6 -1
-3 6 0
3 6 0
-3 6 1
3 6 1
-3 6 2
3 6 2
