1000 0.1
1.86041 0.15001 -0.0155129
-2.67705 0.15001 0.91107
-2.50054 0.15001 -2.3123
-2.33317 0.15001 -2.41855
-2.84728 0.15001 -0.550887
2.84999 0.15001 1.31772
1.47015 0.15001 1.97179
-1.5621 0.15001 1.6079
-1.46149 0.15001 -0.720397
-0.661046 0.15001 0.0496578
-2.66538 0.15001 2.28781
0.56113 0.15001 2.84999
-0.260183 0.15001 1.45679
2.84999 0.15001 0.555431
-0.75428 0.15001 1.62908
-0.259835 0.15001 -1.97207
-0.362375 0.15001 -1.11027
0.157824 0.15001 -1.26828
-0.941992 0.15001 0.579175
-0.132827 0.15001 1.31289
-2.1421 0.15001 -1.93057
-2.84464 0.15001 -2.1001
-0.662938 0.15001 -0.752956
-1.77158 0.15001 -2.50154
-1.37433 0.15001 -2.14459
2.5204 0.15001 0.55507
-2.67269 0.15001 -1.81606
-0.46831 0.15001 -2.67467
-2.49371 0.15001 0.422871
-1.66274 0.15001 1.42521
-2.13925 0.15001 -0.994729
0.210645 0.15001 -0.424762
-1.91121 0.15001 -0.440077
-1.97092 0.15001 -1.46913
0.628701 0.15001 -2.84418
-2.33052 0.15001 -1.02409
0.550388 0.15001 -0.997282
-1.47432 0.15001 -1.26336
-1.15159 0.15001 0.918127
-2.84771 0.15001 0.0276286
-0.163936 0.15001 -2.49892
-1.66265 0.15001 -0.749242
-0.274484 0.15001 -0.938626
0.736817 0.15001 -2.3177
-0.0530506 0.15001 -1.62089
-0.767435 0.15001 -2.14644
0.25786 0.15001 2.67783
-0.246329 0.15001 2.84999
-1.19374 0.15001 -0.498434
-2.67556 0.15001 1.887
-1.56495 0.15001 -1.79875
-2.49488 0.15001 -1.52438
-1.13962 0.15001 0.565662
-1.37908 0.15001 -1.08221
-1.05045 0.15001 2.84999
-1.85805 0.15001 2.14487
-2.67353 0.15001 1.69325
-2.84999 0.15001 2.35705
-2.33079 0.15001 1.30473
0.877533 0.15001 1.50516
-0.553791 0.15001 -1.12321
1.42491 0.15001 -2.49009
-1.33988 0.15001 -0.882966
-0.963931 0.15001 -0.809239
-0.555636 0.15001 0.930629
-1.28473 0.15001 0.193363
0.0454761 0.15001 -0.721644
-1.74064 0.15001 0.474659
-2.67422 0.15001 2.0819
-2.84999 0.15001 0.811359
-2.67365 0.15001 -2.60023
-2.84999 0.15001 -1.51836
-2.67824 0.15001 -0.0695175
1.04084 0.15001 0.828111
2.84999 0.15001 0.179211
-2.67826 0.15001 1.29997
-2.84999 0.15001 1.39508
-2.84999 0.15001 0.219075
-1.46041 0.15001 1.43289
-0.753834 0.15001 1.98006
-2.67394 0.15001 -2.20544
-2.17722 0.15001 -2.84999
-1.16816 0.15001 -1.0825
-2.49991 0.15001 -0.358186
-0.650637 0.15001 2.49945
-2.84999 0.15001 2.54563
-2.15794 0.15001 0.830697
-2.84999 0.15001 1.97527
-2.3011 0.15001 2.10951
-0.654426 0.15001 2.15156
-0.151503 0.15001 -1.44812
-2.67748 0.15001 -0.840001
-2.50051 0.15001 -2.51567
-1.06881 0.15001 -1.26294
-2.50168 0.15001 0.0330316
-1.95398 0.15001 -0.0858787
-1.75687 0.15001 1.25175
-2.32908 0.15001 1.1074
0.358749 0.15001 2.84999
-2.32274 0.15001 1.70042
-1.27015 0.15001 -2.31929
-0.156502 0.15001 1.9842
-2.32297 0.15001 -1.62763
2.68266 0.15001 2.00108
1.53358 0.15001 1.30658
-0.955757 0.15001 1.62614
1.81532 0.15001 -1.90147
-0.567716 0.15001 -2.49967
1.69593 0.15001 -0.300553
2.35336 0.15001 -1.04453
2.3526 0.15001 -2.77401
0.0461668 0.15001 -0.920714
-1.59628 0.15001 -1.09722
-0.132308 0.15001 -0.239108
0.387135 0.15001 -1.09707
-2.67702 0.15001 -0.648459
-0.365769 0.15001 -2.4991
-2.67103 0.15001 -2.4063
-0.448096 0.15001 2.84999
-2.67617 0.15001 -0.261984
-1.66909 0.15001 -2.67505
2.19022 0.15001 1.1217
0.342631 0.15001 -1.96972
-1.71103 0.15001 -0.40524
-2.0961 0.15001 0.0522412
-0.144889 0.15001 2.67749
-1.66224 0.15001 -1.98241
0.545962 0.15001 -0.416151
-0.130234 0.15001 0.731722
0.7102 0.15001 0.635695
-2.31755 0.15001 -1.42113
-0.251093 0.15001 -1.27482
0.549282 0.15001 -1.20357
-2.32078 0.15001 -2.02279
-2.84999 0.15001 -2.66474
-0.672011 0.15001 -2.67598
0.725551 0.15001 -1.28612
-1.7661 0.15001 0.87515
-1.5531 0.15001 0.897485
-2.84999 0.15001 1.59014
-1.16779 0.15001 -1.78814
-0.665844 0.15001 -1.97128
-0.768875 0.15001 -1.44624
-2.67928 0.15001 -1.03281
-0.633479 0.15001 0.442673
1.36793 0.15001 0.262465
-1.56084 0.15001 1.25309
-1.26043 0.15001 1.79428
-2.84999 0.15001 2.16726
-1.78902 0.15001 0.288451
0.213434 0.15001 -0.81575
-2.33695 0.15001 -2.62633
0.0384859 0.15001 -0.138781
0.710552 0.15001 -0.12596
1.36815 0.15001 -0.495033
1.56946 0.15001 2.49462
-0.548314 0.15001 2.67553
-2.04258 0.15001 2.84999
-2.67724 0.15001 0.125468
-1.95947 0.15001 1.59891
-0.869138 0.15001 -1.61828
-2.84999 0.15001 -2.47816
-1.56853 0.15001 -2.84999
-1.9709 0.15001 -1.81771
-0.475076 0.15001 -0.651555
-0.805505 0.15001 -0.912844
-2.3229 0.15001 0.523762
-1.67033 0.15001 -2.32721
-0.824745 0.15001 0.401126
-2.84999 0.15001 2.84999
-0.86808 0.15001 -2.67629
1.36744 0.15001 -0.305654
-2.15051 0.15001 1.22485
-1.38736 0.15001 -0.531618
-2.73286 0.15001 2.68994
-2.07224 0.15001 1.78398
-2.1198 0.15001 -0.458954
-2.53847 0.15001 2.66763
-0.654438 0.15001 1.45402
-1.65083 0.15001 2.49335
-1.36784 0.15001 -2.84999
-0.134514 0.15001 -0.0440662
-2.84999 0.15001 -0.742194
-1.26296 0.15001 -0.692274
0.214399 0.15001 -1.0155
0.71273 0.15001 -0.700128
-1.66934 0.15001 -1.62934
-2.32824 0.15001 1.8975
-2.67518 0.15001 0.717839
-1.84544 0.15001 2.84999
-1.33822 0.15001 0.539813
0.251012 0.15001 -1.44787
-2.84999 0.15001 -0.937806
-2.84999 0.15001 -0.164035
-1.47267 0.15001 -2.31813
0.207929 0.15001 1.12217
-2.65294 0.15001 2.49182
-2.15042 0.15001 0.628551
-2.34441 0.15001 2.31484
0.212409 0.15001 1.90942
-0.769352 0.15001 -2.50319
-1.94138 0.15001 -0.96568
1.3689 0.15001 1.59591
1.53253 0.15001 0.358611
0.199123 0.15001 1.71333
-0.247215 0.15001 2.50232
-0.561501 0.15001 -1.45329
2.35493 0.15001 1.02807
1.36919 0.15001 0.640534
2.34864 0.15001 1.80458
1.69511 0.15001 -1.24518
-1.16739 0.15001 -2.84999
-1.14437 0.15001 -0.881526
-0.45972 0.15001 -1.62467
-1.06856 0.15001 -2.32064
-0.455317 0.15001 -1.28554
-0.966629 0.15001 -2.84999
-1.73675 0.15001 -0.93324
-2.67319 0.15001 -2.01127
-2.67641 0.15001 1.49428
-2.84999 0.15001 -1.71526
-2.49207 0.15001 -1.92046
2.18919 0.15001 1.31344
-0.450102 0.15001 1.8074
-2.50267 0.15001 1.79463
-1.97575 0.15001 -2.50104
-2.49866 0.15001 0.620387
-1.54968 0.15001 2.67095
0.464185 0.15001 2.33658
-0.356648 0.15001 1.63155
-1.87113 0.15001 -2.67519
-2.6779 0.15001 1.10479
-1.26799 0.15001 -1.26332
0.0393194 0.15001 1.21899
0.876939 0.15001 -0.599889
-2.00041 0.15001 -0.622198
-0.851883 0.15001 2.14968
-2.08777 0.15001 -0.803189
-1.76181 0.15001 1.60369
-2.84999 0.15001 0.416712
-0.86878 0.15001 -1.96898
0.821034 0.15001 -2.84999
-2.67716 0.15001 -0.453791
0.54306 0.15001 1.50972
1.2047 0.15001 0.544649
-0.99922 0.15001 -0.468673
2.024 0.15001 1.4082
2.35563 0.15001 0.460023
-2.14942 0.15001 0.23801
-1.64773 0.15001 2.84999
-2.51278 0.15001 -2.71027
-0.616325 0.15001 -0.946507
-1.06394 0.15001 -2.67503
1.53848 0.15001 -2.31027
0.445049 0.15001 -1.79493
-0.331116 0.15001 1.25486
-1.3544 0.15001 2.31514
-2.32984 0.15001 0.91738
-0.295547 0.15001 0.834822
-2.63278 0.15001 2.84999
-1.55581 0.15001 -0.0233657
0.0398864 0.15001 -0.332329
-1.98559 0.15001 0.735957
-0.303364 0.15001 -0.341733
-2.49492 0.15001 2.18818
-2.33107 0.15001 -0.0642004
-2.06109 0.15001 2.14947
-1.9478 0.15001 2.67092
-1.74854 0.15001 2.6718
0.0560234 0.15001 2.67849
1.02014 0.15001 -2.84999
2.35432 0.15001 1.21907
-2.173 0.15001 -2.51983
0.844624 0.15001 -1.79258
1.20327 0.15001 -0.213269
-2.32664 0.15001 0.724918
0.875624 0.15001 1.11615
-1.45487 0.15001 2.14222
-0.04458 0.15001 2.84999
-0.467155 0.15001 1.10292
-0.56864 0.15001 -2.84999
-1.46766 0.15001 -2.67386
-1.87551 0.15001 -1.64105
1.37339 0.15001 2.49637
-2.49938 0.15001 -0.746217
-1.89321 0.15001 0.122508
0.711941 0.15001 -0.508069
-1.88441 0.15001 -1.29555
-2.07447 0.15001 1.41433
1.84557 0.15001 1.89882
-2.65098 0.15001 -2.84999
0.34808 0.15001 -1.6209
-1.05861 0.15001 1.09513
1.13914 0.15001 -1.96177
0.238021 0.15001 -2.50335
-0.130691 0.15001 -0.434384
-1.16393 0.15001 0.0329532
-2.15005 0.15001 1.02665
-1.45051 0.15001 2.49318
-1.65439 0.15001 1.07632
-0.770048 0.15001 -2.84999
2.68147 0.15001 2.20175
-2.49388 0.15001 -2.11468
2.68512 0.15001 0.839625
-2.02677 0.15001 -0.282574
-0.0538759 0.15001 2.15559
1.86043 0.15001 -0.203871
0.358681 0.15001 2.50532
2.68452 0.15001 1.41393
1.69593 0.15001 0.076834
0.765357 0.15001 2.84999
-0.867927 0.15001 -2.32319
-0.25503 0.15001 -1.62418
-2.15308 0.15001 -1.5294
-2.84999 0.15001 -2.84999
-1.23612 0.15001 -0.150141
1.85887 0.15001 -1.33422
-1.08741 0.15001 0.213783
-1.86239 0.15001 1.41979
-1.62596 0.15001 0.709513
-0.966073 0.15001 -2.50229
-0.748003 0.15001 -1.10143
2.19041 0.15001 -0.575284
-2.32085 0.15001 0.329365
-0.645627 0.15001 -0.346275
-1.3609 0.15001 1.61458
-1.05676 0.15001 1.44877
-1.6642 0.15001 1.7852
0.382303 0.15001 -0.904464
-0.855026 0.15001 1.45296
-2.31957 0.15001 -0.466658
0.0472724 0.15001 -1.11055
1.20732 0.15001 -1.16628
1.52725 0.15001 1.69725
-2.14956 0.15001 1.97199
-1.86672 0.15001 1.78163
1.12404 0.15001 -2.67051
-2.50707 0.15001 1.39987
-0.0581108 0.15001 -1.97167
-0.956366 0.15001 0.928198
-2.8483 0.15001 -1.12961
-0.265814 0.15001 -2.67445
1.5326 0.15001 -0.965244
1.85684 0.15001 2.32008
2.02624 0.15001 0.457741
2.00667 0.15001 2.00017
1.69653 0.15001 0.265763
0.208471 0.15001 0.344967
-0.956924 0.15001 1.27596
0.88959 0.15001 1.89633
-2.4964 0.15001 -1.72324
2.19026 0.15001 -0.0117697
0.0404148 0.15001 -2.14721
-0.0494979 0.15001 -1.2746
-1.07013 0.15001 -1.96277
2.06973 0.15001 2.6749
-1.65287 0.15001 2.14229
0.969912 0.15001 2.84999
-0.748177 0.15001 2.67502
2.02564 0.15001 1.21559
1.22798 0.15001 -2.49124
-1.80553 0.15001 -1.11679
1.20478 0.15001 -0.592894
1.20614 0.15001 1.49929
-1.75762 0.15001 -0.0514424
-1.26615 0.15001 -1.96233
0.0420111 0.15001 0.827683
-2.50861 0.15001 1.20455
2.84999 0.15001 2.49285
0.250185 0.15001 2.33784
1.03711 0.15001 -2.13841
2.19027 0.15001 -0.199669
-0.165495 0.15001 -2.84999
-0.362536 0.15001 -2.14742
-1.569 0.15001 -2.49931
-2.4907 0.15001 0.228571
0.764803 0.15001 2.50758
-2.84999 0.15001 1.20191
-0.648383 0.15001 2.84999
0.0384467 0.15001 0.440587
-0.0617988 0.15001 -2.32311
0.212296 0.15001 -0.618909
1.60554 0.15001 -2.84999
-1.4629 0.15001 1.78941
-0.949384 0.15001 2.31981
-2.0486 0.15001 2.49945
-1.96529 0.15001 0.529382
-1.16817 0.15001 -1.43761
-1.25459 0.15001 1.08485
-2.84999 0.15001 1.78412
-2.21579 0.15001 -0.641926
0.358707 0.15001 -1.28432
-1.02115 0.15001 0.39853
0.208929 0.15001 -0.0395463
1.04566 0.15001 -1.7874
2.19076 0.15001 0.364727
-1.975 0.15001 0.931543
1.03912 0.15001 0.069374
-1.44962 0.15001 2.84999
2.02657 0.15001 1.02489
0.142604 0.15001 -1.9707
2.46857 0.15001 2.68568
0.377284 0.15001 0.63391
0.764008 0.15001 2.17593
1.53315 0.15001 0.547525
0.387448 0.15001 1.99524
-1.04887 0.15001 2.49663
-1.07019 0.15001 -0.651035
-0.251684 0.15001 2.15434
1.85467 0.15001 1.70123
1.62056 0.15001 -1.9307
-1.77123 0.15001 -1.46052
-2.49352 0.15001 -1.32728
-1.78941 0.15001 -0.595344
-1.26662 0.15001 -2.67298
-1.7664 0.15001 -1.80893
2.18858 0.15001 -1.14036
0.0515354 0.15001 -1.44485
-0.0395711 0.15001 1.79895
-0.0444108 0.15001 2.502
-2.49759 0.15001 -0.553379
-1.76969 0.15001 -2.84999
0.0374127 0.15001 -2.49952
-0.474426 0.15001 -0.246203
-0.147506 0.15001 -1.09648
0.960888 0.15001 2.15818
0.562133 0.15001 2.50889
-1.41001 0.15001 0.355619
-1.83076 0.15001 -0.245014
0.544081 0.15001 0.348337
-2.12453 0.15001 -1.32809
-1.76135 0.15001 -2.15455
0.435661 0.15001 -2.84999
0.240627 0.15001 -2.14674
-2.84999 0.15001 -2.28739
2.19038 0.15001 -0.387472
2.84999 0.15001 -1.895
0.831994 0.15001 -2.49402
-1.25715 0.15001 2.1437
0.882049 0.15001 -1.17679
-1.96414 0.15001 -2.15539
1.20414 0.15001 0.355498
1.83025 0.15001 2.09708
2.3553 0.15001 0.838161
0.875593 0.15001 0.541879
0.553807 0.15001 1.90236
2.657 0.15001 2.64138
0.37267 0.15001 1.60915
1.26158 0.15001 1.97159
0.204067 0.15001 1.31645
1.75234 0.15001 -2.29546
2.52042 0.15001 0.178427
2.02542 0.15001 -0.859511
1.85993 0.15001 -1.14521
-1.63308 0.15001 -0.212886
-0.752776 0.15001 0.933266
-1.25019 0.15001 2.49549
2.68384 0.15001 1.80553
1.04387 0.15001 1.59835
-0.44968 0.15001 2.5004
1.33519 0.15001 -1.9664
-1.31282 0.15001 -0.341328
0.0444625 0.15001 -1.79563
-0.465035 0.15001 -2.32324
-1.16733 0.15001 -2.49685
-1.56898 0.15001 -1.44581
-0.849404 0.15001 2.84999
-1.85289 0.15001 2.49716
-0.455323 0.15001 1.45187
0.210154 0.15001 0.924973
1.53284 0.15001 -0.775597
-0.126814 0.15001 -0.629275
-1.87434 0.15001 -2.32954
-0.348989 0.15001 2.32415
2.35357 0.15001 1.41175
-0.119519 0.15001 -0.825315
0.37707 0.15001 0.442993
-1.55168 0.15001 2.31388
2.1716 0.15001 2.84999
1.17408 0.15001 2.84999
0.941766 0.15001 -1.96361
0.0381235 0.15001 0.247194
-0.563855 0.15001 -1.79717
-1.43386 0.15001 -0.182926
-1.46527 0.15001 -1.97019
-1.58643 0.15001 -0.562203
-1.53606 0.15001 0.519115
-1.75591 0.15001 1.96519
-2.23977 0.15001 2.84999
-1.14977 0.15001 2.67278
0.711231 0.15001 -0.316832
-0.956292 0.15001 -1.06771
0.543888 0.15001 0.923517
-0.300936 0.15001 0.640939
1.03886 0.15001 -1.45688
-0.948907 0.15001 2.67413
-0.972221 0.15001 -1.43941
-1.97354 0.15001 0.327824
-2.44921 0.15001 2.48593
-1.05636 0.15001 1.79868
1.86137 0.15001 0.361859
0.883329 0.15001 1.70116
0.0327552 0.15001 1.6112
2.6798 0.15001 2.40267
2.51113 0.15001 2.30227
2.49579 0.15001 -2.28579
-1.15848 0.15001 1.62112
-1.45429 0.15001 1.07884
1.53179 0.15001 0.169518
-0.752367 0.15001 2.32175
-0.667023 0.15001 -2.32386
-2.07226 0.15001 -2.68295
-0.293319 0.15001 -0.736246
-2.0221 0.15001 -1.15389
-2.37538 0.15001 -2.84999
-0.564946 0.15001 -2.14735
-1.97077 0.15001 -2.84999
-2.50235 0.15001 1.99015
2.19086 0.15001 0.931635
0.710047 0.15001 0.255078
1.36906 0.15001 -1.06544
2.18948 0.15001 -0.951695
-1.68093 0.15001 -1.27867
1.33494 0.15001 -2.31302
2.52046 0.15001 0.366518
-0.65215 0.15001 1.80516
-2.49609 0.15001 -1.1334
-1.84889 0.15001 1.07983
-0.648672 0.15001 0.248426
-0.748161 0.15001 0.593788
-2.15246 0.15001 -0.137391
-2.67122 0.15001 0.321904
-0.263286 0.15001 -2.3233
2.49982 0.15001 -2.47494
-2.31186 0.15001 -0.266244
-0.768283 0.15001 -1.79526
-2.30014 0.15001 -1.22098
0.874948 0.15001 -0.0279496
2.35562 0.15001 0.648837
1.04014 0.15001 0.448568
-0.156561 0.15001 -1.79712
1.36983 0.15001 1.21017
2.3456 0.15001 2.00328
1.69718 0.15001 0.454679
1.66931 0.15001 1.98622
0.202517 0.15001 1.51289
0.710133 0.15001 0.0646692
2.33964 0.15001 2.40558
0.719978 0.15001 1.79984
-0.133369 0.15001 0.539181
-0.66582 0.15001 -1.62267
2.5187 0.15001 1.51077
1.96988 0.15001 2.84999
0.745999 0.15001 -1.62066
1.86117 0.15001 -0.768385
1.20275 0.15001 -1.56196
2.84999 0.15001 2.10046
1.20396 0.15001 -0.403081
2.16651 0.15001 2.30542
0.0425987 0.15001 1.02508
0.0361641 0.15001 -2.84999
0.338602 0.15001 -2.32374
0.244933 0.15001 -1.79476
-0.359543 0.15001 -1.79783
1.13482 0.15001 -2.31424
2.68311 0.15001 -1.42124
-1.36273 0.15001 -1.7895
-1.25059 0.15001 2.84999
1.69846 0.15001 1.02166
-2.32191 0.15001 1.5
1.62071 0.15001 -2.49055
1.79833 0.15001 -2.84999
1.03921 0.15001 -0.120618
-2.67203 0.15001 -1.42276
-0.970811 0.15001 0.0570011
1.5325 0.15001 -0.586519
-2.84999 0.15001 -1.32065
-0.451283 0.15001 -0.849691
1.36916 0.15001 -1.25841
-1.36469 0.15001 -1.43849
0.335203 0.15001 -2.67662
1.04426 0.15001 -1.07411
0.545289 0.15001 -0.224658
1.04051 0.15001 1.21167
2.02576 0.15001 -0.671459
0.875214 0.15001 0.352121
-1.6013 0.15001 0.328166
-2.67255 0.15001 -1.61948
-2.14814 0.15001 2.32801
-1.81048 0.15001 0.658901
1.23417 0.15001 -2.13855
-0.842909 0.15001 -0.646554
-0.305042 0.15001 0.051062
-1.07097 0.15001 -1.61373
0.529983 0.15001 -2.67646
-1.11501 0.15001 -0.310491
-1.0473 0.15001 0.751253
-1.35802 0.15001 1.97079
2.52017 0.15001 0.744223
2.19103 0.15001 0.553397
0.867754 0.15001 2.67776
0.139138 0.15001 -2.324
-2.14342 0.15001 2.6714
-1.35031 0.15001 2.67193
-2.31547 0.15001 0.132913
2.84999 0.15001 -1.13529
-1.36874 0.15001 -2.49585
1.86932 0.15001 2.66981
-1.53603 0.15001 -0.908701
-2.24516 0.15001 2.49854
-0.866906 0.15001 -1.26327
-2.15566 0.15001 -2.12668
-1.87178 0.15001 -0.778898
-0.551209 0.15001 2.32538
-1.95401 0.15001 1.96455
-2.50736 0.15001 -0.937271
1.36907 0.15001 1.40241
1.86238 0.15001 0.739408
2.51881 0.15001 -0.948672
1.04225 0.15001 -0.882442
0.646954 0.15001 -1.4574
-2.32449 0.15001 -2.22003
2.35031 0.15001 -1.42485
-0.658846 0.15001 1.10355
-2.30655 0.15001 -0.823702
-2.34217 0.15001 2.67224
-2.50237 0.15001 0.817579
0.376746 0.15001 1.02204
0.710011 0.15001 0.445366
-0.126075 0.15001 1.12243
0.379509 0.15001 -0.516632
-1.46703 0.15001 -1.61781
1.20556 0.15001 0.923906
-0.972519 0.15001 -1.79026
-0.160807 0.15001 -2.14739
2.02566 0.15001 -0.48354
-2.14429 0.15001 -1.72597
0.711326 0.15001 1.41022
0.543425 0.15001 1.31378
1.86225 0.15001 1.1183
0.724962 0.15001 1.99203
-0.47291 0.15001 0.553481
1.53227 0.15001 1.49965
0.0318879 0.15001 1.41353
0.543603 0.15001 1.11819
-1.86646 0.15001 -1.98401
1.03956 0.15001 0.25913
2.1875 0.15001 1.50743
1.27022 0.15001 2.32345
1.46728 0.15001 2.32173
1.85626 0.15001 -1.52372
2.35242 0.15001 -1.23397
0.238104 0.15001 -2.84999
1.16704 0.15001 2.1546
1.69684 0.15001 -0.677595
-1.48074 0.15001 0.17027
-0.462585 0.15001 -1.97203
1.06071 0.15001 1.98966
-1.15743 0.15001 1.26876
0.156907 0.15001 2.84999
-0.661552 0.15001 -1.2807
1.63375 0.15001 -1.72902
0.14739 0.15001 -1.62035
0.714138 0.15001 -1.09061
1.69675 0.15001 -0.86625
1.91223 0.15001 -2.66636
-0.647198 0.15001 -0.553995
-1.2399 0.15001 0.739984
-1.55524 0.15001 1.96951
-0.849244 0.15001 2.49845
2.15524 0.15001 -2.0949
0.639677 0.15001 -2.14283
0.935826 0.15001 -2.31543
1.20822 0.15001 -1.36279
-2.09602 0.15001 -2.32594
1.36927 0.15001 -0.874288
-1.35779 0.15001 1.25943
-1.3572 0.15001 0.00767633
1.20343 0.15001 0.166128
-2.50361 0.15001 -0.165387
0.440218 0.15001 -2.14501
0.543476 0.15001 0.730125
0.547975 0.15001 -0.801835
-0.907868 0.15001 -0.274966
0.546763 0.15001 -0.608397
1.53133 0.15001 -0.208644
0.355411 0.15001 2.17895
0.377934 0.15001 -0.132302
-0.951534 0.15001 1.97752
-2.50378 0.15001 1.00871
1.7138 0.15001 -2.66952
0.537473 0.15001 -2.32088
2.84999 0.15001 -2.46591
0.378582 0.15001 -0.324119
1.36883 0.15001 -0.684416
0.455049 0.15001 -1.45114
2.6856 0.15001 0.272911
2.02117 0.15001 1.60365
-0.853831 0.15001 1.80267
2.36988 0.15001 2.84999
1.04051 0.15001 0.638053
2.52037 0.15001 -0.196991
-0.469681 0.15001 0.344153
2.511 0.15001 2.50152
-0.654926 0.15001 0.764424
-1.04027 0.15001 -0.124516
1.8608 0.15001 -0.956666
2.27642 0.15001 2.67102
0.546382 0.15001 1.70544
-0.304404 0.15001 -0.142361
-1.26516 0.15001 -1.61303
-2.67602 0.15001 -1.22632
1.36704 0.15001 -0.116274
1.4313 0.15001 -2.13795
1.04587 0.15001 -1.26652
1.86108 0.15001 1.30967
-2.43696 0.15001 2.84999
2.51339 0.15001 2.10263
1.04097 0.15001 1.40566
2.35529 0.15001 -0.291968
-2.84999 0.15001 -1.91138
1.98315 0.15001 -2.19204
2.17566 0.15001 -1.7131
2.16254 0.15001 -1.90343
-0.476838 0.15001 0.146845
0.663191 0.15001 2.67954
2.16848 0.15001 2.50334
-2.31665 0.15001 -1.82889
2.17932 0.15001 1.90345
0.87493 0.15001 0.162219
0.209472 0.15001 -0.231835
1.20553 0.15001 -0.78296
-0.133944 0.15001 0.148347
1.97659 0.15001 -2.38696
0.542646 0.15001 -1.96853
-0.24749 0.15001 1.80722
-1.15488 0.15001 1.97157
-0.839495 0.15001 0.200747
2.68553 0.15001 0.46111
1.0689 0.15001 2.329
2.84999 0.15001 -1.51394
1.05155 0.15001 1.79774
-1.95301 0.15001 2.32602
1.69648 0.15001 1.40425
2.51956 0.15001 1.31637
2.84999 0.15001 1.12607
2.84999 0.15001 1.51222
2.68481 0.15001 1.22143
0.37576 0.15001 1.21775
0.0376789 0.15001 1.98393
2.68639 0.15001 -2.75225
2.84999 0.15001 -2.08557
1.37652 0.15001 -1.64664
2.68558 0.15001 -0.102434
0.209642 0.15001 0.53752
2.35437 0.15001 -0.855721
2.02159 0.15001 -1.4268
2.84999 0.15001 1.90283
-0.150993 0.15001 2.3259
2.84999 0.15001 0.93473
2.84999 0.15001 -1.70441
-1.17133 0.15001 -2.14183
2.32878 0.15001 -2.00113
1.36725 0.15001 0.0731357
2.67409 0.15001 -2.18517
2.35528 0.15001 -0.104263
1.53377 0.15001 0.736352
2.68368 0.15001 -1.23217
-1.95526 0.15001 1.24458
-0.832881 0.15001 -0.0840323
1.62486 0.15001 -2.13068
2.18307 0.15001 -1.52215
-0.0635657 0.15001 -2.67461
0.838861 0.15001 -2.14031
-2.84999 0.15001 -0.359476
1.81478 0.15001 -2.49296
0.868922 0.15001 2.33884
-0.754803 0.15001 1.2791
-1.2181 0.15001 0.379048
1.77041 0.15001 2.84999
0.645386 0.15001 -1.79439
1.81389 0.15001 -2.0973
1.99614 0.15001 -1.8066
1.4116 0.15001 -2.84999
0.941642 0.15001 -1.6212
-1.04996 0.15001 2.14768
1.0398 0.15001 -0.310743
1.69779 0.15001 0.643429
2.84999 0.15001 2.68356
2.76155 0.15001 2.84999
1.24446 0.15001 -1.78843
2.84999 0.15001 -2.27597
0.633403 0.15001 -2.49667
-0.302408 0.15001 -0.539817
0.713764 0.15001 -0.893736
0.742458 0.15001 -1.96673
1.36657 0.15001 2.14382
0.877691 0.15001 -0.791521
0.714209 0.15001 1.6045
-1.75305 0.15001 2.31929
0.15609 0.15001 2.14885
-0.12506 0.15001 0.92704
0.543413 0.15001 0.539402
2.51639 0.15001 1.90289
2.84999 0.15001 -0.758322
-2.49686 0.15001 1.59674
2.5183 0.15001 1.70749
1.68724 0.15001 1.79568
2.01503 0.15001 1.80322
0.377412 0.15001 0.826135
-0.647889 0.15001 -0.149442
-0.810141 0.15001 -0.447742
-0.353573 0.15001 -1.45286
0.0419669 0.15001 -0.526363
-0.857898 0.15001 1.10393
1.8608 0.15001 0.173085
-1.67974 0.15001 0.133325
0.560692 0.15001 2.12633
1.07348 0.15001 2.67655
1.20524 0.15001 1.30724
-2.84999 0.15001 0.613958
2.15266 0.15001 -2.28759
0.155324 0.15001 2.50748
-0.302955 0.15001 0.244104
1.36862 0.15001 0.451561
-1.34799 0.15001 0.906519
2.0258 0.15001 0.269075
2.84999 0.15001 1.70844
0.37742 0.15001 0.0592997
-0.351525 0.15001 1.98348
1.0303 0.15001 -2.49227
2.32673 0.15001 -2.38693
2.68179 0.15001 -1.6108
1.21655 0.15001 -2.84999
2.32981 0.15001 -2.57988
1.37484 0.15001 2.84999
1.86257 0.15001 0.928438
2.51995 0.15001 1.12504
2.18383 0.15001 1.70468
2.84999 0.15001 0.744597
1.32085 0.15001 -2.66987
2.323 0.15001 -2.19247
0.210501 0.15001 0.729614
1.69608 0.15001 -1.05531
0.45945 0.15001 2.67817
-1.1519 0.15001 2.32032
0.971412 0.15001 2.50636
2.56732 0.15001 2.84999
2.34545 0.15001 -1.61708
2.6856 0.15001 0.0851331
1.20305 0.15001 -0.0235229
-0.132993 0.15001 0.344021
-0.552253 0.15001 1.27942
1.86193 0.15001 0.550643
0.0525618 0.15001 2.32589
0.875822 0.15001 0.732088
0.377536 0.15001 1.80283
2.49992 0.15001 -2.0951
1.17349 0.15001 2.50026
-2.15371 0.15001 1.59934
0.710091 0.15001 1.01981
2.50569 0.15001 -1.90317
1.53185 0.15001 -0.397595
2.68554 0.15001 -0.289855
2.84999 0.15001 -0.570574
2.02538 0.15001 -0.29561
2.18702 0.15001 -1.33002
-0.554563 0.15001 1.62985
1.27593 0.15001 2.67385
2.52035 0.15001 -0.00935824
2.67586 0.15001 -2.56416
0.878601 0.15001 -0.984268
2.68511 0.15001 -0.665096
2.52879 0.15001 -2.84999
2.02539 0.15001 0.0806086
1.69306 0.15001 1.59942
2.19046 0.15001 0.176329
2.003 0.15001 2.19705
1.36721 0.15001 1.80411
2.35533 0.15001 0.083563
0.139547 0.15001 -2.67605
1.04142 0.15001 -0.691455
2.51131 0.15001 -1.71052
0.0383562 0.15001 0.0541271
1.69568 0.15001 -0.111938
1.69647 0.15001 -0.489084
1.86114 0.15001 -0.580249
-0.159151 0.15001 1.62851
-0.293403 0.15001 1.02876
2.84999 0.15001 0.367038
2.01508 0.15001 -1.61869
2.51555 0.15001 -1.51832
-0.85175 0.15001 0.760306
2.68411 0.15001 -1.0421
0.434054 0.15001 -2.50294
2.84999 0.15001 -0.946473
-0.303976 0.15001 0.446649
1.53424 0.15001 1.11545
-0.552381 0.15001 1.97976
2.19107 0.15001 0.742385
2.68497 0.15001 1.03059
-2.84999 0.15001 1.00531
0.875668 0.15001 1.31127
1.67059 0.15001 2.66823
1.76651 0.15001 2.49484
0.373774 0.15001 1.41319
1.99028 0.15001 -2.84999
1.47435 0.15001 2.66878
2.67666 0.15001 -1.99418
-0.450062 0.15001 2.15298
2.51761 0.15001 -1.32814
0.926252 0.15001 -2.67134
0.727304 0.15001 -2.67459
1.54382 0.15001 -1.55123
0.039706 0.15001 0.633583
-0.969732 0.15001 -2.14385
-2.6726 0.15001 0.518986
-1.25876 0.15001 1.4413
2.17441 0.15001 2.10232
0.875444 0.15001 -0.21835
1.20949 0.15001 1.69426
1.20514 0.15001 0.733968
1.6951 0.15001 -1.43592
2.35525 0.15001 -0.479689
0.208594 0.15001 0.152689
1.86076 0.15001 -0.392097
-0.475847 0.15001 -0.448077
2.19012 0.15001 -0.763281
2.84999 0.15001 2.29783
2.51812 0.15001 -1.13789
2.84999 0.15001 -2.6571
1.51717 0.15001 -2.66919
2.1812 0.15001 -2.84999
0.547944 0.15001 -1.62322
1.82858 0.15001 -1.7101
1.66303 0.15001 2.3218
1.69795 0.15001 1.21209
1.85857 0.15001 1.50351
2.68538 0.15001 0.649942
2.51986 0.15001 0.93411
1.45958 0.15001 -1.8188
0.841591 0.15001 -1.44572
0.380561 0.15001 -0.710252
2.33822 0.15001 -1.80867
0.544285 0.15001 0.15745
0.710029 0.15001 1.21423
2.52028 0.15001 -0.384553
2.84999 0.15001 -0.195673
2.34145 0.15001 2.20441
2.84999 0.15001 -0.00828751
1.20545 0.15001 1.11484
2.1513 0.15001 -2.48222
-0.367084 0.15001 -2.84999
2.51954 0.15001 -0.760216
1.69827 0.15001 0.832272
1.96917 0.15001 2.49013
2.84999 0.15001 -1.32487
2.02682 0.15001 0.835499
1.53128 0.15001 -0.0196104
2.35493 0.15001 -0.667551
2.52 0.15001 -0.572272
2.84999 0.15001 -2.84999
2.02386 0.15001 -1.23664
-2.14829 0.15001 0.431666
2.11014 0.15001 -2.67063
2.02526 0.15001 -0.107597
1.53422 0.15001 0.925543
-0.476674 0.15001 -0.046795
-1.43331 0.15001 0.7187
0.544681 0.15001 -0.0335119
1.5319 0.15001 -1.15607
2.6854 0.15001 -0.477334
1.0409 0.15001 1.01921
2.02493 0.15001 -1.04791
-0.465267 0.15001 0.7512
-1.51103 0.15001 -0.372935
1.36999 0.15001 1.0195
1.20634 0.15001 -0.974006
1.57255 0.15001 2.84999
1.36976 0.15001 0.829703
2.51056 0.15001 -2.66223
2.6691 0.15001 -2.37522
2.68465 0.15001 -0.853238
1.04063 0.15001 -0.501014
1.37335 0.15001 -1.4556
0.377118 0.15001 0.250936
1.53195 0.15001 -1.34943
1.5658 0.15001 2.15015
2.0266 0.15001 0.646511
2.68444 0.15001 1.6108
2.6794 0.15001 -1.80263
1.98766 0.15001 -1.99854
0.8762 0.15001 -0.40895
2.84999 0.15001 -0.383028
0.7102 0.15001 0.826953
2.35549 0.15001 0.271623
0.87588 0.15001 0.923337
-0.347244 0.15001 2.67721
0.660417 0.15001 2.33743
2.35189 0.15001 1.60715
