1000 0.1
1.87268 0.15001 -0.0789375
-2.67992 0.15001 0.839463
-2.48645 0.15001 -2.37126
-2.31499 0.15001 -2.45987
-2.84999 0.15001 -0.607693
2.84768 0.15001 1.25727
1.34752 0.15001 1.87087
-1.61222 0.15001 1.55695
-1.4851 0.15001 -0.802892
-0.74691 0.15001 -0.0784856
-2.67837 0.15001 2.24672
0.532686 0.15001 2.84999
-0.261694 0.15001 1.31489
2.84999 0.15001 0.492406
-0.703974 0.15001 1.58977
-0.218041 0.15001 -2.02937
-0.384529 0.15001 -1.23442
0.116969 0.15001 -1.31502
-0.945554 0.15001 0.409624
-0.126209 0.15001 1.18586
-2.1605 0.15001 -1.95558
-2.84999 0.15001 -2.11313
-0.792129 0.15001 -0.94075
-1.73671 0.15001 -2.50783
-1.44339 0.15001 -2.1563
2.52201 0.15001 0.495405
-2.66725 0.15001 -1.87912
-0.459094 0.15001 -2.68217
-2.48761 0.15001 0.336513
-1.59097 0.15001 1.35655
-2.14202 0.15001 -0.944574
0.205714 0.15001 -0.562725
-1.87416 0.15001 -0.422005
-2.05676 0.15001 -1.46297
0.617992 0.15001 -2.84999
-2.3339 0.15001 -0.948699
0.560333 0.15001 -1.08686
-1.54846 0.15001 -1.32297
-1.10242 0.15001 0.902959
-2.84999 0.15001 -0.0331277
-0.158911 0.15001 -2.50312
-1.67141 0.15001 -0.773808
-0.494445 0.15001 -1.07917
0.732646 0.15001 -2.32743
-0.0355826 0.15001 -1.68182
-0.788055 0.15001 -2.14704
0.23839 0.15001 2.66975
-0.267336 0.15001 2.84999
-1.19997 0.15001 -0.634924
-2.67922 0.15001 1.83229
-1.65681 0.15001 -1.81935
-2.50113 0.15001 -1.58271
-1.0654 0.15001 0.561053
-1.45751 0.15001 -1.15229
-1.04846 0.15001 2.84999
-1.9286 0.15001 2.08923
-2.67683 0.15001 1.63533
-2.84999 0.15001 2.34795
-2.31441 0.15001 1.21499
0.84673 0.15001 1.38122
-0.579609 0.15001 -1.25954
1.39544 0.15001 -2.50555
-1.37952 0.15001 -0.975446
-0.983639 0.15001 -0.960104
-0.682251 0.15001 0.954651
-1.21702 0.15001 0.181843
0.0509197 0.15001 -0.887238
-1.66166 0.15001 0.454541
-2.67936 0.15001 2.02999
-2.84999 0.15001 0.742046
-2.65785 0.15001 -2.65997
-2.84999 0.15001 -1.55436
-2.67226 0.15001 -0.127699
1.03767 0.15001 0.727187
2.84999 0.15001 0.117808
-2.67459 0.15001 1.24231
-2.84999 0.15001 1.33997
-2.84999 0.15001 0.156787
-1.42757 0.15001 1.48866
-0.745813 0.15001 1.92976
-2.65623 0.15001 -2.27163
-2.13202 0.15001 -2.84999
-1.26362 0.15001 -1.14559
-2.49558 0.15001 -0.430736
-0.652299 0.15001 2.46465
-2.84999 0.15001 2.62422
-2.11499 0.15001 0.78466
-2.84999 0.15001 1.93166
-2.33445 0.15001 2.0449
-0.652306 0.15001 2.10425
-0.149332 0.15001 -1.53029
-2.68119 0.15001 -0.89581
-2.48413 0.15001 -2.569
-1.15508 0.15001 -1.31173
-2.487 0.15001 -0.0563433
-1.89709 0.15001 -0.0814554
-1.73903 0.15001 1.13185
-2.32486 0.15001 1.02344
0.331513 0.15001 2.84999
-2.31058 0.15001 1.61951
-1.24432 0.15001 -2.35056
-0.111237 0.15001 1.95591
-2.33857 0.15001 -1.67711
2.65539 0.15001 1.94603
1.50903 0.15001 1.23285
-0.936416 0.15001 1.58985
1.75597 0.15001 -1.96035
-0.557139 0.15001 -2.50041
1.70908 0.15001 -0.367253
2.35823 0.15001 -1.10219
2.32161 0.15001 -2.84999
-0.114221 0.15001 -1.00841
-1.65178 0.15001 -1.14039
-0.133207 0.15001 -0.393955
0.185663 0.15001 -1.13869
-2.66178 0.15001 -0.705581
-0.363009 0.15001 -2.50312
-2.65906 0.15001 -2.46974
-0.463216 0.15001 2.85
-2.66626 0.15001 -0.318535
-1.64569 0.15001 -2.68091
2.18127 0.15001 1.05881
0.360543 0.15001 -1.98805
-1.66798 0.15001 -0.418108
-2.01085 0.15001 0.0811522
-0.163526 0.15001 2.66233
-1.76321 0.15001 -1.98217
0.549784 0.15001 -0.521171
-0.139935 0.15001 0.590478
0.710383 0.15001 0.519848
-2.32668 0.15001 -1.27836
-0.268874 0.15001 -1.38397
0.530377 0.15001 -1.28573
-2.30947 0.15001 -2.07179
-2.84999 0.15001 -2.66544
-0.657475 0.15001 -2.675
0.734799 0.15001 -1.33909
-1.69255 0.15001 0.788118
-1.49195 0.15001 0.821761
-2.84999 0.15001 1.53657
-1.22151 0.15001 -1.83606
-0.708548 0.15001 -1.96643
-0.856673 0.15001 -1.46032
-2.68178 0.15001 -1.09159
-0.628521 0.15001 0.287482
1.37905 0.15001 0.180116
-1.54094 0.15001 1.1656
-1.25674 0.15001 1.73324
-2.84999 0.15001 2.14154
-1.73954 0.15001 0.275149
0.236813 0.15001 -0.952853
-2.28196 0.15001 -2.65513
0.0392883 0.15001 -0.286534
0.717115 0.15001 -0.228251
1.38173 0.15001 -0.566781
1.4653 0.15001 2.43977
-0.555812 0.15001 2.6536
-2.03687 0.15001 2.84999
-2.66526 0.15001 0.0632729
-1.97352 0.15001 1.41151
-0.939751 0.15001 -1.6415
-2.84999 0.15001 -2.4803
-1.54611 0.15001 -2.84999
-2.06906 0.15001 -1.7909
-0.495185 0.15001 -0.727149
-0.876825 0.15001 -1.11942
-2.3032 0.15001 0.44002
-1.62693 0.15001 -2.33912
-0.816873 0.15001 0.256921
-2.84999 0.15001 2.85
-0.848531 0.15001 -2.68055
1.3807 0.15001 -0.380401
-2.14303 0.15001 1.10365
-1.39761 0.15001 -0.638848
-2.64949 0.15001 2.65161
-2.14273 0.15001 1.74009
-2.07751 0.15001 -0.432554
-2.48062 0.15001 2.54441
-0.592641 0.15001 1.42159
-1.63927 0.15001 2.48583
-1.34387 0.15001 -2.84999
-0.130613 0.15001 -0.200843
-2.84999 0.15001 -0.79957
-1.29377 0.15001 -0.805566
-0.00170957 0.15001 -1.16268
0.722767 0.15001 -0.786279
-1.75844 0.15001 -1.64743
-2.32985 0.15001 1.82083
-2.67969 0.15001 0.63984
-1.83898 0.15001 2.84999
-1.26006 0.15001 0.519187
0.235293 0.15001 -1.47356
-2.84999 0.15001 -0.991955
-2.84999 0.15001 -0.224145
-1.43567 0.15001 -2.34891
0.19684 0.15001 0.985759
-2.67706 0.15001 2.45174
-2.16244 0.15001 0.589186
-2.32114 0.15001 2.25448
0.243255 0.15001 1.81393
-0.755731 0.15001 -2.50398
-1.95173 0.15001 -0.950226
1.32834 0.15001 1.51256
1.54146 0.15001 0.282892
0.219324 0.15001 1.60948
-0.255041 0.15001 2.48377
-0.553098 0.15001 -1.58912
2.35051 0.15001 0.968136
1.37206 0.15001 0.55769
2.3253 0.15001 1.73762
1.71906 0.15001 -1.3022
-1.14217 0.15001 -2.84999
-1.18123 0.15001 -0.970561
-0.438273 0.15001 -1.73693
-1.05199 0.15001 -2.34268
-0.468234 0.15001 -1.41249
-0.943871 0.15001 -2.84999
-1.7608 0.15001 -0.947439
-2.66407 0.15001 -2.07817
-2.66761 0.15001 1.4339
-2.84999 0.15001 -1.7434
-2.49069 0.15001 -1.98436
2.17276 0.15001 1.24882
-0.41925 0.15001 1.79006
-2.50724 0.15001 1.73118
-1.93411 0.15001 -2.50057
-2.50892 0.15001 0.533729
-1.53846 0.15001 2.66805
0.24802 0.15001 2.3129
-0.393061 0.15001 1.4566
-1.8464 0.15001 -2.67671
-2.67196 0.15001 1.04988
-1.35036 0.15001 -1.32379
0.0316481 0.15001 1.0815
0.887208 0.15001 -0.683106
-1.97354 0.15001 -0.599207
-0.854576 0.15001 2.09018
-2.07089 0.15001 -0.766224
-1.80539 0.15001 1.53105
-2.84999 0.15001 0.349085
-0.912295 0.15001 -1.98553
0.804787 0.15001 -2.84999
-2.67501 0.15001 -0.511907
0.526732 0.15001 1.38206
1.21042 0.15001 0.453631
-1.00156 0.15001 -0.618441
2.00123 0.15001 1.3411
2.35861 0.15001 0.401771
-2.11998 0.15001 0.243121
-1.64065 0.15001 2.84999
-2.49085 0.15001 -2.76095
-0.687847 0.15001 -1.10191
-1.04198 0.15001 -2.68382
1.50439 0.15001 -2.33251
0.456592 0.15001 -1.81321
-0.320219 0.15001 1.12769
-1.35533 0.15001 2.27831
-2.32181 0.15001 0.826005
-0.301238 0.15001 0.692572
-2.64455 0.15001 2.84999
-1.50201 0.15001 -0.0372274
0.0321945 0.15001 -0.487279
-1.96992 0.15001 0.597051
-0.321525 0.15001 -0.360057
-2.50864 0.15001 2.1416
-2.29384 0.15001 -0.098533
-2.13841 0.15001 2.13356
-1.93953 0.15001 2.6663
-1.73823 0.15001 2.66901
0.0371926 0.15001 2.6694
0.995771 0.15001 -2.84999
2.34426 0.15001 1.15819
-2.12355 0.15001 -2.45942
0.844922 0.15001 -1.8151
1.21548 0.15001 -0.294367
-2.34616 0.15001 0.634055
0.862143 0.15001 1.0032
-1.4595 0.15001 2.09681
-0.0685855 0.15001 2.84999
-0.538195 0.15001 0.822055
-0.555317 0.15001 -2.84999
-1.44607 0.15001 -2.68492
-1.96098 0.15001 -1.63194
1.42113 0.15001 2.24722
-2.48028 0.15001 -0.789654
-1.81918 0.15001 0.0966005
0.71863 0.15001 -0.60069
-1.94781 0.15001 -1.29902
-2.14104 0.15001 1.30277
1.67568 0.15001 1.75931
-2.65939 0.15001 -2.84999
0.350721 0.15001 -1.64091
-1.02322 0.15001 1.08177
1.12731 0.15001 -1.99455
0.242407 0.15001 -2.51805
-0.152433 0.15001 -0.595346
-1.14851 0.15001 -0.128455
-2.00895 0.15001 0.951859
-1.44337 0.15001 2.47047
-1.61263 0.15001 0.976873
-0.749812 0.15001 -2.84999
2.64176 0.15001 2.15709
-2.46823 0.15001 -2.17855
2.68448 0.15001 0.777987
-1.98646 0.15001 -0.258086
-0.240983 0.15001 2.13646
1.8728 0.15001 -0.267165
0.345561 0.15001 2.48981
2.67608 0.15001 1.35385
1.70866 0.15001 0.0082452
0.735941 0.15001 2.84999
-0.858586 0.15001 -2.3312
-0.235771 0.15001 -1.70746
-2.26227 0.15001 -1.45922
-2.84999 0.15001 -2.84999
-1.22512 0.15001 -0.301576
1.87207 0.15001 -1.39839
-1.07621 0.15001 0.0470697
-1.79299 0.15001 1.32655
-1.57314 0.15001 0.636078
-0.948017 0.15001 -2.51344
-0.772293 0.15001 -1.28035
2.19787 0.15001 -0.633987
-2.31306 0.15001 0.241796
-0.717732 0.15001 -0.418379
-1.44625 0.15001 1.68735
-1.03582 0.15001 1.4115
-1.82304 0.15001 1.73684
0.372199 0.15001 -1.10151
-0.827327 0.15001 1.4361
-2.29092 0.15001 -0.434525
-0.187976 0.15001 -1.19936
1.23667 0.15001 -1.22807
1.29645 0.15001 1.69312
-2.16595 0.15001 1.93645
-1.98425 0.15001 1.62309
1.09598 0.15001 -2.67846
-2.49394 0.15001 1.32584
-0.0260955 0.15001 -2.0169
-0.907631 0.15001 0.927316
-2.84994 0.15001 -1.18015
-0.260909 0.15001 -2.67292
1.55351 0.15001 -1.02797
1.9224 0.15001 2.29663
2.03036 0.15001 0.397387
1.9413 0.15001 1.90883
1.7063 0.15001 0.196769
0.208486 0.15001 0.211603
-0.928046 0.15001 1.25538
0.788529 0.15001 1.85406
-2.50339 0.15001 -1.78207
2.19839 0.15001 -0.0699062
0.065077 0.15001 -2.18163
-0.0727938 0.15001 -1.34725
-1.1177 0.15001 -2.00099
2.02433 0.15001 2.69346
-1.6894 0.15001 2.11288
0.935482 0.15001 2.84744
-0.751572 0.15001 2.65562
2.01029 0.15001 1.14968
1.20387 0.15001 -2.50553
-1.84483 0.15001 -1.12671
1.21831 0.15001 -0.66639
1.16255 0.15001 1.41769
-1.70067 0.15001 -0.0667423
-1.33098 0.15001 -1.99491
0.0304735 0.15001 0.690005
-2.49236 0.15001 1.1336
2.84336 0.15001 2.45415
0.0429815 0.15001 2.31758
1.02661 0.15001 -2.16187
2.1984 0.15001 -0.258234
-0.160448 0.15001 -2.84999
-0.384833 0.15001 -2.13326
-1.54195 0.15001 -2.51477
-2.48523 0.15001 0.143553
0.750483 0.15001 2.45413
-2.84999 0.15001 1.14535
-0.658183 0.15001 2.84999
0.0394417 0.15001 0.30232
-0.0376583 0.15001 -2.35003
0.206935 0.15001 -0.758303
1.56619 0.15001 -2.84999
-1.62865 0.15001 1.75605
-0.955071 0.15001 2.26046
-2.03592 0.15001 2.49635
-1.8597 0.15001 0.43594
-1.24428 0.15001 -1.49029
-1.21912 0.15001 1.05743
-2.84999 0.15001 1.73481
-2.17825 0.15001 -0.597916
0.319314 0.15001 -1.29143
-1.00927 0.15001 0.22554
0.209396 0.15001 -0.175911
1.03526 0.15001 -1.82165
2.19547 0.15001 0.306526
-1.89974 0.15001 0.775968
1.05019 0.15001 -0.0229094
-1.44184 0.15001 2.84999
2.01872 0.15001 0.960569
0.169367 0.15001 -2.00414
2.37703 0.15001 2.63898
0.374802 0.15001 0.507705
0.659757 0.15001 2.22514
1.53771 0.15001 0.472445
0.281395 0.15001 2.01218
-1.0474 0.15001 2.45555
-1.09254 0.15001 -0.797787
-0.324267 0.15001 1.96409
1.82482 0.15001 1.63396
1.51513 0.15001 -1.99317
-1.85839 0.15001 -1.4719
-2.47741 0.15001 -1.39128
-1.77701 0.15001 -0.594146
-1.24211 0.15001 -2.68557
-1.86516 0.15001 -1.80969
2.19637 0.15001 -1.20147
0.044909 0.15001 -1.50018
-0.103408 0.15001 1.64636
-0.0598091 0.15001 2.4926
-2.38866 0.15001 -0.602255
-1.74334 0.15001 -2.84999
0.0469897 0.15001 -2.51841
-0.511621 0.15001 -0.401852
-0.302647 0.15001 -1.05119
0.829201 0.15001 2.0574
0.5492 0.15001 2.48955
-1.33955 0.15001 0.331594
-1.77859 0.15001 -0.2495
0.546364 0.15001 0.228663
-2.14051 0.15001 -1.29324
-1.65853 0.15001 -2.15044
0.429536 0.15001 -2.84999
0.25825 0.15001 -2.17338
-2.84999 0.15001 -2.29402
2.19798 0.15001 -0.446218
2.84999 0.15001 -1.92629
0.817855 0.15001 -2.50232
-1.26034 0.15001 2.09374
0.902785 0.15001 -1.25042
-1.86933 0.15001 -2.14671
1.21347 0.15001 0.265782
1.7448 0.15001 1.95582
2.35488 0.15001 0.778699
0.879131 0.15001 0.434899
0.44297 0.15001 1.90222
2.59115 0.15001 2.58894
0.374467 0.15001 1.49663
1.18834 0.15001 1.99218
0.18902 0.15001 1.19646
1.70054 0.15001 -2.32704
2.52348 0.15001 0.12006
2.03721 0.15001 -0.919527
1.87789 0.15001 -1.20603
-1.57939 0.15001 -0.222361
-0.782665 0.15001 0.782075
-1.24688 0.15001 2.4661
2.66703 0.15001 1.74483
0.93589 0.15001 1.54697
-0.449893 0.15001 2.47616
1.32073 0.15001 -1.99573
-1.30676 0.15001 -0.472674
0.0716855 0.15001 -1.83941
-0.461672 0.15001 -2.31886
-1.14425 0.15001 -2.51753
-1.65311 0.15001 -1.48546
-0.852933 0.15001 2.84999
-1.84316 0.15001 2.48519
-0.466201 0.15001 1.27611
0.199999 0.15001 0.791227
1.5495 0.15001 -0.840898
-0.299927 0.15001 -0.730305
-1.81967 0.15001 -2.33302
-0.348412 0.15001 2.30443
2.33639 0.15001 1.34935
-0.127276 0.15001 -0.809841
0.376806 0.15001 0.314876
-1.55176 0.15001 2.27885
2.17463 0.15001 2.8461
1.13345 0.15001 2.84999
0.936179 0.15001 -1.9873
0.0487655 0.15001 0.103635
-0.628752 0.15001 -1.7823
-1.37782 0.15001 -0.185951
-1.55167 0.15001 -1.98805
-1.58304 0.15001 -0.597088
-1.45956 0.15001 0.481123
-1.7796 0.15001 1.93558
-2.23341 0.15001 2.84999
-1.14413 0.15001 2.65402
0.716583 0.15001 -0.414437
-1.06719 0.15001 -1.13601
0.53691 0.15001 0.800812
-0.326305 0.15001 0.491704
1.06094 0.15001 -1.49963
-0.94764 0.15001 2.64781
-1.04698 0.15001 -1.47628
-1.9319 0.15001 0.256303
-2.49984 0.15001 2.3463
-1.05204 0.15001 1.74932
1.86795 0.15001 0.298254
0.76072 0.15001 1.65546
0.0506637 0.15001 1.5252
2.63953 0.15001 2.37261
2.45747 0.15001 2.24716
2.49066 0.15001 -2.31625
-1.13895 0.15001 1.57563
-1.41471 0.15001 1.0146
1.54402 0.15001 0.0943355
-0.759542 0.15001 2.26759
-0.662622 0.15001 -2.32617
-2.06797 0.15001 -2.65559
-0.406862 0.15001 -0.895504
-2.03932 0.15001 -1.12385
-2.32357 0.15001 -2.84999
-0.589639 0.15001 -2.1427
-1.9391 0.15001 -2.84999
-2.50678 0.15001 1.9295
2.18777 0.15001 0.870167
0.715764 0.15001 0.144918
1.39438 0.15001 -1.12706
2.19794 0.15001 -1.01121
-1.7485 0.15001 -1.30952
1.31095 0.15001 -2.33388
2.52301 0.15001 0.307585
-0.61641 0.15001 1.77269
-2.49172 0.15001 -1.18574
-1.80966 0.15001 0.945446
-0.677456 0.15001 0.102489
-0.75494 0.15001 0.440989
-2.09436 0.15001 -0.0905197
-2.67278 0.15001 0.253855
-0.257656 0.15001 -2.33563
2.49531 0.15001 -2.50397
-2.19097 0.15001 -0.268043
-0.825821 0.15001 -1.80381
-2.23381 0.15001 -1.11564
0.883673 0.15001 -0.124798
2.3572 0.15001 0.589866
1.04688 0.15001 0.350771
-0.125604 0.15001 -1.85921
1.34988 0.15001 1.12882
2.31361 0.15001 1.93325
1.70279 0.15001 0.385969
1.54504 0.15001 1.90876
0.199608 0.15001 1.40215
0.716259 0.15001 -0.0416971
2.27533 0.15001 2.33052
0.601476 0.15001 1.78342
-0.133989 0.15001 0.396192
-0.746576 0.15001 -1.6186
2.5023 0.15001 1.44817
1.89989 0.15001 2.84999
0.74531 0.15001 -1.59939
1.87475 0.15001 -0.829761
1.13657 0.15001 -1.66376
2.82514 0.15001 2.04986
1.21632 0.15001 -0.480363
2.10913 0.15001 2.20624
0.0285614 0.15001 0.886309
0.0376983 0.15001 -2.84999
0.349434 0.15001 -2.34142
0.263253 0.15001 -1.82069
-0.326226 0.15001 -1.88481
1.11807 0.15001 -2.33323
2.68483 0.15001 -1.46524
-1.44294 0.15001 -1.82788
-1.24447 0.15001 2.84999
1.68698 0.15001 0.953655
-2.31737 0.15001 1.40898
1.58604 0.15001 -2.50478
1.75241 0.15001 -2.84999
1.04987 0.15001 -0.209128
-2.66545 0.15001 -1.47755
-0.948982 0.15001 -0.102932
1.5465 0.15001 -0.654121
-2.84999 0.15001 -1.3646
-0.600072 0.15001 -0.92121
1.40181 0.15001 -1.31696
-1.44629 0.15001 -1.49525
0.333994 0.15001 -2.68366
1.06722 0.15001 -1.13749
0.547485 0.15001 -0.333981
1.02227 0.15001 1.10897
2.03602 0.15001 -0.73153
0.881936 0.15001 0.247916
-1.54434 0.15001 0.299034
-2.67003 0.15001 -1.67654
-2.13905 0.15001 2.33588
-1.77397 0.15001 0.613662
1.21941 0.15001 -2.16407
-0.895858 0.15001 -0.778884
-0.297459 0.15001 -0.110453
-1.13507 0.15001 -1.65801
0.524384 0.15001 -2.68235
-1.11004 0.15001 -0.457898
-0.988016 0.15001 0.750034
-1.3778 0.15001 1.90394
2.52047 0.15001 0.684213
2.19375 0.15001 0.49432
0.844719 0.15001 2.64752
0.157084 0.15001 -2.3483
-2.13378 0.15001 2.66366
-1.34071 0.15001 2.6634
-2.20787 0.15001 0.0737823
2.84999 0.15001 -1.18193
-1.3438 0.15001 -2.52047
1.80043 0.15001 2.66021
-1.57097 0.15001 -0.967574
-2.27757 0.15001 2.47919
-0.960434 0.15001 -1.2984
-2.11809 0.15001 -2.14183
-1.86925 0.15001 -0.770909
-0.553451 0.15001 2.28844
-1.9743 0.15001 1.87959
-2.51728 0.15001 -0.990385
1.33839 0.15001 1.32175
1.8615 0.15001 0.675284
2.52145 0.15001 -1.0029
1.0603 0.15001 -0.952279
0.608098 0.15001 -1.467
-2.27798 0.15001 -2.26249
2.35475 0.15001 -1.48037
-0.601684 0.15001 1.13549
-2.27472 0.15001 -0.766779
-2.33318 0.15001 2.67707
-2.51222 0.15001 0.735437
0.367244 0.15001 0.895292
0.713068 0.15001 0.331901
-0.150104 0.15001 0.995342
0.376838 0.15001 -0.639252
-1.5497 0.15001 -1.65813
1.1986 0.15001 0.831966
-1.02654 0.15001 -1.82835
-0.132194 0.15001 -2.18846
2.03533 0.15001 -0.543905
-2.15814 0.15001 -1.62265
0.685326 0.15001 1.28255
0.521234 0.15001 1.1879
1.84823 0.15001 1.05279
0.633785 0.15001 1.99546
-0.567113 0.15001 0.472947
1.49932 0.15001 1.4254
0.0204229 0.15001 1.31583
0.530937 0.15001 0.993937
-1.96865 0.15001 -1.97723
1.04932 0.15001 0.163717
2.16534 0.15001 1.44082
1.226 0.15001 2.18396
1.6089 0.15001 2.30071
1.86263 0.15001 -1.5852
2.35695 0.15001 -1.29126
0.236582 0.15001 -2.84999
1.02603 0.15001 2.11563
1.71094 0.15001 -0.741616
-1.42181 0.15001 0.147789
-0.510943 0.15001 -1.95627
0.983488 0.15001 1.92557
-1.13911 0.15001 1.24063
0.131616 0.15001 2.84999
-0.666813 0.15001 -1.43837
1.60907 0.15001 -1.82657
0.158186 0.15001 -1.65736
0.7346 0.15001 -1.15657
1.71393 0.15001 -0.928361
1.8543 0.15001 -2.67504
-0.694636 0.15001 -0.756368
-1.17979 0.15001 0.71396
-1.57608 0.15001 1.9444
-0.849273 0.15001 2.4596
2.131 0.15001 -2.13829
0.64253 0.15001 -2.15504
0.924873 0.15001 -2.33118
1.23822 0.15001 -1.42242
-2.0094 0.15001 -2.30029
1.38847 0.15001 -0.939766
-1.34527 0.15001 1.21609
-1.29618 0.15001 -0.00177429
1.21531 0.15001 0.0785027
-2.41137 0.15001 -0.254268
0.449897 0.15001 -2.15826
0.541285 0.15001 0.608832
0.560807 0.15001 -0.896668
-0.913104 0.15001 -0.44105
0.550918 0.15001 -0.708797
1.54522 0.15001 -0.280238
0.144596 0.15001 2.14762
0.377825 0.15001 -0.257577
-0.950441 0.15001 1.9155
-2.50171 0.15001 0.93238
1.66528 0.15001 -2.67989
0.540207 0.15001 -2.32828
2.84999 0.15001 -2.48002
0.378647 0.15001 -0.447214
1.3842 0.15001 -0.753243
0.424723 0.15001 -1.45816
2.68692 0.15001 0.212295
1.99499 0.15001 1.53374
-0.822572 0.15001 1.74887
2.40129 0.15001 2.83437
1.04337 0.15001 0.53845
2.52374 0.15001 -0.254685
-0.446406 0.15001 0.334802
2.4434 0.15001 2.44831
-0.676596 0.15001 0.626142
-1.02674 0.15001 -0.282065
1.8769 0.15001 -1.01733
2.18885 0.15001 2.56948
0.54661 0.15001 1.59333
-0.453118 0.15001 -0.214553
-1.33653 0.15001 -1.66498
-2.66306 0.15001 -1.28489
1.38058 0.15001 -0.194106
1.41185 0.15001 -2.16401
1.07553 0.15001 -1.32004
1.83862 0.15001 1.24443
-2.44021 0.15001 2.84999
2.47966 0.15001 2.04511
1.01352 0.15001 1.30065
2.36075 0.15001 -0.349622
-2.84999 0.15001 -1.93189
1.9604 0.15001 -2.26147
2.18213 0.15001 -1.76884
2.1209 0.15001 -1.94613
-0.481466 0.15001 0.144423
0.64355 0.15001 2.66864
2.0929 0.15001 2.39975
-2.33153 0.15001 -1.8738
2.15434 0.15001 1.82421
0.883709 0.15001 0.0614152
0.209165 0.15001 -0.36828
1.22218 0.15001 -0.852725
-0.12801 0.15001 -0.00555999
1.96288 0.15001 -2.46272
0.552743 0.15001 -1.9822
-0.305098 0.15001 1.62266
-1.16795 0.15001 1.91294
-0.875839 0.15001 0.0749813
2.68674 0.15001 0.399718
1.07695 0.15001 2.30739
2.84999 0.15001 -1.55393
0.95305 0.15001 1.73575
-1.94848 0.15001 2.30462
1.66826 0.15001 1.33761
2.50872 0.15001 1.25636
2.84848 0.15001 1.06459
2.84695 0.15001 1.45149
2.67927 0.15001 1.16128
0.356927 0.15001 1.09226
0.0678735 0.15001 1.73278
2.67991 0.15001 -2.77653
2.84999 0.15001 -2.11137
1.32153 0.15001 -1.66206
2.68711 0.15001 -0.161136
0.205884 0.15001 0.40353
2.35942 0.15001 -0.9131
2.02854 0.15001 -1.49369
2.8403 0.15001 1.84795
-0.154421 0.15001 2.3115
2.84975 0.15001 0.872698
2.84999 0.15001 -1.74036
-1.22553 0.15001 -2.15968
2.30069 0.15001 -2.0403
1.38037 0.15001 -0.00740659
2.66155 0.15001 -2.21409
2.3611 0.15001 -0.161907
1.53288 0.15001 0.662237
2.68509 0.15001 -1.27897
-1.93732 0.15001 1.17777
-0.832183 0.15001 -0.258675
1.60426 0.15001 -2.16064
2.18786 0.15001 -1.58259
-0.0629361 0.15001 -2.6783
0.835071 0.15001 -2.15561
-2.84999 0.15001 -0.415133
1.77611 0.15001 -2.50135
0.866884 0.15001 2.26221
-0.728959 0.15001 1.27581
-1.14001 0.15001 0.369674
1.69381 0.15001 2.8355
0.654924 0.15001 -1.80178
1.795 0.15001 -2.15792
1.94142 0.15001 -1.8656
1.37927 0.15001 -2.84999
0.938978 0.15001 -1.64726
-1.05011 0.15001 2.08567
1.05037 0.15001 -0.395143
1.69895 0.15001 0.575417
2.79568 0.15001 2.65665
2.84999 0.15001 2.84999
1.22664 0.15001 -1.82952
2.84999 0.15001 -2.29526
0.625207 0.15001 -2.50167
-0.375731 0.15001 -0.550662
0.730633 0.15001 -0.972292
0.743656 0.15001 -1.98273
1.38223 0.15001 2.0583
0.892214 0.15001 -0.869746
0.689989 0.15001 1.47633
-1.7489 0.15001 2.30401
0.0847616 0.15001 1.93364
-0.13807 0.15001 0.793607
0.543759 0.15001 0.418142
2.49118 0.15001 1.83905
2.84999 0.15001 -0.810442
-2.48956 0.15001 1.52805
2.4975 0.15001 1.64222
1.484 0.15001 1.70274
1.99273 0.15001 1.72633
0.371761 0.15001 0.701085
-0.639288 0.15001 -0.240989
-0.802939 0.15001 -0.599601
-0.352174 0.15001 -1.56056
0.0261822 0.15001 -0.685869
-0.815719 0.15001 1.09881
1.87098 0.15001 0.109564
-1.62205 0.15001 0.117016
0.462683 0.15001 2.10969
1.04283 0.15001 2.65503
1.18133 0.15001 1.2167
-2.84999 0.15001 0.545811
2.14354 0.15001 -2.32677
0.144436 0.15001 2.48909
-0.298823 0.15001 0.0815735
1.37637 0.15001 0.368508
-1.29178 0.15001 0.866537
2.03297 0.15001 0.209231
2.84013 0.15001 1.64787
0.379687 0.15001 -0.0687593
-0.221378 0.15001 1.79783
1.01134 0.15001 -2.50457
2.32126 0.15001 -2.42224
2.68382 0.15001 -1.65183
1.18741 0.15001 -2.84999
2.23265 0.15001 -2.68251
1.30287 0.15001 2.7568
1.8562 0.15001 0.863651
2.51397 0.15001 1.06502
2.16155 0.15001 1.63381
2.8499 0.15001 0.681879
1.28714 0.15001 -2.67892
2.3156 0.15001 -2.23026
0.204332 0.15001 0.597729
1.71662 0.15001 -1.11529
0.439986 0.15001 2.66716
-1.15341 0.15001 2.27292
0.956134 0.15001 2.46216
2.62846 0.15001 2.79784
2.35019 0.15001 -1.66933
2.68709 0.15001 0.0254679
1.2156 0.15001 -0.108217
-0.114539 0.15001 0.188373
-0.467669 0.15001 1.0004
1.86468 0.15001 0.486921
-0.0485956 0.15001 2.13846
0.875145 0.15001 0.622969
0.398538 0.15001 1.70594
2.48424 0.15001 -2.12878
1.27096 0.15001 2.37793
-2.14669 0.15001 1.5115
0.700727 0.15001 0.900489
2.5109 0.15001 -1.94279
1.54527 0.15001 -0.467179
2.68688 0.15001 -0.347464
2.84999 0.15001 -0.624979
2.03556 0.15001 -0.356047
2.19327 0.15001 -1.3921
-0.510019 0.15001 1.61174
1.23213 0.15001 2.5698
2.52386 0.15001 -0.0674063
2.66891 0.15001 -2.58901
0.898556 0.15001 -1.05852
2.68611 0.15001 -0.719502
2.51015 0.15001 -2.84999
2.0351 0.15001 0.0207714
1.64736 0.15001 1.55197
2.19727 0.15001 0.118451
1.94402 0.15001 2.09924
1.14409 0.15001 1.80383
2.36078 0.15001 0.0260934
0.14074 0.15001 -2.68468
1.05511 0.15001 -0.766493
2.51515 0.15001 -1.75458
0.0403875 0.15001 -0.0911457
1.70937 0.15001 -0.179655
1.70921 0.15001 -0.55461
1.87287 0.15001 -0.642547
-0.126817 0.15001 1.45332
-0.31193 0.15001 0.887083
2.84999 0.15001 0.304442
2.01592 0.15001 -1.68904
2.51886 0.15001 -1.56605
-0.87124 0.15001 0.596533
2.68536 0.15001 -1.09194
0.433246 0.15001 -2.51405
2.84999 0.15001 -0.996039
-0.277276 0.15001 0.27144
1.51799 0.15001 1.04194
-0.534627 0.15001 1.95265
2.19171 0.15001 0.682144
2.6823 0.15001 0.969124
-2.84999 0.15001 0.946039
0.852293 0.15001 1.19336
1.62947 0.15001 2.56492
1.76562 0.15001 2.41763
0.359321 0.15001 1.29273
1.94159 0.15001 -2.84999
1.45015 0.15001 2.63528
2.6791 0.15001 -2.02782
-0.437421 0.15001 2.1264
2.52054 0.15001 -1.37848
0.904725 0.15001 -2.67641
0.713567 0.15001 -2.67759
1.51094 0.15001 -1.66098
0.0347232 0.15001 0.49493
-0.998788 0.15001 -2.15702
-2.67872 0.15001 0.446866
-1.25135 0.15001 1.4016
2.12432 0.15001 2.00946
0.884116 0.15001 -0.311084
1.12464 0.15001 1.61024
1.20529 0.15001 0.642297
1.67836 0.15001 -1.58261
2.36024 0.15001 -0.53712
0.213257 0.15001 0.0156319
1.87238 0.15001 -0.455067
-0.603675 0.15001 -0.572561
2.19815 0.15001 -0.822071
2.81653 0.15001 2.25198
2.52082 0.15001 -1.19052
2.84999 0.15001 -2.66503
1.47744 0.15001 -2.68021
2.13047 0.15001 -2.84999
0.545085 0.15001 -1.64118
1.78433 0.15001 -1.75749
1.76333 0.15001 2.17248
1.67799 0.15001 1.14413
1.82756 0.15001 1.43998
2.68595 0.15001 0.588209
2.51789 0.15001 0.874282
1.41694 0.15001 -1.82727
0.879862 0.15001 -1.45676
0.385996 0.15001 -0.830193
2.34402 0.15001 -1.85746
0.547479 0.15001 0.040377
0.691586 0.15001 1.09315
2.52322 0.15001 -0.441651
2.84999 0.15001 -0.253938
2.29363 0.15001 2.12943
2.84999 0.15001 -0.0682078
1.19075 0.15001 1.02336
2.14944 0.15001 -2.51383
-0.356977 0.15001 -2.84999
2.52213 0.15001 -0.815504
1.69437 0.15001 0.764453
1.94031 0.15001 2.51549
2.84999 0.15001 -1.36818
2.02465 0.15001 0.772744
1.54514 0.15001 -0.0932239
2.35993 0.15001 -0.724783
2.52267 0.15001 -0.628483
2.84999 0.15001 -2.84999
2.03467 0.15001 -1.30074
-2.05738 0.15001 0.424019
2.04144 0.15001 -2.67273
2.03588 0.15001 -0.167742
1.52648 0.15001 0.851625
-0.54437 0.15001 -0.0426968
-1.3743 0.15001 0.670183
0.548652 0.15001 -0.147414
1.55756 0.15001 -1.21735
2.6865 0.15001 -0.533536
1.03103 0.15001 0.917452
2.03773 0.15001 -1.10886
-0.48062 0.15001 0.639494
-1.47458 0.15001 -0.383873
1.35842 0.15001 0.93699
1.22811 0.15001 -1.03959
1.48772 0.15001 2.84999
1.36591 0.15001 0.747078
2.423 0.15001 -2.6791
2.66738 0.15001 -2.40057
2.6857 0.15001 -0.905563
1.05164 0.15001 -0.5808
1.41074 0.15001 -1.50096
0.377937 0.15001 0.1231
1.57589 0.15001 -1.41782
1.57753 0.15001 2.10403
2.02799 0.15001 0.585164
2.67083 0.15001 1.54697
2.68191 0.15001 -1.83986
1.95579 0.15001 -2.05676
0.884334 0.15001 -0.497061
2.84999 0.15001 -0.439508
0.706034 0.15001 0.709341
2.35983 0.15001 0.214057
0.86934 0.15001 0.81241
-0.358962 0.15001 2.65735
0.45448 0.15001 2.31127
2.33066 0.15001 1.5424
