1240 0.1
-0.622632 2.40822 0.463321
-1.44342 0.335906 -1.12981
-2.18154 1.49216 0.158901
-0.617583 1.81371 0.0567427
-1.49148 0.467076 0.150384
-1.02943 0.15001 0.597323
-2.0145 0.15001 0.598751
-0.706248 0.393065 1.18288
-1.45952 0.15001 1.25687
-0.0333148 1.01863 2.7695
-1.60389 0.891924 -1.69849
-1.05347 0.73095 -0.996627
-1.92457 0.847147 0.0241762
-2.06433 0.459729 0.0200348
-1.6367 1.10085 0.0756479
-1.95568 0.15001 -0.0102569
-2.03006 0.433574 0.527168
-1.9365 0.897933 0.326086
-1.89439 0.739811 0.55426
-1.85365 0.976837 0.968112
-1.5697 0.773939 -1.34684
-1.87702 1.08091 -0.414536
-1.46988 0.322293 -0.804346
-2.45768 0.274128 -0.185906
-2.06615 0.15001 0.262762
-2.08945 0.299857 0.155873
-1.78417 0.15001 0.413448
-1.53629 1.33165 1.91453
-1.961 0.621233 1.25768
-1.30697 0.766589 2.73394
-1.12166 0.550864 -1.9909
-1.93718 0.63458 -0.176092
-1.52761 0.741983 0.126771
-1.81176 0.32965 -0.172536
-1.67796 0.45888 0.0354368
-1.5185 0.466573 0.430528
-1.62176 0.465907 0.622675
-2.04899 0.603734 0.781778
-0.627703 0.15001 1.32923
-1.9253 0.299971 0.993067
-1.18633 0.803719 -1.42002
-1.4077 0.664523 -0.582453
-0.744017 0.15001 -0.238776
-1.77498 0.150313 -0.00896037
-1.27818 0.293161 0.234338
-1.58311 0.15001 0.402221
-0.866263 0.15001 1.05184
-1.61429 0.314266 1.2609
-1.8877 0.717696 1.5694
-1.29407 0.618999 2.27404
-1.18221 0.182212 -1.20526
-1.17726 0.622097 -0.550469
-0.749931 0.333941 -0.0266821
-1.64955 0.15505 0.181536
-1.72161 0.293927 0.262436
-1.40181 0.437367 0.752094
-1.39953 0.345296 0.413923
-1.57178 0.181732 0.576947
-0.807871 0.15001 1.30743
-0.742736 0.15001 2.04854
-0.934067 0.223937 -1.09493
-0.71866 0.529672 -0.0348134
-1.61757 0.34019 -0.217948
-1.17801 0.15001 0.138132
-1.12196 0.494204 0.391617
-0.83878 0.15001 0.497079
-0.938357 0.233464 0.916609
-1.52061 0.239193 0.7416
-1.48866 0.441805 1.77968
-1.51652 0.52348 2.04698
-0.710367 0.23835 -1.50432
-1.12375 0.223469 -0.307251
-1.36745 0.178213 -0.313428
-1.1904 0.299029 0.0244848
-1.0727 0.155681 0.282824
-1.13363 0.290789 0.508776
-1.26149 0.154578 0.579879
-1.24037 0.15001 1.00501
-1.48917 0.618568 1.25369
-1.24487 0.498711 1.69298
-0.986799 0.1899 -0.715166
-0.996674 0.201073 -0.5255
-1.10202 0.222338 -0.122043
-0.876705 0.18578 0.185437
-1.02454 0.299653 0.164089
-0.990783 0.210376 0.43166
-1.30034 0.176043 0.836679
-1.14826 0.392306 0.917239
-1.05392 0.321845 1.74877
-0.678737 0.750472 1.71937
-0.685653 0.207506 -0.50053
-0.621356 0.227216 -0.334329
-0.879713 0.31104 -0.362169
-0.959275 0.239244 0.000985677
-0.881512 0.305004 0.287762
-0.778705 0.410264 0.593483
-1.03177 0.256962 0.729132
-0.76918 0.29904 0.973825
-1.12848 0.237697 1.35314
-0.855586 0.490184 1.42888
-0.130242 0.15001 -1.60074
-0.403395 0.15001 -0.111562
-0.244673 0.15001 -0.0104247
-0.477311 2.22614 0.0660228
-0.442729 2.34513 1.72631
-0.442149 2.24587 0.472673
-0.475771 2.41237 0.754094
-0.657563 0.15001 0.438947
-0.378492 0.15001 2.32672
-0.105847 0.15001 2.81724
-0.416705 0.189512 -1.94442
-1.78464 1.54913 -0.576653
-1.74166 0.152099 -0.393707
-1.41939 0.15001 0.295963
-2.07624 0.15001 -0.238678
-1.81037 0.448036 0.508876
-1.07367 0.15001 1.05873
-1.26847 0.15001 1.23152
-0.497344 0.15001 1.09458
-1.00308 0.15001 2.61348
-0.33886 0.81337 -1.66566
-1.45289 0.15001 -1.48056
-1.45177 0.15001 -0.96427
-1.27078 0.150709 -0.591835
-1.42274 0.15001 0.10442
-1.82427 0.15001 0.184978
-0.705934 0.15001 0.611807
-0.504866 0.15001 0.549304
-0.619129 0.15001 1.54532
-0.340878 0.451311 2.59184
-0.75382 1.05893 -1.91108
-1.20121 0.15001 -0.746021
-1.46605 0.15001 -0.67781
-1.30629 0.450403 -0.142828
-0.510961 0.15001 0.186088
-1.96354 0.15001 0.409552
-0.844939 0.15001 0.753952
-1.1635 0.465764 1.1521
-0.199483 0.31019 1.11925
-0.739259 0.229002 2.48657
-0.295695 0.702663 -1.51286
-1.20668 0.15001 -0.969568
-1.25875 0.322066 -0.791098
-0.665322 0.15001 -0.0536163
-0.683741 0.15001 0.221064
-1.28017 0.15001 0.4069
-0.669747 0.334105 0.746825
-0.607859 0.15001 0.750286
-0.653623 0.329964 1.38512
-0.239483 0.338606 2.20309
-0.742814 0.683184 -1.41301
-0.520587 0.15001 -0.601272
-0.547144 0.452407 -0.0539894
-0.877797 0.15001 -0.105713
-0.734605 0.336712 0.442301
-0.844167 0.39122 0.0942359
-0.557264 0.312109 0.886072
-0.986078 0.326292 1.17069
-0.703013 0.160433 1.14787
-0.948677 0.201227 2.06113
-0.461138 0.250313 -1.60017
-0.54728 0.15001 -0.20237
-0.353682 0.29292 -0.0244603
-0.636833 0.328895 0.271249
-0.489895 0.15001 0.349016
-0.615586 0.322711 0.583087
-0.850455 0.259689 0.630249
-0.355352 0.15001 1.00389
-0.405172 0.15001 1.5897
-0.548188 0.219686 2.14653
-0.474095 0.224467 -1.30692
-0.756244 0.15001 -0.674379
-0.619449 0.306522 -0.123617
-0.617465 0.260941 0.0865498
-0.419187 0.287166 0.242415
-0.561397 0.595324 0.469776
-0.705973 0.156227 0.909587
-0.495469 0.15001 0.887063
-0.553466 0.291352 1.22544
-0.60821 0.150081 1.81068
-0.460746 0.15001 -0.930914
-0.451889 0.157978 -0.414251
-0.449657 0.292019 -0.223158
-0.630158 0.454047 0.127008
-0.481211 0.452265 0.33107
-0.438058 0.412176 0.731316
-0.846961 0.435606 0.789623
-0.613816 0.259862 1.0435
-0.475053 0.227989 1.42225
-0.3519 0.238897 1.76672
-0.678051 0.253306 -0.799472
-0.473058 0.323584 -0.461775
-0.611903 0.395488 -0.312094
-0.516245 0.60073 -0.139624
-0.592054 0.592897 0.217923
-0.399925 0.38884 0.535342
-0.593011 0.48805 0.622739
-0.546209 0.420552 1.06057
-0.429512 0.405512 1.36355
-0.577551 0.293824 1.5955
0.170042 1.40255 -2.15785
0.0735223 0.15001 -0.435712
-0.195883 2.10208 -0.123842
-0.111359 0.15001 0.0878281
-0.180366 2.05994 0.271385
-0.0595626 1.55206 0.660416
-0.0268584 2.08673 0.777189
-0.0938861 1.07814 1.08211
-0.0886895 0.15001 1.42646
0.0630862 0.15001 2.77519
-0.190395 0.771228 -1.88339
-0.252156 0.15001 -1.87685
0.132572 0.15001 -0.27324
-0.488466 0.350626 0.0963396
-1.55035 0.15001 -0.0796643
-0.449809 0.15001 0.0396102
-0.293072 0.324929 0.663743
-0.458062 0.232127 0.712071
-0.313673 0.15001 1.17584
-0.373988 0.15001 2.5958
-0.103116 0.15001 -1.01698
-0.293412 0.15001 -1.08049
0.536278 0.429552 -0.27557
-0.798464 0.681341 0.0705876
-0.221719 0.286499 0.189454
-0.337234 1.85305 1.27548
-0.827876 0.15001 0.333404
-0.189 0.15001 0.821613
-0.451756 0.15001 1.27728
-0.256859 0.745183 2.72762
-0.292 0.369095 -1.77712
-0.214012 0.15001 -0.370829
-0.840142 0.15001 -0.426068
0.0551805 0.15001 0.0271293
-0.325519 0.15001 0.485244
-0.320969 0.15001 0.652217
-0.0720776 1.82386 1.2713
-0.189511 0.15001 1.01892
-0.217957 0.15001 1.5569
-0.232658 0.15001 2.46215
-0.0246697 0.15001 -1.42862
-0.26873 0.15001 -0.56567
-0.206658 0.15001 -0.175797
-0.614458 0.827432 0.0439021
-0.414504 0.623012 0.0788634
-0.160847 0.15001 0.587639
-0.0487677 0.616098 0.940622
-0.0698161 0.341042 1.02915
-0.175722 0.15001 2.04917
-0.340418 0.15001 2.11647
0.0125675 0.307114 -1.53255
-0.187689 0.15001 -0.752992
-0.350576 0.15001 -0.26708
-0.0846788 0.323057 0.0647537
-0.0992995 0.379296 0.602359
-0.162284 0.358004 0.765723
-0.348945 0.15001 0.825237
-0.145937 0.578169 1.0781
-0.438268 0.15001 1.95816
-0.221891 0.164288 2.26892
-0.244745 0.252066 -1.44211
-0.372253 0.211467 -0.697726
-0.0345274 0.161929 -0.106546
-0.36372 0.466443 -0.117067
-0.162831 0.15001 0.4149
-0.353996 0.28989 0.396237
-0.217661 0.299164 0.948311
-0.395338 0.362741 1.1663
-0.141909 0.309525 1.29933
-0.16763 0.166136 1.77361
-0.00763127 0.156654 -0.748869
-0.311903 0.264913 -0.44509
-0.238839 0.306272 -0.273338
-0.0323222 0.462002 -0.10229
-0.00420565 0.292155 0.483956
-0.277059 0.538632 0.767084
-0.401724 0.33377 0.987252
-0.463918 0.72132 0.745788
-0.293118 0.30801 1.39653
-0.30117 0.324144 2.01867
-0.533811 0.326507 -1.01554
-0.374119 0.404321 -0.654225
-0.0575674 0.388686 -0.27437
-0.14543 0.292323 -0.0942701
-0.13033 0.310015 0.359049
-0.54333 0.295599 0.426888
-0.330258 0.318885 0.830568
-0.487603 0.506337 0.859375
-0.0604837 0.448923 1.2152
-0.204144 0.484274 1.40225
-0.314867 0.220192 -0.891374
-0.250322 0.423697 -0.422266
-0.227219 0.486078 -0.264524
-0.19518 0.526381 -0.0962656
-0.312198 0.447932 0.220274
-0.302283 0.44626 0.395626
-0.240463 0.472636 0.928911
-0.397512 0.523701 1.0463
-0.245388 0.467097 1.21367
-0.163565 0.341557 1.71422
-0.0568198 2.00095 -0.572676
0.0895921 2.24363 -0.413205
0.0369308 1.18057 0.0533019
-0.0507626 2.16795 0.123246
0.231535 1.52536 0.343934
0.118607 1.7254 0.610694
0.238563 1.3265 0.967163
0.0222565 0.15001 1.29899
0.305737 0.15001 1.57446
0.200192 0.15001 2.84999
0.158714 0.422276 -1.8555
0.211099 0.15001 -1.79433
0.0145026 1.60867 -0.29745
0.313841 0.15001 -0.249776
-0.299472 0.15001 0.308786
-0.317051 0.15001 0.144121
-0.179332 1.10046 0.466727
-0.0810696 1.02104 0.915149
0.0456647 0.805279 1.31797
-0.180496 0.262421 2.64834
-0.257039 0.499974 -2.03489
-0.26455 0.15001 -1.26217
0.328295 0.302251 -0.468399
-0.108961 0.15001 0.25096
0.179371 0.15001 0.324251
0.062632 1.31225 0.323371
-0.256495 0.546067 0.53814
-0.25187 0.15001 1.34462
-0.156603 0.316396 1.50701
0.18316 0.712826 2.39339
-0.117777 0.467077 -1.84303
0.289324 0.15001 -1.45341
-0.181887 0.689534 -0.010099
0.0915357 0.15001 0.188707
0.00135317 0.15001 0.582727
-0.0182273 0.321868 0.860984
-0.0304818 0.15001 1.08794
0.408293 0.68799 1.17407
0.209013 0.15001 2.2485
0.0486028 0.15001 2.49645
0.0906203 0.304001 -1.71818
0.0680711 0.15001 -0.917818
-0.110075 0.15001 -0.527464
0.176178 0.15001 -0.11352
0.00359822 0.15001 0.374359
0.148918 0.15001 0.652669
-0.0622664 0.772397 1.13502
-0.142569 0.15001 1.21268
0.126239 0.15001 1.68161
-0.340159 0.310656 2.44341
0.123228 0.54805 -1.49206
0.211631 0.15001 -1.02373
0.237751 0.316652 -0.333169
0.0213548 0.291514 0.262944
0.148051 0.348669 0.570719
0.0241413 0.694037 0.319867
0.270068 0.302981 0.460738
0.335512 0.15001 1.04321
0.087482 0.151115 1.49923
0.0501457 0.156281 2.30271
0.0649224 0.15001 -1.11764
-0.157711 0.337631 -0.643764
-0.11732 0.284359 -0.416965
0.0726015 0.296589 -0.0800669
-0.294338 0.42355 0.0526163
0.157532 0.534299 0.671788
0.0247833 0.29218 0.689692
0.141734 0.15001 1.14779
-0.064376 0.167569 1.63098
0.0267489 0.15001 1.83743
0.118764 0.301009 -1.27603
0.155129 0.361028 -0.954896
-0.0546906 0.15001 -0.271805
0.0799666 0.294754 0.0917009
0.0830197 0.465545 0.225591
-0.222456 0.29947 0.508913
0.221479 0.328752 0.897521
0.0721185 0.270285 1.00202
0.0109437 0.274277 1.18126
-0.0842596 0.232186 2.16866
-0.105188 0.258554 -1.30262
0.143846 0.304964 -0.727598
0.0602256 0.296768 -0.375296
0.0598334 0.45311 0.0454713
-0.120201 0.429319 0.217381
0.0336708 0.454692 0.403268
0.0866977 0.428397 0.936724
0.27529 0.476278 1.17201
0.0166207 0.305081 1.40985
-0.129865 0.292191 1.91822
-0.0834712 0.285035 -0.879445
-0.00226753 0.334635 -0.567479
-0.094113 0.497714 -0.490807
-0.100964 0.523579 0.0672074
-0.160971 0.520997 0.376447
-0.0310934 0.531721 0.557772
-0.00461324 0.463072 0.768739
0.0160784 0.497788 1.07167
0.120695 0.385978 1.23201
0.0821931 0.31437 1.64576
0.288051 2.26192 -0.339419
1.61175 2.33073 -0.482984
0.305717 2.0115 -0.0438328
0.356989 1.51329 0.234775
0.345013 2.2103 0.37987
0.431164 1.33798 0.665351
0.415531 1.37469 0.931638
0.303297 0.15001 0.881887
0.262179 0.15001 1.81146
0.398387 0.15001 2.79554
-0.0799088 0.744698 -2.39131
0.0818887 0.15001 -1.95122
0.0462369 0.15001 -0.59529
0.238935 0.15001 -0.396804
0.406996 0.15001 0.0535896
0.129006 0.15001 0.47983
-0.044295 0.15001 0.922058
-0.0955707 0.828842 0.776951
0.523003 0.15001 1.02267
0.18033 0.15001 2.63086
0.206096 0.157732 -2.08632
0.107971 1.16089 -1.78641
0.9036 0.78998 -0.354266
0.0914543 1.94962 -0.0430872
0.53145 0.15001 -0.0768875
0.28137 0.15001 0.530808
0.0830195 0.758007 0.861591
0.165752 0.15001 0.976871
0.185629 0.15001 1.97131
0.530044 0.442052 2.49651
-0.183324 0.931017 -1.72944
0.197587 0.15001 -0.775853
0.538911 0.15001 -0.436686
0.318746 0.468311 -0.263194
0.67244 1.01656 0.356236
-0.0381343 0.15001 0.749414
0.563877 0.15001 0.687695
0.650323 0.15001 1.45911
0.303489 0.15001 1.20672
0.128234 0.404864 2.72374
0.481304 0.704239 -0.636074
0.269805 0.15001 -1.25178
0.422997 0.310565 -0.0642069
0.158237 0.345058 0.346156
0.227044 0.628772 0.28478
0.110336 0.15001 0.820287
0.706404 0.297417 0.645045
0.470113 0.15001 1.17719
0.429927 0.15001 1.97935
0.196257 0.231742 2.46195
-0.124911 0.820861 -0.370362
0.169653 0.555814 -0.662052
0.70232 0.15001 -0.0435126
0.294313 0.15001 0.19021
0.445804 0.299509 0.108393
0.487531 0.15001 0.852694
0.352116 0.374309 1.04529
0.321255 0.15001 1.37874
0.115706 0.37324 1.90818
0.0480324 0.366343 2.17563
0.250823 0.29758 -1.56687
0.166678 0.30327 -0.529875
0.416187 0.300857 -0.262685
0.264901 0.308699 -0.161915
0.226539 0.162798 0.0430436
0.421453 0.230218 0.472924
0.293168 0.154963 0.722084
0.173559 0.203796 1.32096
0.355245 0.293516 1.44969
0.212419 0.324558 2.10616
0.526723 0.414937 -1.35673
0.0558736 0.537274 -0.33431
0.402165 0.629466 0.0825285
0.234216 0.339175 0.00261987
0.223597 0.305957 0.170726
0.326026 0.300657 0.615582
0.392847 0.298598 0.891362
0.217557 0.297053 1.1033
0.190697 0.291565 1.51201
0.0386628 0.237701 2.02784
0.409251 0.29817 -1.22544
0.491818 0.505364 -0.443557
0.3308 0.475631 -0.0536655
0.102881 0.402006 -0.217375
0.359662 0.437402 0.157144
0.299725 0.514816 0.51392
0.195602 0.301769 0.731578
0.34651 0.544011 0.915555
0.386056 0.293191 1.23891
0.304188 0.2797 1.93493
0.349345 0.222169 -1.06553
0.244901 0.450271 -0.461221
0.205892 0.592319 -0.224327
0.150744 0.526879 -0.0784444
0.226787 0.510063 0.0809141
0.135962 0.636572 0.524759
0.181193 0.525907 0.836481
0.177672 0.560749 1.00623
0.242097 0.379335 1.34565
0.312749 0.261822 1.68524
0.476589 0.15001 -1.50844
0.53468 2.55253 -0.415912
0.668752 1.87886 -0.0221109
0.577976 1.84377 0.146638
0.723994 1.32335 0.446922
0.71822 1.54266 0.697792
0.70295 0.15001 0.765801
0.751042 0.15001 1.27993
0.573843 0.15001 2.45038
0.542691 0.15001 2.84999
-0.331913 0.150141 -2.19041
0.378228 0.15001 -2.00885
0.50356 0.15001 -0.250365
0.36354 0.15001 -0.0990263
0.151494 1.34761 -0.00209225
0.458603 0.15001 0.209955
0.540465 1.44469 0.325845
0.276501 1.01532 0.720569
0.610781 0.15001 1.88649
0.256136 0.15001 2.77041
0.285043 0.279904 -2.28718
0.506277 2.17329 -0.173402
-0.0728607 0.896474 -0.62552
0.300406 1.02453 -0.123348
0.621451 0.15001 0.248826
0.510353 0.15001 0.368003
0.561604 1.05279 0.599846
0.420751 0.15001 0.618274
0.487212 0.15001 2.29603
0.693965 0.15001 2.67515
0.252376 0.406774 -1.71715
0.352287 0.15001 -1.65314
0.582081 0.982774 -0.124584
0.75102 0.291614 -0.279715
0.656369 0.15001 -0.204347
0.440113 0.862025 -0.0746979
0.395361 0.926518 1.25823
0.669538 0.15001 0.942159
0.534077 0.171579 2.12372
0.447452 0.15001 2.65544
0.385212 0.453361 -1.52895
0.794527 0.171748 -1.3158
0.489739 0.313675 -0.467672
0.555987 0.520819 0.140363
0.948086 0.314226 0.0257635
0.34031 0.15001 0.353325
0.785848 0.300854 0.976325
0.681643 0.15001 1.11581
0.812718 0.15001 1.51078
0.357746 0.15001 2.1635
0.637796 0.433732 -0.80925
0.368962 0.15001 -0.867121
0.782702 0.31104 -0.469604
0.576999 0.15001 0.082897
0.4108 0.404616 0.440493
0.613642 0.15001 0.514012
0.51602 0.307472 1.1054
0.609834 0.259365 1.24493
0.47199 0.15001 1.503
0.368024 0.1793 2.42827
0.543248 0.15001 -0.876231
0.33785 0.15001 -0.682404
0.61497 0.290505 -0.583339
0.779487 0.333908 0.0166923
0.612912 0.331084 0.149164
0.53411 0.296479 0.570527
0.55563 0.29675 0.900125
0.674207 0.384257 1.0943
0.562643 0.15001 1.65803
0.381755 0.359021 2.26579
0.521279 0.15001 -1.3394
0.301269 0.364133 -0.753376
0.628644 0.326684 -0.165565
0.59727 0.303833 -0.00987103
0.610998 0.277065 0.406131
0.462887 0.640278 0.473714
0.440967 0.280012 0.730847
0.53578 0.482699 1.25616
0.513314 0.156741 1.3414
0.442541 0.16555 1.78117
0.490813 0.15066 -1.10205
0.504168 0.264239 -0.745407
0.777184 0.528753 -0.335769
0.752821 0.441267 -0.160105
0.48225 0.305193 0.283895
0.29192 0.44618 0.712721
0.580634 0.390225 0.715792
0.451177 0.451996 0.810959
0.532897 0.326366 1.41912
0.520613 0.309627 1.89945
0.42794 0.309394 -0.935043
0.487309 0.437694 -0.66077
0.508223 0.474415 -0.0681578
0.644066 0.56469 -0.234432
0.440389 0.501209 0.304179
0.445891 0.46605 0.63691
0.535763 0.61377 0.782577
0.494815 0.441521 0.995398
0.410026 0.438348 1.36431
0.467915 0.279934 1.60047
1.21699 0.456726 -0.866514
0.741398 2.41923 -0.524364
0.797964 1.70141 -0.0484373
0.952637 1.47382 0.253474
0.899715 1.50993 0.421004
0.761144 0.15001 0.593226
0.871116 0.15001 0.705843
0.995232 0.15001 1.45277
0.838436 0.15001 1.89653
0.892168 0.15001 2.71981
1.06822 0.15001 -1.77389
0.55374 0.15001 -1.92574
0.733567 2.13141 -0.464192
0.564249 1.72772 -0.111882
0.777902 0.15001 0.285174
0.599627 0.686132 0.141978
0.516866 1.25176 0.526384
0.92821 0.15001 1.22147
0.720884 0.15001 1.71206
0.759182 0.279248 2.80578
0.323926 0.334251 -1.87371
0.211069 0.15001 -0.56907
0.63729 0.35081 -0.399851
0.720648 0.306787 0.276116
0.720129 0.745047 0.329622
0.919024 0.15001 0.519278
0.715296 0.390831 0.477614
0.965214 0.789988 1.12732
0.656394 0.289221 1.57955
0.741675 0.200763 2.5165
0.538714 0.375807 -1.75724
0.742256 0.15001 -1.5611
0.548117 0.681275 -0.0931736
0.489995 0.15001 -0.61069
0.351441 0.848693 0.367378
0.664645 0.748438 0.624175
1.04949 0.15001 1.10729
0.840842 0.15001 1.05955
0.867521 0.263905 1.34156
0.292871 0.54285 2.2612
0.553386 0.15001 -1.68829
0.644293 0.15001 -0.701072
0.935481 0.281047 -0.55083
1.17937 0.642644 -0.120918
0.319046 0.346611 0.3026
0.893085 0.327099 0.697051
0.800256 0.461288 0.597559
0.946746 0.356602 1.00722
0.87365 0.225018 1.73303
0.702574 0.15001 2.30066
0.919885 0.291987 -1.41136
0.644618 0.15001 -1.19195
0.874426 0.15001 -0.0111144
1.01398 0.476873 0.104276
0.762726 0.15001 0.436409
1.03309 0.303811 0.522494
1.01606 0.15001 0.794109
0.823131 0.298195 1.15112
0.703225 0.30853 1.38624
0.549915 0.355519 2.3522
0.651392 0.244242 -1.43277
0.857762 0.255942 -1.11672
0.841125 0.15001 -0.193746
0.898591 0.725738 0.159098
0.858391 0.304486 0.532615
0.918341 0.566318 0.665383
0.824769 0.15001 0.875209
0.626646 0.48218 0.900162
0.988621 0.304807 1.87309
0.752832 0.15001 2.09858
0.689506 0.15001 -0.996445
0.742126 0.15001 -0.538687
1.0599 0.473815 -0.0837923
0.878932 0.295418 -0.140938
0.629111 0.549962 0.60842
0.960452 0.610436 0.319146
0.698571 0.323751 0.826503
0.720878 0.448153 1.24605
0.594458 0.727898 1.15679
0.630154 0.319397 2.13485
0.581573 0.272218 -1.02129
0.750912 0.322573 -0.695817
1.03887 0.155658 -0.0939348
0.839784 0.512127 0.100924
0.560011 0.471841 0.426728
0.85497 0.405964 0.360323
0.861474 0.421663 0.83552
0.796224 0.481502 0.982064
0.825804 0.308065 1.52725
0.726649 0.285885 1.89878
0.798848 0.256476 -0.875073
0.697674 0.471684 -0.572285
0.917363 0.253478 -0.306267
0.667889 0.4771 -0.013067
0.703537 0.477015 0.252771
0.731151 0.544845 0.420264
0.72292 0.497462 0.755883
0.789278 0.586474 1.11969
0.792662 0.456438 1.39879
0.776638 0.361944 1.70523
1.18961 0.615917 -0.636682
1.06734 2.44444 -0.58055
1.08358 1.34481 -0.0471694
1.17792 0.15001 -0.218417
0.93588 0.15001 0.352128
1.57839 0.15001 0.893175
1.4324 0.15001 1.03536
1.09306 0.15001 1.29377
1.01838 0.15001 1.72991
0.941397 0.15001 2.06153
0.215525 1.07364 -1.94356
1.10346 0.15001 -1.22014
0.379497 0.15001 -0.48038
0.592516 1.17174 -0.0427941
0.794063 0.943208 -0.154998
0.754622 1.1492 0.388239
1.13122 0.15001 0.934293
1.19281 0.15001 1.43822
1.09342 0.555027 1.32482
1.35347 0.431324 2.54287
1.52897 1.28838 -1.63723
0.830646 0.15001 -0.681322
0.314524 1.04713 -0.43042
0.740686 0.15001 0.119387
0.891691 0.15001 0.179923
1.11621 0.15001 0.473401
1.11652 0.705985 0.860642
1.16474 0.489371 1.17299
1.13974 0.298927 1.17287
1.93398 1.84345 2.48326
0.726726 0.153024 -1.76436
0.695001 0.15001 -0.369158
1.30027 0.15001 -0.0795629
1.02141 0.15001 0.096707
1.18683 0.57335 0.39257
1.37036 0.15001 0.672129
1.03896 0.15001 0.6307
1.23284 0.15001 1.07327
0.832212 0.299979 2.11949
0.825902 1.34902 2.84214
0.801972 0.740588 -2.09011
1.35602 0.15001 -0.23491
1.03673 0.15001 -0.32425
0.998355 0.300631 0.347532
1.44587 0.15001 0.375561
1.2097 0.317742 0.559222
1.19159 0.15001 0.693387
1.12873 0.711226 1.15477
1.04819 0.15001 1.91177
0.927473 0.157553 2.25131
0.871497 0.276497 -1.64233
1.04202 0.15001 -0.520512
1.38875 0.595624 -0.150529
0.868247 0.365978 0.190541
1.23566 0.15001 0.182995
1.29483 0.299017 0.729793
1.15716 0.263731 0.818837
0.906845 0.628052 0.853089
1.11487 0.298701 1.4035
1.18742 0.178731 2.30333
1.0678 0.164668 -1.48044
1.09464 0.255399 -0.672165
0.867504 0.15001 -0.421776
1.03434 0.301013 0.177274
1.05191 0.459305 0.274088
1.07305 0.32606 0.691024
0.966685 0.164889 0.958038
1.11422 0.339482 0.989652
1.31168 0.351235 1.49728
1.13628 0.15001 2.09495
1.22867 0.293997 -0.99173
1.08449 0.332635 -0.445499
1.19443 0.153511 -0.395912
1.19734 0.325515 0.223659
1.31175 0.489117 0.286984
1.10213 0.464906 0.50414
1.38867 0.421297 0.849693
0.972158 0.369314 1.19245
1.00192 0.274768 1.56606
1.16566 0.363234 1.62849
0.940139 0.297223 -0.756378
0.884434 0.445213 -0.621695
1.04015 0.306444 -0.194406
1.20311 0.351086 0.0521923
1.25426 0.499343 0.129205
0.93043 0.50354 0.487925
0.991693 0.298145 0.850776
1.17226 0.51422 0.889305
1.26578 0.364759 1.30778
1.18556 0.316204 1.90361
1.00129 0.306387 -0.982981
0.893207 0.403307 -0.349191
0.899313 0.491657 -0.184438
0.837139 0.5846 -0.0558826
1.10163 0.60135 0.170387
1.07437 0.632399 0.615808
1.01662 0.474018 0.791906
0.972893 0.523936 1.06787
0.970578 0.406192 1.3714
0.884135 0.457752 1.54856
1.26214 0.363067 -0.65586
1.21317 0.15001 -0.568287
2.2886 0.153851 -0.211625
1.16543 0.15001 0.0268471
2.05481 0.15001 0.589267
2.66931 0.15001 0.939523
2.28785 0.15001 0.856975
1.46605 0.15001 1.19456
1.14398 0.15001 1.61958
1.30549 0.150056 1.55325
0.604873 0.823111 -2.0142
0.983664 0.15001 -0.934201
1.08165 1.45841 -0.240494
1.01469 0.961713 -0.329454
1.10034 0.15001 0.292913
1.27379 0.15001 0.533248
1.78008 0.15001 0.534084
1.44682 0.474999 1.01649
1.29504 0.675701 1.3852
1.96974 0.482654 2.76111
1.05851 0.35163 -2.24185
1.39352 0.298437 -0.530268
2.19149 0.15001 -0.639579
1.50277 0.15001 0.0887394
1.95909 0.15001 0.417484
2.16971 0.19635 0.432085
1.40276 0.7605 0.62275
1.46216 0.15001 1.60008
1.34081 2.21324 1.23438
0.926886 0.15001 2.48125
1.21527 0.15001 -0.741847
1.20073 0.404871 -0.226064
1.30365 0.788261 -0.343562
2.00334 0.15001 0.0868809
1.16797 0.27082 -0.0904081
1.55445 0.15001 0.497029
1.3024 0.15001 0.826804
1.76877 0.15001 0.915615
1.49503 0.15001 1.78798
1.8234 0.603759 2.29756
2.29844 0.43191 -1.7214
1.09381 0.453731 -0.613885
1.47573 0.15001 -0.0990803
2.19677 0.15001 0.10313
2.01017 0.351957 0.501595
1.53441 0.15001 0.663315
1.6404 0.341102 0.606443
1.9816 0.878669 1.08771
1.50035 0.395677 1.57236
1.08465 0.424931 2.6335
1.55844 0.15001 -1.40306
1.54506 0.232432 -0.742587
1.68144 0.15001 -0.125859
1.40333 0.15001 0.219938
2.03722 0.384778 0.0708174
1.26521 0.15001 0.360904
1.49363 0.533101 0.736084
1.72357 0.150707 1.11092
1.37891 0.15001 1.38252
1.77914 0.291848 2.34587
1.14644 0.229369 -1.65316
1.39002 0.150087 -0.639577
1.33103 0.332842 -0.130615
1.88737 0.153326 0.23299
1.35873 0.286674 0.485226
1.40717 0.402828 0.625543
1.68439 0.3179 1.00216
1.58158 0.318984 1.16579
1.88312 0.152801 1.42899
1.55538 0.356004 2.5157
1.38096 0.204446 -1.36448
1.37109 0.16456 -0.440851
1.04578 0.487912 -0.277762
1.33565 0.223097 0.0622399
1.34448 0.300396 0.319412
1.16514 0.338153 0.385526
1.46254 0.292602 0.762194
1.2695 0.26538 0.940586
1.24943 0.179506 1.25078
1.54515 0.3222 1.94202
1.25487 0.181196 -1.14563
1.25311 0.303348 -0.398836
1.62137 0.303188 -0.202535
1.57175 0.274197 0.159991
1.59561 0.339727 0.317559
1.52212 0.344563 0.475603
1.47558 0.278488 0.951324
1.35453 0.281655 1.10184
1.52447 0.260564 1.43369
1.30667 0.224186 1.9844
1.37765 0.15001 -0.828384
1.34374 0.474933 -0.495381
1.38172 0.291817 -0.288859
1.48695 0.38791 -0.000249995
1.40913 0.335736 0.168607
1.33288 0.454544 0.461811
1.20381 0.439964 0.662303
1.26602 0.418397 1.02345
1.42796 0.278866 1.27121
1.26081 0.183607 1.75555
2.45192 0.296879 -0.251988
2.84999 0.15001 -0.0116204
2.74474 0.15001 0.128341
2.84999 0.15001 0.268497
2.83475 0.15001 0.485172
2.71109 0.15001 0.627922
2.51216 0.15001 0.648298
2.48336 0.15001 0.812775
1.60997 0.15001 1.28408
1.29253 0.890509 1.29549
1.1973 0.547684 -1.50089
2.38545 0.190178 -0.597388
2.08691 0.15001 -0.314865
2.7104 0.15001 -0.221365
2.55274 0.15001 0.0195511
2.7253 0.15001 0.384357
2.73391 0.21687 0.798554
2.51608 0.389334 1.39505
2.77904 0.494169 1.95821
2.70331 0.924326 2.70198
2.67504 0.154653 -0.746963
2.3595 0.167691 -0.369148
2.57722 0.925086 -0.173885
2.52127 0.72892 0.163365
2.84461 0.383433 0.400533
2.55133 0.803272 0.378277
2.81346 0.249731 1.06202
2.56759 1.92006 -0.0228144
2.45007 0.15001 1.08296
2.19264 0.15001 2.16141
0.945885 0.478915 -1.77582
2.22716 0.15001 -0.914823
1.53325 0.15001 -0.273136
2.59599 0.422928 -0.00240774
2.70788 0.340067 0.214135
2.47566 0.15001 0.468248
2.18922 0.399494 0.525335
2.51714 1.23639 1.29445
2.45657 0.356346 2.06305
1.29454 0.429184 1.80241
2.49771 0.623791 -1.2248
2.05787 0.362408 -0.130411
2.67155 0.511066 -0.164194
2.55059 0.181396 -0.147705
2.43631 0.43686 0.209897
2.41726 0.15001 0.151287
2.30772 0.45961 1.01587
1.70051 0.15001 1.82582
2.26121 0.371839 1.88152
2.08367 0.58087 2.24657
1.5632 0.155224 -1.2015
2.0201 0.272703 -0.851075
2.00785 0.15001 -0.526439
2.39103 0.253928 -0.00302017
2.10734 0.162921 0.262548
2.59885 0.300193 0.35916
2.48594 0.401177 0.660052
2.32696 0.336806 1.27214
2.33207 1.24694 1.91285
1.76431 0.641011 1.34975
1.6146 0.576228 -1.40336
1.97003 0.356291 -0.292412
2.17037 0.15001 -0.0582652
2.22734 0.361996 -0.0242681
2.28397 0.344608 0.153933
2.35787 0.165107 0.323504
2.25188 0.190358 0.612859
1.97081 0.15001 1.05814
1.64898 0.704804 0.957814
1.86155 0.801811 2.08054
1.85403 0.799134 -0.825308
1.86085 0.218209 -0.681068
1.77188 0.242849 -0.473283
1.69951 0.15001 0.126607
1.59857 0.15001 0.279555
2.08109 0.315428 0.688293
2.07038 0.15001 0.763688
2.22012 0.352225 1.12026
2.0131 0.475289 1.33074
2.07221 0.160442 1.32223
1.54543 0.627638 -1.22835
1.63923 0.175769 -0.586377
1.98612 0.193679 -0.0981783
1.79994 0.220762 0.00223561
1.97123 0.322748 0.325605
1.764 0.208912 0.32723
1.69129 0.154343 0.739508
2.00283 0.244789 0.90346
1.88956 0.187828 1.2167
1.84439 0.226291 1.97683
1.59105 0.216805 -1.01963
1.52629 0.249406 -0.42319
1.83294 0.196805 -0.197737
1.57559 0.254741 -0.0368125
1.75429 0.284571 0.156617
1.82115 0.336547 0.441335
1.63654 0.329911 0.805438
1.87667 0.202883 0.704216
1.73829 0.245804 1.35074
1.65558 0.16996 1.47175
-3 0 -3
-3 0 3
-3 1 -3
-3 1 3
-3 2 -3
-3 2 3
-3 3 -3
-3 3 3
-3 4 -3
-3 4 3
-3 5 -3
-3 5 3
-3 6 -3
-3 6 3
-2 0 -3
-2 0 3
-2 1 -3
-2 1 3
-2 2 -3
-2 2 3
-2 3 -3
-2 3 3
-2 4 -3
-2 4 3
-2 5 -3
-2 5 3
-2 6 -3
-2 6 3
-1 0 -3
-1 0 3
-1 1 -3
-1 1 3
-1 2 -3
-1 2 3
-1 3 -3
-1 3 3
-1 4 -3
-1 4 3
-1 5 -3
-1 5 3
-1 6 -3
-1 6 3
0 0 -3
0 0 3
0 1 -3
0 1 3
0 2 -3
0 2 3
0 3 -3
0 3 3
0 4 -3
0 4 3
0 5 -3
0 5 3
0 6 -3
0 6 3
1 0 -3
1 0 3
1 1 -3
1 1 3
1 2 -3
1 2 3
1 3 -3
1 3 3
1 4 -3
1 4 3
1 5 -3
1 5 3
1 6 -3
1 6 3
2 0 -3
2 0 3
2 1 -3
2 1 3
2 2 -3
2 2 3
2 3 -3
2 3 3
2 4 -3
2 4 3
2 5 -3
2 5 3
2 6 -3
2 6 3
-3 0 -3
-3 7 -3
-3 0 -2
-3 7 -2
-3 0 -1
-3 7 -1
-3 0 0
-3 7 0
-3 0 1
-3 7 1
-3 0 2
-3 7 2
-2 0 -3
-2 7 -3
-2 0 -2
-2 7 -2
-2 0 -1
-2 7 -1
-2 0 0
-2 7 0
-2 0 1
-2 7 1
-2 0 2
-2 7 2
-1 0 -3
-1 7 -3
-1 0 -2
-1 7 -2
-1 0 -1
-1 7 -1
-1 0 0
-1 7 0
-1 0 1
-1 7 1
-1 0 2
-1 7 2
0 0 -3
0 7 -3
0 0 -2
0 7 -2
0 0 -1
0 7 -1
0 0 0
0 7 0
0 0 1
0 7 1
0 0 2
0 7 2
1 0 -3
1 7 -3
1 0 -2
1 7 -2
1 0 -1
1 7 -1
1 0 0
1 7 0
1 0 1
1 7 1
1 0 2
1 7 2
2 0 -3
2 7 -3
2 0 -2
2 7 -2
2 0 -1
2 7 -1
2 0 0
2 7 0
2 0 1
2 7 1
2 0 2
2 7 2
-3 0 -3
3 0 -3
-3 0 -2
3 0 -2
-3 0 -1
3 0 -1
-3 0 0
3 0 0
-3 0 1
3 0 1
-3 0 2
3 0 2
-3 1 -3
3 1 -3
-3 1 -2
3 1 -2
-3 1 -1
3 1 -1
-3 1 0
3 1 0
-3 1 1
3 1 1
-3 1 2
3 1 2
-3 2 -3
3 2 -3
-3 2 -2
3 2 -2
-3 2 -1
3 2 -1
-3 2 0
3 2 0
-3 2 1
3 2 1
-3 2 2
3 2 2
-3 3 -3
3 3 -3
-3 3 -2
3 3 -2
-3 3 -1
3 3 -1
-3 3 0
3 3 0
-3 3 1
3 3 1
-3 3 2
3 3 2
-3 4 -3
3 4 -3
-3 4 -2
3 4 -2
-3 4 -1
3 4 -1
-3 4 0
3 4 0
-3 4 1
3 4 1
-3 4 2
3 4 2
-3 5 -3
3 5 -3
-3 5 -2
3 5 -2
-3 5 -1
3 5 -1
-3 5 0
3 5 0
-3 5 1
3 5 1
-3 5 2
3 5 2
-3 6 -3
3 6 -3
-3 6 -2
3 6 -2
-3 6 -1
3 6 -1
-3 6 0
3 6 0
-3 6 1
3 6 1
-3 6 2
3 6 2
