1000 0.1
1.8197 0.15001 -0.473841
-2.67049 0.15001 0.938962
-2.55767 0.15001 -2.54382
-2.39649 0.15001 -2.52282
-2.84999 0.15001 -0.680546
2.80839 0.15001 1.05062
0.977498 0.15001 1.19024
-1.72674 0.15001 1.35662
-1.75107 0.15001 -1.02678
-1.10716 0.15001 -0.221107
-2.65877 0.15001 2.16386
-0.225108 0.15001 2.84999
-0.392106 0.15001 0.916627
2.84999 0.15001 0.291486
-0.930133 0.15001 1.43003
-0.670678 0.15001 -2.20529
-0.716937 0.15001 -1.39907
-0.29638 0.15001 -1.5603
-1.12186 0.15001 0.210762
-0.214253 0.15001 0.958013
-2.31877 0.15001 -2.13094
-2.84999 0.15001 -2.03393
-1.12561 0.15001 -1.11805
-1.88777 0.15001 -2.56262
-1.6925 0.15001 -2.24965
2.51426 0.15001 0.304252
-2.55352 0.15001 -1.90292
-0.60446 0.15001 -2.693
-2.5686 0.15001 0.233633
-1.68718 0.15001 1.02222
-2.22236 0.15001 -1.04519
-0.23742 0.15001 -0.809154
-2.05253 0.15001 -0.621437
-2.22707 0.15001 -1.56455
0.576757 0.15001 -2.84999
-2.38127 0.15001 -1.12553
0.169902 0.15001 -1.43356
-1.83149 0.15001 -1.48664
-1.28778 0.15001 0.646517
-2.84999 0.15001 0.0341218
-0.247071 0.15001 -2.68719
-1.87845 0.15001 -0.893811
-0.869512 0.15001 -1.18175
0.486033 0.15001 -2.36432
-0.470744 0.15001 -1.87796
-1.14489 0.15001 -2.21119
-0.496861 0.15001 2.48818
-0.830187 0.15001 2.84999
-1.50011 0.15001 -0.828983
-2.67687 0.15001 1.77799
-1.87001 0.15001 -1.94799
-2.54296 0.15001 -1.73221
-1.26933 0.15001 0.308869
-1.73977 0.15001 -1.34111
-1.38826 0.15001 2.84999
-2.0056 0.15001 1.8321
-2.68969 0.15001 1.58997
-2.75936 0.15001 2.44691
-2.26897 0.15001 0.955514
0.65403 0.15001 0.991488
-0.892845 0.15001 -1.36953
1.31867 0.15001 -2.53033
-1.66097 0.15001 -1.17467
-1.31053 0.15001 -1.12839
-0.898336 0.15001 0.728688
-1.46802 0.15001 -0.0465909
-0.241246 0.15001 -1.15402
-1.84976 0.15001 0.22357
-2.66855 0.15001 1.97599
-2.84999 0.15001 0.862811
-2.7022 0.15001 -2.62334
-2.84999 0.15001 -1.54148
-2.84999 0.15001 -0.145719
0.825496 0.15001 0.232479
2.84999 0.15001 -0.0677301
-2.70642 0.15001 1.17828
-2.84999 0.15001 1.48632
-2.84999 0.15001 0.232582
-1.60845 0.15001 1.20784
-0.929733 0.15001 1.79529
-2.67499 0.15001 -2.27322
-2.28713 0.15001 -2.84999
-1.56467 0.15001 -1.3192
-2.53386 0.15001 -0.502484
-1.10377 0.15001 2.33119
-2.84999 0.15001 2.63652
-2.24923 0.15001 0.626055
-2.8461 0.15001 2.08057
-2.32771 0.15001 1.90833
-0.866605 0.15001 1.98215
-0.567372 0.15001 -1.71902
-2.69114 0.15001 -0.946083
-2.55316 0.15001 -2.7102
-1.4633 0.15001 -1.46149
-2.53418 0.15001 -0.127789
-2.07323 0.15001 -0.274376
-1.86617 0.15001 0.97183
-2.35092 0.15001 0.778405
-0.421608 0.15001 2.84999
-2.36126 0.15001 1.44434
-1.41883 0.15001 -2.38717
-0.367408 0.15001 1.44713
-2.39807 0.15001 -1.83865
2.13483 0.15001 1.50654
1.55177 0.15001 0.606922
-1.12783 0.15001 1.4301
1.4605 0.15001 -1.93416
-0.731879 0.15001 -2.57602
1.51212 0.15001 -0.691111
2.30504 0.15001 -1.2909
2.29004 0.15001 -2.84999
-0.400157 0.15001 -1.23006
-1.92623 0.15001 -1.344
-0.530621 0.15001 -0.581154
-0.189224 0.15001 -1.40233
-2.68862 0.15001 -0.770693
-0.527525 0.15001 -2.52956
-2.69471 0.15001 -2.4445
-0.943888 0.15001 2.68438
-2.69071 0.15001 -0.413712
-1.7995 0.15001 -2.70475
2.23221 0.15001 0.788393
-0.144326 0.15001 -2.20878
-1.87927 0.15001 -0.562666
-2.2122 0.15001 -0.151354
-0.730279 0.15001 2.69016
-1.95684 0.15001 -2.10707
0.133978 0.15001 -0.807955
-0.36514 0.15001 0.237123
0.472489 0.15001 0.110821
-2.54128 0.15001 -1.38667
-0.645949 0.15001 -1.55488
0.0650924 0.15001 -1.57925
-2.46157 0.15001 -2.22299
-2.84999 0.15001 -2.52218
-0.828851 0.15001 -2.77606
0.255851 0.15001 -1.5925
-1.865 0.15001 0.662241
-1.70954 0.15001 0.568715
-2.84999 0.15001 1.68927
-1.52991 0.15001 -1.9234
-1.09809 0.15001 -2.0474
-1.18872 0.15001 -1.58078
-2.69352 0.15001 -1.11913
-0.858411 0.15001 0.0509551
1.13975 0.15001 -0.354036
-1.54837 0.15001 0.907608
-1.39494 0.15001 1.62592
-2.84659 0.15001 2.27283
-1.96088 0.15001 0.0724841
-0.0977077 0.15001 -1.25308
-2.36797 0.15001 -2.69249
-0.323711 0.15001 -0.52275
0.379345 0.15001 -0.607444
1.2141 0.15001 -0.902395
0.378229 0.15001 2.3518
-1.04163 0.15001 2.50938
-2.29714 0.15001 2.84999
-2.69148 0.15001 -0.0495001
-2.09698 0.15001 1.29622
-1.26279 0.15001 -1.75219
-2.84999 0.15001 -2.35614
-1.71117 0.15001 -2.84999
-2.2713 0.15001 -1.95402
-0.71879 0.15001 -1.06059
-1.2135 0.15001 -1.27476
-2.34637 0.15001 0.142393
-1.78512 0.15001 -2.40942
-1.04884 0.15001 0.0397361
-2.84999 0.15001 2.84999
-0.986042 0.15001 -2.84999
1.19115 0.15001 -0.725793
-2.06958 0.15001 0.966648
-1.69263 0.15001 -0.85958
-2.66568 0.15001 2.62679
-2.17547 0.15001 1.4688
-2.2176 0.15001 -0.68756
-2.37147 0.15001 2.45404
-0.81862 0.15001 1.23647
-1.82187 0.15001 2.38477
-1.52745 0.15001 -2.84999
-0.460822 0.15001 -0.406583
-2.84999 0.15001 -0.854816
-1.57662 0.15001 -0.994865
-0.361799 0.15001 -1.39665
0.181882 0.15001 -1.11526
-1.97101 0.15001 -1.79732
-2.30635 0.15001 1.62714
-2.70752 0.15001 0.753112
-2.11464 0.15001 2.84999
-1.46397 0.15001 0.301442
-0.21188 0.15001 -1.71929
-2.84999 0.15001 -1.02805
-2.84999 0.15001 -0.326177
-1.60038 0.15001 -2.39384
-0.00691752 0.15001 0.544582
-2.56117 0.15001 2.38124
-2.41265 0.15001 0.307305
-2.28358 0.15001 2.09357
-0.195304 0.15001 1.73719
-0.910408 0.15001 -2.6235
-2.05988 0.15001 -1.15629
1.25816 0.15001 0.757975
1.30683 0.15001 -0.251796
0.0517999 0.15001 1.2701
-0.680832 0.15001 2.32189
-0.9127 0.15001 -1.70548
2.24871 0.15001 0.610353
1.15239 0.15001 0.0217835
1.9673 0.15001 1.60391
1.67041 0.15001 -1.61247
-1.34674 0.15001 -2.84999
-1.48746 0.15001 -1.14648
-0.815609 0.15001 -1.86143
-1.17457 0.15001 -2.54302
-0.827657 0.15001 -1.53944
-1.16593 0.15001 -2.84999
-1.92147 0.15001 -1.05771
-2.69808 0.15001 -1.98082
-2.67959 0.15001 1.37036
-2.84999 0.15001 -1.708
-2.60289 0.15001 -2.12064
2.15426 0.15001 0.949643
-0.67793 0.15001 1.59169
-2.50417 0.15001 1.67456
-2.06267 0.15001 -2.55634
-2.67252 0.15001 0.565555
-1.89002 0.15001 2.66392
-0.276507 0.15001 1.96289
-0.717982 0.15001 1.07095
-1.99512 0.15001 -2.71179
-2.55253 0.15001 1.08815
-1.63825 0.15001 -1.4831
-0.132299 0.15001 0.779457
0.546726 0.15001 -1.08398
-2.06734 0.15001 -0.79662
-1.05109 0.15001 1.99202
-2.22449 0.15001 -0.868541
-1.9145 0.15001 1.32208
-2.84999 0.15001 0.456384
-1.26588 0.15001 -2.0765
0.761893 0.15001 -2.84999
-2.69034 0.15001 -0.594097
0.345814 0.15001 0.896971
0.989235 0.15001 -0.076483
-1.29625 0.15001 -0.812666
1.79074 0.15001 0.855771
2.42079 0.15001 0.111512
-2.19007 0.15001 0.0292452
-1.93359 0.15001 2.84999
-2.66529 0.15001 -2.84999
-1.02955 0.15001 -1.26188
-1.25845 0.15001 -2.69731
1.35935 0.15001 -2.3569
-0.0383448 0.15001 -2.04763
-0.510132 0.15001 0.738393
-1.53175 0.15001 2.35506
-2.33356 0.15001 0.466129
-0.492316 0.15001 0.415061
-2.66541 0.15001 2.85
-1.72935 0.15001 -0.24289
-0.37578 0.15001 -0.691995
-2.13246 0.15001 0.469958
-0.702872 0.15001 -0.710396
-2.47718 0.15001 2.07033
-2.53798 0.15001 -0.315772
-2.13922 0.15001 1.9608
-2.09118 0.15001 2.6517
-1.97176 0.15001 2.49923
-0.675297 0.15001 2.51186
0.948429 0.15001 -2.84999
2.33627 0.15001 0.948008
-2.23306 0.15001 -2.53886
0.417302 0.15001 -1.92255
0.860596 0.15001 -0.775533
-2.54438 0.15001 0.428251
0.770182 0.15001 0.574478
-1.61094 0.15001 1.93881
-0.616666 0.15001 2.84999
-0.787174 0.15001 0.561334
-0.502929 0.15001 -2.84999
-1.61649 0.15001 -2.70272
-2.13984 0.15001 -1.83974
0.606807 0.15001 1.69615
-2.53307 0.15001 -0.859675
-2.03948 0.15001 -0.0937681
0.259921 0.15001 -0.944185
-2.24255 0.15001 -1.39528
-2.1711 0.15001 1.12185
1.30187 0.15001 1.10649
-2.84999 0.15001 -2.84999
-0.11716 0.15001 -1.88478
-1.21621 0.15001 0.830518
0.762773 0.15001 -1.94617
0.210085 0.15001 -2.54155
-0.539015 0.15001 -0.768344
-1.42767 0.15001 -0.350537
-2.16275 0.15001 0.798437
-1.66317 0.15001 2.49045
-1.75154 0.15001 0.81988
-0.677692 0.15001 -2.84999
2.36836 0.15001 2.13709
-2.51606 0.15001 -2.38149
2.63845 0.15001 0.492092
-2.19415 0.15001 -0.507969
-0.557458 0.15001 1.78688
1.66217 0.15001 -0.58297
-0.147836 0.15001 2.09026
2.61425 0.15001 1.06854
1.64348 0.15001 -0.404682
-0.133944 0.15001 2.64575
-1.20659 0.15001 -2.37249
-0.646179 0.15001 -1.88139
-2.39774 0.15001 -1.64664
-2.84999 0.15001 -2.6889
-1.49376 0.15001 -0.514237
1.84768 0.15001 -1.66927
-1.35333 0.15001 -0.180211
-1.797 0.15001 1.17133
-1.78367 0.15001 0.391377
-1.076 0.15001 -2.69162
-1.11251 0.15001 -1.41675
2.04943 0.15001 -0.880973
-2.36124 0.15001 -0.0414303
-1.04144 0.15001 -0.600914
-1.53811 0.15001 1.40158
-1.21542 0.15001 1.23529
-1.75502 0.15001 1.54441
-0.0102632 0.15001 -1.41692
-1.01433 0.15001 1.23694
-2.36758 0.15001 -0.585405
-0.539644 0.15001 -1.36198
0.956411 0.15001 -1.30034
0.98389 0.15001 0.959562
-2.19194 0.15001 1.77873
-1.94407 0.15001 1.50596
1.0412 0.15001 -2.68202
-2.48793 0.15001 1.28158
-0.496793 0.15001 -2.20479
-1.08974 0.15001 0.693382
-2.84999 0.15001 -1.2002
-0.425212 0.15001 -2.68935
1.47046 0.15001 -1.36215
0.95865 0.15001 2.24937
1.95394 0.15001 0.00706582
1.10031 0.15001 1.43493
1.62903 0.15001 -0.223664
-0.00640627 0.15001 -0.112226
-1.12502 0.15001 1.05768
0.383415 0.15001 1.40859
-2.69669 0.15001 -1.80585
2.14895 0.15001 -0.391001
-0.246651 0.15001 -2.36777
-0.474793 0.15001 -1.53548
-1.4385 0.15001 -2.07014
0.855179 0.15001 2.84094
-1.81789 0.15001 1.88269
0.0671566 0.15001 2.63172
-1.14043 0.15001 2.67164
2.02071 0.15001 0.840569
1.1315 0.15001 -2.51942
-2.09167 0.15001 -1.32581
1.06527 0.15001 -1.01232
1.07756 0.15001 0.73811
-1.90383 0.15001 -0.268356
-1.612 0.15001 -2.09091
-0.314969 0.15001 0.415377
-2.46174 0.15001 0.93139
2.38061 0.15001 2.67352
-0.383715 0.15001 2.13587
0.7006 0.15001 -2.12147
2.17144 0.15001 -0.57238
-0.150315 0.15001 -2.84999
-0.828314 0.15001 -2.27061
-1.70049 0.15001 -2.55501
-2.52342 0.15001 0.0574046
0.0580872 0.15001 2.19218
-2.84999 0.15001 1.29148
-1.01807 0.15001 2.84999
-0.392448 0.15001 -0.0769819
-0.338953 0.15001 -2.52897
-0.216398 0.15001 -0.980566
1.5266 0.15001 -2.84998
-1.57439 0.15001 1.5917
-1.22525 0.15001 2.17279
-2.02278 0.15001 2.32402
-1.99931 0.15001 0.32657
-1.5413 0.15001 -1.62773
-1.4099 0.15001 0.786616
-2.84999 0.15001 1.88559
-2.37572 0.15001 -0.76861
-0.1177 0.15001 -1.56533
-1.24755 0.15001 0.0854563
-0.0963756 0.15001 -0.493005
0.582722 0.15001 -1.98374
2.14221 0.15001 -0.0322385
-2.05556 0.15001 0.644179
0.717629 0.15001 -0.503403
-1.75282 0.15001 2.84999
2.07952 0.15001 0.669912
-0.321309 0.15001 -2.20552
1.23083 0.15001 2.69651
0.052799 0.15001 0.151655
0.197049 0.15001 2.00662
1.30952 0.15001 -0.0610568
-0.0855599 0.15001 1.86915
-1.33823 0.15001 2.32544
-1.3999 0.15001 -0.973122
-0.558465 0.15001 1.42248
1.47898 0.15001 1.04643
1.13576 0.15001 -2.01165
-2.09108 0.15001 -1.67064
-2.54624 0.15001 -1.55874
-1.91138 0.15001 -0.729105
-1.43757 0.15001 -2.69852
-2.03562 0.15001 -1.9616
2.16011 0.15001 -1.41193
-0.39303 0.15001 -1.71032
-0.319446 0.15001 1.12037
-0.483717 0.15001 2.30139
-2.52833 0.15001 -0.679714
-1.89654 0.15001 -2.84999
-0.157288 0.15001 -2.52818
-0.868209 0.15001 -0.640607
-0.694339 0.15001 -1.23209
0.180584 0.15001 1.65197
-0.102218 0.15001 2.26995
-1.59131 0.15001 0.0874269
-2.01948 0.15001 -0.446823
0.326371 0.15001 -0.0872315
-2.39072 0.15001 -1.47766
-1.86736 0.15001 -2.2593
0.396072 0.15001 -2.84999
-0.0635665 0.15001 -2.37281
-2.84999 0.15001 -2.19356
2.02296 0.15001 -0.701819
2.84993 0.15001 -2.04544
0.76633 0.15001 -2.50956
-1.4156 0.15001 2.00521
0.53507 0.15001 -1.4342
-2.03897 0.15001 -2.25293
0.97731 0.15001 -0.265974
1.07834 0.15001 1.87125
2.27541 0.15001 0.438264
0.681592 0.15001 -0.0365944
-0.0160957 0.15001 1.6591
2.53607 0.15001 2.84048
0.0850657 0.15001 1.09373
0.807504 0.15001 1.30107
0.0468439 0.15001 0.725765
1.54665 0.15001 -2.32918
2.4572 0.15001 -0.174064
1.92968 0.15001 -1.19072
1.82431 0.15001 -1.49178
-1.80368 0.15001 -0.408231
-0.973252 0.15001 0.547153
-1.4193 0.15001 2.50073
2.30647 0.15001 1.59679
0.645754 0.15001 1.17028
-0.896551 0.15001 2.34051
0.945706 0.15001 -1.98864
-1.57088 0.15001 -0.671871
-0.402116 0.15001 -2.04249
-0.844552 0.15001 -2.44353
-1.34622 0.15001 -2.54229
-1.91975 0.15001 -1.63063
-1.2041 0.15001 2.84999
-1.8772 0.15001 2.19982
-0.604378 0.15001 0.905725
-0.141201 0.15001 0.42027
1.4341 0.15001 -1.17004
-0.569625 0.15001 -0.952979
-1.96404 0.15001 -2.4094
-0.590171 0.15001 2.14317
2.2333 0.15001 1.10267
-0.390121 0.15001 -1.04951
0.159087 0.15001 0.00327416
-1.68673 0.15001 2.24746
1.09142 0.15001 2.84716
-0.0288035 0.15001 2.8498
0.542614 0.15001 -2.1826
-0.191557 0.15001 -0.14093
-0.967928 0.15001 -1.93523
-1.61175 0.15001 -0.376795
-1.7853 0.15001 -2.10171
-1.74449 0.15001 -0.695708
-1.66301 0.15001 0.252119
-1.8814 0.15001 1.69125
-2.48097 0.15001 2.84999
-1.51693 0.15001 2.66336
0.3323 0.15001 -0.779746
-1.39117 0.15001 -1.29422
0.369346 0.15001 0.33515
-0.571248 0.15001 0.246259
0.621102 0.15001 -1.59699
-1.32834 0.15001 2.66916
-1.36408 0.15001 -1.6049
-2.10911 0.15001 0.185732
-2.40685 0.15001 2.25885
-1.21384 0.15001 1.61753
1.77976 0.15001 -0.115565
0.445343 0.15001 1.22696
-0.202727 0.15001 1.33415
2.41779 0.15001 2.48686
1.73772 0.15001 2.39102
2.44165 0.15001 -2.26956
-1.32664 0.15001 1.43711
-1.59504 0.15001 0.724198
1.473 0.15001 -0.327671
-0.993549 0.15001 2.17677
-1.01695 0.15001 -2.48138
-2.18528 0.15001 -2.70216
-0.548036 0.15001 -1.13589
-2.22879 0.15001 -1.21744
-2.46515 0.15001 -2.84999
-1.00079 0.15001 -2.30887
-2.10077 0.15001 -2.84999
-2.51194 0.15001 1.86841
2.0996 0.15001 0.487417
0.462088 0.15001 -0.244647
1.12547 0.15001 -1.35907
2.11381 0.15001 -1.2382
-2.04673 0.15001 -1.49699
1.05453 0.15001 -2.3457
2.53323 0.15001 -0.0195786
-0.854568 0.15001 1.6149
-2.53948 0.15001 -1.21214
-1.96599 0.15001 0.814556
-0.938625 0.15001 -0.117897
-0.94414 0.15001 0.211151
-2.23302 0.15001 -0.332465
-2.70348 0.15001 0.126635
-0.660629 0.15001 -2.39675
2.49111 0.15001 -2.45652
-2.38536 0.15001 -0.409317
-1.14127 0.15001 -1.88056
-2.38791 0.15001 -1.29993
0.553455 0.15001 -0.572426
2.34312 0.15001 0.27072
0.823599 0.15001 -0.156766
-0.588047 0.15001 -2.04614
1.46 0.15001 0.435462
1.50203 0.15001 1.41441
1.46768 0.15001 -0.141661
1.15702 0.15001 1.25318
-0.0251054 0.15001 0.940089
0.425983 0.15001 -0.431442
1.27919 0.15001 2.13748
0.240124 0.15001 1.26795
-0.48032 0.15001 0.0905088
-1.08289 0.15001 -1.7161
2.58654 0.15001 1.40893
0.651007 0.15001 2.84999
0.340464 0.15001 -1.75234
1.75618 0.15001 -1.12261
0.697813 0.15001 -1.77026
2.60364 0.15001 2.4102
1.03298 0.15001 -0.840668
0.835547 0.15001 2.39059
-0.191245 0.15001 0.599537
0.0292944 0.15001 -2.84999
0.117531 0.15001 -2.38294
-0.219051 0.15001 -2.04204
-0.782201 0.15001 -2.05007
0.859229 0.15001 -2.33893
2.69628 0.15001 -1.56226
-1.70143 0.15001 -1.94151
-1.57076 0.15001 2.84999
1.81217 0.15001 0.374178
-2.37037 0.15001 1.11597
1.51037 0.15001 -2.51152
1.7149 0.15001 -2.84999
0.694821 0.15001 -0.698919
-2.6968 0.15001 -1.46377
-1.24987 0.15001 -0.323239
1.39664 0.15001 -0.980947
-2.84999 0.15001 -1.37161
-0.889432 0.15001 -1.00446
0.918983 0.15001 -1.47653
-1.73267 0.15001 -1.6311
0.305087 0.15001 -2.69443
0.786493 0.15001 -1.25428
0.203894 0.15001 -0.647439
1.00853 0.15001 0.564172
1.90178 0.15001 -1.00525
0.646799 0.15001 -0.211384
-1.77104 0.15001 0.0637742
-2.69797 0.15001 -1.63559
-2.08992 0.15001 2.14625
-1.93725 0.15001 0.494649
0.866856 0.15001 -2.15641
-1.22501 0.15001 -0.97111
-0.64413 0.15001 -0.371631
-1.4401 0.15001 -1.77153
0.489082 0.15001 -2.68614
-1.39257 0.15001 -0.664011
-1.17267 0.15001 0.500553
-1.49573 0.15001 1.79073
2.45054 0.15001 0.45952
2.24066 0.15001 0.119412
-0.125231 0.15001 2.45301
0.0248783 0.15001 -2.53648
-2.17305 0.15001 2.47151
-1.70272 0.15001 2.67155
-2.38147 0.15001 -0.224011
2.82187 0.15001 -1.24877
-1.52183 0.15001 -2.54595
0.622088 0.15001 2.43079
-1.8347 0.15001 -1.19892
-2.2186 0.15001 2.28496
-1.28912 0.15001 -1.43726
-2.20499 0.15001 -2.24622
-2.06612 0.15001 -0.969002
-0.778759 0.15001 2.15495
-2.07557 0.15001 1.63629
-2.53612 0.15001 -1.03815
1.36526 0.15001 0.586734
1.77222 0.15001 0.0628736
2.44808 0.15001 -1.16233
0.611611 0.15001 -1.26275
0.154079 0.15001 -1.73658
-2.33007 0.15001 -2.36338
2.35209 0.15001 -1.65899
-0.816789 0.15001 0.906088
-2.38006 0.15001 -0.94973
-2.28763 0.15001 2.63162
-2.45999 0.15001 0.596832
0.170927 0.15001 0.488329
0.507947 0.15001 -0.0701094
-0.317149 0.15001 0.741098
-0.0646118 0.15001 -0.863448
-1.80094 0.15001 -1.78891
0.998415 0.15001 0.29263
-1.33922 0.15001 -1.91812
-0.433035 0.15001 -2.37233
1.87464 0.15001 -0.825747
-2.26131 0.15001 -1.73541
0.54568 0.15001 0.842995
0.409531 0.15001 0.720414
1.91579 0.15001 0.52681
0.19554 0.15001 1.46229
-0.764802 0.15001 0.23511
1.43837 0.15001 0.757113
-0.108363 0.15001 1.14696
0.34916 0.15001 0.543307
-2.15035 0.15001 -2.08298
0.807379 0.15001 -0.34141
1.91901 0.15001 0.999359
0.494791 0.15001 1.84112
0.441504 0.15001 2.18438
1.5822 0.15001 -1.7872
2.34082 0.15001 -1.4711
0.213559 0.15001 -2.84999
0.379614 0.15001 1.65886
1.57585 0.15001 -1.05308
-1.66145 0.15001 -0.0798052
-0.945718 0.15001 -2.13379
0.523925 0.15001 1.52156
-1.31055 0.15001 0.989404
-0.518965 0.15001 2.67894
-1.00268 0.15001 -1.5471
1.26178 0.15001 -1.86566
-0.295013 0.15001 -1.87721
0.353328 0.15001 -1.43977
1.6102 0.15001 -1.23712
1.82321 0.15001 -2.67571
-1.05401 0.15001 -0.954199
-1.3597 0.15001 0.460021
-1.68749 0.15001 1.746
-1.22948 0.15001 2.4963
1.90184 0.15001 -2.28941
0.206169 0.15001 -2.22383
0.67119 0.15001 -2.33349
0.801856 0.15001 -1.61628
-2.13919 0.15001 -2.39875
1.27162 0.15001 -1.2495
-1.47064 0.15001 1.08099
-1.54253 0.15001 -0.212853
0.980911 0.15001 -0.454603
-2.69283 0.15001 -0.230277
0.0324797 0.15001 -2.21529
0.190009 0.15001 0.295387
0.0798815 0.15001 -1.26249
-1.21317 0.15001 -0.647958
0.0787365 0.15001 -0.973808
1.33625 0.15001 -0.616187
-0.37316 0.15001 1.81028
0.0763696 0.15001 -0.525527
-1.11829 0.15001 1.80363
-2.53384 0.15001 0.763516
1.62753 0.15001 -2.67184
0.298741 0.15001 -2.3836
2.67903 0.15001 -2.51113
-0.00685374 0.15001 -0.686771
1.24457 0.15001 -1.07618
-0.0324462 0.15001 -1.72617
2.70198 0.15001 0.0172562
1.78274 0.15001 1.13524
-1.03341 0.15001 1.61792
1.36062 0.15001 2.84394
0.839701 0.15001 0.0383764
2.49026 0.15001 -0.504619
-0.745788 0.15001 -0.0986033
1.87021 0.15001 2.81383
-0.857826 0.15001 0.387509
-1.30951 0.15001 -0.494502
1.78579 0.15001 -1.31077
1.54069 0.15001 2.32801
0.268503 0.15001 1.06778
-0.713283 0.15001 -0.532928
-1.62769 0.15001 -1.77878
-2.69469 0.15001 -1.29168
1.0226 0.15001 -0.662747
1.04014 0.15001 -2.16193
0.723101 0.15001 -1.43102
1.89902 0.15001 0.709437
-2.47775 0.15001 2.6217
1.7273 0.15001 1.5293
0.895884 0.15001 0.723658
2.34203 0.15001 -0.616732
-2.84999 0.15001 -1.87188
1.41703 0.15001 -2.18711
1.89635 0.15001 -1.93895
1.79266 0.15001 -2.10081
-0.795453 0.15001 -0.275019
-0.31302 0.15001 2.49485
0.760914 0.15001 2.04434
-2.44353 0.15001 -2.02546
1.5235 0.15001 1.22328
0.59469 0.15001 -0.379779
-0.188135 0.15001 -0.644861
1.09632 0.15001 -1.18436
-0.350723 0.15001 -0.24891
1.72302 0.15001 -2.28076
0.138345 0.15001 -2.05433
-0.621013 0.15001 1.23774
-1.30802 0.15001 1.80506
-1.19859 0.15001 -0.0788971
2.60058 0.15001 0.157126
0.376777 0.15001 1.99899
2.84999 0.15001 -1.6643
0.591437 0.15001 1.34579
-1.94792 0.15001 2.01841
1.61454 0.15001 0.801564
2.41727 0.15001 1.11443
2.79415 0.15001 0.868272
2.77258 0.15001 1.4626
2.60851 0.15001 0.882125
0.226313 0.15001 0.698371
-0.166626 0.15001 1.53557
2.66278 0.15001 -2.84999
2.84964 0.15001 -2.23542
0.984616 0.15001 -1.65578
2.6952 0.15001 -0.331638
-0.102843 0.15001 0.0434347
2.26211 0.15001 -1.11422
1.99449 0.15001 -1.77842
2.83954 0.15001 2.17191
-0.490948 0.15001 1.97538
2.79469 0.15001 0.670377
2.84999 0.15001 -1.85873
-1.51053 0.15001 -2.2346
1.98145 0.15001 -2.1118
1.15727 0.15001 -0.540612
2.55791 0.15001 -2.1121
2.32635 0.15001 -0.4262
1.31943 0.15001 0.135482
2.67692 0.15001 -1.37392
-1.9773 0.15001 1.13193
-1.11059 0.15001 -0.434085
1.20965 0.15001 -2.22981
2.17805 0.15001 -1.77244
-0.0683101 0.15001 -2.69056
0.37864 0.15001 -2.22567
-2.84999 0.15001 -0.503955
1.71256 0.15001 -2.48965
0.293205 0.15001 1.83081
-0.921772 0.15001 1.07369
-1.41737 0.15001 0.128619
0.556994 0.15001 2.67445
0.240673 0.15001 -1.89961
1.31131 0.15001 -2.04476
1.65199 0.15001 -1.96965
1.33934 0.15001 -2.84999
0.520432 0.15001 -1.77607
-1.23233 0.15001 1.97894
0.639704 0.15001 -0.91335
1.47872 0.15001 0.0605099
2.82697 0.15001 2.84112
2.09296 0.15001 2.84953
0.87814 0.15001 -1.80271
2.84999 0.15001 -2.42926
0.58414 0.15001 -2.5133
-0.742287 0.15001 -0.88507
0.259823 0.15001 -1.27767
0.314757 0.15001 -2.06601
0.726204 0.15001 1.48755
0.362454 0.15001 -1.09606
0.470371 0.15001 1.03735
-1.74517 0.15001 2.06592
-0.32551 0.15001 1.62407
-0.406857 0.15001 0.578734
0.289323 0.15001 0.138298
2.19983 0.15001 2.06786
2.71227 0.15001 -0.898575
-2.53805 0.15001 1.48642
2.23604 0.15001 1.27365
1.15907 0.15001 0.913168
1.34397 0.15001 1.29375
0.0124977 0.15001 0.333
-0.879965 0.15001 -0.461708
-1.09018 0.15001 -0.781355
-0.740711 0.15001 -1.70143
-0.39956 0.15001 -0.875907
-1.02468 0.15001 0.892714
1.79642 0.15001 -0.296103
-1.855 0.15001 -0.0962469
0.0905128 0.15001 1.82684
0.0562008 0.15001 2.38309
1.18848 0.15001 0.585213
-2.84999 0.15001 0.648015
2.10473 0.15001 -2.50394
-0.282946 0.15001 2.30492
-0.531994 0.15001 -0.233492
1.14673 0.15001 -0.16783
-1.47972 0.15001 0.589045
1.94226 0.15001 -0.175214
2.8353 0.15001 1.68718
0.11137 0.15001 -0.352237
-0.425925 0.15001 1.2765
0.948193 0.15001 -2.50704
2.29773 0.15001 -2.50257
2.69371 0.15001 -1.76044
1.13785 0.15001 -2.84999
2.20108 0.15001 -2.67466
0.173122 0.15001 2.85
1.87862 0.15001 0.202895
2.44299 0.15001 0.801401
1.84871 0.15001 1.32088
2.84803 0.15001 0.484299
1.23485 0.15001 -2.6919
2.07994 0.15001 -2.31019
-0.159707 0.15001 0.228067
1.64511 0.15001 -1.42549
-0.324039 0.15001 2.68297
-1.50338 0.15001 2.17236
0.242684 0.15001 2.19752
1.62497 0.15001 2.84828
2.2928 0.15001 -1.91367
2.65103 0.15001 -0.158788
0.861964 0.15001 -0.595755
-0.572417 0.15001 -0.0616824
-0.706248 0.15001 0.741464
1.62181 0.15001 -0.039908
-0.499997 0.15001 1.60629
0.664728 0.15001 0.143207
-0.00677628 0.15001 1.44475
2.26004 0.15001 -2.31199
0.587404 0.15001 1.99494
-2.28351 0.15001 1.27764
0.513176 0.15001 0.459201
2.17286 0.15001 -2.12472
1.36604 0.15001 -0.800316
2.67939 0.15001 -0.511289
2.84999 0.15001 -0.792173
1.84407 0.15001 -0.64971
2.18524 0.15001 -1.58963
-0.739385 0.15001 1.40576
0.227071 0.15001 2.46436
2.51724 0.15001 -0.333817
2.57425 0.15001 -2.67232
0.435782 0.15001 -1.26301
2.54358 0.15001 -0.851493
2.47658 0.15001 -2.84999
1.97075 0.15001 -0.35072
1.3445 0.15001 0.925438
2.11466 0.15001 -0.211615
0.94517 0.15001 2.03942
0.822837 0.15001 1.08619
2.29204 0.15001 -0.24579
0.115646 0.15001 -2.69472
0.729381 0.15001 -1.07806
2.48102 0.15001 -1.92347
-0.225507 0.15001 -0.370405
1.48505 0.15001 -0.50875
1.54588 0.15001 -0.872733
1.72607 0.15001 -0.940639
-0.50953 0.15001 1.07732
-0.602717 0.15001 0.574419
2.84999 0.15001 0.114168
1.75849 0.15001 -1.82086
2.51629 0.15001 -1.7324
-1.04025 0.15001 0.373824
2.64013 0.15001 -1.19796
0.398168 0.15001 -2.53153
2.77832 0.15001 -1.06702
-0.677667 0.15001 0.0828382
1.63696 0.15001 0.412651
-0.742371 0.15001 1.77687
2.16764 0.15001 0.295074
2.60059 0.15001 0.670203
-2.84999 0.15001 1.05371
0.710322 0.15001 0.75044
0.428575 0.15001 2.52686
0.814828 0.15001 1.85162
0.157125 0.15001 0.887011
1.90806 0.15001 -2.84796
0.274355 0.15001 2.66643
2.36631 0.15001 -2.08719
-0.680494 0.15001 1.97275
2.51495 0.15001 -1.53358
0.855493 0.15001 -2.68065
0.671558 0.15001 -2.67935
1.16921 0.15001 -1.70614
-0.28528 0.15001 0.0675326
-1.33173 0.15001 -2.23642
-2.70941 0.15001 0.34541
-1.40804 0.15001 1.26006
1.19812 0.15001 1.59877
0.516411 0.15001 -0.754614
0.813554 0.15001 0.897983
0.998771 0.15001 0.113801
1.30982 0.15001 -1.59816
2.19695 0.15001 -0.754857
-0.0592751 0.15001 -0.295765
1.69333 0.15001 -0.761235
-0.908895 0.15001 -0.81724
2.07685 0.15001 -1.06181
2.83504 0.15001 2.39458
2.49197 0.15001 -1.34294
2.84931 0.15001 -2.64387
1.43144 0.15001 -2.68529
2.10009 0.15001 -2.84999
0.0617098 0.15001 -1.8892
1.4088 0.15001 -1.7474
0.782736 0.15001 1.65269
1.73345 0.15001 0.582703
1.65512 0.15001 0.992879
2.68574 0.15001 0.322647
2.42801 0.15001 0.627192
1.05949 0.15001 -1.84482
0.441344 0.15001 -1.60546
-0.0613504 0.15001 -1.0795
2.0936 0.15001 -1.94657
0.292984 0.15001 -0.297673
0.573224 0.15001 0.632465
2.51063 0.15001 -0.678676
2.84999 0.15001 -0.425271
1.99908 0.15001 2.60612
2.84999 0.15001 -0.242103
1.13432 0.15001 0.410738
1.91399 0.15001 -2.48657
-0.326618 0.15001 -2.84999
2.40167 0.15001 -0.982215
1.68505 0.15001 0.228467
1.1258 0.15001 2.51204
2.84999 0.15001 -1.45562
1.99349 0.15001 0.34189
1.30883 0.15001 -0.433581
2.2226 0.15001 -0.936681
2.3707 0.15001 -0.800911
2.84999 0.15001 -2.84999
2.0028 0.15001 -1.57634
-2.2349 0.15001 0.310193
2.01232 0.15001 -2.67633
1.99802 0.15001 -0.525242
1.49204 0.15001 0.254045
-0.967102 0.15001 -0.313101
-1.59264 0.15001 0.429493
0.250774 0.15001 -0.473436
1.49109 0.15001 -1.56004
2.69132 0.15001 -0.69974
0.881652 0.15001 0.427157
1.97449 0.15001 -1.37683
-0.672817 0.15001 0.400174
-1.6839 0.15001 -0.534721
1.30826 0.15001 0.326498
0.915642 0.15001 -1.1224
0.419033 0.15001 2.84996
1.15893 0.15001 0.212062
2.38801 0.15001 -2.67531
2.65528 0.15001 -2.31168
2.58049 0.15001 -1.02858
0.86482 0.15001 -0.952028
1.1187 0.15001 -1.53354
0.160897 0.15001 -0.177779
1.29717 0.15001 -1.42389
0.92379 0.15001 1.47375
2.05807 0.15001 0.156772
2.61314 0.15001 1.59838
2.67269 0.15001 -1.95307
1.59565 0.15001 -2.14493
0.445393 0.15001 -0.927647
2.84999 0.15001 -0.606969
0.546072 0.15001 0.280523
2.32912 0.15001 -0.0502806
0.69831 0.15001 0.390352
-0.856669 0.15001 2.52538
0.0189352 0.15001 2.01241
2.05352 0.15001 1.14431
