1000 0.1
1.96011 0.15001 -0.593493
-2.69143 0.15001 1.23267
-2.49183 0.15001 -2.49594
-2.31464 0.15001 -2.40938
-2.83616 0.15001 -0.226214
2.84999 0.15001 1.62304
1.23589 0.15001 1.31756
-1.62646 0.15001 1.57663
-1.60772 0.15001 -0.694871
-1.06306 0.15001 0.0639286
-2.69353 0.15001 2.34917
-0.434352 0.15001 2.84985
-0.523666 0.15001 1.08301
2.84456 0.15001 0.395697
-0.924452 0.15001 1.57626
-0.68993 0.15001 -2.2413
-0.517756 0.15001 -1.38956
-0.102268 0.15001 -1.53238
-1.04608 0.15001 0.362833
-0.297134 0.15001 1.0914
-2.45642 0.15001 -2.04492
-2.81954 0.15001 -1.903
-0.849283 0.15001 -0.885199
-1.83653 0.15001 -2.45377
-1.6606 0.15001 -2.15245
2.60918 0.15001 0.688591
-2.48323 0.15001 -1.63582
-0.436882 0.15001 -2.66986
-2.51868 0.15001 0.590026
-1.58705 0.15001 1.27017
-2.0961 0.15001 -0.569643
0.00804679 0.15001 -0.700458
-1.98627 0.15001 -0.244498
-2.16063 0.15001 -1.01631
0.875543 0.15001 -2.84999
-2.24786 0.15001 -0.659501
0.321072 0.15001 -1.34415
-1.71082 0.15001 -1.0623
-1.30123 0.15001 0.887894
-2.84999 0.15001 0.524858
-0.0573085 0.15001 -2.66969
-1.70421 0.15001 -0.402806
-0.63871 0.15001 -1.10742
0.771427 0.15001 -2.36131
-0.209581 0.15001 -1.89487
-1.07906 0.15001 -2.12723
-0.674347 0.15001 2.49795
-0.908729 0.15001 2.84999
-1.26647 0.15001 -0.428885
-2.70208 0.15001 1.98395
-1.64639 0.15001 -1.71354
-2.36411 0.15001 -1.42467
-1.28668 0.15001 0.583179
-1.68984 0.15001 -0.861764
-1.38927 0.15001 2.84999
-2.05183 0.15001 1.95529
-2.69745 0.15001 1.80355
-2.70699 0.15001 2.5305
-2.21078 0.15001 1.32128
0.682373 0.15001 0.883342
-0.738103 0.15001 -1.2593
1.58338 0.15001 -2.55146
-1.39768 0.15001 -0.730396
-1.01886 0.15001 -0.883041
-0.945612 0.15001 0.877035
-1.30851 0.15001 0.255456
-0.0676628 0.15001 -1.04993
-1.82778 0.15001 0.595903
-2.68793 0.15001 2.16886
-2.84999 0.15001 1.16695
-2.68425 0.15001 -2.68384
-2.84884 0.15001 -1.29422
-2.84826 0.15001 0.341273
0.932242 0.15001 0.0967528
2.84831 0.15001 -0.0803015
-2.70505 0.15001 1.44346
-2.84999 0.15001 1.70995
-2.84999 0.15001 0.705549
-1.51821 0.15001 1.43031
-0.895976 0.15001 1.88068
-2.66139 0.15001 -2.34291
-2.267 0.15001 -2.84999
-1.23932 0.15001 -0.919183
-2.51257 0.15001 -0.0193365
-1.24645 0.15001 2.29548
-2.84999 0.15001 2.63187
-2.16233 0.15001 0.962614
-2.84999 0.15001 2.25681
-2.37476 0.15001 1.96857
-0.82492 0.15001 2.03598
-0.332096 0.15001 -1.73723
-2.67211 0.15001 -0.527428
-2.50071 0.15001 -2.67903
-1.30461 0.15001 -1.18353
-2.52773 0.15001 0.346117
-1.92864 0.15001 0.0538973
-1.87034 0.15001 1.40561
-2.23739 0.15001 1.1251
-0.593008 0.15001 2.84739
-2.49084 0.15001 1.6678
-1.37237 0.15001 -2.26797
-0.355021 0.15001 1.45179
-2.33046 0.15001 -1.75154
2.1184 0.15001 1.90383
1.73054 0.15001 0.760557
-1.09435 0.15001 1.57685
1.61576 0.15001 -1.9304
-0.476735 0.15001 -2.44571
1.64336 0.15001 -0.884111
2.4616 0.15001 -1.40993
2.29605 0.15001 -2.84999
-0.183405 0.15001 -1.18123
-1.91575 0.15001 -1.09531
-0.308869 0.15001 -0.580868
-0.0233259 0.15001 -1.37834
-2.65769 0.150219 -0.322886
-0.279963 0.15001 -2.47131
-2.68349 0.15001 -2.51374
-1.10703 0.15001 2.67823
-2.68717 0.15001 0.0500005
-1.72086 0.15001 -2.68807
2.29935 0.15001 1.13967
0.12525 0.15001 -2.18178
-1.6624 0.15001 -0.202987
-2.16126 0.15001 0.234012
-0.932985 0.15001 2.68006
-2.03102 0.15001 -1.94972
0.324705 0.15001 -0.822904
-0.30793 0.15001 0.366992
0.527746 0.15001 -0.13496
-2.45102 0.15001 -1.07776
-0.47136 0.15001 -1.55581
0.246556 0.15001 -1.50465
-2.64889 0.15001 -2.16857
-2.84999 0.15001 -2.45646
-0.548345 0.15001 -2.84246
0.423943 0.15001 -1.48984
-1.78475 0.15001 1.06335
-1.66534 0.15001 0.921981
-2.84999 0.15001 1.88942
-1.36155 0.15001 -1.74328
-1.01508 0.15001 -1.9637
-1.06658 0.15001 -1.3938
-2.6762 0.15001 -0.726869
-0.772462 0.15001 0.184635
1.30326 0.15001 -0.414468
-1.58898 0.15001 1.08005
-1.37056 0.15001 1.75179
-2.84999 0.15001 2.43906
-1.90151 0.15001 0.411663
0.00522904 0.15001 -1.20945
-2.3327 0.15001 -2.60984
-0.170967 0.15001 -0.45971
0.509978 0.15001 -0.665612
1.28333 0.15001 -0.942609
0.897457 0.15001 2.38333
-1.20109 0.15001 2.47771
-2.22836 0.15001 2.84999
-2.68782 0.15001 0.435031
-2.19966 0.15001 1.69624
-1.10369 0.15001 -1.60271
-2.8457 0.15001 -2.28177
-1.43605 0.15001 -2.84565
-2.20468 0.15001 -1.89444
-0.517415 0.15001 -0.99668
-0.973799 0.15001 -1.04086
-2.17979 0.15001 0.534797
-1.74367 0.15001 -2.30668
-0.958107 0.15001 0.208355
-2.84999 0.15001 2.84999
-0.719672 0.15001 -2.84999
1.44632 0.15001 -0.862461
-2.04568 0.15001 1.38968
-1.57656 0.15001 -0.520527
-2.7056 0.15001 2.72104
-2.35622 0.15001 1.78328
-2.17871 0.15001 -0.256682
-2.40022 0.15001 2.54195
-0.807978 0.15001 1.37678
-1.8883 0.15001 2.526
-1.26459 0.15001 -2.84999
-0.337842 0.15001 -0.417524
-2.84999 0.15001 -0.403786
-1.39835 0.15001 -0.550218
-0.198105 0.15001 -1.37858
0.364269 0.15001 -1.16807
-1.85268 0.15001 -1.66857
-2.51972 0.15001 1.8554
-2.67581 0.15001 1.04349
-2.05474 0.15001 2.84999
-1.47998 0.15001 0.572373
0.00312287 0.15001 -1.69535
-2.84999 0.15001 -0.584622
-2.84999 0.15001 0.156321
-1.56673 0.15001 -2.3179
-0.110563 0.15001 0.647004
-2.5651 0.15001 2.61595
-2.32238 0.15001 0.637213
-2.3786 0.15001 2.15147
-0.0319672 0.15001 1.97415
-0.631514 0.15001 -2.66139
-1.93865 0.15001 -0.638788
1.27133 0.15001 0.777697
1.44753 0.15001 -0.292159
0.109643 0.15001 1.43544
-0.779317 0.15001 2.33196
-0.6704 0.15001 -1.64204
2.27431 0.15001 0.923216
1.26294 0.15001 -0.0452285
1.89622 0.15001 2.09452
1.87309 0.15001 -1.69277
-1.08523 0.15001 -2.84999
-1.20808 0.15001 -0.742749
-0.628314 0.15001 -1.85739
-1.08035 0.15001 -2.4814
-0.686496 0.15001 -1.44901
-0.900678 0.15001 -2.84999
-1.75927 0.15001 -0.58452
-2.66046 0.15001 -1.76519
-2.68243 0.15001 1.631
-2.83285 0.15001 -1.49631
-2.63873 0.15001 -1.97147
2.14802 0.15001 1.29503
-0.624898 0.15001 1.7157
-2.58795 0.269123 1.95488
-1.99065 0.15001 -2.53991
-2.51651 0.15001 0.930818
-1.96197 0.15001 2.68857
-0.231224 0.15001 2.25246
-0.740424 0.15001 1.14858
-1.90636 0.15001 -2.69213
-2.54233 0.154172 1.3201
-1.3921 0.15001 -1.0148
-0.283609 0.15001 0.810454
0.736965 0.15001 -1.08063
-2.06641 0.15001 -0.39681
-0.998826 0.15001 2.0482
-2.23414 0.15001 -0.456243
-1.79766 0.15001 1.55817
-2.84999 0.15001 0.879195
-1.22048 0.15001 -1.8768
1.05338 0.15001 -2.84999
-2.67458 0.15001 -0.128081
0.441938 0.15001 0.756162
1.13089 0.15001 -0.150011
-0.98783 0.15001 -0.547674
1.82106 0.15001 1.09896
2.37789 0.15001 0.210117
-2.0784 0.15001 0.386767
-1.88627 0.15001 2.84999
-2.66849 0.15001 -2.84999
-0.798356 0.15001 -1.0573
-1.17303 0.15001 -2.67084
1.50762 0.15001 -2.39374
0.210391 0.15001 -2.01662
-0.568653 0.15001 0.83518
-1.65436 0.15001 2.21017
-2.27972 0.15001 0.813741
-0.574631 0.15001 0.518735
-2.59255 0.15001 2.84999
-1.61315 0.15001 0.162732
-0.158224 0.15001 -0.656272
-2.02538 0.15001 0.862817
-0.506257 0.15001 -0.666461
-2.52666 0.15001 2.2637
-2.5222 0.15001 0.156757
-2.20607 0.15001 2.06222
-2.13336 0.15001 2.70042
-2.06519 0.15001 2.54143
-0.852829 0.15001 2.50501
1.23127 0.15001 -2.84999
2.35813 0.15001 1.48422
-2.16832 0.15001 -2.53211
0.613845 0.15001 -1.82137
0.978673 0.15001 -0.822676
-2.45879 0.15001 0.762343
0.719271 0.15001 0.282136
-1.74344 0.15001 2.05446
-0.751013 0.15001 2.84999
-0.843736 0.15001 0.650453
-0.191089 0.15001 -2.8482
-1.54761 0.15001 -2.66448
-2.04323 0.15001 -1.5767
0.943656 0.15001 1.70182
-2.52307 0.15001 -0.434328
-1.96046 0.15001 0.230878
0.448703 0.15001 -1.00612
-2.32733 0.15001 -0.951119
-2.18531 0.15001 1.50758
1.49329 0.15001 1.33778
-2.84999 0.15001 -2.84928
0.113325 0.15001 -1.87066
-1.24634 0.15001 1.06372
0.964983 0.15001 -2.04566
0.467868 0.15001 -2.52166
-0.350454 0.15001 -0.747483
-1.30911 0.15001 -0.122792
-2.08357 0.15001 1.19498
-1.71111 0.15001 2.53414
-1.75825 0.15001 1.24947
-0.374829 0.15001 -2.84999
2.51513 0.15001 2.31583
-2.47872 1.0799 -1.57354
2.68734 0.15001 1.04574
-2.02632 0.15001 -0.0820808
-0.520556 0.15001 1.92983
1.77636 0.15001 -0.734303
-0.023844 0.15001 2.29025
2.65554 0.15001 1.66581
1.78146 0.15001 -0.560204
-0.276005 0.15001 2.68669
-1.19321 0.15001 -2.34074
-0.375247 0.15001 -1.92144
-2.25414 0.15001 -1.58275
-2.84999 0.15001 -2.63173
-1.19606 0.15001 -0.262122
1.9905 0.264702 -1.6825
-1.24217 0.15001 0.0503848
-1.69095 0.15001 1.41116
-1.74379 0.15001 0.757212
-0.98104 0.15001 -2.64459
-0.934444 0.15001 -1.20467
2.17442 0.15001 -1.00244
-2.25987 0.15001 0.375412
-0.724966 0.15001 -0.402659
-1.44346 0.15001 1.5844
-1.17099 0.15001 1.41917
-1.72878 0.15001 1.72995
0.144376 0.15001 -1.33983
-0.981546 0.15001 1.41181
-2.20312 0.15001 -0.0813301
-0.363133 0.15001 -1.32093
1.10898 0.15001 -1.37576
1.10272 0.15001 0.947434
-2.20741 0.15001 1.87889
-1.89422 0.15001 1.70049
1.30958 0.15001 -2.6922
-2.54182 0.15001 1.50053
-0.314587 0.15001 -2.10718
-1.12395 0.15001 0.921542
-2.84999 0.15001 -0.767935
-0.244155 0.15001 -2.65967
1.64735 0.15001 -1.50096
0.88649 0.15001 2.83905
2.20521 0.15001 -0.194784
1.27327 0.15001 1.67124
1.80717 0.15001 -0.324006
-0.0788239 0.15001 -0.00925767
-1.07827 0.15001 1.26805
0.662513 0.15001 1.21303
-2.65618 0.15001 -1.56367
2.33813 0.15001 -0.553078
0.0223419 0.15001 -2.32083
-0.294621 0.15001 -1.5479
-1.37149 0.15001 -1.96634
0.542093 0.15001 2.84999
-1.91789 0.15001 2.05805
0.0655248 0.15001 2.66972
-1.27602 0.15001 2.68378
2.01945 0.15001 1.0868
1.4006 0.15001 -2.54025
-2.00213 0.15001 -0.938657
1.17486 0.15001 -1.09678
0.992955 0.15001 0.773494
-1.78868 0.15001 0.142011
-1.6418 0.15001 -1.96848
-0.394263 0.15001 0.513052
-2.37468 0.15001 1.2379
2.40649 0.15001 2.72645
-0.421288 0.15001 2.2803
1.05394 0.15001 -2.22262
2.29698 0.15001 -0.71874
0.170701 0.15001 -2.84999
-0.833478 0.15001 -2.35319
-1.65244 0.15001 -2.49851
-2.3984 0.15001 0.470614
0.444696 0.15001 2.35719
-2.84999 0.15001 1.53594
-1.06713 0.15001 2.84999
-0.423933 0.15001 0.0535749
-0.0662601 0.15001 -2.47618
-0.0226985 0.15001 -0.873874
1.77759 0.15001 -2.84999
-1.55154 0.15001 1.73031
-1.38005 0.15001 2.17653
-2.11519 0.15001 2.36874
-1.93039 0.15001 0.725464
-1.45509 0.15001 -1.3918
-1.41596 0.15001 1.09118
-2.84999 0.15001 2.07684
-2.38771 0.15001 -0.31219
0.0777024 0.15001 -1.53198
-1.2129 0.15001 0.413332
-0.0432667 0.15001 -0.340733
0.816805 0.15001 -1.93811
2.34935 0.15001 -0.106204
-1.97141 0.15001 1.04018
0.893995 0.15001 -0.561408
-1.7188 0.15001 2.84999
2.06208 0.15001 0.90063
-0.14692 0.15001 -2.27181
1.08077 0.15001 2.84999
0.0467011 0.15001 0.275423
0.519316 0.15001 2.18428
1.41782 0.15001 -0.122142
0.215959 0.15001 2.07573
-1.50451 0.15001 2.31823
-1.16662 0.15001 -0.570295
-0.521711 0.15001 1.55946
1.58085 0.15001 1.12274
1.33506 0.15001 -2.05984
-1.89071 0.15001 -1.43925
-2.5128 0.15001 -1.26189
-1.82089 0.15001 -0.284099
-1.36968 0.15001 -2.67809
-2.01137 0.15001 -1.76575
2.21355 0.15001 -1.55605
-0.168348 0.15001 -1.68973
-0.395337 0.15001 1.23012
-0.503343 0.15001 2.45131
-2.37355 0.15001 -0.133992
-1.79986 0.15001 -2.84999
0.127436 0.15001 -2.45431
-0.639546 0.15001 -0.5612
-0.511777 0.15001 -1.2134
0.481737 0.15001 1.67187
-0.158622 0.15001 2.43595
-1.57494 0.15001 0.402281
-1.8488 0.15001 -0.115115
0.386465 0.15001 -0.233468
-2.27378 0.15001 -1.18745
-1.83751 0.15001 -2.04592
0.699897 0.15001 -2.84999
0.362486 0.15001 -2.35037
-2.84999 0.15001 -2.10784
2.15139 0.15001 -0.823449
2.84999 0.15001 -2.1711
1.03092 0.15001 -2.53337
-1.36582 0.15001 2.00211
0.774167 0.15001 -1.45161
-2.02402 0.15001 -2.13512
1.13736 0.15001 -0.344152
1.62012 0.15001 2.31994
2.36567 0.15001 0.737846
0.830359 0.15001 -0.223738
0.132823 0.15001 1.8241
2.58837 0.15001 2.84792
-0.0937631 0.15001 1.09402
1.02028 0.15001 1.3663
-0.0810632 0.15001 0.831445
1.68869 0.15001 -2.39934
2.527 0.15001 -0.161235
2.0481 0.15001 -1.2639
2.02519 0.15001 -1.54547
-1.71493 0.15001 -0.011427
-1.01066 0.15001 0.714408
-1.53983 0.15001 2.5009
2.31426 0.15001 2.0628
0.818513 0.15001 1.02242
-0.980976 0.15001 2.3577
1.15635 0.15001 -2.07532
-1.37161 0.15001 -0.297063
-0.150153 0.15001 -2.06732
-0.673047 0.15001 -2.44959
-1.27104 0.15001 -2.51658
-1.82023 0.15001 -1.2532
-1.22687 0.15001 2.84999
-1.94159 0.15001 2.35768
-0.684948 0.15001 0.978371
-0.194995 0.15001 0.501623
1.58127 0.15001 -1.34199
-0.374701 0.15001 -0.917719
-1.92184 0.15001 -2.28476
-0.595062 0.15001 2.28957
2.2545 0.15001 1.73498
-0.231485 0.15001 -1.00095
0.0908988 0.15001 0.0210428
-1.73997 0.15001 2.36578
0.711341 0.15001 2.84986
-0.274992 0.15001 2.84999
0.871802 0.15001 -2.19215
-0.252264 0.15001 0.0355793
-0.833414 0.15001 -1.92694
-1.54931 0.15001 -0.0168883
-1.77292 0.15001 -1.84804
-1.53905 0.15001 -0.344882
-1.647 0.15001 0.611974
-1.86679 0.15001 1.88351
-2.4036 0.15001 2.84999
-1.61239 0.15001 2.68198
0.495758 0.15001 -0.836464
-1.16032 0.15001 -1.06996
0.419085 0.15001 0.00627521
-0.490051 0.15001 0.371787
0.861542 0.15001 -1.62098
-1.44164 0.15001 2.65322
-1.23968 0.15001 -1.3634
-2.00277 0.15001 0.556379
-2.54355 0.15001 2.44278
-1.17778 0.15001 1.73097
1.9369 0.15001 -0.186022
0.352398 0.170908 0.941812
-0.194053 0.15001 1.50881
2.41329 0.15001 2.49807
2.09626 0.15001 2.43163
2.53842 0.15001 -2.37739
-1.26966 0.15001 1.58466
-1.68304 0.265943 1.15491
1.66405 0.15001 -0.431848
-1.0859 0.15001 2.2106
-0.80725 0.15001 -2.57796
-2.13852 0.15001 -2.72961
-0.364163 0.15001 -1.1219
-2.09148 0.15001 -0.772953
-2.46006 0.15001 -2.84999
-1.00524 0.15001 -2.2989
-1.99066 0.15001 -2.84709
-2.53574 0.15001 2.07399
2.12271 0.15001 0.719997
0.718606 0.15001 -0.410592
1.28183 0.15001 -1.42861
2.29946 0.15001 -1.41289
-2.06564 0.15001 -1.23547
1.32632 0.15001 -2.38101
2.55889 0.15001 0.164387
-0.819287 0.15001 1.72969
-2.53165 0.15001 -0.899373
-1.92411 0.15001 1.23888
-0.890645 0.15001 0.0469281
-0.848289 0.15001 0.344776
-2.10778 0.15001 0.0737228
-2.68805 0.15001 0.63129
-0.500483 0.15001 -2.23992
2.55588 0.15001 -2.54417
-2.3065 0.15001 0.0727212
-0.878751 0.15001 -1.73813
-2.38637 0.15001 -0.773375
0.726681 0.15001 -0.592419
2.53682 0.15001 0.5113
0.996156 0.15001 -0.245462
-0.490568 0.15001 -2.05282
1.60205 0.15001 0.536402
1.71442 0.15001 1.66979
1.62398 0.15001 -0.263834
1.37106 0.15001 1.5077
-0.194825 0.15001 0.958054
0.413696 0.15001 -0.450928
1.66467 0.15001 2.56213
0.31558 0.15001 1.32097
-0.467333 0.15001 0.210586
-0.903015 0.15001 -1.56263
2.60119 0.15001 1.84581
0.376387 0.15001 2.84999
0.519467 0.15001 -1.64578
1.87625 0.15001 -1.23645
0.939322 0.15001 -1.8153
2.60399 0.15001 2.57166
1.15712 0.15001 -0.784244
0.971561 0.15001 2.55703
-0.292738 0.15001 0.64442
0.346636 0.15001 -2.84999
0.542638 0.15001 -2.36516
0.0269144 0.15001 -2.02903
-0.67104 0.15001 -2.02683
1.1352 0.15001 -2.3802
2.696 0.15001 -1.75399
-1.50074 0.15001 -1.84472
-1.55303 0.15001 2.84999
1.74972 0.15001 0.239207
-2.38169 0.15001 1.41389
1.7565 0.15001 -2.55956
1.95585 0.15001 -2.84999
0.838695 0.15001 -0.727511
-2.65244 0.15001 -1.14305
-1.12423 0.15001 -0.0976394
1.52667 0.15001 -1.17928
-2.84999 0.15001 -1.07598
-0.680501 0.15001 -0.897174
1.16315 0.15001 -1.55636
-1.50027 0.15001 -1.16789
0.575416 0.15001 -2.67738
0.928846 0.15001 -1.35684
0.335904 0.15001 -0.638875
1.10482 0.15001 0.37416
2.0297 0.15001 -1.10095
0.891417 0.15001 -0.384927
-1.7308 0.15001 0.464166
-2.67382 0.15001 -1.3653
-2.23227 0.15001 2.24329
-1.84884 0.15001 0.896443
1.24192 0.15001 -2.22867
-1.03423 0.15001 -0.716349
-0.38949 0.15001 -0.26754
-1.28749 0.15001 -1.56106
0.761524 0.15001 -2.68173
-1.08767 0.15001 -0.404273
-1.18921 0.15001 0.738779
-1.49803 0.15001 1.89245
2.49452 0.15001 0.868687
2.28257 0.15001 0.470726
-0.113347 0.15001 2.63727
0.286886 0.15001 -2.5233
-2.23376 0.15001 2.50371
-1.78949 0.15001 2.68907
-2.37011 0.15001 0.241582
2.84999 0.15001 -1.49073
-1.44923 0.15001 -2.45977
0.778065 0.15001 2.63889
-1.87239 0.15001 -0.817168
-2.37421 0.15001 2.35834
-1.11974 0.15001 -1.22584
-2.33527 0.15001 -2.21194
-1.89763 0.15001 -0.454254
-0.900811 0.15001 2.19981
-2.04383 0.15001 1.77663
-2.52505 0.15001 -0.64297
1.4106 0.15001 0.587876
1.88791 0.15001 0.11097
2.56559 0.15001 -1.28179
0.850604 0.15001 -1.20663
0.343614 0.15001 -1.65272
-2.48472 0.15001 -2.3067
2.40791 0.246577 -1.72258
-0.884758 0.15001 1.04205
-2.3842 0.15001 -0.542378
-2.29977 0.15001 2.68546
-2.34426 0.15001 0.983535
0.223388 0.15001 0.333041
0.666653 0.15001 -0.238652
-0.410167 0.15001 0.936937
0.150396 0.15001 -0.813499
-1.71106 0.15001 -1.49759
1.06977 0.15001 0.202177
-1.06304 0.15001 -1.78653
-0.327682 0.15001 -2.29388
2.0044 0.15001 -0.933397
-2.14879 0.15001 -1.41211
0.602066 0.15001 0.676543
0.436625 0.15001 0.555567
1.93583 0.15001 0.717012
0.542191 0.15001 1.48479
-0.664127 0.15001 0.336682
1.51009 0.15001 0.753106
-0.125571 0.15001 1.28797
0.388524 0.15001 0.227327
-2.20642 0.15001 -2.09049
1.04091 0.15001 -0.47882
1.94613 0.15001 1.2624
0.965102 0.15001 1.9398
1.11374 0.15001 2.37852
1.76375 0.15001 -1.8315
2.39316 0.15001 -1.5826
0.522817 0.15001 -2.84999
0.716762 0.15001 1.63573
1.70087 0.15001 -1.20931
-1.47548 0.15001 0.266018
-0.848786 0.15001 -2.14728
0.862216 0.15001 1.48691
-1.24989 0.15001 1.24663
-0.759274 0.15001 2.67026
-0.885182 0.15001 -1.37264
1.4352 0.15001 -1.91749
-0.0510943 0.15001 -1.8633
0.594176 0.15001 -1.46306
1.76013 0.15001 -1.37047
1.91373 0.15001 -2.50751
-0.863578 0.15001 -0.712315
-1.38907 0.15001 0.731619
-1.67605 0.15001 1.89318
-1.37418 0.15001 2.44947
2.03412 0.15001 -2.28685
0.477436 0.15001 -2.1736
0.94937 0.15001 -2.3679
1.03817 0.15001 -1.6792
-2.10828 0.15001 -2.35905
1.40973 0.15001 -1.30656
-1.41829 0.15001 1.26918
-1.41537 0.15001 0.0940773
1.22479 0.15001 -0.582729
-2.68183 0.15001 0.233049
0.301438 0.15001 -2.17635
0.258568 0.15001 0.084617
0.185454 0.15001 -1.16903
-0.892456 0.15001 -0.373918
0.276092 0.15001 -0.997686
1.56266 0.15001 -0.74194
-0.216488 0.15001 2.03785
0.107231 0.15001 -0.403056
-1.07025 0.15001 1.89224
-2.49793 0.15001 1.11388
1.87216 0.15001 -2.69378
0.649689 0.15001 -2.23167
2.68738 0.15001 -2.67107
0.159095 0.15001 -0.617573
1.35377 0.15001 -1.12755
0.172643 0.15001 -1.69666
2.66686 0.15001 0.0202399
1.87588 0.15001 1.50898
-1.00123 0.15001 1.73356
1.31549 0.15001 2.84999
0.938991 0.15001 -0.0780974
2.52985 0.15001 -0.598221
-0.738381 0.15001 -0.0328371
1.81367 0.15001 2.8489
-0.933318 0.15001 0.498322
-1.01822 0.15001 -0.243744
1.94034 0.15001 -1.39702
1.87405 0.15001 2.48184
0.152759 0.15001 1.18691
-0.467986 0.15001 -0.514243
-1.47522 0.15001 -1.57186
-2.72254 0.15001 -0.913579
1.32047 0.15001 -0.752034
1.34871 0.273111 -2.17393
0.993929 0.15001 -1.51256
1.85973 0.15001 0.891852
-2.45432 0.220609 2.70826
1.8719 0.15001 1.90499
0.923597 0.15001 0.453605
2.46488 0.15001 -0.772049
-2.84999 0.15001 -1.69022
1.63659 0.15001 -2.22532
2.05305 0.15001 -1.97988
1.97116 0.15001 -2.12781
-0.559441 0.15001 -0.219033
-0.426442 0.15001 2.6244
1.36408 0.15001 2.44899
-2.47775 0.15001 -1.85691
1.68771 0.15001 1.47218
0.574921 0.15001 -0.508064
-0.0115896 0.15001 -0.525071
1.24232 0.15001 -1.25876
-0.22465 0.15001 -0.127874
1.81048 0.15001 -2.19549
0.386334 0.15001 -1.99305
-0.649537 0.15001 1.43956
-1.24173 0.15001 1.88802
-1.14445 0.15001 0.217112
2.63944 0.15001 0.361686
0.866226 0.15001 2.20414
2.84999 0.15001 -1.82599
0.840404 0.15001 1.27594
-2.0558 0.15001 2.17845
1.65939 0.15001 0.94066
2.4416 0.15001 1.67185
2.84067 0.15001 1.41048
2.84858 0.15001 1.84893
2.57951 0.15001 1.45163
0.05604 0.15001 0.663652
-0.00360746 0.15001 1.68773
2.64121 0.15001 -2.84999
2.84999 0.15001 -2.34553
1.20481 0.15001 -1.73108
2.68182 0.15001 -0.463648
-0.108757 0.15001 0.163879
2.38891 0.15001 -1.25516
2.16588 0.15001 -1.84988
2.84708 0.15001 2.34784
-0.462981 0.15001 2.09356
2.83919 0.15001 1.17816
2.84999 0.15001 -1.99581
-1.48579 0.15001 -2.10784
2.1602 0.15001 -2.16636
1.40763 0.15001 -0.605113
2.6908 0.15001 -2.27337
2.45492 0.15001 -0.431675
1.40959 0.15001 0.066648
2.7097 0.15001 -1.5785
-2.0038 0.15001 1.56226
-0.887917 0.15001 -0.132585
1.45249 0.15001 -2.23043
2.34998 0.15001 -1.86006
0.138179 0.15001 -2.66236
0.724616 0.15001 -2.07977
-2.84999 0.15001 -0.0361394
1.8661 0.15001 -2.34995
0.773804 0.15001 1.8301
-0.900421 0.15001 1.2255
-1.38599 0.15001 0.425415
0.210941 0.15001 2.8497
0.44606 0.15001 -1.81031
1.52559 0.15001 -2.07621
1.87281 0.15001 -1.97616
1.58772 0.15001 -2.84999
0.772183 0.15001 -1.76843
-1.19586 0.15001 2.06889
0.804821 0.15001 -0.906753
1.58957 0.15001 -0.0881066
2.84494 0.15001 2.849
2.01771 0.15001 2.84833
1.07908 0.15001 -1.91778
2.84999 0.15001 -2.51928
0.847892 0.15001 -2.52572
-0.521833 0.15001 -0.824621
0.493719 0.15001 -1.30464
0.564924 0.15001 -1.99763
1.07222 0.15001 1.55324
0.560651 0.15001 -1.13536
0.557517 0.15001 1.01981
-1.84304 0.15001 2.21379
-0.203699 0.15001 1.7703
-0.47992 0.15001 0.670871
0.265684 0.15001 -0.102256
2.15297 0.15001 2.2252
2.84999 0.15001 -1.16586
-2.59026 0.266628 1.73668
2.4178 0.15001 1.89697
1.38357 0.15001 1.15836
1.53362 0.15001 1.77603
0.0476861 0.15001 0.477802
-0.559697 0.15001 -0.383879
-0.809402 0.15001 -0.552099
-0.508613 0.15001 -1.73218
-0.19416 0.15001 -0.829421
-1.06136 0.15001 1.09588
1.96169 0.15001 -0.423786
-1.74723 0.15001 0.300881
0.372993 0.15001 1.87601
0.153765 0.15001 2.4984
1.10061 0.15001 0.556203
-2.83811 0.23573 1.02424
2.22458 0.15001 -2.54152
-0.31963 0.15001 2.48532
-0.399133 0.15001 -0.107532
1.28047 0.15001 -0.239282
-1.47855 0.15001 0.919598
2.07592 0.15001 -0.298517
2.84813 0.15001 2.08925
0.225139 0.15001 -0.281741
-0.496949 0.15001 1.37358
1.21857 0.15001 -2.5335
2.38559 0.15001 -2.48708
2.68977 0.15001 -1.92584
1.40946 0.15001 -2.84999
2.189 0.15001 -2.70206
-0.114809 0.15001 2.84996
1.96353 0.15001 0.273206
2.45021 0.15001 1.29601
2.03047 0.15001 1.69985
2.84999 0.15001 0.949298
1.49038 0.15001 -2.69716
2.21483 0.15001 -2.34151
-0.113881 0.15001 0.350668
1.8318 0.15001 -1.52911
-0.58377 0.15001 2.66156
-1.5362 0.15001 2.06987
0.672669 0.15001 2.35608
1.61125 0.15001 2.84987
2.38969 0.221038 -2.0017
2.72685 0.15001 -0.225032
1.04953 0.15001 -0.652228
-0.567195 0.15001 -0.0505274
-0.772258 0.15001 0.819637
1.76434 0.15001 -0.139912
-0.378399 0.15001 1.66404
0.755781 0.15001 -0.0674297
0.28922 0.15001 1.59938
2.38214 0.15001 -2.31266
1.03604 0.15001 2.10061
-2.34062 0.15001 1.58513
0.563591 0.15001 0.195613
2.34434 0.15001 -2.14836
1.50405 0.15001 -1.0157
2.69697 0.15001 -0.641291
2.84999 0.15001 -1.00426
1.98744 0.15001 -0.7612
2.27473 0.15001 -1.71205
-0.755222 0.15001 1.57016
0.464333 0.15001 2.55744
2.58276 0.15001 -0.322674
2.5226 0.15001 -2.70343
0.670684 0.15001 -1.2918
2.66375 0.15001 -0.991451
2.46326 0.15001 -2.84999
2.13997 0.15001 -0.474246
1.4094 0.15001 0.942038
2.27105 0.15001 -0.367924
1.1977 0.15001 2.69371
0.994422 0.15001 1.14932
2.39902 0.15001 -0.264898
0.381269 0.15001 -2.67656
0.941957 0.15001 -1.04009
2.53523 0.15001 -2.03937
-0.211771 0.15001 -0.293817
1.59333 0.15001 -0.584723
1.68327 0.15001 -1.04314
1.85715 0.15001 -1.06751
-0.607347 0.15001 1.25343
-0.668674 0.15001 0.670955
2.74242 0.15001 0.204655
1.97652 0.15001 -1.82773
2.52453 0.15001 -1.87024
-1.10224 0.15001 0.560836
2.69069 0.15001 -1.4004
0.658268 0.15001 -2.51203
2.84999 0.15001 -1.32739
-0.61569 0.15001 0.115376
1.53952 0.15001 0.355829
-0.704999 0.15001 1.89009
2.11403 0.15001 0.383834
2.63641 0.15001 1.24522
-2.84999 0.15001 1.33627
0.706676 0.15001 0.459043
0.593842 0.15001 2.67018
1.32383 0.15001 2.22607
0.0924642 0.15001 0.90329
2.05337 0.253936 -2.73999
0.290703 0.15001 2.65352
2.52769 0.15001 -2.2066
-0.655031 0.15001 2.085
2.53901 0.15001 -1.70032
1.12902 0.15001 -2.68872
0.94572 0.15001 -2.69183
1.38436 0.15001 -1.75473
-0.280584 0.15001 0.202562
-1.2665 0.15001 -2.11264
-2.66347 0.15001 0.819817
-1.34405 0.15001 1.426
1.61396 0.15001 1.95952
0.662137 0.15001 -0.763682
0.770563 0.15001 0.631715
1.08879 0.15001 0.0210886
1.51814 0.15001 -1.6221
2.31873 0.15001 -0.893905
-0.0627755 0.15001 -0.176258
1.83136 0.15001 -0.897389
-0.682122 0.15001 -0.730902
2.21567 0.15001 -1.21576
2.8431 0.15001 2.59094
2.55793 0.15001 -1.53529
2.84999 0.15001 -2.68702
1.67571 0.15001 -2.70719
2.12569 0.15001 -2.84999
0.279727 0.15001 -1.83437
1.57213 0.15001 -1.77467
1.2438 0.15001 2.02191
1.7915 0.15001 0.584337
1.7212 0.15001 1.28185
2.82627 0.15001 0.670595
2.49595 0.15001 1.09171
1.25299 0.15001 -1.90036
0.688158 0.15001 -1.61169
0.102496 0.15001 -1.00887
2.22945 0.15001 -2.00854
0.530244 0.15001 -0.331378
0.536114 0.15001 0.385036
2.62985 0.15001 -0.81041
2.84999 0.15001 -0.540595
2.11788 0.15001 2.63383
2.84541 0.15001 -0.369603
1.27804 0.15001 0.449848
2.07971 0.15001 -2.44894
-0.00794681 0.15001 -2.84999
2.50828 0.15001 -1.11783
1.7163 0.15001 0.0449819
1.45135 0.15001 2.66948
2.84999 0.15001 -1.66005
1.98317 0.15001 0.527558
1.48923 0.15001 -0.453084
2.33301 0.15001 -1.08138
2.48898 0.15001 -0.945807
2.82046 0.15001 -2.84999
2.1076 0.15001 -1.69296
-2.12529 0.15001 0.707961
2.03942 0.15001 -2.6142
2.13486 0.15001 -0.646606
1.56907 0.15001 0.169295
-0.736673 0.15001 -0.22459
-1.56571 0.15001 0.766467
0.253661 0.15001 -0.472684
1.70511 0.15001 -1.66216
2.78574 0.15001 -0.857326
0.900274 0.15001 0.271175
2.13082 0.15001 -1.40589
-0.749451 0.15001 0.495114
-1.48509 0.15001 -0.17222
1.36696 0.15001 0.248153
1.0393 0.15001 -1.21011
0.0469775 0.15001 2.84999
1.23451 0.15001 0.131307
2.3524 0.181821 -2.67522
2.69815 0.15001 -2.44808
2.68392 0.15001 -1.16337
1.09904 0.15001 -0.944799
1.33546 0.15001 -1.59251
0.101632 0.15001 -0.166074
1.46013 0.15001 -1.46916
1.15892 0.15001 1.84777
2.32002 0.15001 0.0560198
2.51629 0.15001 2.09233
2.69409 0.15001 -2.09982
1.7195 0.15001 -2.05769
0.626639 0.15001 -0.94855
2.84999 0.15001 -0.708458
0.60204 0.15001 0.0240287
2.49395 0.15001 0.00348202
0.761731 0.15001 0.111165
-1.02743 0.15001 2.52464
0.166547 0.15001 2.27575
2.10385 0.15001 1.48372
