1000 0.1
1.86137 0.15001 0.0131258
-2.6785 0.15001 0.927935
-2.49189 0.15001 -2.29654
-2.32391 0.15001 -2.40236
-2.84569 0.15001 -0.541205
2.84999 0.15001 1.33314
1.47066 0.15001 1.97806
-1.56456 0.15001 1.61643
-1.41998 0.15001 -0.707979
-0.797342 0.15001 0.135787
-2.66553 0.15001 2.3107
0.565826 0.15001 2.84999
-0.275419 0.15001 1.4554
2.84999 0.15001 0.578655
-0.762661 0.15001 1.63412
-0.230748 0.15001 -1.96547
-0.336546 0.15001 -1.1065
0.180032 0.15001 -1.25593
-0.954465 0.15001 0.602601
-0.131021 0.15001 1.33137
-2.13362 0.15001 -1.88412
-2.84027 0.15001 -2.08849
-0.716158 0.15001 -0.748693
-1.75131 0.15001 -2.49569
-1.35835 0.15001 -2.13537
2.51925 0.15001 0.579733
-2.67334 0.15001 -1.80126
-0.439015 0.15001 -2.67296
-2.50024 0.15001 0.434112
-1.6674 0.15001 1.436
-2.13237 0.15001 -0.976229
0.212703 0.15001 -0.408118
-1.88971 0.15001 -0.430778
-1.95996 0.15001 -1.44758
0.66201 0.15001 -2.84258
-2.32763 0.15001 -0.995427
0.558086 0.15001 -0.976305
-1.45357 0.15001 -1.25018
-1.16328 0.15001 0.928387
-2.84955 0.15001 0.038456
-0.133416 0.15001 -2.49609
-1.62111 0.15001 -0.735877
-0.283225 0.15001 -0.922817
0.765429 0.15001 -2.31383
-0.0247682 0.15001 -1.61132
-0.744778 0.15001 -2.14214
0.256115 0.15001 2.6789
-0.241107 0.15001 2.84999
-1.16491 0.15001 -0.468373
-2.67222 0.15001 1.91449
-1.55065 0.15001 -1.78336
-2.49617 0.15001 -1.50588
-1.15339 0.15001 0.586984
-1.3592 0.15001 -1.06889
-1.03737 0.15001 2.84999
-1.84029 0.15001 2.14809
-2.67453 0.15001 1.71653
-2.84999 0.15001 2.3885
-2.32844 0.15001 1.3228
0.874745 0.15001 1.51789
-0.535714 0.15001 -1.09748
1.4547 0.15001 -2.489
-1.26931 0.15001 -0.880187
-0.915069 0.15001 -0.76208
-0.55791 0.15001 0.946747
-1.3077 0.15001 0.216593
0.0472283 0.15001 -0.710035
-1.75635 0.15001 0.482794
-2.67041 0.15001 2.11164
-2.84999 0.15001 0.829597
-2.6703 0.15001 -2.59977
-2.84984 0.15001 -1.50979
-2.6802 0.15001 -0.0586083
1.03895 0.15001 0.847751
2.84999 0.15001 0.205175
-2.67683 0.15001 1.321
-2.84999 0.15001 1.42041
-2.84999 0.15001 0.231032
-1.46644 0.15001 1.44141
-0.756089 0.15001 1.98411
-2.6709 0.15001 -2.18991
-2.17021 0.15001 -2.84999
-1.1551 0.15001 -1.07827
-2.50348 0.15001 -0.345735
-0.640727 0.15001 2.50087
-2.84999 0.15001 2.57829
-2.16471 0.15001 0.83919
-2.84999 0.15001 2.00536
-2.3212 0.15001 2.11067
-0.653063 0.15001 2.15444
-0.125979 0.15001 -1.43955
-2.67914 0.15001 -0.828056
-2.49309 0.15001 -2.50304
-1.05003 0.15001 -1.26285
-2.50342 0.15001 0.0427666
-1.96548 0.15001 -0.077599
-1.76358 0.15001 1.2628
-2.3315 0.15001 1.12467
0.360116 0.15001 2.84999
-2.32577 0.15001 1.71748
-1.24892 0.15001 -2.31284
-0.161333 0.15001 1.97957
-2.32048 0.15001 -1.59863
2.68017 0.15001 2.01075
1.53111 0.15001 1.32631
-0.962914 0.15001 1.62999
1.81057 0.15001 -1.8668
-0.540702 0.15001 -2.49645
1.69797 0.15001 -0.271482
2.35556 0.15001 -1.01371
2.35629 0.15001 -2.75145
0.0562755 0.15001 -0.902693
-1.56881 0.15001 -1.07987
-0.130088 0.15001 -0.228416
0.395729 0.15001 -1.07945
-2.67525 0.15001 -0.637085
-0.336934 0.15001 -2.49603
-2.66843 0.15001 -2.39337
-0.439308 0.15001 2.84999
-2.67755 0.15001 -0.251353
-1.65041 0.15001 -2.67311
2.18843 0.15001 1.14412
0.373375 0.15001 -1.96313
-1.69131 0.15001 -0.392727
-2.12369 0.15001 0.0478764
-0.1454 0.15001 2.66991
-1.65027 0.15001 -1.96647
0.548193 0.15001 -0.394772
-0.135146 0.15001 0.748075
0.708509 0.15001 0.655451
-2.31533 0.15001 -1.39056
-0.22595 0.15001 -1.26708
0.562706 0.15001 -1.17992
-2.31178 0.15001 -1.99256
-2.84999 0.15001 -2.66325
-0.643793 0.15001 -2.67445
0.738227 0.15001 -1.26691
-1.77553 0.15001 0.886316
-1.56595 0.15001 0.909376
-2.84999 0.15001 1.61689
-1.14922 0.15001 -1.7816
-0.638472 0.15001 -1.96834
-0.743746 0.15001 -1.44276
-2.67873 0.15001 -1.02164
-0.643002 0.15001 0.45351
1.36749 0.15001 0.286641
-1.56884 0.15001 1.26335
-1.26116 0.15001 1.80083
-2.84999 0.15001 2.19764
-1.80432 0.15001 0.297226
0.218659 0.15001 -0.797253
-2.32097 0.15001 -2.60337
0.0392654 0.15001 -0.124097
0.711113 0.15001 -0.103668
1.37092 0.15001 -0.466758
1.57012 0.15001 2.50081
-0.538775 0.15001 2.67474
-2.0199 0.15001 2.84999
-2.67942 0.15001 0.136009
-1.96186 0.15001 1.60968
-0.843136 0.15001 -1.61683
-2.84999 0.15001 -2.47545
-1.5475 0.15001 -2.84999
-1.957 0.15001 -1.79013
-0.468913 0.15001 -0.641887
-0.83233 0.15001 -0.930008
-2.33073 0.15001 0.533458
-1.65088 0.15001 -2.31586
-0.837999 0.15001 0.44385
-2.84999 0.15001 2.84999
-0.840211 0.15001 -2.67544
1.36965 0.15001 -0.278158
-2.1538 0.15001 1.23432
-1.35862 0.15001 -0.513558
-2.71237 0.15001 2.70225
-2.0791 0.15001 1.80924
-2.09831 0.15001 -0.457804
-2.51777 0.15001 2.66098
-0.66688 0.15001 1.46112
-1.63394 0.15001 2.49662
-1.34277 0.15001 -2.84999
-0.133141 0.15001 -0.0305363
-2.84999 0.15001 -0.731653
-1.22259 0.15001 -0.676479
0.225277 0.15001 -0.992304
0.71718 0.15001 -0.677078
-1.65341 0.15001 -1.60966
-2.32492 0.15001 1.91376
-2.67769 0.15001 0.73385
-1.82447 0.15001 2.84999
-1.35076 0.15001 0.563129
0.275755 0.15001 -1.43619
-2.84999 0.15001 -0.928068
-2.84999 0.15001 -0.154308
-1.4511 0.15001 -2.31366
0.204395 0.15001 1.1386
-2.65775 0.15001 2.50844
-2.15833 0.15001 0.634605
-2.32503 0.15001 2.3069
0.218019 0.15001 1.93655
-0.74342 0.15001 -2.50111
-1.92924 0.15001 -0.940208
1.36471 0.15001 1.61205
1.53171 0.15001 0.383409
0.193612 0.15001 1.73711
-0.245138 0.15001 2.49792
-0.537363 0.15001 -1.44712
2.35337 0.15001 1.04975
1.36759 0.15001 0.662902
2.34719 0.15001 1.8199
1.70063 0.15001 -1.21577
-1.13985 0.15001 -2.84999
-1.05213 0.15001 -0.904179
-0.431651 0.15001 -1.61792
-1.04731 0.15001 -2.31481
-0.436805 0.15001 -1.27516
-0.937708 0.15001 -2.84999
-1.69331 0.15001 -0.919408
-2.67114 0.15001 -1.99278
-2.67607 0.15001 1.51904
-2.84999 0.15001 -1.70654
-2.4952 0.15001 -1.89792
2.18732 0.15001 1.33488
-0.458056 0.15001 1.8076
-2.49977 0.15001 1.81606
-1.95541 0.15001 -2.49463
-2.50445 0.15001 0.633525
-1.53214 0.15001 2.67327
0.462361 0.15001 2.34151
-0.363587 0.15001 1.63208
-1.86002 0.15001 -2.67424
-2.67801 0.15001 1.12158
-1.24863 0.15001 -1.25861
0.0372942 0.15001 1.23629
0.880356 0.15001 -0.575305
-1.96679 0.15001 -0.615381
-0.850027 0.15001 2.15426
-2.06649 0.15001 -0.788093
-1.76403 0.15001 1.61503
-2.84999 0.15001 0.430273
-0.845662 0.15001 -1.96455
0.852636 0.15001 -2.84999
-2.67605 0.15001 -0.443617
0.540278 0.15001 1.52112
1.2033 0.15001 0.566486
-0.957416 0.15001 -0.427127
2.02183 0.15001 1.4298
2.35434 0.15001 0.486215
-2.15987 0.15001 0.240224
-1.62894 0.15001 2.84999
-2.49213 0.15001 -2.70356
-0.639469 0.15001 -0.929455
-1.03645 0.15001 -2.67435
1.56274 0.15001 -2.313
0.473473 0.15001 -1.78569
-0.319712 0.15001 1.25332
-1.34341 0.15001 2.32085
-2.33413 0.15001 0.931865
-0.30087 0.15001 0.850609
-2.5999 0.15001 2.84999
-1.56647 0.15001 -0.0104133
0.0414208 0.15001 -0.319174
-1.99511 0.15001 0.742506
-0.306425 0.15001 -0.331265
-2.49304 0.15001 2.21197
-2.32918 0.15001 -0.0560558
-2.03828 0.15001 2.15722
-1.92654 0.15001 2.67362
-1.72888 0.15001 2.67323
0.0527277 0.15001 2.67766
1.0498 0.15001 -2.84999
2.35281 0.15001 1.23952
-2.15604 0.15001 -2.49964
0.873266 0.15001 -1.77937
1.20496 0.15001 -0.187524
-2.33275 0.15001 0.736359
0.873504 0.15001 1.13271
-1.44551 0.15001 2.14856
-0.0434488 0.15001 2.84999
-0.471625 0.15001 1.11941
-0.538324 0.15001 -2.84999
-1.44476 0.15001 -2.67164
-1.85779 0.15001 -1.61725
1.37119 0.15001 2.50239
-2.49849 0.15001 -0.730829
-1.90653 0.15001 0.129343
0.714673 0.15001 -0.485201
-1.86893 0.15001 -1.27311
-2.08066 0.15001 1.4301
1.84237 0.15001 1.9172
-2.64234 0.15001 -2.84999
0.373573 0.15001 -1.61186
-1.06925 0.15001 1.10306
1.16876 0.15001 -1.95553
0.269554 0.15001 -2.50193
-0.131222 0.15001 -0.42434
-1.17938 0.15001 0.0614913
-2.15726 0.15001 1.03482
-1.43652 0.15001 2.49734
-1.666 0.15001 1.08796
-0.7405 0.15001 -2.84999
2.67649 0.15001 2.20824
-2.48575 0.15001 -2.09699
2.68442 0.15001 0.860476
-2.01616 0.15001 -0.278975
-0.0569853 0.15001 2.15235
1.86198 0.15001 -0.174723
0.35781 0.15001 2.51049
2.68379 0.15001 1.42953
1.69661 0.15001 0.104369
0.770112 0.15001 2.84999
-0.845686 0.15001 -2.31898
-0.227319 0.15001 -1.61461
-2.14889 0.15001 -1.49499
-2.84999 0.15001 -2.84999
-1.23277 0.15001 -0.124661
1.86397 0.15001 -1.30384
-1.11675 0.15001 0.244623
-1.86523 0.15001 1.43359
-1.63873 0.15001 0.721625
-0.940601 0.15001 -2.50029
-0.742908 0.15001 -1.09971
2.19154 0.15001 -0.545619
-2.3295 0.15001 0.33737
-0.677958 0.15001 -0.184987
-1.36468 0.15001 1.62184
-1.06637 0.15001 1.4534
-1.66377 0.15001 1.79228
0.389767 0.15001 -0.884662
-0.866118 0.15001 1.45746
-2.30349 0.15001 -0.459136
0.061473 0.15001 -1.09367
1.21528 0.15001 -1.13894
1.52318 0.15001 1.71336
-2.15513 0.15001 2.0031
-1.87024 0.15001 1.79178
1.15459 0.15001 -2.66892
-2.50249 0.15001 1.42041
-0.0287007 0.15001 -1.96481
-0.966749 0.15001 0.938207
-2.84688 0.15001 -1.12077
-0.235063 0.15001 -2.67307
1.53751 0.15001 -0.935902
1.86295 0.15001 2.34173
2.02482 0.15001 0.484425
2.00596 0.15001 2.01302
1.69617 0.15001 0.29221
0.205813 0.15001 0.363793
-0.968625 0.15001 1.2813
0.885068 0.15001 1.91656
-2.49943 0.15001 -1.70357
2.1905 0.15001 0.0171757
0.0705014 0.15001 -2.14173
-0.0273729 0.15001 -1.26517
-1.05156 0.15001 -1.95586
2.06426 0.15001 2.68148
-1.64054 0.15001 2.14747
0.97204 0.15001 2.84999
-0.738315 0.15001 2.67552
2.02366 0.15001 1.23821
1.25692 0.15001 -2.48934
-1.79239 0.15001 -1.09048
1.20809 0.15001 -0.565399
1.20266 0.15001 1.51487
-1.76885 0.15001 -0.0410821
-1.2499 0.15001 -1.9528
0.037591 0.15001 0.845072
-2.50428 0.15001 1.22293
2.84999 0.15001 2.48048
0.248296 0.15001 2.34591
1.06472 0.15001 -2.1325
2.19091 0.15001 -0.170372
-0.132757 0.15001 -2.84999
-0.334771 0.15001 -2.14322
-1.548 0.15001 -2.49406
-2.49896 0.15001 0.238927
0.767668 0.15001 2.5093
-2.84999 0.15001 1.22286
-0.638435 0.15001 2.84999
0.0346856 0.15001 0.457919
-0.0318084 0.15001 -2.31863
0.214879 0.15001 -0.602019
1.63297 0.15001 -2.84999
-1.46216 0.15001 1.79649
-0.944061 0.15001 2.32446
-2.03338 0.15001 2.49979
-1.97445 0.15001 0.534067
-1.1479 0.15001 -1.43407
-1.26577 0.15001 1.09408
-2.84999 0.15001 1.81185
-2.1941 0.15001 -0.631252
0.381452 0.15001 -1.26998
-1.0429 0.15001 0.430213
0.208468 0.15001 -0.0215569
1.07295 0.15001 -1.7775
2.18968 0.15001 0.391971
-1.98162 0.15001 0.938205
1.03944 0.15001 0.0924095
-1.4328 0.15001 2.84999
2.02453 0.15001 1.04846
0.172656 0.15001 -1.96469
2.50436 0.15001 2.71269
0.374958 0.15001 0.65306
0.764193 0.15001 2.18229
1.53174 0.15001 0.571389
0.396172 0.15001 2.00866
-1.03931 0.15001 2.50021
-1.03483 0.15001 -0.612277
-0.25273 0.15001 2.15216
1.85101 0.15001 1.71933
1.62085 0.15001 -1.93141
-1.75538 0.15001 -1.43769
-2.49715 0.15001 -1.31018
-1.75838 0.15001 -0.583722
-1.24067 0.15001 -2.67159
-1.7537 0.15001 -1.79126
2.19163 0.15001 -1.1098
0.07713 0.15001 -1.43403
-0.0574546 0.15001 1.80243
-0.0504994 0.15001 2.49656
-2.48908 0.15001 -0.538627
-1.75498 0.15001 -2.84999
0.0689183 0.15001 -2.497
-0.482949 0.15001 -0.237467
-0.132303 0.15001 -1.05507
0.961651 0.15001 2.16541
0.561767 0.15001 2.51284
-1.42787 0.15001 0.374793
-1.82392 0.15001 -0.235245
0.542747 0.15001 0.368664
-2.10731 0.15001 -1.29804
-1.74744 0.15001 -2.14083
0.4705 0.15001 -2.84999
0.271439 0.15001 -2.14142
-2.84999 0.15001 -2.27849
2.19122 0.15001 -0.357985
2.84999 0.15001 -1.87734
0.861341 0.15001 -2.49183
-1.24964 0.15001 2.14956
0.891398 0.15001 -1.15193
-1.95006 0.15001 -2.14504
1.20327 0.15001 0.378139
1.79546 0.15001 2.15284
2.35352 0.15001 0.861275
0.87418 0.15001 0.56238
0.550899 0.15001 1.90517
2.66889 0.15001 2.60472
0.369913 0.15001 1.62336
1.25991 0.15001 1.98085
0.201904 0.15001 1.33352
1.79099 0.15001 -2.27853
2.51999 0.15001 0.205733
2.02794 0.15001 -0.829596
1.86441 0.15001 -1.11511
-1.62788 0.15001 -0.200705
-0.759821 0.15001 0.947425
-1.23874 0.15001 2.49925
2.68239 0.15001 1.81732
1.04022 0.15001 1.61199
-0.439609 0.15001 2.49883
1.3658 0.15001 -1.96288
-1.2948 0.15001 -0.316649
0.0731006 0.15001 -1.78795
-0.438488 0.15001 -2.31963
-1.14269 0.15001 -2.49343
-1.55187 0.15001 -1.42703
-0.837884 0.15001 2.84999
-1.83304 0.15001 2.49879
-0.468549 0.15001 1.45936
0.206 0.15001 0.942462
1.53652 0.15001 -0.746184
-0.126312 0.15001 -0.621542
-1.85588 0.15001 -2.31867
-0.344909 0.15001 2.32535
2.35181 0.15001 1.43103
-0.11596 0.15001 -0.822698
0.3751 0.15001 0.46267
-1.53862 0.15001 2.3195
2.16892 0.15001 2.84999
1.17207 0.15001 2.84999
0.97147 0.15001 -1.95387
0.0352298 0.15001 0.264269
-0.534224 0.15001 -1.79318
-1.43011 0.15001 -0.164498
-1.45107 0.15001 -1.95858
-1.55692 0.15001 -0.547161
-1.54974 0.15001 0.533241
-1.75287 0.15001 1.96941
-2.21473 0.15001 2.84999
-1.13695 0.15001 2.67488
0.712671 0.15001 -0.294137
-0.949741 0.15001 -1.08396
0.5414 0.15001 0.941078
-0.306495 0.15001 0.655838
1.05142 0.15001 -1.43193
-0.937827 0.15001 2.67538
-0.950653 0.15001 -1.43963
-1.98828 0.15001 0.332522
-2.45518 0.15001 2.46479
-1.05942 0.15001 1.80306
1.86046 0.15001 0.388645
0.879505 0.15001 1.71253
0.0308125 0.15001 1.62805
2.67186 0.15001 2.40628
2.50281 0.15001 2.31263
2.50004 0.15001 -2.26542
-1.16407 0.15001 1.62653
-1.46639 0.15001 1.08837
1.53194 0.15001 0.19544
-0.747558 0.15001 2.32527
-0.643204 0.15001 -2.32014
-2.07262 0.15001 -2.68062
-0.29242 0.15001 -0.72819
-2.00213 0.15001 -1.12664
-2.36363 0.15001 -2.84999
-0.539393 0.15001 -2.14394
-1.96419 0.15001 -2.84999
-2.4931 0.15001 2.01584
2.18892 0.15001 0.955119
0.709281 0.15001 0.27605
1.37548 0.15001 -1.03688
2.19192 0.15001 -0.921321
-1.66469 0.15001 -1.25481
1.36001 0.15001 -2.31292
2.51964 0.15001 0.392698
-0.659185 0.15001 1.80902
-2.49003 0.15001 -1.11605
-1.86059 0.15001 1.09154
-0.64737 0.15001 0.257014
-0.748712 0.15001 0.615074
-2.15727 0.15001 -0.148143
-2.67506 0.15001 0.33385
-0.234407 0.15001 -2.31923
2.50062 0.15001 -2.45902
-2.32259 0.15001 -0.259418
-0.740454 0.15001 -1.79336
-2.28088 0.15001 -1.18918
0.87543 0.15001 -0.00529821
2.3539 0.15001 0.673507
1.03895 0.15001 0.47
-0.127453 0.15001 -1.7884
1.36747 0.15001 1.22918
2.34225 0.15001 2.01681
1.69598 0.15001 0.480063
1.66846 0.15001 2.00187
0.200905 0.15001 1.53171
0.70995 0.15001 0.0863082
2.32954 0.15001 2.41233
0.716394 0.15001 1.8092
-0.138121 0.15001 0.555286
-0.638466 0.15001 -1.61959
2.51719 0.15001 1.52717
1.96589 0.15001 2.84999
0.7717 0.15001 -1.60602
1.86372 0.15001 -0.738665
1.21458 0.15001 -1.53502
2.84999 0.15001 2.10294
1.20635 0.15001 -0.37634
2.15418 0.15001 2.31705
0.0378906 0.15001 1.04255
0.0704292 0.15001 -2.84999
0.36854 0.15001 -2.32036
0.273181 0.15001 -1.7878
-0.329892 0.15001 -1.79067
1.16115 0.15001 -2.31159
2.6834 0.15001 -1.39367
-1.34669 0.15001 -1.77893
-1.23568 0.15001 2.84999
1.69624 0.15001 1.04428
-2.32411 0.15001 1.51753
1.65116 0.15001 -2.49076
1.82317 0.15001 -2.84999
1.04027 0.15001 -0.0966109
-2.67543 0.15001 -1.41298
-0.989159 0.15001 0.0913767
1.53535 0.15001 -0.55727
-2.84999 0.15001 -1.3115
-0.463474 0.15001 -0.840878
1.37704 0.15001 -1.23036
-1.3453 0.15001 -1.43103
0.368765 0.15001 -2.67601
1.05209 0.15001 -1.04783
0.546223 0.15001 -0.203208
1.03847 0.15001 1.22802
2.02749 0.15001 -0.641793
0.874312 0.15001 0.373247
-1.61757 0.15001 0.340245
-2.67528 0.15001 -1.61036
-2.13218 0.15001 2.32784
-1.82102 0.15001 0.666638
1.26005 0.15001 -2.13519
-0.834639 0.15001 -0.58082
-0.302761 0.15001 0.0636566
-1.05032 0.15001 -1.61058
0.562698 0.15001 -2.67488
-1.09435 0.15001 -0.28172
-1.06081 0.15001 0.763947
-1.35385 0.15001 1.97769
2.51882 0.15001 0.767083
2.18929 0.15001 0.579362
0.871244 0.15001 2.67848
0.169497 0.15001 -2.31998
-2.12407 0.15001 2.67298
-1.33509 0.15001 2.6743
-2.32645 0.15001 0.140828
2.84999 0.15001 -1.10624
-1.34519 0.15001 -2.49271
1.86785 0.15001 2.6791
-1.48248 0.15001 -0.898776
-2.24168 0.15001 2.49355
-0.84791 0.15001 -1.26758
-2.13473 0.15001 -2.08268
-1.83151 0.15001 -0.768696
-0.546241 0.15001 2.32657
-1.95428 0.15001 1.97487
-2.50951 0.15001 -0.921239
1.36612 0.15001 1.42003
1.86036 0.15001 0.764243
2.52023 0.15001 -0.918254
1.04824 0.15001 -0.855864
0.667431 0.15001 -1.44325
-2.30526 0.15001 -2.19942
2.35261 0.15001 -1.39526
-0.664527 0.15001 1.11507
-2.30266 0.15001 -0.797307
-2.32149 0.15001 2.673
-2.50572 0.15001 0.83287
0.373496 0.15001 1.03837
0.708751 0.15001 0.46576
-0.130469 0.15001 1.14074
0.382397 0.15001 -0.497188
-1.45104 0.15001 -1.6039
1.20352 0.15001 0.943665
-0.950725 0.15001 -1.78599
-0.131708 0.15001 -2.14165
2.02705 0.15001 -0.454016
-2.13361 0.15001 -1.68766
0.708685 0.15001 1.42283
0.5405 0.15001 1.32758
1.8601 0.15001 1.14125
0.712668 0.15001 2.00286
-0.480119 0.15001 0.566056
1.52917 0.15001 1.51803
0.0320385 0.15001 1.43201
0.540811 0.15001 1.13389
-1.85913 0.15001 -1.96635
1.03904 0.15001 0.281282
2.18545 0.15001 1.52753
1.27112 0.15001 2.32877
1.46761 0.15001 2.32857
1.86272 0.15001 -1.49095
2.35463 0.15001 -1.20323
0.273455 0.15001 -2.84999
1.16861 0.15001 2.16103
1.69956 0.15001 -0.647958
-1.49893 0.15001 0.183802
-0.43375 0.15001 -1.96768
1.06288 0.15001 1.99987
-1.16856 0.15001 1.27494
0.156939 0.15001 2.84999
-0.639556 0.15001 -1.27149
1.64946 0.15001 -1.7292
0.174663 0.15001 -1.61109
0.723553 0.15001 -1.0675
1.70034 0.15001 -0.836586
1.95262 0.15001 -2.65827
-0.642112 0.15001 -0.554535
-1.25332 0.15001 0.751089
-1.55078 0.15001 1.97442
-0.840152 0.15001 2.50111
2.16167 0.15001 -2.07151
0.670007 0.15001 -2.13579
0.963362 0.15001 -2.31131
1.2187 0.15001 -1.33599
-2.10774 0.15001 -2.29084
1.37415 0.15001 -0.845503
-1.36792 0.15001 1.26705
-1.36914 0.15001 0.0262709
1.20342 0.15001 0.189699
-2.50523 0.15001 -0.153376
0.471125 0.15001 -2.13947
0.541332 0.15001 0.749195
0.553648 0.15001 -0.780339
-0.888243 0.15001 -0.242153
0.550438 0.15001 -0.587018
1.53329 0.15001 -0.180572
0.348205 0.15001 2.18696
0.378184 0.15001 -0.112406
-0.952611 0.15001 1.9823
-2.50599 0.15001 1.02534
1.74935 0.15001 -2.66787
0.566921 0.15001 -2.3174
2.84999 0.15001 -2.45875
0.380321 0.15001 -0.30452
1.37245 0.15001 -0.655703
0.476137 0.15001 -1.43948
2.68525 0.15001 0.298908
2.01855 0.15001 1.62341
-0.859326 0.15001 1.80713
2.36706 0.15001 2.84999
1.03895 0.15001 0.658752
2.52043 0.15001 -0.168375
-0.475214 0.15001 0.357607
2.49454 0.15001 2.51444
-0.658967 0.15001 0.783929
-1.0371 0.15001 -0.0944234
1.86429 0.15001 -0.926775
2.30477 0.15001 2.6577
0.543032 0.15001 1.71371
-0.299255 0.15001 -0.133853
-1.24592 0.15001 -1.60625
-2.67523 0.15001 -1.21562
1.36857 0.15001 -0.0897981
1.4547 0.15001 -2.1385
1.05542 0.15001 -1.24101
1.85892 0.15001 1.33164
-2.40844 0.15001 2.84999
2.50816 0.15001 2.11401
1.03834 0.15001 1.42043
2.3557 0.15001 -0.262728
-2.84999 0.15001 -1.89885
1.98966 0.15001 -2.16567
2.1777 0.15001 -1.68759
2.16657 0.15001 -1.87983
-0.477275 0.15001 0.154598
0.667543 0.15001 2.68018
2.16493 0.15001 2.51485
-2.31458 0.15001 -1.79525
2.17743 0.15001 1.9181
0.874696 0.15001 0.184043
0.210568 0.15001 -0.214683
1.21018 0.15001 -0.755121
-0.135836 0.15001 0.163771
1.98481 0.15001 -2.35983
0.573376 0.15001 -1.95937
-0.257031 0.15001 1.80184
-1.15306 0.15001 1.97696
-0.925129 0.15001 0.275666
2.685 0.15001 0.485746
1.07099 0.15001 2.33298
2.84999 0.15001 -1.4889
1.04626 0.15001 1.80979
-1.93416 0.15001 2.32697
1.6941 0.15001 1.42463
2.51836 0.15001 1.33431
2.84999 0.15001 1.14318
2.84999 0.15001 1.52566
2.68424 0.15001 1.23855
0.372576 0.15001 1.23296
0.0326754 0.15001 1.97804
2.68529 0.15001 -2.75036
2.84999 0.15001 -2.07144
1.38627 0.15001 -1.62468
2.68553 0.15001 -0.0747922
0.206851 0.15001 0.556237
2.35603 0.15001 -0.825294
2.026 0.15001 -1.39712
2.84999 0.15001 1.91077
-0.151256 0.15001 2.3245
2.84999 0.15001 0.953888
2.84999 0.15001 -1.68283
-1.15364 0.15001 -2.13297
2.3341 0.15001 -1.97572
1.36785 0.15001 0.0984421
2.67593 0.15001 -2.16885
2.35541 0.15001 -0.0753767
1.53188 0.15001 0.75938
2.68432 0.15001 -1.20193
-1.95944 0.15001 1.26099
-0.835789 0.15001 -0.0545639
1.64631 0.15001 -2.13322
2.18621 0.15001 -1.49352
-0.0311615 0.15001 -2.67351
0.868057 0.15001 -2.13289
-2.84999 0.15001 -0.350437
1.84474 0.15001 -2.49028
0.871047 0.15001 2.34208
-0.766962 0.15001 1.28585
-1.23712 0.15001 0.405699
1.76962 0.15001 2.84999
0.673905 0.15001 -1.78205
1.82335 0.15001 -2.06363
1.99678 0.15001 -1.78067
1.44021 0.15001 -2.84999
0.969784 0.15001 -1.60603
-1.04653 0.15001 2.15309
1.04156 0.15001 -0.285767
1.69601 0.15001 0.66795
2.84999 0.15001 2.66608
2.84999 0.15001 2.84999
1.27084 0.15001 -1.78299
2.84999 0.15001 -2.26481
0.663396 0.15001 -2.49449
-0.302917 0.15001 -0.52933
0.720201 0.15001 -0.870636
0.772741 0.15001 -1.95603
1.36657 0.15001 2.1495
0.88294 0.15001 -0.766603
0.711051 0.15001 1.61531
-1.7366 0.15001 2.32247
0.152361 0.15001 2.14315
-0.129803 0.15001 0.944041
0.54174 0.15001 0.559224
2.51396 0.15001 1.91602
2.84999 0.15001 -0.729445
-2.50026 0.15001 1.6174
2.51672 0.15001 1.72201
1.68225 0.15001 1.81216
2.01324 0.15001 1.81855
0.374422 0.15001 0.844265
-0.645283 0.15001 0.0202987
-0.744852 0.15001 -0.383144
-0.32946 0.15001 -1.44241
0.042751 0.15001 -0.513889
-0.867265 0.15001 1.11227
1.86083 0.15001 0.200903
-1.6948 0.15001 0.143463
0.556038 0.15001 2.1474
1.07292 0.15001 2.67789
1.20273 0.15001 1.32409
-2.84999 0.15001 0.629885
2.15717 0.15001 -2.26509
0.148776 0.15001 2.50906
-0.307037 0.15001 0.258154
1.36748 0.15001 0.474779
-1.35951 0.15001 0.918399
2.02517 0.15001 0.296855
2.84999 0.15001 1.71925
0.37646 0.15001 0.0793778
-0.355242 0.15001 1.98097
1.05906 0.15001 -2.48996
2.32556 0.15001 -2.36474
2.68233 0.15001 -1.58715
1.24561 0.15001 -2.84999
2.32681 0.15001 -2.55964
1.37068 0.15001 2.84999
1.86043 0.15001 0.952366
2.51886 0.15001 1.14433
2.18225 0.15001 1.72201
2.84999 0.15001 0.765866
1.35256 0.15001 -2.66784
2.32865 0.15001 -2.16843
0.207175 0.15001 0.747956
1.70082 0.15001 -1.02569
0.461613 0.15001 2.6813
-1.14403 0.15001 2.3253
0.973298 0.15001 2.5079
2.64941 0.15001 2.84999
2.34862 0.15001 -1.58892
2.68544 0.15001 0.112087
1.20396 0.15001 0.00112613
-0.137291 0.15001 0.359909
-0.565724 0.15001 1.28987
1.86029 0.15001 0.576404
0.0517546 0.15001 2.32257
0.874054 0.15001 0.751737
0.374289 0.15001 1.81611
2.50491 0.15001 -2.07185
1.17285 0.15001 2.50349
-2.15553 0.15001 1.62056
0.707841 0.15001 1.0369
2.50943 0.15001 -1.87855
1.53425 0.15001 -0.368788
2.6856 0.15001 -0.261653
2.84999 0.15001 -0.542093
2.02663 0.15001 -0.266206
2.19035 0.15001 -1.30005
-0.562704 0.15001 1.63486
1.27202 0.15001 2.67627
2.52022 0.15001 0.0187213
2.6808 0.15001 -2.55581
0.886086 0.15001 -0.95911
2.68548 0.15001 -0.635893
2.52461 0.15001 -2.84999
2.02562 0.15001 0.109251
1.68992 0.15001 1.61805
2.19008 0.15001 0.204612
1.99363 0.15001 2.20394
1.36223 0.15001 1.81554
2.35511 0.15001 0.111897
0.173225 0.15001 -2.67573
1.04555 0.15001 -0.665074
2.5135 0.15001 -1.68485
0.0372156 0.15001 0.0703588
1.69725 0.15001 -0.083509
1.69874 0.15001 -0.459615
1.86312 0.15001 -0.550632
-0.163977 0.15001 1.62086
-0.297516 0.15001 1.045
2.84999 0.15001 0.39185
2.01713 0.15001 -1.59052
2.51641 0.15001 -1.49103
-0.85908 0.15001 0.77578
2.68496 0.15001 -1.01206
0.465037 0.15001 -2.50108
2.84999 0.15001 -0.917365
-0.309329 0.15001 0.461643
1.53198 0.15001 1.13634
-0.555233 0.15001 1.98195
2.18907 0.15001 0.767055
2.68435 0.15001 1.04937
-2.84999 0.15001 1.02464
0.873557 0.15001 1.32561
1.67099 0.15001 2.6786
1.76817 0.15001 2.5105
0.370935 0.15001 1.42784
2.01146 0.15001 -2.84999
1.47118 0.15001 2.67563
2.67905 0.15001 -1.97538
-0.448138 0.15001 2.15414
2.51832 0.15001 -1.29818
0.956788 0.15001 -2.67026
0.759142 0.15001 -2.6727
1.55327 0.15001 -1.52716
0.0358495 0.15001 0.650998
-0.949853 0.15001 -2.13759
-2.67632 0.15001 0.532396
-1.2665 0.15001 1.44805
2.16972 0.15001 2.11609
0.876581 0.15001 -0.194907
1.20442 0.15001 1.70855
1.20342 0.15001 0.754928
1.70122 0.15001 -1.40705
2.35583 0.15001 -0.450116
0.206704 0.15001 0.171273
1.86255 0.15001 -0.36265
-0.481751 0.15001 -0.436443
2.19181 0.15001 -0.733285
2.84999 0.15001 2.29291
2.51962 0.15001 -1.10732
2.84999 0.15001 -2.65444
1.55043 0.15001 -2.66718
2.19935 0.15001 -2.84999
0.57295 0.15001 -1.61119
1.83459 0.15001 -1.67522
1.66878 0.15001 2.32569
1.69571 0.15001 1.23364
1.85611 0.15001 1.52427
2.68469 0.15001 0.672813
2.51862 0.15001 0.955121
1.46987 0.15001 -1.79969
0.858155 0.15001 -1.42765
0.385049 0.15001 -0.690529
2.34241 0.15001 -1.78247
0.543379 0.15001 0.178279
0.707605 0.15001 1.2293
2.52056 0.15001 -0.355485
2.84999 0.15001 -0.168268
2.33442 0.15001 2.21547
2.84999 0.15001 0.0184786
1.20336 0.15001 1.13314
2.15029 0.15001 -2.46566
-0.335777 0.15001 -2.84999
2.52053 0.15001 -0.730228
1.6962 0.15001 0.855919
1.96709 0.15001 2.50885
2.84999 0.15001 -1.29662
2.02473 0.15001 0.860025
1.53249 0.15001 0.00746845
2.35601 0.15001 -0.637595
2.52054 0.15001 -0.542738
2.84999 0.15001 -2.84999
2.02799 0.15001 -1.20639
-2.15905 0.15001 0.436354
2.15341 0.15001 -2.66197
2.02613 0.15001 -0.0784352
1.53209 0.15001 0.947553
-0.465367 0.15001 -0.0412874
-1.4475 0.15001 0.73731
0.544513 0.15001 -0.0122732
1.53807 0.15001 -1.12697
2.68557 0.15001 -0.448629
1.0388 0.15001 1.03734
2.02833 0.15001 -1.01771
-0.469974 0.15001 0.764501
-1.49233 0.15001 -0.356211
1.36787 0.15001 1.03971
1.21266 0.15001 -0.946269
1.56952 0.15001 2.84999
1.36778 0.15001 0.851126
2.51733 0.15001 -2.65254
2.67528 0.15001 -2.36156
2.68531 0.15001 -0.823591
1.04334 0.15001 -0.475189
1.38328 0.15001 -1.43102
0.375379 0.15001 0.270922
1.53879 0.15001 -1.32106
1.56325 0.15001 2.15955
2.02468 0.15001 0.672082
2.68323 0.15001 1.62447
2.68082 0.15001 -1.78135
1.99462 0.15001 -1.97202
0.878204 0.15001 -0.384851
2.84999 0.15001 -0.355063
0.708144 0.15001 0.845631
2.35474 0.15001 0.299063
0.873796 0.15001 0.941663
-0.340313 0.15001 2.671
0.659371 0.15001 2.34258
2.35031 0.15001 1.62475
