1000 0.1
1.86192 0.15001 -0.000936717
-2.67714 0.15001 0.954908
-2.49823 0.15001 -2.29907
-2.32617 0.15001 -2.40494
-2.84513 0.15001 -0.525711
2.84999 0.15001 1.32954
1.467 0.15001 1.97594
-1.56144 0.15001 1.62022
-1.47873 0.15001 -0.71005
-0.680364 0.15001 0.0554554
-2.67144 0.15001 2.33509
0.557189 0.15001 2.84999
-0.280437 0.15001 1.44779
2.84999 0.15001 0.569238
-0.765554 0.15001 1.62089
-0.243676 0.15001 -1.96913
-0.350787 0.15001 -1.10329
0.16789 0.15001 -1.26094
-0.953792 0.15001 0.578895
-0.139939 0.15001 1.3199
-2.14341 0.15001 -1.91701
-2.84643 0.15001 -2.09014
-0.658005 0.15001 -0.746583
-1.7593 0.15001 -2.49968
-1.35818 0.15001 -2.14289
2.52077 0.15001 0.568855
-2.67567 0.15001 -1.80215
-0.447213 0.15001 -2.67433
-2.49895 0.15001 0.458723
-1.6648 0.15001 1.44416
-2.13878 0.15001 -0.983661
0.207777 0.15001 -0.412006
-1.92642 0.15001 -0.427857
-1.96511 0.15001 -1.46529
0.646511 0.15001 -2.84213
-2.33142 0.15001 -1.00491
0.550658 0.15001 -0.985586
-1.4649 0.15001 -1.25962
-1.16558 0.15001 0.916153
-2.84826 0.15001 0.0594149
-0.143448 0.15001 -2.49761
-1.67942 0.15001 -0.735247
-0.279728 0.15001 -0.923635
0.753489 0.15001 -2.31263
-0.0387001 0.15001 -1.6162
-0.750035 0.15001 -2.14437
0.254421 0.15001 2.67699
-0.239298 0.15001 2.84999
-1.20602 0.15001 -0.497194
-2.67397 0.15001 1.94265
-1.55275 0.15001 -1.79489
-2.49602 0.15001 -1.50673
-1.15143 0.15001 0.566056
-1.3705 0.15001 -1.07871
-1.02572 0.15001 2.84999
-1.83124 0.15001 2.15348
-2.67338 0.15001 1.74548
-2.84999 0.15001 2.42473
-2.32427 0.15001 1.35128
0.872937 0.15001 1.50692
-0.542086 0.15001 -1.11644
1.44048 0.15001 -2.49227
-1.3575 0.15001 -0.8769
-0.970638 0.15001 -0.82006
-0.56887 0.15001 0.930105
-1.30021 0.15001 0.196972
0.0448892 0.15001 -0.710673
-1.75614 0.15001 0.483028
-2.67425 0.15001 2.13901
-2.84999 0.15001 0.856219
-2.67297 0.15001 -2.59804
-2.84999 0.15001 -1.50065
-2.67939 0.15001 -0.0387894
1.03829 0.15001 0.835473
2.84999 0.15001 0.192939
-2.67487 0.15001 1.34949
-2.84999 0.15001 1.44838
-2.84999 0.15001 0.253232
-1.46532 0.15001 1.44134
-0.753378 0.15001 1.97399
-2.67606 0.15001 -2.19201
-2.16738 0.15001 -2.84999
-1.15814 0.15001 -1.06503
-2.50295 0.15001 -0.330182
-0.636723 0.15001 2.49602
-2.84999 0.15001 2.6158
-2.16111 0.15001 0.861397
-2.84999 0.15001 2.03768
-2.328 0.15001 2.13607
-0.649522 0.15001 2.14511
-0.138461 0.15001 -1.4428
-2.67675 0.15001 -0.816638
-2.49829 0.15001 -2.50237
-1.05821 0.15001 -1.25135
-2.50416 0.15001 0.0644832
-1.96875 0.15001 -0.0667036
-1.76348 0.15001 1.27539
-2.32824 0.15001 1.15134
0.355811 0.15001 2.84999
-2.31723 0.15001 1.74819
-1.25346 0.15001 -2.31924
-0.163727 0.15001 1.97401
-2.32515 0.15001 -1.6138
2.68062 0.15001 2.01012
1.53091 0.15001 1.31528
-0.964191 0.15001 1.61906
1.80835 0.15001 -1.87582
-0.548085 0.15001 -2.49918
1.69646 0.15001 -0.285331
2.35401 0.15001 -1.02895
2.35473 0.15001 -2.76242
0.0512658 0.15001 -0.903939
-1.58533 0.15001 -1.0919
-0.13702 0.15001 -0.226896
0.386846 0.15001 -1.08628
-2.67639 0.15001 -0.624172
-0.34578 0.15001 -2.49804
-2.67197 0.15001 -2.39366
-0.435479 0.15001 2.84999
-2.67765 0.15001 -0.233101
-1.65694 0.15001 -2.67472
2.18928 0.15001 1.13427
0.360128 0.15001 -1.96403
-1.72701 0.15001 -0.392269
-2.11687 0.15001 0.0732294
-0.143366 0.15001 2.66891
-1.65078 0.15001 -1.97865
0.543412 0.15001 -0.403743
-0.13687 0.15001 0.741935
0.707623 0.15001 0.642838
-2.31553 0.15001 -1.40424
-0.238581 0.15001 -1.26782
0.551869 0.15001 -1.18965
-2.31987 0.15001 -2.00867
-2.84999 0.15001 -2.66417
-0.651468 0.15001 -2.67571
0.727668 0.15001 -1.27471
-1.78214 0.15001 0.8817
-1.57103 0.15001 0.911488
-2.84999 0.15001 1.64585
-1.15319 0.15001 -1.78253
-0.64946 0.15001 -1.96799
-0.755358 0.15001 -1.44014
-2.67743 0.15001 -1.01022
-0.640695 0.15001 0.446958
1.36839 0.15001 0.273937
-1.56976 0.15001 1.26572
-1.25786 0.15001 1.79572
-2.84999 0.15001 2.23208
-1.80369 0.15001 0.296962
0.214111 0.15001 -0.801646
-2.3326 0.15001 -2.60499
0.0336355 0.15001 -0.126568
0.708718 0.15001 -0.115371
1.36771 0.15001 -0.480401
1.55814 0.15001 2.49859
-0.535338 0.15001 2.67268
-2.0008 0.15001 2.84999
-2.67857 0.15001 0.158033
-1.95774 0.15001 1.62486
-0.855382 0.15001 -1.61169
-2.84999 0.15001 -2.47722
-1.55491 0.15001 -2.84999
-1.96566 0.15001 -1.81368
-0.47308 0.15001 -0.634733
-0.797892 0.15001 -0.90225
-2.32914 0.15001 0.557974
-1.65641 0.15001 -2.32475
-0.833693 0.15001 0.408252
-2.84999 0.15001 2.84999
-0.847816 0.15001 -2.67656
1.36768 0.15001 -0.291637
-2.15231 0.15001 1.25795
-1.40416 0.15001 -0.523447
-2.69949 0.15001 2.72158
-2.10528 0.15001 1.83851
-2.12174 0.15001 -0.448375
-2.50827 0.15001 2.65374
-0.6698 0.15001 1.44686
-1.62405 0.15001 2.49796
-1.35141 0.15001 -2.84999
-0.140409 0.15001 -0.032341
-2.84999 0.15001 -0.718402
-1.27904 0.15001 -0.688131
0.217394 0.15001 -0.997401
0.711462 0.15001 -0.687303
-1.65928 0.15001 -1.62424
-2.32736 0.15001 1.94357
-2.67642 0.15001 0.760621
-1.80827 0.15001 2.84999
-1.35082 0.15001 0.543502
0.263733 0.15001 -1.44166
-2.84999 0.15001 -0.916068
-2.84999 0.15001 -0.134574
-1.45717 0.15001 -2.31781
0.200297 0.15001 1.12813
-2.66914 0.15001 2.52878
-2.15708 0.15001 0.658462
-2.32134 0.15001 2.328
0.210705 0.15001 1.91722
-0.750003 0.15001 -2.50302
-1.94248 0.15001 -0.958121
1.36448 0.15001 1.60181
1.53329 0.15001 0.370773
0.190478 0.15001 1.71958
-0.242671 0.15001 2.4954
-0.547142 0.15001 -1.44741
2.35458 0.15001 1.04109
1.3688 0.15001 0.650651
2.34508 0.15001 1.81634
1.69627 0.15001 -1.22886
-1.14855 0.15001 -2.84999
-1.16212 0.15001 -0.858483
-0.444759 0.15001 -1.61997
-1.051 0.15001 -2.32047
-0.442202 0.15001 -1.27878
-0.946075 0.15001 -2.84999
-1.74834 0.15001 -0.919507
-2.67628 0.15001 -1.99552
-2.67329 0.15001 1.54844
-2.84999 0.15001 -1.70239
-2.49806 0.15001 -1.90408
2.18702 0.15001 1.32607
-0.460427 0.15001 1.79813
-2.49919 0.15001 1.84503
-1.96458 0.15001 -2.49735
-2.50285 0.15001 0.659555
-1.51765 0.15001 2.67335
0.462964 0.15001 2.33643
-0.369043 0.15001 1.62334
-1.86111 0.15001 -2.67401
-2.67647 0.15001 1.14885
-1.25727 0.15001 -1.25454
0.0312937 0.15001 1.22628
0.875351 0.15001 -0.586862
-2.00883 0.15001 -0.607745
-0.845461 0.15001 2.14516
-2.08906 0.15001 -0.785337
-1.76068 0.15001 1.62584
-2.84999 0.15001 0.455455
-0.852532 0.15001 -1.96493
0.836995 0.15001 -2.84999
-2.67728 0.15001 -0.42685
0.53656 0.15001 1.50987
1.20389 0.15001 0.554034
-1.00941 0.15001 -0.469792
2.02117 0.15001 1.4205
2.35635 0.15001 0.473733
-2.15742 0.15001 0.264188
-1.61272 0.15001 2.84999
-2.50062 0.15001 -2.70347
-0.609161 0.15001 -0.941206
-1.04441 0.15001 -2.67584
1.54813 0.15001 -2.3177
0.46238 0.15001 -1.78879
-0.334593 0.15001 1.24586
-1.33484 0.15001 2.31603
-2.33064 0.15001 0.957763
-0.304102 0.15001 0.843975
-2.56933 0.15001 2.84999
-1.57025 0.15001 -0.0157593
0.0362222 0.15001 -0.319921
-1.98897 0.15001 0.760723
-0.307543 0.15001 -0.329066
-2.49767 0.15001 2.24057
-2.33438 0.15001 -0.0341307
-2.02015 0.15001 2.16631
-1.91726 0.15001 2.66845
-1.71645 0.15001 2.67363
0.0533409 0.15001 2.67709
1.03393 0.15001 -2.84999
2.35299 0.15001 1.23191
-2.16374 0.15001 -2.50981
0.863332 0.15001 -1.78465
1.20338 0.15001 -0.200726
-2.33107 0.15001 0.762042
0.871488 0.15001 1.12092
-1.43934 0.15001 2.14484
-0.0435249 0.15001 2.84999
-0.479111 0.15001 1.10039
-0.547414 0.15001 -2.84999
-1.45299 0.15001 -2.67415
-1.86668 0.15001 -1.63704
1.36319 0.15001 2.49909
-2.49779 0.15001 -0.721023
-1.91954 0.15001 0.140595
0.709933 0.15001 -0.495521
-1.88225 0.15001 -1.28759
-2.07996 0.15001 1.45214
1.84045 0.15001 1.91269
-2.64373 0.15001 -2.84999
0.363598 0.15001 -1.61461
-1.07147 0.15001 1.09081
1.15743 0.15001 -1.95887
0.25792 0.15001 -2.50119
-0.133207 0.15001 -0.422293
-1.17626 0.15001 0.0359072
-2.15428 0.15001 1.05807
-1.4251 0.15001 2.49543
-1.67017 0.15001 1.09255
-0.74906 0.15001 -2.84999
2.67884 0.15001 2.20921
-2.49346 0.15001 -2.0999
2.68518 0.15001 0.853038
-2.04029 0.15001 -0.267098
-0.0568528 0.15001 2.14665
1.86129 0.15001 -0.189001
0.355214 0.15001 2.50489
2.68336 0.15001 1.42588
1.69752 0.15001 0.0910236
0.760335 0.15001 2.84999
-0.849891 0.15001 -2.32238
-0.240869 0.15001 -1.6194
-2.15185 0.15001 -1.5184
-2.84999 0.15001 -2.84999
-1.24788 0.15001 -0.146574
1.86078 0.15001 -1.31585
-1.10388 0.15001 0.216718
-1.86229 0.15001 1.44942
-1.63746 0.15001 0.723572
-0.947057 0.15001 -2.50287
-0.737864 0.15001 -1.09433
2.1898 0.15001 -0.561209
-2.32791 0.15001 0.361336
-0.654041 0.15001 -0.339487
-1.36208 0.15001 1.61878
-1.06738 0.15001 1.44257
-1.65905 0.15001 1.79752
0.383406 0.15001 -0.891756
-0.868261 0.15001 1.44434
-2.31988 0.15001 -0.445111
0.0506432 0.15001 -1.09557
1.20894 0.15001 -1.15215
1.52241 0.15001 1.70427
-2.15756 0.15001 2.03761
-1.86951 0.15001 1.80303
1.13887 0.15001 -2.66937
-2.49851 0.15001 1.45022
-0.0418631 0.15001 -1.96791
-0.969557 0.15001 0.924447
-2.8457 0.15001 -1.10865
-0.244201 0.15001 -2.67377
1.53216 0.15001 -0.949663
1.855 0.15001 2.33232
2.02753 0.15001 0.471154
2.00318 0.15001 2.01287
1.69795 0.15001 0.279146
0.204499 0.15001 0.354679
-0.969532 0.15001 1.26875
0.883063 0.15001 1.90535
-2.50412 0.15001 -1.70794
2.19121 0.15001 0.00200498
0.058509 0.15001 -2.1435
-0.0391279 0.15001 -1.26789
-1.05441 0.15001 -1.95812
2.04106 0.15001 2.67908
-1.63355 0.15001 2.14825
0.962812 0.15001 2.84999
-0.732941 0.15001 2.67239
2.02407 0.15001 1.2276
1.24318 0.15001 -2.4909
-1.79786 0.15001 -1.10956
1.2038 0.15001 -0.578698
1.20195 0.15001 1.50449
-1.77189 0.15001 -0.0414749
-1.25104 0.15001 -1.95829
0.0355349 0.15001 0.836837
-2.50115 0.15001 1.25152
2.84999 0.15001 2.50398
0.246144 0.15001 2.33939
1.05379 0.15001 -2.13423
2.19071 0.15001 -0.185903
-0.143219 0.15001 -2.84999
-0.34509 0.15001 -2.1455
-1.55519 0.15001 -2.49888
-2.49755 0.15001 0.262411
0.762548 0.15001 2.50468
-2.84999 0.15001 1.25001
-0.632556 0.15001 2.84999
0.0341258 0.15001 0.451188
-0.042321 0.15001 -2.32087
0.210886 0.15001 -0.605929
1.62031 0.15001 -2.84999
-1.45791 0.15001 1.79558
-0.938332 0.15001 2.31626
-2.02216 0.15001 2.49704
-1.9788 0.15001 0.553933
-1.15577 0.15001 -1.42867
-1.26803 0.15001 1.08391
-2.84999 0.15001 1.84228
-2.21236 0.15001 -0.623801
0.368909 0.15001 -1.27623
-1.03086 0.15001 0.397779
0.204433 0.15001 -0.0279327
1.06468 0.15001 -1.78112
2.19193 0.15001 0.378398
-1.98104 0.15001 0.955675
1.039 0.15001 0.0793727
-1.41682 0.15001 2.84999
2.02587 0.15001 1.03712
0.159441 0.15001 -1.96599
2.43922 0.15001 2.68111
0.373905 0.15001 0.641538
0.764221 0.15001 2.17129
1.53356 0.15001 0.558953
0.385409 0.15001 1.99838
-1.03208 0.15001 2.49364
-1.07955 0.15001 -0.656663
-0.252091 0.15001 2.14798
1.84905 0.15001 1.7132
1.62065 0.15001 -1.93976
-1.76423 0.15001 -1.45383
-2.49198 0.15001 -1.30773
-1.80971 0.15001 -0.582811
-1.24942 0.15001 -2.67376
-1.75668 0.15001 -1.80534
2.18961 0.15001 -1.12413
0.0640147 0.15001 -1.43885
-0.0621235 0.15001 1.79411
-0.0488787 0.15001 2.49454
-2.5001 0.15001 -0.526874
-1.7587 0.15001 -2.84999
0.0580742 0.15001 -2.49776
-0.481557 0.15001 -0.23554
-0.147867 0.15001 -1.08031
0.960922 0.15001 2.15767
0.560117 0.15001 2.50702
-1.42353 0.15001 0.360358
-1.84632 0.15001 -0.231453
0.541816 0.15001 0.356479
-2.11494 0.15001 -1.32062
-1.75086 0.15001 -2.15166
0.455346 0.15001 -2.84999
0.258794 0.15001 -2.14181
-2.84999 0.15001 -2.28119
2.19026 0.15001 -0.373641
2.84999 0.15001 -1.88388
0.847727 0.15001 -2.49031
-1.24422 0.15001 2.14298
0.883712 0.15001 -1.16451
-1.95822 0.15001 -2.15273
1.20383 0.15001 0.365426
1.82373 0.15001 2.11855
2.35552 0.15001 0.851503
0.873807 0.15001 0.549629
0.544475 0.15001 1.89696
2.64491 0.15001 2.66557
0.365233 0.15001 1.61071
1.26072 0.15001 1.97631
0.196029 0.15001 1.32223
1.79752 0.15001 -2.28141
2.52084 0.15001 0.192061
2.0248 0.15001 -0.844026
1.86071 0.15001 -1.12807
-1.64918 0.15001 -0.203071
-0.765187 0.15001 0.929583
-1.22881 0.15001 2.49448
2.68196 0.15001 1.81559
1.03936 0.15001 1.60177
-0.436664 0.15001 2.49628
1.35453 0.15001 -1.96759
-1.32526 0.15001 -0.335192
0.0599495 0.15001 -1.79124
-0.446724 0.15001 -2.3221
-1.14958 0.15001 -2.49784
-1.55941 0.15001 -1.44084
-0.829414 0.15001 2.84999
-1.82644 0.15001 2.49885
-0.473098 0.15001 1.44807
0.203706 0.15001 0.932232
1.53186 0.15001 -0.760077
-0.126822 0.15001 -0.618399
-1.8619 0.15001 -2.32553
-0.343081 0.15001 2.32177
2.35084 0.15001 1.4246
-0.117747 0.15001 -0.818252
0.374064 0.15001 0.451302
-1.52949 0.15001 2.31838
2.14138 0.15001 2.84999
1.16219 0.15001 2.84999
0.960201 0.15001 -1.95711
0.0331086 0.15001 0.258281
-0.54859 0.15001 -1.79299
-1.44909 0.15001 -0.176444
-1.4519 0.15001 -1.96801
-1.60498 0.15001 -0.550576
-1.54978 0.15001 0.526578
-1.75282 0.15001 1.97148
-2.19187 0.15001 2.84999
-1.12575 0.15001 2.67163
0.709049 0.15001 -0.305091
-0.946261 0.15001 -1.05391
0.539226 0.15001 0.929311
-0.307651 0.15001 0.650672
1.04656 0.15001 -1.44382
-0.92971 0.15001 2.67179
-0.9603 0.15001 -1.43042
-1.98309 0.15001 0.354487
-2.48106 0.15001 2.45115
-1.05757 0.15001 1.79518
1.86284 0.15001 0.375301
0.877236 0.15001 1.70187
0.0235229 0.15001 1.61709
2.68135 0.15001 2.40796
2.50704 0.15001 2.31121
2.5008 0.15001 -2.27015
-1.1631 0.15001 1.61895
-1.46861 0.15001 1.08564
1.53299 0.15001 0.182559
-0.742674 0.15001 2.31684
-0.648773 0.15001 -2.32296
-2.06476 0.15001 -2.67848
-0.29156 0.15001 -0.72334
-2.02141 0.15001 -1.1447
-2.36745 0.15001 -2.84999
-0.547569 0.15001 -2.14555
-1.96193 0.15001 -2.84999
-2.49891 0.15001 2.0439
2.19076 0.15001 0.944495
0.708595 0.15001 0.263437
1.36947 0.15001 -1.05039
2.18954 0.15001 -0.936288
-1.67397 0.15001 -1.27233
1.34806 0.15001 -2.315
2.52086 0.15001 0.380294
-0.660311 0.15001 1.79771
-2.49613 0.15001 -1.11257
-1.86426 0.15001 1.10972
-0.65596 0.15001 0.252321
-0.75942 0.15001 0.594529
-2.16175 0.15001 -0.118829
-2.67466 0.15001 0.35773
-0.244341 0.15001 -2.32156
2.49962 0.15001 -2.46438
-2.31787 0.15001 -0.243794
-0.75321 0.15001 -1.79007
-2.28443 0.15001 -1.20142
0.874137 0.15001 -0.0179777
2.35617 0.15001 0.662423
1.03909 0.15001 0.457238
-0.141565 0.15001 -1.79287
1.36692 0.15001 1.21775
2.34187 0.15001 2.01441
1.69823 0.15001 0.467247
1.66617 0.15001 1.99822
0.194305 0.15001 1.51874
0.708667 0.15001 0.0740479
2.33221 0.15001 2.42484
0.712189 0.15001 1.79867
-0.138559 0.15001 0.550128
-0.651046 0.15001 -1.61726
2.51602 0.15001 1.52287
1.94269 0.15001 2.84999
0.763638 0.15001 -1.61145
1.86017 0.15001 -0.752768
1.21023 0.15001 -1.54842
2.84999 0.15001 2.10928
1.20347 0.15001 -0.389585
2.16501 0.15001 2.31233
0.0345267 0.15001 1.033
0.0585157 0.15001 -2.84999
0.357412 0.15001 -2.31954
0.261372 0.15001 -1.78941
-0.344416 0.15001 -1.79433
1.14938 0.15001 -2.31259
2.68376 0.15001 -1.40585
-1.34868 0.15001 -1.78503
-1.22131 0.15001 2.84999
1.69721 0.15001 1.03252
-2.32005 0.15001 1.54684
1.63707 0.15001 -2.49316
1.81259 0.15001 -2.84999
1.03895 0.15001 -0.109539
-2.67223 0.15001 -1.40323
-0.981805 0.15001 0.064569
1.53186 0.15001 -0.571146
-2.84999 0.15001 -1.30041
-0.454185 0.15001 -0.830018
1.37166 0.15001 -1.24366
-1.35208 0.15001 -1.43253
0.355362 0.15001 -2.67518
1.04501 0.15001 -1.06077
0.542469 0.15001 -0.213078
1.03692 0.15001 1.21647
2.02486 0.15001 -0.656569
0.874074 0.15001 0.360352
-1.61563 0.15001 0.335756
-2.675 0.15001 -1.60613
-2.12283 0.15001 2.32611
-1.81967 0.15001 0.669861
1.25016 0.15001 -2.1378
-0.847842 0.15001 -0.651873
-0.310844 0.15001 0.0621645
-1.05719 0.15001 -1.60624
0.548353 0.15001 -2.67425
-1.12277 0.15001 -0.306322
-1.06047 0.15001 0.749268
-1.35099 0.15001 1.9725
2.5204 0.15001 0.757826
2.19195 0.15001 0.56685
0.864288 0.15001 2.67641
0.158552 0.15001 -2.32078
-2.11127 0.15001 2.66608
-1.32136 0.15001 2.67256
-2.32476 0.15001 0.164109
2.84999 0.15001 -1.12158
-1.35293 0.15001 -2.49649
1.84788 0.15001 2.67775
-1.55252 0.15001 -0.896546
-2.2146 0.15001 2.49659
-0.855354 0.15001 -1.2565
-2.1508 0.15001 -2.11329
-1.88837 0.15001 -0.764042
-0.543141 0.15001 2.32113
-1.95847 0.15001 1.98313
-2.5059 0.15001 -0.913208
1.36558 0.15001 1.40921
1.86287 0.15001 0.751745
2.51918 0.15001 -0.933754
1.04167 0.15001 -0.868714
0.659908 0.15001 -1.45054
-2.32177 0.15001 -2.20524
2.35156 0.15001 -1.4081
-0.671019 0.15001 1.09963
-2.30759 0.15001 -0.803295
-2.30901 0.15001 2.66769
-2.50373 0.15001 0.859956
0.370714 0.15001 1.02706
0.708145 0.15001 0.45301
-0.134457 0.15001 1.13043
0.377335 0.15001 -0.503773
-1.45474 0.15001 -1.61288
1.20331 0.15001 0.931568
-0.95789 0.15001 -1.7843
-0.142949 0.15001 -2.14481
2.02527 0.15001 -0.468978
-2.14098 0.15001 -1.71565
0.705956 0.15001 1.41167
0.536969 0.15001 1.31621
1.86087 0.15001 1.12977
0.709469 0.15001 1.99178
-0.479994 0.15001 0.560748
1.52908 0.15001 1.50782
0.0237325 0.15001 1.4208
0.537836 0.15001 1.12242
-1.85765 0.15001 -1.98088
1.0391 0.15001 0.268322
2.1839 0.15001 1.52021
1.26463 0.15001 2.32427
1.46161 0.15001 2.32567
1.86026 0.15001 -1.50199
2.35357 0.15001 -1.21769
0.259417 0.15001 -2.84999
1.16503 0.15001 2.15454
1.69592 0.15001 -0.661974
-1.49621 0.15001 0.17588
-0.44644 0.15001 -1.9693
1.0623 0.15001 1.99036
-1.16947 0.15001 1.26483
0.155254 0.15001 2.84999
-0.648824 0.15001 -1.27427
1.64411 0.15001 -1.73151
0.162049 0.15001 -1.61522
0.715492 0.15001 -1.07821
1.69586 0.15001 -0.850462
1.94036 0.15001 -2.65766
-0.650064 0.15001 -0.546807
-1.25342 0.15001 0.739854
-1.54843 0.15001 1.97298
-0.834715 0.15001 2.49434
2.15692 0.15001 -2.08092
0.657611 0.15001 -2.13655
0.951453 0.15001 -2.31157
1.21325 0.15001 -1.34872
-2.09293 0.15001 -2.31578
1.36851 0.15001 -0.85917
-1.36884 0.15001 1.26237
-1.37037 0.15001 0.0112768
1.20365 0.15001 0.176748
-2.50563 0.15001 -0.136032
0.458289 0.15001 -2.13909
0.540013 0.15001 0.737026
0.547658 0.15001 -0.789205
-0.913406 0.15001 -0.27027
0.545159 0.15001 -0.595606
1.53215 0.15001 -0.194044
0.35095 0.15001 2.18133
0.374325 0.15001 -0.120705
-0.949121 0.15001 1.9733
-2.50326 0.15001 1.05279
1.73677 0.15001 -2.66804
0.55532 0.15001 -2.31539
2.84999 0.15001 -2.46136
0.375378 0.15001 -0.311693
1.36789 0.15001 -0.669412
0.468085 0.15001 -1.44315
2.68576 0.15001 0.286686
2.01663 0.15001 1.61632
-0.858876 0.15001 1.79607
2.33941 0.15001 2.84999
1.03886 0.15001 0.646241
2.52048 0.15001 -0.183639
-0.474869 0.15001 0.353584
2.51537 0.15001 2.50634
-0.664289 0.15001 0.762515
-1.04985 0.15001 -0.118661
1.86039 0.15001 -0.940447
2.24258 0.15001 2.67362
0.539302 0.15001 1.70318
-0.311081 0.15001 -0.130711
-1.25147 0.15001 -1.60699
-2.675 0.15001 -1.20504
1.36781 0.15001 -0.103047
1.4464 0.15001 -2.14124
1.04861 0.15001 -1.25356
1.85898 0.15001 1.32099
-2.38177 0.15001 2.84999
2.50925 0.15001 2.11226
1.03694 0.15001 1.40954
2.35533 0.15001 -0.278568
-2.84999 0.15001 -1.89853
1.98368 0.15001 -2.17611
2.17523 0.15001 -1.69819
2.16112 0.15001 -1.88993
-0.481334 0.15001 0.157051
0.660478 0.15001 2.6777
2.14542 0.15001 2.50534
-2.31939 0.15001 -1.81459
2.17503 0.15001 1.91453
0.874185 0.15001 0.171168
0.205459 0.15001 -0.219483
1.20452 0.15001 -0.768477
-0.139393 0.15001 0.159964
1.98166 0.15001 -2.37026
0.560891 0.15001 -1.96187
-0.261088 0.15001 1.79564
-1.14982 0.15001 1.97005
-0.850752 0.15001 0.210462
2.68569 0.15001 0.474954
1.06527 0.15001 2.32766
2.84999 0.15001 -1.50031
1.04526 0.15001 1.79945
-1.92761 0.15001 2.33224
1.69401 0.15001 1.4144
2.51802 0.15001 1.32896
2.84999 0.15001 1.13851
2.84999 0.15001 1.52321
2.68425 0.15001 1.23391
0.368644 0.15001 1.22147
0.0290433 0.15001 1.97041
2.68577 0.15001 -2.74848
2.84999 0.15001 -2.07659
1.38348 0.15001 -1.63684
2.68567 0.15001 -0.0889772
0.206013 0.15001 0.546579
2.35421 0.15001 -0.841015
2.02363 0.15001 -1.40912
2.84999 0.15001 1.91222
-0.149643 0.15001 2.3212
2.84999 0.15001 0.947803
2.84999 0.15001 -1.69172
-1.15445 0.15001 -2.13966
2.3297 0.15001 -1.9846
1.36812 0.15001 0.0854806
2.67673 0.15001 -2.17272
2.35572 0.15001 -0.0908303
1.53365 0.15001 0.747141
2.68434 0.15001 -1.21688
-1.95906 0.15001 1.28055
-0.84369 0.15001 -0.0774671
1.63948 0.15001 -2.14436
2.18417 0.15001 -1.50534
-0.0416057 0.15001 -2.67384
0.856333 0.15001 -2.13462
-2.84999 0.15001 -0.332748
1.83114 0.15001 -2.49047
0.86606 0.15001 2.3357
-0.767797 0.15001 1.27214
-1.23058 0.15001 0.3819
1.74881 0.15001 2.84999
0.663819 0.15001 -1.78656
1.81552 0.15001 -2.07217
1.99279 0.15001 -1.79139
1.42567 0.15001 -2.84999
0.959742 0.15001 -1.61317
-1.0414 0.15001 2.14507
1.03902 0.15001 -0.298505
1.6984 0.15001 0.655381
2.84999 0.15001 2.69703
2.73578 0.15001 2.84999
1.26359 0.15001 -1.78938
2.84999 0.15001 -2.26943
0.650412 0.15001 -2.49243
-0.302954 0.15001 -0.52644
0.71351 0.15001 -0.88119
0.760977 0.15001 -1.95968
1.36295 0.15001 2.14682
0.876732 0.15001 -0.778352
0.70833 0.15001 1.60431
-1.72861 0.15001 2.32619
0.154031 0.15001 2.13233
-0.13307 0.15001 0.93592
0.540839 0.15001 0.546899
2.5133 0.15001 1.91348
2.84999 0.15001 -0.744987
-2.49484 0.15001 1.64825
2.51527 0.15001 1.71878
1.67969 0.15001 1.80712
2.01088 0.15001 1.81435
0.372796 0.15001 0.832781
-0.656937 0.15001 -0.14206
-0.817805 0.15001 -0.447192
-0.339995 0.15001 -1.44694
0.0400522 0.15001 -0.514295
-0.870288 0.15001 1.09813
1.8625 0.15001 0.187172
-1.69545 0.15001 0.141649
0.556575 0.15001 2.1287
1.06585 0.15001 2.67631
1.20167 0.15001 1.31297
-2.84999 0.15001 0.656516
2.15629 0.15001 -2.27251
0.148897 0.15001 2.50629
-0.307769 0.15001 0.255453
1.36862 0.15001 0.462322
-1.36333 0.15001 0.908038
2.02732 0.15001 0.282903
2.84999 0.15001 1.71838
0.373971 0.15001 0.0697451
-0.356539 0.15001 1.97454
1.04546 0.15001 -2.48986
2.3267 0.15001 -2.37155
2.6824 0.15001 -1.59578
1.22986 0.15001 -2.84999
2.32407 0.15001 -2.56931
1.35781 0.15001 2.84999
1.86211 0.15001 0.940333
2.51937 0.15001 1.13793
2.17987 0.15001 1.71651
2.84999 0.15001 0.758145
1.33709 0.15001 -2.66966
2.32771 0.15001 -2.1759
0.205855 0.15001 0.738
1.6961 0.15001 -1.03924
0.456397 0.15001 2.67708
-1.13717 0.15001 2.31828
0.9669 0.15001 2.50436
2.5397 0.15001 2.84999
2.34715 0.15001 -1.59987
2.68575 0.15001 0.0987394
1.20348 0.15001 -0.0119858
-0.137918 0.15001 0.355564
-0.565377 0.15001 1.27496
1.86301 0.15001 0.56346
0.050792 0.15001 2.31697
0.87316 0.15001 0.739264
0.370157 0.15001 1.80384
2.50339 0.15001 -2.07729
1.16571 0.15001 2.50015
-2.14976 0.15001 1.64363
0.705527 0.15001 1.02512
2.50726 0.15001 -1.88572
1.53194 0.15001 -0.382515
2.68553 0.15001 -0.276478
2.84999 0.15001 -0.557263
2.02572 0.15001 -0.281216
2.18853 0.15001 -1.31331
-0.567081 0.15001 1.6232
1.26263 0.15001 2.67475
2.52067 0.15001 0.00410173
2.67825 0.15001 -2.55761
0.878865 0.15001 -0.971393
2.68506 0.15001 -0.651466
2.52811 0.15001 -2.84999
2.02688 0.15001 0.094732
1.68926 0.15001 1.60994
2.19167 0.15001 0.190108
2.00092 0.15001 2.20741
1.36255 0.15001 1.80944
2.35605 0.15001 0.0971271
0.160974 0.15001 -2.67519
1.04017 0.15001 -0.677717
2.51256 0.15001 -1.69343
0.0329305 0.15001 0.0657582
1.69694 0.15001 -0.0971296
1.69616 0.15001 -0.473606
1.86043 0.15001 -0.564942
-0.170956 0.15001 1.61459
-0.301368 0.15001 1.03761
2.84999 0.15001 0.38088
2.01458 0.15001 -1.60175
2.51678 0.15001 -1.5015
-0.863752 0.15001 0.758552
2.68459 0.15001 -1.02743
0.452902 0.15001 -2.4999
2.84999 0.15001 -0.933006
-0.309337 0.15001 0.457307
1.53218 0.15001 1.12477
-0.554525 0.15001 1.97188
2.1916 0.15001 0.755566
2.68484 0.15001 1.04354
-2.84999 0.15001 1.05134
0.871441 0.15001 1.31428
1.65476 0.15001 2.67482
1.75268 0.15001 2.50551
0.366164 0.15001 1.41585
2.00237 0.15001 -2.84999
1.45926 0.15001 2.67306
2.67766 0.15001 -1.98052
-0.446827 0.15001 2.14823
2.51868 0.15001 -1.31175
0.941314 0.15001 -2.66934
0.744113 0.15001 -2.67206
1.55083 0.15001 -1.54122
0.0349107 0.15001 0.643622
-0.952471 0.15001 -2.14157
-2.67545 0.15001 0.558203
-1.26634 0.15001 1.44109
2.17176 0.15001 2.11227
0.874197 0.15001 -0.207164
1.20483 0.15001 1.69939
1.20377 0.15001 0.742673
1.69775 0.15001 -1.41973
2.35492 0.15001 -0.466136
0.204105 0.15001 0.163268
1.86081 0.15001 -0.377005
-0.479538 0.15001 -0.435279
2.18945 0.15001 -0.748667
2.84999 0.15001 2.30628
2.51894 0.15001 -1.12217
2.84999 0.15001 -2.65456
1.53623 0.15001 -2.66951
2.19076 0.15001 -2.84999
0.563659 0.15001 -1.61639
1.83163 0.15001 -1.68539
1.66042 0.15001 2.32435
1.69597 0.15001 1.22244
1.85529 0.15001 1.51529
2.68549 0.15001 0.663671
2.51986 0.15001 0.947381
1.4678 0.15001 -1.81114
0.851907 0.15001 -1.43147
0.379993 0.15001 -0.697193
2.33976 0.15001 -1.79239
0.542012 0.15001 0.166619
0.704895 0.15001 1.21787
2.52019 0.15001 -0.371182
2.84999 0.15001 -0.182229
2.33742 0.15001 2.2163
2.84999 0.15001 0.005281
1.20251 0.15001 1.12138
2.15124 0.15001 -2.46911
-0.345301 0.15001 -2.84999
2.51941 0.15001 -0.746076
1.69809 0.15001 0.843689
1.94854 0.15001 2.50652
2.84999 0.15001 -1.311
2.02701 0.15001 0.848112
1.53255 0.15001 -0.00570317
2.35444 0.15001 -0.653566
2.51977 0.15001 -0.558655
2.84999 0.15001 -2.84999
2.02534 0.15001 -1.21944
-2.15753 0.15001 0.459303
2.13967 0.15001 -2.66314
2.02625 0.15001 -0.0933101
1.53317 0.15001 0.935594
-0.485185 0.15001 -0.0362642
-1.44615 0.15001 0.721546
0.542126 0.15001 -0.0231133
1.53278 0.15001 -1.14051
2.68535 0.15001 -0.463927
1.03759 0.15001 1.02533
2.02533 0.15001 -1.03158
-0.47325 0.15001 0.757782
-1.52639 0.15001 -0.363179
1.36796 0.15001 1.02786
1.20618 0.15001 -0.959623
1.55343 0.15001 2.84999
1.36866 0.15001 0.839024
2.51324 0.15001 -2.6563
2.67457 0.15001 -2.36511
2.68482 0.15001 -0.839163
1.03941 0.15001 -0.487807
1.37871 0.15001 -1.44409
0.373869 0.15001 0.260174
1.5343 0.15001 -1.33453
1.55887 0.15001 2.15535
2.02746 0.15001 0.659507
2.68255 0.15001 1.62193
2.68001 0.15001 -1.78824
1.98805 0.15001 -1.98282
0.874558 0.15001 -0.39665
2.84999 0.15001 -0.369668
0.706519 0.15001 0.8334
2.35631 0.15001 0.285302
0.872207 0.15001 0.929527
-0.337507 0.15001 2.66929
0.659275 0.15001 2.33305
2.34838 0.15001 1.6197
