1000 0.1
1.85563 0.15001 -0.0540931
-2.67848 0.15001 0.854482
-2.49923 0.15001 -2.32729
-2.32939 0.15001 -2.43283
-2.84999 0.15001 -0.599736
2.84999 0.15001 1.28169
1.46493 0.15001 1.92781
-1.55673 0.15001 1.5797
-1.45269 0.15001 -0.775211
-0.747809 0.15001 0.0075762
-2.65029 0.15001 2.24899
0.580008 0.15001 2.84999
-0.270568 0.15001 1.40976
2.84999 0.15001 0.517232
-0.74487 0.15001 1.59936
-0.241128 0.15001 -1.99581
-0.31944 0.15001 -1.15237
0.160598 0.15001 -1.22801
-0.921485 0.15001 0.526128
-0.11738 0.15001 1.29831
-2.13508 0.15001 -1.95685
-2.84136 0.15001 -2.11596
-0.748587 0.15001 -0.856931
-1.7629 0.15001 -2.50501
-1.3524 0.15001 -2.15632
2.52047 0.15001 0.515615
-2.6722 0.15001 -1.83823
-0.466255 0.15001 -2.67421
-2.49601 0.15001 0.360528
-1.66751 0.15001 1.38649
-2.13513 0.15001 -1.02064
0.192578 0.15001 -0.444474
-1.88386 0.15001 -0.484276
-1.9763 0.15001 -1.51362
0.629708 0.15001 -2.84855
-2.32675 0.15001 -1.03641
0.521501 0.15001 -1.01635
-1.49527 0.15001 -1.30481
-1.13961 0.15001 0.876604
-2.84999 0.15001 -0.0218711
-0.161889 0.15001 -2.50742
-1.64914 0.15001 -0.794772
-0.427647 0.15001 -0.993212
0.740278 0.15001 -2.32934
-0.0199893 0.15001 -1.64545
-0.753538 0.15001 -2.14368
0.270248 0.15001 2.66744
-0.23502 0.15001 2.84999
-1.18358 0.15001 -0.568937
-2.67613 0.15001 1.84534
-1.55399 0.15001 -1.82692
-2.49352 0.15001 -1.55176
-1.1188 0.15001 0.516591
-1.41315 0.15001 -1.1241
-1.03959 0.15001 2.84999
-1.85591 0.15001 2.11618
-2.67682 0.15001 1.64917
-2.84999 0.15001 2.32661
-2.33505 0.15001 1.25287
0.895441 0.15001 1.47009
-0.516426 0.15001 -1.16539
1.42118 0.15001 -2.50442
-1.33472 0.15001 -0.939578
-0.947681 0.15001 -0.883623
-0.550244 0.15001 0.900561
-1.26926 0.15001 0.138588
0.0203824 0.15001 -0.734362
-1.72329 0.15001 0.459498
-2.67117 0.15001 2.04094
-2.84999 0.15001 0.757162
-2.67103 0.15001 -2.61047
-2.84999 0.15001 -1.54624
-2.67459 0.15001 -0.12143
1.04454 0.15001 0.788878
2.84999 0.15001 0.142277
-2.67765 0.15001 1.25178
-2.84999 0.15001 1.34888
-2.84999 0.15001 0.17371
-1.46219 0.15001 1.39799
-0.742665 0.15001 1.97025
-2.67187 0.15001 -2.22148
-2.16595 0.15001 -2.84999
-1.2147 0.15001 -1.11031
-2.50178 0.15001 -0.416742
-0.638222 0.15001 2.49729
-2.84999 0.15001 2.52171
-2.14393 0.15001 0.788201
-2.84999 0.15001 1.93683
-2.2686 0.15001 2.10872
-0.644178 0.15001 2.14396
-0.117182 0.15001 -1.48173
-2.67845 0.15001 -0.88285
-2.499 0.15001 -2.52575
-1.09771 0.15001 -1.28035
-2.49741 0.15001 -0.0317068
-1.96248 0.15001 -0.140864
-1.76096 0.15001 1.20703
-2.31732 0.15001 1.05959
0.373769 0.15001 2.84999
-2.33015 0.15001 1.6495
-1.25655 0.15001 -2.32871
-0.139692 0.15001 1.97116
-2.32545 0.15001 -1.65501
2.67942 0.15001 1.96882
1.5428 0.15001 1.25588
-0.946658 0.15001 1.59084
1.80436 0.15001 -1.91569
-0.564023 0.15001 -2.4989
1.68784 0.15001 -0.337122
2.3465 0.15001 -1.07048
2.35466 0.15001 -2.78363
0.00895813 0.15001 -0.92695
-1.61504 0.15001 -1.13858
-0.150037 0.15001 -0.25466
0.349632 0.15001 -1.11134
-2.68142 0.15001 -0.694654
-0.362949 0.15001 -2.50238
-2.67055 0.15001 -2.41845
-0.435516 0.15001 2.84999
-2.6784 0.15001 -0.314386
-1.65722 0.15001 -2.67582
2.19311 0.15001 1.08032
0.354858 0.15001 -1.98401
-1.69107 0.15001 -0.447587
-2.1387 0.15001 -0.0376382
-0.137856 0.15001 2.66589
-1.63829 0.15001 -2.01459
0.52904 0.15001 -0.441467
-0.118937 0.15001 0.713248
0.713156 0.15001 0.602823
-2.30985 0.15001 -1.43437
-0.216497 0.15001 -1.31489
0.516556 0.15001 -1.21213
-2.3183 0.15001 -2.04294
-2.84999 0.15001 -2.66843
-0.666722 0.15001 -2.67566
0.686053 0.15001 -1.29876
-1.74011 0.15001 0.851779
-1.54016 0.15001 0.848091
-2.84999 0.15001 1.5465
-1.15115 0.15001 -1.80091
-0.652069 0.15001 -1.97149
-0.783307 0.15001 -1.4211
-2.68243 0.15001 -1.07273
-0.631408 0.15001 0.380464
1.36394 0.15001 0.221009
-1.56236 0.15001 1.21617
-1.24923 0.15001 1.76143
-2.84999 0.15001 2.13201
-1.78333 0.15001 0.253621
0.18585 0.15001 -0.832848
-2.33331 0.15001 -2.63305
0.0231975 0.15001 -0.15802
0.699473 0.15001 -0.156493
1.35508 0.15001 -0.529799
1.61325 0.15001 2.49425
-0.536851 0.15001 2.67516
-2.03221 0.15001 2.84999
-2.6708 0.15001 0.0735041
-1.95813 0.15001 1.56201
-0.864166 0.15001 -1.60838
-2.84999 0.15001 -2.48556
-1.55663 0.15001 -2.84999
-1.96696 0.15001 -1.84468
-0.475296 0.15001 -0.659462
-0.831914 0.15001 -1.03717
-2.32537 0.15001 0.45838
-1.66109 0.15001 -2.33283
-0.815955 0.15001 0.361562
-2.84999 0.15001 2.84999
-0.861233 0.15001 -2.67678
1.35688 0.15001 -0.342307
-2.15688 0.15001 1.18218
-1.3751 0.15001 -0.589161
-2.74095 0.15001 2.68109
-2.07328 0.15001 1.74098
-2.15051 0.15001 -0.475848
-2.54114 0.15001 2.6622
-0.647089 0.15001 1.42269
-1.64447 0.15001 2.47495
-1.35729 0.15001 -2.84999
-0.14898 0.15001 -0.0603056
-2.84999 0.15001 -0.788046
-1.25856 0.15001 -0.75309
0.175819 0.15001 -1.0288
0.692918 0.15001 -0.725804
-1.66901 0.15001 -1.66106
-2.32551 0.15001 1.84703
-2.67739 0.15001 0.659693
-1.83358 0.15001 2.84999
-1.31677 0.15001 0.505812
0.305325 0.15001 -1.48092
-2.84999 0.15001 -0.977846
-2.84999 0.15001 -0.216682
-1.46279 0.15001 -2.32125
0.218667 0.15001 1.10146
-2.65317 0.15001 2.45563
-2.15894 0.15001 0.559713
-2.35233 0.15001 2.30042
0.252042 0.15001 1.92139
-0.763473 0.15001 -2.50298
-1.9378 0.15001 -0.995364
1.39506 0.15001 1.55222
1.52965 0.15001 0.31608
0.229591 0.15001 1.71172
-0.240051 0.15001 2.4943
-0.511965 0.15001 -1.49662
2.35665 0.15001 0.98756
1.36986 0.15001 0.597387
2.34455 0.15001 1.76771
1.68111 0.15001 -1.27273
-1.1576 0.15001 -2.84999
-1.13962 0.15001 -0.920794
-0.420936 0.15001 -1.65979
-1.05539 0.15001 -2.3262
-0.413248 0.15001 -1.32402
-0.957902 0.15001 -2.84999
-1.7336 0.15001 -0.974357
-2.67045 0.15001 -2.02987
-2.67648 0.15001 1.44551
-2.84999 0.15001 -1.73907
-2.49203 0.15001 -1.93997
2.19069 0.15001 1.27399
-0.435698 0.15001 1.79258
-2.50603 0.15001 1.74742
-1.968 0.15001 -2.50973
-2.50236 0.15001 0.56174
-1.54012 0.15001 2.66083
0.467225 0.15001 2.33498
-0.339671 0.15001 1.61446
-1.85779 0.15001 -2.67859
-2.67751 0.15001 1.05827
-1.2934 0.15001 -1.29645
0.0518399 0.15001 1.20334
0.859211 0.15001 -0.62926
-1.98539 0.15001 -0.653983
-0.84243 0.15001 2.1387
-2.0755 0.15001 -0.83528
-1.75654 0.15001 1.57072
-2.84999 0.15001 0.369932
-0.850402 0.15001 -1.96603
0.821425 0.15001 -2.84999
-2.68086 0.15001 -0.505028
0.55798 0.15001 1.48611
1.2044 0.15001 0.50347
-0.989058 0.15001 -0.547142
2.02595 0.15001 1.36822
2.35527 0.15001 0.419919
-2.14984 0.15001 0.156777
-1.63514 0.15001 2.84999
-2.50896 0.15001 -2.71864
-0.629385 0.15001 -1.01241
-1.05595 0.15001 -2.67646
1.52857 0.15001 -2.33295
0.466357 0.15001 -1.81817
-0.298505 0.15001 1.207
-1.34495 0.15001 2.28931
-2.32952 0.15001 0.862366
-0.281693 0.15001 0.818452
-2.63872 0.15001 2.84999
-1.53969 0.15001 -0.0722225
0.021141 0.15001 -0.34919
-1.9921 0.15001 0.651434
-0.321994 0.15001 -0.357146
-2.47566 0.15001 2.13976
-2.33062 0.15001 -0.142078
-2.05877 0.15001 2.11835
-1.94048 0.15001 2.65764
-1.73999 0.15001 2.66185
0.0653314 0.15001 2.66986
1.01928 0.15001 -2.84999
2.35529 0.15001 1.17994
-2.1662 0.15001 -2.52894
0.861411 0.15001 -1.81749
1.19293 0.15001 -0.249881
-2.32627 0.15001 0.663667
0.882742 0.15001 1.07976
-1.44423 0.15001 2.11471
-0.0337353 0.15001 2.84999
-0.459074 0.15001 1.07312
-0.563438 0.15001 -2.84999
-1.45763 0.15001 -2.6753
-1.86836 0.15001 -1.67716
1.41204 0.15001 2.48604
-2.49879 0.15001 -0.791267
-1.90037 0.15001 0.0517029
0.694603 0.15001 -0.535429
-1.90106 0.15001 -1.33403
-2.07789 0.15001 1.37012
1.83646 0.15001 1.8522
-2.65304 0.15001 -2.84999
0.378049 0.15001 -1.65041
-1.05003 0.15001 1.05485
1.15295 0.15001 -1.98806
0.240758 0.15001 -2.51117
-0.149082 0.15001 -0.446851
-1.14408 0.15001 -0.0355548
-2.08108 0.15001 0.993968
-1.44292 0.15001 2.47376
-1.65516 0.15001 1.03866
-0.762389 0.15001 -2.84999
2.67639 0.15001 2.1677
-2.49196 0.15001 -2.13195
2.68554 0.15001 0.800519
-2.00439 0.15001 -0.338315
-0.0437347 0.15001 2.14664
1.85422 0.15001 -0.240755
0.368069 0.15001 2.50042
2.68378 0.15001 1.3784
1.6912 0.15001 0.0368905
0.784249 0.15001 2.84999
-0.857269 0.15001 -2.3228
-0.221033 0.15001 -1.65638
-2.15945 0.15001 -1.56114
-2.84999 0.15001 -2.84999
-1.22403 0.15001 -0.220788
1.8467 0.15001 -1.35784
-1.07333 0.15001 0.154337
-1.86758 0.15001 1.37649
-1.60956 0.15001 0.651537
-0.958475 0.15001 -2.5038
-0.713835 0.15001 -1.18525
2.1834 0.15001 -0.607857
-2.31675 0.15001 0.258949
-0.704438 0.15001 -0.340692
-1.35503 0.15001 1.58016
-1.0505 0.15001 1.4091
-1.65368 0.15001 1.7624
0.354799 0.15001 -0.921244
-0.84664 0.15001 1.41601
-2.33098 0.15001 -0.541752
-0.0068848 0.15001 -1.1185
1.18724 0.15001 -1.19281
1.46871 0.15001 1.73189
-2.15038 0.15001 1.93502
-1.86155 0.15001 1.74841
1.12198 0.15001 -2.67847
-2.50403 0.15001 1.34862
-0.0411979 0.15001 -1.99541
-0.943191 0.15001 0.883343
-2.84999 0.15001 -1.16619
-0.265758 0.15001 -2.67728
1.51774 0.15001 -0.995203
1.918 0.15001 2.32971
2.02543 0.15001 0.415688
2.00266 0.15001 1.9533
1.69321 0.15001 0.224154
0.211602 0.15001 0.320858
-0.945345 0.15001 1.23632
0.923267 0.15001 1.86436
-2.49719 0.15001 -1.74698
2.18674 0.15001 -0.0495477
0.0515093 0.15001 -2.16608
-0.0231674 0.15001 -1.30954
-1.04787 0.15001 -1.96765
2.10863 0.15001 2.68031
-1.6433 0.15001 2.11606
0.992389 0.15001 2.84999
-0.738846 0.15001 2.67299
2.03024 0.15001 1.17269
1.22612 0.15001 -2.50504
-1.81914 0.15001 -1.15583
1.18913 0.15001 -0.625912
1.22558 0.15001 1.45801
-1.75162 0.15001 -0.0915477
-1.24292 0.15001 -1.97573
0.050526 0.15001 0.807325
-2.50259 0.15001 1.15507
2.84999 0.15001 2.45948
0.268623 0.15001 2.3325
1.0465 0.15001 -2.15894
2.18556 0.15001 -0.235887
-0.165977 0.15001 -2.84999
-0.352736 0.15001 -2.15882
-1.55987 0.15001 -2.50188
-2.49305 0.15001 0.164434
0.786764 0.15001 2.49466
-2.84999 0.15001 1.15465
-0.637443 0.15001 2.84999
0.0468376 0.15001 0.419511
-0.0549811 0.15001 -2.33881
0.191054 0.15001 -0.637817
1.60779 0.15001 -2.84999
-1.45055 0.15001 1.76034
-0.942795 0.15001 2.30739
-2.04393 0.15001 2.48231
-1.93117 0.15001 0.448275
-1.1778 0.15001 -1.45911
-1.24989 0.15001 1.0454
-2.84999 0.15001 1.74368
-2.1904 0.15001 -0.669775
0.341953 0.15001 -1.29985
-1.00404 0.15001 0.343582
0.199741 0.15001 -0.063266
1.05986 0.15001 -1.8202
2.18959 0.15001 0.324138
-1.94213 0.15001 0.844295
1.03259 0.15001 0.0319622
-1.43707 0.15001 2.84999
2.03018 0.15001 0.981306
0.156974 0.15001 -1.98791
2.51089 0.15001 2.67832
0.382763 0.15001 0.60794
0.771187 0.15001 2.16233
1.53249 0.15001 0.50382
0.43804 0.15001 1.98761
-1.04288 0.15001 2.48594
-1.06791 0.15001 -0.726958
-0.241213 0.15001 2.14436
1.84946 0.15001 1.66078
1.58178 0.15001 -1.98181
-1.78113 0.15001 -1.49671
-2.49284 0.15001 -1.35938
-1.76808 0.15001 -0.63863
-1.25786 0.15001 -2.67502
-1.74975 0.15001 -1.84057
2.18001 0.15001 -1.16603
0.119585 0.15001 -1.43876
-0.0290658 0.15001 1.79282
-0.0414914 0.15001 2.49167
-2.50694 0.15001 -0.604639
-1.7555 0.15001 -2.84999
0.0401298 0.15001 -2.51065
-0.506394 0.15001 -0.300815
-0.177544 0.15001 -1.01955
0.940704 0.15001 2.05779
0.569611 0.15001 2.50113
-1.39428 0.15001 0.313327
-1.81553 0.15001 -0.286718
0.543871 0.15001 0.318734
-2.11608 0.15001 -1.36501
-1.76213 0.15001 -2.17008
0.436832 0.15001 -2.84999
0.249589 0.15001 -2.1614
-2.84999 0.15001 -2.29957
2.18454 0.15001 -0.421985
2.84999 0.15001 -1.90676
0.832123 0.15001 -2.50242
-1.246 0.15001 2.1162
0.854603 0.15001 -1.20328
-1.96277 0.15001 -2.16376
1.20126 0.15001 0.314802
1.83117 0.15001 2.04778
2.35676 0.15001 0.797127
0.876408 0.15001 0.505637
0.589047 0.15001 1.8742
2.67315 0.15001 2.5664
0.394714 0.15001 1.59571
1.28921 0.15001 2.03581
0.217478 0.15001 1.29958
1.79041 0.15001 -2.30389
2.51906 0.15001 0.140522
2.01568 0.15001 -0.889088
1.84804 0.15001 -1.17163
-1.62416 0.15001 -0.252755
-0.743881 0.15001 0.889154
-1.24318 0.15001 2.47935
2.68139 0.15001 1.77085
1.06664 0.15001 1.56111
-0.436073 0.15001 2.49753
1.34974 0.15001 -1.98639
-1.29907 0.15001 -0.406964
0.0645477 0.15001 -1.81707
-0.459153 0.15001 -2.32695
-1.15817 0.15001 -2.50209
-1.58072 0.15001 -1.48233
-0.838848 0.15001 2.84999
-1.84778 0.15001 2.47845
-0.455978 0.15001 1.45357
0.217143 0.15001 0.902515
1.51869 0.15001 -0.807752
-0.14659 0.15001 -0.637717
-1.8733 0.15001 -2.33849
-0.339181 0.15001 2.32034
2.35293 0.15001 1.37427
-0.157644 0.15001 -0.827445
0.380324 0.15001 0.416526
-1.54241 0.15001 2.28863
2.20839 0.15001 2.84999
1.19655 0.15001 2.84999
0.954159 0.15001 -1.98781
0.0405318 0.15001 0.225466
-0.556086 0.15001 -1.80034
-1.42449 0.15001 -0.235375
-1.44159 0.15001 -1.98542
-1.57071 0.15001 -0.608747
-1.51539 0.15001 0.476899
-1.74966 0.15001 1.94061
-2.23225 0.15001 2.84999
-1.14166 0.15001 2.66554
0.696462 0.15001 -0.345834
-1.02068 0.15001 -1.08784
0.550319 0.15001 0.894252
-0.295059 0.15001 0.621849
1.02605 0.15001 -1.47889
-0.940986 0.15001 2.67013
-0.98105 0.15001 -1.4395
-1.97638 0.15001 0.243125
-2.44622 0.15001 2.48026
-1.04599 0.15001 1.76536
1.85933 0.15001 0.319906
0.908114 0.15001 1.66813
0.0547527 0.15001 1.60977
2.67174 0.15001 2.36752
2.50068 0.15001 2.26819
2.49672 0.15001 -2.29502
-1.15119 0.15001 1.58364
-1.45204 0.15001 1.03609
1.52728 0.15001 0.12843
-0.74435 0.15001 2.31534
-0.65958 0.15001 -2.32271
-2.05926 0.15001 -2.68676
-0.350127 0.15001 -0.809972
-2.02925 0.15001 -1.18368
-2.3636 0.15001 -2.84998
-0.555126 0.15001 -2.15041
-1.95628 0.15001 -2.84999
-2.50009 0.15001 1.9425
2.1932 0.15001 0.8894
0.707168 0.15001 0.222352
1.35191 0.15001 -1.09361
2.18099 0.15001 -0.979755
-1.69794 0.15001 -1.31753
1.33336 0.15001 -2.33032
2.51982 0.15001 0.327738
-0.643726 0.15001 1.79524
-2.474 0.15001 -1.16971
-1.85466 0.15001 1.02815
-0.678655 0.15001 0.192152
-0.725968 0.15001 0.544642
-2.16092 0.15001 -0.233068
-2.67227 0.15001 0.269956
-0.256737 0.15001 -2.33335
2.49902 0.15001 -2.48143
-2.31657 0.15001 -0.354116
-0.757052 0.15001 -1.78972
-2.26415 0.15001 -1.2256
0.866335 0.15001 -0.0621893
2.35622 0.15001 0.608046
1.03897 0.15001 0.409709
-0.133102 0.15001 -1.82607
1.37781 0.15001 1.16359
2.33967 0.15001 1.96293
1.69564 0.15001 0.411546
1.66318 0.15001 1.94127
0.222781 0.15001 1.50308
0.703273 0.15001 0.032803
2.32309 0.15001 2.35769
0.749504 0.15001 1.7739
-0.120464 0.15001 0.521023
-0.667672 0.15001 -1.61176
2.51681 0.15001 1.47448
2.00946 0.15001 2.84999
0.773465 0.15001 -1.64433
1.85027 0.15001 -0.799437
1.18753 0.15001 -1.58631
2.84999 0.15001 2.06622
1.19075 0.15001 -0.437796
2.12021 0.15001 2.3214
0.0518792 0.15001 1.00826
0.0363934 0.15001 -2.84999
0.343249 0.15001 -2.33489
0.261489 0.15001 -1.80974
-0.332279 0.15001 -1.82639
1.13664 0.15001 -2.33144
2.68115 0.15001 -1.43895
-1.34781 0.15001 -1.81011
-1.23872 0.15001 2.84999
1.70317 0.15001 0.975126
-2.32252 0.15001 1.44433
1.6161 0.15001 -2.50376
1.80075 0.15001 -2.84999
1.02945 0.15001 -0.156482
-2.67148 0.15001 -1.4529
-0.947269 0.15001 -0.0141239
1.51982 0.15001 -0.620665
-2.84999 0.15001 -1.35324
-0.548895 0.15001 -0.837363
1.35242 0.15001 -1.28293
-1.37542 0.15001 -1.47432
0.337534 0.15001 -2.68037
1.02174 0.15001 -1.10148
0.531817 0.15001 -0.251417
1.04911 0.15001 1.17193
2.01677 0.15001 -0.703224
0.873258 0.15001 0.316097
-1.59033 0.15001 0.286935
-2.67248 0.15001 -1.64529
-2.14923 0.15001 2.30632
-1.80105 0.15001 0.657563
1.24492 0.15001 -2.15824
-0.867945 0.15001 -0.701941
-0.31031 0.15001 0.0407615
-1.0642 0.15001 -1.6218
0.532293 0.15001 -2.68033
-1.10446 0.15001 -0.389251
-1.02849 0.15001 0.702461
-1.346 0.15001 1.94198
2.52086 0.15001 0.704379
2.19113 0.15001 0.511732
0.894275 0.15001 2.67068
0.144815 0.15001 -2.33827
-2.13694 0.15001 2.66036
-1.34096 0.15001 2.66258
-2.32161 0.15001 0.0568373
2.84999 0.15001 -1.15729
-1.36072 0.15001 -2.49938
1.91216 0.15001 2.67758
-1.53197 0.15001 -0.958445
-2.24007 0.15001 2.48537
-0.899585 0.15001 -1.24528
-2.15473 0.15001 -2.15047
-1.86154 0.15001 -0.813819
-0.540977 0.15001 2.31978
-1.95147 0.15001 1.92873
-2.51295 0.15001 -0.979913
1.38183 0.15001 1.35398
1.86405 0.15001 0.695111
2.51408 0.15001 -0.974946
1.02211 0.15001 -0.911651
0.677794 0.15001 -1.48355
-2.32473 0.15001 -2.23745
2.34461 0.15001 -1.44532
-0.652149 0.15001 1.06549
-2.29738 0.15001 -0.839982
-2.33849 0.15001 2.66741
-2.50596 0.15001 0.757828
0.384589 0.15001 0.995874
0.710268 0.15001 0.412415
-0.117891 0.15001 1.10833
0.360376 0.15001 -0.538708
-1.46727 0.15001 -1.64936
1.2096 0.15001 0.88177
-0.956729 0.15001 -1.78964
-0.148536 0.15001 -2.16695
2.01806 0.15001 -0.517332
-2.13942 0.15001 -1.75413
0.723743 0.15001 1.37865
0.554121 0.15001 1.28709
1.86761 0.15001 1.07289
0.758687 0.15001 1.96779
-0.501584 0.15001 0.542018
1.54454 0.15001 1.44448
0.0471376 0.15001 1.40372
0.551713 0.15001 1.08949
-1.85546 0.15001 -2.00148
1.03575 0.15001 0.22072
2.18685 0.15001 1.46957
1.31192 0.15001 2.25739
1.51951 0.15001 2.31408
1.84614 0.15001 -1.54339
2.34579 0.15001 -1.25728
0.23946 0.15001 -2.84999
1.12202 0.15001 2.14079
1.68492 0.15001 -0.7104
-1.46706 0.15001 0.121299
-0.450504 0.15001 -1.98221
1.10746 0.15001 1.94585
-1.15191 0.15001 1.22885
0.17054 0.15001 2.84999
-0.607654 0.15001 -1.33708
1.64729 0.15001 -1.79049
0.177518 0.15001 -1.62872
0.688065 0.15001 -1.10855
1.68386 0.15001 -0.897074
1.90492 0.15001 -2.67083
-0.668182 0.15001 -0.676269
-1.22259 0.15001 0.695217
-1.54462 0.15001 1.94186
-0.841091 0.15001 2.4935
2.15196 0.15001 -2.11237
0.649076 0.15001 -2.15734
0.938781 0.15001 -2.33048
1.18992 0.15001 -1.38452
-2.09025 0.15001 -2.34237
1.35279 0.15001 -0.905166
-1.35755 0.15001 1.21945
-1.34206 0.15001 -0.0494398
1.19838 0.15001 0.126348
-2.50492 0.15001 -0.226748
0.448179 0.15001 -2.15697
0.548557 0.15001 0.701107
0.525235 0.15001 -0.823345
-0.904365 0.15001 -0.365067
0.527351 0.15001 -0.63194
1.52322 0.15001 -0.246468
0.368321 0.15001 2.16657
0.36628 0.15001 -0.157241
-0.93972 0.15001 1.95736
-2.50445 0.15001 0.958149
1.70959 0.15001 -2.67594
0.541129 0.15001 -2.32983
2.84999 0.15001 -2.47122
0.362656 0.15001 -0.34753
1.35372 0.15001 -0.717364
0.496891 0.15001 -1.41973
2.68506 0.15001 0.235184
2.01965 0.15001 1.56484
-0.844193 0.15001 1.77723
2.4131 0.15001 2.84999
1.04204 0.15001 0.599015
2.51752 0.15001 -0.232361
-0.451496 0.15001 0.338881
2.48861 0.15001 2.4747
-0.639764 0.15001 0.721898
-1.02629 0.15001 -0.203686
1.84926 0.15001 -0.985495
2.30812 0.15001 2.67743
0.571705 0.15001 1.68164
-0.317717 0.15001 -0.155821
-1.25888 0.15001 -1.63616
-2.67242 0.15001 -1.26106
1.3591 0.15001 -0.154749
1.44316 0.15001 -2.15493
1.0221 0.15001 -1.29098
1.86786 0.15001 1.26452
-2.43584 0.15001 2.84999
2.50662 0.15001 2.06743
1.05596 0.15001 1.36598
2.35096 0.15001 -0.32701
-2.84999 0.15001 -1.9307
1.97595 0.15001 -2.21154
2.17048 0.15001 -1.73102
2.16181 0.15001 -1.92044
-0.477705 0.15001 0.14604
0.684051 0.15001 2.66827
2.20583 0.15001 2.51151
-2.31291 0.15001 -1.85204
2.17517 0.15001 1.8611
0.869933 0.15001 0.126765
0.193888 0.15001 -0.253578
1.18792 0.15001 -0.814362
-0.133314 0.15001 0.130051
1.97637 0.15001 -2.40703
0.556858 0.15001 -1.98723
-0.230768 0.15001 1.78549
-1.14273 0.15001 1.94147
-0.876781 0.15001 0.177404
2.68537 0.15001 0.422702
1.12175 0.15001 2.33291
2.84999 0.15001 -1.53038
1.08011 0.15001 1.75698
-1.9513 0.15001 2.30488
1.70564 0.15001 1.35505
2.5188 0.15001 1.27929
2.84999 0.15001 1.08814
2.84999 0.15001 1.47665
2.68469 0.15001 1.18407
0.386362 0.15001 1.19403
0.0610083 0.15001 1.97251
2.68799 0.15001 -2.75545
2.84999 0.15001 -2.09514
1.3675 0.15001 -1.66085
2.6843 0.15001 -0.138029
0.216398 0.15001 0.513959
2.3478 0.15001 -0.884267
2.01221 0.15001 -1.44847
2.84999 0.15001 1.86923
-0.144279 0.15001 2.31902
2.84999 0.15001 0.8963
2.84999 0.15001 -1.7184
-1.15139 0.15001 -2.15125
2.33045 0.15001 -2.01517
1.3615 0.15001 0.0330254
2.67539 0.15001 -2.19329
2.35191 0.15001 -0.140885
1.53542 0.15001 0.691677
2.68142 0.15001 -1.25268
-1.95777 0.15001 1.19762
-0.83068 0.15001 -0.180673
1.6356 0.15001 -2.17302
2.17603 0.15001 -1.54222
-0.0637264 0.15001 -2.67964
0.847892 0.15001 -2.15693
-2.84999 0.15001 -0.411094
1.80814 0.15001 -2.50086
0.927111 0.15001 2.28597
-0.7378 0.15001 1.24387
-1.19882 0.15001 0.330298
1.80615 0.15001 2.84999
0.663948 0.15001 -1.81277
1.81257 0.15001 -2.10677
1.99449 0.15001 -1.82509
1.41338 0.15001 -2.84999
0.967334 0.15001 -1.65513
-1.03973 0.15001 2.12803
1.02683 0.15001 -0.344766
1.6984 0.15001 0.59912
2.84999 0.15001 2.65573
2.84985 0.15001 2.84999
1.25418 0.15001 -1.81471
2.84999 0.15001 -2.28339
0.634359 0.15001 -2.50302
-0.318876 0.15001 -0.551936
0.690556 0.15001 -0.917159
0.755333 0.15001 -1.98482
1.46268 0.15001 2.12498
0.85742 0.15001 -0.819549
0.734849 0.15001 1.57546
-1.7477 0.15001 2.29458
0.16973 0.15001 2.14025
-0.113337 0.15001 0.910697
0.546395 0.15001 0.510141
2.51162 0.15001 1.86846
2.85 0.15001 -0.786124
-2.50171 0.15001 1.54736
2.51425 0.15001 1.67114
1.67021 0.15001 1.74759
2.01146 0.15001 1.7613
0.383583 0.15001 0.800092
-0.637636 0.15001 -0.155698
-0.785008 0.15001 -0.52145
-0.314828 0.15001 -1.48918
0.0234018 0.15001 -0.541003
-0.849837 0.15001 1.06123
1.85731 0.15001 0.132794
-1.66118 0.15001 0.0906173
0.570816 0.15001 2.13853
1.09927 0.15001 2.66929
1.2159 0.15001 1.26328
-2.84999 0.15001 0.563772
2.14977 0.15001 -2.30522
0.168918 0.15001 2.4986
-0.2954 0.15001 0.229428
1.36675 0.15001 0.409112
-1.33725 0.15001 0.864739
2.02351 0.15001 0.22845
2.84999 0.15001 1.67259
0.370996 0.15001 0.03332
-0.336231 0.15001 1.96964
1.02982 0.15001 -2.50465
2.32501 0.15001 -2.39898
2.68012 0.15001 -1.62614
1.21702 0.15001 -2.84999
2.32659 0.15001 -2.59182
1.40028 0.15001 2.84999
1.86604 0.15001 0.883454
2.52012 0.15001 1.08593
2.18132 0.15001 1.66708
2.84999 0.15001 0.706098
1.31862 0.15001 -2.67807
2.3233 0.15001 -2.20584
0.217434 0.15001 0.706338
1.68265 0.15001 -1.08424
0.468723 0.15001 2.66875
-1.14457 0.15001 2.30116
0.994777 0.15001 2.48842
2.63174 0.15001 2.84999
2.3407 0.15001 -1.63465
2.68469 0.15001 0.0483062
1.19559 0.15001 -0.0619016
-0.12394 0.15001 0.326361
-0.493648 0.15001 1.26316
1.86172 0.15001 0.507329
0.0647002 0.15001 2.31906
0.879135 0.15001 0.695792
0.410879 0.15001 1.792
2.50204 0.15001 -2.10517
1.21335 0.15001 2.50252
-2.15675 0.15001 1.55508
0.716654 0.15001 0.987263
2.50499 0.15001 -1.91547
1.52137 0.15001 -0.433615
2.68392 0.15001 -0.323887
2.84999 0.15001 -0.600937
2.01927 0.15001 -0.331244
2.17895 0.15001 -1.35312
-0.546226 0.15001 1.62445
1.30633 0.15001 2.67515
2.51827 0.15001 -0.0461556
2.67584 0.15001 -2.56881
0.855832 0.15001 -1.01073
2.68303 0.15001 -0.694786
2.53124 0.15001 -2.84999
2.02184 0.15001 0.0416111
1.69281 0.15001 1.55561
2.1881 0.15001 0.137089
2.00045 0.15001 2.15332
1.28724 0.15001 1.83874
2.35299 0.15001 0.0455848
0.141215 0.15001 -2.68083
1.02342 0.15001 -0.722258
2.50845 0.15001 -1.72566
0.0327988 0.15001 0.0323722
1.68948 0.15001 -0.150229
1.68627 0.15001 -0.523813
1.85145 0.15001 -0.613373
-0.141096 0.15001 1.57072
-0.281607 0.15001 1.01088
2.84999 0.15001 0.329373
2.00756 0.15001 -1.63753
2.51203 0.15001 -1.53609
-0.834827 0.15001 0.709575
2.6817 0.15001 -1.066
0.436403 0.15001 -2.50947
2.84999 0.15001 -0.971478
-0.288425 0.15001 0.430445
1.54028 0.15001 1.06784
-0.539126 0.15001 1.96888
2.19243 0.15001 0.700063
2.68526 0.15001 0.991432
-2.84999 0.15001 0.956046
0.886837 0.15001 1.27434
1.70921 0.15001 2.67385
1.81371 0.15001 2.50096
0.387756 0.15001 1.3952
1.99142 0.15001 -2.84999
1.50756 0.15001 2.66933
2.67685 0.15001 -2.0045
-0.437153 0.15001 2.14432
2.51346 0.15001 -1.3484
0.924507 0.15001 -2.67635
0.727187 0.15001 -2.67827
1.554 0.15001 -1.61082
0.0491799 0.15001 0.612551
-0.951953 0.15001 -2.1445
-2.67348 0.15001 0.466687
-1.25746 0.15001 1.40264
2.1686 0.15001 2.05539
0.863095 0.15001 -0.250953
1.23816 0.15001 1.65292
1.20738 0.15001 0.692423
1.67954 0.15001 -1.46366
2.35011 0.15001 -0.512853
0.205672 0.15001 0.128256
1.85285 0.15001 -0.427178
-0.576434 0.15001 -0.491694
2.18219 0.15001 -0.793656
2.84999 0.15001 2.26312
2.51333 0.15001 -1.16118
2.84999 0.15001 -2.65987
1.5143 0.15001 -2.67673
2.18124 0.15001 -2.84999
0.572141 0.15001 -1.64025
1.82892 0.15001 -1.72788
1.72086 0.15001 2.32273
1.70504 0.15001 1.16428
1.8603 0.15001 1.46261
2.68555 0.15001 0.611052
2.5208 0.15001 0.894351
1.45879 0.15001 -1.82716
0.851471 0.15001 -1.3998
0.358301 0.15001 -0.730214
2.33547 0.15001 -1.82414
0.539843 0.15001 0.128329
0.718855 0.15001 1.18221
2.51687 0.15001 -0.418186
2.85 0.15001 -0.230167
2.3314 0.15001 2.16231
2.85 0.15001 -0.0442101
1.21175 0.15001 1.07188
2.15231 0.15001 -2.49778
-0.365578 0.15001 -2.84999
2.51521 0.15001 -0.789252
1.70095 0.15001 0.786923
2.01258 0.15001 2.50622
2.84999 0.15001 -1.34383
2.02906 0.15001 0.791852
1.52521 0.15001 -0.0591227
2.34905 0.15001 -0.698515
2.51616 0.15001 -0.603763
2.84999 0.15001 -2.84999
2.0137 0.15001 -1.26135
-2.13697 0.15001 0.362206
2.0985 0.15001 -2.67935
2.02048 0.15001 -0.144927
1.53788 0.15001 0.87964
-0.47866 0.15001 -0.0477093
-1.41784 0.15001 0.68167
0.535558 0.15001 -0.0616138
1.51685 0.15001 -1.18369
2.68352 0.15001 -0.509414
1.04631 0.15001 0.979716
2.0148 0.15001 -1.07514
-0.451745 0.15001 0.73635
-1.49605 0.15001 -0.420438
1.37475 0.15001 0.974421
1.1871 0.15001 -1.00341
1.60281 0.15001 2.84999
1.37262 0.15001 0.785813
2.51039 0.15001 -2.66559
2.67056 0.15001 -2.38178
2.68232 0.15001 -0.880215
1.02494 0.15001 -0.533286
1.35602 0.15001 -1.47466
0.375842 0.15001 0.224366
1.51693 0.15001 -1.37468
1.65669 0.15001 2.13836
2.02741 0.15001 0.603447
2.6826 0.15001 1.57411
2.67835 0.15001 -1.81544
1.98275 0.15001 -2.01472
0.860846 0.15001 -0.439815
2.84999 0.15001 -0.415689
0.71531 0.15001 0.794234
2.35412 0.15001 0.232487
0.881053 0.15001 0.887032
-0.335209 0.15001 2.67084
0.66907 0.15001 2.32875
2.3495 0.15001 1.5705
