1000 0.1
1.85947 0.15001 -0.012282
-2.6778 0.15001 0.911789
-2.49327 0.15001 -2.33568
-2.32336 0.15001 -2.44064
-2.84659 0.15001 -0.556543
2.84999 0.15001 1.31546
1.47369 0.15001 1.96396
-1.57233 0.15001 1.61104
-1.43479 0.15001 -0.727871
-0.786295 0.15001 0.107671
-2.66328 0.15001 2.30202
0.561926 0.15001 2.84999
-0.251611 0.15001 1.47173
2.84999 0.15001 0.558085
-0.761626 0.15001 1.62665
-0.238441 0.15001 -1.97063
-0.348458 0.15001 -1.11466
0.173059 0.15001 -1.2685
-0.951205 0.15001 0.593442
-0.144382 0.15001 1.30911
-2.1259 0.15001 -1.94314
-2.82835 0.15001 -2.10238
-0.720824 0.15001 -0.772651
-1.74431 0.15001 -2.49615
-1.34979 0.15001 -2.14438
2.51845 0.15001 0.557633
-2.66821 0.15001 -1.82773
-0.44329 0.15001 -2.67306
-2.50023 0.15001 0.420853
-1.6782 0.15001 1.42925
-2.13111 0.15001 -0.990784
0.210431 0.15001 -0.428846
-1.89637 0.15001 -0.448509
-1.96113 0.15001 -1.46668
0.645673 0.15001 -2.84447
-2.32261 0.15001 -1.02843
0.555179 0.15001 -0.999127
-1.46191 0.15001 -1.26297
-1.16272 0.15001 0.927841
-2.84759 0.15001 0.0251041
-0.141854 0.15001 -2.49719
-1.63976 0.15001 -0.756365
-0.273551 0.15001 -0.940045
0.75398 0.15001 -2.3194
-0.0331701 0.15001 -1.6213
-0.745619 0.15001 -2.14517
0.254989 0.15001 2.67653
-0.252772 0.15001 2.84999
-1.17271 0.15001 -0.497568
-2.67751 0.15001 1.90022
-1.54516 0.15001 -1.79742
-2.48898 0.15001 -1.53503
-1.15042 0.15001 0.576895
-1.37482 0.15001 -1.08194
-1.05488 0.15001 2.84999
-1.86584 0.15001 2.14075
-2.67801 0.15001 1.70693
-2.84999 0.15001 2.36707
-2.32836 0.15001 1.31535
0.868734 0.15001 1.50325
-0.540331 0.15001 -1.11906
1.43932 0.15001 -2.49432
-1.30077 0.15001 -0.894684
-0.923671 0.15001 -0.790399
-0.55796 0.15001 0.935857
-1.30242 0.15001 0.197863
0.0465993 0.15001 -0.725696
-1.75209 0.15001 0.471396
-2.67568 0.15001 2.09417
-2.84999 0.15001 0.81466
-2.65677 0.15001 -2.64697
-2.84999 0.15001 -1.52389
-2.67827 0.15001 -0.0737967
1.03475 0.15001 0.827311
2.84999 0.15001 0.182668
-2.67678 0.15001 1.30721
-2.84999 0.15001 1.40495
-2.84999 0.15001 0.217498
-1.47448 0.15001 1.4375
-0.764893 0.15001 1.97749
-2.66462 0.15001 -2.22444
-2.13279 0.15001 -2.84999
-1.16322 0.15001 -1.0734
-2.50245 0.15001 -0.3653
-0.660299 0.15001 2.49987
-2.84999 0.15001 2.55427
-2.16373 0.15001 0.827783
-2.84999 0.15001 1.98785
-2.31224 0.15001 2.11152
-0.666738 0.15001 2.14997
-0.135179 0.15001 -1.45061
-2.6751 0.15001 -0.847258
-2.48726 0.15001 -2.54712
-1.05678 0.15001 -1.26295
-2.50136 0.15001 0.026215
-1.96099 0.15001 -0.100541
-1.76948 0.15001 1.25443
-2.33221 0.15001 1.11418
0.354357 0.15001 2.84999
-2.32818 0.15001 1.71043
-1.24458 0.15001 -2.32006
-0.163516 0.15001 1.98944
-2.31385 0.15001 -1.63849
2.67884 0.15001 1.9936
1.52663 0.15001 1.30718
-0.964955 0.15001 1.62416
1.82394 0.15001 -1.89874
-0.543052 0.15001 -2.49711
1.69571 0.15001 -0.297078
2.35475 0.15001 -1.03987
2.3571 0.15001 -2.77121
0.0493123 0.15001 -0.925012
-1.58404 0.15001 -1.09718
-0.133219 0.15001 -0.245419
0.392547 0.15001 -1.10003
-2.67665 0.15001 -0.655695
-0.34232 0.15001 -2.49635
-2.65818 0.15001 -2.44782
-0.454462 0.15001 2.84999
-2.6775 0.15001 -0.266878
-1.63819 0.15001 -2.67248
2.18732 0.15001 1.12227
0.364587 0.15001 -1.96991
-1.69771 0.15001 -0.415203
-2.11391 0.15001 0.0345281
-0.15001 0.15001 2.67602
-1.64051 0.15001 -1.98107
0.546466 0.15001 -0.418076
-0.136128 0.15001 0.726537
0.704691 0.15001 0.633836
-2.31036 0.15001 -1.43123
-0.236311 0.15001 -1.27693
0.557223 0.15001 -1.20429
-2.30785 0.15001 -2.03842
-2.84999 0.15001 -2.66263
-0.645196 0.15001 -2.67481
0.733701 0.15001 -1.28716
-1.78187 0.15001 0.884465
-1.56634 0.15001 0.907284
-2.84999 0.15001 1.60232
-1.14808 0.15001 -1.79011
-0.64522 0.15001 -1.96954
-0.751104 0.15001 -1.44753
-2.67601 0.15001 -1.03974
-0.64288 0.15001 0.441381
1.36499 0.15001 0.2638
-1.57545 0.15001 1.25921
-1.26982 0.15001 1.79432
-2.84999 0.15001 2.17878
-1.80362 0.15001 0.279813
0.216045 0.15001 -0.818941
-2.31374 0.15001 -2.64317
0.0373524 0.15001 -0.143656
0.709133 0.15001 -0.127243
1.36869 0.15001 -0.492109
1.57571 0.15001 2.49817
-0.556632 0.15001 2.6758
-2.04619 0.15001 2.84999
-2.67743 0.15001 0.121913
-1.96776 0.15001 1.60495
-0.851533 0.15001 -1.61839
-2.84999 0.15001 -2.47514
-1.53622 0.15001 -2.84999
-1.95395 0.15001 -1.817
-0.471053 0.15001 -0.660748
-0.816296 0.15001 -0.942627
-2.3306 0.15001 0.520809
-1.64402 0.15001 -2.3217
-0.837024 0.15001 0.430282
-2.84999 0.15001 2.84999
-0.840342 0.15001 -2.67603
1.36742 0.15001 -0.302921
-2.15672 0.15001 1.22273
-1.36804 0.15001 -0.537955
-2.73094 0.15001 2.69449
-2.08279 0.15001 1.78916
-2.11624 0.15001 -0.467477
-2.53853 0.15001 2.66776
-0.657355 0.15001 1.45446
-1.66133 0.15001 2.49303
-1.33716 0.15001 -2.84999
-0.134727 0.15001 -0.0491765
-2.84999 0.15001 -0.748744
-1.23419 0.15001 -0.700979
0.220185 0.15001 -1.01755
0.715144 0.15001 -0.700792
-1.65216 0.15001 -1.62597
-2.33659 0.15001 1.90613
-2.67739 0.15001 0.71865
-1.85108 0.15001 2.84999
-1.34892 0.15001 0.545616
0.268075 0.15001 -1.45059
-2.84999 0.15001 -0.944921
-2.84999 0.15001 -0.167115
-1.4459 0.15001 -2.31827
0.199332 0.15001 1.11613
-2.65701 0.15001 2.50197
-2.15604 0.15001 0.623595
-2.34967 0.15001 2.31176
0.194868 0.15001 1.89742
-0.743558 0.15001 -2.50203
-1.92851 0.15001 -0.972355
1.36003 0.15001 1.59636
1.52924 0.15001 0.360349
0.187774 0.15001 1.70404
-0.25531 0.15001 2.50458
-0.543183 0.15001 -1.45506
2.35251 0.15001 1.02862
1.36442 0.15001 0.641592
2.34308 0.15001 1.80077
1.69941 0.15001 -1.24138
-1.1375 0.15001 -2.84999
-1.10064 0.15001 -0.878197
-0.44015 0.15001 -1.62476
-1.0439 0.15001 -2.32163
-0.442427 0.15001 -1.28465
-0.937477 0.15001 -2.84999
-1.71582 0.15001 -0.937541
-2.65501 0.15001 -2.02486
-2.67739 0.15001 1.50697
-2.84999 0.15001 -1.72041
-2.47679 0.15001 -1.93543
2.18615 0.15001 1.31319
-0.462267 0.15001 1.81005
-2.50784 0.15001 1.80467
-1.94881 0.15001 -2.49993
-2.50356 0.15001 0.620466
-1.5588 0.15001 2.67154
0.475737 0.15001 2.34044
-0.363183 0.15001 1.63724
-1.83756 0.15001 -2.67301
-2.67729 0.15001 1.10635
-1.25534 0.15001 -1.26076
0.0297475 0.15001 1.21377
0.878614 0.15001 -0.599478
-1.98433 0.15001 -0.625309
-0.863546 0.15001 2.14705
-2.05876 0.15001 -0.808264
-1.77102 0.15001 1.60775
-2.84999 0.15001 0.418126
-0.847682 0.15001 -1.96855
0.837599 0.15001 -2.84999
-2.67805 0.15001 -0.459577
0.534938 0.15001 1.50665
1.19999 0.15001 0.544988
-0.971171 0.15001 -0.456619
2.02027 0.15001 1.40784
2.3531 0.15001 0.462738
-2.15816 0.15001 0.227734
-1.65429 0.15001 2.84999
-2.4867 0.15001 -2.74121
-0.625707 0.15001 -0.948766
-1.03556 0.15001 -2.67547
1.55168 0.15001 -2.31545
0.466353 0.15001 -1.79672
-0.345319 0.15001 1.27266
-1.36548 0.15001 2.31543
-2.33388 0.15001 0.919343
-0.302119 0.15001 0.827698
-2.62819 0.15001 2.84999
-1.56287 0.15001 -0.0292516
0.0387489 0.15001 -0.337479
-1.99146 0.15001 0.732688
-0.31265 0.15001 -0.346713
-2.49894 0.15001 2.19236
-2.32926 0.15001 -0.0731289
-2.06825 0.15001 2.1463
-1.95599 0.15001 2.66784
-1.75792 0.15001 2.6709
0.051918 0.15001 2.6761
1.03654 0.15001 -2.84999
2.3521 0.15001 1.21868
-2.15138 0.15001 -2.52489
0.866197 0.15001 -1.79566
1.20295 0.15001 -0.211451
-2.33096 0.15001 0.72277
0.869095 0.15001 1.11408
-1.46611 0.15001 2.14194
-0.0511532 0.15001 2.84999
-0.469713 0.15001 1.1088
-0.541655 0.15001 -2.84999
-1.43824 0.15001 -2.67291
-1.85979 0.15001 -1.63792
1.38009 0.15001 2.49879
-2.49441 0.15001 -0.753721
-1.91304 0.15001 0.104948
0.713094 0.15001 -0.508843
-1.87471 0.15001 -1.29239
-2.08647 0.15001 1.41816
1.84274 0.15001 1.8947
-2.65118 0.15001 -2.84999
0.368147 0.15001 -1.62265
-1.06898 0.15001 1.10194
1.15892 0.15001 -1.96769
0.25769 0.15001 -2.50213
-0.134903 0.15001 -0.439283
-1.17437 0.15001 0.0395796
-2.15842 0.15001 1.02419
-1.46103 0.15001 2.49409
-1.66947 0.15001 1.08202
-0.741598 0.15001 -2.84999
2.67712 0.15001 2.19485
-2.48082 0.15001 -2.13348
2.68416 0.15001 0.840972
-2.01947 0.15001 -0.296356
-0.066489 0.15001 2.16226
1.85995 0.15001 -0.200361
0.359277 0.15001 2.50275
2.68284 0.15001 1.41132
1.69456 0.15001 0.0796475
0.77004 0.15001 2.84999
-0.844089 0.15001 -2.32259
-0.236245 0.15001 -1.62401
-2.14194 0.15001 -1.53724
-2.84999 0.15001 -2.84999
-1.23709 0.15001 -0.147227
1.86309 0.15001 -1.33041
-1.10847 0.15001 0.224213
-1.87664 0.15001 1.42517
-1.63445 0.15001 0.719555
-0.93968 0.15001 -2.50231
-0.736531 0.15001 -1.11348
2.19031 0.15001 -0.571164
-2.32905 0.15001 0.324616
-0.695168 0.15001 -0.228635
-1.37112 0.15001 1.61628
-1.06763 0.15001 1.44906
-1.67204 0.15001 1.78694
0.386205 0.15001 -0.907048
-0.862793 0.15001 1.45216
-2.31561 0.15001 -0.489825
0.0562329 0.15001 -1.11445
1.21258 0.15001 -1.16484
1.52156 0.15001 1.69483
-2.16169 0.15001 1.97645
-1.87501 0.15001 1.78434
1.13989 0.15001 -2.67225
-2.50486 0.15001 1.40842
-0.0365232 0.15001 -1.97055
-0.965265 0.15001 0.936436
-2.844 0.15001 -1.1364
-0.242514 0.15001 -2.67313
1.5354 0.15001 -0.962036
1.86824 0.15001 2.3247
2.02295 0.15001 0.459905
2.00537 0.15001 1.99309
1.69398 0.15001 0.268079
0.204392 0.15001 0.341893
-0.966408 0.15001 1.2781
0.882966 0.15001 1.91711
-2.48905 0.15001 -1.73601
2.18927 0.15001 -0.00823107
0.0617574 0.15001 -2.14588
-0.0368781 0.15001 -1.27836
-1.04837 0.15001 -1.96399
2.0852 0.15001 2.67931
-1.66272 0.15001 2.14083
0.974391 0.15001 2.84999
-0.756864 0.15001 2.67502
2.02203 0.15001 1.21616
1.24282 0.15001 -2.49542
-1.79046 0.15001 -1.11759
1.206 0.15001 -0.590579
1.19729 0.15001 1.4999
-1.76475 0.15001 -0.0640831
-1.24426 0.15001 -1.96412
0.0346974 0.15001 0.823106
-2.50363 0.15001 1.21094
2.84999 0.15001 2.47776
0.249653 0.15001 2.33359
1.05383 0.15001 -2.14273
2.18965 0.15001 -0.195889
-0.142251 0.15001 -2.84999
-0.341192 0.15001 -2.14493
-1.54184 0.15001 -2.4964
-2.49851 0.15001 0.224488
0.773484 0.15001 2.50161
-2.84999 0.15001 1.20744
-0.65429 0.15001 2.84999
0.033975 0.15001 0.436709
-0.0406937 0.15001 -2.32156
0.21318 0.15001 -0.622483
1.61934 0.15001 -2.84999
-1.47119 0.15001 1.79058
-0.961104 0.15001 2.31729
-2.05759 0.15001 2.49465
-1.97089 0.15001 0.528234
-1.15349 0.15001 -1.43806
-1.26749 0.15001 1.09294
-2.84999 0.15001 1.79727
-2.19224 0.15001 -0.653693
0.37378 0.15001 -1.28828
-1.0357 0.15001 0.412184
0.20691 0.15001 -0.043326
1.06765 0.15001 -1.79156
2.18811 0.15001 0.367419
-1.98532 0.15001 0.928424
1.03702 0.15001 0.0694227
-1.45585 0.15001 2.84999
2.02274 0.15001 1.02608
0.164364 0.15001 -1.97009
2.48923 0.15001 2.68938
0.372044 0.15001 0.63135
0.784461 0.15001 2.16667
1.52899 0.15001 0.549076
0.363451 0.15001 1.99335
-1.0587 0.15001 2.49526
-1.04472 0.15001 -0.642264
-0.263074 0.15001 2.15842
1.85002 0.15001 1.69895
1.63069 0.15001 -1.93316
-1.7588 0.15001 -1.4575
-2.48798 0.15001 -1.3362
-1.77292 0.15001 -0.605193
-1.23771 0.15001 -2.67349
-1.74684 0.15001 -1.80559
2.19087 0.15001 -1.13609
0.0690114 0.15001 -1.44579
-0.0252564 0.15001 1.80262
-0.0487505 0.15001 2.49891
-2.50008 0.15001 -0.560403
-1.73464 0.15001 -2.84999
0.0582831 0.15001 -2.49819
-0.491121 0.15001 -0.250536
-0.137672 0.15001 -1.09457
0.980208 0.15001 2.15589
0.571737 0.15001 2.50879
-1.42254 0.15001 0.358838
-1.82539 0.15001 -0.256553
0.539659 0.15001 0.346023
-2.12245 0.15001 -1.33201
-1.74242 0.15001 -2.15215
0.453377 0.15001 -2.84999
0.261744 0.15001 -2.14559
-2.84999 0.15001 -2.28642
2.18997 0.15001 -0.383512
2.84999 0.15001 -1.89264
0.848643 0.15001 -2.49582
-1.26888 0.15001 2.14331
0.888582 0.15001 -1.17658
-1.94799 0.15001 -2.14956
1.20031 0.15001 0.355924
1.83032 0.15001 2.09406
2.35253 0.15001 0.839531
0.870412 0.15001 0.540546
0.534184 0.15001 1.90367
2.66481 0.15001 2.61705
0.364122 0.15001 1.60425
1.27298 0.15001 1.97358
0.195943 0.15001 1.31055
1.76419 0.15001 -2.2985
2.51936 0.15001 0.182047
2.02668 0.15001 -0.855435
1.86319 0.15001 -1.14129
-1.62937 0.15001 -0.221195
-0.758337 0.15001 0.940077
-1.26028 0.15001 2.49556
2.68082 0.15001 1.79912
1.03393 0.15001 1.59822
-0.459103 0.15001 2.50128
1.35495 0.15001 -1.97516
-1.3015 0.15001 -0.342442
0.0657198 0.15001 -1.79549
-0.44276 0.15001 -2.32024
-1.1404 0.15001 -2.49782
-1.55393 0.15001 -1.4447
-0.854003 0.15001 2.84999
-1.86259 0.15001 2.49362
-0.451049 0.15001 1.45313
0.202291 0.15001 0.920095
1.53444 0.15001 -0.772272
-0.128422 0.15001 -0.634056
-1.85217 0.15001 -2.32433
-0.360714 0.15001 2.327
2.35025 0.15001 1.41042
-0.117294 0.15001 -0.829992
0.372559 0.15001 0.440548
-1.56234 0.15001 2.31387
2.18987 0.15001 2.84999
1.17742 0.15001 2.84999
0.962343 0.15001 -1.96677
0.0346808 0.15001 0.24333
-0.543455 0.15001 -1.79632
-1.43274 0.15001 -0.185734
-1.44352 0.15001 -1.97047
-1.56775 0.15001 -0.570409
-1.546 0.15001 0.521288
-1.76734 0.15001 1.96314
-2.24062 0.15001 2.84999
-1.15711 0.15001 2.67267
0.711093 0.15001 -0.31779
-0.950599 0.15001 -1.0827
0.537574 0.15001 0.920323
-0.306863 0.15001 0.635068
1.05028 0.15001 -1.45693
-0.956417 0.15001 2.67344
-0.958254 0.15001 -1.44213
-1.98793 0.15001 0.327087
-2.45716 0.15001 2.48149
-1.06658 0.15001 1.79711
1.85837 0.15001 0.36412
0.871132 0.15001 1.70041
0.0210369 0.15001 1.60335
2.67312 0.15001 2.39924
2.50595 0.15001 2.29668
2.49934 0.15001 -2.28532
-1.1686 0.15001 1.62094
-1.46942 0.15001 1.08657
1.52975 0.15001 0.171687
-0.764527 0.15001 2.32018
-0.644038 0.15001 -2.32179
-2.03664 0.15001 -2.68058
-0.293591 0.15001 -0.74324
-2.02062 0.15001 -1.15603
-2.32712 0.15001 -2.84999
-0.543744 0.15001 -2.14489
-1.93277 0.15001 -2.84999
-2.5048 0.15001 1.99953
2.18754 0.15001 0.932785
0.706115 0.15001 0.253161
1.37303 0.15001 -1.06291
2.19089 0.15001 -0.947337
-1.66775 0.15001 -1.27807
1.3477 0.15001 -2.32008
2.51884 0.15001 0.369708
-0.6625 0.15001 1.80356
-2.49041 0.15001 -1.14079
-1.86356 0.15001 1.08041
-0.650173 0.15001 0.245243
-0.749976 0.15001 0.603947
-2.15642 0.15001 -0.161038
-2.67549 0.15001 0.320791
-0.241434 0.15001 -2.32058
2.50013 0.15001 -2.47318
-2.31542 0.15001 -0.285621
-0.748683 0.15001 -1.79456
-2.30079 0.15001 -1.22841
0.873165 0.15001 -0.0285762
2.35277 0.15001 0.650901
1.03554 0.15001 0.448065
-0.1355 0.15001 -1.79626
1.36245 0.15001 1.21074
2.34044 0.15001 1.99602
1.6936 0.15001 0.456597
1.67031 0.15001 1.98238
0.193949 0.15001 1.50706
0.707432 0.15001 0.0630001
2.33576 0.15001 2.39649
0.707981 0.15001 1.80313
-0.138447 0.15001 0.534401
-0.647151 0.15001 -1.62302
2.51521 0.15001 1.50778
1.98388 0.15001 2.84999
0.76712 0.15001 -1.62311
1.86214 0.15001 -0.764562
1.21247 0.15001 -1.56303
2.84999 0.15001 2.08782
1.20432 0.15001 -0.400901
2.16148 0.15001 2.30426
0.0332023 0.15001 1.02004
0.0571568 0.15001 -2.84999
0.35778 0.15001 -2.32288
0.266293 0.15001 -1.79547
-0.338775 0.15001 -1.79726
1.14899 0.15001 -2.31921
2.68386 0.15001 -1.41671
-1.34285 0.15001 -1.79109
-1.25583 0.15001 2.84999
1.69312 0.15001 1.02321
-2.333 0.15001 1.51018
1.63431 0.15001 -2.49335
1.81028 0.15001 -2.84999
1.03828 0.15001 -0.120006
-2.66841 0.15001 -1.43148
-0.982433 0.15001 0.0694494
1.53315 0.15001 -0.583152
-2.84999 0.15001 -1.32671
-0.45373 0.15001 -0.861026
1.37479 0.15001 -1.25614
-1.34922 0.15001 -1.43784
0.353801 0.15001 -2.67612
1.04931 0.15001 -1.07326
0.544398 0.15001 -0.226727
1.03355 0.15001 1.21045
2.02608 0.15001 -0.66749
0.87089 0.15001 0.350812
-1.61354 0.15001 0.328737
-2.6689 0.15001 -1.62935
-2.15607 0.15001 2.32288
-1.8153 0.15001 0.657416
1.24941 0.15001 -2.14531
-0.842481 0.15001 -0.607846
-0.302961 0.15001 0.0469794
-1.05413 0.15001 -1.61584
0.5476 0.15001 -2.67633
-1.10336 0.15001 -0.305774
-1.05709 0.15001 0.762369
-1.36935 0.15001 1.9707
2.51814 0.15001 0.746
2.18772 0.15001 0.555544
0.873022 0.15001 2.67574
0.159303 0.15001 -2.3226
-2.14979 0.15001 2.66743
-1.35852 0.15001 2.67269
-2.32478 0.15001 0.126972
2.84999 0.15001 -1.13031
-1.34133 0.15001 -2.49616
1.88127 0.15001 2.67163
-1.50645 0.15001 -0.914596
-2.25366 0.15001 2.49406
-0.854802 0.15001 -1.27191
-2.14354 0.15001 -2.14119
-1.85309 0.15001 -0.787224
-0.563939 0.15001 2.32606
-1.96589 0.15001 1.96335
-2.50311 0.15001 -0.94495
1.3609 0.15001 1.403
1.85806 0.15001 0.741148
2.51951 0.15001 -0.943761
1.04569 0.15001 -0.881158
0.664619 0.15001 -1.46184
-2.31233 0.15001 -2.23948
2.35272 0.15001 -1.42077
-0.661914 0.15001 1.1079
-2.29433 0.15001 -0.826824
-2.34505 0.15001 2.6704
-2.50457 0.15001 0.81796
0.36944 0.15001 1.01711
0.705154 0.15001 0.443445
-0.136582 0.15001 1.1176
0.380436 0.15001 -0.519523
-1.44929 0.15001 -1.61734
1.1992 0.15001 0.923859
-0.952797 0.15001 -1.79082
-0.139251 0.15001 -2.14555
2.02542 0.15001 -0.479683
-2.13288 0.15001 -1.73533
0.70327 0.15001 1.40757
0.535845 0.15001 1.31004
1.85766 0.15001 1.11956
0.702219 0.15001 1.99664
-0.479166 0.15001 0.547789
1.52502 0.15001 1.4995
0.0233262 0.15001 1.40707
0.536779 0.15001 1.1142
-1.84468 0.15001 -1.98073
1.03607 0.15001 0.258773
2.18361 0.15001 1.50643
1.28073 0.15001 2.3236
1.47786 0.15001 2.32568
1.86072 0.15001 -1.52047
2.35433 0.15001 -1.22953
0.256946 0.15001 -2.84999
1.18197 0.15001 2.15134
1.69762 0.15001 -0.673948
-1.49632 0.15001 0.168881
-0.441757 0.15001 -1.9704
1.0745 0.15001 1.98524
-1.17042 0.15001 1.27286
0.150614 0.15001 2.84999
-0.641374 0.15001 -1.28375
1.64247 0.15001 -1.72926
0.167175 0.15001 -1.62162
0.720121 0.15001 -1.0912
1.69855 0.15001 -0.86263
1.92826 0.15001 -2.66606
-0.647275 0.15001 -0.579268
-1.24963 0.15001 0.75074
-1.56649 0.15001 1.96835
-0.859212 0.15001 2.4972
2.16135 0.15001 -2.09144
0.659389 0.15001 -2.14392
0.951515 0.15001 -2.3186
1.21632 0.15001 -1.36175
-2.06617 0.15001 -2.33061
1.37185 0.15001 -0.871523
-1.37289 0.15001 1.26521
-1.36602 0.15001 0.00808217
1.20093 0.15001 0.166867
-2.50424 0.15001 -0.172166
0.460846 0.15001 -2.14493
0.53773 0.15001 0.727825
0.551069 0.15001 -0.803556
-0.901809 0.15001 -0.269651
0.54853 0.15001 -0.610194
1.53106 0.15001 -0.205593
0.369466 0.15001 2.18176
0.376328 0.15001 -0.135354
-0.96266 0.15001 1.97475
-2.50562 0.15001 1.01097
1.72863 0.15001 -2.67094
0.555754 0.15001 -2.32109
2.84999 0.15001 -2.46565
0.378283 0.15001 -0.327189
1.37025 0.15001 -0.681497
0.473434 0.15001 -1.45345
2.6849 0.15001 0.276331
2.01678 0.15001 1.6021
-0.863866 0.15001 1.79957
2.38757 0.15001 2.84999
1.03519 0.15001 0.637501
2.51994 0.15001 -0.192858
-0.476327 0.15001 0.340902
2.50151 0.15001 2.4998
-0.660285 0.15001 0.773518
-1.04322 0.15001 -0.115851
1.86286 0.15001 -0.952789
2.29846 0.15001 2.66482
0.53685 0.15001 1.7048
-0.302256 0.15001 -0.15058
-1.24809 0.15001 -1.61403
-2.67222 0.15001 -1.23439
1.3665 0.15001 -0.113949
1.44459 0.15001 -2.14768
1.05248 0.15001 -1.26657
1.85655 0.15001 1.31013
-2.4349 0.15001 2.84999
2.50733 0.15001 2.09687
1.03309 0.15001 1.405
2.3548 0.15001 -0.287855
-2.84999 0.15001 -1.91591
1.98953 0.15001 -2.1879
2.18 0.15001 -1.70976
2.16891 0.15001 -1.90009
-0.479031 0.15001 0.140313
0.669839 0.15001 2.67862
2.1763 0.15001 2.50655
-2.30247 0.15001 -1.84255
2.17517 0.15001 1.89747
0.871844 0.15001 0.161139
0.208488 0.15001 -0.235944
1.20788 0.15001 -0.780741
-0.135973 0.15001 0.144603
1.98026 0.15001 -2.38138
0.564535 0.15001 -1.96937
-0.262857 0.15001 1.81809
-1.16663 0.15001 1.97034
-0.912313 0.15001 0.254144
2.68462 0.15001 0.464061
1.08156 0.15001 2.32717
2.84999 0.15001 -1.50978
1.03791 0.15001 1.79672
-1.96148 0.15001 2.32135
1.69084 0.15001 1.40422
2.51754 0.15001 1.3147
2.84999 0.15001 1.12557
2.84999 0.15001 1.50749
2.68391 0.15001 1.22014
0.368107 0.15001 1.21258
0.0327826 0.15001 1.99648
2.68758 0.15001 -2.75301
2.84999 0.15001 -2.08394
1.38698 0.15001 -1.64699
2.6853 0.15001 -0.0984623
0.204942 0.15001 0.534519
2.35506 0.15001 -0.851088
2.02534 0.15001 -1.42315
2.84999 0.15001 1.89258
-0.161993 0.15001 2.33078
2.84999 0.15001 0.935721
2.84999 0.15001 -1.70115
-1.14753 0.15001 -2.14311
2.33413 0.15001 -1.99745
1.36569 0.15001 0.0749343
2.67575 0.15001 -2.18322
2.3546 0.15001 -0.100366
1.52888 0.15001 0.737924
2.68428 0.15001 -1.22709
-1.96311 0.15001 1.24867
-0.84568 0.15001 -0.0812971
1.63604 0.15001 -2.13443
2.1865 0.15001 -1.51867
-0.0418923 0.15001 -2.67374
0.857175 0.15001 -2.14274
-2.84999 0.15001 -0.36385
1.8271 0.15001 -2.49655
0.881657 0.15001 2.33361
-0.760268 0.15001 1.28132
-1.23172 0.15001 0.385643
1.78092 0.15001 2.84999
0.667216 0.15001 -1.79614
1.82214 0.15001 -2.09453
2.00329 0.15001 -1.80346
1.42692 0.15001 -2.84999
0.962708 0.15001 -1.62536
-1.06152 0.15001 2.14519
1.03979 0.15001 -0.309641
1.69347 0.15001 0.645241
2.84999 0.15001 2.67013
2.78762 0.15001 2.84999
1.26576 0.15001 -1.79762
2.84999 0.15001 -2.27501
0.651081 0.15001 -2.49702
-0.306893 0.15001 -0.544256
0.717656 0.15001 -0.894341
0.763633 0.15001 -1.96858
1.38149 0.15001 2.14388
0.880691 0.15001 -0.791053
0.704328 0.15001 1.60312
-1.76264 0.15001 2.31676
0.171175 0.15001 2.14287
-0.133303 0.15001 0.921841
0.538417 0.15001 0.537292
2.51165 0.15001 1.89698
2.84999 0.15001 -0.753421
-2.50541 0.15001 1.60838
2.51383 0.15001 1.70286
1.68271 0.15001 1.79236
2.01154 0.15001 1.79939
0.370976 0.15001 0.822687
-0.654216 0.15001 -0.0326487
-0.764693 0.15001 -0.417921
-0.337563 0.15001 -1.45189
0.0407291 0.15001 -0.530862
-0.864019 0.15001 1.10869
1.85889 0.15001 0.175864
-1.69365 0.15001 0.122852
0.569645 0.15001 2.14979
1.07723 0.15001 2.67673
1.19746 0.15001 1.30724
-2.84999 0.15001 0.617203
2.15647 0.15001 -2.28407
0.153293 0.15001 2.50404
-0.30747 0.15001 0.240225
1.36459 0.15001 0.452654
-1.36051 0.15001 0.915811
2.02341 0.15001 0.271761
2.84999 0.15001 1.70048
0.374548 0.15001 0.0563586
-0.361496 0.15001 1.98938
1.04592 0.15001 -2.49509
2.32863 0.15001 -2.38514
2.68289 0.15001 -1.60703
1.23281 0.15001 -2.84999
2.32857 0.15001 -2.57857
1.37854 0.15001 2.84999
1.85803 0.15001 0.930084
2.5184 0.15001 1.12454
2.17919 0.15001 1.70277
2.84999 0.15001 0.746577
1.33654 0.15001 -2.67198
2.32777 0.15001 -2.18935
0.204458 0.15001 0.726107
1.69915 0.15001 -1.05165
0.460662 0.15001 2.67691
-1.16318 0.15001 2.31898
0.979127 0.15001 2.50393
2.5912 0.15001 2.84999
2.34862 0.15001 -1.61322
2.68516 0.15001 0.0888515
1.20185 0.15001 -0.0222561
-0.137362 0.15001 0.339763
-0.555694 0.15001 1.28371
1.8581 0.15001 0.552523
0.0504745 0.15001 2.32216
0.869998 0.15001 0.730662
0.364112 0.15001 1.79801
2.50382 0.15001 -2.09178
1.17995 0.15001 2.50093
-2.16188 0.15001 1.60556
0.703832 0.15001 1.01721
2.50934 0.15001 -1.89909
1.53191 0.15001 -0.394303
2.68534 0.15001 -0.285623
2.84999 0.15001 -0.565898
2.02491 0.15001 -0.291908
2.18986 0.15001 -1.32613
-0.561354 0.15001 1.62949
1.27873 0.15001 2.67518
2.51969 0.15001 -0.00545023
2.67742 0.15001 -2.56318
0.883228 0.15001 -0.983873
2.68511 0.15001 -0.660298
2.53021 0.15001 -2.84999
2.02402 0.15001 0.0837817
1.68796 0.15001 1.59754
2.18875 0.15001 0.179526
2.00359 0.15001 2.18889
1.36125 0.15001 1.79966
2.3542 0.15001 0.087199
0.159352 0.15001 -2.67507
1.0435 0.15001 -0.690008
2.51401 0.15001 -1.70647
0.0362294 0.15001 0.0498793
1.69514 0.15001 -0.108727
1.69655 0.15001 -0.485457
1.8613 0.15001 -0.576454
-0.165054 0.15001 1.65135
-0.303158 0.15001 1.02036
2.84999 0.15001 0.370172
2.01948 0.15001 -1.61533
2.51739 0.15001 -1.51416
-0.858973 0.15001 0.769202
2.6846 0.15001 -1.03693
0.452877 0.15001 -2.50221
2.84999 0.15001 -0.94147
-0.309337 0.15001 0.441609
1.52788 0.15001 1.11652
-0.563369 0.15001 1.97994
2.1876 0.15001 0.744013
2.68416 0.15001 1.03064
-2.84999 0.15001 1.00895
0.868558 0.15001 1.30916
1.67655 0.15001 2.67098
1.77235 0.15001 2.49888
0.365526 0.15001 1.40838
1.99988 0.15001 -2.84999
1.47923 0.15001 2.67085
2.67853 0.15001 -1.99158
-0.46261 0.15001 2.15581
2.519 0.15001 -1.32358
0.942417 0.15001 -2.6727
0.74407 0.15001 -2.67499
1.55251 0.15001 -1.55006
0.0345086 0.15001 0.629471
-0.946987 0.15001 -2.14425
-2.67631 0.15001 0.519318
-1.2714 0.15001 1.44388
2.17228 0.15001 2.09334
0.874819 0.15001 -0.218477
1.19908 0.15001 1.69547
1.19974 0.15001 0.734218
1.70048 0.15001 -1.43178
2.35494 0.15001 -0.475373
0.205403 0.15001 0.149279
1.86051 0.15001 -0.388396
-0.48789 0.15001 -0.452512
2.19069 0.15001 -0.758995
2.84999 0.15001 2.28381
2.51918 0.15001 -1.13301
2.84999 0.15001 -2.65729
1.53248 0.15001 -2.67077
2.18855 0.15001 -2.84999
0.567622 0.15001 -1.6265
1.83606 0.15001 -1.70727
1.67285 0.15001 2.3268
1.69232 0.15001 1.21303
1.85424 0.15001 1.50277
2.68435 0.15001 0.652221
2.51805 0.15001 0.934893
1.47011 0.15001 -1.8202
0.856356 0.15001 -1.44458
0.382724 0.15001 -0.712899
2.34255 0.15001 -1.80479
0.540809 0.15001 0.155056
0.703254 0.15001 1.21133
2.51998 0.15001 -0.380182
2.84999 0.15001 -0.191657
2.33566 0.15001 2.19824
2.84999 0.15001 -0.00456696
1.1984 0.15001 1.11453
2.15147 0.15001 -2.47856
-0.34176 0.15001 -2.84999
2.51977 0.15001 -0.75544
1.69342 0.15001 0.834072
1.97812 0.15001 2.49283
2.84999 0.15001 -1.32015
2.02284 0.15001 0.836976
1.53042 0.15001 -0.0169516
2.35508 0.15001 -0.663033
2.51991 0.15001 -0.567665
2.84999 0.15001 -2.84999
2.02708 0.15001 -1.23259
-2.15969 0.15001 0.425706
2.12687 0.15001 -2.66876
2.02451 0.15001 -0.104106
1.52863 0.15001 0.92698
-0.465702 0.15001 -0.0538599
-1.44187 0.15001 0.726632
0.542435 0.15001 -0.0357675
1.53609 0.15001 -1.15294
2.68527 0.15001 -0.472811
1.03415 0.15001 1.01804
2.02723 0.15001 -1.04377
-0.472337 0.15001 0.745563
-1.49841 0.15001 -0.379636
1.36352 0.15001 1.0202
1.21007 0.15001 -0.972079
1.57879 0.15001 2.84999
1.36419 0.15001 0.830706
2.51396 0.15001 -2.65917
2.67163 0.15001 -2.37467
2.68489 0.15001 -0.848203
1.04157 0.15001 -0.49963
1.38111 0.15001 -1.45535
0.373215 0.15001 0.248205
1.53731 0.15001 -1.3465
1.57881 0.15001 2.15203
2.02275 0.15001 0.648264
2.68169 0.15001 1.60631
2.68104 0.15001 -1.79954
1.99513 0.15001 -1.99509
0.876683 0.15001 -0.408719
2.84999 0.15001 -0.378678
0.704148 0.15001 0.824829
2.35364 0.15001 0.274872
0.86951 0.15001 0.921553
-0.355059 0.15001 2.67699
0.673686 0.15001 2.32823
2.34755 0.15001 1.6049
