1000 0.1
1.86666 0.15001 -0.0466398
-2.67508 0.15001 0.870674
-2.50285 0.15001 -2.3294
-2.32663 0.15001 -2.43207
-2.84861 0.15001 -0.560232
2.84999 0.15001 1.30562
1.38365 0.15001 1.92513
-1.59482 0.15001 1.5748
-1.4814 0.15001 -0.792305
-0.729072 0.15001 -0.0785438
-2.66487 0.15001 2.25188
0.598603 0.15001 2.84999
-0.296625 0.15001 1.32261
2.84999 0.15001 0.52702
-0.724616 0.15001 1.61425
-0.214438 0.15001 -2.01266
-0.310462 0.15001 -1.18672
0.198983 0.15001 -1.30419
-0.947983 0.15001 0.41759
-0.125441 0.15001 1.23749
-2.16777 0.15001 -1.96124
-2.8476 0.15001 -2.10497
-0.764659 0.15001 -0.921487
-1.74682 0.15001 -2.51024
-1.42393 0.15001 -2.13183
2.52521 0.15001 0.526498
-2.67565 0.15001 -1.82541
-0.463203 0.15001 -2.67183
-2.48397 0.15001 0.382392
-1.62716 0.15001 1.37872
-2.15281 0.15001 -0.948687
0.23068 0.15001 -0.522089
-1.89406 0.15001 -0.428523
-2.04764 0.15001 -1.46663
0.641547 0.15001 -2.84999
-2.34061 0.15001 -0.946073
0.579816 0.15001 -1.09007
-1.55286 0.15001 -1.3091
-1.12593 0.15001 0.916532
-2.84879 0.15001 0.00654222
-0.160139 0.15001 -2.50381
-1.67938 0.15001 -0.785469
-0.438973 0.15001 -1.04793
0.746668 0.15001 -2.3367
-0.0122141 0.15001 -1.6707
-0.759215 0.15001 -2.13239
0.305447 0.15001 2.66974
-0.194645 0.15001 2.84999
-1.19309 0.15001 -0.621723
-2.67257 0.15001 1.86694
-1.66073 0.15001 -1.82542
-2.49972 0.15001 -1.52294
-1.06233 0.15001 0.572842
-1.45958 0.15001 -1.13803
-1.01467 0.15001 2.84999
-1.84337 0.15001 2.08706
-2.67524 0.15001 1.67471
-2.84999 0.15001 2.35713
-2.3435 0.15001 1.25725
0.880204 0.15001 1.45304
-0.536 0.15001 -1.22349
1.43094 0.15001 -2.50323
-1.37009 0.15001 -0.964643
-0.967776 0.15001 -0.939216
-0.642479 0.15001 0.910069
-1.21171 0.15001 0.171726
0.0804714 0.15001 -0.821611
-1.63808 0.15001 0.455429
-2.66797 0.15001 2.05721
-2.84999 0.15001 0.774517
-2.6632 0.15001 -2.63219
-2.84999 0.15001 -1.5197
-2.67363 0.15001 -0.0901014
1.04275 0.15001 0.770213
2.84999 0.15001 0.149834
-2.68255 0.15001 1.27597
-2.84999 0.15001 1.37736
-2.84999 0.15001 0.195489
-1.43778 0.15001 1.45851
-0.712197 0.15001 1.9767
-2.67771 0.15001 -2.2146
-2.15076 0.15001 -2.84999
-1.25891 0.15001 -1.13585
-2.48832 0.15001 -0.390762
-0.611031 0.15001 2.50637
-2.84999 0.15001 2.56491
-2.12661 0.15001 0.787656
-2.85 0.15001 1.96989
-2.29582 0.15001 2.04344
-0.613453 0.15001 2.15145
-0.104162 0.15001 -1.50469
-2.68424 0.15001 -0.840667
-2.49607 0.15001 -2.53328
-1.14781 0.15001 -1.30219
-2.49087 0.15001 -0.00487791
-1.91789 0.15001 -0.0782213
-1.75503 0.15001 1.15131
-2.33061 0.15001 1.06567
0.399653 0.15001 2.84999
-2.32048 0.15001 1.65189
-1.25778 0.15001 -2.32121
-0.107026 0.15001 1.98759
-2.3381 0.15001 -1.63693
2.68035 0.15001 1.99959
1.53449 0.15001 1.26195
-0.928074 0.15001 1.60627
1.83567 0.15001 -1.91514
-0.56346 0.15001 -2.49477
1.70592 0.15001 -0.333288
2.36327 0.15001 -1.06981
2.35115 0.15001 -2.84999
-0.0119668 0.15001 -0.989309
-1.65996 0.15001 -1.13184
-0.103507 0.15001 -0.342562
0.276129 0.15001 -1.11844
-2.67645 0.15001 -0.652486
-0.361647 0.15001 -2.49951
-2.66675 0.15001 -2.43268
-0.402383 0.15001 2.84999
-2.6847 0.15001 -0.277929
-1.64163 0.15001 -2.68008
2.19776 0.15001 1.09317
0.36792 0.15001 -1.99984
-1.69521 0.15001 -0.430071
-2.02267 0.15001 0.0864835
-0.089538 0.15001 2.67641
-1.78189 0.15001 -1.98732
0.561427 0.15001 -0.499399
-0.107418 0.15001 0.648283
0.718566 0.15001 0.568462
-2.33113 0.15001 -1.29431
-0.206105 0.15001 -1.34527
0.59173 0.15001 -1.29373
-2.33721 0.15001 -2.03851
-2.84999 0.15001 -2.66473
-0.662249 0.15001 -2.67459
0.777356 0.15001 -1.33975
-1.71964 0.15001 0.810802
-1.51625 0.15001 0.841047
-2.84999 0.15001 1.57774
-1.2073 0.15001 -1.81238
-0.671133 0.15001 -1.948
-0.825692 0.15001 -1.43333
-2.6856 0.15001 -1.0341
-0.628102 0.15001 0.293079
1.37435 0.15001 0.215576
-1.5609 0.15001 1.19277
-1.23611 0.15001 1.75631
-2.84999 0.15001 2.16083
-1.72639 0.15001 0.269724
0.241468 0.15001 -0.919987
-2.29262 0.15001 -2.65239
0.0566196 0.15001 -0.233348
0.721133 0.15001 -0.197932
1.38189 0.15001 -0.536635
1.51345 0.15001 2.47985
-0.505967 0.15001 2.67955
-2.02835 0.15001 2.84999
-2.67951 0.15001 0.100043
-1.9949 0.15001 1.42066
-0.906086 0.15001 -1.61177
-2.84999 0.15001 -2.47921
-1.54085 0.15001 -2.84999
-2.05752 0.15001 -1.80461
-0.467904 0.15001 -0.727952
-0.855717 0.15001 -1.09691
-2.28637 0.15001 0.451374
-1.64575 0.15001 -2.34377
-0.818778 0.15001 0.25933
-2.84999 0.15001 2.84928
-0.855616 0.15001 -2.67589
1.37838 0.15001 -0.349411
-2.15567 0.15001 1.14966
-1.38996 0.15001 -0.623894
-2.6686 0.15001 2.653
-2.12766 0.15001 1.7374
-2.0939 0.15001 -0.425114
-2.48561 0.15001 2.54933
-0.62438 0.15001 1.43378
-1.6393 0.15001 2.45131
-1.34264 0.15001 -2.84999
-0.127353 0.15001 -0.148444
-2.84999 0.15001 -0.746989
-1.28056 0.15001 -0.789296
0.0854324 0.15001 -1.15174
0.73739 0.15001 -0.772917
-1.75248 0.15001 -1.64498
-2.309 0.15001 1.84843
-2.67313 0.15001 0.67848
-1.8228 0.15001 2.84999
-1.25387 0.15001 0.544133
0.28792 0.15001 -1.47682
-2.84999 0.15001 -0.939005
-2.84999 0.15001 -0.180476
-1.45349 0.15001 -2.32641
0.219051 0.15001 1.0499
-2.66635 0.15001 2.45072
-2.14753 0.15001 0.590536
-2.30948 0.15001 2.24181
0.231693 0.15001 1.85579
-0.761391 0.15001 -2.50145
-1.96206 0.15001 -0.948654
1.37118 0.15001 1.54544
1.53823 0.15001 0.317168
0.203982 0.15001 1.65653
-0.197902 0.15001 2.50722
-0.510526 0.15001 -1.54243
2.36248 0.15001 1.00218
1.37367 0.15001 0.593509
2.34248 0.15001 1.79234
1.72718 0.15001 -1.26525
-1.14702 0.15001 -2.84999
-1.16926 0.15001 -0.95793
-0.406462 0.15001 -1.69706
-1.05618 0.15001 -2.3197
-0.412428 0.15001 -1.36506
-0.950417 0.15001 -2.84999
-1.76742 0.15001 -0.957117
-2.67499 0.15001 -2.02119
-2.6782 0.15001 1.47357
-2.84999 0.15001 -1.71856
-2.4974 0.15001 -1.93167
2.19657 0.15001 1.28475
-0.404695 0.15001 1.78474
-2.49863 0.15001 1.76357
-1.94987 0.15001 -2.50471
-2.49718 0.15001 0.577029
-1.53191 0.15001 2.6467
0.350107 0.15001 2.29747
-0.430619 0.15001 1.4549
-1.84501 0.15001 -2.67827
-2.68215 0.15001 1.07599
-1.3538 0.15001 -1.3125
0.0488913 0.15001 1.14726
0.895865 0.15001 -0.663394
-1.98619 0.15001 -0.599902
-0.809628 0.15001 2.15169
-2.08574 0.15001 -0.768181
-1.78406 0.15001 1.52358
-2.84999 0.15001 0.387934
-0.87448 0.15001 -1.95717
0.834995 0.15001 -2.84999
-2.67214 0.15001 -0.463925
0.545064 0.15001 1.45014
1.20951 0.15001 0.49175
-0.989699 0.15001 -0.608867
2.03164 0.15001 1.37378
2.36116 0.15001 0.431705
-2.12585 0.15001 0.248677
-1.61812 0.15001 2.84998
-2.49672 0.15001 -2.72773
-0.651785 0.15001 -1.07521
-1.04794 0.15001 -2.67588
1.54374 0.15001 -2.33061
0.469511 0.15001 -1.82442
-0.309532 0.15001 1.1292
-1.33359 0.15001 2.29535
-2.30877 0.15001 0.869675
-0.283303 0.15001 0.738445
-2.64782 0.15001 2.84999
-1.51197 0.15001 -0.0692762
0.0629466 0.15001 -0.433426
-1.95468 0.15001 0.603278
-0.287872 0.15001 -0.386166
-2.48519 0.15001 2.15075
-2.31907 0.15001 -0.0986686
-2.04429 0.15001 2.11993
-1.92791 0.15001 2.65686
-1.72871 0.15001 2.65313
0.109127 0.15001 2.67112
1.03346 0.15001 -2.84999
2.36082 0.15001 1.19487
-2.14976 0.15001 -2.51587
0.858751 0.15001 -1.82284
1.21351 0.15001 -0.264403
-2.32461 0.15001 0.669844
0.877117 0.15001 1.05565
-1.41586 0.15001 2.1132
0.00605633 0.15001 2.84999
-0.4735 0.15001 0.80609
-0.557516 0.15001 -2.84999
-1.44056 0.15001 -2.67733
-1.95191 0.15001 -1.63548
1.42243 0.15001 2.30886
-2.50246 0.15001 -0.743443
-1.82305 0.15001 0.0918176
0.728913 0.15001 -0.581302
-1.94789 0.15001 -1.30054
-2.17305 0.15001 1.34343
1.73152 0.15001 1.80023
-2.65067 0.15001 -2.84999
0.379216 0.15001 -1.64853
-1.05057 0.15001 1.09564
1.15786 0.15001 -1.99758
0.252071 0.15001 -2.51737
-0.120114 0.15001 -0.54166
-1.13019 0.15001 -0.122075
-2.05129 0.15001 0.975741
-1.43827 0.15001 2.46688
-1.64031 0.15001 0.993886
-0.756168 0.15001 -2.84999
2.67493 0.15001 2.19797
-2.50241 0.15001 -2.13093
2.68861 0.15001 0.814178
-2.00349 0.15001 -0.253699
-0.205279 0.15001 2.15832
1.86819 0.15001 -0.233799
0.409776 0.15001 2.49475
2.68508 0.15001 1.40239
1.70236 0.15001 0.0411704
0.797404 0.15001 2.84999
-0.857352 0.15001 -2.31654
-0.208375 0.15001 -1.6818
-2.24142 0.15001 -1.46608
-2.84999 0.15001 -2.84999
-1.21436 0.15001 -0.290852
1.88253 0.15001 -1.35611
-1.05826 0.15001 0.0512259
-1.82343 0.15001 1.33083
-1.57114 0.15001 0.649453
-0.95508 0.15001 -2.50019
-0.745332 0.15001 -1.2521
2.19846 0.15001 -0.600366
-2.32094 0.15001 0.256378
-0.688031 0.15001 -0.408898
-1.41426 0.15001 1.66826
-1.03801 0.15001 1.42337
-1.79782 0.15001 1.72859
0.419093 0.15001 -0.991085
-0.828224 0.15001 1.43583
-2.29015 0.15001 -0.420047
-0.108826 0.15001 -1.16877
1.25006 0.15001 -1.21213
1.38425 0.15001 1.73519
-2.12252 0.15001 1.93297
-1.9626 0.15001 1.61693
1.13306 0.15001 -2.67734
-2.51045 0.15001 1.36668
-0.0220551 0.15001 -2.01108
-0.934865 0.15001 0.93724
-2.84999 0.15001 -1.1308
-0.261993 0.15001 -2.67582
1.55769 0.15001 -0.995493
1.95483 0.15001 2.33215
2.03274 0.15001 0.427322
1.98498 0.15001 1.95589
1.70227 0.15001 0.229217
0.22646 0.15001 0.259622
-0.929434 0.15001 1.25143
0.865697 0.15001 1.86933
-2.50367 0.15001 -1.73337
2.19443 0.15001 -0.0389642
0.0664944 0.15001 -2.17896
-0.00108258 0.15001 -1.32656
-1.07857 0.15001 -1.97044
2.07815 0.15001 2.67273
-1.6208 0.15001 2.09385
0.994722 0.15001 2.84999
-0.712058 0.15001 2.6765
2.03217 0.15001 1.18215
1.23499 0.15001 -2.5058
-1.85849 0.15001 -1.12801
1.22129 0.15001 -0.640646
1.20301 0.15001 1.45156
-1.7129 0.15001 -0.0781577
-1.28548 0.15001 -1.99179
0.0579695 0.15001 0.750597
-2.51468 0.15001 1.1727
2.84999 0.15001 2.48246
0.101391 0.15001 2.32511
1.04976 0.15001 -2.16306
2.19496 0.15001 -0.226027
-0.159497 0.15001 -2.84999
-0.358674 0.15001 -2.13966
-1.54469 0.15001 -2.50937
-2.50142 0.15001 0.187208
0.789628 0.15001 2.44743
-2.84999 0.15001 1.17811
-0.606764 0.15001 2.84999
0.0627435 0.15001 0.351823
-0.0433945 0.15001 -2.34598
0.236206 0.15001 -0.716788
1.60966 0.15001 -2.84999
-1.60025 0.15001 1.76853
-0.909274 0.15001 2.32377
-2.03235 0.15001 2.48612
-1.83978 0.15001 0.434962
-1.24504 0.15001 -1.48197
-1.24774 0.15001 1.07408
-2.84999 0.15001 1.77655
-2.18695 0.15001 -0.595808
0.394683 0.15001 -1.27884
-1.01301 0.15001 0.235161
0.224735 0.15001 -0.129544
1.05915 0.15001 -1.83391
2.19633 0.15001 0.336296
-1.92367 0.15001 0.797889
1.04794 0.15001 0.0103781
-1.41467 0.15001 2.84999
2.03381 0.15001 0.992704
0.175673 0.15001 -2.00361
2.46837 0.15001 2.683
0.389978 0.15001 0.557446
0.723963 0.15001 2.19453
1.53864 0.15001 0.505861
0.343353 0.15001 2.02385
-1.01798 0.15001 2.49822
-1.08218 0.15001 -0.779581
-0.304114 0.15001 1.98694
1.85465 0.15001 1.65584
1.5769 0.15001 -1.98125
-1.85118 0.15001 -1.47032
-2.51549 0.15001 -1.32548
-1.78539 0.15001 -0.604222
-1.24465 0.15001 -2.67406
-1.86166 0.15001 -1.81089
2.20249 0.15001 -1.16561
0.0936826 0.15001 -1.49164
-0.106269 0.15001 1.64424
0.00773802 0.15001 2.49987
-2.39786 0.15001 -0.578616
-1.74319 0.15001 -2.84999
0.0499798 0.15001 -2.51473
-0.48727 0.15001 -0.391755
-0.207742 0.15001 -1.00429
0.888117 0.15001 2.06668
0.606356 0.15001 2.50564
-1.33419 0.15001 0.325659
-1.80564 0.15001 -0.252494
0.556521 0.15001 0.272768
-2.13995 0.15001 -1.29441
-1.7224 0.15001 -2.16941
0.446558 0.15001 -2.84999
0.264129 0.15001 -2.17273
-2.84999 0.15001 -2.29146
2.19647 0.15001 -0.413074
2.84999 0.15001 -1.91593
0.840939 0.15001 -2.50689
-1.21736 0.15001 2.13443
0.929564 0.15001 -1.23309
-1.9464 0.15001 -2.17193
1.2105 0.15001 0.302446
1.79559 0.15001 1.98952
2.36331 0.15001 0.810878
0.882658 0.15001 0.478679
0.507794 0.15001 1.90474
2.64129 0.15001 2.59674
0.378004 0.15001 1.54975
1.23065 0.15001 2.0369
0.217417 0.15001 1.24854
1.80118 0.15001 -2.2955
2.523 0.15001 0.149814
2.04027 0.15001 -0.88352
1.88377 0.15001 -1.1666
-1.60415 0.15001 -0.253256
-0.799082 0.15001 0.791828
-1.22977 0.15001 2.48456
2.68059 0.15001 1.80017
1.04361 0.15001 1.55062
-0.405629 0.15001 2.506
1.3684 0.15001 -1.99145
-1.30175 0.15001 -0.45882
0.0826343 0.15001 -1.83623
-0.457912 0.15001 -2.32086
-1.15187 0.15001 -2.49804
-1.64835 0.15001 -1.4795
-0.811107 0.15001 2.84999
-1.83686 0.15001 2.46966
-0.494018 0.15001 1.26237
0.222274 0.15001 0.851473
1.55238 0.15001 -0.807502
-0.252918 0.15001 -0.695687
-1.84476 0.15001 -2.33644
-0.301085 0.15001 2.32996
2.35721 0.15001 1.39059
-0.107107 0.15001 -0.81688
0.392035 0.15001 0.363122
-1.53333 0.15001 2.27253
2.17253 0.15001 2.84999
1.19086 0.15001 2.84998
0.952657 0.15001 -1.99472
0.0600348 0.15001 0.155293
-0.593154 0.15001 -1.76055
-1.40551 0.15001 -0.244736
-1.58503 0.15001 -2.01275
-1.58783 0.15001 -0.611431
-1.44212 0.15001 0.494921
-1.72612 0.15001 1.92366
-2.23319 0.15001 2.84999
-1.1275 0.15001 2.66953
0.723702 0.15001 -0.389459
-1.05604 0.15001 -1.12007
0.551223 0.15001 0.853899
-0.268098 0.15001 0.541847
1.08 0.15001 -1.50181
-0.91781 0.15001 2.6774
-1.02447 0.15001 -1.45742
-1.92847 0.15001 0.256617
-2.48337 0.15001 2.34995
-1.03306 0.15001 1.7776
1.86715 0.15001 0.328849
0.862932 0.15001 1.66941
0.0484923 0.15001 1.5387
2.66556 0.15001 2.39527
2.49716 0.15001 2.29191
2.50451 0.15001 -2.30194
-1.12084 0.15001 1.60122
-1.44439 0.15001 1.03542
1.53821 0.15001 0.128454
-0.710864 0.15001 2.32659
-0.659348 0.15001 -2.31624
-2.04481 0.15001 -2.68129
-0.343305 0.15001 -0.87207
-2.0529 0.15001 -1.12074
-2.34787 0.15001 -2.84999
-0.558988 0.15001 -2.14284
-1.94465 0.15001 -2.84999
-2.49242 0.15001 1.95664
2.19925 0.15001 0.902903
0.720407 0.15001 0.184515
1.40158 0.15001 -1.10235
2.2023 0.15001 -0.976182
-1.75141 0.15001 -1.30221
1.34358 0.15001 -2.33335
2.52394 0.15001 0.337598
-0.614291 0.15001 1.79838
-2.47177 0.15001 -1.12797
-1.84845 0.15001 0.979432
-0.663762 0.15001 0.10264
-0.75865 0.15001 0.442727
-2.1155 0.15001 -0.0803448
-2.66664 0.15001 0.293671
-0.259728 0.15001 -2.32676
2.49968 0.15001 -2.48979
-2.20094 0.15001 -0.2526
-0.792812 0.15001 -1.77613
-2.25112 0.15001 -1.1195
0.884711 0.15001 -0.0928663
2.36276 0.15001 0.620766
1.04656 0.15001 0.389872
-0.113961 0.15001 -1.84603
1.37088 0.15001 1.16129
2.3329 0.15001 1.98799
1.70299 0.15001 0.41754
1.56966 0.15001 1.898
0.215057 0.15001 1.45086
0.720283 0.15001 -0.0069086
2.31541 0.15001 2.39115
0.684613 0.15001 1.79463
-0.0984389 0.15001 0.449668
-0.706918 0.15001 -1.58934
2.51853 0.15001 1.49645
1.97794 0.15001 2.84999
0.771296 0.15001 -1.64798
1.87692 0.15001 -0.793177
1.16304 0.15001 -1.67055
2.84999 0.15001 2.0999
1.2164 0.15001 -0.452591
2.14876 0.15001 2.27748
0.05299 0.15001 0.949476
0.0416424 0.15001 -2.84999
0.354126 0.15001 -2.34523
0.278093 0.15001 -1.83065
-0.309246 0.15001 -1.85563
1.14448 0.15001 -2.3334
2.68648 0.15001 -1.44638
-1.4465 0.15001 -1.85585
-1.2136 0.15001 2.84999
1.70315 0.15001 0.981847
-2.33353 0.15001 1.45167
1.62489 0.15001 -2.50171
1.79783 0.15001 -2.84999
1.04904 0.15001 -0.178816
-2.67936 0.15001 -1.42615
-0.932214 0.15001 -0.10458
1.54749 0.15001 -0.620682
-2.84999 0.15001 -1.32125
-0.559453 0.15001 -0.901248
1.41264 0.15001 -1.30056
-1.44964 0.15001 -1.48948
0.347207 0.15001 -2.68409
1.08432 0.15001 -1.12527
0.557156 0.15001 -0.305882
1.04106 0.15001 1.15401
2.0376 0.15001 -0.69645
0.883813 0.15001 0.28775
-1.52668 0.15001 0.285794
-2.67391 0.15001 -1.62529
-2.1281 0.15001 2.31641
-1.76188 0.15001 0.6173
1.25225 0.15001 -2.16343
-0.874753 0.15001 -0.764344
-0.302533 0.15001 -0.0378279
-1.12023 0.15001 -1.63507
0.544028 0.15001 -2.68455
-1.10389 0.15001 -0.455008
-0.995233 0.15001 0.755899
-1.30581 0.15001 1.94729
2.52613 0.15001 0.716855
2.19813 0.15001 0.524605
0.897343 0.15001 2.67559
0.157477 0.15001 -2.34766
-2.12844 0.15001 2.65958
-1.33247 0.15001 2.65689
-2.22831 0.15001 0.0799952
2.84999 0.15001 -1.16229
-1.34889 0.15001 -2.49936
1.85448 0.15001 2.67784
-1.56918 0.15001 -0.963557
-2.24489 0.15001 2.48188
-0.941534 0.15001 -1.27947
-2.15075 0.15001 -2.15452
-1.87963 0.15001 -0.774483
-0.507033 0.15001 2.33015
-1.92865 0.15001 1.88469
-2.52491 0.15001 -0.935988
1.36815 0.15001 1.35332
1.86962 0.15001 0.70486
2.52476 0.15001 -0.974394
1.07172 0.15001 -0.935507
0.667766 0.15001 -1.48656
-2.33127 0.15001 -2.23315
2.36029 0.15001 -1.45025
-0.617357 0.15001 1.1083
-2.29585 0.15001 -0.756749
-2.33237 0.15001 2.67547
-2.50012 0.15001 0.772856
0.386376 0.15001 0.950856
0.720092 0.15001 0.376364
-0.120414 0.15001 1.04374
0.399829 0.15001 -0.606617
-1.54823 0.15001 -1.6643
1.20626 0.15001 0.870227
-0.99661 0.15001 -1.79073
-0.133595 0.15001 -2.17837
2.03494 0.15001 -0.509553
-2.14598 0.15001 -1.63553
0.714431 0.15001 1.35158
0.549757 0.15001 1.25
1.86738 0.15001 1.08152
0.694371 0.15001 1.99507
-0.576724 0.15001 0.486427
1.53462 0.15001 1.45265
0.0450438 0.15001 1.34533
0.551269 0.15001 1.05033
-1.97607 0.15001 -1.98228
1.04737 0.15001 0.199987
2.19157 0.15001 1.48154
1.24688 0.15001 2.22968
1.61636 0.15001 2.29279
1.87142 0.15001 -1.54012
2.36251 0.15001 -1.25961
0.247125 0.15001 -2.84999
1.06497 0.15001 2.15178
1.71258 0.15001 -0.705845
-1.41 0.15001 0.116723
-0.471097 0.15001 -1.9642
1.04939 0.15001 1.95027
-1.16592 0.15001 1.26149
0.203463 0.15001 2.84999
-0.632681 0.15001 -1.40066
1.67092 0.15001 -1.80545
0.184386 0.15001 -1.66035
0.755921 0.15001 -1.15451
1.71669 0.15001 -0.892223
1.89883 0.15001 -2.66933
-0.672375 0.15001 -0.74667
-1.18835 0.15001 0.733968
-1.50052 0.15001 1.93696
-0.813966 0.15001 2.50429
2.1675 0.15001 -2.11857
0.653878 0.15001 -2.16605
0.944578 0.15001 -2.33336
1.25955 0.15001 -1.41726
-2.06427 0.15001 -2.33648
1.39397 0.15001 -0.911747
-1.37435 0.15001 1.26933
-1.31351 0.15001 -0.0584652
1.211 0.15001 0.113125
-2.50862 0.15001 -0.201549
0.457791 0.15001 -2.16947
0.553512 0.15001 0.659198
0.579067 0.15001 -0.883717
-0.895357 0.15001 -0.432811
0.56857 0.15001 -0.692019
1.54097 0.15001 -0.247296
0.199619 0.15001 2.1575
0.391603 0.15001 -0.218901
-0.908502 0.15001 1.97614
-2.5029 0.15001 0.971825
1.71114 0.15001 -2.67273
0.550004 0.15001 -2.34263
2.84999 0.15001 -2.47701
0.394486 0.15001 -0.412456
1.38716 0.15001 -0.723811
0.480173 0.15001 -1.46014
2.6872 0.15001 0.243554
2.02493 0.15001 1.57124
-0.823808 0.15001 1.7908
2.37214 0.15001 2.84999
1.0449 0.15001 0.579933
2.52242 0.15001 -0.223926
-0.44581 0.15001 0.346728
2.48052 0.15001 2.48858
-0.637387 0.15001 0.676377
-1.01405 0.15001 -0.280319
1.88034 0.15001 -0.979612
2.27753 0.15001 2.64549
0.549884 0.15001 1.64737
-0.391413 0.15001 -0.215593
-1.34409 0.15001 -1.66542
-2.679 0.15001 -1.22384
1.37622 0.15001 -0.161742
1.44998 0.15001 -2.1624
1.09602 0.15001 -1.31645
1.8664 0.15001 1.27099
-2.44556 0.15001 2.84999
2.50333 0.15001 2.09429
1.04115 0.15001 1.35004
2.3589 0.15001 -0.317875
-2.84999 0.15001 -1.91654
1.98622 0.15001 -2.2163
2.18776 0.15001 -1.73852
2.17687 0.15001 -1.92673
-0.473619 0.15001 0.150358
0.701979 0.15001 2.67672
2.14456 0.15001 2.48301
-2.3191 0.15001 -1.83817
2.1683 0.15001 1.87904
0.88415 0.15001 0.0972049
0.227321 0.15001 -0.323949
1.22855 0.15001 -0.82881
-0.117487 0.15001 0.0501974
1.98712 0.15001 -2.40936
0.559509 0.15001 -1.99563
-0.30122 0.15001 1.6053
-1.10833 0.15001 1.96614
-0.862205 0.15001 0.0738956
2.68775 0.15001 0.431935
1.09321 0.15001 2.34692
2.84999 0.15001 -1.53911
1.03854 0.15001 1.74992
-1.93407 0.15001 2.29787
1.69993 0.15001 1.36038
2.52233 0.15001 1.29829
2.84999 0.15001 1.10856
2.84999 0.15001 1.50321
2.68688 0.15001 1.2047
0.385896 0.15001 1.14863
0.0369738 0.15001 1.78585
2.68944 0.15001 -2.75999
2.84999 0.15001 -2.1044
1.35353 0.15001 -1.66284
2.68667 0.15001 -0.130635
0.225591 0.15001 0.454325
2.36274 0.15001 -0.880831
2.03899 0.15001 -1.45254
2.84999 0.15001 1.89966
-0.102622 0.15001 2.32894
2.84999 0.15001 0.912501
2.84999 0.15001 -1.72747
-1.16494 0.15001 -2.14909
2.34282 0.15001 -2.02206
1.37482 0.15001 0.0266324
2.67752 0.15001 -2.20177
2.3584 0.15001 -0.131038
1.53862 0.15001 0.694181
2.68715 0.15001 -1.25805
-1.95911 0.15001 1.17747
-0.807925 0.15001 -0.256356
1.64455 0.15001 -2.16422
2.19615 0.15001 -1.54938
-0.0599128 0.15001 -2.6775
0.850665 0.15001 -2.16344
-2.84999 0.15001 -0.374288
1.81583 0.15001 -2.4924
0.905302 0.15001 2.27886
-0.730523 0.15001 1.26531
-1.1443 0.15001 0.380797
1.78119 0.15001 2.84999
0.664007 0.15001 -1.82195
1.82599 0.15001 -2.10435
2.01178 0.15001 -1.83078
1.41914 0.15001 -2.84999
0.970428 0.15001 -1.66404
-1.00708 0.15001 2.14844
1.05132 0.15001 -0.367877
1.70396 0.15001 0.605733
2.81757 0.15001 2.66746
2.84999 0.15001 2.84999
1.26255 0.15001 -1.83294
2.84999 0.15001 -2.29083
0.645033 0.15001 -2.51236
-0.380658 0.15001 -0.554354
0.745934 0.15001 -0.965832
0.756606 0.15001 -1.99292
1.42503 0.15001 2.11396
0.904398 0.15001 -0.854171
0.713441 0.15001 1.54752
-1.73668 0.15001 2.25939
0.0923096 0.15001 1.989
-0.111987 0.15001 0.844421
0.555763 0.15001 0.466122
2.5109 0.15001 1.89759
2.84999 0.15001 -0.785171
-2.50064 0.15001 1.56521
2.51347 0.15001 1.69802
1.56936 0.15001 1.69035
2.01109 0.15001 1.76732
0.388319 0.15001 0.753452
-0.597879 0.15001 -0.228141
-0.780457 0.15001 -0.58722
-0.306048 0.15001 -1.52069
0.0613894 0.15001 -0.629578
-0.810726 0.15001 1.0827
1.86641 0.15001 0.14094
-1.6159 0.15001 0.101341
0.525339 0.15001 2.11413
1.09459 0.15001 2.66009
1.205 0.15001 1.25378
-2.84999 0.15001 0.582243
2.15787 0.15001 -2.31077
0.210596 0.15001 2.48834
-0.279335 0.15001 0.15847
1.37408 0.15001 0.404718
-1.31778 0.15001 0.884615
2.03115 0.15001 0.239391
2.84999 0.15001 1.70022
0.390266 0.15001 -0.0262018
-0.205193 0.15001 1.8127
1.03788 0.15001 -2.50478
2.3274 0.15001 -2.40973
2.6855 0.15001 -1.6345
1.22756 0.15001 -2.84999
2.2773 0.15001 -2.66187
1.38825 0.15001 2.84567
1.86945 0.15001 0.892903
2.52477 0.15001 1.10252
2.18361 0.15001 1.68273
2.84999 0.15001 0.718473
1.32769 0.15001 -2.67688
2.33415 0.15001 -2.21536
0.224797 0.15001 0.65304
1.72106 0.15001 -1.07891
0.502839 0.15001 2.67665
-1.11954 0.15001 2.31559
0.977215 0.15001 2.49805
2.59416 0.15001 2.83464
2.35639 0.15001 -1.64199
2.68686 0.15001 0.0561983
1.21192 0.15001 -0.0759111
-0.101713 0.15001 0.24967
-0.461084 0.15001 1.00021
1.86861 0.15001 0.516854
-0.00640726 0.15001 2.15766
0.880498 0.15001 0.670008
0.385094 0.15001 1.74254
2.50937 0.15001 -2.11282
1.2716 0.15001 2.44302
-2.15329 0.15001 1.5422
0.71447 0.15001 0.955144
2.51749 0.15001 -1.92344
1.54368 0.15001 -0.434154
2.68657 0.15001 -0.317282
2.84999 0.15001 -0.597693
2.03252 0.15001 -0.32266
2.2006 0.15001 -1.35666
-0.525259 0.15001 1.62154
1.29679 0.15001 2.65018
2.52253 0.15001 -0.0372278
2.67016 0.15001 -2.57591
0.915394 0.15001 -1.04417
2.6869 0.15001 -0.691381
2.5341 0.15001 -2.84999
2.03046 0.15001 0.0517123
1.69753 0.15001 1.55159
2.19491 0.15001 0.148436
1.97894 0.15001 2.14608
1.21168 0.15001 1.84003
2.35862 0.15001 0.055951
0.148481 0.15001 -2.68316
1.06221 0.15001 -0.746251
2.52006 0.15001 -1.73306
0.0534914 0.15001 -0.0399389
1.7036 0.15001 -0.146352
1.70892 0.15001 -0.519671
1.87367 0.15001 -0.606894
-0.128707 0.15001 1.44178
-0.282826 0.15001 0.933267
2.84999 0.15001 0.33774
2.02727 0.15001 -1.6431
2.52234 0.15001 -1.54242
-0.862772 0.15001 0.60512
2.68732 0.15001 -1.06837
0.447448 0.15001 -2.51703
2.84999 0.15001 -0.973427
-0.260549 0.15001 0.350768
1.53682 0.15001 1.0717
-0.503809 0.15001 1.97369
2.19949 0.15001 0.713373
2.68815 0.15001 1.00853
-2.84999 0.15001 0.972066
0.877762 0.15001 1.25214
1.67927 0.15001 2.59088
1.77559 0.15001 2.41228
0.382026 0.15001 1.35041
1.98362 0.15001 -2.84999
1.49319 0.15001 2.67591
2.68409 0.15001 -2.01348
-0.404153 0.15001 2.15698
2.52418 0.15001 -1.3532
0.93697 0.15001 -2.67793
0.739653 0.15001 -2.68238
1.54717 0.15001 -1.6534
0.061868 0.15001 0.550901
-0.961078 0.15001 -2.13785
-2.67168 0.15001 0.487334
-1.24028 0.15001 1.44994
2.15763 0.15001 2.07199
0.886342 0.15001 -0.282832
1.20889 0.15001 1.64856
1.20807 0.15001 0.680849
1.68738 0.15001 -1.5308
2.35999 0.15001 -0.505002
0.225104 0.15001 0.0642634
1.87069 0.15001 -0.420526
-0.579542 0.15001 -0.570068
2.20055 0.15001 -0.788014
2.84999 0.15001 2.29289
2.5247 0.15001 -1.16359
2.84999 0.15001 -2.66194
1.5205 0.15001 -2.6739
2.16843 0.15001 -2.84999
0.572659 0.15001 -1.64976
1.84678 0.15001 -1.72483
1.79109 0.15001 2.20246
1.70053 0.15001 1.17103
1.86485 0.15001 1.4624
2.68836 0.15001 0.621975
2.52603 0.15001 0.908833
1.46513 0.15001 -1.82396
0.883297 0.15001 -1.49431
0.407507 0.15001 -0.797948
2.35084 0.15001 -1.83165
0.555801 0.15001 0.0793011
0.714281 0.15001 1.15272
2.52269 0.15001 -0.410713
2.84999 0.15001 -0.224109
2.32637 0.15001 2.18883
2.84999 0.15001 -0.0373265
1.20591 0.15001 1.0607
2.15822 0.15001 -2.50425
-0.358944 0.15001 -2.84999
2.52417 0.15001 -0.785806
1.70414 0.15001 0.793681
1.95276 0.15001 2.51956
2.84999 0.15001 -1.35133
2.03504 0.15001 0.803837
1.53903 0.15001 -0.0597494
2.3614 0.15001 -0.692624
2.52333 0.15001 -0.597935
2.84999 0.15001 -2.84999
2.04245 0.15001 -1.26093
-2.04114 0.15001 0.424005
2.08511 0.15001 -2.6792
2.03088 0.15001 -0.135604
1.5381 0.15001 0.882406
-0.509608 0.15001 -0.0469026
-1.38093 0.15001 0.694101
0.555044 0.15001 -0.113812
1.56368 0.15001 -1.18562
2.68664 0.15001 -0.504081
1.04105 0.15001 0.961326
2.04259 0.15001 -1.07116
-0.441837 0.15001 0.617501
-1.49763 0.15001 -0.431295
1.37177 0.15001 0.970779
1.23812 0.15001 -1.01809
1.58753 0.15001 2.84999
1.37251 0.15001 0.781994
2.46908 0.15001 -2.67472
2.67664 0.15001 -2.38907
2.68721 0.15001 -0.87946
1.05548 0.15001 -0.557007
1.43729 0.15001 -1.49382
0.391629 0.15001 0.168426
1.58236 0.15001 -1.37711
1.62247 0.15001 2.08955
2.03431 0.15001 0.615467
2.68172 0.15001 1.60207
2.68509 0.15001 -1.82405
2.00121 0.15001 -2.02265
0.889741 0.15001 -0.47299
2.84999 0.15001 -0.410787
0.715844 0.15001 0.76102
2.35956 0.15001 0.243462
0.878067 0.15001 0.861866
-0.296875 0.15001 2.67871
0.55703 0.15001 2.3141
2.35147 0.15001 1.58964
