1000 0.1
1.85999 0.15001 -0.0126002
-2.67591 0.15001 0.932031
-2.49673 0.15001 -2.32475
-2.32727 0.15001 -2.42973
-2.84915 0.15001 -0.543932
2.84999 0.15001 1.31396
1.46358 0.15001 1.97927
-1.56498 0.15001 1.61543
-1.45904 0.15001 -0.738445
-0.786289 0.15001 0.0839705
-2.66904 0.15001 2.31627
0.550069 0.15001 2.84999
-0.278259 0.15001 1.4493
2.84999 0.15001 0.557167
-0.766261 0.15001 1.6204
-0.248451 0.15001 -1.97604
-0.355347 0.15001 -1.11373
0.163984 0.15001 -1.26654
-0.961284 0.15001 0.570379
-0.141545 0.15001 1.31593
-2.14327 0.15001 -1.93491
-2.84188 0.15001 -2.10198
-0.733633 0.15001 -0.775944
-1.75473 0.15001 -2.50132
-1.35693 0.15001 -2.15109
2.51864 0.15001 0.556928
-2.67293 0.15001 -1.8215
-0.454163 0.15001 -2.67494
-2.49576 0.15001 0.434853
-1.66648 0.15001 1.434
-2.13956 0.15001 -1.00144
0.204132 0.15001 -0.423715
-1.91636 0.15001 -0.453163
-1.97158 0.15001 -1.48215
0.636399 0.15001 -2.84571
-2.33121 0.15001 -1.03176
0.54779 0.15001 -0.994114
-1.47732 0.15001 -1.27729
-1.16753 0.15001 0.912304
-2.84894 0.15001 0.0386972
-0.152661 0.15001 -2.50036
-1.66065 0.15001 -0.765446
-0.286781 0.15001 -0.933974
0.746156 0.15001 -2.31836
-0.0429732 0.15001 -1.62338
-0.755201 0.15001 -2.14916
0.243912 0.15001 2.67651
-0.250562 0.15001 2.84999
-1.1953 0.15001 -0.510169
-2.67439 0.15001 1.91993
-1.55994 0.15001 -1.81071
-2.49648 0.15001 -1.52706
-1.16297 0.15001 0.554862
-1.39254 0.15001 -1.09346
-1.03838 0.15001 2.84999
-1.84224 0.15001 2.14926
-2.67422 0.15001 1.72205
-2.84999 0.15001 2.39731
-2.32284 0.15001 1.32933
0.873965 0.15001 1.50548
-0.54853 0.15001 -1.12131
1.43185 0.15001 -2.49173
-1.32557 0.15001 -0.902231
-0.945247 0.15001 -0.802064
-0.569902 0.15001 0.922014
-1.30931 0.15001 0.18168
0.0365914 0.15001 -0.721595
-1.77772 0.15001 0.445278
-2.67439 0.15001 2.11791
-2.84999 0.15001 0.833753
-2.66279 0.15001 -2.62754
-2.84999 0.15001 -1.51788
-2.67957 0.15001 -0.0593352
1.03605 0.15001 0.829015
2.84999 0.15001 0.182897
-2.67477 0.15001 1.32626
-2.84999 0.15001 1.4258
-2.84999 0.15001 0.231839
-1.46765 0.15001 1.43836
-0.759036 0.15001 1.97267
-2.67002 0.15001 -2.21673
-2.1521 0.15001 -2.84999
-1.18309 0.15001 -1.07742
-2.50628 0.15001 -0.351337
-0.646849 0.15001 2.49548
-2.84999 0.15001 2.587
-2.15624 0.15001 0.836455
-2.84999 0.15001 2.01247
-2.32898 0.15001 2.11595
-0.657344 0.15001 2.14419
-0.143764 0.15001 -1.45097
-2.67622 0.15001 -0.834987
-2.49305 0.15001 -2.53249
-1.07352 0.15001 -1.26855
-2.50263 0.15001 0.0413444
-1.97183 0.15001 -0.0953826
-1.76362 0.15001 1.26109
-2.32588 0.15001 1.12733
0.345275 0.15001 2.84999
-2.32043 0.15001 1.72759
-1.25412 0.15001 -2.32516
-0.16699 0.15001 1.97495
-2.32517 0.15001 -1.6333
2.68068 0.15001 1.99522
1.52985 0.15001 1.30854
-0.96555 0.15001 1.61815
1.81522 0.15001 -1.88857
-0.554653 0.15001 -2.50055
1.69545 0.15001 -0.297154
2.35332 0.15001 -1.03996
2.35333 0.15001 -2.7694
0.0357643 0.15001 -0.921944
-1.60121 0.15001 -1.11203
-0.140352 0.15001 -0.23944
0.384501 0.15001 -1.09495
-2.67826 0.15001 -0.642577
-0.353853 0.15001 -2.49992
-2.66326 0.15001 -2.42942
-0.446592 0.15001 2.84999
-2.67829 0.15001 -0.253153
-1.65137 0.15001 -2.67512
2.18638 0.15001 1.1224
0.353682 0.15001 -1.97206
-1.71766 0.15001 -0.421466
-2.13185 0.15001 0.0404441
-0.154909 0.15001 2.66976
-1.65561 0.15001 -1.9919
0.541817 0.15001 -0.413873
-0.138781 0.15001 0.731319
0.70508 0.15001 0.63704
-2.31918 0.15001 -1.42734
-0.244591 0.15001 -1.27645
0.548873 0.15001 -1.1993
-2.31991 0.15001 -2.02947
-2.84999 0.15001 -2.66373
-0.656205 0.15001 -2.67651
0.724648 0.15001 -1.28357
-1.78152 0.15001 0.863256
-1.56954 0.15001 0.903818
-2.84999 0.15001 1.6221
-1.16074 0.15001 -1.79645
-0.655174 0.15001 -1.97342
-0.762861 0.15001 -1.44989
-2.67882 0.15001 -1.02855
-0.64453 0.15001 0.436841
1.36546 0.15001 0.263817
-1.57015 0.15001 1.25794
-1.26298 0.15001 1.79254
-2.84999 0.15001 2.20607
-1.8095 0.15001 0.256542
0.204862 0.15001 -0.817054
-2.32468 0.15001 -2.63679
0.0320658 0.15001 -0.138172
0.707335 0.15001 -0.12438
1.36675 0.15001 -0.491757
1.55737 0.15001 2.50407
-0.546341 0.15001 2.67274
-2.01984 0.15001 2.84999
-2.67813 0.15001 0.13649
-1.96003 0.15001 1.60915
-0.863506 0.15001 -1.62179
-2.84999 0.15001 -2.47694
-1.55022 0.15001 -2.84999
-1.97069 0.15001 -1.82553
-0.484227 0.15001 -0.64986
-0.829507 0.15001 -0.950947
-2.32469 0.15001 0.532906
-1.65403 0.15001 -2.32585
-0.838789 0.15001 0.405707
-2.84999 0.15001 2.84999
-0.851665 0.15001 -2.67734
1.3665 0.15001 -0.302663
-2.15105 0.15001 1.23421
-1.38765 0.15001 -0.548456
-2.70887 0.15001 2.70531
-2.09077 0.15001 1.81654
-2.1221 0.15001 -0.475755
-2.51544 0.15001 2.65216
-0.66983 0.15001 1.445
-1.63581 0.15001 2.49555
-1.35 0.15001 -2.84999
-0.140466 0.15001 -0.0447683
-2.84999 0.15001 -0.736339
-1.26025 0.15001 -0.703685
0.210768 0.15001 -1.01283
0.709878 0.15001 -0.697104
-1.66677 0.15001 -1.64158
-2.3304 0.15001 1.92261
-2.6751 0.15001 0.737778
-1.82499 0.15001 2.84999
-1.36557 0.15001 0.525363
0.257128 0.15001 -1.44775
-2.84999 0.15001 -0.932897
-2.84999 0.15001 -0.154376
-1.45629 0.15001 -2.3224
0.19831 0.15001 1.12436
-2.66531 0.15001 2.5121
-2.15106 0.15001 0.633865
-2.32589 0.15001 2.30898
0.210812 0.15001 1.91902
-0.754779 0.15001 -2.50461
-1.94078 0.15001 -0.978435
1.364 0.15001 1.59761
1.52989 0.15001 0.359914
0.188123 0.15001 1.71984
-0.253393 0.15001 2.496
-0.550567 0.15001 -1.45891
2.3516 0.15001 1.02802
1.36522 0.15001 0.641415
2.34438 0.15001 1.80441
1.69515 0.15001 -1.24146
-1.14957 0.15001 -2.84999
-1.12818 0.15001 -0.877717
-0.448739 0.15001 -1.6292
-1.05371 0.15001 -2.32587
-0.448452 0.15001 -1.28657
-0.949082 0.15001 -2.84999
-1.7327 0.15001 -0.94928
-2.66974 0.15001 -2.0191
-2.67413 0.15001 1.52489
-2.84999 0.15001 -1.71652
-2.49121 0.15001 -1.92813
2.18508 0.15001 1.31483
-0.463168 0.15001 1.79882
-2.50072 0.15001 1.82233
-1.96351 0.15001 -2.50104
-2.49979 0.15001 0.635319
-1.53098 0.15001 2.67213
0.450097 0.15001 2.33183
-0.370463 0.15001 1.62384
-1.85235 0.15001 -2.67434
-2.67522 0.15001 1.12593
-1.27228 0.15001 -1.27017
0.0295193 0.15001 1.22203
0.874432 0.15001 -0.596676
-1.99876 0.15001 -0.635283
-0.853797 0.15001 2.14302
-2.09193 0.15001 -0.809755
-1.76329 0.15001 1.61495
-2.84999 0.15001 0.433079
-0.857854 0.15001 -1.97239
0.827962 0.15001 -2.84999
-2.67987 0.15001 -0.446937
0.537055 0.15001 1.50697
1.20068 0.15001 0.545367
-0.999929 0.15001 -0.474155
2.01977 0.15001 1.41115
2.35372 0.15001 0.462126
-2.1539 0.15001 0.23631
-1.62856 0.15001 2.84999
-2.49719 0.15001 -2.72694
-0.633724 0.15001 -0.951288
-1.0472 0.15001 -2.67677
1.54291 0.15001 -2.31541
0.455221 0.15001 -1.79647
-0.334301 0.15001 1.24082
-1.34593 0.15001 2.3134
-2.32729 0.15001 0.933039
-0.305582 0.15001 0.832999
-2.59537 0.15001 2.84999
-1.57113 0.15001 -0.044452
0.0321071 0.15001 -0.331732
-1.98023 0.15001 0.735945
-0.326523 0.15001 -0.340142
-2.49742 0.15001 2.2196
-2.33084 0.15001 -0.0582243
-2.03799 0.15001 2.16029
-1.93028 0.15001 2.67008
-1.72961 0.15001 2.67309
0.0423316 0.15001 2.67597
1.02552 0.15001 -2.84999
2.35083 0.15001 1.21891
-2.16295 0.15001 -2.52653
0.853631 0.15001 -1.79213
1.20206 0.15001 -0.210721
-2.32705 0.15001 0.737164
0.870883 0.15001 1.11715
-1.44968 0.15001 2.14172
-0.0545824 0.15001 2.84999
-0.480439 0.15001 1.09418
-0.552706 0.15001 -2.84999
-1.45054 0.15001 -2.67489
-1.8723 0.15001 -1.65202
1.35802 0.15001 2.50301
-2.49804 0.15001 -0.740742
-1.93404 0.15001 0.108294
0.708726 0.15001 -0.505253
-1.88859 0.15001 -1.30758
-2.07809 0.15001 1.43228
1.8385 0.15001 1.90868
-2.65276 0.15001 -2.84573
0.35676 0.15001 -1.62151
-1.07401 0.15001 1.0879
1.14926 0.15001 -1.96218
0.248054 0.15001 -2.50437
-0.144951 0.15001 -0.431923
-1.18395 0.15001 0.0211239
-2.15142 0.15001 1.03366
-1.43779 0.15001 2.49323
-1.66953 0.15001 1.08275
-0.752978 0.15001 -2.84999
2.67889 0.15001 2.19523
-2.49076 0.15001 -2.1245
2.68384 0.15001 0.839387
-2.03634 0.15001 -0.297524
-0.0643251 0.15001 2.14805
1.86014 0.15001 -0.200527
0.346113 0.15001 2.50442
2.68266 0.15001 1.41065
1.69503 0.15001 0.0793033
0.755007 0.15001 2.84999
-0.854395 0.15001 -2.32638
-0.244782 0.15001 -1.62673
-2.1552 0.15001 -1.53647
-2.84999 0.15001 -2.84999
-1.25262 0.15001 -0.163419
1.85964 0.15001 -1.32867
-1.11489 0.15001 0.203522
-1.86309 0.15001 1.43411
-1.63667 0.15001 0.716283
-0.950771 0.15001 -2.50471
-0.74341 0.15001 -1.12159
2.18967 0.15001 -0.571556
-2.32432 0.15001 0.336028
-0.712626 0.15001 -0.258533
-1.36534 0.15001 1.61644
-1.06887 0.15001 1.44127
-1.66623 0.15001 1.79172
0.377567 0.15001 -0.902089
-0.869005 0.15001 1.4429
-2.32106 0.15001 -0.464857
0.047534 0.15001 -1.11216
1.20708 0.15001 -1.16385
1.52191 0.15001 1.69912
-2.16151 0.15001 2.01335
-1.87406 0.15001 1.7914
1.13017 0.15001 -2.67083
-2.49914 0.15001 1.42675
-0.046791 0.15001 -1.9759
-0.972054 0.15001 0.919803
-2.84776 0.15001 -1.12581
-0.253179 0.15001 -2.67473
1.5314 0.15001 -0.961894
1.85517 0.15001 2.33185
2.02387 0.15001 0.459199
2.00196 0.15001 2.00715
1.69474 0.15001 0.267518
0.203511 0.15001 0.345824
-0.971323 0.15001 1.26645
0.883737 0.15001 1.90741
-2.49787 0.15001 -1.72862
2.18999 0.15001 -0.00865655
0.0515612 0.15001 -2.15111
-0.0465338 0.15001 -1.27678
-1.05927 0.15001 -1.96874
2.05192 0.15001 2.67722
-1.64411 0.15001 2.14484
0.95822 0.15001 2.84999
-0.74445 0.15001 2.67242
2.02174 0.15001 1.21725
1.23497 0.15001 -2.492
-1.80829 0.15001 -1.13038
1.20293 0.15001 -0.589616
1.20195 0.15001 1.50134
-1.77402 0.15001 -0.0719045
-1.25589 0.15001 -1.97118
0.0334501 0.15001 0.828879
-2.49937 0.15001 1.22825
2.84999 0.15001 2.48947
0.237365 0.15001 2.33745
1.04776 0.15001 -2.13797
2.19004 0.15001 -0.19625
-0.152599 0.15001 -2.84999
-0.351474 0.15001 -2.15036
-1.55284 0.15001 -2.50011
-2.49536 0.15001 0.238919
0.754841 0.15001 2.50414
-2.84999 0.15001 1.22794
-0.643933 0.15001 2.84999
0.0323723 0.15001 0.440644
-0.0509861 0.15001 -2.32627
0.205196 0.15001 -0.618737
1.61022 0.15001 -2.84999
-1.46394 0.15001 1.79223
-0.947636 0.15001 2.31435
-2.03612 0.15001 2.49826
-1.97488 0.15001 0.528348
-1.16867 0.15001 -1.44517
-1.27036 0.15001 1.08038
-2.84999 0.15001 1.81768
-2.22753 0.15001 -0.649435
0.363003 0.15001 -1.28368
-1.0417 0.15001 0.389232
0.203634 0.15001 -0.0383852
1.05486 0.15001 -1.78607
2.18908 0.15001 0.366798
-1.97708 0.15001 0.932653
1.03693 0.15001 0.0706168
-1.43173 0.15001 2.84999
2.02245 0.15001 1.02593
0.153759 0.15001 -1.97421
2.45155 0.15001 2.68053
0.371397 0.15001 0.63561
0.759844 0.15001 2.17374
1.52971 0.15001 0.548506
0.389252 0.15001 1.99587
-1.0425 0.15001 2.49288
-1.07038 0.15001 -0.658144
-0.258784 0.15001 2.14856
1.84875 0.15001 1.70596
1.62372 0.15001 -1.93907
-1.77192 0.15001 -1.47312
-2.49297 0.15001 -1.3274
-1.79169 0.15001 -0.610524
-1.24968 0.15001 -2.6752
-1.76337 0.15001 -1.82061
2.18886 0.15001 -1.13553
0.0589492 0.15001 -1.44445
-0.0633511 0.15001 1.7933
-0.0597524 0.15001 2.49617
-2.50124 0.15001 -0.546823
-1.75023 0.15001 -2.84999
0.0482559 0.15001 -2.50134
-0.507388 0.15001 -0.244405
-0.144561 0.15001 -1.09017
0.958345 0.15001 2.15607
0.550578 0.15001 2.50576
-1.43496 0.15001 0.341603
-1.84264 0.15001 -0.260617
0.539971 0.15001 0.349451
-2.12574 0.15001 -1.33687
-1.7582 0.15001 -2.15991
0.444078 0.15001 -2.84999
0.251802 0.15001 -2.14944
-2.84999 0.15001 -2.2879
2.18995 0.15001 -0.383878
2.84999 0.15001 -1.89214
0.83971 0.15001 -2.49466
-1.25423 0.15001 2.14
0.881143 0.15001 -1.17412
-1.96261 0.15001 -2.16598
1.20081 0.15001 0.356342
1.81596 0.15001 2.11884
2.35206 0.15001 0.838671
0.871011 0.15001 0.542634
0.546317 0.15001 1.89248
2.6513 0.15001 2.65281
0.365102 0.15001 1.60851
1.26101 0.15001 1.97711
0.194747 0.15001 1.31935
1.79018 0.15001 -2.28384
2.51984 0.15001 0.181871
2.02447 0.15001 -0.855444
1.85973 0.15001 -1.14046
-1.64489 0.15001 -0.232001
-0.767173 0.15001 0.922915
-1.24029 0.15001 2.4929
2.68168 0.15001 1.80043
1.04048 0.15001 1.60038
-0.447046 0.15001 2.49594
1.34609 0.15001 -1.9686
-1.32103 0.15001 -0.359912
0.0556794 0.15001 -1.79888
-0.453891 0.15001 -2.32483
-1.15136 0.15001 -2.50114
-1.56906 0.15001 -1.45903
-0.841411 0.15001 2.84999
-1.83731 0.15001 2.49921
-0.472076 0.15001 1.44505
0.201261 0.15001 0.926944
1.53126 0.15001 -0.772084
-0.138244 0.15001 -0.626099
-1.86005 0.15001 -2.33296
-0.352213 0.15001 2.3217
2.34924 0.15001 1.41198
-0.12988 0.15001 -0.822573
0.372268 0.15001 0.444376
-1.54114 0.15001 2.31551
2.15229 0.15001 2.84999
1.15803 0.15001 2.84999
0.952153 0.15001 -1.96275
0.0327074 0.15001 0.247262
-0.553457 0.15001 -1.80015
-1.44686 0.15001 -0.200993
-1.45723 0.15001 -1.98193
-1.5888 0.15001 -0.578689
-1.56687 0.15001 0.504371
-1.75964 0.15001 1.96773
-2.21334 0.15001 2.84999
-1.13802 0.15001 2.67144
0.707859 0.15001 -0.314508
-0.971877 0.15001 -1.08617
0.5373 0.15001 0.925065
-0.3093 0.15001 0.638076
1.04158 0.15001 -1.45442
-0.941836 0.15001 2.67164
-0.972588 0.15001 -1.44579
-1.98186 0.15001 0.329428
-2.47581 0.15001 2.44469
-1.06185 0.15001 1.79311
1.85932 0.15001 0.363414
0.878661 0.15001 1.70097
0.0221599 0.15001 1.61428
2.67995 0.15001 2.39526
2.50723 0.15001 2.29913
2.50174 0.15001 -2.27757
-1.16544 0.15001 1.61701
-1.46927 0.15001 1.07972
1.53019 0.15001 0.171444
-0.752057 0.15001 2.31554
-0.654838 0.15001 -2.32556
-2.05143 0.15001 -2.68262
-0.305611 0.15001 -0.734337
-2.02504 0.15001 -1.1631
-2.34756 0.15001 -2.84999
-0.553696 0.15001 -2.1492
-1.94942 0.15001 -2.84999
-2.50009 0.15001 2.02269
2.18699 0.15001 0.932265
0.706445 0.15001 0.255792
1.36832 0.15001 -1.06259
2.18898 0.15001 -0.947404
-1.68406 0.15001 -1.29311
1.34228 0.15001 -2.31453
2.51934 0.15001 0.369313
-0.662624 0.15001 1.79742
-2.50044 0.15001 -1.13191
-1.86405 0.15001 1.09162
-0.664902 0.15001 0.240715
-0.763227 0.15001 0.587008
-2.16266 0.15001 -0.154005
-2.67327 0.15001 0.33557
-0.25239 0.15001 -2.32563
2.50274 0.15001 -2.47026
-2.32645 0.15001 -0.26406
-0.759455 0.15001 -1.79793
-2.30122 0.15001 -1.22797
0.872473 0.15001 -0.0266207
2.35289 0.15001 0.650141
1.03611 0.15001 0.449158
-0.145272 0.15001 -1.80073
1.36579 0.15001 1.21169
2.34176 0.15001 2.00252
1.69439 0.15001 0.45584
1.66182 0.15001 1.99215
0.193576 0.15001 1.51706
0.706966 0.15001 0.0656112
2.33391 0.15001 2.41233
0.71457 0.15001 1.79831
-0.140729 0.15001 0.53807
-0.657836 0.15001 -1.6262
2.51481 0.15001 1.50872
1.95362 0.15001 2.84999
0.753732 0.15001 -1.61977
1.85994 0.15001 -0.76445
1.20539 0.15001 -1.56001
2.84999 0.15001 2.09441
1.20245 0.15001 -0.400041
2.16539 0.15001 2.3046
0.0323956 0.15001 1.02756
0.0475418 0.15001 -2.84999
0.348731 0.15001 -2.3255
0.255648 0.15001 -1.79689
-0.348036 0.15001 -1.80152
1.14326 0.15001 -2.3147
2.68373 0.15001 -1.41645
-1.3565 0.15001 -1.80059
-1.23511 0.15001 2.84999
1.69427 0.15001 1.02313
-2.32209 0.15001 1.52563
1.62783 0.15001 -2.49308
1.8025 0.15001 -2.84999
1.03745 0.15001 -0.118658
-2.67204 0.15001 -1.42284
-0.990365 0.15001 0.0473981
1.53112 0.15001 -0.583014
-2.84999 0.15001 -1.31831
-0.469121 0.15001 -0.850095
1.36969 0.15001 -1.25592
-1.36438 0.15001 -1.44959
0.344557 0.15001 -2.6772
1.04331 0.15001 -1.07147
0.541083 0.15001 -0.222826
1.03644 0.15001 1.21263
2.02472 0.15001 -0.667655
0.871387 0.15001 0.352681
-1.62577 0.15001 0.310894
-2.67322 0.15001 -1.62219
-2.13293 0.15001 2.33027
-1.81129 0.15001 0.639389
1.24468 0.15001 -2.13963
-0.865057 0.15001 -0.623443
-0.308979 0.15001 0.0504505
-1.06713 0.15001 -1.62109
0.538544 0.15001 -2.67741
-1.12793 0.15001 -0.324133
-1.06246 0.15001 0.74343
-1.35895 0.15001 1.96905
2.51794 0.15001 0.744939
2.18832 0.15001 0.554852
0.857028 0.15001 2.67667
0.149728 0.15001 -2.32669
-2.12445 0.15001 2.66881
-1.33392 0.15001 2.67173
-2.3231 0.15001 0.139393
2.84999 0.15001 -1.13016
-1.3525 0.15001 -2.49941
1.85659 0.15001 2.67892
-1.52726 0.15001 -0.926942
-2.24092 0.15001 2.49367
-0.868628 0.15001 -1.2733
-2.15348 0.15001 -2.13057
-1.87023 0.15001 -0.794181
-0.55215 0.15001 2.32023
-1.96088 0.15001 1.97465
-2.50478 0.15001 -0.933333
1.3649 0.15001 1.40412
1.85844 0.15001 0.740362
2.51857 0.15001 -0.943856
1.04056 0.15001 -0.879377
0.652583 0.15001 -1.45765
-2.3204 0.15001 -2.22901
2.35158 0.15001 -1.41958
-0.672785 0.15001 1.09349
-2.309 0.15001 -0.833331
-2.32052 0.15001 2.67345
-2.50115 0.15001 0.835781
0.368643 0.15001 1.0233
0.705639 0.15001 0.446308
-0.136829 0.15001 1.12511
0.374384 0.15001 -0.514906
-1.46386 0.15001 -1.62992
1.20099 0.15001 0.924876
-0.964664 0.15001 -1.79498
-0.149624 0.15001 -2.15124
2.025 0.15001 -0.479894
-2.1447 0.15001 -1.73236
0.706677 0.15001 1.40966
0.536847 0.15001 1.31318
1.85825 0.15001 1.11993
0.708336 0.15001 1.99287
-0.481185 0.15001 0.547173
1.52822 0.15001 1.50187
0.0228783 0.15001 1.41721
0.536806 0.15001 1.11888
-1.86653 0.15001 -1.99266
1.03645 0.15001 0.259857
2.18255 0.15001 1.50989
1.26023 0.15001 2.32793
1.45908 0.15001 2.32766
1.85953 0.15001 -1.51512
2.3531 0.15001 -1.22903
0.247666 0.15001 -2.84999
1.16408 0.15001 2.15578
1.6955 0.15001 -0.673856
-1.50251 0.15001 0.154628
-0.451494 0.15001 -1.97493
1.06369 0.15001 1.99035
-1.17153 0.15001 1.26342
0.143996 0.15001 2.84999
-0.64901 0.15001 -1.28733
1.64223 0.15001 -1.73258
0.156722 0.15001 -1.6215
0.712867 0.15001 -1.08729
1.6954 0.15001 -0.862494
1.9245 0.15001 -2.6623
-0.666792 0.15001 -0.582069
-1.254 0.15001 0.73485
-1.55643 0.15001 1.96982
-0.844922 0.15001 2.494
2.15617 0.15001 -2.08849
0.650708 0.15001 -2.14365
0.94501 0.15001 -2.31598
1.20949 0.15001 -1.3602
-2.10082 0.15001 -2.33067
1.3677 0.15001 -0.871112
-1.37052 0.15001 1.2597
-1.37575 0.15001 -0.00655358
1.20118 0.15001 0.167419
-2.50603 0.15001 -0.157143
0.451345 0.15001 -2.14672
0.537496 0.15001 0.731969
0.544344 0.15001 -0.799122
-0.927366 0.15001 -0.287156
0.542806 0.15001 -0.605988
1.53075 0.15001 -0.205613
0.335775 0.15001 2.17479
0.373083 0.15001 -0.130776
-0.955799 0.15001 1.97139
-2.50105 0.15001 1.02886
1.72335 0.15001 -2.66882
0.547075 0.15001 -2.3222
2.84999 0.15001 -2.46587
0.3734 0.15001 -0.322341
1.3671 0.15001 -0.681073
0.460955 0.15001 -1.45065
2.68514 0.15001 0.276252
2.01583 0.15001 1.60812
-0.862182 0.15001 1.79531
2.35144 0.15001 2.84999
1.03599 0.15001 0.638785
2.52018 0.15001 -0.192958
-0.479359 0.15001 0.340129
2.51371 0.15001 2.4975
-0.666575 0.15001 0.754788
-1.05895 0.15001 -0.134853
1.85983 0.15001 -0.952446
2.25335 0.15001 2.67164
0.540223 0.15001 1.69998
-0.309801 0.15001 -0.145367
-1.26147 0.15001 -1.62288
-2.67724 0.15001 -1.2244
1.36618 0.15001 -0.113729
1.44228 0.15001 -2.14009
1.04564 0.15001 -1.2641
1.85742 0.15001 1.31221
-2.40581 0.15001 2.84999
2.50975 0.15001 2.0985
1.03725 0.15001 1.40705
2.355 0.15001 -0.288203
-2.84999 0.15001 -1.91366
1.98195 0.15001 -2.18503
2.17672 0.15001 -1.70729
2.16398 0.15001 -1.89722
-0.485774 0.15001 0.144107
0.653393 0.15001 2.67767
2.15286 0.15001 2.50095
-2.31786 0.15001 -1.8345
2.17434 0.15001 1.90588
0.871957 0.15001 0.16296
0.203458 0.15001 -0.230525
1.20369 0.15001 -0.779764
-0.139812 0.15001 0.147916
1.98048 0.15001 -2.38043
0.553575 0.15001 -1.96982
-0.263918 0.15001 1.79703
-1.15734 0.15001 1.96704
-0.917032 0.15001 0.229477
2.68476 0.15001 0.463551
1.0614 0.15001 2.32742
2.84999 0.15001 -1.50989
1.04577 0.15001 1.79923
-1.93716 0.15001 2.33076
1.69297 0.15001 1.40704
2.51663 0.15001 1.31466
2.84999 0.15001 1.12325
2.84999 0.15001 1.50769
2.68335 0.15001 1.21878
0.367394 0.15001 1.21853
0.0265945 0.15001 1.9707
2.68642 0.15001 -2.75544
2.84999 0.15001 -2.08301
1.37985 0.15001 -1.6456
2.68547 0.15001 -0.098215
0.203886 0.15001 0.538674
2.35376 0.15001 -0.851451
2.023 0.15001 -1.42068
2.84999 0.15001 1.89704
-0.15907 0.15001 2.32244
2.84999 0.15001 0.933374
2.84999 0.15001 -1.70105
-1.15565 0.15001 -2.14848
2.32985 0.15001 -1.99459
1.36582 0.15001 0.0750915
2.67553 0.15001 -2.18002
2.3551 0.15001 -0.100703
1.52969 0.15001 0.737392
2.68401 0.15001 -1.22701
-1.95817 0.15001 1.26308
-0.857377 0.15001 -0.103827
1.63604 0.15001 -2.14168
2.18447 0.15001 -1.51666
-0.0520852 0.15001 -2.67522
0.849938 0.15001 -2.14062
-2.84999 0.15001 -0.351161
1.82199 0.15001 -2.49073
0.862276 0.15001 2.3364
-0.769297 0.15001 1.26877
-1.24184 0.15001 0.367892
1.75802 0.15001 2.84999
0.655132 0.15001 -1.79489
1.81682 0.15001 -2.08218
1.99837 0.15001 -1.79937
1.41679 0.15001 -2.84999
0.948554 0.15001 -1.62024
-1.0504 0.15001 2.14248
1.03794 0.15001 -0.308069
1.69412 0.15001 0.644417
2.84999 0.15001 2.68344
2.75297 0.15001 2.84999
1.2536 0.15001 -1.79157
2.84999 0.15001 -2.27385
0.641747 0.15001 -2.49771
-0.319402 0.15001 -0.535806
0.711591 0.15001 -0.89051
0.753154 0.15001 -1.96732
1.36173 0.15001 2.15056
0.8756 0.15001 -0.788259
0.709591 0.15001 1.60297
-1.73919 0.15001 2.32272
0.139283 0.15001 2.13769
-0.134562 0.15001 0.927748
0.53843 0.15001 0.54098
2.5132 0.15001 1.89924
2.84999 0.15001 -0.752963
-2.49711 0.15001 1.62489
2.51451 0.15001 1.70453
1.68015 0.15001 1.80037
2.00939 0.15001 1.80802
0.370202 0.15001 0.827898
-0.663424 0.15001 -0.0680627
-0.797609 0.15001 -0.435934
-0.344895 0.15001 -1.45482
0.03282 0.15001 -0.525732
-0.872516 0.15001 1.09387
1.85973 0.15001 0.175341
-1.6951 0.15001 0.108524
0.549401 0.15001 2.13215
1.05839 0.15001 2.67647
1.20115 0.15001 1.30868
-2.84999 0.15001 0.633778
2.15315 0.15001 -2.27972
0.139082 0.15001 2.50465
-0.310642 0.15001 0.242452
1.36524 0.15001 0.45251
-1.36445 0.15001 0.901642
2.02443 0.15001 0.271163
2.84999 0.15001 1.70306
0.373171 0.15001 0.0605072
-0.360195 0.15001 1.97561
1.03764 0.15001 -2.49296
2.32618 0.15001 -2.37939
2.68257 0.15001 -1.60636
1.22179 0.15001 -2.84999
2.3232 0.15001 -2.57746
1.35651 0.15001 2.84999
1.85831 0.15001 0.92959
2.51742 0.15001 1.12372
2.17852 0.15001 1.70749
2.84999 0.15001 0.744852
1.32716 0.15001 -2.67017
2.32549 0.15001 -2.18563
0.203354 0.15001 0.731161
1.69529 0.15001 -1.05155
0.447966 0.15001 2.6776
-1.14684 0.15001 2.31625
0.959988 0.15001 2.5048
2.55483 0.15001 2.84999
2.34676 0.15001 -1.61143
2.68538 0.15001 0.0890306
1.20163 0.15001 -0.0216007
-0.139492 0.15001 0.34279
-0.566778 0.15001 1.27085
1.85882 0.15001 0.551697
0.0407831 0.15001 2.3204
0.870806 0.15001 0.733117
0.369716 0.15001 1.80164
2.50163 0.15001 -2.08684
1.15775 0.15001 2.50162
-2.15266 0.15001 1.62415
0.704471 0.15001 1.02109
2.507 0.15001 -1.89632
1.53098 0.15001 -0.394263
2.68541 0.15001 -0.285379
2.84999 0.15001 -0.565452
2.02507 0.15001 -0.292136
2.18806 0.15001 -1.32479
-0.567784 0.15001 1.62181
1.25623 0.15001 2.6767
2.52015 0.15001 -0.00554317
2.68194 0.15001 -2.56532
0.877152 0.15001 -0.981225
2.68482 0.15001 -0.66008
2.52678 0.15001 -2.84999
2.02485 0.15001 0.0833309
1.68863 0.15001 1.60305
2.18966 0.15001 0.178999
1.99861 0.15001 2.20199
1.36397 0.15001 1.80914
2.35491 0.15001 0.0868203
0.149801 0.15001 -2.6765
1.03934 0.15001 -0.68816
2.51257 0.15001 -1.7048
0.0326774 0.15001 0.0545155
1.69525 0.15001 -0.1089
1.69555 0.15001 -0.485458
1.86014 0.15001 -0.576464
-0.17232 0.15001 1.61778
-0.302836 0.15001 1.0283
2.84999 0.15001 0.369941
2.01657 0.15001 -1.61158
2.51674 0.15001 -1.51325
-0.866746 0.15001 0.751456
2.68414 0.15001 -1.03686
0.443344 0.15001 -2.50403
2.84999 0.15001 -0.9411
-0.311519 0.15001 0.443328
1.53024 0.15001 1.11702
-0.558663 0.15001 1.97248
2.18754 0.15001 0.743315
2.6836 0.15001 1.02892
-2.84999 0.15001 1.02918
0.87174 0.15001 1.31186
1.65944 0.15001 2.67905
1.75738 0.15001 2.50908
0.365628 0.15001 1.4134
1.99373 0.15001 -2.84999
1.45697 0.15001 2.67737
2.67737 0.15001 -1.98921
-0.453625 0.15001 2.14804
2.51846 0.15001 -1.32317
0.932738 0.15001 -2.67174
0.734582 0.15001 -2.67556
1.54719 0.15001 -1.55069
0.0326082 0.15001 0.634086
-0.955838 0.15001 -2.14855
-2.67391 0.15001 0.535594
-1.26859 0.15001 1.43977
2.17078 0.15001 2.10417
0.872962 0.15001 -0.216211
1.2058 0.15001 1.69832
1.20076 0.15001 0.734801
1.69663 0.15001 -1.43247
2.35473 0.15001 -0.475762
0.203875 0.15001 0.153573
1.86023 0.15001 -0.388485
-0.506697 0.15001 -0.446666
2.18922 0.15001 -0.759361
2.84999 0.15001 2.29186
2.51837 0.15001 -1.13295
2.84999 0.15001 -2.65896
1.52444 0.15001 -2.66978
2.18427 0.15001 -2.84999
0.555835 0.15001 -1.62386
1.83363 0.15001 -1.69891
1.65928 0.15001 2.32716
1.69424 0.15001 1.21412
1.85448 0.15001 1.50741
2.6843 0.15001 0.65114
2.51738 0.15001 0.93368
1.46669 0.15001 -1.81757
0.845615 0.15001 -1.44159
0.374843 0.15001 -0.708767
2.33938 0.15001 -1.80243
0.540608 0.15001 0.158429
0.70477 0.15001 1.21485
2.51998 0.15001 -0.380308
2.84999 0.15001 -0.191194
2.33788 0.15001 2.204
2.84999 0.15001 -0.00413288
1.20123 0.15001 1.11593
2.15257 0.15001 -2.47508
-0.352647 0.15001 -2.84999
2.51901 0.15001 -0.755563
1.69404 0.15001 0.833415
1.95498 0.15001 2.50485
2.84999 0.15001 -1.32022
2.02276 0.15001 0.836375
1.53049 0.15001 -0.017043
2.35421 0.15001 -0.663476
2.51953 0.15001 -0.567813
2.84999 0.15001 -2.84999
2.02442 0.15001 -1.2313
-2.15393 0.15001 0.433258
2.12435 0.15001 -2.66634
2.02502 0.15001 -0.104404
1.52991 0.15001 0.926788
-0.473721 0.15001 -0.0483673
-1.44526 0.15001 0.709929
0.540849 0.15001 -0.03223
1.53164 0.15001 -1.15299
2.68519 0.15001 -0.472585
1.03622 0.15001 1.02017
2.02456 0.15001 -1.0433
-0.475077 0.15001 0.74559
-1.51855 0.15001 -0.390746
1.36572 0.15001 1.02072
1.20506 0.15001 -0.971164
1.55686 0.15001 2.84999
1.36539 0.15001 0.830744
2.51478 0.15001 -2.66111
2.67824 0.15001 -2.37196
2.68443 0.15001 -0.848043
1.03855 0.15001 -0.497854
1.37513 0.15001 -1.45409
0.372945 0.15001 0.252065
1.53276 0.15001 -1.34692
1.56048 0.15001 2.15605
2.02316 0.15001 0.647531
2.68202 0.15001 1.60675
2.6802 0.15001 -1.79805
1.98947 0.15001 -1.99063
0.873602 0.15001 -0.406105
2.84999 0.15001 -0.37824
0.704553 0.15001 0.828458
2.35442 0.15001 0.274401
0.870719 0.15001 0.924456
-0.348772 0.15001 2.66945
0.648714 0.15001 2.33238
2.34699 0.15001 1.60767
