1000 0.1
1.8558 0.15001 -0.0385181
-2.67463 0.15001 0.894491
-2.49556 0.15001 -2.31837
-2.32731 0.15001 -2.41699
-2.84662 0.15001 -0.565336
2.84999 0.15001 1.28786
1.46333 0.15001 1.95189
-1.55683 0.15001 1.59998
-1.46415 0.15001 -0.739185
-0.754265 0.15001 0.049544
-2.66488 0.15001 2.29172
0.574888 0.15001 2.84999
-0.266281 0.15001 1.45459
2.84999 0.15001 0.527329
-0.758948 0.15001 1.62162
-0.229135 0.15001 -1.98087
-0.317543 0.15001 -1.12071
0.18386 0.15001 -1.19314
-0.930996 0.15001 0.563182
-0.0997685 0.15001 1.36162
-2.1483 0.15001 -1.91193
-2.83798 0.15001 -2.10493
-0.755692 0.15001 -0.819186
-1.76701 0.15001 -2.50917
-1.36482 0.15001 -2.15277
2.52048 0.15001 0.526963
-2.67437 0.15001 -1.82662
-0.460535 0.15001 -2.67207
-2.49221 0.15001 0.401771
-1.65436 0.15001 1.4136
-2.11652 0.15001 -0.994903
0.190852 0.15001 -0.41928
-1.89619 0.15001 -0.451358
-1.99535 0.15001 -1.50663
0.640841 0.15001 -2.84718
-2.31073 0.15001 -0.982562
0.523132 0.15001 -0.992235
-1.48937 0.15001 -1.28714
-1.14286 0.15001 0.901726
-2.84655 0.15001 0.0109484
-0.154059 0.15001 -2.50232
-1.67894 0.15001 -0.778569
-0.428938 0.15001 -0.959444
0.758984 0.15001 -2.32739
0.00236953 0.15001 -1.6274
-0.753123 0.15001 -2.1355
0.25816 0.15001 2.68228
-0.246776 0.15001 2.84999
-1.18743 0.15001 -0.523402
-2.67613 0.15001 1.87656
-1.56363 0.15001 -1.8191
-2.48741 0.15001 -1.52569
-1.12428 0.15001 0.54737
-1.40943 0.15001 -1.09798
-1.04222 0.15001 2.84999
-1.85221 0.15001 2.14259
-2.67295 0.15001 1.67962
-2.84999 0.15001 2.3496
-2.32235 0.15001 1.28578
0.903744 0.15001 1.51471
-0.515202 0.15001 -1.13472
1.43941 0.15001 -2.50032
-1.33236 0.15001 -0.904302
-0.950973 0.15001 -0.841372
-0.572519 0.15001 0.926653
-1.289 0.15001 0.165494
0.00798778 0.15001 -0.710264
-1.70511 0.15001 0.520465
-2.67569 0.15001 2.07555
-2.84999 0.15001 0.791573
-2.66372 0.15001 -2.61437
-2.84999 0.15001 -1.53215
-2.67717 0.15001 -0.0870686
1.04055 0.15001 0.819837
2.84999 0.15001 0.152257
-2.67027 0.15001 1.28518
-2.84861 0.15001 1.37867
-2.84999 0.15001 0.201108
-1.45516 0.15001 1.42101
-0.761679 0.15001 1.97221
-2.67074 0.15001 -2.21474
-2.17057 0.15001 -2.84999
-1.21416 0.15001 -1.08965
-2.49998 0.15001 -0.377803
-0.643332 0.15001 2.49051
-2.84999 0.15001 2.53845
-2.14926 0.15001 0.814092
-2.84999 0.15001 1.96573
-2.31641 0.15001 2.10257
-0.659706 0.15001 2.14192
-0.0991078 0.15001 -1.45859
-2.67482 0.15001 -0.854526
-2.49075 0.15001 -2.52249
-1.093 0.15001 -1.26471
-2.49695 0.15001 0.0122998
-1.96292 0.15001 -0.0952309
-1.74468 0.15001 1.23461
-2.30155 0.15001 1.09402
0.37115 0.15001 2.84999
-2.31657 0.15001 1.68941
-1.26393 0.15001 -2.32407
-0.140526 0.15001 1.97203
-2.32841 0.15001 -1.64255
2.6783 0.15001 1.9679
1.54006 0.15001 1.27662
-0.960233 0.15001 1.6224
1.80574 0.15001 -1.91026
-0.559018 0.15001 -2.49311
1.68967 0.15001 -0.319699
2.3488 0.15001 -1.05822
2.35273 0.15001 -2.76782
0.00939128 0.15001 -0.902033
-1.60546 0.15001 -1.12419
-0.141695 0.15001 -0.212361
0.353198 0.15001 -1.09254
-2.67462 0.15001 -0.663481
-0.357227 0.15001 -2.49653
-2.66349 0.15001 -2.41949
-0.444895 0.15001 2.84999
-2.67396 0.15001 -0.278877
-1.66588 0.15001 -2.6785
2.19063 0.15001 1.0926
0.369689 0.15001 -1.98867
-1.70606 0.15001 -0.423892
-2.13352 0.15001 0.015251
-0.148086 0.15001 2.66827
-1.65399 0.15001 -2.01252
0.528625 0.15001 -0.417724
-0.112947 0.15001 0.772995
0.710465 0.15001 0.638478
-2.30977 0.15001 -1.34845
-0.189752 0.15001 -1.27789
0.52509 0.15001 -1.18634
-2.32114 0.15001 -2.02406
-2.84999 0.15001 -2.66337
-0.662345 0.15001 -2.67422
0.69339 0.15001 -1.28156
-1.73142 0.15001 0.885451
-1.53601 0.15001 0.887228
-2.84999 0.15001 1.57489
-1.16232 0.15001 -1.7904
-0.650622 0.15001 -1.95462
-0.772043 0.15001 -1.42455
-2.68049 0.15001 -1.04577
-0.633129 0.15001 0.417227
1.36132 0.15001 0.24383
-1.55137 0.15001 1.23849
-1.26352 0.15001 1.79408
-2.84999 0.15001 2.15933
-1.7861 0.15001 0.344991
0.180658 0.15001 -0.805024
-2.32501 0.15001 -2.63207
0.0280853 0.15001 -0.119843
0.699142 0.15001 -0.130778
1.35833 0.15001 -0.508069
1.61821 0.15001 2.50549
-0.542732 0.15001 2.66998
-2.05063 0.15001 2.84999
-2.67472 0.15001 0.106596
-1.95263 0.15001 1.59454
-0.865961 0.15001 -1.60409
-2.84999 0.15001 -2.47689
-1.56455 0.15001 -2.84999
-1.96897 0.15001 -1.83726
-0.478202 0.15001 -0.615866
-0.835255 0.15001 -1.00304
-2.3223 0.15001 0.499112
-1.66703 0.15001 -2.33222
-0.822541 0.15001 0.399147
-2.84999 0.15001 2.84999
-0.857936 0.15001 -2.67638
1.3586 0.15001 -0.320477
-2.14066 0.15001 1.21811
-1.38249 0.15001 -0.553105
-2.73577 0.15001 2.68637
-2.09156 0.15001 1.78841
-2.10649 0.15001 -0.452201
-2.54022 0.15001 2.66558
-0.659008 0.15001 1.44406
-1.65654 0.15001 2.4986
-1.36048 0.15001 -2.84999
-0.149646 0.15001 -0.0175453
-2.84999 0.15001 -0.755375
-1.26647 0.15001 -0.707773
0.179829 0.15001 -0.996897
0.692917 0.15001 -0.701646
-1.67271 0.15001 -1.65354
-2.32651 0.15001 1.88738
-2.67392 0.15001 0.698126
-1.85329 0.15001 2.84999
-1.31662 0.15001 0.518123
0.360022 0.15001 -1.4756
-2.84999 0.15001 -0.949706
-2.84999 0.15001 -0.180027
-1.47001 0.15001 -2.32005
0.230178 0.15001 1.15433
-2.65234 0.15001 2.49262
-2.15622 0.15001 0.602456
-2.34984 0.15001 2.31076
0.261138 0.15001 1.97146
-0.760022 0.15001 -2.50098
-1.92104 0.15001 -0.98439
1.40024 0.15001 1.57655
1.52745 0.15001 0.336685
0.23866 0.15001 1.76888
-0.246118 0.15001 2.49389
-0.506203 0.15001 -1.47289
2.35503 0.15001 0.998644
1.36545 0.15001 0.620967
2.34151 0.15001 1.7728
1.68301 0.15001 -1.258
-1.15833 0.15001 -2.84999
-1.13627 0.15001 -0.8982
-0.408702 0.15001 -1.63717
-1.05937 0.15001 -2.3226
-0.405019 0.15001 -1.29518
-0.956448 0.15001 -2.84999
-1.72532 0.15001 -0.968347
-2.66734 0.15001 -2.02035
-2.67079 0.15001 1.47622
-2.84999 0.15001 -1.72746
-2.49402 0.15001 -1.9281
2.1882 0.15001 1.28514
-0.455024 0.15001 1.79798
-2.5023 0.15001 1.78457
-1.97177 0.15001 -2.50876
-2.49671 0.15001 0.600656
-1.55426 0.15001 2.67591
0.452134 0.15001 2.31891
-0.358623 0.15001 1.62278
-1.87027 0.15001 -2.67917
-2.67188 0.15001 1.09291
-1.28902 0.15001 -1.27809
0.0680899 0.15001 1.2603
0.860632 0.15001 -0.604635
-1.99176 0.15001 -0.627666
-0.859326 0.15001 2.14351
-2.096 0.15001 -0.80362
-1.75556 0.15001 1.59826
-2.84999 0.15001 0.396412
-0.855584 0.15001 -1.9571
0.832371 0.15001 -2.84999
-2.67564 0.15001 -0.470149
0.573461 0.15001 1.53578
1.19996 0.15001 0.52941
-0.996234 0.15001 -0.496092
2.02288 0.15001 1.38048
2.35511 0.15001 0.432498
-2.14572 0.15001 0.210905
-1.6535 0.15001 2.84999
-2.50056 0.15001 -2.71592
-0.628677 0.15001 -0.976776
-1.05461 0.15001 -2.67624
1.54837 0.15001 -2.3239
0.48263 0.15001 -1.82436
-0.277814 0.15001 1.26536
-1.35889 0.15001 2.32417
-2.32545 0.15001 0.899927
-0.283288 0.15001 0.881876
-2.63912 0.15001 2.84999
-1.55974 0.15001 -0.0465443
0.0228178 0.15001 -0.320135
-1.98771 0.15001 0.690769
-0.319457 0.15001 -0.284575
-2.50247 0.15001 2.18304
-2.32454 0.15001 -0.0852492
-2.05243 0.15001 2.15038
-1.95508 0.15001 2.66886
-1.75592 0.15001 2.67322
0.0498668 0.15001 2.68274
1.03111 0.15001 -2.84999
2.35343 0.15001 1.19005
-2.1674 0.15001 -2.51707
0.87972 0.15001 -1.81173
1.19362 0.15001 -0.226554
-2.32381 0.15001 0.706251
0.883809 0.15001 1.11852
-1.45747 0.15001 2.14946
-0.0502604 0.15001 2.84999
-0.452238 0.15001 1.06665
-0.559589 0.15001 -2.84999
-1.46358 0.15001 -2.67629
-1.87573 0.15001 -1.66707
1.39405 0.15001 2.48768
-2.49889 0.15001 -0.765306
-1.92805 0.15001 0.104194
0.694663 0.15001 -0.511503
-1.90655 0.15001 -1.32659
-2.05827 0.15001 1.40602
1.83104 0.15001 1.86331
-2.64753 0.15001 -2.84892
0.395707 0.15001 -1.65711
-1.05314 0.15001 1.08459
1.1718 0.15001 -1.97991
0.254599 0.15001 -2.51023
-0.157426 0.15001 -0.409807
-1.16235 0.15001 0.00776371
-2.10642 0.15001 1.01201
-1.45405 0.15001 2.50286
-1.6433 0.15001 1.06074
-0.759835 0.15001 -2.84999
2.67674 0.15001 2.16395
-2.48706 0.15001 -2.12337
2.68528 0.15001 0.810696
-1.9996 0.15001 -0.289797
-0.059027 0.15001 2.1504
1.85543 0.15001 -0.225448
0.363591 0.15001 2.51762
2.68291 0.15001 1.38441
1.69055 0.15001 0.0546896
0.771205 0.15001 2.84999
-0.85753 0.15001 -2.32068
-0.205003 0.15001 -1.63211
-2.19242 0.15001 -1.51129
-2.84999 0.15001 -2.84999
-1.23211 0.15001 -0.175266
1.84708 0.15001 -1.34697
-1.0876 0.15001 0.188285
-1.85162 0.15001 1.40978
-1.60677 0.15001 0.704101
-0.957227 0.15001 -2.50338
-0.713113 0.15001 -1.15345
2.18626 0.15001 -0.594902
-2.31801 0.15001 0.305476
-0.714229 0.15001 -0.295021
-1.35801 0.15001 1.6078
-1.05786 0.15001 1.44389
-1.66401 0.15001 1.78115
0.352599 0.15001 -0.899518
-0.858091 0.15001 1.44667
-2.31181 0.15001 -0.478372
0.010531 0.15001 -1.09698
1.19089 0.15001 -1.17056
1.45226 0.15001 1.7599
-2.15385 0.15001 1.98035
-1.86936 0.15001 1.78135
1.13589 0.15001 -2.67471
-2.4939 0.15001 1.38376
-0.0277079 0.15001 -1.98331
-0.952292 0.15001 0.916296
-2.84999 0.15001 -1.14211
-0.258601 0.15001 -2.67427
1.52072 0.15001 -0.97584
1.92613 0.15001 2.33903
2.02432 0.15001 0.430784
2.00073 0.15001 1.96127
1.69203 0.15001 0.242302
0.210546 0.15001 0.361645
-0.955489 0.15001 1.26887
0.936138 0.15001 1.90981
-2.50289 0.15001 -1.7312
2.18767 0.15001 -0.0360075
0.0645037 0.15001 -2.15999
0.0137904 0.15001 -1.29634
-1.05814 0.15001 -1.9594
2.12625 0.15001 2.681
-1.65188 0.15001 2.14562
0.966717 0.15001 2.84999
-0.742235 0.15001 2.66929
2.02698 0.15001 1.18639
1.24351 0.15001 -2.50101
-1.81396 0.15001 -1.149
1.19258 0.15001 -0.602635
1.22928 0.15001 1.49023
-1.76402 0.15001 -0.0417628
-1.25602 0.15001 -1.96756
0.0588481 0.15001 0.86286
-2.49185 0.15001 1.19192
2.84999 0.15001 2.45662
0.253252 0.15001 2.3544
1.06539 0.15001 -2.15352
2.18714 0.15001 -0.222514
-0.156986 0.15001 -2.84999
-0.342248 0.15001 -2.14609
-1.56453 0.15001 -2.50298
-2.49042 0.15001 0.207824
0.789043 0.15001 2.47642
-2.84999 0.15001 1.18603
-0.643071 0.15001 2.84999
0.0490685 0.15001 0.466631
-0.0448639 0.15001 -2.33254
0.183902 0.15001 -0.612634
1.61733 0.15001 -2.84999
-1.463 0.15001 1.78705
-0.952503 0.15001 2.31711
-2.05373 0.15001 2.4946
-1.90699 0.15001 0.501962
-1.17844 0.15001 -1.44531
-1.24734 0.15001 1.06921
-2.84999 0.15001 1.77238
-2.19095 0.15001 -0.630324
0.357444 0.15001 -1.28682
-1.01565 0.15001 0.377281
0.19953 0.15001 -0.0274987
1.0755 0.15001 -1.81294
2.18928 0.15001 0.337929
-1.93221 0.15001 0.881933
1.0302 0.15001 0.0575533
-1.45095 0.15001 2.84999
2.02716 0.15001 0.995737
0.170968 0.15001 -1.98609
2.52786 0.15001 2.67935
0.383147 0.15001 0.650588
0.795461 0.15001 2.21668
1.52923 0.15001 0.524736
0.445592 0.15001 2.03457
-1.04878 0.15001 2.49666
-1.0748 0.15001 -0.681029
-0.250404 0.15001 2.14496
1.8465 0.15001 1.67423
1.58719 0.15001 -1.96728
-1.78552 0.15001 -1.48653
-2.50318 0.15001 -1.32711
-1.79054 0.15001 -0.618596
-1.26065 0.15001 -2.67401
-1.76522 0.15001 -1.84065
2.18178 0.15001 -1.1537
0.188284 0.15001 -1.39381
-0.0625389 0.15001 1.78447
-0.0495425 0.15001 2.49493
-2.48976 0.15001 -0.572546
-1.76781 0.15001 -2.84999
0.050919 0.15001 -2.5078
-0.512309 0.15001 -0.278995
-0.160336 0.15001 -1.00108
0.954054 0.15001 2.10642
0.565517 0.15001 2.50811
-1.40396 0.15001 0.334228
-1.81233 0.15001 -0.241852
0.540597 0.15001 0.352983
-2.10989 0.15001 -1.33447
-1.77271 0.15001 -2.16957
0.44848 0.15001 -2.84999
0.264048 0.15001 -2.16092
-2.84999 0.15001 -2.28908
2.18675 0.15001 -0.40882
2.84999 0.15001 -1.90125
0.848452 0.15001 -2.50035
-1.26223 0.15001 2.15023
0.859532 0.15001 -1.17803
-1.97175 0.15001 -2.17831
1.1976 0.15001 0.340055
1.83212 0.15001 2.05564
2.3556 0.15001 0.808897
0.872382 0.15001 0.537011
0.603051 0.15001 1.92853
2.67824 0.15001 2.55722
0.410665 0.15001 1.64362
1.29861 0.15001 2.07012
0.235261 0.15001 1.35146
1.79623 0.15001 -2.3003
2.51984 0.15001 0.152207
2.01886 0.15001 -0.876135
1.84942 0.15001 -1.15893
-1.6197 0.15001 -0.243448
-0.758593 0.15001 0.923962
-1.25155 0.15001 2.50304
2.68018 0.15001 1.77259
1.07438 0.15001 1.60041
-0.442506 0.15001 2.49118
1.3691 0.15001 -1.97504
-1.30639 0.15001 -0.370484
0.0802147 0.15001 -1.80864
-0.451923 0.15001 -2.31678
-1.16083 0.15001 -2.49909
-1.57893 0.15001 -1.46909
-0.841816 0.15001 2.84999
-1.85694 0.15001 2.49646
-0.461386 0.15001 1.44939
0.226155 0.15001 0.954153
1.52237 0.15001 -0.788153
-0.178233 0.15001 -0.606885
-1.87097 0.15001 -2.34271
-0.343148 0.15001 2.31792
2.35078 0.15001 1.38312
-0.163177 0.15001 -0.805092
0.378164 0.15001 0.45564
-1.55599 0.15001 2.32195
2.22708 0.15001 2.84999
1.20481 0.15001 2.84999
0.973093 0.15001 -1.98315
0.0396767 0.15001 0.268577
-0.548314 0.15001 -1.78067
-1.42722 0.15001 -0.209519
-1.45694 0.15001 -1.98248
-1.59704 0.15001 -0.588246
-1.50916 0.15001 0.50872
-1.75778 0.15001 1.96132
-2.24666 0.15001 2.84999
-1.14443 0.15001 2.67545
0.696962 0.15001 -0.321459
-1.01934 0.15001 -1.0707
0.553471 0.15001 0.937904
-0.285259 0.15001 0.681163
1.02971 0.15001 -1.45927
-0.942802 0.15001 2.67162
-0.98017 0.15001 -1.43146
-1.97036 0.15001 0.3032
-2.45208 0.15001 2.48124
-1.06217 0.15001 1.79751
1.85826 0.15001 0.336337
0.918805 0.15001 1.71012
0.0786514 0.15001 1.65411
2.67479 0.15001 2.36127
2.50379 0.15001 2.26619
2.50389 0.15001 -2.28356
-1.15948 0.15001 1.61843
-1.44348 0.15001 1.0622
1.52572 0.15001 0.148754
-0.754057 0.15001 2.31327
-0.655146 0.15001 -2.31404
-2.07177 0.15001 -2.68366
-0.358002 0.15001 -0.773785
-2.01601 0.15001 -1.16075
-2.36429 0.15001 -2.84999
-0.549234 0.15001 -2.13585
-1.96833 0.15001 -2.84999
-2.5056 0.15001 1.98107
2.1911 0.15001 0.90237
0.703671 0.15001 0.252747
1.35509 0.15001 -1.07254
2.18381 0.15001 -0.967231
-1.69731 0.15001 -1.30677
1.35159 0.15001 -2.32533
2.52019 0.15001 0.339278
-0.657602 0.15001 1.79693
-2.42899 0.15001 -1.14353
-1.83844 0.15001 1.05632
-0.682852 0.15001 0.230194
-0.734122 0.15001 0.579437
-2.15612 0.15001 -0.181806
-2.66882 0.15001 0.301694
-0.248026 0.15001 -2.32456
2.5031 0.15001 -2.4738
-2.32361 0.15001 -0.283793
-0.756652 0.15001 -1.77954
-2.22229 0.15001 -1.16398
0.865051 0.15001 -0.0364148
2.35557 0.15001 0.620299
1.03466 0.15001 0.437622
-0.118659 0.15001 -1.80749
1.37485 0.15001 1.18858
2.33668 0.15001 1.96656
1.6936 0.15001 0.430092
1.65993 0.15001 1.95975
0.241869 0.15001 1.5508
0.701283 0.15001 0.0606514
2.32998 0.15001 2.35602
0.761902 0.15001 1.82157
-0.109659 0.15001 0.577063
-0.65661 0.15001 -1.60466
2.5151 0.15001 1.48097
2.0274 0.15001 2.84999
0.791376 0.15001 -1.63833
1.85378 0.15001 -0.78506
1.1899 0.15001 -1.56682
2.84999 0.15001 2.06422
1.19321 0.15001 -0.414775
2.13149 0.15001 2.31368
0.0634809 0.15001 1.06287
0.0478451 0.15001 -2.84999
0.359244 0.15001 -2.33313
0.27693 0.15001 -1.8128
-0.320661 0.15001 -1.80819
1.15501 0.15001 -2.32664
2.68181 0.15001 -1.42915
-1.3585 0.15001 -1.79992
-1.24542 0.15001 2.84999
1.69915 0.15001 0.993615
-2.31559 0.15001 1.47716
1.6347 0.15001 -2.49712
1.80868 0.15001 -2.84999
1.02912 0.15001 -0.131981
-2.67201 0.15001 -1.43453
-0.963925 0.15001 0.0333081
1.52355 0.15001 -0.600966
-2.84999 0.15001 -1.33399
-0.558192 0.15001 -0.7946
1.35538 0.15001 -1.26264
-1.37684 0.15001 -1.45499
0.349947 0.15001 -2.68028
1.02575 0.15001 -1.07734
0.531831 0.15001 -0.225891
1.04887 0.15001 1.20697
2.0202 0.15001 -0.689996
0.869249 0.15001 0.345451
-1.59651 0.15001 0.328984
-2.67147 0.15001 -1.62945
-2.15212 0.15001 2.32227
-1.7976 0.15001 0.703478
1.26158 0.15001 -2.15168
-0.877686 0.15001 -0.656376
-0.324158 0.15001 0.0910671
-1.07217 0.15001 -1.61204
0.544421 0.15001 -2.67916
-1.11163 0.15001 -0.337984
-1.0326 0.15001 0.735802
-1.36192 0.15001 1.97595
2.52047 0.15001 0.7154
2.19015 0.15001 0.525455
0.877679 0.15001 2.66505
0.157763 0.15001 -2.33577
-2.14982 0.15001 2.66706
-1.3497 0.15001 2.67785
-2.31712 0.15001 0.11137
2.84999 0.15001 -1.14763
-1.3643 0.15001 -2.49828
1.92869 0.15001 2.68021
-1.53068 0.15001 -0.925973
-2.25169 0.15001 2.4932
-0.891728 0.15001 -1.24229
-2.15012 0.15001 -2.10701
-1.88341 0.15001 -0.796101
-0.547352 0.15001 2.3139
-1.95752 0.15001 1.964
-2.50648 0.15001 -0.958467
1.38101 0.15001 1.37851
1.8611 0.15001 0.711899
2.51608 0.15001 -0.963266
1.02551 0.15001 -0.886815
0.696363 0.15001 -1.47389
-2.30873 0.15001 -2.2242
2.34603 0.15001 -1.43303
-0.645874 0.15001 1.10585
-2.3027 0.15001 -0.78819
-2.34558 0.15001 2.67036
-2.50029 0.15001 0.799514
0.392561 0.15001 1.04479
0.706676 0.15001 0.445442
-0.0998462 0.15001 1.17011
0.358575 0.15001 -0.515422
-1.47041 0.15001 -1.6359
1.2055 0.15001 0.909672
-0.964889 0.15001 -1.78124
-0.136436 0.15001 -2.15568
2.02082 0.15001 -0.503825
-2.1137 0.15001 -1.69964
0.733846 0.15001 1.429
0.566498 0.15001 1.33793
1.8639 0.15001 1.08895
0.774183 0.15001 2.02243
-0.516838 0.15001 0.600743
1.54424 0.15001 1.46405
0.0686486 0.15001 1.45634
0.559103 0.15001 1.13611
-1.87847 0.15001 -2.00684
1.03211 0.15001 0.247464
2.18383 0.15001 1.47941
1.32525 0.15001 2.27177
1.52341 0.15001 2.33313
1.84662 0.15001 -1.5341
2.34725 0.15001 -1.2451
0.251031 0.15001 -2.84999
1.13442 0.15001 2.17656
1.6887 0.15001 -0.693381
-1.49238 0.15001 0.152664
-0.443327 0.15001 -1.96496
1.11711 0.15001 1.98641
-1.15424 0.15001 1.2604
0.158029 0.15001 2.84999
-0.604757 0.15001 -1.30944
1.6561 0.15001 -1.77925
0.204177 0.15001 -1.60347
0.692228 0.15001 -1.08545
1.68708 0.15001 -0.880391
1.92732 0.15001 -2.66661
-0.679813 0.15001 -0.634347
-1.22336 0.15001 0.721302
-1.55735 0.15001 1.97095
-0.846145 0.15001 2.49283
2.16382 0.15001 -2.09801
0.668094 0.15001 -2.15715
0.957768 0.15001 -2.32578
1.19344 0.15001 -1.36369
-2.11455 0.15001 -2.32162
1.35619 0.15001 -0.883491
-1.3523 0.15001 1.24423
-1.35799 0.15001 -0.0203551
1.19551 0.15001 0.150986
-2.50176 0.15001 -0.183558
0.466036 0.15001 -2.15878
0.548341 0.15001 0.741434
0.523664 0.15001 -0.80012
-0.914766 0.15001 -0.309112
0.525829 0.15001 -0.60899
1.52403 0.15001 -0.226533
0.317685 0.15001 2.17385
0.366544 0.15001 -0.127809
-0.961229 0.15001 1.97394
-2.49641 0.15001 0.994135
1.72794 0.15001 -2.67234
0.559245 0.15001 -2.32974
2.84999 0.15001 -2.47112
0.362698 0.15001 -0.322034
1.3575 0.15001 -0.695568
0.528653 0.15001 -1.38578
2.68549 0.15001 0.245792
2.01636 0.15001 1.57605
-0.860678 0.15001 1.79691
2.43102 0.15001 2.84999
1.03749 0.15001 0.628345
2.51905 0.15001 -0.220527
-0.445928 0.15001 0.422813
2.49075 0.15001 2.476
-0.64385 0.15001 0.752263
-1.03697 0.15001 -0.147861
1.85186 0.15001 -0.971685
2.32661 0.15001 2.67539
0.584579 0.15001 1.7309
-0.413954 0.15001 -0.0968581
-1.26826 0.15001 -1.62206
-2.67817 0.15001 -1.23699
1.35881 0.15001 -0.132602
1.45648 0.15001 -2.14822
1.02682 0.15001 -1.26851
1.86428 0.15001 1.27973
-2.44305 0.15001 2.84999
2.50537 0.15001 2.0672
1.05885 0.15001 1.40436
2.35285 0.15001 -0.314281
-2.84999 0.15001 -1.91952
1.99358 0.15001 -2.19672
2.17487 0.15001 -1.7194
2.16887 0.15001 -1.90864
-0.484073 0.15001 0.236493
0.681873 0.15001 2.66924
2.21982 0.15001 2.51203
-2.32431 0.15001 -1.83314
2.17213 0.15001 1.8685
0.866814 0.15001 0.154313
0.196151 0.15001 -0.22308
1.19148 0.15001 -0.790787
-0.138342 0.15001 0.177557
1.9848 0.15001 -2.38943
0.575227 0.15001 -1.98974
-0.255926 0.15001 1.79102
-1.16262 0.15001 1.97285
-0.884068 0.15001 0.215252
2.68558 0.15001 0.433318
1.14998 0.15001 2.36294
2.84999 0.15001 -1.52206
1.09463 0.15001 1.79586
-1.95409 0.15001 2.32389
1.70297 0.15001 1.37221
2.5173 0.15001 1.28749
2.84999 0.15001 1.09623
2.84999 0.15001 1.48063
2.6839 0.15001 1.19196
0.399013 0.15001 1.24413
0.0665022 0.15001 1.93325
2.68526 0.15001 -2.75797
2.84999 0.15001 -2.09139
1.37001 0.15001 -1.64256
2.6851 0.15001 -0.127367
0.21726 0.15001 0.55929
2.35059 0.15001 -0.871847
2.01317 0.15001 -1.43726
2.84999 0.15001 1.86899
-0.148522 0.15001 2.32292
2.84999 0.15001 0.905657
2.84999 0.15001 -1.71133
-1.16103 0.15001 -2.14561
2.336 0.15001 -2.00158
1.35966 0.15001 0.0555371
2.67746 0.15001 -2.18712
2.35335 0.15001 -0.128082
1.53119 0.15001 0.712788
2.68208 0.15001 -1.24252
-1.93877 0.15001 1.22958
-0.832894 0.15001 -0.128986
1.6487 0.15001 -2.15742
2.17832 0.15001 -1.53046
-0.0548793 0.15001 -2.67808
0.866567 0.15001 -2.15418
-2.84999 0.15001 -0.374816
1.82733 0.15001 -2.4989
0.963035 0.15001 2.31175
-0.753713 0.15001 1.27143
-1.21226 0.15001 0.34932
1.82142 0.15001 2.84999
0.681387 0.15001 -1.81203
1.82874 0.15001 -2.10143
2.00252 0.15001 -1.8147
1.42385 0.15001 -2.84999
0.989248 0.15001 -1.6433
-1.05772 0.15001 2.14821
1.02833 0.15001 -0.320937
1.69523 0.15001 0.617884
2.84999 0.15001 2.6547
2.84999 0.15001 2.84999
1.26839 0.15001 -1.80453
2.84999 0.15001 -2.28131
0.65028 0.15001 -2.50192
-0.339653 0.15001 -0.481026
0.691944 0.15001 -0.892709
0.7744 0.15001 -1.98316
1.47819 0.15001 2.14432
0.85955 0.15001 -0.794043
0.745131 0.15001 1.62322
-1.75598 0.15001 2.3215
0.131258 0.15001 2.12459
-0.105196 0.15001 0.968179
0.544041 0.15001 0.547611
2.50905 0.15001 1.87064
2.84999 0.15001 -0.776027
-2.49169 0.15001 1.5851
2.51208 0.15001 1.67551
1.66121 0.15001 1.76467
2.00813 0.15001 1.77113
0.388053 0.15001 0.846448
-0.628704 0.15001 -0.118088
-0.799523 0.15001 -0.472888
-0.301336 0.15001 -1.46059
0.0102047 0.15001 -0.517284
-0.851486 0.15001 1.097
1.85687 0.15001 0.148749
-1.71778 0.15001 0.161264
0.610515 0.15001 2.13757
1.08084 0.15001 2.69277
1.21485 0.15001 1.2933
-2.84996 0.15001 0.593195
2.16109 0.15001 -2.2888
0.14742 0.15001 2.51502
-0.29747 0.15001 0.291464
1.36333 0.15001 0.432283
-1.33507 0.15001 0.88693
2.02316 0.15001 0.243251
2.84999 0.15001 1.67441
0.369524 0.15001 0.0657656
-0.34275 0.15001 1.9722
1.04601 0.15001 -2.50025
2.33064 0.15001 -2.38392
2.6813 0.15001 -1.61664
1.22803 0.15001 -2.84999
2.32685 0.15001 -2.57782
1.41581 0.15001 2.84999
1.86256 0.15001 0.9
2.51891 0.15001 1.09546
2.17788 0.15001 1.67547
2.84999 0.15001 0.716055
1.33374 0.15001 -2.67561
2.33174 0.15001 -2.19121
0.222968 0.15001 0.755954
1.6851 0.15001 -1.06818
0.475323 0.15001 2.68166
-1.15646 0.15001 2.32521
0.999093 0.15001 2.5062
2.6433 0.15001 2.85
2.3435 0.15001 -1.62229
2.68534 0.15001 0.0589142
1.19418 0.15001 -0.037932
-0.120332 0.15001 0.373885
-0.480112 0.15001 1.25711
1.85967 0.15001 0.524083
0.0554304 0.15001 2.31886
0.875717 0.15001 0.729396
0.421163 0.15001 1.8408
2.50642 0.15001 -2.09344
1.20015 0.15001 2.54121
-2.14806 0.15001 1.58865
0.718766 0.15001 1.02859
2.50935 0.15001 -1.90344
1.52401 0.15001 -0.41382
2.68498 0.15001 -0.313103
2.84999 0.15001 -0.590756
2.02114 0.15001 -0.31743
2.18001 0.15001 -1.34106
-0.558285 0.15001 1.62137
1.3206 0.15001 2.68476
2.51945 0.15001 -0.0343599
2.68009 0.15001 -2.56855
0.859225 0.15001 -0.984961
2.68438 0.15001 -0.683716
2.52404 0.15001 -2.84999
2.02208 0.15001 0.0560418
1.69101 0.15001 1.57327
2.18842 0.15001 0.150777
1.99803 0.15001 2.15975
1.28227 0.15001 1.87547
2.3539 0.15001 0.0583913
0.152812 0.15001 -2.67954
1.02639 0.15001 -0.697665
2.51147 0.15001 -1.71359
0.0293888 0.15001 0.0743712
1.68975 0.15001 -0.132639
1.68949 0.15001 -0.506575
1.85488 0.15001 -0.598644
-0.10502 0.15001 1.57484
-0.264844 0.15001 1.07577
2.84999 0.15001 0.339426
2.01107 0.15001 -1.62646
2.51349 0.15001 -1.52451
-0.839536 0.15001 0.745462
2.68259 0.15001 -1.05539
0.45079 0.15001 -2.50797
2.84999 0.15001 -0.961533
-0.273415 0.15001 0.487946
1.53637 0.15001 1.08909
-0.554075 0.15001 1.97226
2.19084 0.15001 0.713516
2.6847 0.15001 1.00075
-2.84999 0.15001 0.988037
0.891329 0.15001 1.31821
1.71942 0.15001 2.67855
1.82509 0.15001 2.51135
0.405861 0.15001 1.44449
1.99824 0.15001 -2.84999
1.51671 0.15001 2.67325
2.67918 0.15001 -1.99683
-0.446031 0.15001 2.14294
2.51454 0.15001 -1.33711
0.937834 0.15001 -2.67531
0.739671 0.15001 -2.67729
1.55979 0.15001 -1.60564
0.0562617 0.15001 0.666249
-0.956644 0.15001 -2.13965
-2.67128 0.15001 0.4984
-1.25704 0.15001 1.43253
2.1664 0.15001 2.06313
0.863665 0.15001 -0.226439
1.25046 0.15001 1.68698
1.20255 0.15001 0.719247
1.67926 0.15001 -1.45151
2.35239 0.15001 -0.500223
0.203826 0.15001 0.166096
1.85533 0.15001 -0.412145
-0.595487 0.15001 -0.456237
2.1854 0.15001 -0.780924
2.84999 0.15001 2.26023
2.51482 0.15001 -1.14982
2.84999 0.15001 -2.66129
1.53134 0.15001 -2.67384
2.18668 0.15001 -2.84999
0.592128 0.15001 -1.63654
1.8375 0.15001 -1.7208
1.72765 0.15001 2.3414
1.70127 0.15001 1.1823
1.85733 0.15001 1.4767
2.68556 0.15001 0.621588
2.51997 0.15001 0.904808
1.46736 0.15001 -1.8069
0.85973 0.15001 -1.37429
0.354444 0.15001 -0.707307
2.34041 0.15001 -1.81128
0.537391 0.15001 0.159342
0.725213 0.15001 1.22745
2.51872 0.15001 -0.406306
2.84999 0.15001 -0.220103
2.33217 0.15001 2.16313
2.84999 0.15001 -0.0342428
1.20911 0.15001 1.10091
2.15607 0.15001 -2.48151
-0.359146 0.15001 -2.84999
2.51742 0.15001 -0.777323
1.69705 0.15001 0.805643
2.02685 0.15001 2.50856
2.84999 0.15001 -1.33473
2.02648 0.15001 0.806753
1.52444 0.15001 -0.0389995
2.35173 0.15001 -0.685969
2.51829 0.15001 -0.591805
2.84999 0.15001 -2.84999
2.01459 0.15001 -1.2494
-2.14377 0.15001 0.406409
2.12445 0.15001 -2.66995
2.02143 0.15001 -0.130815
1.53352 0.15001 0.900854
-0.547386 0.15001 0.0569764
-1.41458 0.15001 0.699939
0.53463 0.15001 -0.0333862
1.51977 0.15001 -1.16469
2.68485 0.15001 -0.498437
1.044 0.15001 1.01239
2.0169 0.15001 -1.06257
-0.449766 0.15001 0.783871
-1.51034 0.15001 -0.403781
1.37079 0.15001 0.999031
1.19072 0.15001 -0.980191
1.61643 0.15001 2.84999
1.36788 0.15001 0.809858
2.51344 0.15001 -2.66209
2.67689 0.15001 -2.37761
2.68348 0.15001 -0.869278
1.02739 0.15001 -0.509368
1.35857 0.15001 -1.45576
0.373491 0.15001 0.259656
1.51916 0.15001 -1.35578
1.66969 0.15001 2.15834
2.02548 0.15001 0.61857
2.68161 0.15001 1.57808
2.68032 0.15001 -1.80656
1.99582 0.15001 -2.00367
0.862134 0.15001 -0.415714
2.84999 0.15001 -0.40552
0.714131 0.15001 0.832502
2.35449 0.15001 0.245223
0.879135 0.15001 0.922862
-0.344548 0.15001 2.6687
0.646685 0.15001 2.33429
2.34679 0.15001 1.5775
