1000 0.1
1.85702 0.15001 -0.0375739
-2.67751 0.15001 0.904841
-2.49809 0.15001 -2.33568
-2.32828 0.15001 -2.43973
-2.84999 0.15001 -0.560908
2.84999 0.15001 1.29329
1.47112 0.15001 1.96292
-1.56068 0.15001 1.60036
-1.45924 0.15001 -0.748974
-0.785325 0.15001 0.0729738
-2.65646 0.15001 2.29458
0.578578 0.15001 2.84999
-0.260472 0.15001 1.45439
2.84999 0.15001 0.532143
-0.754189 0.15001 1.61481
-0.262135 0.15001 -1.97884
-0.366654 0.15001 -1.1219
0.153637 0.15001 -1.27827
-0.963422 0.15001 0.562695
-0.149996 0.15001 1.2984
-2.14285 0.15001 -1.94552
-2.84545 0.15001 -2.10671
-0.731662 0.15001 -0.789586
-1.75164 0.15001 -2.5021
-1.36572 0.15001 -2.14611
2.51841 0.15001 0.531911
-2.67278 0.15001 -1.83136
-0.462569 0.15001 -2.67481
-2.49834 0.15001 0.414415
-1.67389 0.15001 1.41404
-2.14674 0.15001 -1.00118
0.198662 0.15001 -0.442104
-1.91044 0.15001 -0.467083
-1.97789 0.15001 -1.4882
0.626923 0.15001 -2.84752
-2.33503 0.15001 -1.04354
0.542225 0.15001 -1.01268
-1.4944 0.15001 -1.28412
-1.16697 0.15001 0.902991
-2.84999 0.15001 0.0215539
-0.162769 0.15001 -2.5005
-1.66542 0.15001 -0.774511
-0.292642 0.15001 -0.947048
0.733214 0.15001 -2.32283
-0.0569507 0.15001 -1.62745
-0.766999 0.15001 -2.1478
0.270902 0.15001 2.66864
-0.240007 0.15001 2.84999
-1.19035 0.15001 -0.520344
-2.67682 0.15001 1.8868
-1.56849 0.15001 -1.81005
-2.49496 0.15001 -1.53796
-1.16601 0.15001 0.544643
-1.41459 0.15001 -1.09888
-1.04346 0.15001 2.84999
-1.85396 0.15001 2.13041
-2.67513 0.15001 1.69199
-2.84999 0.15001 2.36131
-2.34337 0.15001 1.29906
0.87394 0.15001 1.48467
-0.556884 0.15001 -1.13325
1.42006 0.15001 -2.49386
-1.33791 0.15001 -0.912048
-0.950085 0.15001 -0.816646
-0.567249 0.15001 0.914336
-1.30316 0.15001 0.166311
0.0324091 0.15001 -0.736769
-1.78954 0.15001 0.41945
-2.67502 0.15001 2.08377
-2.84999 0.15001 0.80607
-2.6599 0.15001 -2.6443
-2.84999 0.15001 -1.52924
-2.68204 0.15001 -0.0755381
1.03445 0.15001 0.804606
2.84999 0.15001 0.156916
-2.67947 0.15001 1.29554
-2.84999 0.15001 1.39221
-2.84999 0.15001 0.214084
-1.46904 0.15001 1.42206
-0.748541 0.15001 1.96929
-2.66937 0.15001 -2.22609
-2.14078 0.15001 -2.84999
-1.211 0.15001 -1.07778
-2.51209 0.15001 -0.365933
-0.640919 0.15001 2.49316
-2.84999 0.15001 2.55192
-2.15987 0.15001 0.818605
-2.84999 0.15001 1.97693
-2.26717 0.15001 2.1237
-0.64812 0.15001 2.14176
-0.155327 0.15001 -1.45551
-2.67847 0.15001 -0.850261
-2.49178 0.15001 -2.54545
-1.09366 0.15001 -1.26617
-2.50553 0.15001 0.0244037
-1.97345 0.15001 -0.124425
-1.76967 0.15001 1.24009
-2.3357 0.15001 1.10648
0.371811 0.15001 2.84999
-2.32301 0.15001 1.70131
-1.26055 0.15001 -2.31919
-0.152521 0.15001 1.97763
-2.32591 0.15001 -1.64519
2.67816 0.15001 1.98095
1.52914 0.15001 1.2823
-0.956608 0.15001 1.61062
1.81561 0.15001 -1.90962
-0.563854 0.15001 -2.50023
1.69217 0.15001 -0.321606
2.35327 0.15001 -1.06124
2.34831 0.15001 -2.77884
0.0349552 0.15001 -0.933811
-1.61778 0.15001 -1.1164
-0.143872 0.15001 -0.257706
0.377843 0.15001 -1.10946
-2.67906 0.15001 -0.658122
-0.363455 0.15001 -2.50023
-2.66136 0.15001 -2.445
-0.439628 0.15001 2.84999
-2.68187 0.15001 -0.269623
-1.6459 0.15001 -2.67506
2.18596 0.15001 1.09741
0.338989 0.15001 -1.97541
-1.70953 0.15001 -0.434064
-2.14398 0.15001 0.0158097
-0.141981 0.15001 2.66774
-1.66042 0.15001 -1.99349
0.536187 0.15001 -0.435115
-0.140894 0.15001 0.713951
0.702311 0.15001 0.614739
-2.31873 0.15001 -1.4375
-0.254083 0.15001 -1.28187
0.540893 0.15001 -1.21556
-2.32096 0.15001 -2.04012
-2.84999 0.15001 -2.66449
-0.663423 0.15001 -2.67551
0.717409 0.15001 -1.29767
-1.78517 0.15001 0.861104
-1.57147 0.15001 0.890835
-2.84999 0.15001 1.58958
-1.17064 0.15001 -1.79201
-0.66754 0.15001 -1.9747
-0.782336 0.15001 -1.44774
-2.68014 0.15001 -1.04356
-0.648698 0.15001 0.425231
1.36206 0.15001 0.238842
-1.57309 0.15001 1.24342
-1.25418 0.15001 1.78541
-2.84999 0.15001 2.17022
-1.81939 0.15001 0.225341
0.202731 0.15001 -0.829426
-2.32132 0.15001 -2.64527
0.027365 0.15001 -0.15648
0.701577 0.15001 -0.146731
1.363 0.15001 -0.51568
1.58833 0.15001 2.49769
-0.53884 0.15001 2.67118
-2.03222 0.15001 2.84999
-2.67981 0.15001 0.118949
-1.95953 0.15001 1.59109
-0.876574 0.15001 -1.6197
-2.84999 0.15001 -2.47872
-1.54461 0.15001 -2.84999
-1.97263 0.15001 -1.83328
-0.485269 0.15001 -0.670824
-0.839471 0.15001 -0.968575
-2.32717 0.15001 0.513371
-1.655 0.15001 -2.32587
-0.843589 0.15001 0.400569
-2.84999 0.15001 2.84999
-0.85745 0.15001 -2.67625
1.36221 0.15001 -0.326994
-2.16808 0.15001 1.22185
-1.38203 0.15001 -0.557893
-2.72784 0.15001 2.69349
-2.06589 0.15001 1.77164
-2.13081 0.15001 -0.492526
-2.5332 0.15001 2.66688
-0.658326 0.15001 1.4402
-1.65241 0.15001 2.48624
-1.34701 0.15001 -2.84999
-0.143801 0.15001 -0.0616323
-2.84999 0.15001 -0.752596
-1.26053 0.15001 -0.714391
0.206763 0.15001 -1.02551
0.704804 0.15001 -0.718421
-1.67701 0.15001 -1.64445
-2.33441 0.15001 1.90075
-2.6755 0.15001 0.711767
-1.83552 0.15001 2.84999
-1.37135 0.15001 0.515027
0.245268 0.15001 -1.4569
-2.84999 0.15001 -0.948583
-2.84999 0.15001 -0.171406
-1.45942 0.15001 -2.31956
0.197616 0.15001 1.10406
-2.65107 0.15001 2.49931
-2.15196 0.15001 0.615719
-2.34621 0.15001 2.31444
0.208208 0.15001 1.88805
-0.762992 0.15001 -2.50311
-1.95022 0.15001 -0.981906
1.3655 0.15001 1.57271
1.52743 0.15001 0.334548
0.197634 0.15001 1.69201
-0.241798 0.15001 2.49406
-0.559056 0.15001 -1.46677
2.35133 0.15001 1.00344
1.36364 0.15001 0.616093
2.34141 0.15001 1.78384
1.69319 0.15001 -1.26166
-1.14992 0.15001 -2.84999
-1.13862 0.15001 -0.882979
-0.460737 0.15001 -1.63448
-1.06253 0.15001 -2.31934
-0.456746 0.15001 -1.29567
-0.952417 0.15001 -2.84999
-1.74587 0.15001 -0.95472
-2.67104 0.15001 -2.02871
-2.67749 0.15001 1.4912
-2.84999 0.15001 -1.72509
-2.4918 0.15001 -1.93881
2.18447 0.15001 1.28986
-0.44867 0.15001 1.79865
-2.50438 0.15001 1.79075
-1.96175 0.15001 -2.50251
-2.50084 0.15001 0.61234
-1.54597 0.15001 2.66882
0.471352 0.15001 2.33346
-0.354296 0.15001 1.62556
-1.84553 0.15001 -2.67487
-2.67866 0.15001 1.09953
-1.2908 0.15001 -1.27183
0.026064 0.15001 1.20483
0.869585 0.15001 -0.619374
-2.00134 0.15001 -0.644011
-0.846298 0.15001 2.13957
-2.11498 0.15001 -0.805897
-1.75968 0.15001 1.59584
-2.84999 0.15001 0.412921
-0.86908 0.15001 -1.97009
0.818659 0.15001 -2.84999
-2.6816 0.15001 -0.464036
0.536506 0.15001 1.49143
1.19825 0.15001 0.520734
-0.992218 0.15001 -0.489328
2.01882 0.15001 1.38512
2.35306 0.15001 0.437088
-2.15709 0.15001 0.214497
-1.63863 0.15001 2.84999
-2.49227 0.15001 -2.73975
-0.642476 0.15001 -0.964486
-1.0508 0.15001 -2.6752
1.52908 0.15001 -2.31818
0.440123 0.15001 -1.80174
-0.351885 0.15001 1.25718
-1.35199 0.15001 2.30951
-2.33138 0.15001 0.912474
-0.307021 0.15001 0.814988
-2.62189 0.15001 2.84999
-1.56384 0.15001 -0.0596891
0.0273121 0.15001 -0.349863
-1.97898 0.15001 0.718066
-0.326743 0.15001 -0.35833
-2.48971 0.15001 2.1817
-2.33214 0.15001 -0.0734558
-2.05758 0.15001 2.13342
-1.94393 0.15001 2.66255
-1.74496 0.15001 2.66701
0.0594367 0.15001 2.67461
1.01644 0.15001 -2.84999
2.35036 0.15001 1.19482
-2.16147 0.15001 -2.53223
0.84021 0.15001 -1.80123
1.19723 0.15001 -0.234926
-2.32794 0.15001 0.716484
0.86919 0.15001 1.09321
-1.45059 0.15001 2.1358
-0.0399132 0.15001 2.84999
-0.47845 0.15001 1.08924
-0.559494 0.15001 -2.84999
-1.44725 0.15001 -2.67387
-1.8801 0.15001 -1.65756
1.39245 0.15001 2.49377
-2.50284 0.15001 -0.754412
-1.94987 0.15001 0.074793
0.703423 0.15001 -0.527383
-1.90112 0.15001 -1.31222
-2.08139 0.15001 1.40644
1.8413 0.15001 1.8767
-2.65323 0.15001 -2.84999
0.343192 0.15001 -1.62818
-1.07144 0.15001 1.07911
1.13509 0.15001 -1.96947
0.237423 0.15001 -2.50531
-0.148082 0.15001 -0.450979
-1.17629 0.15001 0.00581958
-2.1589 0.15001 1.01795
-1.45055 0.15001 2.48914
-1.6699 0.15001 1.06764
-0.757854 0.15001 -2.84999
2.67686 0.15001 2.17961
-2.49149 0.15001 -2.13499
2.68392 0.15001 0.815113
-2.03426 0.15001 -0.3187
-0.0500142 0.15001 2.15157
1.85728 0.15001 -0.22509
0.370342 0.15001 2.50046
2.68221 0.15001 1.39033
1.69186 0.15001 0.0541285
0.784958 0.15001 2.84999
-0.864806 0.15001 -2.32274
-0.257777 0.15001 -1.63249
-2.15765 0.15001 -1.54825
-2.84999 0.15001 -2.84999
-1.24384 0.15001 -0.178182
1.85776 0.15001 -1.34862
-1.1099 0.15001 0.189586
-1.87267 0.15001 1.40905
-1.64402 0.15001 0.705977
-0.957679 0.15001 -2.50165
-0.749214 0.15001 -1.13475
2.18898 0.15001 -0.594516
-2.32797 0.15001 0.316718
-0.710924 0.15001 -0.269941
-1.36064 0.15001 1.60432
-1.06234 0.15001 1.43225
-1.65645 0.15001 1.77707
0.37335 0.15001 -0.918201
-0.86005 0.15001 1.43616
-2.32819 0.15001 -0.466851
0.0439844 0.15001 -1.12209
1.20303 0.15001 -1.18418
1.52159 0.15001 1.6764
-2.1488 0.15001 1.95346
-1.86095 0.15001 1.77021
1.11995 0.15001 -2.67241
-2.50868 0.15001 1.39501
-0.0609381 0.15001 -1.97707
-0.970744 0.15001 0.911819
-2.8494 0.15001 -1.14083
-0.262217 0.15001 -2.67484
1.52936 0.15001 -0.983992
1.88362 0.15001 2.331
2.0228 0.15001 0.433926
2.00328 0.15001 1.97568
1.69226 0.15001 0.242155
0.198703 0.15001 0.326708
-0.966239 0.15001 1.25835
0.888955 0.15001 1.88027
-2.4979 0.15001 -1.73976
2.18783 0.15001 -0.033427
0.0385417 0.15001 -2.15159
-0.0563994 0.15001 -1.28139
-1.069 0.15001 -1.96377
2.08635 0.15001 2.67636
-1.6484 0.15001 2.13288
0.986445 0.15001 2.84999
-0.74084 0.15001 2.67041
2.02091 0.15001 1.19157
1.22357 0.15001 -2.49439
-1.82099 0.15001 -1.13586
1.19905 0.15001 -0.613171
1.20219 0.15001 1.47704
-1.77399 0.15001 -0.086712
-1.26455 0.15001 -1.96621
0.0308529 0.15001 0.810213
-2.50981 0.15001 1.20103
2.84999 0.15001 2.47039
0.266563 0.15001 2.3362
1.03385 0.15001 -2.14482
2.18819 0.15001 -0.220613
-0.161406 0.15001 -2.84999
-0.363937 0.15001 -2.15196
-1.55172 0.15001 -2.4988
-2.50017 0.15001 0.220449
0.781617 0.15001 2.50166
-2.84999 0.15001 1.19736
-0.640533 0.15001 2.84999
0.0280494 0.15001 0.422422
-0.0625662 0.15001 -2.3264
0.200332 0.15001 -0.634844
1.60084 0.15001 -2.84999
-1.45469 0.15001 1.7832
-0.944189 0.15001 2.31103
-2.04756 0.15001 2.48747
-1.97992 0.15001 0.511004
-1.1833 0.15001 -1.44309
-1.26874 0.15001 1.07029
-2.84999 0.15001 1.78497
-2.25809 0.15001 -0.654761
0.352922 0.15001 -1.29569
-1.04492 0.15001 0.379178
0.198139 0.15001 -0.057548
1.04062 0.15001 -1.79638
2.18789 0.15001 0.34175
-1.98515 0.15001 0.91493
1.03191 0.15001 0.0468933
-1.44106 0.15001 2.84999
2.02193 0.15001 1.00043
0.139283 0.15001 -1.9762
2.50175 0.15001 2.68255
0.368553 0.15001 0.61546
0.778351 0.15001 2.16294
1.52812 0.15001 0.522946
0.38193 0.15001 1.97979
-1.04607 0.15001 2.4904
-1.07093 0.15001 -0.669038
-0.246134 0.15001 2.14946
1.84929 0.15001 1.67961
1.62344 0.15001 -1.94544
-1.78206 0.15001 -1.47755
-2.4928 0.15001 -1.33888
-1.78895 0.15001 -0.620189
-1.24928 0.15001 -2.67304
-1.76962 0.15001 -1.82465
2.18833 0.15001 -1.15644
0.0462216 0.15001 -1.45103
-0.00648327 0.15001 1.78275
-0.0431734 0.15001 2.49427
-2.50121 0.15001 -0.561191
-1.74269 0.15001 -2.84999
0.0376545 0.15001 -2.50161
-0.505957 0.15001 -0.261227
-0.143839 0.15001 -1.07999
0.977312 0.15001 2.14975
0.570192 0.15001 2.50296
-1.4373 0.15001 0.328855
-1.83778 0.15001 -0.277636
0.535127 0.15001 0.328244
-2.12952 0.15001 -1.34659
-1.76034 0.15001 -2.16241
0.434468 0.15001 -2.84999
0.238432 0.15001 -2.15156
-2.84999 0.15001 -2.29143
2.18863 0.15001 -0.40762
2.84999 0.15001 -1.9063
0.828792 0.15001 -2.49841
-1.25262 0.15001 2.13772
0.876048 0.15001 -1.1935
-1.96451 0.15001 -2.17209
1.19737 0.15001 0.33187
1.8273 0.15001 2.07514
2.35203 0.15001 0.813916
0.867858 0.15001 0.51949
0.550682 0.15001 1.88598
2.67351 0.15001 2.58143
0.369107 0.15001 1.59081
1.26804 0.15001 1.9653
0.194716 0.15001 1.3014
1.77699 0.15001 -2.29736
2.51883 0.15001 0.156416
2.02416 0.15001 -0.877179
1.85871 0.15001 -1.16123
-1.63968 0.15001 -0.244654
-0.765534 0.15001 0.915945
-1.24883 0.15001 2.49022
2.67972 0.15001 1.78296
1.04264 0.15001 1.58078
-0.439183 0.15001 2.49415
1.33003 0.15001 -1.9733
-1.31213 0.15001 -0.369154
0.0402304 0.15001 -1.80158
-0.464827 0.15001 -2.32581
-1.15566 0.15001 -2.49618
-1.58246 0.15001 -1.46418
-0.842062 0.15001 2.84999
-1.85346 0.15001 2.48614
-0.45637 0.15001 1.43877
0.199164 0.15001 0.907001
1.52902 0.15001 -0.795097
-0.141791 0.15001 -0.645223
-1.85894 0.15001 -2.33605
-0.341431 0.15001 2.32055
2.34873 0.15001 1.38844
-0.1327 0.15001 -0.84164
0.368008 0.15001 0.424235
-1.5503 0.15001 2.30717
2.19557 0.15001 2.84999
1.18679 0.15001 2.84999
0.938124 0.15001 -1.97116
0.0277552 0.15001 0.2294
-0.567856 0.15001 -1.80173
-1.43946 0.15001 -0.214095
-1.46399 0.15001 -1.97746
-1.58343 0.15001 -0.591255
-1.57367 0.15001 0.484549
-1.75039 0.15001 1.95328
-2.22911 0.15001 2.84999
-1.14655 0.15001 2.66926
0.702291 0.15001 -0.336943
-1.00701 0.15001 -1.07917
0.535498 0.15001 0.90448
-0.31264 0.15001 0.622081
1.0369 0.15001 -1.47195
-0.944112 0.15001 2.66972
-0.988027 0.15001 -1.44189
-1.98858 0.15001 0.313326
-2.44335 0.15001 2.48802
-1.05271 0.15001 1.78672
1.8576 0.15001 0.338026
0.881278 0.15001 1.68441
0.0340321 0.15001 1.59398
2.67488 0.15001 2.38021
2.50428 0.15001 2.28141
2.49609 0.15001 -2.29093
-1.15904 0.15001 1.6075
-1.46976 0.15001 1.06813
1.52691 0.15001 0.14626
-0.746251 0.15001 2.31249
-0.665926 0.15001 -2.32523
-2.04321 0.15001 -2.68315
-0.307803 0.15001 -0.752152
-2.03689 0.15001 -1.16692
-2.3345 0.15001 -2.84999
-0.565822 0.15001 -2.15105
-1.94033 0.15001 -2.84999
-2.50778 0.15001 1.98643
2.18678 0.15001 0.907221
0.701334 0.15001 0.233668
1.36532 0.15001 -1.08404
2.18893 0.15001 -0.968899
-1.69801 0.15001 -1.29807
1.32906 0.15001 -2.31795
2.51869 0.15001 0.344008
-0.649911 0.15001 1.79329
-2.50307 0.15001 -1.14422
-1.86431 0.15001 1.0676
-0.663643 0.15001 0.22859
-0.76353 0.15001 0.579399
-2.16635 0.15001 -0.179802
-2.67556 0.15001 0.316251
-0.263526 0.15001 -2.32611
2.49904 0.15001 -2.47935
-2.33795 0.15001 -0.271939
-0.771874 0.15001 -1.79737
-2.30568 0.15001 -1.23852
0.866947 0.15001 -0.0496851
2.35268 0.15001 0.625231
1.03274 0.15001 0.425353
-0.159713 0.15001 -1.80422
1.36547 0.15001 1.18587
2.33708 0.15001 1.98121
1.69278 0.15001 0.430288
1.66736 0.15001 1.96569
0.198216 0.15001 1.49634
0.701272 0.15001 0.0434381
2.33299 0.15001 2.38117
0.717648 0.15001 1.78374
-0.14451 0.15001 0.521323
-0.672678 0.15001 -1.62595
2.51407 0.15001 1.48726
1.99074 0.15001 2.84999
0.742543 0.15001 -1.62948
1.85893 0.15001 -0.786754
1.20069 0.15001 -1.57925
2.84999 0.15001 2.07744
1.19796 0.15001 -0.423982
2.15407 0.15001 2.29346
0.0296298 0.15001 1.00781
0.0380189 0.15001 -2.84999
0.336285 0.15001 -2.32777
0.24006 0.15001 -1.80086
-0.362225 0.15001 -1.8061
1.12995 0.15001 -2.31937
2.68322 0.15001 -1.43517
-1.36588 0.15001 -1.79761
-1.2429 0.15001 2.84999
1.69342 0.15001 0.997098
-2.32545 0.15001 1.48983
1.61528 0.15001 -2.4945
1.79357 0.15001 -2.84999
1.03221 0.15001 -0.142448
-2.67106 0.15001 -1.43529
-0.983999 0.15001 0.0349725
1.52815 0.15001 -0.606708
-2.84999 0.15001 -1.33242
-0.472874 0.15001 -0.869655
1.36598 0.15001 -1.27589
-1.37851 0.15001 -1.452
0.334549 0.15001 -2.67788
1.03888 0.15001 -1.09182
0.535279 0.15001 -0.244285
1.03525 0.15001 1.18751
2.02393 0.15001 -0.690152
0.867081 0.15001 0.32972
-1.62838 0.15001 0.29157
-2.67204 0.15001 -1.63296
-2.14889 0.15001 2.31494
-1.81207 0.15001 0.614726
1.23103 0.15001 -2.14511
-0.861637 0.15001 -0.639356
-0.310953 0.15001 0.0352097
-1.07907 0.15001 -1.61704
0.528939 0.15001 -2.67867
-1.11753 0.15001 -0.338173
-1.06397 0.15001 0.735487
-1.35162 0.15001 1.9646
2.51793 0.15001 0.720275
2.18774 0.15001 0.529785
0.886026 0.15001 2.67403
0.137577 0.15001 -2.32745
-2.13864 0.15001 2.66314
-1.34683 0.15001 2.66953
-2.32864 0.15001 0.122519
2.84999 0.15001 -1.15189
-1.35379 0.15001 -2.49626
1.88768 0.15001 2.67791
-1.53993 0.15001 -0.932744
-2.24224 0.15001 2.49099
-0.892724 0.15001 -1.26785
-2.15541 0.15001 -2.14059
-1.87607 0.15001 -0.799232
-0.543389 0.15001 2.31894
-1.95145 0.15001 1.94965
-2.50771 0.15001 -0.946464
1.36549 0.15001 1.37765
1.85796 0.15001 0.714651
2.5188 0.15001 -0.966195
1.0365 0.15001 -0.901146
0.642784 0.15001 -1.46847
-2.32164 0.15001 -2.2397
2.35008 0.15001 -1.43878
-0.670161 0.15001 1.08603
-2.31904 0.15001 -0.845345
-2.33644 0.15001 2.66908
-2.50258 0.15001 0.810754
0.366983 0.15001 1.00308
0.701581 0.15001 0.424087
-0.143309 0.15001 1.10661
0.368874 0.15001 -0.534077
-1.47499 0.15001 -1.63079
1.19991 0.15001 0.899577
-0.97539 0.15001 -1.7911
-0.162125 0.15001 -2.15204
2.02346 0.15001 -0.503214
-2.1457 0.15001 -1.74297
0.70455 0.15001 1.38966
0.535515 0.15001 1.29447
1.85728 0.15001 1.09395
0.72419 0.15001 1.97863
-0.485701 0.15001 0.534552
1.52805 0.15001 1.47568
0.0174071 0.15001 1.4036
0.534736 0.15001 1.09901
-1.86982 0.15001 -1.9988
1.03207 0.15001 0.23616
2.18212 0.15001 1.48485
1.28794 0.15001 2.31572
1.4896 0.15001 2.32082
1.85559 0.15001 -1.53612
2.35236 0.15001 -1.2494
0.237976 0.15001 -2.84999
1.17977 0.15001 2.14213
1.69349 0.15001 -0.69693
-1.49624 0.15001 0.140625
-0.465378 0.15001 -1.97763
1.06433 0.15001 1.97411
-1.16842 0.15001 1.25288
0.165923 0.15001 2.84999
-0.655016 0.15001 -1.29969
1.63307 0.15001 -1.74145
0.142123 0.15001 -1.6269
0.707462 0.15001 -1.10504
1.69402 0.15001 -0.884728
1.90533 0.15001 -2.66787
-0.663731 0.15001 -0.597838
-1.25695 0.15001 0.725279
-1.54848 0.15001 1.96149
-0.843511 0.15001 2.49103
2.15385 0.15001 -2.1041
0.636551 0.15001 -2.14799
0.931734 0.15001 -2.32098
1.2047 0.15001 -1.37904
-2.09898 0.15001 -2.33707
1.365 0.15001 -0.893726
-1.36991 0.15001 1.24647
-1.3681 0.15001 -0.0215382
1.19688 0.15001 0.143037
-2.51166 0.15001 -0.171811
0.437496 0.15001 -2.14998
0.535282 0.15001 0.710943
0.539448 0.15001 -0.818481
-0.919024 0.15001 -0.301766
0.537591 0.15001 -0.626354
1.52685 0.15001 -0.23029
0.366827 0.15001 2.16955
0.367235 0.15001 -0.151114
-0.946834 0.15001 1.96703
-2.50638 0.15001 1.00289
1.70797 0.15001 -2.67158
0.534397 0.15001 -2.3254
2.84999 0.15001 -2.47206
0.367667 0.15001 -0.342521
1.36406 0.15001 -0.704508
0.451245 0.15001 -1.46003
2.68473 0.15001 0.25058
2.01566 0.15001 1.58134
-0.851356 0.15001 1.78965
2.39743 0.15001 2.84999
1.03367 0.15001 0.614739
2.51918 0.15001 -0.217955
-0.483526 0.15001 0.326565
2.49923 0.15001 2.48444
-0.668132 0.15001 0.74804
-1.05063 0.15001 -0.149062
1.85913 0.15001 -0.973971
2.29703 0.15001 2.66719
0.541932 0.15001 1.6866
-0.311882 0.15001 -0.162539
-1.27302 0.15001 -1.62081
-2.67826 0.15001 -1.23832
1.36179 0.15001 -0.138354
1.42926 0.15001 -2.14316
1.04079 0.15001 -1.2829
1.85619 0.15001 1.28597
-2.42619 0.15001 2.84999
2.50513 0.15001 2.08193
1.03663 0.15001 1.38203
2.35384 0.15001 -0.312553
-2.84999 0.15001 -1.91978
1.97873 0.15001 -2.20199
2.17403 0.15001 -1.72553
2.16112 0.15001 -1.91426
-0.487014 0.15001 0.129011
0.680691 0.15001 2.67565
2.17913 0.15001 2.49969
-2.31772 0.15001 -1.84588
2.17348 0.15001 1.88042
0.866806 0.15001 0.140019
0.197967 0.15001 -0.249736
1.20027 0.15001 -0.802643
-0.14354 0.15001 0.131892
1.97418 0.15001 -2.39621
0.538873 0.15001 -1.97414
-0.243716 0.15001 1.80044
-1.15016 0.15001 1.96298
-0.914083 0.15001 0.221065
2.68457 0.15001 0.438244
1.08633 0.15001 2.31976
2.84999 0.15001 -1.52799
1.0506 0.15001 1.781
-1.95297 0.15001 2.31319
1.69156 0.15001 1.38045
2.51563 0.15001 1.29244
2.84999 0.15001 1.10072
2.84999 0.15001 1.48773
2.68293 0.15001 1.1967
0.366036 0.15001 1.19951
0.0410679 0.15001 1.97961
2.68523 0.15001 -2.75593
2.84999 0.15001 -2.09549
1.37655 0.15001 -1.66244
2.68493 0.15001 -0.123851
0.200221 0.15001 0.519347
2.35393 0.15001 -0.873599
2.02091 0.15001 -1.44049
2.84999 0.15001 1.88039
-0.145898 0.15001 2.3218
2.84999 0.15001 0.90993
2.84999 0.15001 -1.71706
-1.16568 0.15001 -2.14175
2.32802 0.15001 -2.01033
1.36174 0.15001 0.0502703
2.67455 0.15001 -2.19293
2.35345 0.15001 -0.125511
1.52874 0.15001 0.711648
2.68393 0.15001 -1.24748
-1.96829 0.15001 1.23407
-0.852609 0.15001 -0.117172
1.62428 0.15001 -2.14605
2.18208 0.15001 -1.53587
-0.0618259 0.15001 -2.67533
0.835726 0.15001 -2.14631
-2.84999 0.15001 -0.368432
1.8085 0.15001 -2.49616
0.884792 0.15001 2.32896
-0.763497 0.15001 1.26228
-1.24447 0.15001 0.356111
1.79155 0.15001 2.84999
0.641302 0.15001 -1.80157
1.81116 0.15001 -2.10209
1.99426 0.15001 -1.81795
1.4074 0.15001 -2.84999
0.936597 0.15001 -1.63162
-1.04462 0.15001 2.1388
1.03288 0.15001 -0.331838
1.69323 0.15001 0.61866
2.84999 0.15001 2.66403
2.80944 0.15001 2.84999
1.23749 0.15001 -1.79528
2.84999 0.15001 -2.28423
0.631101 0.15001 -2.5003
-0.320834 0.15001 -0.554992
0.706376 0.15001 -0.910636
0.738685 0.15001 -1.9734
1.38417 0.15001 2.14033
0.8709 0.15001 -0.81004
0.709381 0.15001 1.58637
-1.75315 0.15001 2.30801
0.165943 0.15001 2.14258
-0.137454 0.15001 0.910262
0.534917 0.15001 0.519781
2.50882 0.15001 1.88264
2.84999 0.15001 -0.777054
-2.49896 0.15001 1.59265
2.51141 0.15001 1.6844
1.68219 0.15001 1.77444
2.01073 0.15001 1.78076
0.368309 0.15001 0.807711
-0.662174 0.15001 -0.0784838
-0.791274 0.15001 -0.451221
-0.355247 0.15001 -1.46145
0.0278265 0.15001 -0.54256
-0.869396 0.15001 1.08616
1.85721 0.15001 0.150132
-1.68653 0.15001 0.0901013
0.567228 0.15001 2.11314
1.08821 0.15001 2.67219
1.20066 0.15001 1.28235
-2.84999 0.15001 0.609846
2.15106 0.15001 -2.29455
0.164795 0.15001 2.50274
-0.314412 0.15001 0.227821
1.36274 0.15001 0.427378
-1.36476 0.15001 0.893143
2.02261 0.15001 0.246023
2.84999 0.15001 1.6836
0.367307 0.15001 0.0403286
-0.34638 0.15001 1.97651
1.02637 0.15001 -2.49631
2.32682 0.15001 -2.39274
2.68161 0.15001 -1.62347
1.21268 0.15001 -2.84999
2.32624 0.15001 -2.58511
1.38737 0.15001 2.84999
1.85774 0.15001 0.903756
2.51663 0.15001 1.09994
2.17823 0.15001 1.68352
2.84999 0.15001 0.720554
1.3163 0.15001 -2.67144
2.32234 0.15001 -2.20032
0.200843 0.15001 0.711629
1.69389 0.15001 -1.07286
0.469314 0.15001 2.6708
-1.14809 0.15001 2.31344
0.987735 0.15001 2.49852
2.60931 0.15001 2.84999
2.34475 0.15001 -1.6292
2.68483 0.15001 0.0632324
1.19685 0.15001 -0.0459216
-0.144189 0.15001 0.326701
-0.561367 0.15001 1.26675
1.85791 0.15001 0.52615
0.0604613 0.15001 2.32076
0.868628 0.15001 0.709744
0.374383 0.15001 1.78317
2.50007 0.15001 -2.1018
1.19009 0.15001 2.49331
-2.15686 0.15001 1.59298
0.702482 0.15001 0.9992
2.50531 0.15001 -1.91234
1.52736 0.15001 -0.418494
2.68499 0.15001 -0.310746
2.84999 0.15001 -0.590319
2.02298 0.15001 -0.316199
2.1867 0.15001 -1.345
-0.553359 0.15001 1.61683
1.28937 0.15001 2.67084
2.51895 0.15001 -0.0308875
2.67369 0.15001 -2.56941
0.872357 0.15001 -1.00166
2.68483 0.15001 -0.684367
2.52601 0.15001 -2.84999
2.02241 0.15001 0.058372
1.68771 0.15001 1.57753
2.1878 0.15001 0.154023
1.99713 0.15001 2.17357
1.3673 0.15001 1.79393
2.35325 0.15001 0.0617447
0.139585 0.15001 -2.67688
1.03512 0.15001 -0.711045
2.51075 0.15001 -1.72179
0.0279447 0.15001 0.0365354
1.69182 0.15001 -0.133818
1.69276 0.15001 -0.50927
1.85836 0.15001 -0.599591
-0.152896 0.15001 1.62379
-0.307962 0.15001 1.00817
2.84999 0.15001 0.344336
2.0138 0.15001 -1.6311
2.51544 0.15001 -1.53139
-0.867316 0.15001 0.744029
2.68429 0.15001 -1.05901
0.432871 0.15001 -2.50563
2.84999 0.15001 -0.964192
-0.31619 0.15001 0.428458
1.52935 0.15001 1.09135
-0.546208 0.15001 1.97053
2.18734 0.15001 0.71827
2.68347 0.15001 1.00507
-2.84999 0.15001 0.999712
0.869984 0.15001 1.28756
1.68946 0.15001 2.6755
1.78386 0.15001 2.5055
0.366908 0.15001 1.39682
1.98507 0.15001 -2.84999
1.49074 0.15001 2.66887
2.67654 0.15001 -2.00373
-0.442315 0.15001 2.14762
2.5177 0.15001 -1.34272
0.922726 0.15001 -2.6739
0.724603 0.15001 -2.67717
1.5418 0.15001 -1.56532
0.0295847 0.15001 0.615578
-0.96704 0.15001 -2.14323
-2.67508 0.15001 0.513076
-1.26532 0.15001 1.42756
2.16772 0.15001 2.07826
0.867497 0.15001 -0.239426
1.2104 0.15001 1.67905
1.19919 0.15001 0.709885
1.69341 0.15001 -1.45131
2.35411 0.15001 -0.499478
0.198393 0.15001 0.134574
1.85778 0.15001 -0.412395
-0.503266 0.15001 -0.464957
2.18911 0.15001 -0.781522
2.84999 0.15001 2.27446
2.51824 0.15001 -1.15406
2.84999 0.15001 -2.66055
1.51212 0.15001 -2.6712
2.17549 0.15001 -2.84999
0.543218 0.15001 -1.63214
1.82637 0.15001 -1.72043
1.68619 0.15001 2.32726
1.69283 0.15001 1.18806
1.85323 0.15001 1.48103
2.68428 0.15001 0.62633
2.51739 0.15001 0.909412
1.46224 0.15001 -1.83388
0.838756 0.15001 -1.45349
0.370563 0.15001 -0.726011
2.33735 0.15001 -1.81924
0.534931 0.15001 0.137233
0.702741 0.15001 1.19342
2.51936 0.15001 -0.404898
2.84999 0.15001 -0.217072
2.33132 0.15001 2.18342
2.84999 0.15001 -0.0302088
1.20039 0.15001 1.09023
2.15127 0.15001 -2.48741
-0.36059 0.15001 -2.84999
2.51917 0.15001 -0.778851
1.69343 0.15001 0.807479
1.9815 0.15001 2.50515
2.84999 0.15001 -1.34018
2.02243 0.15001 0.810954
1.52669 0.15001 -0.0420267
2.35415 0.15001 -0.686417
2.5194 0.15001 -0.591814
2.84999 0.15001 -2.84999
2.02335 0.15001 -1.25183
-2.15858 0.15001 0.413474
2.10155 0.15001 -2.67288
2.02251 0.15001 -0.129028
1.52916 0.15001 0.900941
-0.473792 0.15001 -0.0640021
-1.45069 0.15001 0.703101
0.534926 0.15001 -0.0535536
1.52915 0.15001 -1.17392
2.68497 0.15001 -0.497536
1.03492 0.15001 0.995332
2.02416 0.15001 -1.06442
-0.478061 0.15001 0.732742
-1.51053 0.15001 -0.402736
1.36494 0.15001 0.99496
1.20158 0.15001 -0.992907
1.58794 0.15001 2.84999
1.36441 0.15001 0.80519
2.50626 0.15001 -2.66526
2.66846 0.15001 -2.38158
2.6846 0.15001 -0.871435
1.03387 0.15001 -0.521344
1.37015 0.15001 -1.47172
0.36758 0.15001 0.231938
1.52947 0.15001 -1.36623
1.59009 0.15001 2.14621
2.02273 0.15001 0.622185
2.68104 0.15001 1.58601
2.67904 0.15001 -1.81378
1.98631 0.15001 -2.0092
0.868398 0.15001 -0.42926
2.84999 0.15001 -0.403731
0.702563 0.15001 0.806282
2.35322 0.15001 0.249269
0.868972 0.15001 0.900836
-0.339311 0.15001 2.66799
0.675185 0.15001 2.33064
2.34601 0.15001 1.58475
