1000 0.1
1.85577 0.15001 -0.0382166
-2.67483 0.15001 0.895163
-2.49567 0.15001 -2.31796
-2.32721 0.15001 -2.41622
-2.84686 0.15001 -0.564964
2.84999 0.15001 1.28825
1.46348 0.15001 1.95236
-1.55706 0.15001 1.60046
-1.46448 0.15001 -0.738524
-0.754609 0.15001 0.0499629
-2.66441 0.15001 2.29209
0.574832 0.15001 2.84999
-0.266322 0.15001 1.45539
2.84999 0.15001 0.527697
-0.75929 0.15001 1.62208
-0.228995 0.15001 -1.98052
-0.317419 0.15001 -1.12021
0.183836 0.15001 -1.19285
-0.931012 0.15001 0.563874
-0.0998916 0.15001 1.36256
-2.1482 0.15001 -1.91108
-2.83733 0.15001 -2.1051
-0.755705 0.15001 -0.818548
-1.76735 0.15001 -2.50914
-1.36515 0.15001 -2.15268
2.52052 0.15001 0.527317
-2.67453 0.15001 -1.82671
-0.46028 0.15001 -2.67206
-2.49235 0.15001 0.402516
-1.65449 0.15001 1.41421
-2.11637 0.15001 -0.993898
0.190836 0.15001 -0.418741
-1.89675 0.15001 -0.450511
-1.99543 0.15001 -1.50624
0.641266 0.15001 -2.84717
-2.31089 0.15001 -0.981659
0.523327 0.15001 -0.991749
-1.4897 0.15001 -1.28693
-1.14307 0.15001 0.901896
-2.84685 0.15001 0.0113166
-0.153953 0.15001 -2.5023
-1.67959 0.15001 -0.778165
-0.428743 0.15001 -0.958958
0.758908 0.15001 -2.32733
0.00240149 0.15001 -1.62682
-0.752915 0.15001 -2.135
0.258122 0.15001 2.68291
-0.246958 0.15001 2.84999
-1.18767 0.15001 -0.522767
-2.67607 0.15001 1.87725
-1.56378 0.15001 -1.81888
-2.48771 0.15001 -1.52522
-1.12436 0.15001 0.547796
-1.40895 0.15001 -1.09858
-1.04248 0.15001 2.84999
-1.8522 0.15001 2.14292
-2.67294 0.15001 1.68064
-2.84999 0.15001 2.34952
-2.3216 0.15001 1.28666
0.903996 0.15001 1.51502
-0.515076 0.15001 -1.1341
1.43974 0.15001 -2.50004
-1.33198 0.15001 -0.90482
-0.950967 0.15001 -0.841215
-0.573207 0.15001 0.927446
-1.28955 0.15001 0.16626
0.00803006 0.15001 -0.709651
-1.70534 0.15001 0.521102
-2.67567 0.15001 2.076
-2.84999 0.15001 0.792456
-2.66337 0.15001 -2.61484
-2.84999 0.15001 -1.53195
-2.67717 0.15001 -0.0866606
1.04068 0.15001 0.820299
2.84999 0.15001 0.152493
-2.67025 0.15001 1.28618
-2.84862 0.15001 1.37941
-2.84999 0.15001 0.201546
-1.45553 0.15001 1.4214
-0.761852 0.15001 1.97256
-2.67044 0.15001 -2.2147
-2.17031 0.15001 -2.84999
-1.21358 0.15001 -1.09006
-2.49976 0.15001 -0.37732
-0.64367 0.15001 2.49067
-2.84999 0.15001 2.53832
-2.14965 0.15001 0.814836
-2.84999 0.15001 1.96603
-2.31711 0.15001 2.10224
-0.659873 0.15001 2.1422
-0.0992972 0.15001 -1.45827
-2.67505 0.15001 -0.854356
-2.49062 0.15001 -2.52214
-1.09254 0.15001 -1.26467
-2.49725 0.15001 0.0128469
-1.96304 0.15001 -0.0944678
-1.74463 0.15001 1.23524
-2.30147 0.15001 1.09439
0.371281 0.15001 2.84999
-2.31623 0.15001 1.69033
-1.26405 0.15001 -2.32403
-0.140906 0.15001 1.97189
-2.32855 0.15001 -1.64227
2.67822 0.15001 1.968
1.54006 0.15001 1.27706
-0.9603 0.15001 1.62278
1.80596 0.15001 -1.90996
-0.558702 0.15001 -2.49298
1.68967 0.15001 -0.31937
2.34867 0.15001 -1.05807
2.35267 0.15001 -2.76745
0.00960154 0.15001 -0.901543
-1.60506 0.15001 -1.12346
-0.14197 0.15001 -0.211793
0.353185 0.15001 -1.0922
-2.67483 0.15001 -0.663114
-0.357037 0.15001 -2.4965
-2.66333 0.15001 -2.41951
-0.444912 0.15001 2.84999
-2.67384 0.15001 -0.278414
-1.66593 0.15001 -2.67833
2.19064 0.15001 1.09287
0.369812 0.15001 -1.98853
-1.70687 0.15001 -0.423111
-2.13385 0.15001 0.0163885
-0.1482 0.15001 2.6684
-1.6542 0.15001 -2.0121
0.528623 0.15001 -0.417122
-0.112609 0.15001 0.773638
0.710698 0.15001 0.639033
-2.30991 0.15001 -1.34777
-0.189556 0.15001 -1.27752
0.525219 0.15001 -1.18576
-2.32117 0.15001 -2.02327
-2.84999 0.15001 -2.66325
-0.661986 0.15001 -2.6741
0.693695 0.15001 -1.28097
-1.73169 0.15001 0.8863
-1.5362 0.15001 0.887763
-2.84999 0.15001 1.57568
-1.16198 0.15001 -1.79059
-0.650447 0.15001 -1.95402
-0.771405 0.15001 -1.42446
-2.68048 0.15001 -1.04576
-0.632812 0.15001 0.41775
1.36133 0.15001 0.244165
-1.55147 0.15001 1.23906
-1.26363 0.15001 1.79436
-2.84999 0.15001 2.15942
-1.78651 0.15001 0.345596
0.180771 0.15001 -0.804636
-2.32489 0.15001 -2.63169
0.028059 0.15001 -0.119178
0.699222 0.15001 -0.130252
1.35836 0.15001 -0.507662
1.61854 0.15001 2.50556
-0.542826 0.15001 2.66978
-2.05069 0.15001 2.84999
-2.67501 0.15001 0.106907
-1.95247 0.15001 1.59495
-0.865667 0.15001 -1.60368
-2.84999 0.15001 -2.47675
-1.56431 0.15001 -2.84999
-1.96882 0.15001 -1.837
-0.478065 0.15001 -0.615221
-0.834922 0.15001 -1.00245
-2.32258 0.15001 0.500187
-1.66741 0.15001 -2.33237
-0.822418 0.15001 0.399337
-2.84999 0.15001 2.84999
-0.857448 0.15001 -2.67628
1.35861 0.15001 -0.320069
-2.13999 0.15001 1.2183
-1.38237 0.15001 -0.552516
-2.73595 0.15001 2.68643
-2.0917 0.15001 1.78913
-2.10616 0.15001 -0.452093
-2.54026 0.15001 2.66577
-0.658904 0.15001 1.44456
-1.65673 0.15001 2.49859
-1.36017 0.15001 -2.84999
-0.149577 0.15001 -0.0170948
-2.84999 0.15001 -0.755079
-1.26685 0.15001 -0.707495
0.179849 0.15001 -0.996691
0.693084 0.15001 -0.701119
-1.67252 0.15001 -1.65289
-2.32668 0.15001 1.88773
-2.67413 0.15001 0.698881
-1.85347 0.15001 2.84999
-1.31668 0.15001 0.51883
0.360137 0.15001 -1.47528
-2.84999 0.15001 -0.94948
-2.84999 0.15001 -0.179633
-1.47049 0.15001 -2.32004
0.230155 0.15001 1.15478
-2.65233 0.15001 2.49286
-2.15676 0.15001 0.603621
-2.34983 0.15001 2.31102
0.261409 0.15001 1.97188
-0.759546 0.15001 -2.50067
-1.92058 0.15001 -0.982962
1.40036 0.15001 1.57691
1.52746 0.15001 0.336974
0.239309 0.15001 1.76902
-0.246211 0.15001 2.49413
-0.506276 0.15001 -1.47244
2.35507 0.15001 0.998943
1.36551 0.15001 0.621326
2.34142 0.15001 1.77287
1.68292 0.15001 -1.2576
-1.15794 0.15001 -2.84999
-1.13603 0.15001 -0.898371
-0.4088 0.15001 -1.63673
-1.05915 0.15001 -2.32266
-0.404853 0.15001 -1.29474
-0.955981 0.15001 -2.84999
-1.72505 0.15001 -0.967996
-2.66682 0.15001 -2.02051
-2.67068 0.15001 1.4774
-2.84999 0.15001 -1.72774
-2.49431 0.15001 -1.9277
2.18821 0.15001 1.2853
-0.455321 0.15001 1.79843
-2.50215 0.15001 1.78528
-1.97179 0.15001 -2.50865
-2.49695 0.15001 0.601301
-1.55441 0.15001 2.67586
0.451894 0.15001 2.31896
-0.359441 0.15001 1.62297
-1.87033 0.15001 -2.67909
-2.67203 0.15001 1.09341
-1.28904 0.15001 -1.27842
0.0680565 0.15001 1.26096
0.860747 0.15001 -0.604185
-1.9923 0.15001 -0.626757
-0.859504 0.15001 2.14391
-2.09603 0.15001 -0.802687
-1.7556 0.15001 1.59877
-2.84999 0.15001 0.396915
-0.855167 0.15001 -1.95672
0.832855 0.15001 -2.84999
-2.67572 0.15001 -0.469729
0.573562 0.15001 1.53626
1.20007 0.15001 0.529811
-0.996469 0.15001 -0.495748
2.02289 0.15001 1.38065
2.35513 0.15001 0.432854
-2.1461 0.15001 0.212006
-1.65371 0.15001 2.84999
-2.50005 0.15001 -2.71575
-0.628484 0.15001 -0.97619
-1.05408 0.15001 -2.67614
1.54868 0.15001 -2.3236
0.482698 0.15001 -1.82417
-0.278356 0.15001 1.26631
-1.35913 0.15001 2.32428
-2.32581 0.15001 0.900319
-0.282965 0.15001 0.882911
-2.63913 0.15001 2.84999
-1.55919 0.15001 -0.0455983
0.0226862 0.15001 -0.319447
-1.98815 0.15001 0.691644
-0.319844 0.15001 -0.283298
-2.50269 0.15001 2.18325
-2.32471 0.15001 -0.0844078
-2.05216 0.15001 2.1508
-1.95519 0.15001 2.66868
-1.75606 0.15001 2.67321
0.0499358 0.15001 2.68298
1.03164 0.15001 -2.84999
2.35347 0.15001 1.19026
-2.16743 0.15001 -2.51699
0.879782 0.15001 -1.81205
1.19361 0.15001 -0.226103
-2.32447 0.15001 0.706952
0.883991 0.15001 1.119
-1.45768 0.15001 2.14958
-0.0501891 0.15001 2.84999
-0.452059 0.15001 1.06647
-0.559164 0.15001 -2.84999
-1.46335 0.15001 -2.67628
-1.87521 0.15001 -1.66676
1.39422 0.15001 2.48805
-2.49912 0.15001 -0.765057
-1.92782 0.15001 0.104888
0.694729 0.15001 -0.510971
-1.90675 0.15001 -1.326
-2.05762 0.15001 1.40651
1.83115 0.15001 1.86352
-2.64763 0.15001 -2.84815
0.396014 0.15001 -1.65679
-1.05334 0.15001 1.08494
1.17196 0.15001 -1.97997
0.254754 0.15001 -2.51013
-0.157719 0.15001 -0.409261
-1.16278 0.15001 0.0083751
-2.10695 0.15001 1.01251
-1.45416 0.15001 2.50289
-1.64322 0.15001 1.06135
-0.759354 0.15001 -2.84999
2.67672 0.15001 2.16395
-2.48657 0.15001 -2.12343
2.68531 0.15001 0.811071
-2.0004 0.15001 -0.289002
-0.0597114 0.15001 2.15079
1.85543 0.15001 -0.225144
0.363648 0.15001 2.51768
2.68292 0.15001 1.38473
1.69052 0.15001 0.0549822
0.770667 0.15001 2.84999
-0.857219 0.15001 -2.32039
-0.205008 0.15001 -1.63192
-2.19279 0.15001 -1.51085
-2.84999 0.15001 -2.84999
-1.23204 0.15001 -0.174903
1.8469 0.15001 -1.34668
-1.08766 0.15001 0.188838
-1.85146 0.15001 1.41034
-1.60709 0.15001 0.704679
-0.956722 0.15001 -2.50322
-0.712936 0.15001 -1.15293
2.18619 0.15001 -0.594654
-2.31815 0.15001 0.3066
-0.714593 0.15001 -0.294581
-1.35819 0.15001 1.60796
-1.05801 0.15001 1.4443
-1.66412 0.15001 1.78166
0.352793 0.15001 -0.899071
-0.858113 0.15001 1.44719
-2.31163 0.15001 -0.47808
0.0105578 0.15001 -1.09681
1.19098 0.15001 -1.17027
1.45242 0.15001 1.76027
-2.15408 0.15001 1.98109
-1.86944 0.15001 1.78163
1.13625 0.15001 -2.67476
-2.49409 0.15001 1.38448
-0.0275711 0.15001 -1.98316
-0.952658 0.15001 0.916668
-2.85 0.15001 -1.14188
-0.258373 0.15001 -2.67427
1.52067 0.15001 -0.975508
1.92629 0.15001 2.33906
2.02432 0.15001 0.431136
2.00079 0.15001 1.96144
1.692 0.15001 0.242586
0.210682 0.15001 0.362307
-0.95573 0.15001 1.26953
0.936431 0.15001 1.90996
-2.50301 0.15001 -1.73113
2.18763 0.15001 -0.035732
0.0647287 0.15001 -2.15999
0.0136965 0.15001 -1.29618
-1.0577 0.15001 -1.95929
2.12652 0.15001 2.68097
-1.65206 0.15001 2.14575
0.966924 0.15001 2.84999
-0.742415 0.15001 2.66942
2.02696 0.15001 1.18662
1.24382 0.15001 -2.50096
-1.81419 0.15001 -1.1484
1.19266 0.15001 -0.60219
1.22951 0.15001 1.49071
-1.76379 0.15001 -0.0410658
-1.25587 0.15001 -1.96746
0.0589284 0.15001 0.863594
-2.49176 0.15001 1.19284
2.84999 0.15001 2.45647
0.252742 0.15001 2.35428
1.0654 0.15001 -2.15354
2.18712 0.15001 -0.222238
-0.156648 0.15001 -2.84999
-0.341967 0.15001 -2.14601
-1.56461 0.15001 -2.50299
-2.49041 0.15001 0.208566
0.788428 0.15001 2.47654
-2.85 0.15001 1.18687
-0.643165 0.15001 2.84999
0.049128 0.15001 0.467376
-0.0446037 0.15001 -2.33244
0.18387 0.15001 -0.612092
1.61761 0.15001 -2.84999
-1.46315 0.15001 1.78743
-0.952777 0.15001 2.31754
-2.05383 0.15001 2.49467
-1.9076 0.15001 0.502546
-1.17818 0.15001 -1.44552
-1.24736 0.15001 1.06954
-2.84999 0.15001 1.77295
-2.19123 0.15001 -0.629845
0.357275 0.15001 -1.28648
-1.01593 0.15001 0.37785
0.199617 0.15001 -0.0268999
1.0755 0.15001 -1.81332
2.18928 0.15001 0.338266
-1.93245 0.15001 0.882827
1.0302 0.15001 0.0580317
-1.45132 0.15001 2.84999
2.02712 0.15001 0.996038
0.171076 0.15001 -1.98576
2.52813 0.15001 2.67937
0.383362 0.15001 0.651232
0.795589 0.15001 2.21711
1.52924 0.15001 0.525043
0.44583 0.15001 2.03526
-1.04906 0.15001 2.49698
-1.07502 0.15001 -0.680583
-0.251042 0.15001 2.1451
1.84659 0.15001 1.67448
1.58712 0.15001 -1.96703
-1.7855 0.15001 -1.48606
-2.50326 0.15001 -1.32649
-1.79086 0.15001 -0.617461
-1.26024 0.15001 -2.674
-1.76504 0.15001 -1.84012
2.18167 0.15001 -1.15353
0.188302 0.15001 -1.39336
-0.06261 0.15001 1.78461
-0.0496354 0.15001 2.49519
-2.49018 0.15001 -0.572242
-1.76767 0.15001 -2.84999
0.0509679 0.15001 -2.50778
-0.512638 0.15001 -0.278132
-0.160123 0.15001 -1.00057
0.954257 0.15001 2.10668
0.565783 0.15001 2.5082
-1.4044 0.15001 0.335046
-1.81279 0.15001 -0.241118
0.540879 0.15001 0.3536
-2.11006 0.15001 -1.33373
-1.77264 0.15001 -2.16925
0.448919 0.15001 -2.84999
0.264169 0.15001 -2.16065
-2.84999 0.15001 -2.28903
2.18672 0.15001 -0.408548
2.84999 0.15001 -1.901
0.848513 0.15001 -2.50047
-1.26243 0.15001 2.15042
0.859825 0.15001 -1.1775
-1.9724 0.15001 -2.17829
1.19766 0.15001 0.340459
1.83223 0.15001 2.0558
2.35564 0.15001 0.809235
0.87257 0.15001 0.537519
0.603302 0.15001 1.92919
2.67825 0.15001 2.55699
0.410886 0.15001 1.64418
1.2988 0.15001 2.07064
0.235219 0.15001 1.35198
1.79658 0.15001 -2.30014
2.51983 0.15001 0.152494
2.01879 0.15001 -0.875904
1.84932 0.15001 -1.15862
-1.61969 0.15001 -0.242387
-0.759112 0.15001 0.924445
-1.2517 0.15001 2.50334
2.68008 0.15001 1.77278
1.07466 0.15001 1.60073
-0.442608 0.15001 2.49139
1.3691 0.15001 -1.97478
-1.30635 0.15001 -0.37005
0.0803141 0.15001 -1.80812
-0.451696 0.15001 -2.31671
-1.16067 0.15001 -2.49907
-1.57913 0.15001 -1.4687
-0.842 0.15001 2.84999
-1.85713 0.15001 2.49657
-0.461401 0.15001 1.44926
0.226086 0.15001 0.954789
1.52238 0.15001 -0.787828
-0.177936 0.15001 -0.606316
-1.87113 0.15001 -2.34223
-0.343697 0.15001 2.31799
2.35078 0.15001 1.38325
-0.163067 0.15001 -0.804544
0.378388 0.15001 0.456263
-1.55615 0.15001 2.32199
2.22732 0.15001 2.84999
1.20525 0.15001 2.84999
0.973009 0.15001 -1.98338
0.0397119 0.15001 0.269227
-0.548037 0.15001 -1.78035
-1.42725 0.15001 -0.20957
-1.45707 0.15001 -1.98216
-1.59752 0.15001 -0.587964
-1.50919 0.15001 0.509547
-1.75795 0.15001 1.96166
-2.2466 0.15001 2.84999
-1.14471 0.15001 2.67565
0.696998 0.15001 -0.320923
-1.01893 0.15001 -1.07058
0.553546 0.15001 0.938493
-0.285406 0.15001 0.681996
1.02986 0.15001 -1.45928
-0.942976 0.15001 2.67178
-0.980052 0.15001 -1.43158
-1.97066 0.15001 0.303757
-2.45191 0.15001 2.48136
-1.06225 0.15001 1.79775
1.85824 0.15001 0.336654
0.919047 0.15001 1.71031
0.0790589 0.15001 1.65478
2.67477 0.15001 2.36115
2.50374 0.15001 2.26618
2.5039 0.15001 -2.28344
-1.15955 0.15001 1.61871
-1.44344 0.15001 1.06242
1.52569 0.15001 0.149049
-0.754372 0.15001 2.31351
-0.654924 0.15001 -2.31377
-2.07179 0.15001 -2.68368
-0.357953 0.15001 -0.773649
-2.01595 0.15001 -1.15958
-2.3641 0.15001 -2.84999
-0.549075 0.15001 -2.13554
-1.96817 0.15001 -2.84999
-2.50551 0.15001 1.98159
2.1911 0.15001 0.902695
0.703905 0.15001 0.253317
1.35505 0.15001 -1.07221
2.1837 0.15001 -0.967033
-1.69738 0.15001 -1.30598
1.35181 0.15001 -2.3252
2.52021 0.15001 0.339607
-0.657969 0.15001 1.79727
-2.42846 0.15001 -1.14323
-1.83836 0.15001 1.05704
-0.683033 0.15001 0.230526
-0.733939 0.15001 0.580248
-2.15652 0.15001 -0.180512
-2.66891 0.15001 0.302021
-0.247654 0.15001 -2.32456
2.50307 0.15001 -2.4737
-2.32359 0.15001 -0.283333
-0.756556 0.15001 -1.77892
-2.22208 0.15001 -1.16289
0.865094 0.15001 -0.0359098
2.35559 0.15001 0.620663
1.03479 0.15001 0.438093
-0.1185 0.15001 -1.80718
1.3749 0.15001 1.18912
2.33663 0.15001 1.96661
1.69359 0.15001 0.430386
1.66003 0.15001 1.95983
0.242073 0.15001 1.55134
0.70144 0.15001 0.0611985
2.32991 0.15001 2.35586
0.762078 0.15001 1.82199
-0.109725 0.15001 0.577826
-0.656565 0.15001 -1.6042
2.51509 0.15001 1.48115
2.02763 0.15001 2.84999
0.791692 0.15001 -1.6387
1.85375 0.15001 -0.784767
1.19018 0.15001 -1.56663
2.84999 0.15001 2.06426
1.19323 0.15001 -0.414318
2.13138 0.15001 2.31389
0.0634747 0.15001 1.06366
0.0481959 0.15001 -2.84999
0.359298 0.15001 -2.33293
0.277066 0.15001 -1.81245
-0.320552 0.15001 -1.80777
1.15518 0.15001 -2.32662
2.68173 0.15001 -1.4289
-1.35846 0.15001 -1.79972
-1.24587 0.15001 2.84999
1.69911 0.15001 0.993944
-2.31567 0.15001 1.47853
1.63489 0.15001 -2.49693
1.80896 0.15001 -2.84999
1.02911 0.15001 -0.131505
-2.6721 0.15001 -1.43453
-0.964328 0.15001 0.0337547
1.52356 0.15001 -0.600618
-2.84999 0.15001 -1.33375
-0.558117 0.15001 -0.794113
1.35537 0.15001 -1.26236
-1.37698 0.15001 -1.45528
0.350235 0.15001 -2.68018
1.02595 0.15001 -1.077
0.531859 0.15001 -0.225327
1.04912 0.15001 1.20747
2.02013 0.15001 -0.689745
0.869426 0.15001 0.345979
-1.59695 0.15001 0.330077
-2.67164 0.15001 -1.62961
-2.15202 0.15001 2.3225
-1.79803 0.15001 0.704376
1.26156 0.15001 -2.15173
-0.877694 0.15001 -0.65616
-0.324078 0.15001 0.0916791
-1.0721 0.15001 -1.61224
0.544711 0.15001 -2.67908
-1.11186 0.15001 -0.337745
-1.03275 0.15001 0.73605
-1.36199 0.15001 1.97619
2.52051 0.15001 0.715749
2.19016 0.15001 0.525814
0.87729 0.15001 2.66463
0.157898 0.15001 -2.33568
-2.14991 0.15001 2.66681
-1.35004 0.15001 2.67796
-2.31746 0.15001 0.112286
2.84999 0.15001 -1.14743
-1.36444 0.15001 -2.49825
1.92893 0.15001 2.68013
-1.53031 0.15001 -0.925447
-2.25146 0.15001 2.49331
-0.891268 0.15001 -1.24221
-2.15 0.15001 -2.10584
-1.88439 0.15001 -0.794572
-0.547825 0.15001 2.31422
-1.95791 0.15001 1.96417
-2.50672 0.15001 -0.95829
1.38116 0.15001 1.37905
1.86107 0.15001 0.712229
2.51598 0.15001 -0.963111
1.02567 0.15001 -0.886407
0.696683 0.15001 -1.47374
-2.30783 0.15001 -2.22339
2.34591 0.15001 -1.43289
-0.646044 0.15001 1.10657
-2.30251 0.15001 -0.787587
-2.34547 0.15001 2.67031
-2.50069 0.15001 0.800391
0.392554 0.15001 1.04532
0.706929 0.15001 0.446002
-0.0997813 0.15001 1.17096
0.358539 0.15001 -0.514782
-1.47071 0.15001 -1.63585
1.20558 0.15001 0.910128
-0.964393 0.15001 -1.78089
-0.136203 0.15001 -2.15548
2.02079 0.15001 -0.503549
-2.11339 0.15001 -1.69926
0.734009 0.15001 1.42934
0.566549 0.15001 1.33841
1.86386 0.15001 1.08923
0.774592 0.15001 2.02281
-0.515952 0.15001 0.602204
1.54435 0.15001 1.46446
0.0686715 0.15001 1.45697
0.559094 0.15001 1.13673
-1.87886 0.15001 -2.00685
1.03218 0.15001 0.247946
2.18382 0.15001 1.47951
1.32526 0.15001 2.27201
1.52375 0.15001 2.33339
1.84646 0.15001 -1.53384
2.34714 0.15001 -1.24494
0.251492 0.15001 -2.84999
1.13457 0.15001 2.17693
1.68868 0.15001 -0.693056
-1.49297 0.15001 0.153547
-0.442987 0.15001 -1.96471
1.1174 0.15001 1.98672
-1.15443 0.15001 1.26066
0.158713 0.15001 2.84999
-0.604471 0.15001 -1.3088
1.65611 0.15001 -1.77902
0.204407 0.15001 -1.60364
0.692466 0.15001 -1.08494
1.68707 0.15001 -0.880055
1.92747 0.15001 -2.66659
-0.679645 0.15001 -0.633655
-1.2235 0.15001 0.721335
-1.55745 0.15001 1.97124
-0.846495 0.15001 2.49304
2.16394 0.15001 -2.09789
0.668005 0.15001 -2.15692
0.957791 0.15001 -2.32584
1.19356 0.15001 -1.36352
-2.11518 0.15001 -2.32133
1.35623 0.15001 -0.883133
-1.35244 0.15001 1.24445
-1.35802 0.15001 -0.0202101
1.19551 0.15001 0.151404
-2.50152 0.15001 -0.182989
0.46601 0.15001 -2.15861
0.548544 0.15001 0.742051
0.523882 0.15001 -0.799607
-0.915244 0.15001 -0.308687
0.525898 0.15001 -0.608412
1.52403 0.15001 -0.226182
0.317307 0.15001 2.17388
0.366598 0.15001 -0.127256
-0.961343 0.15001 1.9743
-2.49668 0.15001 0.994658
1.72816 0.15001 -2.67231
0.559296 0.15001 -2.32959
2.84999 0.15001 -2.47101
0.362631 0.15001 -0.321444
1.35755 0.15001 -0.695186
0.528698 0.15001 -1.38494
2.6855 0.15001 0.246079
2.01638 0.15001 1.57623
-0.86085 0.15001 1.79737
2.43126 0.15001 2.84999
1.03763 0.15001 0.628797
2.51899 0.15001 -0.220304
-0.446018 0.15001 0.423913
2.49058 0.15001 2.47603
-0.644017 0.15001 0.752965
-1.0371 0.15001 -0.147594
1.85183 0.15001 -0.971383
2.32686 0.15001 2.67528
0.584761 0.15001 1.73158
-0.414706 0.15001 -0.0957984
-1.26819 0.15001 -1.62224
-2.67843 0.15001 -1.23701
1.35878 0.15001 -0.132215
1.45643 0.15001 -2.14806
1.02706 0.15001 -1.26829
1.86428 0.15001 1.27997
-2.44303 0.15001 2.84999
2.50532 0.15001 2.06724
1.05913 0.15001 1.40485
2.35279 0.15001 -0.314035
-2.84999 0.15001 -1.91988
1.99374 0.15001 -2.19643
2.17483 0.15001 -1.71933
2.16888 0.15001 -1.90855
-0.484477 0.15001 0.23756
0.681369 0.15001 2.66931
2.21999 0.15001 2.51196
-2.32442 0.15001 -1.83265
2.17212 0.15001 1.86861
0.866929 0.15001 0.154836
0.196222 0.15001 -0.222452
1.19159 0.15001 -0.790366
-0.138339 0.15001 0.178223
1.98474 0.15001 -2.38909
0.575199 0.15001 -1.98954
-0.256141 0.15001 1.79095
-1.16262 0.15001 1.97311
-0.884283 0.15001 0.215193
2.68561 0.15001 0.433653
1.15005 0.15001 2.36332
2.84999 0.15001 -1.52178
1.09489 0.15001 1.79613
-1.95422 0.15001 2.32431
1.703 0.15001 1.37252
2.51734 0.15001 1.28774
2.84999 0.15001 1.09664
2.84999 0.15001 1.48095
2.68393 0.15001 1.19232
0.398931 0.15001 1.2447
0.0666654 0.15001 1.93298
2.68521 0.15001 -2.75792
2.84999 0.15001 -2.0912
1.37025 0.15001 -1.64236
2.68508 0.15001 -0.127189
0.217413 0.15001 0.559974
2.35047 0.15001 -0.871687
2.01299 0.15001 -1.43708
2.84999 0.15001 1.86912
-0.148757 0.15001 2.32331
2.84999 0.15001 0.906066
2.84999 0.15001 -1.71104
-1.16085 0.15001 -2.14566
2.33609 0.15001 -2.00146
1.35962 0.15001 0.0558945
2.67753 0.15001 -2.18696
2.3533 0.15001 -0.127827
1.5312 0.15001 0.713126
2.682 0.15001 -1.24229
-1.93846 0.15001 1.23014
-0.833287 0.15001 -0.128597
1.64871 0.15001 -2.15701
2.1782 0.15001 -1.53034
-0.0545838 0.15001 -2.67806
0.866474 0.15001 -2.15425
-2.84999 0.15001 -0.374393
1.82743 0.15001 -2.49879
0.963225 0.15001 2.31176
-0.753956 0.15001 1.27203
-1.21234 0.15001 0.350024
1.82175 0.15001 2.84999
0.681503 0.15001 -1.8122
1.82881 0.15001 -2.10122
2.00246 0.15001 -1.81458
1.42413 0.15001 -2.84999
0.989675 0.15001 -1.6435
-1.05789 0.15001 2.14857
1.02834 0.15001 -0.320469
1.69521 0.15001 0.618196
2.84999 0.15001 2.65456
2.84999 0.15001 2.84999
1.26832 0.15001 -1.80414
2.84999 0.15001 -2.28117
0.65031 0.15001 -2.50192
-0.339896 0.15001 -0.479921
0.6922 0.15001 -0.892184
0.774314 0.15001 -1.98328
1.47835 0.15001 2.14474
0.859761 0.15001 -0.793577
0.745257 0.15001 1.62356
-1.75618 0.15001 2.32169
0.130703 0.15001 2.12441
-0.105033 0.15001 0.969127
0.544305 0.15001 0.548217
2.50893 0.15001 1.87073
2.84999 0.15001 -0.775863
-2.49162 0.15001 1.58618
2.51197 0.15001 1.67565
1.66137 0.15001 1.76482
2.00818 0.15001 1.77132
0.38811 0.15001 0.847063
-0.629196 0.15001 -0.117313
-0.799792 0.15001 -0.472565
-0.301403 0.15001 -1.46026
0.0102285 0.15001 -0.516692
-0.851833 0.15001 1.09759
1.85684 0.15001 0.149053
-1.71805 0.15001 0.162059
0.610861 0.15001 2.13768
1.08082 0.15001 2.69285
1.21502 0.15001 1.29387
-2.84997 0.15001 0.593788
2.16113 0.15001 -2.28871
0.147099 0.15001 2.51509
-0.297706 0.15001 0.292241
1.36338 0.15001 0.432617
-1.33516 0.15001 0.887211
2.02313 0.15001 0.243577
2.84999 0.15001 1.67465
0.369709 0.15001 0.0663612
-0.343024 0.15001 1.97218
1.04623 0.15001 -2.5003
2.33064 0.15001 -2.38376
2.68124 0.15001 -1.61638
1.22845 0.15001 -2.84999
2.32659 0.15001 -2.57755
1.41626 0.15001 2.84999
1.86252 0.15001 0.900311
2.51896 0.15001 1.09575
2.17786 0.15001 1.67557
2.84999 0.15001 0.716448
1.33415 0.15001 -2.67554
2.33182 0.15001 -2.19107
0.223037 0.15001 0.756597
1.68503 0.15001 -1.06781
0.475357 0.15001 2.68213
-1.15681 0.15001 2.32544
0.999384 0.15001 2.50613
2.64346 0.15001 2.84999
2.34341 0.15001 -1.62217
2.68533 0.15001 0.0591437
1.19415 0.15001 -0.0374977
-0.120361 0.15001 0.374659
-0.480575 0.15001 1.25652
1.85964 0.15001 0.524413
0.0553026 0.15001 2.31904
0.875896 0.15001 0.72989
0.421351 0.15001 1.84153
2.50659 0.15001 -2.09329
1.20003 0.15001 2.5416
-2.14774 0.15001 1.58908
0.718854 0.15001 1.02915
2.50938 0.15001 -1.90325
1.52402 0.15001 -0.413459
2.68494 0.15001 -0.31296
2.84999 0.15001 -0.590614
2.02114 0.15001 -0.317137
2.17986 0.15001 -1.34091
-0.558776 0.15001 1.62181
1.32095 0.15001 2.68474
2.51941 0.15001 -0.0341118
2.68004 0.15001 -2.5684
0.859462 0.15001 -0.984488
2.68436 0.15001 -0.683559
2.52389 0.15001 -2.84999
2.02204 0.15001 0.056344
1.69118 0.15001 1.57348
2.18839 0.15001 0.151074
1.99813 0.15001 2.15985
1.28257 0.15001 1.87583
2.35387 0.15001 0.0586632
0.153156 0.15001 -2.67952
1.02653 0.15001 -0.697229
2.51141 0.15001 -1.71338
0.0294805 0.15001 0.0749781
1.68974 0.15001 -0.132325
1.68948 0.15001 -0.506245
1.85484 0.15001 -0.598352
-0.10449 0.15001 1.57547
-0.264698 0.15001 1.07664
2.84999 0.15001 0.339741
2.01099 0.15001 -1.62632
2.51338 0.15001 -1.52432
-0.839691 0.15001 0.745928
2.68254 0.15001 -1.05519
0.450884 0.15001 -2.5079
2.84999 0.15001 -0.961356
-0.27346 0.15001 0.488673
1.53636 0.15001 1.0895
-0.554447 0.15001 1.97247
2.19084 0.15001 0.713862
2.68473 0.15001 1.00113
-2.84999 0.15001 0.988579
0.891647 0.15001 1.31865
1.71972 0.15001 2.67854
1.82525 0.15001 2.51127
0.405883 0.15001 1.44499
1.99845 0.15001 -2.84999
1.51699 0.15001 2.67325
2.67924 0.15001 -1.99663
-0.446522 0.15001 2.14305
2.51443 0.15001 -1.33694
0.938136 0.15001 -2.67539
0.739955 0.15001 -2.6773
1.56005 0.15001 -1.60552
0.0563305 0.15001 0.666929
-0.956395 0.15001 -2.13945
-2.6714 0.15001 0.498701
-1.25733 0.15001 1.43268
2.16641 0.15001 2.06324
0.863692 0.15001 -0.225952
1.25061 0.15001 1.68733
1.20264 0.15001 0.719665
1.67913 0.15001 -1.45119
2.35231 0.15001 -0.500005
0.203993 0.15001 0.166725
1.85532 0.15001 -0.411843
-0.595593 0.15001 -0.455508
2.1853 0.15001 -0.780704
2.84999 0.15001 2.26016
2.51471 0.15001 -1.14964
2.84999 0.15001 -2.66118
1.53164 0.15001 -2.67364
2.18684 0.15001 -2.84999
0.592382 0.15001 -1.63687
1.83747 0.15001 -1.72052
1.72793 0.15001 2.34129
1.70124 0.15001 1.18263
1.85741 0.15001 1.47691
2.68559 0.15001 0.621953
2.52001 0.15001 0.905132
1.46739 0.15001 -1.80673
0.860208 0.15001 -1.37361
0.354562 0.15001 -0.706731
2.34041 0.15001 -1.81119
0.537644 0.15001 0.15994
0.725361 0.15001 1.22794
2.51863 0.15001 -0.406111
2.84999 0.15001 -0.220004
2.33215 0.15001 2.16308
2.84999 0.15001 -0.0340916
1.20924 0.15001 1.10144
2.15573 0.15001 -2.48145
-0.358811 0.15001 -2.84999
2.51733 0.15001 -0.77718
1.69702 0.15001 0.80597
2.02705 0.15001 2.50851
2.84999 0.15001 -1.33447
2.02645 0.15001 0.807087
1.5244 0.15001 -0.0386772
2.35162 0.15001 -0.685789
2.51819 0.15001 -0.591645
2.84999 0.15001 -2.84999
2.01445 0.15001 -1.2492
-2.14357 0.15001 0.407583
2.12463 0.15001 -2.66999
2.02141 0.15001 -0.13052
1.53351 0.15001 0.901223
-0.548069 0.15001 0.0580247
-1.41475 0.15001 0.700497
0.534769 0.15001 -0.0328342
1.51968 0.15001 -1.16432
2.68481 0.15001 -0.498298
1.04415 0.15001 1.01287
2.01682 0.15001 -1.06236
-0.449844 0.15001 0.785304
-1.51104 0.15001 -0.403372
1.37082 0.15001 0.99948
1.19079 0.15001 -0.979804
1.61687 0.15001 2.84999
1.36793 0.15001 0.810253
2.51346 0.15001 -2.66202
2.67693 0.15001 -2.37743
2.68345 0.15001 -0.869108
1.02745 0.15001 -0.508916
1.35873 0.15001 -1.45557
0.373728 0.15001 0.260299
1.51913 0.15001 -1.35536
1.6698 0.15001 2.15833
2.02547 0.15001 0.618926
2.68156 0.15001 1.57835
2.6803 0.15001 -1.80631
1.99592 0.15001 -2.0035
0.862177 0.15001 -0.415245
2.84999 0.15001 -0.405417
0.714294 0.15001 0.833048
2.35449 0.15001 0.245537
0.879277 0.15001 0.923356
-0.344767 0.15001 2.66864
0.646345 0.15001 2.33404
2.34674 0.15001 1.57757
