1000 0.1
-0.679529 0.15001 0.755194
-0.927585 0.15001 1.24854
-0.965667 0.15001 1.45024
-0.845325 0.15001 1.5994
-0.875319 0.15001 1.80447
-0.670427 0.15001 1.90286
-0.620836 0.15001 2.12632
-0.75322 0.15001 2.32713
-1.00341 0.15001 2.42009
-1.1084 0.15001 2.7158
-0.599175 0.15001 0.587868
-0.890371 0.15001 1.01322
-0.611548 0.15001 1.28434
-1.03478 0.153492 1.61584
-1.06725 0.15001 1.78793
-1.10145 0.15001 1.95488
-1.06933 0.15001 2.13411
-0.606265 0.15001 2.46847
-0.796794 0.15001 2.63272
-0.992478 0.15001 2.84999
-0.761439 0.196963 0.90302
-1.06218 0.234486 1.31951
-1.15557 0.151544 1.44701
-0.52392 0.15001 1.67279
-0.971872 0.279487 1.85883
-0.908116 0.156954 1.97449
-0.860465 0.154493 2.16442
-1.12106 0.229599 2.29202
-1.14811 0.18348 2.5435
-1.10953 0.290618 2.84935
-0.522939 0.221775 0.738688
-1.00344 0.230644 1.11263
-0.801308 0.167276 1.37737
-0.664735 0.178109 1.5679
-0.68726 0.165528 1.7387
-0.495503 0.290417 1.94615
-0.422617 0.29808 2.15698
-0.386886 0.293984 2.38618
-0.81215 0.194959 2.48011
-0.809438 0.155641 2.81696
-0.580275 0.275263 0.95056
-0.675532 0.267445 1.2223
-0.561601 0.224256 1.41943
-0.85931 0.271777 1.71848
-0.772353 0.279632 1.86421
-0.756126 0.213757 2.02816
-0.960061 0.279344 2.09574
-0.847767 0.290345 2.27917
-0.858399 0.344881 2.55875
-0.967521 0.228542 2.66918
-0.393725 0.290966 0.862689
-0.757624 0.283252 1.05559
-0.251895 0.501435 1.35365
-0.379455 0.396128 1.51199
-0.559915 0.283041 1.75979
-0.21605 0.492955 1.94999
-0.699388 0.267052 2.1799
-0.463045 0.414256 2.44289
-0.642765 0.300625 2.58709
-0.714617 0.252508 2.7179
-0.58552 0.318308 1.10429
-0.715055 0.402113 1.29445
-0.713877 0.297254 1.42901
-0.603643 0.328859 1.55571
-0.663858 0.408922 1.8192
-0.64424 0.334853 1.97797
-0.564975 0.373589 2.12796
-0.725536 0.311985 2.41612
-0.646261 0.435265 2.51019
-0.858502 0.329863 2.74338
-0.426894 0.449884 1.03
-0.386732 0.438087 1.22625
-0.800391 0.293156 1.57499
-0.440608 0.517433 1.45329
-0.50154 0.59072 1.75794
-0.474487 0.452563 1.84634
-0.610328 0.537905 2.15396
-0.683319 0.398628 2.25979
-0.362688 0.602742 2.69994
-0.621779 0.420729 2.70933
-0.578455 0.468451 1.15335
-0.562221 0.685884 1.31106
-0.81818 0.422185 1.48033
-0.713169 0.424809 1.63786
-0.637937 0.578553 1.86547
-0.786209 0.387231 2.04996
-0.669388 0.757503 2.14592
-0.781798 0.460021 2.38921
-0.718479 0.727006 2.5492
-0.760635 0.424649 2.84659
-0.60155 0.703602 1.12435
-0.311125 0.717511 1.27773
-0.456287 0.732407 1.44076
-0.274082 0.782549 1.58198
-0.518737 0.75262 1.7738
-0.451381 0.695778 1.92149
-0.381968 0.787526 2.0539
-0.552698 0.545373 2.44672
-0.413752 0.971442 2.66891
-0.477733 0.636664 2.81761
-0.368678 0.15001 0.728348
-0.558666 0.15001 1.0955
-0.245206 0.15001 1.47333
-0.340397 0.15001 1.74158
-0.285521 0.15001 1.92978
-0.256405 0.15001 2.08816
-0.375425 0.15001 2.2019
-0.35737 0.15001 2.38081
-0.400188 0.15001 2.54983
-0.582278 0.15001 2.69983
-0.318319 0.15001 0.328384
-0.510861 0.15001 0.890606
-0.373468 0.15001 1.34489
-0.439258 0.15001 1.50792
-0.45453 0.15001 1.85789
-0.463271 0.15001 2.04216
-0.517846 0.179276 2.28646
-0.238508 0.15001 2.50696
-0.300701 0.15001 2.68633
-0.278912 0.15001 2.84999
-0.420078 0.159694 0.501702
-0.771822 0.152742 1.1474
-0.347827 0.273403 1.43263
-0.299265 0.23749 1.59739
-0.348453 0.2902 1.89371
-0.136726 0.208467 1.99128
-0.271384 0.317878 2.25438
-0.232451 0.26062 2.39804
-0.486856 0.264466 2.62372
-0.485376 0.15001 2.84999
-0.209201 0.165951 0.669506
-0.333726 0.152776 0.927256
-0.264804 0.280574 1.28975
-0.186882 0.364856 1.57888
-0.261328 0.303811 1.75259
-0.260421 0.314157 2.04552
-0.272935 0.426907 2.38475
-0.339582 0.289505 2.54535
-0.28632 0.293883 2.70907
-0.40814 0.281964 2.84999
-0.364662 0.278677 0.611645
-0.356274 0.181285 1.17279
-0.183414 0.366453 1.42406
-0.453652 0.277211 1.61526
-0.310983 0.4332 1.85563
-0.375843 0.414907 2.01046
-0.438971 0.399387 2.28459
-0.551684 0.283922 2.43836
-0.415987 0.375917 2.72698
-0.650404 0.176173 2.84999
-0.176829 0.253478 0.886207
-0.460396 0.249098 1.28156
-0.265389 0.50606 1.52888
-0.374063 0.406992 1.68784
-0.0511855 0.535363 1.90622
-0.0834486 0.439653 2.04359
-0.37116 0.448545 2.15824
-0.155165 0.496507 2.30797
-0.283555 0.470905 2.71997
-0.245364 0.336272 2.84999
-0.17542 0.308623 0.732186
-0.417125 0.285943 1.06307
-0.539145 0.373737 1.27275
-0.596543 0.439914 1.41316
-0.536092 0.4467 1.65478
-0.50791 0.525438 2.00715
-0.500036 0.544392 2.28253
-0.312293 0.451914 2.53419
-0.481771 0.467579 2.61766
-0.625608 0.332488 2.84999
-0.273989 0.349715 0.980319
-0.276526 0.541699 1.1492
-0.159524 0.595361 1.45396
-0.356229 0.586799 1.67471
-0.238325 0.769591 1.91565
-0.129271 0.614226 2.00489
-0.208348 0.682578 2.27643
-0.0198813 0.616861 2.46016
-0.194143 0.735346 2.70861
-0.356189 0.44817 2.84999
-0.191449 0.430711 0.836716
-0.472448 0.582668 1.15196
-0.411845 0.581341 1.31213
-0.341215 0.639625 1.51242
-0.541326 0.594783 1.57837
-0.403487 0.609992 2.14833
-0.538012 0.684201 2.0823
-0.377046 0.582683 2.54698
-0.529154 0.683273 2.60461
-0.521241 0.463799 2.84999
-0.27471 0.565124 0.807526
-0.20972 0.860262 1.14275
-0.106673 0.698071 1.17473
-0.168786 0.743216 1.47738
-0.246867 0.947531 1.65513
-0.170342 0.739664 2.09316
-0.160741 0.933578 2.19628
-0.419486 0.686345 2.44409
-0.142423 0.934636 2.37674
-0.303188 0.602181 2.84999
-0.0455014 0.15001 0.722672
-0.17623 0.15001 1.3233
-0.0715212 0.15001 1.56672
-0.186843 0.15001 1.67648
-0.0332968 0.15001 1.89338
0.00486731 0.15001 2.04133
-0.0216913 0.15001 2.25162
-0.127046 0.15001 2.37851
-0.126866 0.15001 2.61513
-0.108132 0.15001 2.79251
-0.0818134 0.15001 0.340974
-0.155157 0.15001 1.00005
-0.111075 0.220074 1.44288
0.0368679 0.233044 1.63176
-0.162976 0.176193 1.82485
-0.0919498 0.185789 2.13742
-0.20351 0.15001 2.2395
-0.0350949 0.204682 2.48157
-0.149838 0.249932 2.71322
0.0367457 0.15001 2.84999
-0.221759 0.155208 0.50583
-0.105242 0.151515 1.17639
0.0867625 0.240959 1.48237
-0.114786 0.278811 1.68235
-0.0309317 0.27865 1.8309
0.0253744 0.289619 1.96836
-0.155765 0.314269 2.15985
-0.037749 0.271536 2.32889
-0.0780381 0.294411 2.58683
-0.119243 0.255644 2.84999
-0.0250942 0.168439 0.914113
0.0103464 0.338437 1.37826
-0.0360831 0.318769 1.53325
0.0142682 0.352907 1.70804
-0.160308 0.333313 1.91345
-0.00903145 0.321632 2.11077
-0.0466174 0.403773 2.24787
0.031056 0.339673 2.45743
-0.198887 0.380198 2.59542
0.0896486 0.274037 2.84999
-0.0010687 0.271644 0.802502
-0.204536 0.245182 1.09928
-0.0940592 0.365414 1.25865
-0.058065 0.474867 1.61255
-0.135095 0.405664 1.78176
0.0658458 0.445775 1.97832
-0.20625 0.47168 2.15439
-0.120648 0.353756 2.43207
-0.0611044 0.459029 2.53456
-0.129476 0.409637 2.74078
-0.0569063 0.40455 1.10107
-0.0757091 0.47967 1.39873
0.0699065 0.470897 1.5167
0.0174061 0.429901 1.82785
0.208695 0.467492 1.79861
0.0563709 0.493112 2.18378
-0.0201484 0.568751 2.29656
0.0811763 0.483493 2.47843
-0.0230186 0.601899 2.60688
-0.00264054 0.493381 2.70965
-0.0404586 0.398675 0.899581
-0.253573 0.373678 1.16053
0.0625896 0.537108 1.38333
-0.220702 0.484244 1.67991
-0.15778 0.625486 1.84199
-0.1116 0.594305 2.1612
-0.303879 0.551006 2.27233
-0.178603 0.604876 2.42047
-0.186007 0.561263 2.64996
-0.0308188 0.51744 2.84999
-0.00159447 0.333348 0.654452
-0.120354 0.521018 1.2149
-0.0152764 0.6049 1.52456
-0.0270947 0.677844 1.70187
0.168696 0.707571 1.85145
0.0353955 0.660088 1.91893
0.0420508 0.715516 2.20458
0.119872 0.560782 2.36415
-0.140595 0.687878 2.57188
0.0315668 0.666336 2.84999
-0.0166888 0.599045 0.883696
-0.328393 0.685928 1.08132
-0.16313 0.68075 1.32762
-0.178454 0.640059 1.59843
-0.296645 0.825884 1.75597
-0.340803 0.601209 1.99665
-0.312512 0.810303 2.30412
-0.220294 0.762859 2.4634
-0.314937 0.826105 2.65169
-0.135272 0.581441 2.78838
-0.112475 0.7393 1.02132
0.0186201 0.785788 1.34491
-0.131863 0.873562 1.42084
-0.0992876 0.814916 1.70607
-0.129023 0.856091 1.99456
0.0128023 0.77898 2.00905
0.0317485 0.978984 2.0108
0.0614893 0.86526 2.29326
0.0619181 0.953375 2.72102
-0.168813 0.710319 2.84999
0.134801 0.15001 0.867311
0.0547809 0.15001 1.22162
0.193649 0.15001 1.45773
0.097583 0.15001 1.5764
0.10845 0.15001 1.92969
0.19887 0.15001 2.05093
0.122196 0.15001 2.22036
0.19333 0.15001 2.35485
0.0371515 0.15001 2.59217
0.124397 0.15001 2.73049
0.121241 0.15001 0.474675
0.036463 0.15001 1.05456
-0.00486463 0.15001 1.37099
0.216495 0.206875 1.59464
0.00572731 0.15001 1.74003
0.109286 0.224734 2.098
0.0437044 0.15001 2.38467
0.143082 0.201421 2.49179
-0.00128847 0.221754 2.72032
0.209675 0.15001 2.84999
-0.0333172 0.182229 0.547897
0.119751 0.231118 1.3369
0.280581 0.267883 1.47665
0.164567 0.295951 1.70311
0.114405 0.221804 1.82379
0.183805 0.2436 1.97208
0.0821384 0.275427 2.22868
0.14188 0.258882 2.35748
0.0779326 0.264078 2.60288
0.295215 0.254404 2.84999
0.1163 0.199883 0.682892
0.180212 0.230195 1.18397
0.137972 0.373981 1.29227
0.310088 0.365609 1.77567
0.300001 0.317086 1.91238
0.221694 0.332153 2.08334
0.270308 0.313095 2.25316
0.172245 0.36889 2.48438
0.0439221 0.361175 2.73133
0.200652 0.369006 2.84999
0.152462 0.278481 1.01426
0.0081186 0.272749 1.14457
0.165056 0.374261 1.45626
0.24878 0.375242 1.5863
0.147188 0.352326 1.87798
0.169212 0.397752 2.19669
0.101965 0.405777 2.33254
0.303132 0.393542 2.6052
0.152219 0.386481 2.63241
-0.0327324 0.370152 2.84999
0.120409 0.426929 1.0385
0.248722 0.37368 1.17443
0.261661 0.436496 1.34709
0.127178 0.425685 1.65764
0.353867 0.505928 1.82869
0.166635 0.49786 2.07441
0.236992 0.53077 2.24165
0.257615 0.434471 2.3703
0.164581 0.496853 2.73025
0.296955 0.500013 2.84999
0.148256 0.333084 0.824118
-0.0792962 0.529031 1.01113
0.0604661 0.468035 1.20821
0.26513 0.520817 1.63229
-0.063763 0.540143 1.74781
0.0958288 0.552942 1.82948
0.0191211 0.57513 2.06071
0.130386 0.54615 2.5982
0.116706 0.689635 2.47221
0.114966 0.493383 2.84999
0.0710236 0.571276 1.07414
0.177331 0.584452 1.29312
0.211447 0.526716 1.48526
0.0964349 0.563955 1.63702
0.229855 0.74951 1.70273
0.227152 0.590378 1.94851
0.31341 0.669973 2.27182
0.264298 0.601297 2.40357
0.00785429 0.7647 2.57269
0.21802 0.615922 2.80893
0.0719689 0.466762 0.797808
-0.218981 0.607372 0.985394
0.00580191 0.616717 1.26743
0.285554 0.643601 1.39816
-0.226222 0.694037 1.73038
0.156237 0.632199 2.13422
-0.0994236 0.793364 2.2316
-0.0107467 0.732745 2.36119
-0.080342 0.85409 2.67928
0.0670174 0.628168 2.71992
0.088511 0.71577 1.16587
0.169541 0.735543 1.33058
-0.00676798 0.752837 1.49509
0.0960142 0.731003 1.62302
0.098595 0.878574 1.68857
0.120034 0.857346 1.86232
0.195421 0.979886 2.17876
0.165832 0.687883 2.30965
0.176967 0.935916 2.36144
0.0152123 0.808506 2.79223
0.306614 0.15001 0.865456
0.308044 0.15001 1.17428
0.339141 0.15001 1.43675
0.327041 0.15001 1.65317
0.365615 0.15001 1.80462
0.35691 0.15001 2.09924
0.322556 0.15001 2.25544
0.41953 0.15001 2.36727
0.387451 0.15001 2.60652
0.309477 0.15001 2.7344
0.295563 0.15001 0.36991
0.19631 0.15001 1.04862
0.222124 0.15001 1.30115
0.406239 0.18344 1.54079
0.16859 0.15001 1.72005
0.260518 0.15001 1.90821
0.413395 0.225297 2.2191
0.276879 0.15001 2.48033
0.210388 0.15001 2.61517
0.386037 0.15001 2.84999
0.306958 0.15001 0.672493
0.403625 0.250921 1.2238
0.413259 0.255276 1.40015
0.34536 0.294507 1.65604
0.266043 0.226968 1.78257
0.329218 0.246862 2.03014
0.238837 0.183922 2.16331
0.297105 0.22032 2.35674
0.255612 0.25695 2.60457
0.370535 0.285217 2.73508
0.425538 0.290194 0.656877
0.347415 0.196404 1.04145
0.281254 0.264999 1.32014
0.440627 0.332986 1.54861
0.431857 0.403194 1.89861
0.403918 0.351975 2.14312
0.402019 0.31892 2.36816
0.296268 0.312452 2.47202
0.197674 0.280644 2.73795
0.456951 0.255729 2.84999
0.270506 0.236937 0.516237
0.425525 0.408277 1.1673
0.418828 0.397034 1.32464
0.34465 0.446941 1.47601
0.401823 0.464061 1.67195
0.254092 0.446387 1.96032
0.374712 0.441178 2.26962
0.436182 0.302522 2.6115
0.296284 0.412158 2.74899
0.395723 0.38164 2.84999
0.276783 0.301803 0.913016
0.300044 0.455412 0.987756
0.417347 0.568899 1.53129
0.464247 0.607853 1.69797
0.516577 0.516149 1.82929
0.313091 0.477471 2.10495
0.404267 0.56749 2.35744
0.38821 0.440307 2.4843
0.254417 0.512104 2.51712
0.428672 0.460941 2.66264
0.257469 0.298914 0.704782
0.381094 0.388206 0.822267
0.298088 0.523705 1.20526
0.231824 0.608699 1.75184
0.500152 0.680291 1.84348
0.381894 0.579383 1.98216
0.435936 0.538022 2.17166
0.296679 0.545285 2.66861
0.444325 0.621642 2.7034
0.446798 0.501316 2.80867
0.434706 0.554135 1.09314
0.21389 0.625961 1.12561
0.504022 0.652526 1.42848
0.313775 0.666928 1.60131
0.360713 0.694033 1.78272
0.314307 0.644575 2.12088
0.465467 0.689018 2.24731
0.23987 0.670972 2.56832
0.400476 0.773765 2.70094
0.371006 0.650239 2.84999
0.255953 0.517552 0.803461
0.202534 0.575649 0.963372
0.360266 0.689866 1.15421
0.207915 0.743499 1.50894
0.430229 0.8481 1.838
0.196794 0.757313 2.00597
0.107085 0.863342 2.10403
0.361188 0.782003 2.54744
0.160047 0.828141 2.54697
0.158704 0.772806 2.84999
0.29975 0.694228 0.923687
0.350341 0.886886 1.15387
0.309033 0.810049 1.38831
0.435741 0.964693 1.58227
0.32904 0.907172 1.71661
0.325496 0.821621 2.09215
0.425145 0.948054 2.36688
0.313521 0.799396 2.38678
0.255909 1.0061 2.69532
0.314409 0.792665 2.83561
0.501501 0.15001 0.694635
0.487263 0.15001 1.1673
0.519178 0.15001 1.42192
0.51902 0.15001 1.60137
0.524102 0.15001 1.81008
0.562984 0.15001 2.11454
0.523778 0.15001 2.26043
0.61368 0.15001 2.39562
0.501632 0.15001 2.4912
0.543199 0.15001 2.63197
0.44396 0.155498 0.501519
0.625957 0.15001 1.10269
0.648791 0.15001 1.53651
0.632036 0.15001 1.70271
0.570689 0.15001 1.95375
0.417203 0.15001 1.95111
0.578034 0.252676 2.17972
0.529568 0.246129 2.37432
0.667066 0.15001 2.70001
0.548957 0.15001 2.84999
0.488665 0.15001 1.00265
0.414658 0.15001 1.30842
0.552327 0.262695 1.46867
0.451296 0.205777 1.70618
0.426628 0.258371 1.85772
0.468895 0.216221 2.07596
0.507777 0.344417 2.25942
0.398235 0.215703 2.49588
0.574469 0.236088 2.54054
0.484914 0.185592 2.74143
0.501006 0.278933 1.08706
0.721689 0.203779 1.22465
0.633347 0.371233 1.48952
0.566338 0.268573 1.62247
0.613852 0.250132 1.84823
0.620766 0.383747 2.12774
0.753357 0.363033 2.37434
0.508033 0.347641 2.4903
0.595054 0.346739 2.63971
0.665492 0.270102 2.75314
0.625374 0.348986 1.18727
0.545547 0.264348 1.3031
0.704906 0.42533 1.61241
0.495217 0.356125 1.75485
0.53052 0.304185 1.97518
0.469055 0.431803 2.03851
0.647566 0.428958 2.28536
0.667515 0.480173 2.44019
0.694484 0.469533 2.59317
0.528772 0.349271 2.77209
0.473432 0.429251 0.988643
0.627582 0.443359 1.33343
0.549811 0.479185 1.54196
0.601462 0.518911 1.69841
0.647483 0.413667 1.86447
0.548098 0.581344 1.9725
0.581453 0.546842 2.19262
0.515953 0.435719 2.37626
0.540477 0.476949 2.55716
0.576518 0.491353 2.71168
0.436086 0.250115 0.883995
0.644314 0.411327 1.0055
0.499864 0.508192 1.37613
0.803934 0.53254 1.57081
0.684834 0.575748 1.86099
0.654806 0.620029 2.07947
0.717762 0.620542 2.22151
0.565512 0.582214 2.3741
0.689579 0.59286 2.69766
0.587568 0.457055 2.84999
0.568071 0.488925 1.16503
0.400062 0.592871 1.2942
0.641976 0.570972 1.44685
0.554939 0.646062 1.57537
0.721883 0.618861 1.67986
0.467334 0.667689 2.08587
0.59774 0.75659 2.16223
0.419385 0.581964 2.54559
0.74872 0.712393 2.56117
0.548821 0.723657 2.62965
0.4391 0.467619 0.690714
0.641414 0.581525 1.06182
0.570652 0.64002 1.29127
0.458729 0.772125 1.66739
0.838473 0.830664 1.73165
0.366683 0.74517 1.95159
0.239475 0.810423 2.22625
0.631939 0.720102 2.32133
0.675728 0.816696 2.65633
0.520505 0.615673 2.84999
0.522069 0.712387 1.16264
0.432093 0.740228 1.31116
0.412379 0.745847 1.50648
0.573249 0.859596 1.76077
0.483117 0.849436 2.07974
0.539922 0.765824 1.96304
0.588154 0.981508 2.01703
0.447174 0.687493 2.44684
0.449673 0.904415 2.58885
0.4923 0.771627 2.84941
0.673919 0.15001 0.736708
0.629842 0.15001 1.31354
0.73816 0.15001 1.41461
0.783012 0.15001 1.67843
0.719573 0.15001 1.8203
0.746067 0.15001 1.95881
0.678331 0.15001 2.21356
0.765546 0.15001 2.43069
0.677982 0.15001 2.54481
0.800555 0.15001 2.73465
0.606989 0.15001 0.380675
0.865946 0.15001 0.985289
0.855342 0.171156 1.32298
0.825554 0.15001 1.53373
0.880271 0.15001 1.83182
0.794706 0.15001 2.10747
0.811067 0.15001 2.28637
0.806059 0.256865 2.5074
0.855644 0.269521 2.72428
0.700546 0.15001 2.84999
0.636162 0.15001 0.568155
0.75501 0.246831 1.08261
0.729233 0.277342 1.42748
0.724493 0.259081 1.58594
0.774506 0.272503 1.79579
0.659283 0.202654 2.06053
0.863368 0.240393 2.19928
0.678689 0.237336 2.32912
0.728435 0.258464 2.63184
0.601302 0.250369 2.84999
0.57507 0.165605 0.869626
0.898581 0.304331 1.23501
0.86656 0.363342 1.42343
0.650855 0.338367 1.72667
0.851218 0.348663 1.90691
0.730093 0.294568 2.19604
0.85438 0.394837 2.26277
0.670847 0.338614 2.49666
0.889731 0.400993 2.71171
0.776047 0.264206 2.84999
0.708233 0.299204 0.621778
0.809738 0.200288 0.826604
0.749529 0.34177 1.29563
0.77566 0.479747 1.7548
0.972134 0.419869 1.85207
0.703231 0.310443 1.97981
0.752633 0.466405 2.17133
0.822941 0.377847 2.58158
0.836456 0.537301 2.66193
0.719778 0.397569 2.84999
0.593634 0.291472 0.755759
0.773615 0.39083 1.12832
0.813209 0.477942 1.25533
0.747728 0.4521 1.43883
0.792153 0.483531 1.91887
0.661409 0.470103 2.01449
0.780052 0.53196 2.33261
0.611712 0.610088 2.54368
0.934702 0.653455 2.63259
0.729484 0.419656 2.72497
0.546876 0.423796 0.840762
0.872675 0.4212 0.977336
0.694825 0.570689 1.23339
0.95884 0.539974 1.69362
0.895793 0.578082 1.83238
0.802984 0.572186 2.05434
0.862362 0.671582 2.15848
0.711861 0.634743 2.42992
0.800147 0.705899 2.71625
0.789139 0.528619 2.84999
0.817171 0.538469 1.08086
0.799973 0.669093 1.32439
0.722724 0.695787 1.48847
0.641712 0.744746 1.65151
0.795247 0.692269 1.8015
0.64299 0.7209 1.8067
0.98721 0.756487 2.27088
0.823599 0.707224 2.3562
0.873469 0.805581 2.62276
0.663576 0.596669 2.84999
0.602957 0.688384 0.784324
0.755043 0.570111 0.923207
0.677913 0.766624 1.20951
0.627494 0.763732 1.37831
0.998148 0.693507 1.74546
0.744878 0.779095 2.11481
0.824631 0.802354 2.24405
0.721339 0.827896 2.44221
0.978829 0.865333 2.5185
0.64043 0.7303 2.79271
0.745235 0.741595 1.02029
0.485094 0.88311 1.28293
0.779361 0.871813 1.44028
0.552184 0.843379 1.55599
0.577491 1.00673 1.71997
0.664779 0.850407 2.0068
0.811171 0.940111 2.29525
0.499186 0.807494 2.37531
0.616177 0.941159 2.41401
0.733933 0.850988 2.83499
0.961109 0.15001 0.830108
0.880507 0.15001 1.16018
0.959618 0.15001 1.47286
0.944547 0.15001 1.63801
1.04217 0.15001 1.85853
0.90651 0.15001 1.98627
0.969891 0.15001 2.22406
0.927381 0.15001 2.3995
0.825035 0.15001 2.59117
0.950483 0.15001 2.72116
0.790486 0.15001 0.418872
1.04717 0.15001 1.20642
1.07236 0.187162 1.57296
1.08357 0.15001 1.71886
1.29475 0.15001 1.86305
0.966005 0.225454 2.0949
1.08447 0.15001 2.31214
1.01621 0.15001 2.52841
1.10279 0.15001 2.66332
1.00939 0.15001 2.84999
0.899786 0.271695 0.486843
1.03907 0.15001 1.35195
0.979061 0.280901 1.47141
0.91039 0.237069 1.72837
0.982572 0.254307 1.92806
0.837584 0.263081 2.02756
1.07421 0.259989 2.23772
1.05063 0.225295 2.40762
0.940685 0.226835 2.61086
0.855865 0.15001 2.84999
0.827548 0.150377 0.651646
1.05073 0.315598 1.33074
1.00274 0.326015 1.62556
1.03984 0.2806 1.78919
1.15184 0.218929 1.9062
1.00199 0.366549 2.02708
0.966292 0.312969 2.32563
0.841833 0.252923 2.36576
1.04434 0.325646 2.64432
1.03711 0.24379 2.7586
0.922084 0.325339 0.662438
1.02275 0.26244 1.13304
1.09344 0.41038 1.50009
0.850849 0.375222 1.67458
1.127 0.421778 1.94779
0.98082 0.37856 2.18215
1.16682 0.360711 2.32392
0.945517 0.314972 2.49448
1.16171 0.329965 2.7732
0.925385 0.253468 2.84999
0.903212 0.287929 1.0483
0.96889 0.429887 1.30322
0.945235 0.447309 1.55081
1.0696 0.419499 1.72688
1.08267 0.566695 1.79271
0.86634 0.428422 2.0729
1.24949 0.475609 2.20654
0.887087 0.436261 2.42653
0.967398 0.45022 2.59204
1.03913 0.432682 2.74493
0.723071 0.305546 0.917843
1.23088 0.329733 1.10649
0.898191 0.529993 1.40883
1.15409 0.498041 1.62106
1.18445 0.573594 1.92074
0.907392 0.535142 2.20764
1.09554 0.497899 2.29713
0.805739 0.529324 2.50834
1.27597 0.509981 2.61332
0.875613 0.394455 2.84999
0.785131 0.441449 0.834271
1.0966 0.385143 1.18651
0.881275 0.662994 1.47993
0.871875 0.667469 1.64819
1.02397 0.657692 1.90932
0.851423 0.671693 1.95039
1.04376 0.61536 2.21805
0.935051 0.575575 2.35576
1.05734 0.568205 2.69892
0.922268 0.52055 2.79403
0.829807 0.550518 0.698434
0.957329 0.445709 1.13532
0.944759 0.563534 1.24995
0.80422 0.799037 1.58014
1.17074 0.726027 1.87841
0.689052 0.695389 1.95768
1.11106 0.617541 2.40243
0.919937 0.717534 2.47949
1.07352 0.724589 2.66615
0.835005 0.667679 2.84999
0.987809 0.669091 1.14973
1.14203 0.544338 1.23948
0.97556 0.689655 1.33908
1.00829 0.768162 1.53917
0.992015 0.832623 1.81252
0.80307 0.836658 1.89049
0.897917 0.770881 2.0497
1.12207 0.769119 2.46659
0.82737 1.05249 2.40754
0.906692 0.855915 2.84107
1.24955 0.15001 0.734169
1.35081 0.15001 1.21267
1.19282 0.15001 1.32826
1.19997 0.15001 1.516
1.22613 0.15001 1.66702
1.05919 0.15001 2.01083
1.36724 0.15001 2.15056
1.33873 0.15001 2.46719
1.28055 0.15001 2.62208
1.21999 0.15001 2.77008
1.15696 0.15001 0.463915
1.31038 0.15001 0.991754
1.34688 0.251761 1.32564
1.32023 0.239498 1.60564
1.40239 0.15001 1.68507
1.14975 0.15001 2.17338
1.35941 0.15001 2.3101
1.31556 0.285015 2.55902
1.49979 0.150555 2.69295
1.38132 0.15001 2.84999
0.995055 0.15001 0.577508
1.13687 0.15001 0.991705
1.12889 0.253995 1.44718
1.16235 0.291504 1.65127
1.26265 0.230783 1.75348
1.11029 0.238895 2.07222
1.21519 0.165759 2.35612
1.16995 0.15001 2.50326
1.18861 0.25428 2.63724
1.13665 0.201227 2.84999
1.07919 0.204025 0.731362
1.49128 0.15001 1.08159
1.19018 0.165908 1.15629
1.24584 0.319726 1.50231
1.38347 0.349476 1.71947
1.26157 0.253322 2.22079
1.32528 0.288701 2.39678
1.10692 0.306849 2.51232
1.46666 0.307863 2.59586
1.27035 0.280034 2.84999
1.03985 0.25658 0.962871
1.37538 0.267332 1.13446
1.19242 0.268672 1.29431
1.58376 0.311015 1.72717
1.17563 0.343029 1.8143
1.15478 0.354261 2.15434
1.39039 0.332097 2.18398
1.12672 0.451274 2.5897
1.28739 0.386476 2.70417
1.03706 0.359103 2.84999
0.942926 0.316753 0.83803
1.46643 0.321723 1.25532
1.06975 0.528738 1.38664
1.23851 0.480238 1.47874
1.22966 0.484144 1.76813
0.959931 0.531441 1.97708
1.33074 0.430229 2.33023
1.04509 0.43538 2.4332
1.40713 0.400426 2.48629
1.1867 0.488264 2.80847
0.970397 0.479127 0.867056
1.13038 0.398756 0.994491
1.26337 0.452854 1.20091
1.16382 0.613673 1.47914
1.4342 0.383675 1.88249
1.04398 0.501366 2.11117
1.24334 0.602226 2.30269
0.976219 0.570942 2.50258
1.43843 0.508994 2.67025
1.05309 0.553112 2.84999
1.044 0.543598 1.03646
1.30893 0.555647 1.36123
1.02036 0.60649 1.56186
1.23041 0.637298 1.73504
1.38789 0.510791 1.8052
1.02945 0.663499 2.06832
1.31279 0.678822 2.18267
1.11497 0.617984 2.56551
1.32149 0.650172 2.73429
0.977328 0.698267 2.79347
1.01547 0.6249 0.903146
1.19688 0.7821 0.988897
1.27479 0.665909 1.2068
1.01693 0.834616 1.32874
1.39226 0.618456 1.67261
1.16058 0.743565 2.20909
1.18598 0.895811 2.34172
1.26999 0.661887 2.53659
1.12096 0.86403 2.67683
1.14972 0.662774 2.8441
0.969077 0.873666 0.935724
1.00662 1.0145 1.29219
0.937427 0.959382 1.50286
1.09799 1.00384 1.69356
0.927968 1.01303 1.86533
0.957538 0.895121 1.99675
1.1123 1.03032 2.20522
0.97694 0.892739 2.35446
1.05811 0.999427 2.74727
1.23433 0.786456 2.83429
1.46939 0.15001 0.631065
1.52469 0.15001 0.893672
1.31557 0.15001 1.4213
1.49793 0.15001 1.55909
1.62372 0.15001 1.78023
1.22103 0.15001 2.0384
1.64291 0.15001 2.20343
1.52828 0.15001 2.37171
1.47294 0.15001 2.5354
1.73625 0.15001 2.84999
1.74795 0.15001 0.683895
1.97664 0.15001 0.935392
1.91259 0.15001 1.25678
1.88756 0.15001 1.43271
1.91268 0.15001 1.81034
1.87675 0.15001 1.98156
2.0606 0.15001 1.98538
1.86975 0.15001 2.34306
2.02028 0.15001 2.5053
1.93307 0.150634 2.84999
1.34931 0.196151 0.489235
1.50896 0.15001 1.28135
2.09224 0.158492 1.31974
1.79013 0.15001 1.59084
1.5148 0.15001 1.91852
1.52732 0.15001 2.07899
1.87531 0.15001 2.15659
2.01379 0.23594 2.28908
1.86219 0.15001 2.68252
1.55096 0.15001 2.84999
1.69774 0.159026 0.898258
1.82113 0.15001 1.05316
1.69102 0.15001 1.44434
1.63599 0.203784 1.60486
1.75966 0.271617 1.92898
1.70893 0.15001 2.04526
1.48105 0.22149 2.23841
1.70152 0.202267 2.35298
1.80319 0.150791 2.51386
1.67243 0.15001 2.6754
1.39776 0.212277 0.779783
1.71849 0.15001 1.23123
1.42637 0.226211 1.45647
1.87888 0.28578 1.53348
1.42783 0.210042 1.81233
1.3661 0.158743 1.99539
1.81124 0.303823 2.18576
1.63092 0.166593 2.51256
1.92554 0.319197 2.6028
1.3417 0.240498 2.7241
1.22035 0.27308 0.632429
1.82754 0.318394 1.09706
1.27631 0.397727 1.35394
1.77521 0.216099 1.75575
1.30359 0.299792 1.88984
1.23361 0.307432 2.02249
1.49951 0.284639 2.06737
1.2219 0.3927 2.46598
1.67479 0.306505 2.66767
1.63098 0.290017 2.84993
1.22635 0.230243 0.876948
1.62611 0.227128 1.09865
1.6082 0.256904 1.35875
1.39118 0.36753 1.51504
1.78373 0.337247 1.65841
1.5958 0.276336 1.8877
1.59047 0.343811 2.17859
1.49672 0.302478 2.38305
1.64808 0.32376 2.47589
1.42213 0.337547 2.84999
1.4309 0.260056 0.950425
1.50922 0.386103 1.39585
1.61866 0.340326 1.50988
1.30985 0.457496 1.6194
1.55065 0.398123 1.98669
1.32632 0.425056 2.05194
1.44486 0.502398 2.15158
1.79654 0.36142 2.35528
1.60098 0.442997 2.58213
1.50547 0.354875 2.72905
1.16427 0.35742 0.81859
1.34126 0.391868 0.977674
1.60772 0.367073 1.17296
1.43438 0.512025 1.47567
1.73273 0.47761 1.67913
1.20832 0.53813 2.07316
1.64417 0.485592 2.20974
1.24034 0.538791 2.45171
1.46663 0.536483 2.49841
1.36044 0.497473 2.82742
1.49973 0.579897 1.07336
1.45883 0.477638 1.2433
1.39634 0.680264 1.37637
1.25461 0.674432 1.57885
1.43092 0.644097 1.86646
1.39366 0.539375 1.97701
1.4618 0.710632 2.03924
1.52651 0.443682 2.33502
1.38038 0.703272 2.4298
1.55994 0.44961 2.84375
