1000 0.1
-0.894632 0.15001 0.178702
-1.61025 0.15001 1.17028
-1.62977 0.15001 1.40873
-1.60993 0.15001 1.59307
-1.53442 0.15001 1.77309
-1.01995 0.15001 1.82795
-0.764677 0.15001 2.05441
-1.30626 0.15001 2.29709
-1.73674 0.15001 2.38648
-2.02063 0.15001 2.64559
-0.856442 0.15001 0.00281522
-1.42714 0.15001 0.750357
-1.01493 0.15001 1.09694
-1.81289 0.15001 1.58376
-1.74009 0.15001 1.76545
-1.88885 0.15001 1.89481
-1.8832 0.15001 2.09066
-0.82933 0.15001 2.41132
-1.56251 0.15001 2.64833
-1.83706 0.15001 2.84999
-1.23667 0.15001 0.505061
-1.78326 0.15001 1.24664
-1.88797 0.15001 1.40479
-0.677194 0.15001 1.71531
-1.69448 0.204423 1.93647
-1.51392 0.15001 1.9653
-1.41448 0.15001 2.12765
-1.93384 0.15001 2.27109
-1.9756 0.15001 2.45567
-2.01716 0.183415 2.84656
-0.71268 0.150304 0.179454
-1.71811 0.15001 1.01618
-1.42173 0.15001 1.16077
-1.01618 0.15001 1.45898
-1.18563 0.15001 1.68512
-0.577978 0.215546 1.9648
-0.487971 0.269321 2.16991
-0.441759 0.273584 2.37723
-1.48467 0.15001 2.4783
-1.54151 0.15001 2.84999
-1.05026 0.151117 0.577681
-1.32786 0.15001 0.998482
-0.773772 0.15001 1.40618
-1.36736 0.185703 1.66092
-1.32965 0.152106 1.84645
-1.20198 0.15001 2.02133
-1.6533 0.159861 2.14463
-1.53361 0.158504 2.29665
-1.55712 0.30004 2.51683
-1.80914 0.15001 2.555
-0.637475 0.156286 0.43308
-1.17924 0.166994 0.71172
-0.291161 0.44009 1.35454
-0.417552 0.40908 1.56371
-0.752984 0.15001 1.8823
-0.238688 0.473401 1.97489
-1.12625 0.15001 2.18613
-0.502593 0.392604 2.46499
-1.15681 0.15001 2.62237
-1.36821 0.160748 2.6612
-0.993125 0.15001 0.77701
-1.21666 0.188109 1.14667
-1.10897 0.15001 1.29349
-0.682289 0.251356 1.55069
-1.17049 0.268086 1.81436
-0.994017 0.15001 2.02792
-0.759684 0.174025 2.24493
-1.18464 0.15001 2.43578
-0.991187 0.183257 2.51957
-1.72698 0.18424 2.71358
-0.713488 0.15001 0.598338
-0.605021 0.156154 1.02796
-1.29398 0.15001 1.49826
-0.631644 0.257627 1.36973
-0.817035 0.260177 1.74713
-0.532975 0.352738 1.8448
-1.07356 0.30781 2.15071
-1.01272 0.163622 2.33162
-0.752645 0.350594 2.70017
-0.996052 0.200413 2.69468
-1.13493 0.187332 0.95289
-0.865924 0.250948 1.06263
-1.43749 0.160903 1.36616
-1.16233 0.266364 1.55827
-0.97028 0.292134 1.899
-1.35196 0.251826 1.99172
-1.31176 0.289632 2.19389
-1.35673 0.260749 2.41587
-1.26409 0.295361 2.56897
-1.37743 0.303321 2.8373
-0.992132 0.305546 0.832911
-0.455923 0.272055 1.0652
-0.780128 0.294245 1.27634
-0.544961 0.542789 1.51062
-0.849537 0.407915 1.54329
-0.775657 0.312038 1.93616
-0.74502 0.57405 2.10136
-0.928763 0.316864 2.40599
-0.676234 0.486729 2.77449
-0.982218 0.334924 2.84999
-0.542933 0.15001 0.253836
-0.796255 0.15001 0.911425
-0.389958 0.15001 1.41274
-0.424165 0.15001 1.70844
-0.354165 0.15001 1.96828
-0.410482 0.15001 2.12042
-0.423082 0.15001 2.29001
-0.514639 0.15001 2.47762
-0.676262 0.15001 2.56138
-0.814817 0.15001 2.68835
-0.512515 0.15001 -0.364505
-0.855755 0.15001 0.453891
-0.51757 0.15001 1.28328
-0.558383 0.15001 1.4804
-0.475476 0.15001 1.86073
-0.605322 0.15001 2.12843
-0.584926 0.152652 2.31732
-0.315371 0.15001 2.51573
-0.424822 0.15001 2.63608
-0.469248 0.15001 2.84999
-0.653742 0.15001 -0.151298
-1.53189 0.15001 0.980161
-0.402753 0.312299 1.42231
-0.386636 0.21883 1.56507
-0.374761 0.276413 1.87353
-0.188604 0.15001 1.96483
-0.312018 0.32262 2.27378
-0.282467 0.246592 2.40541
-0.551798 0.216333 2.69656
-0.95685 0.15001 2.84999
-0.32743 0.15001 0.00581239
-0.398004 0.15001 0.487636
-0.323132 0.30624 1.26412
-0.256623 0.315182 1.57557
-0.286433 0.265627 1.74421
-0.305629 0.305347 2.01869
-0.331442 0.408507 2.41072
-0.406162 0.282896 2.5431
-0.341007 0.266764 2.71269
-0.66906 0.15001 2.84999
-0.582633 0.155178 0.0514489
-0.359594 0.15001 1.16693
-0.22321 0.300892 1.40501
-0.538003 0.246899 1.62948
-0.329608 0.427994 1.84765
-0.462523 0.36226 2.00091
-0.55209 0.359627 2.28361
-0.681304 0.256215 2.41947
-0.462685 0.376438 2.6765
-1.30243 0.15001 2.84999
-0.218068 0.15001 0.369895
-0.772239 0.15001 1.1878
-0.273118 0.488371 1.52415
-0.425097 0.331959 1.71162
-0.081514 0.49464 1.91691
-0.0986289 0.407639 2.05019
-0.386446 0.387432 2.14769
-0.228626 0.470872 2.3014
-0.320265 0.450885 2.73822
-0.424901 0.308633 2.84999
-0.237748 0.161162 0.168656
-0.627776 0.15001 0.810746
-0.92876 0.181466 1.2764
-1.08369 0.301898 1.39559
-0.941349 0.15001 1.66604
-0.868505 0.27091 2.08769
-0.892575 0.34306 2.23539
-0.31483 0.434222 2.57079
-0.811444 0.270374 2.5589
-1.13393 0.216572 2.84999
-0.441501 0.15001 0.696562
-0.475248 0.253487 0.857797
-0.133907 0.502571 1.43675
-0.666865 0.376191 1.65377
-0.45959 0.543683 1.86288
-0.140083 0.611442 2.01231
-0.356661 0.613218 2.35615
-0.00649622 0.577725 2.46837
-0.450992 0.554644 2.67112
-0.612221 0.304872 2.84999
-0.25922 0.249977 0.528353
-0.72113 0.309775 0.925353
-0.618993 0.251614 1.17383
-0.543236 0.381885 1.27931
-0.955894 0.275905 1.55861
-0.718999 0.371883 2.13157
-0.969314 0.41453 2.05007
-0.880495 0.438102 2.54736
-1.06239 0.366565 2.65213
-0.812458 0.250393 2.83513
-0.374934 0.217422 0.313531
-0.314977 0.357303 0.926215
-0.112142 0.414607 0.911149
-0.323831 0.613154 1.40659
-0.369219 0.61803 1.60677
-0.38148 0.572377 2.13218
-0.377307 0.749793 2.18869
-0.759349 0.396169 2.3458
-0.204259 0.677614 2.42526
-0.517799 0.452996 2.84999
-0.117442 0.15001 0.0144492
-0.260423 0.15001 1.30177
-0.0724771 0.15001 1.56
-0.257177 0.15001 1.62724
-0.0464829 0.15001 1.91728
-0.0147997 0.15001 2.07388
-0.109052 0.15001 2.21495
-0.174125 0.15001 2.37045
-0.182526 0.15001 2.60483
-0.24714 0.15001 2.74842
-0.312001 0.15001 -0.330302
-0.239578 0.15001 0.671525
-0.203136 0.150542 1.46437
0.0299513 0.252807 1.60832
-0.191757 0.15001 1.80315
-0.246691 0.15001 2.10221
-0.270253 0.15001 2.25378
-0.0910327 0.172989 2.48467
-0.166678 0.284662 2.71806
-0.122985 0.15001 2.84999
-0.407031 0.15001 -0.169379
-0.186363 0.15001 1.12429
0.00446166 0.232991 1.43402
-0.141738 0.242974 1.67601
-0.0685339 0.251133 1.81829
0.00125448 0.28017 1.96806
-0.221864 0.291151 2.15392
-0.123844 0.273904 2.31864
-0.0689291 0.298136 2.59539
-0.249818 0.253219 2.84999
-0.0970548 0.15001 0.520764
0.0179905 0.289571 1.26432
-0.107813 0.299097 1.52178
-0.032404 0.359271 1.69298
-0.166879 0.303603 1.93611
-0.0775827 0.268236 2.1107
-0.112413 0.394757 2.22354
0.00725819 0.292025 2.44941
-0.23345 0.287044 2.56868
0.0542181 0.214687 2.84999
-0.0746891 0.15001 0.244888
-0.33546 0.15001 0.904425
-0.148837 0.268376 1.24599
-0.125637 0.440334 1.59865
-0.168644 0.376969 1.79011
0.0972989 0.418546 1.94963
-0.243032 0.461136 2.13846
-0.156304 0.351789 2.44633
-0.0455175 0.439424 2.52801
-0.197546 0.407428 2.8313
-0.093579 0.300827 1.0747
-0.0642068 0.371641 1.37477
0.0387705 0.384701 1.51801
-0.00637842 0.385797 1.84396
0.22237 0.401049 1.80361
0.0344686 0.431606 2.17613
-0.0706782 0.521368 2.32929
0.101749 0.430181 2.4891
-0.0333091 0.594436 2.62668
-0.00898805 0.442057 2.69359
-0.0302516 0.265951 0.886244
-0.268912 0.290647 1.1054
0.0837958 0.477881 1.3924
-0.279106 0.439202 1.68624
-0.203733 0.557468 1.82188
-0.0999561 0.543434 2.1602
-0.46398 0.503397 2.28039
-0.185724 0.508446 2.45825
-0.16392 0.438737 2.64004
-0.0702638 0.503204 2.84999
0.0309929 0.150142 -0.0904192
-0.185163 0.438827 1.13424
-0.00117261 0.551199 1.52545
0.00139416 0.675316 1.7028
0.162064 0.68892 1.82825
0.0273972 0.620365 1.91371
0.0417117 0.599868 2.21231
0.133873 0.52393 2.34523
-0.192504 0.608943 2.59159
-0.106583 0.690725 2.84999
0.0545892 0.244461 0.452775
-0.685021 0.282459 0.707921
-0.16466 0.534734 1.27707
-0.167292 0.590175 1.64192
-0.765139 0.41905 1.79011
-0.5607 0.518024 2.04125
-0.632467 0.527917 2.37545
-0.461794 0.557521 2.49261
-0.639344 0.453871 2.58734
-0.186972 0.564547 2.75731
-0.0682718 0.27707 0.621804
-0.0502829 0.592485 1.12108
-0.236015 0.642057 1.13415
-0.206211 0.717888 1.75647
-0.377674 0.681533 1.93939
-0.0144422 0.709739 2.07562
-0.130687 0.75463 1.91209
0.00615214 0.802686 2.22893
-0.0381087 0.779619 2.69394
-0.409546 0.592543 2.84999
0.117608 0.15001 0.587063
-0.0190946 0.15001 1.1868
0.209508 0.15001 1.43085
0.0898203 0.15001 1.52009
0.101714 0.15001 1.97613
0.221032 0.15001 2.07197
0.0538539 0.15001 2.20934
0.170974 0.15001 2.35898
-0.00124128 0.15001 2.60085
0.0755229 0.15001 2.73862
0.0620532 0.15001 -0.280727
-0.13268 0.15001 0.956873
-0.0885994 0.15001 1.33967
0.247883 0.15001 1.58192
-0.0312119 0.15001 1.71679
0.0873275 0.276115 2.102
-0.00493157 0.15001 2.35246
0.0823767 0.15001 2.48016
-0.0781627 0.15001 2.72209
0.19087 0.15001 2.84999
-0.203983 0.15001 -0.163893
0.0836169 0.15001 1.3233
0.305615 0.266058 1.46305
0.230569 0.273064 1.70342
0.0778194 0.15001 1.82635
0.177326 0.28425 1.97063
0.00740325 0.284076 2.23812
0.11731 0.274294 2.33805
0.085785 0.27308 2.59704
0.299803 0.259644 2.84999
0.134042 0.15001 0.0792386
0.14923 0.15001 1.15214
0.174662 0.299654 1.2193
0.377852 0.346101 1.76587
0.290741 0.273677 1.85782
0.237283 0.28095 2.12913
0.272428 0.272449 2.29295
0.178088 0.288524 2.47833
0.0189479 0.296352 2.73351
0.182044 0.342407 2.84999
0.0923343 0.15001 0.915265
0.0514089 0.220908 1.05313
0.138834 0.3018 1.38933
0.176955 0.281555 1.55132
0.113242 0.289576 1.81908
0.166828 0.372935 2.2314
0.0345953 0.405761 2.34173
0.34943 0.375022 2.57371
0.193832 0.380038 2.6128
-0.0792574 0.298264 2.84999
0.181405 0.278063 0.87841
0.271615 0.300621 1.08424
0.275134 0.388438 1.3545
0.117558 0.381605 1.67444
0.375167 0.495712 1.8236
0.170929 0.42903 2.08368
0.245273 0.505755 2.22108
0.230783 0.39566 2.37827
0.155049 0.450671 2.74662
0.288828 0.477062 2.84999
0.0964808 0.15001 0.30318
-0.218731 0.254991 0.814302
0.058079 0.37968 1.12172
0.272426 0.424336 1.65152
-0.0557006 0.512792 1.74567
0.0925186 0.50513 1.80803
0.0295624 0.519244 2.04682
0.122399 0.536925 2.61671
0.147939 0.631699 2.47106
0.046425 0.400891 2.84999
0.0768881 0.382897 0.749977
0.15582 0.463869 1.24948
0.196436 0.431752 1.5059
0.116696 0.533947 1.63622
0.195042 0.691082 1.65486
0.201214 0.556931 1.94078
0.345086 0.625347 2.25753
0.295425 0.56017 2.39216
-0.0727898 0.760007 2.5119
0.167451 0.569263 2.84999
0.019022 0.268708 0.143523
-0.52743 0.257634 0.522166
-0.0137947 0.467924 1.24734
0.304548 0.538046 1.40685
-0.522445 0.48335 1.70237
0.166397 0.610034 2.10853
-0.21142 0.662243 2.24221
0.00807488 0.689179 2.35494
-0.327681 0.697708 2.70618
0.0434981 0.603935 2.76638
0.12293 0.42306 0.937504
0.146466 0.559098 1.07904
-0.0753191 0.66357 1.37145
0.0452973 0.729122 1.49652
-0.00775303 0.857345 1.69131
0.066672 0.801324 1.94882
0.282582 0.960125 2.06191
0.179854 0.667056 2.29158
0.109894 0.813199 2.41858
-0.239276 0.828106 2.84392
0.313723 0.15001 0.475839
0.324189 0.15001 1.14828
0.358609 0.15001 1.3841
0.348189 0.15001 1.69307
0.382019 0.15001 1.83803
0.386404 0.15001 2.09531
0.34359 0.15001 2.23341
0.457492 0.15001 2.34151
0.410883 0.15001 2.66878
0.279764 0.15001 2.73665
0.237303 0.15001 -0.285856
0.234278 0.15001 1.00691
0.235955 0.15001 1.28066
0.39617 0.15001 1.53535
0.123189 0.15001 1.67343
0.24959 0.15001 1.92718
0.479266 0.20678 2.21345
0.235706 0.15001 2.50176
0.168254 0.15001 2.62747
0.38181 0.15001 2.84999
0.331625 0.15001 0.180791
0.430493 0.26852 1.1444
0.443555 0.277058 1.38434
0.357234 0.284791 1.6178
0.225862 0.15001 1.78279
0.33358 0.248755 2.00432
0.198199 0.15001 2.21466
0.317834 0.15001 2.37915
0.289099 0.238252 2.61273
0.389695 0.265005 2.73604
0.372957 0.17407 -0.0135812
0.400064 0.15001 1.00225
0.327754 0.270149 1.2683
0.482976 0.299504 1.53291
0.416812 0.369651 1.95384
0.378363 0.304138 2.16941
0.420175 0.285053 2.34071
0.326837 0.274541 2.45864
0.17809 0.262914 2.73023
0.466629 0.258768 2.84999
0.209099 0.15001 -0.0954514
0.419392 0.414409 1.06617
0.443045 0.38661 1.2651
0.356964 0.406504 1.50078
0.425479 0.436825 1.64547
0.270044 0.410433 1.95126
0.360559 0.420058 2.27945
0.463909 0.27754 2.61042
0.295674 0.372449 2.7308
0.408738 0.390734 2.84999
0.293633 0.15001 0.848455
0.350057 0.304339 0.927389
0.442325 0.538423 1.50902
0.48135 0.568404 1.69745
0.519376 0.416743 1.84392
0.327669 0.426953 2.09734
0.45903 0.542884 2.33603
0.386562 0.427065 2.43247
0.249573 0.485544 2.51692
0.438949 0.453129 2.66941
0.233164 0.288193 0.124278
0.459442 0.168741 0.336297
0.299524 0.439898 1.18183
0.232401 0.549492 1.75749
0.494149 0.607423 1.84959
0.390431 0.525974 1.982
0.438132 0.515772 2.17603
0.297078 0.521447 2.6929
0.445965 0.621669 2.70233
0.451846 0.535664 2.84999
0.463499 0.405398 0.681014
0.292688 0.397355 0.764901
0.515312 0.640578 1.4025
0.314124 0.575306 1.60496
0.344814 0.6627 1.77549
0.325735 0.614552 2.09656
0.505088 0.685389 2.26134
0.267869 0.640158 2.57918
0.440544 0.800204 2.71319
0.334344 0.654892 2.84999
0.214014 0.264509 0.362971
0.203676 0.255817 0.694991
0.476183 0.494885 0.850417
0.105874 0.632347 1.31161
0.505312 0.841705 1.8284
0.229882 0.718795 1.98658
0.15815 0.801355 2.12457
0.413112 0.714256 2.56261
0.130669 0.792412 2.59905
0.0748561 0.756094 2.84999
0.354554 0.281036 0.59335
0.292867 0.495311 0.928968
0.233292 0.713305 1.19994
0.421367 0.788029 1.43104
0.320194 0.794868 1.58953
0.372926 0.806206 2.086
0.374627 0.884425 2.55652
0.330252 0.724283 2.40829
0.196989 0.688362 2.72861
0.256614 0.811855 2.84999
0.513918 0.15001 0.109286
0.523912 0.15001 1.12268
0.528579 0.15001 1.39963
0.543995 0.15001 1.5516
0.561382 0.15001 1.81648
0.56194 0.15001 2.10733
0.596604 0.15001 2.28687
0.660652 0.15001 2.42405
0.520445 0.15001 2.46645
0.544883 0.15001 2.60904
0.401369 0.15001 -0.202812
0.659496 0.15001 1.04797
0.679668 0.15001 1.49548
0.658209 0.15001 1.66668
0.612824 0.15001 1.96006
0.460746 0.15001 1.96309
0.614464 0.263608 2.20017
0.577324 0.272049 2.36141
0.663838 0.15001 2.70145
0.546584 0.15001 2.84999
0.546781 0.15001 0.922591
0.445251 0.15001 1.25898
0.608995 0.275029 1.40798
0.493589 0.154835 1.68894
0.479931 0.264621 1.85805
0.485339 0.262484 2.06315
0.506943 0.373321 2.2329
0.385909 0.15001 2.52015
0.617528 0.237657 2.54159
0.540702 0.216632 2.73057
0.533122 0.288905 1.01877
0.766194 0.15001 1.19512
0.663441 0.410297 1.46547
0.628734 0.277398 1.57534
0.650957 0.261758 1.86153
0.65203 0.368711 2.11169
0.786731 0.375354 2.37243
0.492549 0.316658 2.4782
0.602154 0.35759 2.62545
0.689725 0.294949 2.73699
0.675475 0.290396 1.13447
0.558251 0.285907 1.25197
0.724518 0.404916 1.61385
0.514524 0.313319 1.70246
0.584165 0.33151 1.97334
0.501564 0.419683 2.07515
0.661085 0.386735 2.28733
0.675499 0.488006 2.43541
0.70428 0.464094 2.59204
0.522626 0.360529 2.74931
0.499646 0.2847 0.844388
0.650982 0.422309 1.29146
0.562862 0.433721 1.57603
0.602739 0.46429 1.7218
0.679563 0.416875 1.85396
0.550762 0.527647 1.96811
0.595375 0.505662 2.18128
0.539789 0.422841 2.3798
0.54777 0.477675 2.53615
0.578292 0.519504 2.71008
0.422789 0.15001 0.70961
0.695479 0.264601 0.932172
0.513247 0.423924 1.40927
0.840113 0.474326 1.53423
0.710286 0.558329 1.79353
0.643911 0.62057 2.0874
0.737708 0.622618 2.22131
0.620534 0.57217 2.32355
0.725226 0.579342 2.70409
0.577234 0.444738 2.84999
0.575382 0.440394 1.13601
0.418129 0.535239 1.27837
0.657526 0.558777 1.4142
0.576619 0.617269 1.5668
0.712859 0.559179 1.63065
0.483303 0.6587 2.09017
0.599593 0.798069 2.16188
0.40362 0.542364 2.54425
0.805927 0.646245 2.5792
0.625746 0.718446 2.72748
0.560965 0.295993 -0.00798017
0.640649 0.40449 0.829102
0.588122 0.583086 1.25131
0.475709 0.740229 1.67338
1.07088 0.810961 1.66893
0.397682 0.723709 1.9354
0.292969 0.777191 2.23672
0.665728 0.744675 2.31744
0.765623 0.823511 2.63139
0.509428 0.686372 2.84999
0.68643 0.581997 0.830332
0.407329 0.700951 1.28311
0.23824 0.692692 1.44297
0.715955 0.876743 1.78963
0.438863 0.901933 2.26736
0.577075 0.723998 1.96568
0.524748 0.896737 2.02329
0.505573 0.646864 2.44458
0.584719 0.803988 2.5791
0.493565 0.908386 2.84999
0.724107 0.15001 0.133167
0.620296 0.15001 1.26861
0.766245 0.15001 1.36569
0.820682 0.15001 1.69015
0.720243 0.15001 1.8083
0.772321 0.15001 1.95491
0.706724 0.15001 2.18203
0.806572 0.15001 2.41505
0.731327 0.15001 2.56093
0.808932 0.15001 2.70526
0.551344 0.15001 -0.327694
0.994031 0.15001 0.441453
0.916912 0.15001 1.294
0.826096 0.15001 1.528
0.875831 0.15001 1.83432
0.8411 0.15001 2.10503
0.839413 0.15001 2.25886
0.838071 0.278971 2.48518
0.852874 0.283016 2.73261
0.701837 0.15001 2.84999
0.54162 0.15001 -0.086192
0.800377 0.211404 1.04803
0.757021 0.286042 1.46924
0.786721 0.266056 1.6168
0.803478 0.276345 1.7799
0.691337 0.22632 2.06153
0.937018 0.265876 2.17723
0.725638 0.236327 2.31753
0.757056 0.291338 2.60773
0.616329 0.283599 2.84999
0.669987 0.15001 0.347591
0.875605 0.279964 1.20379
0.875709 0.265709 1.3795
0.665774 0.312711 1.72365
0.891098 0.337538 1.8861
0.781277 0.293262 2.18329
0.887959 0.394792 2.25763
0.678158 0.344239 2.47065
0.970364 0.390408 2.73075
0.781495 0.268759 2.84999
0.717246 0.212577 -0.0572492
0.902762 0.15001 0.280986
0.728365 0.278314 1.29076
0.810139 0.434159 1.7558
1.02059 0.418027 1.85187
0.748881 0.324169 1.95968
0.752898 0.462732 2.18992
0.872999 0.398849 2.59295
0.892949 0.53998 2.6866
0.720409 0.411373 2.84999
0.614139 0.266012 0.214531
0.798917 0.385182 1.06793
0.826806 0.433882 1.23205
0.796316 0.417453 1.3855
0.811361 0.474376 1.91905
0.684174 0.468318 2.01144
0.811349 0.523852 2.33035
0.610172 0.633913 2.57546
0.97419 0.680839 2.65858
0.782719 0.425677 2.7188
0.541391 0.15001 0.530993
0.946945 0.15001 0.685343
0.741107 0.547444 1.14136
1.00011 0.512201 1.68678
0.913949 0.542902 1.81615
0.804029 0.570918 2.07054
0.943843 0.68422 2.14268
0.731607 0.643867 2.43356
0.821959 0.700199 2.74969
0.803847 0.551341 2.84999
0.959737 0.29916 0.81334
0.796375 0.582814 1.32336
0.739473 0.67153 1.50707
0.688105 0.7349 1.65151
0.810905 0.697118 1.78571
0.628739 0.711618 1.80276
1.09382 0.668508 2.36384
0.867165 0.683938 2.29616
1.12984 0.835681 2.67466
0.647056 0.595001 2.84999
0.611023 0.319014 0.605033
0.739836 0.207973 0.521211
0.863634 0.568582 0.925104
0.72601 0.713633 1.1993
1.02872 0.663667 1.76346
0.777972 0.737099 2.10369
1.10162 0.801067 2.18617
0.892633 0.78845 2.44421
1.35341 0.727126 2.59358
0.722199 0.80019 2.84999
0.792902 0.308614 0.727703
0.631762 0.613419 1.01435
0.96313 0.696618 1.27811
0.646659 0.77069 1.3653
0.568308 0.818332 1.53548
0.792907 0.790951 1.9376
0.887342 0.847084 2.21331
0.515254 0.821795 2.41941
0.739547 0.886427 2.46178
0.944322 0.828256 2.84972
1.21036 0.15001 0.491112
0.926023 0.15001 1.13187
0.959848 0.15001 1.46451
0.958413 0.15001 1.62975
1.02637 0.15001 1.83364
0.935636 0.15001 1.97286
0.993698 0.15001 2.26736
0.954729 0.15001 2.417
0.880291 0.15001 2.56165
0.958882 0.15001 2.72369
0.740025 0.15001 -0.267558
1.06922 0.15001 1.2075
1.09965 0.15001 1.54442
1.10159 0.15001 1.70175
1.32504 0.15001 1.92356
1.00737 0.15001 2.10993
1.13927 0.15001 2.29547
1.03238 0.15001 2.58122
1.15506 0.15001 2.67773
1.04412 0.15001 2.84999
0.961766 0.156921 -0.26103
1.07056 0.15001 1.36082
1.01826 0.294995 1.43628
0.963506 0.262214 1.74781
1.021 0.270312 1.93325
0.869376 0.267853 2.02704
1.09822 0.267924 2.19395
1.10253 0.15001 2.44429
0.949402 0.267026 2.62565
0.86753 0.15001 2.84999
0.889955 0.15001 -0.0724073
1.13744 0.315998 1.30752
1.02322 0.28512 1.59896
1.11453 0.290548 1.8081
1.18405 0.15001 1.84749
0.997243 0.352508 2.05892
1.0453 0.294335 2.33635
0.889955 0.262978 2.33687
1.11704 0.276377 2.59831
1.06874 0.2478 2.73855
1.06922 0.151499 0.100346
1.06354 0.15001 1.03957
1.14222 0.379859 1.49723
0.898212 0.369475 1.6474
1.14667 0.384341 1.94759
1.03131 0.409683 2.19971
1.23136 0.279314 2.30521
1.00305 0.271633 2.48358
1.24983 0.293187 2.8381
0.951941 0.268948 2.84999
0.896481 0.15001 0.929192
0.9806 0.367232 1.28904
1.00055 0.432481 1.53993
1.10255 0.400118 1.69861
1.15312 0.532189 1.79558
0.835396 0.404949 2.07748
1.32458 0.287147 2.16175
0.928924 0.400923 2.43322
1.03372 0.397469 2.58432
1.14335 0.389619 2.72117
0.7311 0.15001 0.706732
1.2638 0.275078 1.03338
0.944011 0.483414 1.39555
1.22765 0.459188 1.60607
1.28207 0.462269 1.92452
0.917739 0.525572 2.17857
1.16059 0.418345 2.28938
0.819048 0.50454 2.49381
1.51164 0.405061 2.66764
0.876008 0.403597 2.84999
0.787841 0.284741 0.314043
1.10509 0.300564 1.14169
0.892521 0.626039 1.4645
0.868671 0.601824 1.65296
1.05846 0.580048 1.9257
0.88389 0.639587 1.94367
1.09565 0.563528 2.2194
0.991086 0.506284 2.33455
1.06051 0.529007 2.69754
1.02501 0.478655 2.84999
0.893241 0.208822 0.112285
0.950941 0.277969 1.03391
0.974287 0.411828 1.12476
0.929235 0.776798 1.54961
1.55874 0.408873 1.87185
0.704794 0.61135 1.93783
1.22985 0.54736 2.36923
0.917731 0.62046 2.43287
1.32564 0.563684 2.67678
0.949366 0.623955 2.84999
1.2689 0.374714 0.876118
1.38054 0.380623 1.12586
1.01098 0.544813 1.21361
1.39033 0.575568 1.51931
1.34135 0.594307 1.84279
1.04655 0.745521 1.97515
1.15939 0.654196 2.08657
1.59596 0.490891 2.52237
0.957837 0.860654 2.59698
1.13024 0.78977 2.84999
1.60749 0.15001 0.157682
1.70331 0.15001 1.15339
1.22628 0.15001 1.31179
1.26304 0.15001 1.50762
1.25645 0.15001 1.66369
1.09664 0.15001 1.97541
1.45949 0.15001 2.14683
1.69414 0.15001 2.45018
1.39022 0.15001 2.605
1.29617 0.15001 2.72694
1.26766 0.15001 -0.294461
1.61041 0.15001 0.802352
1.37489 0.15001 1.23094
1.41565 0.15001 1.58314
1.73799 0.15001 1.52289
1.16456 0.15001 2.14144
1.43736 0.15001 2.31123
1.40253 0.299437 2.57417
2.00673 0.15001 2.69001
1.83847 0.15001 2.84999
1.15206 0.15001 -0.113625
1.24022 0.15001 0.872755
1.1718 0.237868 1.43922
1.17904 0.277937 1.63902
1.35804 0.15001 1.77418
1.15079 0.254523 2.04502
1.26477 0.15001 2.38538
1.2358 0.15001 2.5391
1.26351 0.265989 2.63618
1.19792 0.15001 2.84999
1.25983 0.15001 0.170036
2.07562 0.15001 0.81038
1.21129 0.15001 1.12586
1.30996 0.288077 1.54882
1.41872 0.267367 1.70204
1.29781 0.15001 2.23251
1.39157 0.190496 2.45596
1.17772 0.271445 2.45986
1.55026 0.196933 2.59296
1.37333 0.15001 2.84999
1.05506 0.15001 0.866315
1.38319 0.151559 1.06297
1.27106 0.274018 1.21356
1.99788 0.152453 1.69304
1.26897 0.266241 1.81232
1.19871 0.381872 2.12868
1.54508 0.293134 2.20468
1.20705 0.416116 2.57847
1.39606 0.26901 2.74651
1.09475 0.326643 2.84999
1.12032 0.162613 0.295786
1.51387 0.19637 1.2995
1.10614 0.468396 1.35773
1.27328 0.458944 1.43483
1.27522 0.412189 1.75803
0.943188 0.490916 2.00121
1.37978 0.339661 2.31113
1.09314 0.407579 2.43862
1.4382 0.402989 2.46123
1.31625 0.406611 2.73585
1.29484 0.261121 0.361398
1.40361 0.153015 0.565479
1.51104 0.262857 1.10489
1.44829 0.514728 1.2228
1.88862 0.15001 1.86818
1.09368 0.484209 2.06289
1.60157 0.451958 2.21813
0.974218 0.524923 2.53942
1.84315 0.214786 2.69568
1.21421 0.462788 2.84999
1.10405 0.284444 0.959146
1.56469 0.358694 1.34304
1.04536 0.586882 1.5412
1.73742 0.386717 1.76187
1.70315 0.160902 1.71962
1.32608 0.558562 2.05982
1.75605 0.325419 2.08373
1.13324 0.574529 2.54601
1.68598 0.281794 2.74345
1.17974 0.62449 2.84999
1.16792 0.191885 0.700876
1.36164 0.216621 0.73736
1.48554 0.239704 0.893983
1.26381 0.476624 1.0293
1.87312 0.250545 1.60049
1.5737 0.527211 2.0417
1.4677 0.526805 2.3435
1.81059 0.371443 2.61929
1.68902 0.466632 2.72457
1.54189 0.342697 2.84999
1.01266 0.276677 0.545162
1.15563 0.619394 1.09142
1.13212 0.640663 1.34843
1.4132 0.553465 1.69613
1.24875 0.729566 1.86479
1.35811 0.735983 2.08814
1.30733 0.606258 2.23159
1.07748 0.74608 2.52262
1.40565 0.635627 2.82364
1.9598 0.330789 2.82414
1.97187 0.15001 -0.167251
2.07718 0.15001 0.382106
1.38027 0.15001 1.40041
2.1281 0.15001 1.53748
2.1462 0.15001 1.81215
1.30672 0.15001 2.07323
2.37014 0.15001 2.19111
2.04183 0.15001 2.43873
1.88669 0.15001 2.54768
2.63917 0.15001 2.84999
2.20147 0.15001 0.0957796
2.6335 0.15001 0.589674
2.74012 0.15001 0.91696
2.63217 0.15001 1.14771
2.76321 0.15001 1.72561
2.73569 0.15001 1.9731
2.84592 0.15001 1.86372
2.7009 0.15001 2.3667
2.84458 0.15001 2.50036
2.83292 0.15001 2.82614
1.49082 0.15001 -0.181662
2.0094 0.15001 1.15339
2.84999 0.15001 1.10405
2.76236 0.15001 1.45911
2.11836 0.15001 1.98206
2.01738 0.15001 2.16764
2.71886 0.15001 2.14755
2.84999 0.15001 2.22097
2.72539 0.15001 2.68855
2.20346 0.15001 2.84999
2.4149 0.15001 0.446077
2.53313 0.15001 0.788842
2.51059 0.15001 1.42259
2.34788 0.15001 1.63133
2.57569 0.222082 1.95382
2.41715 0.15001 2.0146
1.60113 0.15001 2.2576
2.45872 0.15001 2.36427
2.55854 0.15001 2.53798
2.47155 0.15001 2.69056
1.83179 0.15001 0.323351
2.42299 0.15001 1.18088
1.54274 0.15001 1.46178
2.83356 0.17765 1.27811
1.51324 0.15001 1.81167
1.47871 0.15001 1.98012
2.56354 0.15767 2.14037
2.33283 0.15001 2.54901
2.71681 0.229095 2.52981
1.49201 0.15001 2.7413
1.37332 0.151218 -0.00615188
2.52473 0.15001 0.99965
1.30877 0.308104 1.37478
2.42503 0.15001 1.82933
1.41833 0.301044 1.87636
1.28367 0.293631 1.97913
1.60793 0.19965 2.07434
1.27334 0.38604 2.43021
2.43119 0.289449 2.55945
2.45446 0.208273 2.84999
1.61505 0.15001 0.418351
2.31317 0.15001 0.644282
2.23402 0.150352 1.25178
1.46013 0.306117 1.48199
2.55707 0.163843 1.66735
2.27833 0.232377 1.91825
2.16778 0.153836 2.27207
1.51956 0.270866 2.39131
2.24569 0.209197 2.41276
2.03426 0.175027 2.84999
1.88961 0.150916 0.58754
1.82365 0.15001 1.34791
2.29041 0.172453 1.44402
1.39433 0.407682 1.62066
2.22209 0.20996 2.10819
1.41799 0.372257 2.04335
1.83399 0.196252 2.21786
2.57917 0.282119 2.41662
2.11346 0.224022 2.58347
2.25997 0.203744 2.69592
1.43214 0.151283 0.325703
1.644 0.247034 0.609153
2.17381 0.15001 1.01729
1.99559 0.245868 1.45289
2.16777 0.26483 1.68944
1.3833 0.454658 2.18663
2.38508 0.300687 2.29159
1.30679 0.531907 2.5128
1.85241 0.294734 2.47092
1.63549 0.15001 2.84999
1.7811 0.160721 0.885295
1.85588 0.252344 1.09803
1.94043 0.256071 1.26911
1.6393 0.471332 1.45711
1.96976 0.307144 1.80023
1.70505 0.167481 1.91623
1.9681 0.249224 2.01595
1.99953 0.281718 2.33548
1.71561 0.291158 2.35103
2.27377 0.299947 2.84999
