1000 0.1
-2.84911 0.15001 -2.66331
-1.42786 0.15001 -1.7975
-2.14031 0.15001 -1.62739
-2.3774 0.15001 -2.37979
-2.28182 0.15001 -2.22525
-1.40436 0.15001 -0.830944
-2.61284 0.15001 1.28333
-2.67241 0.15001 0.50523
-2.22735 0.15001 1.14597
-2.11428 0.15001 1.66313
-2.24786 0.15001 -2.84999
-2.68204 0.15001 -2.59969
-2.50058 0.15001 -2.51585
-2.62854 0.15001 -2.07258
-2.8481 0.15001 0.184566
-2.79021 0.15001 1.34828
-2.84455 0.15001 0.811608
-2.57601 0.15001 1.46587
-2.84535 0.15001 1.54446
-0.848582 0.15001 2.84999
-2.51678 0.15001 -2.84999
-1.62056 0.15001 -2.0867
-2.09209 0.15001 -2.26655
-2.4886 0.15001 -1.55524
-2.71183 0.15001 -2.42861
-2.6928 0.15001 -2.23712
-0.801624 0.318725 2.18172
-2.44191 0.15001 0.397143
-2.4306 0.15001 1.76415
-2.84654 0.15001 2.74442
-2.17141 0.15001 -2.66806
-1.78035 0.15001 -2.18273
-2.84504 0.15001 -2.12975
-2.71049 0.15001 -0.5418
-2.81095 0.15001 -1.33906
-2.77103 0.15001 -0.985775
-2.74754 0.15001 -0.239296
-2.83369 0.15001 -0.0682546
-2.8403 0.15001 1.93545
-1.87907 0.15001 2.83029
-1.0885 0.15001 -1.81348
-2.69112 0.15001 -2.77477
-1.26628 0.15001 -2.08879
-2.84999 0.15001 -2.31363
-2.07323 0.15001 -1.7934
-2.60694 0.15001 -1.8934
-2.63893 0.15001 -0.752193
-0.769331 0.491712 2.31142
-2.09935 0.15001 0.856535
-2.57597 0.15001 2.51772
-2.31712 0.15001 -2.5528
-2.53289 0.15001 -2.68385
-1.95974 0.15001 -2.13922
-2.78196 0.15001 -1.96157
-2.75395 0.15001 -1.78024
-2.73434 0.15001 -1.16387
-2.83316 0.15001 -1.53941
-2.84106 0.15001 0.411575
-2.22378 0.15001 1.95189
-2.54789 0.15001 2.79621
-2.07335 0.15001 -2.83105
-2.20167 0.15001 -2.40962
-2.05349 0.15001 -1.46288
-2.58749 0.15001 -1.26373
-2.46455 0.15001 -2.18234
-2.64376 0.15001 -1.43723
-2.4804 0.15001 -0.864069
-2.53415 0.15001 -0.477592
-2.35549 0.15001 1.44292
-2.1731 0.15001 2.80692
-2.84999 0.15001 -2.84999
-0.899706 0.15001 -1.5557
-1.41747 0.15001 -1.98167
-2.55103 0.15001 -2.34243
-2.52498 0.15001 -1.7322
-2.07564 0.15001 -0.945097
-2.0358 0.15001 -1.13208
-2.73614 0.15001 0.97242
-1.83015 0.15001 0.3549
-2.51078 0.15001 2.08849
-1.25262 0.15001 -1.70602
-1.82935 0.15001 -2.00094
-2.18558 0.15001 -1.31788
-2.32984 0.15001 -1.66291
-2.38265 0.15001 -1.8389
-2.45117 0.15001 -0.664791
-2.33253 0.15001 -0.465195
-2.5214 0.15001 0.0173824
-2.58365 0.15001 0.749108
-2.71018 0.15001 1.70974
-1.44001 0.15001 -2.16419
-1.06037 0.15001 -1.64219
-2.21553 0.15001 -1.91415
-2.01272 0.15001 -1.96358
-1.5687 0.15001 -1.46919
-2.29049 0.15001 -0.954192
-1.85642 0.15001 -1.01938
-1.88691 0.15001 -0.825424
-1.97903 0.15001 -0.650958
-2.06535 0.15001 0.48599
-1.98526 0.15001 -2.67196
-0.493656 0.15001 1.01998
-0.409652 0.262605 1.28087
-0.393694 0.249431 1.48643
-0.48612 0.218184 1.65766
-0.391065 0.226318 1.82443
-1.49908 0.15001 1.28236
-0.521913 0.225094 2.336
-0.682331 0.26022 2.44428
-0.632469 0.182557 2.6735
-1.87477 0.15001 -2.5002
-0.526534 0.349395 1.03421
-0.588583 0.26312 1.19544
-0.57596 0.222666 1.40381
-0.668494 0.242257 1.5891
-2.66661 0.15001 -1.61966
-0.62522 0.250788 2.17361
-0.79886 0.15001 2.01723
-0.782102 0.31576 2.62035
-0.546158 0.15001 2.84999
-1.36335 0.15001 -2.52459
-0.273182 0.42076 1.18412
-0.498164 0.419292 1.39243
-0.527216 0.406183 1.58381
-0.461559 0.405925 1.76772
-0.597509 0.240691 1.82437
-0.594699 0.15001 1.99636
-0.389667 0.364128 2.27213
-0.594669 0.363127 2.59385
-0.454043 0.430457 2.69788
-1.8959 0.15001 -2.84165
-0.348147 0.406919 0.988719
-0.472406 0.455541 1.19109
-0.56331 0.5956 1.51476
-0.665523 0.40687 1.73087
-0.656655 0.420201 2.07273
-0.59037 0.42518 2.26749
-0.49632 0.398852 2.43288
-2.29908 0.15001 2.31745
-0.68811 0.294672 2.85
-1.71894 0.15001 -2.84461
-1.2553 0.15001 -1.89291
-0.459072 0.612148 1.33932
-0.411995 0.71583 1.6255
-0.547721 0.58023 1.71231
-0.421508 0.381361 1.95763
-0.470159 0.484874 2.12789
-0.434296 0.556747 2.33223
-0.474012 0.555101 2.54948
-1.91836 0.15001 1.97802
-1.80629 0.15001 -2.67382
-0.335835 0.589707 1.07732
-2.15537 0.15001 -2.08946
-2.45482 0.15001 -2.00219
-0.583861 0.494515 1.89913
-0.533945 0.64109 2.02679
-0.564358 0.64292 2.21656
-0.604835 0.607703 2.40379
-0.720141 0.490547 2.50744
-2.04701 0.15001 2.56275
-1.37359 0.15001 -2.34021
-1.60298 0.15001 -2.26964
-0.331672 0.718331 1.22882
-0.511308 0.790153 1.46255
-0.416509 0.862503 1.76563
-0.372387 0.766161 2.02308
-0.500221 0.828672 2.16726
-0.431737 0.766508 2.34925
-0.666747 0.539415 2.68848
-2.38401 0.15001 0.809253
-2.36638 0.15001 -2.72542
-1.69678 0.15001 -2.50262
-0.673022 0.42947 1.29774
-2.2425 0.15001 -1.13733
-0.463576 0.925305 1.9469
-2.42286 0.15001 -1.19122
-2.43092 0.15001 -0.262526
-2.17037 0.15001 0.264987
-0.585965 0.773699 2.50289
-0.529094 0.629936 2.7787
-1.44725 0.15001 -2.6873
-0.272439 0.15001 -0.349424
-1.86262 0.15001 -1.45062
-1.55986 0.15001 -1.66596
-1.55636 0.15001 -1.16942
-2.26223 0.15001 -1.48673
-1.35585 0.15001 -1.27844
-1.58938 0.15001 -0.0418877
-2.13263 0.15001 -0.265153
-1.57557 0.15001 2.84671
-1.6271 0.15001 -2.67569
-0.884415 0.15001 -0.792876
-1.58395 0.15001 -1.90728
-1.7094 0.15001 -1.31095
-0.651012 0.15001 -0.328947
-2.43798 0.15001 -1.38039
-2.14811 0.15001 -0.760278
-1.97529 0.15001 -0.124164
-1.91977 0.15001 1.19982
-2.36169 0.15001 2.6572
-0.586145 0.15001 -1.22664
-0.422705 0.15001 -1.10867
-0.241413 0.221646 1.17026
-0.197533 0.286549 1.52364
-0.296217 0.163286 1.64102
-0.198114 0.174957 1.8028
-0.266999 0.215693 2.1452
-0.334716 0.17795 2.32724
-0.319154 0.168056 2.51787
-0.349742 0.15001 2.84999
-1.18534 0.15001 -2.84786
-0.908018 0.15001 -1.76892
-0.254183 0.175424 1.36442
-0.328969 0.398246 1.61164
-0.269848 0.379401 1.79611
-0.381682 0.15001 2.00041
-0.458105 0.15001 2.17316
-0.507836 0.191104 2.52098
-0.439436 0.223861 2.69479
-0.157391 0.15001 2.84999
-1.54207 0.15001 -2.84977
-0.227552 0.253737 0.965754
-0.119462 0.360272 1.31906
-0.172366 0.478771 1.49758
-0.159953 0.503885 1.68586
-0.249097 0.264358 1.95797
-0.300283 0.40176 2.10544
-0.189836 0.373408 2.25746
-0.153288 0.336793 2.58903
-0.288819 0.323514 2.71772
-1.52911 0.15001 -2.43667
-0.146298 0.432351 1.02447
-0.304277 0.402617 1.37983
-0.359183 0.558555 1.50595
-0.34252 0.568051 1.73817
-0.332322 0.571284 2.00678
-0.182481 0.560058 2.21715
-0.299953 0.460523 2.41956
-0.35993 0.354365 2.55623
-0.111348 0.311477 2.84999
-1.01863 0.15001 -2.16331
-0.149488 0.403363 0.827426
-0.105101 0.523908 1.19607
-0.217407 0.587878 1.34139
-0.103563 0.676345 1.76125
-0.199544 0.543815 1.86939
-0.356759 0.657016 2.18812
-0.266132 0.641358 2.36719
-0.203823 0.590975 2.53898
-0.401457 0.527709 2.84999
-1.20829 0.15001 -2.26656
-0.148193 0.644841 1.00486
-0.319421 0.737013 1.42741
-0.217849 0.672818 1.59326
-0.469133 0.688317 1.85324
-0.197031 0.706974 2.09153
-0.153606 0.748318 2.2722
-0.344109 0.717296 2.51573
-0.331933 0.592723 2.68434
-0.241519 0.660316 2.84999
-1.17347 0.15001 -2.50877
-2.05224 0.15001 -2.50393
-0.138498 0.726023 1.18758
-0.0934334 0.701213 1.42867
-0.232573 0.83893 1.71313
-0.283075 0.716963 1.85155
-0.311295 0.857486 2.21338
-0.261224 0.855544 2.4031
-0.169403 0.778674 2.56315
-1.41841 0.15001 2.73228
-1.10044 0.15001 -1.99784
-0.696774 0.15001 -2.00054
-0.233627 0.880788 1.30118
-0.396204 0.918346 1.57329
-0.195932 0.999425 1.8422
-0.278139 0.943052 2.02637
-0.152656 1.00625 2.30946
-0.475081 0.712035 2.63641
-0.286747 0.791627 2.71009
-1.23225 0.15001 2.8422
-0.732522 0.15001 -1.08243
-1.90844 0.15001 -2.31982
-1.88388 0.15001 -1.81982
-0.219287 0.86658 1.52904
-0.243494 1.04438 1.65476
-1.62772 0.15001 -0.947787
-1.58858 0.15001 0.643645
-0.266217 0.962555 2.59499
-1.81052 0.15001 1.75086
-1.91924 0.15001 2.32637
-1.25734 0.15001 -2.67837
-0.866344 0.15001 -1.23797
-1.74903 0.15001 -1.59921
-1.3987 0.15001 -1.55515
-1.22067 0.15001 0.570556
-2.08887 0.15001 1.4482
-1.58042 0.15001 1.11103
-1.7695 0.15001 0.682141
-1.4501 0.15001 0.0884669
-1.57304 0.15001 2.46529
-0.916831 0.15001 -1.96105
0.126004 0.170677 1.04443
-0.0162876 0.177834 1.25464
-0.0754049 0.173188 1.64134
-0.0106878 0.175756 1.83052
0.069444 0.167727 2.03298
-0.0815629 0.272209 2.12858
-0.152377 0.15001 2.27953
-0.128139 0.15001 2.52971
-0.043488 0.169773 2.69589
-1.00633 0.15001 -2.84999
-0.00489137 0.275796 0.898153
-0.0724063 0.205768 1.07064
-0.0789136 0.160009 1.43695
0.119066 0.205933 1.689
-0.113761 0.15001 1.98902
0.0280017 0.15001 2.22475
-0.203474 0.286427 2.41828
-0.23946 0.15344 2.68586
0.256368 0.170691 2.84999
-0.598309 0.15001 -1.45193
0.0404828 0.375416 1.07234
0.063585 0.317394 1.37401
-0.0244527 0.359676 1.57075
-0.0853734 0.342685 1.75767
-0.03571 0.34113 1.9503
-0.0335379 0.444752 2.17798
0.0713327 0.368469 2.31614
0.0299021 0.360256 2.50125
0.00570419 0.366095 2.68714
-1.06529 0.15001 -2.66005
0.0589249 0.476439 0.89529
0.0777881 0.464632 1.23729
-0.000801597 0.501174 1.41025
0.0826953 0.490684 1.67121
-0.0602916 0.633347 1.97613
0.135209 0.522497 2.19819
-0.116234 0.457973 2.42815
-0.167394 0.490751 2.69039
0.0544171 0.176718 2.84999
-0.829001 0.15001 -2.13665
0.035548 0.603727 1.08305
0.223044 0.504225 1.3588
-0.0368006 0.598839 1.57398
-0.0114357 0.515777 1.83507
0.0642548 0.48954 2.01985
-0.146602 0.478785 2.03632
0.00652878 0.546685 2.32863
-0.0208087 0.528404 2.57629
0.0850225 0.360192 2.84999
-1.36318 0.15001 -2.84999
0.130791 0.677204 0.909246
0.0224464 0.653258 1.28327
0.117365 0.65085 1.46323
0.0890343 0.682437 1.69121
0.0511986 0.738291 1.86882
-0.0131076 0.643921 2.16248
-0.0766685 0.676773 2.4256
-0.118118 0.66965 2.69596
0.211122 0.489781 2.84999
-0.71439 0.15001 -1.60545
0.0856644 0.7968 1.10018
0.166289 0.792856 1.30982
-0.0486277 0.793882 1.60554
-0.0639612 0.862446 1.78673
0.0183084 0.793781 2.04558
0.0137007 0.814542 2.24512
0.127319 0.684634 2.30884
0.0225152 0.710886 2.57525
-0.170303 0.857403 2.84999
-0.894925 0.15001 -2.30534
-0.352353 0.15001 -2.1377
-0.00712335 0.856164 1.25056
0.0924022 0.843571 1.48159
0.191672 0.956096 1.59899
-0.144912 0.79802 1.93818
0.178866 0.800871 2.16256
0.0611695 0.810523 2.43135
-0.066936 0.919173 2.69293
-0.260964 0.41847 2.84999
-0.059877 0.15001 -0.465807
0.306039 0.15001 -0.377554
-1.70658 0.15001 -1.77549
-0.076662 0.877966 1.41688
-0.0597521 0.996676 1.58541
0.0815218 0.948201 1.91581
-0.132798 0.891689 2.15503
0.210138 0.877413 2.34484
0.0891072 1.01116 2.60681
-1.42522 0.15001 1.83362
-0.783632 0.15001 -1.41185
-0.760059 0.15001 -2.41605
-0.074801 0.15001 -1.59732
-1.97617 0.15001 -1.29689
0.0637856 0.966353 1.72487
-0.0818713 0.955439 1.99362
0.0720356 0.947745 2.12814
-0.0904282 0.898648 2.45968
-1.07209 0.15001 2.0067
-0.960292 0.15001 2.17079
-0.0333605 0.15001 -1.07179
0.330148 0.226271 1.14431
0.235604 0.159257 1.37001
0.271828 0.188636 1.56079
0.170379 0.159883 1.86915
0.270766 0.15001 2.02549
0.206723 0.163143 2.19746
0.163723 0.172826 2.37799
0.245119 0.201374 2.54605
0.353289 0.150243 2.68832
-1.05956 0.15001 -2.36927
0.177304 0.212407 0.828226
0.157828 0.261305 1.21782
0.0927312 0.177891 1.50536
0.306039 0.15699 1.74347
0.175433 0.327029 1.96836
0.383312 0.150183 2.22867
-0.0224304 0.222916 2.39004
0.0628675 0.151149 2.5395
0.440825 0.207529 2.84999
-0.923825 0.15001 -2.49601
0.214782 0.341112 0.983259
0.334579 0.326978 1.33054
0.33439 0.369147 1.51556
0.097764 0.357841 1.80524
0.253079 0.453956 2.07909
0.112889 0.3245 2.14107
0.264853 0.348697 2.25676
0.359869 0.349459 2.54491
0.155217 0.150008 2.69893
-0.892822 0.15001 -2.70985
-0.236664 0.15001 -2.5182
0.260591 0.424985 1.17854
0.149405 0.414917 1.51125
0.235796 0.365209 1.67632
0.16011 0.587243 1.8825
0.403126 0.466632 2.19053
0.213635 0.361149 2.43396
0.170937 0.43175 2.59693
0.364405 0.401634 2.84999
0.261672 0.479345 0.834534
0.213369 0.538293 1.02875
0.414815 0.515022 1.3851
0.277622 0.562541 1.53384
0.250209 0.573296 1.71741
0.31919 0.599135 1.98878
0.152513 0.652764 2.05808
0.24924 0.528119 2.3412
0.335704 0.546818 2.50698
0.236171 0.326089 2.73591
-0.405844 0.15001 -1.80653
0.368665 0.625752 0.935547
0.200243 0.628698 1.21134
0.305498 0.708303 1.41369
0.393517 0.679915 1.65569
0.20169 0.813734 1.96108
0.282016 0.649448 2.20008
0.13052 0.583123 2.47511
0.123201 0.584688 2.68551
0.346636 0.600396 2.84999
-0.584281 0.15001 -1.74518
0.264293 0.743642 1.05801
0.445819 0.722031 1.28569
0.231101 0.75912 1.58661
0.179813 0.833817 1.76911
0.312888 0.712327 1.8335
0.343745 0.779183 2.07458
0.284055 0.713448 2.4007
0.417704 0.73326 2.5238
0.200121 0.711849 2.84999
-0.758466 0.15001 -2.59601
-0.293113 0.15001 -1.96129
0.32089 0.867409 1.21453
0.262612 0.922409 1.42532
0.347198 0.866556 1.69598
0.223211 1.03038 2.02542
0.38054 0.808708 2.25961
0.201402 0.868432 2.53839
0.240205 0.682914 2.58642
-0.0926878 0.480738 2.84999
-0.417472 0.15001 -2.6558
-0.451422 0.15001 -1.57649
0.441312 0.954474 1.35017
0.357842 1.0471 1.58523
0.232212 1.03049 1.82773
0.417377 0.999331 2.08145
0.281076 0.944095 2.18874
0.265076 1.04984 2.42522
0.073061 0.760033 2.73655
-1.03672 0.15001 2.76118
-0.258627 0.15001 -1.47356
1.31765 0.15001 -2.04477
-1.95368 0.15001 -1.63353
-0.155166 0.15001 -1.82608
1.18722 0.15001 -1.08197
0.704681 0.823636 2.09917
0.383719 0.905223 2.54949
0.043041 0.968659 2.33711
-0.518276 0.354535 2.84999
-0.0532963 0.696875 2.84999
-0.743768 0.15001 -2.84858
0.115708 0.15001 -0.340158
0.506582 0.218744 1.06907
0.423936 0.172641 1.44101
0.479991 0.15363 1.81869
0.472978 0.165785 2.00995
0.359799 0.296486 2.10363
0.523978 0.153822 2.36034
0.469243 0.180077 2.53433
0.542024 0.15001 2.69734
-0.589925 0.15001 -2.47134
0.547534 0.247918 0.882095
0.490891 0.221979 1.26748
0.448702 0.216392 1.6301
0.551373 0.35406 1.8658
0.346771 0.270396 1.89886
0.55386 0.180999 2.18237
0.350723 0.227446 2.39394
0.642221 0.437194 2.70308
0.633633 0.182744 2.84999
-0.597687 0.15001 -2.6725
-0.0714389 0.15001 -2.64104
0.45357 0.430193 1.21472
0.516065 0.361578 1.47212
0.411651 0.364352 1.74289
0.412485 0.433102 1.97621
0.53823 0.354692 2.08984
0.536046 0.34337 2.27765
0.548495 0.346312 2.4618
0.445557 0.325231 2.70259
0.55534 0.312045 0.700055
0.354118 0.201525 0.940432
0.615835 0.407094 1.31566
0.440657 0.499702 1.61161
0.586766 0.384949 1.6638
0.274696 0.443116 1.85101
0.582949 0.521067 2.21039
0.402408 0.427619 2.37746
0.494353 0.468561 2.58962
0.554544 0.361628 2.84999
-0.542933 0.15001 -2.84999
0.395855 0.416913 1.02743
0.594745 0.601382 1.3461
0.614745 0.518109 1.52176
0.447239 0.55107 1.82151
0.57426 0.519794 1.99484
0.458161 0.638087 2.12969
0.6595 0.534198 2.37827
0.518526 0.597111 2.46844
0.485118 0.508836 2.76427
0.466336 0.433733 0.840775
0.550435 0.558764 0.980407
0.376076 0.595283 1.14193
0.481098 0.659591 1.49007
0.579322 0.612382 1.69144
0.635914 0.647193 1.87031
0.638723 0.665937 2.07724
0.424466 0.614537 2.31528
0.310525 0.508334 2.68884
0.661595 0.533478 2.84999
-0.676452 0.15001 -2.23911
-0.405729 0.15001 -2.44763
0.566313 0.630267 1.15916
0.580638 0.783644 1.5946
0.491268 0.775976 1.78273
0.46902 0.692372 1.95289
0.580522 0.713139 2.26477
0.649083 0.727342 2.45614
0.594738 0.63192 2.63998
0.517555 0.657491 2.84999
-0.740466 0.15001 -1.82202
0.456537 0.779838 1.08002
0.57602 0.816033 1.40455
0.414773 0.846082 1.52032
0.736388 1.0016 1.65178
0.379367 0.873485 1.92077
0.517714 0.831967 2.12085
0.502182 0.842313 2.39351
0.410757 0.667604 2.69005
0.684246 0.713135 2.84999
-0.49748 0.15001 -2.01698
0.385294 0.15001 -2.14553
0.587637 0.851438 1.21133
0.55966 0.998355 1.50781
0.561857 0.944083 1.69564
0.600645 0.81171 1.93799
0.538685 0.97796 2.25722
0.624646 1.008 2.4611
0.544007 0.78879 2.73605
0.385304 0.77924 2.84999
-0.258977 0.15001 -2.29518
-0.38215 0.15001 -1.297
-0.257589 0.15001 -1.67403
-0.605085 0.15001 -0.907328
0.423509 0.997404 1.80006
0.549928 0.978751 1.95068
0.828893 0.791213 2.22371
0.269883 0.803714 2.71174
0.0579371 0.559527 2.84999
1.25281 0.690279 2.84999
0.0744352 0.15001 -2.84999
0.661917 0.190143 1.17392
0.665035 0.158715 1.35492
0.60123 0.198575 1.51999
0.625947 0.19211 1.7002
0.659411 0.193793 1.87555
0.824399 0.178522 2.14776
0.705968 0.165553 2.29328
0.650309 0.288526 2.60369
0.729986 0.15001 2.69831
0.331135 0.15001 -2.66517
-0.123504 0.15001 -2.84999
0.850456 0.19785 1.1383
0.971383 0.15001 1.28347
0.953835 0.316778 1.74023
0.670396 0.174392 2.05098
0.975561 0.15001 2.24524
0.666075 0.150891 2.47968
0.926384 0.227129 2.69637
0.832028 0.160039 2.84999
0.742051 0.217028 0.804236
0.711279 0.234985 0.996846
0.780809 0.315158 1.2854
0.844795 0.18721 1.42161
0.779435 0.169315 1.59406
0.821177 0.162039 1.77756
0.702558 0.335985 2.18243
0.867489 0.205822 2.38514
0.835942 0.15001 2.55365
0.74113 0.339321 2.84999
-0.353248 0.15001 -2.84999
0.123257 0.15001 -2.652
0.806159 0.394392 1.08781
0.727791 0.354396 1.51122
0.767899 0.342537 1.70374
0.694011 0.368268 1.98851
0.874468 0.343706 2.26031
0.718614 0.350725 2.37654
0.870897 0.360116 2.49975
0.823682 0.389159 2.68187
-0.473099 0.15001 -2.27647
0.611393 0.393887 1.11137
0.7683 0.510127 1.3954
0.758929 0.561303 1.64291
0.686481 0.480545 1.80877
0.842243 0.388799 1.87946
0.744577 0.513656 2.11666
0.852946 0.509969 2.3756
0.713426 0.467235 2.53844
0.852196 0.486963 2.84999
0.288039 0.15001 -2.84999
0.68382 0.421533 0.9269
0.733848 0.543234 1.20372
0.705512 0.687067 1.48636
0.812371 0.675668 1.78766
0.795022 0.573841 1.94752
0.759904 0.630863 2.26317
0.797461 0.639992 2.52326
0.768876 0.582577 2.69828
0.959258 0.58185 2.70734
-0.245133 0.15001 -2.70369
0.870253 0.523144 0.936599
0.732528 0.738815 1.29843
0.805934 0.787843 1.6207
0.67391 0.790726 1.75169
0.964743 0.738001 1.92653
0.890339 0.678871 2.09234
0.840244 0.780507 2.40788
0.906855 0.758473 2.64647
0.852209 0.661722 2.84999
1.34931 0.15001 -2.64029
0.697635 0.460501 0.732559
0.726497 0.732407 1.09646
0.741141 0.903678 1.47328
0.889693 0.903652 1.78935
0.785286 0.774069 1.94607
0.682827 0.860582 2.33334
0.770018 0.895241 2.54234
0.570724 0.859016 2.57015
0.721706 0.773934 2.6758
0.306848 0.15001 -2.33259
-0.0675558 0.15001 -2.24082
0.761199 0.941058 1.27193
0.922756 0.982929 1.59417
0.716694 0.927921 1.85688
0.829765 0.997966 1.98881
0.913753 0.942387 2.15039
0.823874 1.00524 2.39113
0.882596 0.96564 2.69326
1.80834 0.154507 2.84997
0.492619 0.15001 -2.35257
-0.143291 0.15001 -1.27239
-0.287038 0.15001 -0.964355
1.70447 0.15001 1.84609
0.852199 0.15001 -1.60533
2.09687 0.15001 1.49283
0.734202 0.970393 2.19845
2.3345 0.15001 2.05865
2.38986 0.15001 2.28759
0.837532 0.837138 2.84701
0.463217 0.15001 -2.84999
-0.101496 0.15001 -2.02491
1.04593 0.221354 1.12138
1.04013 0.205046 1.45967
0.968459 0.155676 1.63687
0.99169 0.152116 1.8679
0.998886 0.179865 2.05806
1.14533 0.21326 2.18978
1.02066 0.159709 2.54414
1.02131 0.152669 2.84999
0.66208 0.15001 -2.84999
0.26217 0.15001 -1.51276
1.22299 0.291392 1.4584
1.16253 0.186378 1.61587
1.13061 0.258257 1.79301
0.833166 0.214128 1.96061
1.15371 0.286047 2.00093
1.19509 0.252393 2.52376
1.20986 0.150997 2.84999
1.60897 0.15001 2.84999
0.241484 0.15001 -2.50406
0.913357 0.249096 0.957115
0.910198 0.457643 1.24809
0.908855 0.373892 1.42557
0.903265 0.445274 1.60058
1.03292 0.39478 1.89928
1.04235 0.373267 2.13351
1.20511 0.313366 2.34291
1.10486 0.151841 2.3782
2.00475 0.15001 2.5294
-0.0805622 0.15001 -2.42016
1.06526 0.374432 0.892188
1.07752 0.373682 1.32959
1.0766 0.393585 1.53563
1.09313 0.45323 1.72218
0.865935 0.371903 2.07017
1.21626 0.443219 2.19919
1.06131 0.382104 2.50241
1.01545 0.400216 2.68607
0.942727 0.330058 2.84999
1.95274 0.15001 -2.84999
1.00272 0.413069 1.07917
1.07178 0.568656 1.21673
0.885225 0.624609 1.50631
0.918745 0.523874 1.77408
1.15452 0.493831 2.01967
0.920379 0.518741 2.1968
1.03887 0.413349 2.31905
0.960151 0.543341 2.52516
1.13889 0.332575 2.84909
0.879847 0.372691 0.796724
1.08457 0.589121 1.01452
1.04962 0.558351 1.4191
1.04146 0.603798 1.61514
1.07712 0.599084 1.85404
0.970399 0.533699 2.00841
1.0965 0.602158 2.17661
1.08213 0.588546 2.37186
1.14241 0.607992 2.5467
1.06565 0.504712 2.84999
0.0379443 0.15001 -1.78878
0.967675 0.15001 -2.60657
0.904181 0.643161 1.31092
0.980332 0.796365 1.54693
0.981478 0.74091 1.73387
1.13444 0.700835 2.01093
0.959339 0.68783 2.28514
1.0104 0.737866 2.48194
1.14415 0.653209 2.71733
2.17178 0.15001 2.25634
0.451068 0.15001 -2.52945
0.898197 0.620073 1.11049
1.10104 0.758404 1.39828
1.15196 0.803533 1.64052
1.10936 0.843759 1.84037
1.01775 0.931404 1.98873
1.04351 0.802082 2.14863
1.14234 0.776238 2.33023
1.1965 0.804062 2.52092
1.0277 0.692673 2.84999
0.105131 0.15001 -2.37443
0.778192 0.15001 -2.34949
0.982291 0.79248 1.19187
0.901622 0.8355 1.37284
1.94068 0.15001 1.11586
1.31557 0.15001 -0.944976
0.98307 0.894282 2.32423
0.974323 0.935519 2.51573
1.07428 0.855064 2.66835
2.01114 0.15001 2.84999
0.207357 0.15001 -1.70441
0.107509 0.15001 -0.903689
0.541825 0.15001 -2.00671
1.13817 0.15001 -1.51488
0.547963 0.15001 -0.855284
1.94382 0.15001 1.83858
2.21899 0.15001 1.83377
1.76237 0.15001 0.359675
2.29785 0.15001 0.849569
1.41235 0.15001 2.85
2.08775 0.15001 -2.53616
1.15997 0.15001 -1.93064
1.16271 0.19021 1.29512
1.94259 0.15001 -1.91029
1.62526 0.15001 -1.26286
2.07436 0.15001 1.67452
1.44181 0.306785 2.14996
2.39566 0.15001 0.571375
1.12288 0.219897 2.69381
2.57989 0.15001 1.49549
0.80194 0.15001 -2.71242
2.84999 0.15001 -2.54966
1.31649 0.222273 1.17421
2.64143 0.15001 -1.86069
1.50766 0.280687 1.69771
1.46252 0.202139 1.96742
1.51342 0.262595 2.32472
1.32723 0.17024 2.27355
2.44759 0.15001 2.50744
2.31922 0.15001 2.84999
1.78894 0.15001 -2.73633
1.19587 0.225726 1.00099
1.36467 0.194779 1.36502
1.35736 0.176823 1.56115
1.31681 0.250954 1.73606
1.26852 0.161646 1.89911
1.30191 0.179366 2.08507
1.36495 0.203675 2.45749
1.31224 0.154661 2.64826
1.51174 0.235703 2.68401
0.550411 0.15001 -2.68853
1.9047 0.15001 -2.39916
1.52238 0.268093 1.26565
1.5264 0.268277 1.48916
2.14369 0.15001 -1.98707
1.32072 0.396452 2.03031
1.61462 0.212421 2.10774
1.37203 0.412031 2.31896
1.55465 0.188695 2.50089
2.51737 0.15001 2.84999
0.0873109 0.15001 -1.28816
1.18539 0.390965 1.16639
1.23317 0.481792 1.41389
1.25471 0.406858 1.62838
1.2334 0.412109 1.85085
1.42691 0.375471 1.86052
1.44793 0.511017 2.16757
1.22361 0.479312 2.43593
1.19634 0.437775 2.64061
1.484 0.503808 2.68065
1.15321 0.15001 -2.84999
1.13369 0.15001 -2.12745
1.36005 0.41739 1.27301
1.41512 0.438973 1.51851
1.38884 0.52513 1.72767
1.45274 0.558316 1.97078
1.26762 0.616372 2.29741
1.53378 0.455676 2.42945
1.37197 0.395143 2.51754
2.16687 0.15001 2.7086
0.963828 0.15001 -2.84934
1.23975 0.445211 0.980129
1.23878 0.648491 1.29163
1.21367 0.642419 1.52532
1.215 0.62909 1.7198
1.27291 0.598735 1.90278
1.29149 0.615257 2.10151
1.34461 0.642934 2.4802
1.35263 0.344671 2.70099
2.23468 0.15001 2.49578
1.26404 0.293885 0.826139
0.61561 0.15001 -2.21565
1.39014 0.624712 1.43089
1.57332 0.15001 -2.13722
0.72052 0.15001 -1.90526
1.60937 0.15001 0.0466006
1.34755 0.15001 -0.739809
2.43909 0.15001 1.36788
1.3172 0.596856 2.67099
1.28085 0.815618 2.70201
1.15294 0.15001 -2.6734
0.673589 0.15001 -2.53413
0.942351 0.15001 -2.21458
0.541683 0.15001 -1.42766
0.359163 0.15001 -1.9345
1.28612 0.798305 1.92129
1.24207 0.804308 2.15706
2.25203 0.15001 0.295342
2.07196 0.15001 2.04182
2.68111 0.15001 2.49944
0.164288 0.15001 -2.20248
1.17135 0.15001 -2.31192
0.547423 0.15001 -1.67347
1.56538 0.15001 0.24036
1.36457 0.15001 -1.17379
1.35033 0.15001 -1.60164
2.14399 0.15001 0.129356
1.87269 0.15001 2.15873
2.24383 0.15001 1.37384
1.81411 0.15001 2.38617
2.47387 0.15001 -2.84999
2.56228 0.15001 -2.46822
1.56614 0.15001 -2.32318
2.41252 0.15001 -2.33685
2.24165 0.15001 -2.17227
1.77479 0.15001 -1.5273
1.95587 0.15001 -1.41877
2.41766 0.15001 -0.488737
2.84914 0.15001 0.000478785
2.84999 0.15001 0.329433
1.35453 0.15001 -2.84672
2.44434 0.15001 -2.1375
1.90028 0.15001 -2.588
2.84934 0.15001 -1.56211
2.59001 0.15001 -1.46733
2.40422 0.15001 -1.37128
2.84708 0.15001 -0.697459
2.61591 0.15001 -0.138058
2.83814 0.15001 2.04968
2.64453 0.15001 1.70239
1.63698 0.15001 -2.84999
2.83641 0.15001 -1.97582
2.84402 0.15001 -1.7747
2.64015 0.15001 -2.07904
2.45914 0.15001 -1.79493
1.87659 0.15001 -1.06439
2.79408 0.15001 -1.08925
2.84438 0.15001 -0.431818
2.58439 0.15001 -0.338094
2.8499 0.15001 2.61063
2.84999 0.15001 -2.84056
2.84999 0.15001 -2.16432
1.16141 0.15001 -2.49577
2.62242 0.15001 -2.2747
2.35796 0.15001 -1.94735
2.42085 0.15001 -1.61034
2.58089 0.15001 -0.862725
2.61036 0.15001 0.423376
2.8499 0.15001 1.0592
2.60183 0.15001 1.26685
2.65927 0.15001 -2.84999
1.39023 0.296449 1.00373
1.50229 0.15001 -2.49547
1.69336 0.15001 -1.93732
2.22702 0.15001 -1.79819
1.57533 0.390454 1.99737
2.62716 0.15001 -0.54358
2.81326 0.15001 -0.253451
2.27303 0.15001 -0.00473811
2.81133 0.15001 2.84999
2.84999 0.15001 -2.34946
2.1206 0.15001 -2.73103
2.28472 0.15001 -2.5319
0.963521 0.15001 -2.02827
2.61315 0.15001 -1.19751
2.84915 0.15001 -0.889717
2.25504 0.15001 -0.639995
1.84702 0.15001 0.920504
2.83066 0.15001 0.679569
2.65168 0.15001 2.71746
2.29001 0.15001 -2.84999
2.46263 0.15001 -2.65517
2.6262 0.15001 -1.65672
2.11025 0.15001 -2.34143
2.81631 0.15001 -1.33182
1.27186 0.15001 -1.77363
2.34806 0.15001 -0.191209
1.95562 0.15001 -0.329189
1.62118 0.384303 2.59909
2.48075 0.15001 1.89845
1.59961 0.15001 -2.66257
1.33991 0.15001 -2.4092
1.98274 0.15001 -2.1512
1.47788 0.15001 -1.9236
1.97729 0.15001 -1.71293
2.21869 0.15001 -1.42884
1.59015 0.15001 -0.160468
2.34345 0.15001 -0.829466
2.68997 0.15001 0.205726
2.82119 0.15001 2.24107
2.66604 0.15001 -2.64349
1.70411 0.15001 -2.50359
1.75398 0.15001 -2.22867
0.978643 0.15001 -2.40861
0.953063 0.15001 -1.81387
1.76027 0.15001 -1.71166
2.1556 0.15001 -0.364722
2.46294 0.15001 -1.02565
2.19428 0.15001 0.678993
2.58637 0.15001 0.849107
-0.308815 0.15001 -0.772824
1.37048 0.15001 -2.22469
0.766124 0.15001 -2.09505
0.181246 0.15001 -2.02419
1.569 0.15001 -1.54535
1.84956 0.15001 -1.26935
1.58075 0.15001 -0.926967
1.9892 0.15001 0.236392
2.47392 0.15001 0.251568
2.83367 0.15001 1.56415
