1000 0.1
-1.73434 0.15001 0.769954
-1.04664 0.15001 1.23509
-0.725464 0.15001 1.3367
-1.67504 0.15001 1.43581
-1.64075 0.15001 1.61137
-0.65352 0.15001 1.80577
-1.68781 0.15001 2.31039
-1.80422 0.15001 2.45622
-1.55581 0.15001 2.43961
-1.54819 0.15001 2.63223
-1.39191 0.15001 -0.079206
-1.98771 0.15001 0.770649
-2.27963 0.15001 1.43973
-1.98014 0.15001 1.73624
-2.35978 0.15001 2.24539
-2.35311 0.15001 2.54079
-1.97363 0.15001 2.32353
-1.95868 0.15001 2.57635
-2.35969 0.15001 2.74311
-0.66019 0.15001 2.84999
-1.21354 0.15001 0.0266332
-2.23516 0.15001 1.14817
-2.13181 0.15001 1.31807
-1.01464 0.15001 1.75144
-1.86318 0.152656 1.5648
-1.76295 0.15001 1.73759
-0.639123 0.153984 2.19086
-1.22735 0.15001 2.41044
-1.72409 0.15001 2.67866
-2.15684 0.15001 2.84914
-1.65617 0.15001 0.0729477
-1.9613 0.15001 0.940218
-2.31106 0.15001 1.61926
-2.3727 0.15001 2.01644
-2.16379 0.15001 2.02324
-1.90636 0.15001 2.13238
-2.15346 0.153971 2.24405
-2.1578 0.163155 2.41875
-2.17675 0.15001 2.63281
-1.25012 0.15001 2.84977
-1.15699 0.15001 0.338486
-1.70306 0.15001 0.504201
-1.42848 0.15001 0.838407
-2.06612 0.15001 1.5731
-1.51976 0.252345 1.53252
-1.55718 0.15001 1.7967
-1.70923 0.157062 2.1199
-0.554513 0.342427 2.34452
-0.911941 0.15001 2.68066
-1.94477 0.15001 2.84749
-1.54717 0.15001 0.22314
-1.56241 0.15001 0.715662
-1.79172 0.152596 1.28707
-2.21302 0.164997 1.84207
-1.78695 0.166433 1.94458
-1.59487 0.15001 1.98345
-1.93644 0.26901 1.98403
-1.83144 0.238691 2.26911
-2.01015 0.225709 2.71414
-1.64825 0.15001 2.84562
-0.924348 0.152008 -0.116996
-1.60176 0.15001 0.910186
-0.890702 0.15001 1.46322
-1.23744 0.15001 1.88849
-1.66447 0.291092 1.82322
-1.42255 0.163704 1.95197
-1.49265 0.15001 2.14241
-1.52217 0.239581 2.29089
-1.71437 0.260723 2.55162
-1.45553 0.154693 2.79282
-1.33046 0.160556 0.22761
-1.22144 0.15001 0.916334
-1.55486 0.152266 1.17424
-1.46662 0.160056 1.33765
-1.12056 0.297442 1.84577
-1.2776 0.15001 2.0578
-0.964617 0.15001 2.30976
-1.95426 0.273137 2.46018
-0.73767 0.20563 2.70488
-1.66714 0.325964 2.84999
-1.08546 0.155441 0.728523
-1.20736 0.153708 1.12298
-0.674187 0.226462 1.48652
-1.23334 0.15001 1.71679
-1.4024 0.212808 1.72132
-1.40266 0.303287 2.10254
-1.30495 0.15001 2.22898
-1.38068 0.248842 2.40683
-1.16022 0.277405 2.49125
-1.53124 0.30217 2.52756
-0.690925 0.187376 0.647633
-1.01909 0.165127 1.05532
-0.976643 0.313958 1.31993
-1.13676 0.182521 1.40434
-1.0435 0.162301 1.58373
-1.10467 0.197553 2.11845
-0.794824 0.170116 2.28557
-0.890675 0.310035 2.35259
-0.858045 0.15001 2.47992
-1.0535 0.356086 2.73509
-0.849702 0.15001 -0.347115
-0.306518 0.15001 1.18512
-0.323549 0.15001 1.35645
-0.320413 0.15001 1.52853
-0.337739 0.150857 1.71974
-0.262524 0.15001 1.89154
-0.667631 0.15001 2.00325
-0.385104 0.15001 2.34206
-0.497167 0.152526 2.46561
-0.451534 0.150131 2.72616
-0.996091 0.15001 -0.480903
-0.440903 0.159258 1.08835
-0.483138 0.15001 1.2789
-0.490266 0.15001 1.45366
-0.490341 0.15001 1.62005
-1.06433 0.15001 1.94539
-0.474855 0.150485 2.19694
-0.65314 0.15001 2.38754
-0.577536 0.167995 2.61779
-0.342819 0.15001 2.84999
-0.183431 0.15001 -0.150183
-0.240756 0.288196 1.27225
-0.413783 0.288228 1.42777
-0.384919 0.276923 1.60396
-0.332659 0.277821 1.82775
-0.438086 0.15001 1.89223
-0.39735 0.15001 2.04955
-0.262339 0.272266 2.29677
-0.419868 0.247151 2.59236
-0.366697 0.317576 2.73146
-0.775553 0.15001 -0.574773
-0.268283 0.267299 1.05079
-0.404405 0.289063 1.22309
-0.444407 0.427626 1.56663
-0.492227 0.231965 1.75983
-0.513286 0.280548 2.06765
-0.42095 0.289158 2.26989
-0.378626 0.294376 2.43433
-1.31381 0.151208 2.61962
-0.475905 0.254582 2.84999
-0.673254 0.15001 -0.380736
-1.37915 0.15001 0.59871
-0.360355 0.445461 1.40959
-0.306095 0.507624 1.6634
-0.40588 0.382427 1.73222
-0.305872 0.291586 1.9805
-0.355195 0.308732 2.12867
-0.305482 0.420726 2.33935
-0.353827 0.398787 2.57646
-1.10509 0.15001 2.68721
-0.743988 0.15001 -0.179264
-0.273408 0.410663 1.1624
-1.29106 0.160941 1.28464
-1.37396 0.15001 1.53977
-0.48055 0.326246 1.90141
-0.425508 0.445429 2.02401
-0.451693 0.452367 2.22971
-0.444038 0.462959 2.42633
-0.546975 0.325932 2.51758
-1.03133 0.15001 2.84999
-0.558766 0.1585 -0.196727
-0.924964 0.15001 0.5617
-0.252436 0.515056 1.29953
-0.394743 0.589829 1.52769
-0.306126 0.649641 1.76926
-0.282726 0.551716 2.01727
-0.337827 0.566284 2.17208
-0.302349 0.59153 2.3379
-0.506451 0.399294 2.67959
-1.24685 0.325183 2.66565
-0.907104 0.155506 0.355922
-0.71453 0.15545 0.251671
-0.563453 0.298025 1.33432
-0.801097 0.163708 1.67431
-0.319074 0.690585 1.93621
-0.885137 0.164685 2.10193
-1.11087 0.234985 2.28406
-1.03572 0.150468 2.50246
-0.421536 0.569977 2.56158
-0.364463 0.505551 2.70728
-0.586055 0.156232 0.0659402
-0.674426 0.15001 0.869948
-0.518262 0.463326 1.2749
-0.899441 0.2398 1.14433
-0.622718 0.286319 1.64678
-0.943186 0.294557 1.67539
-0.789715 0.308189 2.1569
-0.736897 0.391692 2.39343
-0.927345 0.295032 2.60654
-1.15278 0.280472 2.84999
-0.526841 0.177028 0.308999
-0.550884 0.303445 0.840278
-0.76082 0.423036 1.21186
-0.581594 0.661183 1.4719
-0.589476 0.55488 1.65566
-0.869433 0.162257 1.9086
-0.918294 0.506494 2.44343
-0.774149 0.433605 2.57141
-0.676698 0.508727 2.73443
-0.794871 0.362819 2.81556
-0.183557 0.15001 0.188621
-0.0568083 0.15001 0.661154
-0.15577 0.15001 1.28165
-0.172075 0.15001 1.60199
-0.155685 0.15001 1.75749
-0.0959803 0.15001 1.90268
-0.123061 0.15001 2.18665
-0.227656 0.15001 2.38689
-0.171078 0.15001 2.55197
-0.181841 0.15001 2.84999
-0.303115 0.15001 -0.840877
-0.487953 0.15001 0.864312
-0.171985 0.15001 1.44099
-0.242405 0.277034 1.6905
-0.162468 0.281919 1.84107
-0.225047 0.151142 2.05016
-0.302783 0.15001 2.19611
-0.331696 0.15001 2.50473
-0.297308 0.15001 2.66326
-0.0168391 0.15001 2.84999
-0.36507 0.15001 -0.614685
-0.159057 0.15001 1.09933
-0.0525372 0.251019 1.37928
-0.118971 0.287974 1.53745
-0.103128 0.343414 1.69237
-0.137245 0.276846 1.99938
-0.201622 0.281312 2.1502
-0.114223 0.209482 2.32094
-0.0696658 0.286866 2.55122
-0.215042 0.252102 2.74578
-0.396705 0.15001 -0.0384901
-0.081125 0.30217 1.10299
-0.248473 0.289171 1.43474
-0.254185 0.384687 1.56911
-0.233889 0.422305 1.7868
-0.213129 0.415359 2.04667
-0.114043 0.35131 2.27589
-0.203796 0.281252 2.44982
-0.229644 0.299683 2.60103
-0.0849732 0.286189 2.84999
-0.243877 0.15001 -0.428454
-0.111091 0.233749 0.947463
-0.0815882 0.352437 1.2624
-0.11923 0.403314 1.42507
-0.0566812 0.47186 1.77639
-0.124854 0.414775 1.9124
-0.221317 0.447343 2.20271
-0.144812 0.426665 2.41214
-0.120857 0.431783 2.57597
-0.268084 0.340274 2.84999
-0.260774 0.251013 0.0581911
-0.112503 0.470974 1.13366
-0.227345 0.532117 1.47802
-0.135333 0.487543 1.61171
-0.365453 0.500012 1.86719
-0.0864062 0.52806 2.10644
-0.076536 0.501781 2.27311
-0.266223 0.50574 2.48478
-0.210232 0.422938 2.71345
-0.129577 0.439752 2.84999
-0.364416 0.160001 -0.221892
-0.880048 0.15001 0.168737
-0.083961 0.519645 1.30115
-0.0247078 0.517804 1.49324
-0.141028 0.601141 1.72584
-0.182774 0.559287 1.88368
-0.169313 0.629977 2.21638
-0.135285 0.598795 2.39662
-0.0565756 0.575919 2.55011
-0.86464 0.209673 2.84999
-0.407627 0.15001 0.143806
-0.180542 0.27795 0.709909
-0.163291 0.666868 1.39128
-0.248324 0.660427 1.5886
-0.0886489 0.745033 1.87314
-0.174675 0.70116 2.05422
-0.0393463 0.727698 2.31981
-0.305803 0.685584 2.507
-0.208666 0.575774 2.63337
-0.527993 0.431808 2.84999
-0.243156 0.15001 0.681667
-0.535646 0.181523 0.503659
-0.349951 0.511889 0.992243
-0.0775989 0.685766 1.55343
-0.175835 0.769173 1.71825
-0.42385 0.709131 2.09517
-0.60564 0.585595 2.40975
-0.114772 0.720586 2.51549
-0.381281 0.672109 2.73758
-0.519745 0.626218 2.84753
-0.160691 0.151475 0.426672
-0.474702 0.176818 0.686786
-0.514444 0.368668 0.987668
-0.303746 0.789012 1.44498
-0.275475 0.863148 1.91948
-0.0572896 0.855272 2.02708
-0.110867 0.861359 2.23345
-0.232451 0.768282 2.32738
-0.281426 0.807544 2.62974
-0.339509 0.800209 2.84999
-0.0896975 0.15001 -0.319159
0.160406 0.15001 1.17761
0.0577968 0.15001 1.32275
-0.0198157 0.15001 1.66584
0.0576038 0.15001 1.86439
0.116129 0.15001 2.01657
0.0510046 0.15001 2.15429
0.0197125 0.15001 2.30735
-0.0119182 0.15001 2.58879
0.0442652 0.15001 2.72654
-0.0785655 0.15001 -0.920264
0.0151742 0.15001 1.03584
-0.0262899 0.151004 1.19273
-0.0178923 0.15001 1.49494
0.145718 0.15001 1.73242
-0.0551172 0.15001 2.04901
0.162846 0.15001 2.26411
-0.0475001 0.15001 2.44435
-0.112504 0.15001 2.70763
0.256133 0.155018 2.84999
0.00529446 0.222627 -0.465583
0.0666099 0.272983 1.17884
0.125542 0.219876 1.43745
0.0243733 0.267081 1.59704
-0.0124545 0.244199 1.7753
0.0208761 0.25707 1.96689
0.0271218 0.276761 2.22082
0.121943 0.279715 2.34758
0.0792425 0.24624 2.50716
0.0816882 0.29125 2.67606
-0.102501 0.15001 -0.595896
0.0879309 0.308248 1.01409
0.114717 0.325266 1.31816
0.0452535 0.357268 1.46908
0.120091 0.331438 1.70368
-0.00337626 0.423669 2.0065
0.186076 0.359502 2.22628
-0.0238193 0.307845 2.40517
-0.0709086 0.312004 2.70356
0.119796 0.240698 2.84999
0.0588913 0.15001 0.458283
0.0544826 0.423861 1.16308
0.227555 0.378385 1.43786
0.0162038 0.417456 1.61952
0.0345542 0.365206 1.85499
0.09433 0.339246 2.08678
-0.0660433 0.349845 2.12596
0.0491907 0.410057 2.30339
0.0736077 0.390452 2.54907
0.0478629 0.38339 2.82682
-0.460968 0.154377 -0.412033
0.179852 0.460235 1.03679
0.0631135 0.473179 1.36237
0.140768 0.48013 1.53656
0.110595 0.479242 1.75425
0.0709701 0.515223 1.90791
0.0996732 0.473253 2.16852
0.00734631 0.478501 2.43615
0.01743 0.462805 2.68074
0.204851 0.420719 2.84999
-0.0128725 0.15001 -0.0524692
0.097708 0.566291 1.23194
0.178025 0.584262 1.40663
0.0280763 0.565136 1.65163
0.0105227 0.628243 1.81056
0.090679 0.579134 2.05771
0.0420167 0.601792 2.24094
0.159124 0.524946 2.3235
0.111544 0.549097 2.56648
-0.0291903 0.549699 2.81522
0.174483 0.281973 0.506474
0.117528 0.336882 0.726608
0.0139709 0.646895 1.37314
0.10044 0.672534 1.54209
0.1625 0.690562 1.7314
-0.0469066 0.617766 1.97324
0.200936 0.617324 2.17965
0.0569293 0.627326 2.42812
0.011869 0.637259 2.6868
0.124339 0.562423 2.84999
0.0078723 0.180728 0.147036
0.0614327 0.153215 0.803092
-0.0937978 0.509134 0.911598
0.00655545 0.816086 1.4365
0.00235213 0.740636 1.69556
0.114665 0.681849 1.92593
-0.00226473 0.711323 2.12081
0.175807 0.694247 2.32972
0.117235 0.708577 2.59009
-0.297407 0.50266 2.84999
-0.0861348 0.316451 0.46829
-0.046643 0.408993 0.625422
0.12897 0.614163 0.909983
0.196186 0.790712 1.43814
0.115345 0.8421 1.865
0.111311 0.844992 2.12174
0.0891078 0.84798 2.29334
0.0381318 0.803879 2.46108
-0.143231 0.806316 2.74821
-0.195961 0.638831 2.84999
0.244576 0.15001 0.75118
0.34287 0.150628 1.2252
0.254711 0.15001 1.47736
0.27743 0.15001 1.62461
0.208011 0.15001 1.89165
0.282051 0.15001 2.03763
0.297862 0.15001 2.19116
0.275127 0.15001 2.36556
0.269216 0.15001 2.51818
0.319859 0.15001 2.66534
0.0849211 0.15001 -0.747229
0.160377 0.151842 0.950211
0.220682 0.15001 1.32584
0.121844 0.15001 1.57796
0.306783 0.15001 1.77306
0.20194 0.280353 1.99206
0.411493 0.150612 2.29046
0.132147 0.15001 2.42255
0.142634 0.15001 2.59419
0.403004 0.15001 2.84999
0.134267 0.15001 -0.369706
0.267381 0.184624 1.06691
0.354845 0.215672 1.39054
0.337515 0.283855 1.54051
0.167824 0.281614 1.8391
0.335061 0.290136 2.09621
0.186244 0.224259 2.13693
0.279562 0.256224 2.28434
0.369733 0.264914 2.55402
0.189617 0.15001 2.73317
0.159061 0.15001 -0.56072
0.65617 0.15001 0.313857
0.277792 0.306532 1.29207
0.183178 0.284671 1.56646
0.277328 0.281995 1.70501
0.196568 0.425283 1.93477
0.409194 0.316279 2.23866
0.240398 0.284331 2.44041
0.220882 0.286425 2.59297
0.3286 0.318313 2.84999
0.261783 0.31629 0.950367
0.219627 0.328003 1.14339
0.4032 0.372079 1.42261
0.262891 0.410248 1.61943
0.259232 0.417897 1.78669
0.36101 0.425451 1.99773
0.237095 0.425749 2.09091
0.294624 0.398705 2.34379
0.331311 0.400344 2.50328
0.222985 0.306629 2.74477
0.188582 0.293695 -0.2475
0.353713 0.44799 1.07542
0.21988 0.468286 1.29507
0.312398 0.504288 1.50116
0.391522 0.462404 1.70493
0.243361 0.571999 1.99346
0.289733 0.492553 2.22637
0.188299 0.453072 2.46023
0.193471 0.441115 2.65337
0.384123 0.485895 2.84999
0.12729 0.15001 -0.178789
0.258251 0.580324 1.15978
0.426125 0.536642 1.38568
0.230388 0.557767 1.66456
0.2075 0.57426 1.8369
0.351676 0.519671 1.87781
0.348596 0.585342 2.10572
0.304895 0.556004 2.39037
0.36881 0.547926 2.54756
0.269999 0.544303 2.77026
0.170212 0.15001 0.0288421
0.401054 0.264704 0.275858
0.31065 0.642907 1.32067
0.266958 0.661705 1.52907
0.339942 0.635251 1.76358
0.21478 0.726594 2.04934
0.37194 0.631787 2.26492
0.231028 0.654863 2.48535
0.250162 0.61633 2.64058
0.232655 0.69085 2.84999
0.297419 0.15001 0.35786
0.312884 0.156303 0.548964
0.416638 0.689877 1.45424
0.314007 0.7556 1.65597
0.274634 0.748912 1.87258
0.383586 0.745418 2.06518
0.272168 0.791171 2.20882
0.332213 0.762809 2.37987
0.363779 0.744844 2.57986
-0.00785508 0.717939 2.84386
0.151742 0.179513 0.251903
0.509237 0.326994 0.757228
0.1355 0.738105 1.13603
0.306043 0.79312 1.23435
0.13111 0.85909 1.61921
0.347483 0.933413 2.10778
0.467786 0.873061 2.3117
0.221892 0.847314 2.49338
0.134139 0.838625 2.80773
0.346635 0.822519 2.84999
0.298714 0.15001 -0.454057
0.443374 0.15001 0.743487
0.50058 0.15001 1.19913
0.417756 0.15001 1.51974
0.484382 0.15001 1.8181
0.48283 0.15001 1.98576
0.426837 0.15001 2.12253
0.537251 0.15001 2.38728
0.450568 0.15001 2.58211
0.475876 0.15001 2.73036
0.507601 0.15001 -0.495122
0.570435 0.150249 1.04245
0.492319 0.15001 1.3697
0.430427 0.152228 1.67305
0.546282 0.271067 1.86952
0.359878 0.15001 1.91057
0.546128 0.15001 2.22523
0.401673 0.15001 2.44413
0.591097 0.269227 2.74035
0.5695 0.15001 2.84999
0.324794 0.15001 -0.889918
0.519898 0.15001 -0.285698
0.450223 0.296523 1.28661
0.506012 0.267591 1.49999
0.412697 0.273852 1.78007
0.449913 0.299838 1.98093
0.506791 0.278807 2.1219
0.543978 0.276801 2.31939
0.529081 0.253376 2.49418
0.378583 0.271987 2.7213
0.57409 0.202602 0.884852
0.416102 0.15001 1.05482
0.589857 0.289244 1.36609
0.448776 0.325983 1.64098
0.586165 0.276261 1.70896
0.31703 0.3095 1.89475
0.538068 0.406828 2.23294
0.410271 0.301577 2.39779
0.493809 0.32146 2.6338
0.485441 0.286941 2.84999
0.286782 0.170452 -0.700897
0.38783 0.29523 1.13848
0.566029 0.443881 1.41529
0.588421 0.37513 1.57292
0.451683 0.402583 1.84834
0.553617 0.409805 2.05023
0.416013 0.442129 2.14239
0.597736 0.422677 2.38079
0.506364 0.406596 2.50856
0.474395 0.409371 2.75894
0.436696 0.284592 0.962808
0.519787 0.391012 1.07911
0.373659 0.445265 1.25221
0.466543 0.47212 1.55242
0.568362 0.433176 1.72771
0.577879 0.468485 1.90608
0.622327 0.506059 2.1508
0.434062 0.467434 2.38805
0.351661 0.422473 2.66057
0.60199 0.403277 2.84999
0.373943 0.255295 -0.339883
0.424496 0.15001 0.133661
0.539507 0.440648 1.24285
0.566163 0.580547 1.64966
0.491574 0.55832 1.79991
0.472627 0.545828 2.00558
0.523128 0.555966 2.30206
0.573319 0.556745 2.47055
0.540706 0.489538 2.63532
0.544637 0.553183 2.79727
0.323473 0.160799 -0.154753
0.436636 0.596617 1.19719
0.557489 0.603122 1.47538
0.405153 0.609709 1.61221
0.65816 0.727407 1.72946
0.423375 0.672551 1.90948
0.501151 0.615832 2.1564
0.441641 0.655914 2.45107
0.424602 0.602347 2.68774
0.616291 0.700153 2.84999
0.247141 0.283416 0.106782
0.682436 0.456509 1.08204
0.575511 0.605428 1.30909
0.538956 0.734441 1.57944
0.483206 0.70952 1.74085
0.554625 0.687796 2.01901
0.524866 0.716324 2.31257
0.59925 0.733708 2.46795
0.50441 0.767579 2.70806
0.415227 0.658499 2.84999
0.682219 0.267021 0.463744
0.470527 0.239046 0.559297
0.390822 0.70035 1.04639
0.387482 0.870845 1.49115
0.378872 0.879518 1.75921
0.400413 0.868181 1.94108
0.517895 0.791257 2.15981
0.492569 0.866956 2.5189
0.316326 0.889694 2.67572
0.559718 0.871362 2.84999
0.694411 0.15001 -0.194314
0.632038 0.15001 1.29001
0.620021 0.15001 1.46938
0.575287 0.15001 1.6193
0.631724 0.15001 1.77544
0.617227 0.15001 1.92851
0.730639 0.15001 2.1784
0.67034 0.15001 2.31509
0.588117 0.153171 2.63202
0.688252 0.15001 2.7588
0.780051 0.15001 -0.751983
0.75236 0.15001 -0.523035
0.816151 0.15001 1.23817
0.890764 0.15001 1.37703
0.884326 0.15001 1.80418
0.599552 0.15001 2.08667
0.862317 0.15001 2.2782
0.646375 0.15001 2.49155
0.869287 0.15001 2.72084
0.805825 0.15001 2.84999
0.73257 0.15001 0.976663
0.69229 0.15001 1.14268
0.741579 0.202072 1.38072
0.785035 0.15001 1.52164
0.741121 0.15001 1.67112
0.753593 0.15001 1.87226
0.638967 0.275221 2.1974
0.776711 0.15001 2.41705
0.735879 0.15001 2.61773
0.691105 0.259718 2.84999
0.668052 0.15001 -0.898723
0.886532 0.15001 -0.276727
0.75216 0.292943 1.19213
0.68996 0.258842 1.57524
0.764098 0.262361 1.76332
0.641099 0.279031 2.00196
0.781611 0.270883 2.26767
0.672145 0.283853 2.41191
0.783222 0.270033 2.52592
0.763729 0.283195 2.70725
0.609112 0.158134 -0.664669
0.588272 0.285487 1.19764
0.711448 0.353886 1.4464
0.722075 0.392267 1.66765
0.663072 0.351756 1.83652
0.798083 0.300531 1.91236
0.719531 0.363659 2.10884
0.813234 0.36757 2.40088
0.64629 0.298039 2.59183
0.77122 0.39104 2.84999
0.681516 0.219448 -0.358409
0.666213 0.283454 1.05109
0.693458 0.401984 1.29257
0.676694 0.500056 1.54552
0.767148 0.458207 1.80782
0.714258 0.429404 1.97073
0.705636 0.415819 2.26197
0.693594 0.435039 2.52351
0.673958 0.424642 2.70531
0.855453 0.412302 2.72953
0.681253 0.150293 0.00695735
0.827379 0.354744 1.0416
0.722933 0.53193 1.39664
0.721534 0.557442 1.69118
0.64938 0.599843 1.84121
0.811235 0.552191 1.92561
0.781039 0.53612 2.1514
0.740098 0.516151 2.38286
0.795964 0.519442 2.62969
0.708297 0.530954 2.84999
1.17172 0.15001 0.00861028
0.67025 0.345177 0.898606
0.71726 0.551292 1.22569
0.705896 0.667111 1.52158
0.808205 0.654389 1.79901
0.675343 0.581531 2.02028
0.668781 0.618241 2.26401
0.725678 0.611168 2.51551
0.578561 0.647758 2.61162
0.697689 0.621894 2.71956
0.870249 0.223796 0.0557556
0.978222 0.165476 0.383217
0.760786 0.697957 1.34449
0.825811 0.707878 1.63852
0.563207 0.788795 1.87738
0.717987 0.721757 1.93598
0.777315 0.706205 2.15898
0.744707 0.710653 2.37672
0.829504 0.687464 2.63828
0.803384 0.715462 2.84999
0.80613 0.41979 0.662751
0.679984 0.496815 0.822044
0.50463 0.747629 1.24698
0.835715 0.808771 1.47177
0.629893 0.870267 1.57108
0.671785 0.818147 2.07522
0.682022 0.830873 2.25624
0.940591 0.833846 2.4921
0.716636 0.869543 2.49643
0.688693 0.795286 2.68137
0.956442 0.15001 -0.659003
0.618424 0.15001 0.644507
0.981459 0.151792 1.2467
0.948003 0.15001 1.51961
0.898319 0.15001 1.65833
0.888536 0.15001 1.95835
0.872814 0.15001 2.11721
1.00641 0.15001 2.19082
0.870122 0.15001 2.56467
0.982158 0.15001 2.84999
1.27384 0.15001 -0.674074
0.777521 0.15001 0.512491
1.10092 0.15001 1.50876
1.06602 0.15001 1.67263
1.03115 0.15001 1.84767
0.743855 0.15001 2.02615
1.02177 0.15001 2.03298
1.06635 0.15001 2.48556
1.10564 0.15001 2.74716
1.23336 0.15001 2.84999
1.06008 0.15001 -0.348085
0.879869 0.15001 1.07193
0.850989 0.306216 1.32232
0.860202 0.278675 1.47953
0.84806 0.295843 1.63603
0.967561 0.28761 1.90898
0.935997 0.273505 2.18811
1.02924 0.15001 2.33596
0.920149 0.15001 2.42962
1.51173 0.15001 2.85
0.910031 0.240437 -0.457979
1.00924 0.265158 1.02686
1.00757 0.253203 1.40953
1.01021 0.285591 1.57387
0.985294 0.266037 1.73576
0.846602 0.280657 2.05522
1.09303 0.274052 2.25442
0.957997 0.27953 2.49944
0.927776 0.285774 2.66515
0.887517 0.280428 2.84999
1.38959 0.15001 -0.162538
0.914716 0.279175 1.16746
1.00747 0.347811 1.28519
0.824808 0.424767 1.52975
0.890181 0.370853 1.79037
1.02063 0.304723 2.05789
0.855354 0.398069 2.17595
0.930509 0.272813 2.34028
0.865046 0.396485 2.56403
1.03886 0.292736 2.78771
0.840638 0.258012 0.903452
1.02209 0.420459 1.13578
0.980224 0.411006 1.4617
0.959977 0.421722 1.64509
0.983459 0.455021 1.89749
0.870551 0.427152 2.0154
1.01682 0.414012 2.21439
1.02943 0.388268 2.37484
1.03248 0.414422 2.53386
0.961748 0.439531 2.84999
1.02086 0.154513 -0.100263
1.35274 0.15001 0.167742
0.864334 0.462146 1.34511
0.863237 0.557426 1.60592
0.916685 0.53477 1.76308
1.02278 0.476978 2.05931
0.884873 0.487282 2.29993
0.903285 0.511245 2.45883
1.00249 0.461253 2.68905
1.16039 0.402649 2.84999
1.14088 0.15001 0.290822
0.85221 0.469976 1.16869
1.05156 0.564929 1.42885
1.01728 0.621538 1.64552
0.981298 0.66014 1.86659
0.880784 0.664438 2.02053
0.943451 0.586531 2.1603
1.04773 0.572697 2.3424
1.04936 0.586957 2.5282
0.868754 0.568027 2.79101
0.844284 0.152935 0.234591
1.16198 0.16183 0.703642
0.931942 0.59231 1.27491
0.879121 0.602072 1.44923
1.06511 0.770721 1.73534
1.11466 0.720853 2.12088
0.889054 0.655529 2.30459
0.891579 0.668293 2.47926
0.993245 0.647333 2.68722
1.05298 0.581529 2.84999
1.12376 0.18655 0.50536
1.00092 0.283898 0.61129
1.14783 0.605187 1.22647
1.24098 0.635872 1.48897
0.880391 0.810472 1.82237
1.01207 0.787396 1.9949
0.950235 0.821414 2.29111
1.32396 0.57133 2.37359
1.13808 0.742507 2.54759
1.00018 0.748142 2.84999
1.70262 0.15001 0.886469
0.87806 0.15001 0.696328
1.11442 0.151331 1.33913
2.08033 0.15001 1.46902
1.95048 0.15001 1.9537
1.45895 0.15001 1.83881
1.29571 0.15001 2.19738
2.24816 0.15001 2.45599
1.00594 0.15001 2.62981
2.33605 0.15001 2.65772
1.20773 0.15001 -0.885869
1.9633 0.15001 -0.00202754
1.23993 0.15001 1.23259
2.55805 0.15001 1.18628
1.3569 0.163847 1.70799
1.34253 0.15001 2.01579
1.39121 0.152571 2.34846
1.17298 0.15001 2.29977
2.13703 0.15001 2.67058
1.73848 0.15001 2.84979
1.56085 0.15001 0.0886603
1.08321 0.15001 1.11985
1.24839 0.153607 1.44018
1.22545 0.150743 1.61129
1.19888 0.15001 1.77804
1.15293 0.15001 1.94586
1.14681 0.15001 2.13959
1.23854 0.151914 2.44249
1.1743 0.15001 2.59425
1.28549 0.15001 2.7045
1.11418 0.161247 -0.517283
2.04578 0.15001 1.18234
1.38042 0.157273 1.33589
1.39015 0.15001 1.53575
2.24636 0.15001 1.67989
1.21774 0.246556 2.05034
1.45239 0.153734 2.15799
1.26091 0.272899 2.32336
1.35546 0.15001 2.5523
2.12092 0.15001 2.84999
1.72371 0.15001 0.374657
1.14463 0.280985 1.19873
1.14973 0.303893 1.46903
1.15088 0.295936 1.65491
1.12126 0.28393 1.82176
1.27853 0.238621 1.89104
1.31922 0.303296 2.17593
1.1235 0.279366 2.43389
1.08957 0.295268 2.6133
1.37871 0.273802 2.71495
1.28343 0.15001 -0.385713
1.06471 0.15001 0.886749
1.26129 0.297462 1.33206
1.29776 0.301964 1.55377
1.28545 0.327851 1.74693
1.33053 0.364339 2.017
1.1895 0.426263 2.27342
1.36438 0.310873 2.44285
1.25927 0.288648 2.57274
1.32987 0.344498 2.84999
1.23323 0.285832 -0.130711
1.20002 0.26971 1.01996
1.14229 0.431183 1.32365
1.11899 0.449819 1.57356
1.0891 0.437147 1.76043
1.13762 0.371404 1.95275
1.15553 0.371634 2.12325
1.21377 0.403037 2.43533
1.19974 0.285883 2.73503
1.93877 0.185469 2.84999
1.26524 0.15001 0.893499
1.11622 0.298541 0.844276
1.27025 0.434209 1.44002
1.80653 0.161592 1.47496
1.58173 0.286628 1.81752
1.49887 0.419319 2.1896
1.61159 0.227772 2.23112
1.94975 0.156981 2.53119
1.1934 0.439572 2.59674
1.15431 0.525532 2.72713
1.40385 0.31566 0.119972
1.9908 0.167151 0.707534
1.42058 0.321935 0.99748
1.37471 0.504629 1.56359
1.47331 0.342417 1.62683
1.1252 0.559208 1.95227
1.13106 0.556771 2.17094
1.72649 0.338447 2.50551
1.64099 0.301081 2.70788
1.75148 0.32545 2.84999
1.3445 0.153913 0.481583
1.29242 0.266778 0.603781
1.3346 0.451112 1.18945
1.28896 0.492955 1.75366
1.42812 0.391012 1.85173
1.64279 0.342108 2.01448
1.63225 0.340581 2.36745
1.47905 0.383649 2.56673
1.34762 0.577732 2.64071
1.50472 0.432027 2.75131
1.57004 0.15001 -0.311107
2.69283 0.15001 0.64072
2.22292 0.15001 1.27611
2.50039 0.15001 1.39121
2.51472 0.15001 1.61003
2.5976 0.15001 2.02623
2.45652 0.15001 2.06694
2.74729 0.15001 2.28534
2.72775 0.15001 2.44775
2.70425 0.15001 2.60348
2.82943 0.15001 0.511115
2.76702 0.15001 1.39209
2.70424 0.15001 1.09181
2.84999 0.15001 1.50811
2.84999 0.15001 1.6642
2.84999 0.15001 1.93036
2.84999 0.15001 2.15229
2.58383 0.15001 2.4272
2.84999 0.15001 2.69351
2.55985 0.15001 2.84999
1.48745 0.15001 -0.616762
2.58241 0.15001 0.935958
2.84999 0.165016 1.20131
2.633 0.15001 1.45807
2.65982 0.15001 1.71986
2.15937 0.15001 2.03802
2.74907 0.15001 2.02825
2.84999 0.15001 2.38297
2.73928 0.307106 2.37668
2.84999 0.15001 2.84999
2.4127 0.15001 -0.0427325
2.80588 0.15001 0.970981
2.55728 0.27785 1.07418
2.69874 0.15001 1.25763
2.72038 0.15001 1.58149
2.78479 0.15001 1.80241
2.67102 0.15001 2.16126
2.47001 0.15001 2.54042
2.84999 0.188088 2.54048
2.58268 0.15001 2.70711
1.80932 0.15001 -0.322537
1.31627 0.157054 1.08178
2.83339 0.151285 0.80545
2.62922 0.296704 1.57597
2.48831 0.15001 1.86479
1.51067 0.169844 1.99742
2.57701 0.273469 2.16692
2.3561 0.285067 2.49066
2.2419 0.319104 2.66843
2.71189 0.15001 2.84999
2.51579 0.15001 0.228324
2.45861 0.15001 0.651524
2.43041 0.227195 1.26395
1.64783 0.15001 1.60593
2.64261 0.154847 1.88252
2.36688 0.27778 1.9716
2.4836 0.15001 2.29308
1.71667 0.15001 2.51626
2.69455 0.304115 2.78527
2.37398 0.16094 2.84995
1.6798 0.154368 -0.165073
2.31145 0.15001 0.270922
1.93895 0.321863 1.24307
2.32661 0.154371 1.45267
2.4037 0.25707 1.71639
1.72787 0.156505 1.78226
2.31698 0.15001 2.20343
2.04846 0.15001 2.33042
1.49463 0.217055 2.60741
1.91559 0.15001 2.69643
2.21384 0.15258 0.772172
1.94867 0.164372 0.928865
1.894 0.15001 1.28366
1.66617 0.318542 1.63879
2.2831 0.15001 1.89225
2.0435 0.291477 2.02452
1.78951 0.15001 2.24733
2.16288 0.337116 2.44623
2.60381 0.274429 2.57143
2.24272 0.290146 2.84999
1.81623 0.174362 0.110577
2.33976 0.15001 1.09832
1.72232 0.152078 1.13904
2.17324 0.243597 1.09485
1.89198 0.167333 1.65669
2.11886 0.210447 1.79123
2.00024 0.168815 2.15421
2.15459 0.273336 2.26759
1.81616 0.262325 2.62754
2.02857 0.271822 2.69125
1.53611 0.185366 0.48436
1.47532 0.183049 0.854734
1.57506 0.22335 1.27302
1.58664 0.188921 1.44806
1.87414 0.257201 1.80324
1.74556 0.220224 1.93566
1.83157 0.152452 2.07894
1.82827 0.246649 2.38994
1.98721 0.321715 2.5144
1.92072 0.359174 2.84013
