1000 0.1
-2.8493 0.15001 0.0667038
-2.28839 0.15001 0.823382
-1.2174 0.15001 0.766701
-2.69665 0.15001 0.701269
-2.52253 0.15001 1.07279
-0.871617 0.15001 1.73528
-2.42933 0.15001 2.36369
-2.58515 0.15001 2.31486
-2.33107 0.15001 2.5141
-2.4498 0.15001 2.68233
-2.61151 0.15001 -1.38981
-2.84999 0.15001 0.237702
-2.84999 0.15001 0.664313
-2.72406 0.15001 1.30011
-2.84999 0.15001 2.12392
-2.84999 0.15001 2.3305
-2.71499 0.15001 2.21521
-2.68853 0.15001 2.45324
-2.84999 0.15001 2.5089
-0.692459 0.15001 2.82475
-2.49003 0.15001 -1.24319
-2.46968 0.15001 0.407137
-2.82316 0.15001 0.40174
-2.10901 0.15001 1.38467
-2.78671 0.15001 0.85543
-2.68983 0.15001 1.08676
-0.698706 0.199035 2.18151
-2.27406 0.15001 2.31156
-2.63291 0.15001 2.66508
-2.84999 0.15001 2.84999
-2.70494 0.15001 -1.26007
-2.63345 0.15001 0.351966
-2.84999 0.15001 1.18541
-2.84999 0.15001 1.93043
-2.84999 0.15001 1.64521
-2.76002 0.15001 1.79123
-2.70026 0.15001 2.01698
-2.84718 0.297619 2.00196
-2.84999 0.15001 2.67967
-2.19723 0.15001 2.84999
-2.56874 0.15001 -0.955337
-2.82329 0.15001 -0.512217
-2.71923 0.15001 -0.0486397
-2.84999 0.15001 1.01294
-2.24168 0.15001 1.15252
-2.58817 0.15001 1.41563
-2.60892 0.15001 1.87042
-0.66162 0.386006 2.33555
-1.84147 0.15001 2.59325
-2.68819 0.15001 2.84999
-2.73583 0.15001 -1.01054
-2.8495 0.15001 -0.213535
-2.72471 0.15001 0.535248
-2.84999 0.15001 1.41018
-2.70559 0.15001 1.54009
-2.61205 0.15001 1.68632
-2.80503 0.290267 1.53304
-2.55715 0.15001 2.12542
-2.76278 0.49616 2.83334
-2.52599 0.15001 2.84999
-1.70654 0.15001 -1.91722
-2.652 0.15001 0.153888
-1.67414 0.15001 1.30146
-2.31715 0.15001 1.67458
-2.57573 0.15001 1.23288
-2.47339 0.15001 1.57318
-2.46038 0.15001 1.78423
-2.46201 0.15001 1.97155
-2.52077 0.15001 2.51727
-2.36281 0.15001 2.84999
-2.6164 0.15001 -1.12247
-2.4815 0.15001 0.216972
-2.54498 0.15001 0.597208
-2.61242 0.15001 0.838554
-2.28006 0.15001 1.49351
-2.04221 0.15001 2.0848
-1.95548 0.15001 1.91222
-2.80763 0.302487 2.3393
-1.10283 0.15001 2.55667
-2.84999 0.337829 2.84999
-2.21218 0.15001 0.00866956
-2.45074 0.15001 0.787441
-1.34036 0.15001 1.28204
-2.26527 0.15001 1.31125
-2.41617 0.15001 1.40081
-2.28852 0.15001 1.84987
-2.29525 0.15001 2.02335
-2.38717 0.15001 2.17546
-2.1568 0.15001 2.42482
-2.73969 0.294324 2.68908
-1.59709 0.15001 -0.572984
-2.37213 0.15001 0.616677
-1.92211 0.15001 0.966088
-2.22944 0.15001 0.984371
-2.07637 0.15001 1.07192
-2.11376 0.15001 1.83427
-1.40791 0.15001 1.83548
-1.7477 0.15001 2.09374
-1.40504 0.15001 2.3461
-1.99913 0.15001 2.48853
-1.65649 0.15001 -2.27218
-0.347468 0.15001 1.14594
-0.364458 0.160274 1.33332
-0.362498 0.15334 1.52076
-0.388313 0.152442 1.70404
-0.320102 0.15001 1.87443
-0.652436 0.15001 1.99624
-0.441373 0.153216 2.34179
-0.572267 0.152625 2.46059
-0.525663 0.15001 2.70662
-1.82285 0.15001 -2.4146
-0.488624 0.202151 1.05007
-0.51707 0.166207 1.23865
-0.530155 0.157304 1.42663
-0.545694 0.153212 1.61086
-2.11089 0.15001 1.58576
-0.523302 0.17598 2.18798
-0.797127 0.15001 2.35089
-0.671685 0.182389 2.61043
-0.434605 0.15001 2.84999
-0.613608 0.15001 -1.96067
-0.245853 0.324594 1.21958
-0.456762 0.327762 1.42064
-0.443529 0.305287 1.60305
-0.38795 0.310399 1.79689
-0.498341 0.152873 1.86071
-0.447527 0.15001 2.03005
-0.327335 0.303019 2.28836
-0.495064 0.276298 2.58931
-0.417612 0.346843 2.72781
-1.69869 0.15001 -2.59491
-0.307839 0.301812 1.02257
-0.43425 0.345245 1.21766
-0.508736 0.475463 1.54381
-0.564545 0.279316 1.74493
-0.575137 0.316069 2.07766
-0.501677 0.331052 2.28501
-0.415735 0.327728 2.44177
-2.27906 0.15001 2.69177
-0.541798 0.293227 2.84999
-1.46326 0.15001 -2.24941
-2.67659 0.15001 -0.267877
-0.402525 0.49454 1.38753
-0.351225 0.571238 1.64361
-0.474523 0.45889 1.72777
-0.349955 0.310363 1.97032
-0.40339 0.348129 2.13539
-0.341888 0.46517 2.35252
-0.417388 0.455731 2.57128
-1.9962 0.15001 2.66841
-1.58122 0.15001 -2.07147
-0.306045 0.470015 1.11212
-2.39725 0.15001 0.962773
-2.41138 0.15001 1.21584
-0.525159 0.366924 1.90496
-0.457255 0.483811 2.032
-0.488188 0.494206 2.21655
-0.508485 0.503986 2.40606
-0.611782 0.385884 2.51185
-1.85471 0.15001 2.84954
-1.3206 0.15001 -2.07829
-1.83774 0.15001 -0.802473
-0.277697 0.560338 1.27217
-0.444133 0.654235 1.50627
-0.348627 0.704048 1.76245
-0.319535 0.609996 2.02696
-0.408726 0.662492 2.17115
-0.34526 0.642279 2.34457
-0.564687 0.443185 2.67984
-2.15511 0.212623 2.59291
-1.83892 0.15001 -0.999791
-1.60699 0.15001 -1.43541
-0.613088 0.312009 1.32612
-1.5982 0.15001 1.47594
-0.378392 0.755827 1.93867
-1.96077 0.15001 1.73258
-2.1961 0.15001 2.16494
-2.04075 0.15001 2.26537
-0.488738 0.634494 2.53343
-0.403155 0.597379 2.69467
-1.22082 0.15001 -1.68761
-1.19155 0.15001 -0.103866
-1.05718 0.15001 0.845164
-2.11805 0.15001 0.860771
-1.19951 0.15001 1.38743
-1.85796 0.15001 1.33318
-1.19172 0.15001 1.6714
-1.2254 0.15001 2.19739
-1.85022 0.15001 2.38075
-2.02995 0.15001 2.84999
-1.26407 0.15001 -1.33745
-1.38594 0.15001 -0.104054
-1.58993 0.15001 0.690628
-1.06835 0.15001 1.1914
-0.717552 0.150358 1.50325
-1.73691 0.15001 1.62857
-1.86911 0.160413 2.20563
-1.67858 0.15001 2.5559
-1.32933 0.15001 2.58358
-1.86506 0.339205 2.8488
-0.381104 0.15001 -1.36251
-0.0394834 0.15001 0.0243635
-0.189331 0.150057 1.23743
-0.186337 0.163658 1.57037
-0.214549 0.151987 1.73029
-0.143137 0.15001 1.87437
-0.159872 0.15001 2.17676
-0.269743 0.15001 2.3728
-0.22964 0.15001 2.55244
-0.259777 0.15001 2.84999
-0.683178 0.15001 -2.84999
-0.742055 0.15001 -0.314595
-0.205681 0.15001 1.40622
-0.274776 0.301646 1.65476
-0.21243 0.314232 1.82103
-0.260073 0.15001 2.03573
-0.34236 0.15001 2.19213
-0.395682 0.15001 2.51348
-0.343771 0.150852 2.68929
-0.0782014 0.15001 2.84999
-0.798294 0.15001 -2.75894
-0.189893 0.155962 1.03877
-0.0888125 0.281501 1.3524
-0.153468 0.337594 1.51805
-0.128237 0.394421 1.68664
-0.171354 0.289694 1.98135
-0.234028 0.30476 2.14116
-0.159649 0.266038 2.29625
-0.114932 0.310464 2.5679
-0.241079 0.295255 2.74407
-1.11387 0.15001 -1.83451
-0.124409 0.338335 1.07079
-0.279614 0.320065 1.39579
-0.309256 0.432629 1.53847
-0.263586 0.478656 1.76861
-0.260672 0.448982 2.03796
-0.151815 0.427723 2.25487
-0.233755 0.321048 2.43756
-0.305232 0.310887 2.58898
-0.110502 0.313587 2.84999
-0.582136 0.15001 -2.57455
-0.130595 0.290797 0.893373
-0.0805322 0.412947 1.23028
-0.155947 0.463715 1.38827
-0.078819 0.548651 1.76818
-0.147479 0.459942 1.90673
-0.283008 0.527113 2.19573
-0.179964 0.49602 2.40812
-0.151236 0.491145 2.57497
-0.31682 0.405376 2.84999
-0.714494 0.15001 -1.75161
-0.125961 0.530427 1.08113
-0.260963 0.596917 1.45856
-0.169679 0.54206 1.60033
-0.397875 0.546077 1.87105
-0.13349 0.585335 2.10224
-0.0906745 0.591299 2.27966
-0.300121 0.57853 2.5155
-0.270727 0.473954 2.6993
-0.158222 0.491939 2.84999
-0.950384 0.15001 -2.1628
-1.8043 0.15001 -1.19257
-0.102615 0.597328 1.25091
-0.0466259 0.582762 1.46883
-0.171456 0.682767 1.70766
-0.220706 0.631032 1.87454
-0.219006 0.698556 2.22027
-0.177228 0.677328 2.41313
-0.0791357 0.651486 2.5601
-1.64439 0.15001 2.8496
-1.07717 0.15001 -1.55041
-0.355054 0.15001 -0.222896
-0.190652 0.729723 1.35291
-0.292388 0.738971 1.57932
-0.121718 0.84457 1.86953
-0.220801 0.754793 2.03982
-0.0944968 0.806521 2.3148
-0.347665 0.744236 2.60328
-0.212469 0.648405 2.68141
-1.16492 0.15001 2.84999
-0.954747 0.15001 -0.257947
-1.38911 0.15001 -0.533542
-1.16019 0.15001 0.604271
-0.117348 0.739513 1.52765
-0.20463 0.869569 1.69852
-1.22496 0.152455 1.93019
-1.05652 0.152158 2.29408
-0.154672 0.808561 2.54039
-1.19604 0.249505 2.69281
-1.3734 0.15001 2.79518
-0.62052 0.15001 -0.944226
-1.26948 0.15001 -0.280479
-0.923585 0.15001 0.637084
-0.682024 0.178659 0.798647
-0.417107 0.868463 1.7746
-0.204338 0.925906 2.07627
-0.37235 0.815443 2.23485
-0.438029 0.770819 2.4362
-0.941694 0.174574 2.46433
-1.04961 0.318028 2.84941
-0.531483 0.15001 -2.16014
0.129967 0.150112 1.13406
0.0215554 0.15001 1.30367
-0.0394655 0.15001 1.6734
0.0248153 0.15001 1.8552
0.0944417 0.15001 2.01025
0.0152409 0.15001 2.14821
-0.0396625 0.15001 2.2988
-0.0555709 0.15001 2.58199
0.0222026 0.15001 2.72734
-0.457695 0.15001 -2.7978
0.00504028 0.179344 0.976959
-0.045408 0.15001 1.14424
-0.0417965 0.15001 1.47149
0.135187 0.151529 1.72071
-0.080342 0.15001 2.02175
0.122681 0.15001 2.26581
-0.111845 0.178762 2.43661
-0.160738 0.15001 2.70844
0.231952 0.160152 2.84999
-0.362787 0.15001 -2.59731
0.0452469 0.30591 1.12456
0.107601 0.252577 1.41254
-0.00269046 0.291177 1.58513
-0.0410443 0.28363 1.77951
0.00296352 0.296475 1.96144
-0.0122421 0.308422 2.21035
0.103314 0.309112 2.33889
0.0661852 0.303431 2.50991
0.0504501 0.315454 2.68498
-0.60461 0.15001 -2.72689
0.0746263 0.3555 0.951934
0.0916435 0.365044 1.28064
0.0147089 0.400727 1.44405
0.0971363 0.379175 1.69848
-0.0117933 0.516582 1.9997
0.172438 0.423712 2.2195
-0.0593406 0.354971 2.40687
-0.0976772 0.40071 2.71037
0.0695254 0.254741 2.84999
-0.213255 0.15001 -0.982906
0.0534523 0.488189 1.1285
0.224196 0.411172 1.4043
-0.00401743 0.474629 1.6014
0.0193125 0.426324 1.84873
0.0785363 0.397617 2.07734
-0.0962176 0.40233 2.09369
0.0234167 0.456435 2.29912
0.0215376 0.451846 2.58074
0.0223374 0.427004 2.84999
-1.05071 0.15001 -2.33117
0.162861 0.525943 0.976121
0.0450093 0.518784 1.3261
0.133716 0.525205 1.51049
0.102887 0.546764 1.72675
0.0689848 0.602681 1.88711
0.04667 0.547921 2.16241
-0.0136694 0.540589 2.43994
-0.0228732 0.555978 2.71299
0.195258 0.463831 2.84999
-0.453384 0.15001 -1.8529
0.086116 0.649788 1.19014
0.170828 0.653976 1.36722
-0.00326518 0.64774 1.63504
-0.0107236 0.724673 1.78965
0.0709514 0.671954 2.05809
0.0377151 0.704383 2.24512
0.145346 0.586497 2.3199
0.0912743 0.636688 2.59273
-0.0968638 0.65614 2.84999
-0.0636793 0.15001 -0.767946
0.322099 0.15001 -0.111106
-0.0019762 0.707484 1.34869
0.0836202 0.722166 1.50902
0.150387 0.785026 1.68922
-0.0740851 0.686046 1.95739
0.204272 0.684824 2.17282
0.0452566 0.705228 2.42836
-0.0202894 0.735231 2.70743
0.0728731 0.591001 2.84999
-0.319657 0.15001 -1.54101
-0.00520146 0.15001 0.686846
-0.574068 0.15001 0.416701
-0.0571834 0.86256 1.40952
-0.0225953 0.839742 1.64789
0.0991139 0.779556 1.91528
-0.0661888 0.777618 2.12521
0.18118 0.77061 2.32615
0.0924661 0.818791 2.59786
-0.951665 0.15001 2.84999
-0.542103 0.15001 -0.72973
-0.193226 0.15001 -0.367107
0.0847841 0.15001 0.326298
0.268195 0.524482 0.73509
0.0652235 0.909 1.79761
-0.0115749 0.894101 2.00329
0.085609 0.867264 2.19262
-0.00123746 0.874047 2.45166
-0.716533 0.421018 2.81272
-0.848193 0.262161 2.84999
0.465461 0.15001 0.0178113
0.336459 0.160117 1.18578
0.242903 0.15001 1.44701
0.272943 0.15001 1.60587
0.194503 0.15001 1.88061
0.256185 0.15001 2.04305
0.268072 0.15001 2.2001
0.240621 0.15001 2.37397
0.261081 0.15001 2.54468
0.342219 0.15001 2.6882
-0.188972 0.15001 -2.84566
0.157371 0.155874 0.875723
0.198828 0.152066 1.28856
0.105593 0.15001 1.55554
0.311387 0.15001 1.76233
0.192574 0.304021 1.98941
0.404362 0.150185 2.28142
0.0719457 0.15001 2.42081
0.10344 0.15001 2.57387
0.398227 0.15001 2.84999
-0.167434 0.15001 -2.53612
0.236486 0.22701 1.02438
0.348332 0.247725 1.36056
0.325962 0.300163 1.52297
0.135135 0.297588 1.8337
0.304816 0.335316 2.11006
0.150496 0.263349 2.14854
0.270643 0.293376 2.28121
0.369626 0.277015 2.55193
0.183596 0.15001 2.70622
-0.0293819 0.15001 -2.7747
0.846453 0.15001 -1.08435
0.262246 0.331879 1.24209
0.160072 0.342819 1.54864
0.259993 0.309307 1.69439
0.175155 0.467851 1.92353
0.414912 0.362753 2.22966
0.23169 0.30062 2.44949
0.211109 0.340419 2.60846
0.335881 0.367169 2.84999
0.261187 0.357764 0.900275
0.207293 0.394484 1.091
0.403054 0.419456 1.39472
0.282675 0.46267 1.59237
0.256616 0.47169 1.76823
0.34612 0.470254 1.99121
0.20857 0.519739 2.08539
0.258785 0.448159 2.36142
0.317322 0.452934 2.521
0.203389 0.314314 2.76988
0.0716934 0.15001 -2.17018
0.355854 0.495484 1.01394
0.207846 0.511954 1.25865
0.302813 0.574425 1.45681
0.403121 0.538656 1.69682
0.223557 0.654901 1.97702
0.305369 0.547664 2.22885
0.1572 0.50598 2.48651
0.158137 0.496304 2.68178
0.382506 0.53161 2.84999
-0.312118 0.15001 -2.08353
0.257156 0.614524 1.11911
0.433678 0.581414 1.33881
0.232252 0.629342 1.63256
0.202124 0.667212 1.80687
0.349015 0.592781 1.87183
0.351964 0.641881 2.08794
0.304181 0.619384 2.39095
0.385067 0.612944 2.54306
0.240183 0.621022 2.80355
-0.119432 0.15001 -1.94276
0.417492 0.15001 -1.21545
0.312201 0.703972 1.27192
0.258274 0.753993 1.49369
0.35032 0.71821 1.74379
0.207376 0.828062 2.04745
0.36999 0.718487 2.2581
0.220622 0.735501 2.49096
0.254489 0.66244 2.64193
0.114787 0.76025 2.84999
0.337026 0.15001 -0.996122
0.354434 0.15001 -0.575045
0.420822 0.77466 1.41505
0.320223 0.854277 1.63206
0.259994 0.841354 1.86623
0.387697 0.812213 2.07529
0.275787 0.864607 2.20801
0.331873 0.849328 2.38528
0.370406 0.791836 2.58549
-0.518691 0.462714 2.84999
0.00570908 0.15001 -1.25431
0.840628 0.15001 0.128231
-0.299133 0.214705 0.434303
0.418775 0.243543 0.402288
0.136035 0.886411 1.53287
0.448234 0.924016 2.21795
0.478922 0.940295 2.42498
0.182821 0.911351 2.47024
-0.081508 0.830374 2.84999
0.324873 0.878063 2.84999
0.0473242 0.15001 -2.62956
0.330985 0.15001 0.733946
0.507248 0.15001 1.14934
0.419009 0.15001 1.48794
0.48407 0.15001 1.81606
0.497515 0.15001 1.98565
0.410688 0.177002 2.11782
0.53582 0.15001 2.38112
0.473221 0.15001 2.5684
0.499537 0.15001 2.7279
0.365494 0.15001 -2.61018
0.560702 0.168896 0.97701
0.488023 0.15001 1.32701
0.441669 0.150047 1.65436
0.548258 0.300593 1.87808
0.354397 0.150907 1.91818
0.555137 0.151284 2.21534
0.38535 0.150334 2.43923
0.614401 0.31481 2.73426
0.594815 0.15001 2.84999
0.108795 0.15001 -2.84999
0.684782 0.15001 -2.1181
0.450269 0.320499 1.24552
0.511763 0.293094 1.47937
0.421387 0.29851 1.76099
0.417009 0.307969 1.98413
0.526605 0.306836 2.11308
0.550243 0.30222 2.31118
0.54093 0.286015 2.47856
0.384579 0.304131 2.71425
0.559824 0.210216 0.806463
0.390929 0.15001 1.00629
0.598065 0.325515 1.33436
0.441205 0.383026 1.61832
0.586305 0.31315 1.69522
0.301145 0.344495 1.86775
0.569204 0.447487 2.22692
0.398381 0.337968 2.39637
0.508196 0.362755 2.61768
0.49616 0.308618 2.84999
0.35613 0.15001 -2.77156
0.381148 0.327892 1.08657
0.574744 0.495207 1.3903
0.598319 0.424992 1.55468
0.458367 0.451734 1.85063
0.558725 0.444296 2.01576
0.440943 0.501691 2.13217
0.608836 0.461136 2.39503
0.486168 0.482186 2.50629
0.492558 0.462486 2.74634
0.447575 0.323613 0.915538
0.5306 0.441837 1.04014
0.372652 0.480865 1.20638
0.46216 0.529812 1.52621
0.581544 0.498342 1.71354
0.613323 0.545884 1.88689
0.622472 0.58221 2.13824
0.429843 0.49937 2.34323
0.331932 0.484846 2.6878
0.620709 0.44797 2.84999
0.282709 0.15001 -2.29112
0.571065 0.15001 -1.67585
0.553653 0.488244 1.21289
0.567519 0.65855 1.63461
0.502264 0.634132 1.79896
0.49159 0.599745 1.99251
0.541256 0.607408 2.29914
0.592631 0.626972 2.46799
0.573678 0.569755 2.63489
0.542836 0.611059 2.83427
0.189441 0.15001 -1.86241
0.447002 0.642363 1.15005
0.561691 0.66735 1.45464
0.400094 0.68284 1.57932
0.68124 0.815079 1.68458
0.417716 0.752225 1.90718
0.509384 0.707255 2.14797
0.451438 0.722804 2.42733
0.426727 0.64909 2.70216
0.634647 0.753904 2.84999
0.189945 0.15001 -1.46366
0.777366 0.491687 0.844647
0.585367 0.676275 1.27352
0.542885 0.831297 1.54983
0.503255 0.802267 1.73043
0.574062 0.766683 1.98698
0.540569 0.808217 2.2988
0.613018 0.826939 2.46165
0.493477 0.810534 2.76252
0.378964 0.708902 2.84999
0.768317 0.15001 -0.886072
0.410688 0.15001 -0.802092
0.318426 0.155738 0.220618
0.113804 0.815504 1.23793
0.398796 0.935096 1.79116
0.474767 0.924886 1.96781
0.617057 0.854219 2.13513
0.514698 0.9121 2.60616
0.226587 0.816671 2.71619
0.714532 0.910366 2.84958
0.896482 0.15001 -2.11972
0.650699 0.15001 1.25144
0.634738 0.15001 1.42434
0.591069 0.151587 1.5811
0.630188 0.15001 1.74169
0.637979 0.15001 1.90583
0.763699 0.15001 2.16721
0.692896 0.15001 2.31372
0.617426 0.186032 2.62751
0.716501 0.15001 2.7468
1.02833 0.15001 -2.81121
0.859586 0.15001 -2.74662
0.8254 0.15001 1.18864
0.898266 0.15001 1.33633
0.921569 0.21882 1.77459
0.629426 0.15001 2.07509
0.893967 0.15001 2.266
0.659333 0.15001 2.47991
0.900568 0.15001 2.71475
0.83261 0.15001 2.84999
0.733582 0.154899 0.905362
0.693866 0.15001 1.08184
0.753363 0.245928 1.34799
0.806269 0.15001 1.48597
0.766879 0.15001 1.64928
0.78263 0.15001 1.82762
0.671441 0.291783 2.19415
0.814157 0.15001 2.4259
0.779216 0.150202 2.59546
0.723712 0.287156 2.84999
0.660721 0.15001 -2.80406
1.15262 0.15001 -2.20646
0.775975 0.312066 1.13412
0.70761 0.288302 1.55688
0.759549 0.293096 1.74003
0.66865 0.306685 2.00106
0.816186 0.308132 2.27365
0.701769 0.311659 2.40088
0.833917 0.293822 2.51847
0.795849 0.310733 2.69706
0.515128 0.15001 -2.73501
0.599729 0.305433 1.15423
0.726948 0.413287 1.4318
0.746147 0.445788 1.65616
0.673185 0.398917 1.83133
0.819816 0.310804 1.90864
0.709939 0.436463 2.11673
0.839129 0.431577 2.40424
0.676812 0.339106 2.57182
0.794441 0.445435 2.84999
0.884418 0.15001 -2.50191
0.669441 0.3289 0.988006
0.721396 0.431869 1.25652
0.6919 0.570076 1.53019
0.775246 0.540563 1.80765
0.752934 0.476269 1.96431
0.733824 0.479578 2.27808
0.718613 0.502539 2.52619
0.703666 0.471737 2.69882
0.887208 0.466431 2.71866
0.593063 0.15001 -1.9466
0.858094 0.394593 0.988481
0.726351 0.59221 1.36019
0.737246 0.641235 1.67952
0.666192 0.70547 1.832
0.86243 0.619204 1.9393
0.805232 0.604349 2.13453
0.760176 0.611903 2.3917
0.829167 0.600478 2.62845
0.726296 0.603297 2.84999
1.88155 0.15001 -1.68869
0.687981 0.344347 0.807309
0.71918 0.602496 1.16658
0.724119 0.751045 1.5098
0.845706 0.756988 1.79474
0.696466 0.651012 2.00158
0.687953 0.704031 2.25499
0.732737 0.712869 2.53699
0.548394 0.740796 2.60484
0.69066 0.687495 2.70362
1.39547 0.15001 -1.76097
1.20812 0.15001 -1.07082
0.760573 0.773565 1.31156
0.859287 0.827569 1.62159
0.629387 0.883451 1.84684
0.765976 0.801572 1.9515
0.801497 0.791214 2.15236
0.775959 0.797886 2.39085
0.858509 0.777125 2.66798
0.822477 0.768391 2.84999
1.21908 0.15001 -0.181413
0.937607 0.15001 -0.375132
0.490044 0.312895 0.677173
1.49339 0.459433 1.65018
1.17365 0.777862 1.40488
0.778002 0.948262 2.07422
0.715136 0.903736 2.2728
1.71907 0.297168 2.51329
0.904196 0.921435 2.56374
0.694183 0.856277 2.64514
1.2074 0.15001 -2.84999
0.910996 0.15001 -0.68779
1.00947 0.154304 1.20236
0.990723 0.15001 1.47076
0.933308 0.15001 1.62518
0.927469 0.15001 1.92726
0.918398 0.15001 2.09629
1.06076 0.15001 2.19203
0.942219 0.151588 2.56211
1.01051 0.15779 2.84999
1.65923 0.15001 -2.75241
1.16647 0.15001 -0.864446
1.15373 0.170221 1.49806
1.10257 0.150177 1.66445
1.07642 0.153029 1.8373
0.777284 0.150382 1.99896
1.07065 0.170936 2.01681
1.1051 0.15001 2.51598
1.18336 0.152125 2.82236
1.3577 0.15001 2.84999
1.33911 0.15001 -2.31509
0.886277 0.167296 1.02067
0.880165 0.340201 1.27748
0.8826 0.31567 1.45107
0.87907 0.324177 1.62224
1.00085 0.315857 1.90434
0.9705 0.296344 2.1752
1.11549 0.177687 2.34573
0.973578 0.15001 2.40627
1.56763 0.15001 2.84898
1.26205 0.15001 -2.49705
1.02641 0.290526 0.956696
1.03723 0.285553 1.359
1.03822 0.305985 1.54927
1.04042 0.323281 1.72447
0.823444 0.301375 2.08359
1.14624 0.319471 2.23294
1.00632 0.307641 2.50762
0.969309 0.31255 2.68053
0.910258 0.31043 2.84999
2.1124 0.15001 -2.15064
0.960886 0.303697 1.12375
1.02678 0.43346 1.25409
0.856782 0.486148 1.51905
0.893702 0.410212 1.78077
1.08151 0.345422 2.05479
0.875783 0.441267 2.17828
0.970983 0.307629 2.34348
0.906605 0.438927 2.55965
1.09322 0.314413 2.81455
0.872109 0.263344 0.848189
1.05674 0.465143 1.07502
1.01778 0.447903 1.44418
0.994148 0.473181 1.63271
1.02201 0.494382 1.87676
0.917336 0.44275 2.00953
1.04805 0.46645 2.19308
1.06065 0.458032 2.36579
1.08594 0.472351 2.53348
0.992 0.474543 2.84999
1.54957 0.15001 -1.88107
1.84094 0.15001 -1.29371
0.882496 0.513792 1.33619
0.890801 0.646025 1.59563
0.93845 0.600714 1.75969
1.06507 0.555494 2.03687
0.910757 0.556798 2.30185
0.933203 0.588047 2.47389
1.06291 0.510075 2.69889
1.37605 0.419816 2.84999
1.607 0.15001 -1.66487
0.874053 0.497295 1.14848
1.0786 0.612996 1.41373
1.07034 0.652091 1.61871
1.02188 0.691983 1.89392
0.928914 0.762281 2.03118
0.980246 0.647207 2.16176
1.07612 0.643928 2.33951
1.10152 0.658747 2.52114
0.903012 0.624214 2.80363
1.15292 0.15001 -1.26883
1.45343 0.15001 -0.133256
0.952399 0.664574 1.2433
0.890166 0.682146 1.42246
1.71458 0.289778 1.82425
1.82512 0.29871 1.99447
0.914216 0.735709 2.30038
0.930057 0.762178 2.4866
1.02408 0.694977 2.67999
1.20329 0.447918 2.84999
1.57159 0.15001 -0.932002
1.30549 0.15001 -0.456499
2.00862 0.15001 0.910948
1.80279 0.164634 1.60912
1.11182 0.762474 1.75265
1.42993 0.561601 2.07755
1.47063 0.45902 2.35801
1.71998 0.15001 2.20372
2.01568 0.317889 2.50805
1.11385 0.615833 2.84999
2.34249 0.15001 0.292553
0.588813 0.15001 0.572083
1.14293 0.15001 1.3214
2.45832 0.15001 1.11683
2.43785 0.15001 1.56354
1.77124 0.15001 1.9296
1.38018 0.163551 2.17004
2.32096 0.15001 2.43637
1.06835 0.15001 2.68721
2.3551 0.15001 2.6129
1.35591 0.15001 -2.74384
2.77868 0.15001 -1.4306
1.28272 0.153384 1.21292
2.84999 0.15001 0.19674
1.42802 0.164872 1.72922
1.38912 0.15001 1.99874
1.43491 0.175701 2.34175
1.25934 0.15001 2.28069
2.17225 0.15001 2.67483
1.73667 0.15001 2.84999
2.48575 0.15001 -1.48376
1.1258 0.15165 1.06664
1.30518 0.173905 1.41426
1.28941 0.152579 1.60259
1.24888 0.15001 1.77061
1.22357 0.15001 1.93915
1.21449 0.15001 2.11384
1.26275 0.152197 2.45108
1.23114 0.15001 2.63243
1.3919 0.16481 2.68735
1.51 0.15001 -2.63621
2.42614 0.15001 0.547562
1.45097 0.172344 1.30977
1.45447 0.180646 1.52964
2.59253 0.15001 1.23371
1.25581 0.303333 2.03796
1.54781 0.152381 2.16131
1.30394 0.328298 2.32916
1.42098 0.15001 2.51552
2.08963 0.15001 2.84999
2.32751 0.15001 -0.835949
1.1533 0.313546 1.18568
1.18309 0.355305 1.45091
1.19146 0.334649 1.63941
1.17821 0.311638 1.83081
1.3539 0.277487 1.87871
1.3775 0.366923 2.16922
1.16319 0.324393 2.43688
1.13481 0.315963 2.6247
1.43 0.348228 2.67822
1.8084 0.15001 -2.34629
0.754829 0.15001 0.330542
1.3011 0.332981 1.30612
1.34999 0.339543 1.54828
1.34077 0.377457 1.73169
1.38697 0.41597 1.9857
1.22346 0.501774 2.28997
1.44458 0.329956 2.45373
1.30106 0.303044 2.55428
1.4806 0.286475 2.84999
1.74624 0.15001 -2.16903
1.20995 0.311997 0.996496
1.18482 0.494115 1.30777
1.1679 0.509899 1.55862
1.14459 0.494 1.74676
1.19062 0.449796 1.93919
1.21707 0.464402 2.11681
1.26439 0.477334 2.46167
1.26404 0.307767 2.74494
1.91156 0.15001 2.84999
1.2638 0.166258 0.867866
1.51184 0.15001 0.222592
1.32156 0.48249 1.43014
2.33233 0.15001 0.989623
2.01054 0.15001 1.55758
1.93208 0.15001 2.01503
2.07131 0.15001 1.89611
2.13563 0.15001 2.4708
1.24025 0.471219 2.64149
1.21362 0.640696 2.70497
2.29102 0.15001 -1.85251
2.44596 0.15001 -0.324226
2.20096 0.15001 0.417558
1.71392 0.15001 1.28675
2.04147 0.15001 1.36356
1.19213 0.629808 1.91648
1.166 0.639189 2.17348
2.28581 0.290468 2.33611
1.83556 0.15001 2.66287
2.4171 0.321988 2.83868
2.14175 0.15001 -1.07088
1.89674 0.15001 -0.0353939
1.92756 0.15001 1.21234
1.6246 0.154186 1.63258
1.92302 0.15001 1.73822
2.10396 0.15001 1.71412
2.0806 0.153114 2.09143
1.68536 0.15001 2.4371
1.82912 0.266275 2.31236
1.66406 0.15001 2.69002
2.38773 0.15001 -2.27499
2.84044 0.15001 -0.882897
2.52308 0.15001 0.272621
2.60297 0.15001 0.477653
2.49591 0.15001 0.909919
2.68922 0.15001 1.55463
2.57412 0.15001 1.69046
2.68073 0.15001 2.04754
2.84285 0.15001 2.40642
2.68883 0.15001 2.54271
2.35298 0.15001 -1.11956
2.84999 0.15001 0.502797
2.84969 0.15001 -0.315422
2.84999 0.15001 0.729261
2.84999 0.15001 0.912871
2.84999 0.15001 1.45924
2.84999 0.15001 1.9123
2.70697 0.15001 2.27152
2.84999 0.15001 2.68984
2.44362 0.15001 2.84999
2.06647 0.15001 -2.64537
2.83453 0.15001 -0.00605381
2.84999 0.278772 0.367473
2.68849 0.15001 0.64379
2.72461 0.15001 1.09818
2.42302 0.15001 1.78233
2.84999 0.15001 1.68056
2.84999 0.15001 2.13481
2.74263 0.285381 2.11676
2.84999 0.15001 2.84999
2.70437 0.15001 -1.92984
2.84709 0.15001 -0.60563
2.6964 0.246034 -0.0159688
2.73043 0.15001 0.341819
2.67019 0.15001 0.92982
2.84999 0.15001 1.22753
2.71126 0.15001 1.80679
2.50088 0.15001 2.48739
2.84999 0.24325 2.55397
2.53086 0.15001 2.67185
2.75609 0.15001 -2.1984
1.34175 0.170995 1.0418
2.49358 0.15001 -0.788471
2.56441 0.288621 1.03462
2.71272 0.15001 1.35693
1.54921 0.234439 1.98129
2.80195 0.315434 1.93116
2.84999 0.268288 2.27799
2.68304 0.364587 2.26819
2.64509 0.15001 2.84999
2.84312 0.15001 -1.23388
2.52314 0.15001 -0.979791
2.63086 0.288744 0.371481
2.10641 0.15001 1.15697
2.79627 0.30535 1.32759
2.84999 0.47144 1.83968
2.56246 0.15001 1.90606
1.90152 0.15001 2.18853
2.70856 0.258106 2.70755
2.26699 0.15001 2.84999
2.5328 0.15001 -1.92428
2.55481 0.15001 -1.25951
2.62738 0.269315 0.800966
2.51767 0.15001 0.717122
2.84898 0.28536 1.02405
2.21997 0.15001 1.42112
2.50561 0.15001 2.21689
2.30664 0.15001 2.21129
1.54173 0.229054 2.609
2.00208 0.15001 2.58731
2.57012 0.15001 -0.494199
2.41949 0.15001 0.109841
2.36256 0.15001 0.80315
2.24429 0.283707 1.06704
2.55155 0.15001 1.42534
2.80947 0.286359 1.56404
2.24992 0.15001 2.00177
2.54434 0.319988 1.94575
2.79414 0.401975 2.4928
2.81324 0.367603 2.85
2.65645 0.15001 -1.62245
2.65626 0.15001 0.137255
2.24432 0.15001 0.612602
2.56922 0.15001 -0.123019
2.28385 0.15001 1.20363
2.5125 0.304866 1.27217
2.43505 0.15001 2.04858
2.67451 0.29771 1.71519
1.91509 0.15001 2.39841
2.60887 0.305856 2.56104
2.12869 0.15001 -0.846029
1.67799 0.15001 0.0508798
2.1817 0.15001 0.793241
2.16117 0.15001 0.979786
2.39325 0.15001 1.34759
2.25812 0.15001 1.60553
2.24955 0.15001 1.80874
2.09766 0.15001 2.28286
2.54036 0.27179 2.35399
2.60246 0.321707 2.84952
