1000 0.1
-2.84999 0.15001 -2.12368
-2.39445 0.15001 -1.61709
-2.30064 0.15001 -0.525238
-2.62989 0.15001 -1.64921
-2.63139 0.15001 -1.0306
-1.45364 0.15001 0.830837
-2.46432 0.15001 1.84361
-2.50293 0.15001 1.58536
-2.21829 0.15001 1.99061
-2.28724 0.15001 2.21827
-2.73283 0.15001 -2.84999
-2.84999 0.15001 -1.81388
-2.84998 0.15001 -1.64062
-2.75323 0.15001 -0.67824
-2.84992 0.15001 1.32286
-2.81224 0.15001 1.81798
-2.84075 0.15001 1.62223
-2.67454 0.15001 1.94573
-2.83872 0.15001 2.06243
-0.69808 0.15001 2.84999
-2.84577 0.15001 -2.69885
-2.42717 0.15001 -1.94144
-2.65827 0.15001 -1.83378
-2.413 0.15001 -0.0667396
-2.78392 0.15001 -1.47687
-2.82684 0.15001 -1.0136
-0.772046 0.245604 2.18574
-2.31546 0.15001 1.55325
-2.47511 0.15001 2.31474
-2.82353 0.15001 2.84469
-2.62248 0.15001 -2.7079
-2.59792 0.15001 -2.03773
-2.84999 0.15001 -0.831906
-2.84897 0.15001 0.830412
-2.84988 0.15001 0.334675
-2.8487 0.15001 0.575494
-2.62724 0.15001 1.02698
-2.83087 0.15001 1.12215
-2.84669 0.15001 2.25723
-1.91854 0.15001 2.83751
-2.05596 0.15001 -2.00004
-2.83417 0.15001 -2.29498
-2.39256 0.15001 -2.12485
-2.84952 0.15001 -1.30965
-2.36574 0.15001 -0.707754
-2.64817 0.15001 -0.427305
-2.65794 0.15001 0.767588
-0.733891 0.4228 2.31955
-1.90082 0.15001 1.86979
-2.62002 0.15001 2.80915
-2.67495 0.15001 -2.38719
-2.68182 0.15001 -2.19567
-2.4916 0.15001 -1.76506
-2.84951 0.15001 -0.401884
-2.59944 0.15001 -0.0714716
-2.68186 0.15001 0.454379
-2.8496 0.15001 0.0987159
-2.6526 0.15001 1.45032
-2.26384 0.15001 2.4404
-2.33659 0.15001 2.84769
-2.53313 0.15001 -2.84999
-2.77338 0.15001 -1.97078
-2.09172 0.15001 -0.342233
-2.50183 0.15001 0.344589
-2.679 0.15001 -0.855829
-2.69185 0.15001 0.226537
-2.50403 0.15001 0.616721
-2.38658 0.15001 1.16031
-2.4229 0.15001 2.04395
-2.11383 0.15001 2.83314
-2.84999 0.15001 -2.47
-2.10126 0.15001 -1.82095
-2.2936 0.15001 -1.77926
-2.75551 0.15001 -1.17034
-2.53874 0.15001 -0.266825
-2.02296 0.15001 0.709734
-2.08801 0.15001 0.510621
-2.64911 0.15001 1.73273
-1.77892 0.15001 1.62449
-2.69044 0.15001 2.50924
-2.24361 0.15001 -1.98627
-2.51877 0.15001 -1.50013
-2.00049 0.15001 0.0734411
-2.36831 0.15001 -0.348953
-2.48192 0.15001 -0.520324
-2.41549 0.15001 0.825986
-2.21004 0.15001 1.03875
-2.48566 0.15001 1.3612
-2.28122 0.15001 1.77775
-2.64807 0.15001 2.18661
-2.28723 0.15001 -2.29426
-2.1496 0.15001 -1.56908
-2.49378 0.15001 -0.898311
-2.56588 0.15001 -1.19723
-1.63835 0.15001 -0.255419
-2.23417 0.15001 0.728924
-1.86937 0.15001 0.589917
-1.85861 0.15001 0.840463
-1.82159 0.15001 1.05171
-2.00305 0.15001 1.65142
-2.42016 0.15001 -2.72103
-0.393926 0.15001 1.06717
-0.396748 0.203388 1.29928
-0.380452 0.190983 1.50172
-0.458519 0.172112 1.67773
-0.375126 0.176703 1.84327
-1.24456 0.15001 1.91354
-0.487443 0.16632 2.33914
-0.643115 0.196358 2.45035
-0.591508 0.150251 2.67905
-2.31601 0.15001 -2.5817
-0.522219 0.283948 1.03011
-0.563621 0.206328 1.20516
-0.561112 0.172321 1.41059
-0.625567 0.182526 1.59707
-2.51675 0.15001 0.11507
-0.589485 0.196021 2.18187
-0.932817 0.15001 2.23238
-0.744977 0.254669 2.61345
-0.499396 0.15001 2.84999
-1.80862 0.15001 -2.50756
-0.261465 0.364498 1.19235
-0.48584 0.360617 1.40576
-0.49696 0.349796 1.59337
-0.436138 0.351062 1.77467
-0.572711 0.181388 1.83317
-0.517362 0.15001 2.00979
-0.372651 0.318756 2.28013
-0.559689 0.31794 2.59383
-0.458559 0.386106 2.731
-2.28829 0.15001 -2.84992
-0.337547 0.346654 1.00146
-0.456366 0.39824 1.20749
-0.544439 0.529665 1.52684
-0.631313 0.340926 1.73341
-0.629713 0.357372 2.0739
-0.559333 0.366122 2.27532
-0.466905 0.351196 2.43672
-1.95316 0.15001 2.48081
-0.599557 0.345494 2.84999
-2.10347 0.15001 -2.84157
-2.18399 0.15001 -2.1576
-0.438229 0.548059 1.3581
-0.391018 0.639479 1.63031
-0.520116 0.517761 1.72177
-0.396533 0.33546 1.96056
-0.449031 0.407213 2.12828
-0.391765 0.503606 2.3446
-0.4524 0.499679 2.56122
-1.97495 0.15001 2.21251
-2.16876 0.15001 -2.66954
-0.32764 0.524496 1.08904
-2.65589 0.15001 -1.35814
-2.55362 0.15001 -0.71387
-0.563857 0.422169 1.90186
-0.504524 0.560645 2.03044
-0.52805 0.566008 2.2191
-0.563303 0.548359 2.40516
-0.679673 0.439703 2.51081
-1.82227 0.15001 2.65941
-2.08403 0.15001 -2.33376
-2.39936 0.15001 -2.42472
-0.308359 0.638374 1.24656
-0.485812 0.719374 1.47743
-0.389909 0.78217 1.76124
-0.350122 0.687612 2.02863
-0.463206 0.75148 2.172
-0.395631 0.699451 2.35214
-0.616794 0.498245 2.69307
-2.08565 0.15001 1.83337
-2.69878 0.15001 -2.55908
-2.19125 0.15001 -2.45968
-0.651832 0.364984 1.3071
-2.13645 0.15001 0.323134
-0.432454 0.837872 1.94083
-2.30901 0.15001 0.509372
-2.24502 0.15001 1.30517
-2.14837 0.15001 1.46236
-0.545037 0.69345 2.52652
-0.481813 0.625664 2.70505
-1.81254 0.15001 -2.69125
-1.58203 0.15001 -1.97215
-2.17043 0.15001 -0.702664
-2.29243 0.15001 -1.46072
-1.72363 0.15001 0.298577
-2.21077 0.15001 0.0644538
-1.66421 0.15001 0.500669
-1.67609 0.15001 1.21252
-2.05541 0.15001 1.20779
-1.72489 0.15001 2.84999
-1.98927 0.15001 -2.68026
-1.94407 0.15001 -1.62734
-2.44354 0.15001 -1.33386
-1.66102 0.15001 0.0747539
-0.690225 0.15001 0.699528
-2.30972 0.15001 0.282913
-2.02917 0.15001 0.955357
-1.9161 0.15001 1.38846
-1.74721 0.15001 2.04662
-2.11904 0.15001 2.59571
-1.26002 0.15001 -2.16685
-0.126013 0.15001 -1.66613
-0.227268 0.171441 1.18903
-0.187787 0.226785 1.53958
-0.276914 0.15001 1.67602
-0.184774 0.151177 1.82647
-0.227084 0.164673 2.16281
-0.297207 0.154194 2.34254
-0.283319 0.15087 2.52749
-0.312153 0.15001 2.84999
-1.55 0.15001 -2.84999
-1.84222 0.15001 -2.15591
-0.23275 0.150095 1.37561
-0.310633 0.339378 1.61903
-0.252359 0.333129 1.79102
-0.317299 0.15001 2.01077
-0.409506 0.15001 2.17229
-0.467282 0.159877 2.52024
-0.400774 0.176486 2.68977
-0.126327 0.150056 2.84999
-1.91377 0.15001 -2.84999
-0.216382 0.198854 0.989396
-0.109144 0.314048 1.32842
-0.165526 0.4079 1.50226
-0.153848 0.449563 1.6844
-0.213391 0.291928 1.95836
-0.275536 0.341902 2.12129
-0.188394 0.324789 2.27869
-0.149121 0.336323 2.59865
-0.270915 0.316261 2.7397
-2.00397 0.15001 -2.48807
-0.140873 0.378006 1.03974
-0.297941 0.353489 1.37954
-0.341233 0.492089 1.51608
-0.31397 0.517371 1.75567
-0.307717 0.501356 2.01862
-0.170682 0.498598 2.2254
-0.274511 0.399439 2.43777
-0.354802 0.328263 2.58224
-0.131006 0.337488 2.84999
-1.29507 0.15001 -2.56669
-0.141634 0.343974 0.850062
-0.097349 0.467714 1.20539
-0.190492 0.525387 1.35956
-0.0963396 0.616897 1.76616
-0.17629 0.487642 1.88304
-0.333392 0.588443 2.19083
-0.222149 0.574083 2.38902
-0.172417 0.538934 2.56387
-0.333329 0.43479 2.84999
-1.89464 0.15001 -2.33123
-0.14126 0.583654 1.03364
-0.295225 0.67212 1.43991
-0.201176 0.609673 1.59357
-0.435624 0.617076 1.86454
-0.176901 0.646323 2.09746
-0.119311 0.672239 2.27621
-0.327906 0.644843 2.52587
-0.306028 0.520368 2.68738
-0.1916 0.562896 2.84999
-1.59853 0.15001 -2.49583
-2.50933 0.15001 -2.56376
-0.123422 0.668144 1.20686
-0.07353 0.653265 1.44098
-0.206006 0.768941 1.70373
-0.252029 0.67441 1.86556
-0.276035 0.777835 2.21924
-0.223298 0.774422 2.40527
-0.129342 0.720923 2.55383
-1.53236 0.15001 2.84367
-2.01113 0.15001 -2.17712
-0.736747 0.15001 -2.48171
-0.213604 0.81049 1.32091
-0.347801 0.828517 1.57236
-0.169372 0.924281 1.85577
-0.256132 0.859215 2.02658
-0.120074 0.907272 2.31275
-0.412272 0.774751 2.63084
-0.250748 0.708349 2.69697
-1.34 0.15001 2.84999
-1.67137 0.15001 -2.14757
-2.51689 0.15001 -2.28221
-2.31718 0.15001 -0.989243
-0.171247 0.800751 1.51638
-0.227904 0.963097 1.67697
-1.63292 0.15001 0.844028
-1.4367 0.15001 1.36082
-0.249476 0.893316 2.58715
-1.64478 0.15001 2.2196
-1.76295 0.15001 2.4177
-1.62809 0.15001 -2.684
-1.90883 0.15001 -1.83144
-1.99094 0.15001 -0.705537
-1.30039 0.15001 -0.864396
-1.29907 0.15001 1.68837
-1.3786 0.15001 2.08788
-1.42398 0.15001 1.86884
-1.69219 0.15001 1.83625
-1.71355 0.15001 1.43849
-1.62061 0.15001 2.65551
-1.71708 0.15001 -2.3484
0.121028 0.15001 1.07192
-0.00482792 0.152714 1.26453
-0.0642875 0.15001 1.66046
-0.0019535 0.15001 1.83729
0.0625937 0.15001 2.00876
-0.0494128 0.174394 2.14099
-0.119399 0.15001 2.30038
-0.101783 0.15001 2.56036
-0.0197266 0.15001 2.71543
-1.37683 0.15001 -2.84999
-0.00321401 0.217625 0.922597
-0.0665484 0.163955 1.09246
-0.0583796 0.15001 1.43928
0.125575 0.165351 1.70022
-0.121555 0.15001 1.98981
0.0694861 0.15001 2.25716
-0.155683 0.258208 2.43717
-0.214371 0.15001 2.69652
0.258104 0.15001 2.84999
-1.29242 0.15001 -2.36603
0.0431579 0.334416 1.0878
0.0838442 0.275561 1.38262
-0.01956 0.315516 1.57758
-0.066954 0.313505 1.7689
-0.0208835 0.317311 1.9553
-0.0360555 0.351658 2.18576
0.0822934 0.327357 2.32644
0.0409615 0.321184 2.50319
0.0293642 0.328121 2.68379
-1.45314 0.15001 -2.64089
0.0647716 0.412193 0.909538
0.0814774 0.411062 1.25258
0.00266743 0.445338 1.42074
0.0879149 0.43558 1.68017
-0.0457598 0.584614 1.98649
0.153867 0.470549 2.20983
-0.0944123 0.427741 2.43023
-0.106111 0.460937 2.71986
0.0711748 0.214103 2.84999
-1.00625 0.15001 -2.60271
0.0417063 0.543941 1.099
0.225026 0.44777 1.3776
-0.0286356 0.532621 1.58016
0.00771786 0.477406 1.84278
0.0665163 0.450087 2.05093
-0.128273 0.438799 2.05624
0.00226233 0.494207 2.29953
0.00521378 0.487521 2.57314
0.047736 0.384858 2.84999
-1.72585 0.15001 -2.84999
0.137012 0.598134 0.930311
0.0277255 0.588831 1.29758
0.121479 0.591418 1.48186
0.0910042 0.617364 1.70248
0.0634785 0.670851 1.87753
0.0181092 0.603846 2.1588
-0.03646 0.608005 2.43376
-0.0706243 0.642764 2.70715
0.194338 0.490793 2.84999
-1.44798 0.15001 -2.4213
0.0813755 0.72754 1.14914
0.165905 0.720258 1.33527
-0.0351162 0.71836 1.61457
-0.0343414 0.800921 1.77716
0.045619 0.750575 2.0536
0.0299438 0.768025 2.25146
0.128235 0.630351 2.31929
0.052619 0.675566 2.5754
-0.161738 0.755478 2.84999
-0.819675 0.15001 -2.65086
0.64348 0.15001 -2.16039
-0.00871221 0.779114 1.30526
0.0756092 0.791999 1.48735
0.156257 0.876229 1.63944
-0.107105 0.756377 1.94619
0.194634 0.760939 2.16267
0.0430322 0.774961 2.43126
-0.0621313 0.846448 2.70322
-0.01255 0.539987 2.84999
-1.48128 0.15001 -2.11205
0.191426 0.15001 0.17216
-1.81609 0.15001 -0.861391
-0.0647476 0.90783 1.41498
-0.0409445 0.918605 1.60733
0.0813297 0.861642 1.90993
-0.11142 0.819652 2.14574
0.195358 0.812326 2.33813
0.0920081 0.928991 2.60236
-1.41972 0.15001 2.35003
-1.55162 0.15001 -2.28528
-0.322998 0.15001 -2.63439
0.591284 0.15001 -1.72601
-1.29375 0.15001 -0.543777
0.0499891 0.964317 1.76419
-0.0616397 0.923833 2.00741
0.066446 0.908768 2.14806
-0.0803913 0.886265 2.50293
-1.00317 0.15001 2.51506
-1.12476 0.15001 2.80013
0.898355 0.15001 -1.9183
0.335738 0.177752 1.15602
0.238338 0.15001 1.40533
0.274345 0.151411 1.58014
0.178016 0.15001 1.87144
0.237195 0.15001 2.04053
0.232398 0.15001 2.21061
0.190558 0.150349 2.38708
0.24749 0.151361 2.55475
0.35098 0.15001 2.69124
-1.21599 0.15001 -2.76452
0.170083 0.163329 0.841687
0.175705 0.192786 1.24248
0.0966408 0.151867 1.52607
0.310023 0.15001 1.7529
0.174983 0.314559 1.97449
0.391668 0.15001 2.26177
0.00642747 0.152219 2.4161
0.0765016 0.15001 2.56728
0.433552 0.169167 2.84999
-1.03733 0.15001 -2.80655
0.219593 0.287146 0.992316
0.344515 0.285033 1.3399
0.333341 0.32403 1.51789
0.111589 0.316024 1.81088
0.271631 0.406147 2.09282
0.128397 0.288405 2.1447
0.265903 0.319697 2.26905
0.368094 0.29598 2.54791
0.16364 0.15001 2.71206
-0.832752 0.15001 -2.84999
0.676429 0.15001 -2.55221
0.255953 0.361772 1.19663
0.151297 0.366345 1.52514
0.245014 0.325468 1.68051
0.174732 0.51967 1.9076
0.408113 0.418403 2.20708
0.220827 0.326465 2.44758
0.188959 0.392437 2.61166
0.35471 0.402053 2.84999
0.263787 0.414745 0.852141
0.211369 0.469833 1.05235
0.412101 0.463812 1.38562
0.276672 0.505694 1.55685
0.24745 0.522255 1.7363
0.346593 0.531524 1.99119
0.183993 0.598 2.06989
0.251951 0.487921 2.35698
0.329784 0.489306 2.52193
0.210545 0.320135 2.77929
-0.256073 0.15001 -2.37332
0.362325 0.55759 0.963178
0.201716 0.563784 1.23242
0.304774 0.63909 1.42999
0.397037 0.615387 1.6749
0.213355 0.748056 1.96236
0.289392 0.60389 2.21665
0.156452 0.556492 2.49188
0.112138 0.546136 2.7033
0.357395 0.581319 2.84999
-1.14631 0.15001 -2.49044
0.256143 0.671334 1.08323
0.443201 0.65295 1.30624
0.234763 0.695236 1.60243
0.189191 0.757076 1.77875
0.327684 0.644913 1.84965
0.345852 0.714045 2.07527
0.292535 0.672622 2.3923
0.397092 0.677232 2.53263
0.198139 0.669724 2.84999
-0.606481 0.15001 -2.6549
0.446006 0.15001 -2.19098
0.316088 0.784342 1.23759
0.256697 0.837617 1.4594
0.354789 0.799246 1.71774
0.208345 0.935449 2.03208
0.374277 0.778626 2.2523
0.216361 0.801008 2.52358
0.245231 0.643612 2.62749
0.0174373 0.711649 2.84999
0.181184 0.15001 -2.6204
0.268109 0.15001 -2.31159
0.43062 0.866573 1.37354
0.326306 0.958357 1.59295
0.238329 0.936899 1.84404
0.39129 0.907214 2.08024
0.264355 0.925567 2.21571
0.29461 0.946559 2.41645
0.293339 0.799859 2.69689
-0.912778 0.15001 2.84783
0.0124539 0.15001 -1.8753
1.74961 0.15001 -1.37817
-1.98921 0.15001 -0.954295
0.462935 0.15001 -1.95552
0.356551 0.372753 0.611452
0.591208 0.926022 2.08936
0.472362 0.970878 2.3976
0.0612264 0.935034 2.34354
-0.381387 0.603392 2.84999
0.182649 0.849841 2.84999
-0.484421 0.15001 -2.84954
0.163122 0.15001 0.373621
0.510647 0.167548 1.09512
0.424005 0.15001 1.45803
0.481385 0.15001 1.82098
0.487782 0.15001 2.00835
0.369849 0.250426 2.11542
0.532258 0.15001 2.3666
0.497956 0.15001 2.54013
0.531203 0.15001 2.70514
-0.00106295 0.15001 -2.80267
0.549948 0.194033 0.914389
0.482553 0.164185 1.28307
0.45134 0.16506 1.63952
0.557134 0.31867 1.86324
0.344283 0.212015 1.91761
0.544694 0.150096 2.18845
0.364227 0.150956 2.43002
0.635246 0.391807 2.71859
0.618288 0.15161 2.84999
-0.257398 0.15001 -2.84367
0.826214 0.15001 -2.65638
0.452913 0.371544 1.22108
0.515212 0.318295 1.48096
0.416668 0.314138 1.7475
0.417891 0.363304 1.97536
0.536143 0.326319 2.10404
0.538476 0.314486 2.28641
0.548585 0.32125 2.46364
0.409825 0.311935 2.7175
0.554394 0.247207 0.73257
0.364255 0.159059 0.962215
0.606606 0.351867 1.32251
0.440652 0.441905 1.61712
0.586558 0.336734 1.67236
0.288209 0.387168 1.85225
0.582403 0.482543 2.2259
0.39669 0.377938 2.38738
0.498172 0.415931 2.60483
0.53189 0.3287 2.84999
0.212547 0.15001 -2.84922
0.388155 0.361689 1.04624
0.587701 0.540442 1.36459
0.612455 0.46621 1.53618
0.454165 0.490995 1.83408
0.559744 0.47934 2.00271
0.455447 0.580036 2.1383
0.648717 0.499591 2.39343
0.501736 0.540763 2.48228
0.488479 0.494684 2.76481
0.460152 0.369097 0.868002
0.541865 0.494761 1.00266
0.372099 0.531427 1.16582
0.474413 0.59372 1.50699
0.577694 0.544043 1.704
0.623796 0.599166 1.87802
0.633216 0.621494 2.10042
0.424165 0.556585 2.32718
0.314283 0.492121 2.6992
0.645357 0.506633 2.84999
-0.0332315 0.15001 -2.60112
0.63839 0.15001 -2.37233
0.559534 0.557897 1.18033
0.580885 0.711334 1.61955
0.50041 0.708606 1.7959
0.480499 0.651782 1.97087
0.554824 0.669509 2.27694
0.623669 0.685493 2.44593
0.586888 0.586106 2.63289
0.533948 0.652578 2.84999
-0.222694 0.15001 -2.07139
0.451242 0.708091 1.10539
0.570924 0.741175 1.42625
0.413364 0.769844 1.54427
0.714358 0.913753 1.65796
0.382784 0.813729 1.91016
0.513269 0.76413 2.12371
0.466834 0.787796 2.41036
0.429281 0.661445 2.70203
0.662303 0.773061 2.84999
0.0757745 0.15001 -2.41237
1.2912 0.15001 -0.693242
0.587026 0.76873 1.23417
0.552684 0.916318 1.52345
0.53955 0.87035 1.70912
0.585941 0.798897 1.95144
0.557889 0.867551 2.27197
0.628933 0.912196 2.47115
0.507865 0.816914 2.76088
0.365025 0.755437 2.84999
0.851909 0.15001 -2.35004
0.00354241 0.15001 -2.14525
0.393632 0.15001 -1.77211
0.780578 0.15001 -0.240723
0.401183 0.968486 1.76874
0.498317 0.955051 1.92656
0.706291 0.782762 2.10455
0.396855 0.86177 2.56362
0.117999 0.752818 2.71091
0.769223 0.920036 2.84999
0.951936 0.15001 -2.8286
0.659672 0.155134 1.20315
0.647008 0.15052 1.37958
0.602895 0.163251 1.54633
0.630013 0.152943 1.71979
0.648247 0.152292 1.89254
0.802958 0.150028 2.1536
0.697519 0.15001 2.2935
0.637543 0.260521 2.60458
0.718692 0.15001 2.71373
1.32084 0.15001 -2.84999
0.745091 0.15001 -2.84985
0.839503 0.160021 1.15321
0.943808 0.15001 1.3027
0.943504 0.274744 1.75483
0.657426 0.151258 2.06392
0.942175 0.15001 2.24957
0.670743 0.15001 2.4701
0.918144 0.173715 2.70622
0.825651 0.15001 2.84999
0.738723 0.168964 0.840261
0.702215 0.178375 1.02563
0.773797 0.273219 1.30659
0.82744 0.152531 1.44577
0.775646 0.15001 1.6165
0.80881 0.15001 1.79531
0.692582 0.304294 2.18813
0.848718 0.16066 2.39924
0.809592 0.15001 2.57027
0.726851 0.30868 2.84999
0.48503 0.15001 -2.84999
1.15946 0.15001 -2.63462
0.79607 0.345132 1.10003
0.725034 0.313183 1.52739
0.763503 0.313462 1.7162
0.682648 0.330247 1.99336
0.852181 0.311699 2.26984
0.71106 0.323137 2.38317
0.857329 0.322223 2.50208
0.811252 0.339306 2.68485
0.389796 0.15001 -2.53782
0.608071 0.342909 1.12475
0.752937 0.45438 1.40448
0.756387 0.505786 1.65076
0.687064 0.439949 1.82062
0.833863 0.335049 1.89201
0.726216 0.466944 2.115
0.841287 0.472747 2.37717
0.698147 0.421119 2.54869
0.828944 0.465568 2.84999
1.13741 0.15001 -2.84999
0.677566 0.365714 0.94656
0.727883 0.482527 1.22003
0.703289 0.62524 1.50114
0.790784 0.614835 1.79747
0.785884 0.518423 1.9546
0.742948 0.581926 2.26251
0.760321 0.589279 2.52661
0.752454 0.529228 2.69641
0.934043 0.51109 2.70842
0.58879 0.15001 -2.71498
0.867569 0.457906 0.951795
0.72857 0.663914 1.3185
0.773049 0.720102 1.6448
0.67895 0.763195 1.79293
0.929044 0.665216 1.94338
0.837977 0.651528 2.11838
0.820464 0.699448 2.40121
0.884015 0.678239 2.64101
0.774632 0.636515 2.84999
2.01034 0.15001 -2.4979
0.696982 0.39347 0.75725
0.720984 0.659985 1.12203
0.737748 0.825693 1.48565
0.869057 0.835005 1.79233
0.751707 0.705134 1.95433
0.712931 0.764082 2.27978
0.759487 0.798291 2.54112
0.556434 0.774454 2.58904
0.706903 0.707331 2.68995
1.38169 0.15001 -2.39342
1.0448 0.15001 -2.32568
0.760727 0.858271 1.28879
0.897334 0.910918 1.60185
0.668394 0.934157 1.84292
0.797633 0.896919 1.97031
0.872731 0.857198 2.15433
0.805249 0.906745 2.3916
0.871219 0.876324 2.67981
0.884629 0.782121 2.84999
1.75526 0.15001 -2.02254
0.906046 0.15001 -1.55012
0.551626 0.15001 -1.12092
1.59525 0.15001 1.84218
1.38136 0.15001 -0.109723
1.7851 0.293595 2.02055
0.72416 0.937453 2.22296
1.97784 0.15001 2.29008
2.41226 0.249895 2.51107
0.670683 0.884854 2.6889
1.50659 0.15001 -2.84999
0.907472 0.15001 -2.16226
1.03448 0.166818 1.14495
1.03127 0.153583 1.46106
0.955267 0.15001 1.6261
0.967203 0.15001 1.89394
0.970648 0.150127 2.07416
1.11523 0.157415 2.20383
0.983382 0.15001 2.54529
1.01731 0.15001 2.84999
1.70072 0.15001 -2.84995
1.07813 0.15001 -2.06121
1.19954 0.23429 1.47143
1.14047 0.158993 1.63049
1.1168 0.182251 1.81005
0.811063 0.161306 1.9759
1.1186 0.23821 2.01081
1.16022 0.1758 2.51818
1.20248 0.15001 2.84999
1.39072 0.15001 2.84999
1.35297 0.15001 -2.63925
0.904239 0.193601 0.977272
0.900992 0.396552 1.25366
0.900948 0.336321 1.43424
0.896931 0.386054 1.61059
1.02007 0.352777 1.90231
1.01727 0.327898 2.14717
1.18145 0.262178 2.34932
1.04706 0.15001 2.38318
1.79164 0.15001 2.84929
0.986642 0.15001 -2.51572
1.05297 0.313753 0.913658
1.06225 0.32464 1.33549
1.06247 0.341152 1.54053
1.07738 0.395588 1.72503
0.849325 0.325707 2.07652
1.19556 0.373402 2.20071
1.04594 0.330948 2.50272
0.996824 0.340184 2.67851
0.927735 0.315426 2.84999
2.40683 0.15001 -2.84999
0.989071 0.351292 1.0928
1.05618 0.505775 1.22883
0.875542 0.550697 1.5096
0.9019 0.468555 1.77937
1.1299 0.430095 2.03137
0.893669 0.475048 2.1912
1.01603 0.357034 2.32743
0.93549 0.49085 2.53102
1.12445 0.31542 2.82289
0.878055 0.310254 0.814543
1.07798 0.517767 1.03315
1.04178 0.500107 1.42802
1.02397 0.541078 1.62202
1.05576 0.541473 1.85892
0.954816 0.490013 2.01743
1.07618 0.532943 2.18434
1.06776 0.526112 2.37349
1.11925 0.536763 2.55009
1.04281 0.471556 2.84999
1.42968 0.15001 -2.21942
1.81542 0.15001 -2.48514
0.89499 0.572871 1.321
0.940315 0.722794 1.56684
0.960002 0.666952 1.74678
1.10585 0.62855 2.01857
0.936789 0.624217 2.28664
0.983901 0.664497 2.47655
1.11078 0.588908 2.72346
1.99643 0.15029 2.61691
1.58036 0.15001 -2.35564
0.889801 0.553662 1.12333
1.09124 0.690037 1.4103
1.11954 0.722129 1.63159
1.07516 0.76382 1.86078
0.982779 0.851081 2.00248
1.01425 0.727112 2.15075
1.11762 0.709089 2.33254
1.15735 0.728218 2.52771
0.977031 0.637321 2.84236
1.20182 0.15001 -2.44659
1.87492 0.15001 -1.79904
0.969857 0.723806 1.2099
0.895947 0.754895 1.38847
1.66095 0.15001 1.66149
1.63823 0.15001 0.661554
0.956552 0.814318 2.31815
0.960039 0.853068 2.50842
1.04324 0.770084 2.68891
1.50869 0.296452 2.84999
1.25895 0.15001 -2.13959
1.28365 0.15001 -1.71644
1.50187 0.15001 -0.588805
1.51439 0.15001 0.0773182
1.37524 0.15001 0.609889
1.7776 0.15001 2.30875
1.85978 0.15001 2.109
1.8614 0.15001 1.52483
2.22897 0.15001 1.95987
1.27137 0.427221 2.84999
2.31136 0.15001 -1.86401
1.48301 0.15001 -1.15941
1.15059 0.154028 1.30361
2.10685 0.15001 -0.702212
2.11331 0.15001 0.0125309
1.78287 0.15001 1.89134
1.4262 0.239845 2.14794
2.42909 0.15001 1.85127
1.10626 0.175608 2.69064
2.38125 0.15001 2.30776
1.80675 0.15001 -2.659
2.84999 0.15001 -2.52662
1.3087 0.168138 1.19312
2.84763 0.15001 -1.86159
1.47234 0.219799 1.71046
1.44631 0.154739 1.97284
1.48875 0.203817 2.32764
1.30869 0.15001 2.27254
2.21277 0.15001 2.55527
1.97708 0.15001 2.84999
2.45666 0.15001 -2.53526
1.17182 0.174043 1.01931
1.34614 0.163195 1.38361
1.33664 0.152735 1.5736
1.29291 0.171221 1.74854
1.26255 0.154651 1.92354
1.26307 0.150826 2.09999
1.32453 0.160066 2.45099
1.29189 0.15001 2.64067
1.46909 0.200929 2.69014
1.55507 0.15001 -2.61559
2.11728 0.15001 -1.63887
1.49996 0.200423 1.27987
1.50825 0.205102 1.50275
2.40308 0.15001 -0.61048
1.29681 0.339141 2.03265
1.59879 0.161446 2.11089
1.34562 0.352719 2.32366
1.49154 0.157418 2.51502
2.33527 0.15001 2.84999
1.35958 0.15001 -1.96521
1.17014 0.333722 1.17511
1.21658 0.413049 1.42351
1.23462 0.354417 1.63093
1.2137 0.342182 1.84492
1.40338 0.318973 1.86806
1.42013 0.433438 2.16578
1.20723 0.414988 2.44298
1.17447 0.369236 2.63511
1.4571 0.445198 2.67614
2.06463 0.15001 -2.84999
1.28885 0.15001 -1.51248
1.3392 0.361484 1.28329
1.39563 0.372952 1.52771
1.37132 0.456333 1.7291
1.42421 0.493095 1.97627
1.24799 0.541091 2.29719
1.49507 0.375992 2.43966
1.34324 0.333251 2.55068
1.60771 0.15001 2.84999
1.88086 0.15001 -2.84999
1.229 0.37724 0.989587
1.22203 0.572563 1.298
1.19928 0.560332 1.54164
1.19603 0.555303 1.73084
1.24414 0.520909 1.91192
1.26834 0.542112 2.10502
1.32215 0.560378 2.48231
1.31397 0.298163 2.73984
2.16132 0.15001 2.84999
1.25857 0.229785 0.846903
1.72913 0.15001 -1.65618
1.36493 0.556129 1.43515
2.05819 0.15001 -1.10013
1.57304 0.15001 -0.173783
1.88537 0.15001 1.12499
1.82052 0.15001 0.764073
2.24424 0.15001 2.15578
1.28333 0.53056 2.67095
1.24185 0.728364 2.71754
2.02245 0.15001 -2.67759
1.77473 0.15001 -2.31733
1.93688 0.15001 -1.60654
1.22136 0.15001 0.198108
1.39301 0.15001 -0.412623
1.25323 0.717155 1.9192
1.21137 0.7219 2.16058
2.25697 0.15001 1.74586
1.85436 0.15001 2.48885
2.38653 0.15001 2.6565
1.60889 0.15001 -2.15085
1.95748 0.15001 -1.99388
0.942283 0.15001 -0.222017
1.70127 0.15001 1.25714
1.77591 0.15001 0.485454
1.76579 0.15001 0.213458
2.01661 0.15001 1.40538
1.66206 0.15001 2.46377
2.05825 0.15001 2.12872
1.66297 0.15001 2.66783
2.61946 0.15001 -2.84999
2.67342 0.15001 -2.29991
2.16012 0.15001 -1.97981
2.47937 0.15001 -1.77329
2.33951 0.15001 -1.26847
2.31814 0.15001 -0.0534882
2.33266 0.15001 0.205812
2.51548 0.15001 0.969396
2.84999 0.15001 1.52411
2.84779 0.15001 1.95431
2.20661 0.15001 -2.60825
2.71246 0.15001 -1.60291
2.47143 0.15001 -2.17915
2.85 0.15001 -1.44634
2.79743 0.15001 -1.25335
2.84389 0.15001 -0.338343
2.85 0.15001 0.66698
2.598 0.15001 1.46132
2.84999 0.15001 2.49922
2.55667 0.15001 2.44501
2.23755 0.15001 -2.79588
2.84998 0.15001 -2.02953
2.84999 0.15001 -1.69329
2.65713 0.15001 -1.83513
2.54049 0.15001 -0.932058
2.24205 0.15001 0.541958
2.84997 0.15001 0.110376
2.85 0.15001 1.00298
2.6876 0.15001 1.17807
2.84999 0.15001 2.84999
2.84999 0.15001 -2.68969
2.84999 0.15001 -2.19668
2.0258 0.15001 -2.31305
2.66566 0.15001 -2.11876
2.54666 0.15001 -1.23685
2.84646 0.15001 -0.896946
2.52112 0.15001 0.618322
2.6248 0.15001 1.90486
2.84999 0.15001 2.23252
2.5638 0.15001 2.22173
2.83102 0.15001 -2.84999
1.37115 0.227556 1.01872
2.23148 0.15001 -2.26947
2.32481 0.15001 -1.05005
2.50584 0.15001 -0.398893
1.56175 0.327382 1.99217
2.68865 0.15001 0.866116
2.84999 0.15001 1.29343
2.31092 0.15001 1.50741
2.67786 0.15001 2.85
2.84999 0.15001 -2.3625
2.49717 0.15001 -2.36345
2.48544 0.15001 -1.95952
1.71485 0.15001 -0.531234
2.85 0.15001 -0.591642
2.84831 0.15001 0.478293
2.46161 0.15001 0.795185
1.90798 0.15001 1.71159
2.7069 0.15001 2.08509
2.50623 0.15001 2.84862
2.491 0.15001 -2.70342
2.64573 0.15001 -2.4826
2.63305 0.15001 -1.45057
2.19774 0.15001 -1.48826
2.84916 0.15001 -1.06015
1.88857 0.15001 -0.0607861
2.40165 0.15001 1.22276
2.21867 0.15001 1.2615
1.59243 0.322156 2.59749
2.1382 0.15001 2.38562
2.3015 0.15001 -2.43987
2.09015 0.15001 -2.14535
2.15281 0.15001 -1.2738
1.90074 0.15001 -0.792733
2.25601 0.15001 -0.344463
2.53197 0.15001 -0.137873
2.03319 0.15001 0.981214
2.26983 0.15001 0.768184
2.71206 0.15001 1.72921
2.67005 0.15001 2.60521
2.67113 0.15001 -2.67267
2.30779 0.15001 -2.08226
1.96104 0.15001 -1.3863
1.9019 0.15001 -2.18504
1.83464 0.15001 -0.308333
2.05186 0.15001 -0.523608
2.28653 0.15001 1.02054
2.57773 0.15001 0.312041
2.02948 0.15001 1.91841
2.44626 0.15001 2.0547
1.06672 0.15001 -1.79201
2.05875 0.15001 -1.8236
1.73123 0.15001 -0.874446
1.36726 0.15001 -0.966444
2.06133 0.15001 -0.215724
2.09899 0.15001 0.382709
1.99873 0.15001 0.557213
2.09569 0.15001 1.5931
2.46923 0.15001 1.67746
2.71508 0.15001 2.3448
