1000 0.1
-2.84995 0.15001 -2.48518
-1.74245 0.15001 -1.85694
-2.26792 0.15001 -1.3578
-2.5189 0.15001 -2.09149
-2.49818 0.15001 -1.89343
-1.44033 0.15001 -0.0977303
-2.53395 0.15001 1.54201
-2.61383 0.15001 1.02896
-2.14837 0.15001 1.52656
-2.23416 0.15001 1.89673
-2.47744 0.15001 -2.84999
-2.80205 0.15001 -2.30393
-2.62279 0.15001 -2.2363
-2.6872 0.15001 -1.53999
-2.84566 0.15001 0.740614
-2.8386 0.15001 1.55746
-2.84569 0.15001 1.23629
-2.59881 0.15001 1.76017
-2.80123 0.15001 1.75114
-0.766 0.15001 2.84999
-2.67301 0.15001 -2.84864
-1.98813 0.15001 -2.16924
-2.36729 0.15001 -2.20414
-2.49416 0.15001 -1.02817
-2.79421 0.15001 -2.12673
-2.76249 0.15001 -1.81653
-0.792555 0.284622 2.18173
-2.34961 0.15001 0.976683
-2.43075 0.15001 2.04398
-2.81708 0.15001 2.82884
-2.38547 0.15001 -2.69646
-2.16958 0.15001 -2.23686
-2.83362 0.15001 -1.65003
-2.77695 0.15001 0.126995
-2.80011 0.15001 -0.586775
-2.84119 0.15001 -0.22381
-2.69405 0.15001 0.364007
-2.84452 0.15001 0.537316
-2.81025 0.15001 2.11468
-1.89115 0.15001 2.83994
-1.44395 0.15001 -1.97913
-2.72079 0.15001 -2.61469
-1.73876 0.15001 -2.17467
-2.84999 0.15001 -1.9635
-2.30843 0.15001 -1.54911
-2.66936 0.15001 -1.35338
-2.62937 0.15001 -0.0168946
-0.75501 0.460783 2.31716
-2.05237 0.15001 1.36043
-2.592 0.15001 2.66694
-2.50926 0.15001 -2.5254
-2.65958 0.15001 -2.42273
-2.19042 0.15001 -2.0655
-2.83881 0.15001 -1.43791
-2.7372 0.15001 -1.08225
-2.70565 0.15001 -0.408152
-2.81334 0.15001 -0.791702
-2.80331 0.15001 0.942045
-2.2466 0.15001 2.13937
-2.37934 0.15001 2.8472
-2.29068 0.15001 -2.84999
-2.47331 0.15001 -2.34887
-2.16426 0.15001 -1.20326
-2.54327 0.15001 -0.529904
-2.61588 0.15001 -1.71727
-2.65053 0.15001 -0.705497
-2.49653 0.15001 -0.155999
-2.48669 0.15001 0.309907
-2.39543 0.15001 1.72745
-2.1539 0.15001 2.83741
-2.83806 0.15001 -2.76595
-1.33447 0.15001 -1.72018
-1.85655 0.15001 -2.00632
-2.66975 0.15001 -1.98648
-2.56893 0.15001 -1.19727
-2.05521 0.15001 -0.154986
-2.0862 0.15001 -0.355592
-2.62539 0.15001 1.33362
-1.7953 0.15001 1.016
-2.64604 0.15001 2.2422
-1.53862 0.15001 -1.81558
-2.10112 0.15001 -1.91567
-2.22497 0.15001 -0.768057
-2.37569 0.15001 -1.19773
-2.46028 0.15001 -1.37139
-2.42724 0.15001 0.055764
-2.27278 0.15001 0.292123
-2.4992 0.15001 0.667384
-2.42688 0.15001 1.2655
-2.65402 0.15001 1.97037
-1.87856 0.15001 -2.30893
-1.51368 0.15001 -1.62663
-2.42293 0.15001 -1.71643
-2.27606 0.15001 -1.8306
-1.63676 0.15001 -1.27582
-2.24509 0.15001 -0.118097
-1.89212 0.15001 -0.266204
-1.88612 0.15001 -0.0452482
-1.91901 0.15001 0.177093
-2.10654 0.15001 1.05236
-2.20508 0.15001 -2.68998
-0.423648 0.15001 1.05688
-0.404378 0.234062 1.28846
-0.387921 0.219935 1.49229
-0.476995 0.19483 1.66499
-0.38571 0.203384 1.83027
-1.38334 0.15001 1.60871
-0.508219 0.194441 2.33708
-0.666025 0.230092 2.44657
-0.61551 0.163058 2.67219
-2.13686 0.15001 -2.52019
-0.524779 0.322053 1.03374
-0.5775 0.23556 1.19728
-0.569284 0.198064 1.40641
-0.653425 0.213234 1.59164
-2.65608 0.15001 -0.895009
-0.610962 0.222564 2.17788
-0.839145 0.15001 2.02558
-0.765469 0.288207 2.61697
-0.541547 0.15001 2.84999
-1.51647 0.15001 -2.49168
-0.268323 0.393489 1.18753
-0.492896 0.390849 1.39774
-0.516079 0.378939 1.58768
-0.452038 0.379789 1.77046
-0.590243 0.211174 1.82649
-0.554322 0.15001 2.00592
-0.383673 0.340932 2.27541
-0.578679 0.341529 2.59508
-0.455348 0.40045 2.72026
-2.10286 0.15001 -2.84926
-0.346446 0.379783 0.994693
-0.466022 0.427728 1.19732
-0.555448 0.564995 1.5203
-0.652248 0.37642 1.73182
-0.644269 0.390793 2.07327
-0.578256 0.39725 2.27002
-0.485746 0.374714 2.43336
-2.12841 0.15001 2.3647
-0.631117 0.33229 2.84999
-1.91558 0.15001 -2.83991
-1.63116 0.15001 -2.01207
-0.45068 0.581527 1.34671
-0.403704 0.680168 1.62738
-0.53617 0.551138 1.71718
-0.412067 0.36035 1.95963
-0.461552 0.449705 2.12825
-0.414728 0.53204 2.33907
-0.464987 0.528013 2.55458
-2.02389 0.15001 2.16572
-2.02303 0.15001 -2.67289
-0.332894 0.558702 1.08207
-2.35665 0.15001 -2.00744
-2.50249 0.15001 -1.55424
-0.576314 0.46128 1.90031
-0.522077 0.603837 2.02814
-0.54814 0.606504 2.21767
-0.586962 0.580144 2.40399
-0.702816 0.468036 2.51004
-2.00357 0.15001 2.55988
-1.63381 0.15001 -2.33214
-2.04702 0.15001 -2.35914
-0.321524 0.681539 1.23653
-0.50068 0.757223 1.46829
-0.403552 0.82523 1.76332
-0.363737 0.730332 2.02579
-0.485047 0.792849 2.17038
-0.415666 0.734789 2.35284
-0.645863 0.518014 2.6887
-2.2487 0.15001 1.33841
-2.56205 0.15001 -2.6938
-1.94393 0.15001 -2.49952
-0.664501 0.398648 1.30139
-2.17514 0.15001 -0.562064
-0.450477 0.885171 1.9439
-2.26866 0.15001 -0.393082
-2.3682 0.15001 0.524952
-2.15581 0.15001 0.833337
-0.565547 0.732605 2.51785
-0.504451 0.639 2.72148
-1.64652 0.15001 -2.65303
-0.896107 0.15001 -1.05625
-2.07057 0.15001 -1.36565
-1.72604 0.15001 -1.66561
-1.6687 0.15001 -0.520697
-2.38067 0.15001 -0.88301
-1.48566 0.15001 -0.308168
-1.64415 0.15001 0.545182
-2.11755 0.15001 0.436138
-1.6606 0.15001 2.84999
-1.83692 0.15001 -2.66349
-1.18266 0.15001 -1.47196
-1.9369 0.15001 -1.84054
-1.68021 0.15001 -0.708753
-0.606099 0.15001 0.0516254
-2.46142 0.15001 -0.708149
-2.11601 0.15001 0.0326867
-1.96317 0.15001 0.60698
-1.97024 0.15001 1.56058
-2.23365 0.15001 2.59965
-0.808066 0.15001 -1.63283
-0.388096 0.15001 -1.56635
-0.237234 0.196102 1.17856
-0.192692 0.260835 1.52958
-0.289957 0.152314 1.65252
-0.194739 0.16404 1.81109
-0.251021 0.195469 2.15234
-0.318672 0.165715 2.33376
-0.30417 0.161797 2.52201
-0.338206 0.15001 2.84999
-1.33478 0.15001 -2.81793
-1.22772 0.15001 -1.92169
-0.245072 0.15901 1.36953
-0.32332 0.370259 1.61174
-0.263526 0.356036 1.78894
-0.34755 0.15001 2.00326
-0.434215 0.15001 2.17003
-0.491211 0.17416 2.52091
-0.422282 0.204196 2.69276
-0.138742 0.15001 2.84999
-1.72618 0.15001 -2.8219
-0.225505 0.224078 0.971477
-0.114248 0.336783 1.32358
-0.168903 0.448698 1.50065
-0.156726 0.480006 1.68701
-0.233677 0.281654 1.95693
-0.291262 0.374141 2.112
-0.190106 0.349621 2.26492
-0.152717 0.336983 2.59043
-0.280179 0.329892 2.73517
-1.75138 0.15001 -2.48276
-0.143185 0.407742 1.03088
-0.300527 0.378109 1.38054
-0.351775 0.528445 1.50909
-0.331836 0.543215 1.74669
-0.322465 0.538651 2.01078
-0.17643 0.531976 2.21921
-0.289312 0.430729 2.42998
-0.362149 0.343331 2.57141
-0.144269 0.316163 2.84999
-1.18011 0.15001 -2.24607
-0.146001 0.375947 0.835539
-0.1022 0.497308 1.19971
-0.204136 0.561009 1.34976
-0.0997099 0.649464 1.7647
-0.189753 0.514652 1.87315
-0.346654 0.625853 2.18994
-0.245999 0.6106 2.37685
-0.190865 0.569525 2.54615
-0.331839 0.466186 2.84999
-1.40448 0.15001 -2.30188
-0.145547 0.615944 1.01638
-0.309878 0.707125 1.43293
-0.211011 0.643373 1.59296
-0.453116 0.655407 1.85866
-0.189453 0.678961 2.0917
-0.138156 0.714234 2.27303
-0.340952 0.681012 2.52533
-0.327685 0.557602 2.68501
-0.217312 0.618678 2.84999
-1.31516 0.15001 -2.46795
-2.31754 0.15001 -2.53766
-0.132477 0.698796 1.19365
-0.0834468 0.693484 1.43104
-0.21861 0.807702 1.70775
-0.267358 0.69642 1.85848
-0.296902 0.820906 2.21589
-0.243189 0.819939 2.40493
-0.149807 0.750097 2.55682
-1.40531 0.15001 2.80517
-1.53138 0.15001 -2.16734
-0.761509 0.15001 -2.41118
-0.223645 0.84613 1.31002
-0.372657 0.875674 1.57218
-0.184437 0.963269 1.84569
-0.268943 0.904713 2.0265
-0.138861 0.959968 2.31111
-0.438434 0.786264 2.64478
-0.267792 0.744036 2.70661
-1.17298 0.15001 2.84998
-0.984602 0.15001 -1.53556
-2.28998 0.15001 -2.36664
-2.09852 0.15001 -1.73545
-0.197381 0.830676 1.523
-0.236359 1.00725 1.66311
-1.67685 0.15001 -0.128328
-1.49706 0.15001 1.00926
-0.263103 0.928897 2.59432
-1.70763 0.15001 1.96602
-1.84762 0.15001 2.41351
-1.45643 0.15001 -2.66606
-1.13583 0.15001 -1.66921
-1.91138 0.15001 -1.46352
-1.61877 0.15001 -1.46825
-1.24411 0.15001 1.09735
-1.82081 0.15001 1.74159
-1.53691 0.15001 1.48315
-1.73088 0.15001 1.19838
-1.57236 0.15001 0.742845
-1.63864 0.15001 2.53381
-1.31795 0.15001 -2.11346
0.123865 0.155066 1.05332
-0.0119077 0.162723 1.25787
-0.0717491 0.156673 1.64847
-0.00757727 0.158793 1.83383
0.0639802 0.15452 2.02525
-0.072463 0.239141 2.13137
-0.138991 0.15001 2.28619
-0.11799 0.15001 2.54687
-0.0319224 0.150699 2.70644
-1.12973 0.15001 -2.78167
-0.00347236 0.248175 0.90713
-0.0693708 0.184692 1.07949
-0.0699458 0.150789 1.43714
0.12102 0.184956 1.69321
-0.12045 0.15001 1.98394
0.0442402 0.15001 2.2359
-0.18017 0.271393 2.42531
-0.231831 0.15058 2.69296
0.261172 0.155202 2.84999
-0.850487 0.15001 -1.89689
0.0428647 0.353433 1.0779
0.0715579 0.295673 1.37666
-0.0225347 0.336786 1.57451
-0.0777922 0.326218 1.76285
-0.0293641 0.327396 1.95429
-0.0329493 0.406684 2.18018
0.0760247 0.344241 2.32004
0.0333963 0.339318 2.50083
0.0129912 0.341151 2.68355
-1.26194 0.15001 -2.64884
0.0612601 0.446931 0.900196
0.0797021 0.438525 1.24298
0.00152356 0.473933 1.41417
0.0848519 0.464712 1.67457
-0.0565505 0.611125 1.97879
0.14151 0.496348 2.20248
-0.107969 0.445395 2.42845
-0.15962 0.479793 2.69354
0.0655263 0.198662 2.84999
-1.00463 0.15001 -2.31435
0.0383054 0.575475 1.08959
0.22371 0.476789 1.36686
-0.0341185 0.568277 1.57409
-0.00201758 0.49613 1.83925
0.0639642 0.473074 2.03297
-0.141647 0.459698 2.0434
0.00235049 0.522232 2.31325
-0.0119101 0.507475 2.57415
0.0656147 0.380755 2.84999
-1.53051 0.15001 -2.84543
0.13365 0.64212 0.916923
0.0243138 0.621407 1.2896
0.118386 0.624558 1.47116
0.0900189 0.651698 1.69515
0.0582771 0.704952 1.87245
-0.000502029 0.625237 2.15944
-0.0589815 0.644626 2.42827
-0.104727 0.653441 2.70656
0.198306 0.499742 2.84999
-1.05307 0.15001 -2.0303
0.0841647 0.764918 1.12524
0.167595 0.75873 1.32159
-0.0424344 0.756956 1.6091
-0.0461802 0.832119 1.78001
0.0312472 0.769932 2.04734
0.0232196 0.795162 2.24814
0.123587 0.659634 2.31571
0.0461749 0.692739 2.57097
-0.158081 0.806184 2.84999
-0.924423 0.15001 -2.50157
0.204782 0.15001 -2.3299
-0.0077655 0.813449 1.27766
0.079208 0.819082 1.47924
0.172042 0.916614 1.61281
-0.126252 0.782624 1.94096
0.187506 0.788207 2.15973
0.0451923 0.805263 2.43248
-0.0656285 0.886993 2.70094
-0.101796 0.475368 2.84999
-0.777232 0.15001 -1.23573
0.271593 0.15001 -0.113381
-1.93635 0.15001 -1.64473
-0.0738056 0.900722 1.41637
-0.0504416 0.958287 1.59874
0.0756146 0.906332 1.91897
-0.123106 0.853724 2.14989
0.201217 0.843786 2.34085
0.0907548 0.971047 2.60542
-1.45982 0.15001 2.05095
-0.965279 0.15001 -1.75464
-0.595983 0.15001 -2.57059
0.433016 0.15001 -1.81912
-1.99079 0.15001 -1.12201
0.0635548 0.968863 1.74722
-0.080056 0.947951 2.00292
0.067403 0.928656 2.13023
-0.0915826 0.907175 2.49516
-0.966767 0.15001 2.2015
-1.00916 0.15001 2.4292
0.384543 0.15001 -1.52503
0.33261 0.201917 1.14801
0.237173 0.150517 1.38401
0.273264 0.168079 1.56855
0.17246 0.151339 1.87013
0.2559 0.15001 2.03159
0.21727 0.15018 2.20556
0.17201 0.161637 2.38305
0.246202 0.174303 2.55073
0.35542 0.15001 2.68946
-1.10276 0.15001 -2.55769
0.174921 0.188571 0.834138
0.164972 0.229932 1.22645
0.0950377 0.163606 1.51348
0.307014 0.150178 1.74818
0.173982 0.320166 1.9703
0.387488 0.15001 2.24108
-0.0101391 0.189167 2.40229
0.0686023 0.15001 2.55425
0.440245 0.192831 2.84999
-0.954938 0.15001 -2.69473
0.215422 0.316618 0.986654
0.340368 0.305838 1.3348
0.333927 0.345946 1.51692
0.103459 0.335531 1.80627
0.260266 0.434128 2.084
0.12104 0.304768 2.1428
0.265373 0.331948 2.26335
0.366655 0.317403 2.5438
0.160276 0.15001 2.70619
-0.859585 0.15001 -2.84999
0.208952 0.15001 -2.65418
0.259448 0.395039 1.18611
0.149914 0.389657 1.51708
0.239923 0.344476 1.67829
0.167637 0.555532 1.89509
0.405761 0.442803 2.19708
0.21681 0.344463 2.44223
0.175251 0.416161 2.60302
0.356721 0.404155 2.84999
0.262647 0.449702 0.841335
0.212714 0.507066 1.03868
0.413895 0.49074 1.38561
0.276253 0.534679 1.54325
0.2482 0.550431 1.72478
0.332174 0.570207 1.98912
0.167701 0.629947 2.06385
0.251929 0.507227 2.34478
0.332679 0.520908 2.51268
0.22179 0.32299 2.75761
-0.482027 0.15001 -2.06427
0.365703 0.594297 0.947315
0.201031 0.598213 1.22065
0.305899 0.675973 1.42139
0.395601 0.649915 1.66432
0.206891 0.785994 1.95978
0.282937 0.632545 2.20867
0.142186 0.562503 2.47924
0.115031 0.558377 2.69263
0.347769 0.589926 2.84999
-0.734531 0.15001 -2.03624
0.259057 0.712735 1.06769
0.444566 0.69028 1.29461
0.231918 0.73071 1.59208
0.177457 0.805835 1.77114
0.318133 0.682528 1.83968
0.34533 0.752942 2.07161
0.286037 0.691629 2.39354
0.40208 0.70595 2.52766
0.19441 0.690241 2.84999
-0.776152 0.15001 -2.64451
0.0323131 0.15001 -2.24539
0.318285 0.829439 1.22394
0.258353 0.883767 1.44429
0.349744 0.831618 1.70603
0.219175 0.987727 2.02785
0.376563 0.80002 2.25154
0.213964 0.835407 2.52796
0.240689 0.659656 2.60848
0.0375684 0.568943 2.84999
-0.243326 0.15001 -2.5822
-0.196173 0.15001 -1.96799
0.435076 0.914329 1.36041
0.34035 1.00621 1.58743
0.230148 0.986949 1.83711
0.407362 0.953418 2.08161
0.270902 0.94526 2.20811
0.266543 1.00631 2.425
0.192206 0.805556 2.70814
-0.956711 0.15001 2.83106
0.258585 0.15001 -1.74216
1.62235 0.15001 -1.9064
-2.11397 0.15001 -1.55109
0.242473 0.15001 -2.09229
0.84281 0.15001 -0.369202
0.655715 0.902345 2.07535
0.403714 0.897332 2.51919
0.0533999 0.957548 2.3291
-0.539437 0.486616 2.84999
0.0760471 0.852307 2.84999
-0.680531 0.15001 -2.82192
0.117859 0.15001 0.0044677
0.50858 0.192595 1.07888
0.424911 0.15767 1.44845
0.478376 0.150009 1.82122
0.474936 0.155072 2.00996
0.362939 0.278094 2.10997
0.529687 0.150485 2.36138
0.486073 0.15858 2.53613
0.539307 0.15001 2.70165
-0.421694 0.15001 -2.61175
0.548118 0.221598 0.895387
0.486261 0.191428 1.27259
0.450237 0.189971 1.63442
0.554814 0.336016 1.86344
0.342696 0.249962 1.90483
0.551027 0.159634 2.18377
0.355124 0.178997 2.41217
0.640146 0.420786 2.71292
0.629887 0.165813 2.84999
-0.51296 0.15001 -2.77628
0.439769 0.15001 -2.64833
0.453534 0.403418 1.21704
0.515161 0.339505 1.47647
0.413599 0.336684 1.74537
0.414898 0.403219 1.97695
0.538487 0.339283 2.09626
0.536541 0.327352 2.28042
0.548109 0.333362 2.46177
0.430179 0.319391 2.71069
0.554241 0.280334 0.710922
0.357405 0.180901 0.948758
0.612017 0.380104 1.31911
0.440116 0.471998 1.61516
0.586755 0.360567 1.66687
0.282052 0.419577 1.85019
0.582755 0.503678 2.21865
0.399227 0.403293 2.38175
0.493378 0.446171 2.59476
0.545898 0.348284 2.84999
-0.345506 0.15001 -2.84999
0.392188 0.390961 1.03462
0.591706 0.572573 1.35388
0.613307 0.49279 1.52753
0.450898 0.525255 1.82846
0.568612 0.49921 1.99441
0.45349 0.610811 2.13399
0.662518 0.524668 2.38222
0.515454 0.574084 2.47246
0.487536 0.502493 2.76625
0.463947 0.403659 0.852049
0.547092 0.528806 0.989641
0.373707 0.565621 1.15125
0.4796 0.629671 1.4986
0.579404 0.580131 1.69797
0.63188 0.629609 1.8764
0.631511 0.644764 2.08293
0.423797 0.585603 2.31983
0.31212 0.500983 2.69357
0.658594 0.537993 2.84999
-0.592045 0.15001 -2.39227
0.0945449 0.15001 -2.4968
0.562742 0.596926 1.16823
0.584494 0.750183 1.60846
0.496484 0.743926 1.78924
0.474688 0.674605 1.96211
0.567332 0.691353 2.26761
0.642278 0.70846 2.4461
0.587661 0.608726 2.63986
0.51134 0.655397 2.84999
-0.692254 0.15001 -2.24732
0.453077 0.745841 1.09066
0.573715 0.781686 1.41493
0.415897 0.8114 1.53118
0.725503 0.960519 1.65075
0.37786 0.84943 1.91046
0.517028 0.795962 2.12017
0.487033 0.799612 2.39608
0.415039 0.661003 2.69763
0.669094 0.718262 2.84999
-0.307642 0.15001 -2.2691
0.959845 0.15001 -1.7988
0.586984 0.812494 1.22103
0.557087 0.961894 1.51426
0.550323 0.911047 1.7021
0.597995 0.801616 1.93982
0.546368 0.925744 2.26584
0.630795 0.960779 2.47065
0.536788 0.806805 2.76127
0.362258 0.767828 2.84999
0.3184 0.15001 -2.48679
-0.290373 0.15001 -1.77618
0.00592568 0.15001 -2.02453
0.0941477 0.15001 -1.04684
0.408623 0.98426 1.78709
0.525748 0.963485 1.93624
0.750075 0.764587 2.14406
0.368135 0.831937 2.68133
0.0466868 0.71325 2.74967
0.913779 0.807253 2.84999
0.464857 0.15001 -2.84999
0.661111 0.170636 1.18522
0.657156 0.154954 1.36489
0.60186 0.180591 1.5314
0.626848 0.170883 1.70832
0.654183 0.169324 1.88173
0.814493 0.157232 2.14764
0.70311 0.152965 2.29153
0.642336 0.278045 2.6051
0.725587 0.15001 2.70302
0.827487 0.15001 -2.74237
0.262998 0.15001 -2.83971
0.845831 0.177926 1.144
0.961061 0.15001 1.29131
0.95017 0.297847 1.74832
0.663257 0.163797 2.0547
0.961152 0.150003 2.24505
0.670087 0.150065 2.47452
0.923177 0.207564 2.70287
0.829251 0.150382 2.84999
0.741116 0.193264 0.818689
0.707598 0.208387 1.00812
0.778572 0.293599 1.29322
0.837768 0.167271 1.43122
0.777261 0.156566 1.60268
0.816813 0.152678 1.7834
0.699411 0.317519 2.18522
0.858953 0.183877 2.39009
0.826408 0.15001 2.56076
0.733903 0.325402 2.84999
-0.161249 0.15001 -2.84522
0.628582 0.15001 -2.63191
0.802302 0.369768 1.09256
0.727453 0.333649 1.5176
0.76675 0.327143 1.70901
0.689152 0.350249 1.99074
0.86559 0.324684 2.26641
0.714336 0.337898 2.37849
0.864862 0.342424 2.49904
0.817382 0.365085 2.68236
-0.0966503 0.15001 -2.46297
0.610314 0.368818 1.11696
0.761992 0.484927 1.39824
0.757579 0.533433 1.64432
0.687006 0.463636 1.81392
0.837431 0.361856 1.88447
0.737211 0.491241 2.11782
0.846276 0.497555 2.37199
0.704511 0.445556 2.54187
0.844386 0.474849 2.84999
0.661626 0.15001 -2.84999
0.680969 0.393935 0.93471
0.73122 0.514495 1.20958
0.704161 0.657556 1.49206
0.80123 0.645086 1.78984
0.791031 0.549223 1.95087
0.752437 0.624756 2.25755
0.779437 0.616593 2.52447
0.767035 0.551927 2.69505
0.952029 0.550687 2.7061
0.0622207 0.15001 -2.80624
0.869278 0.492266 0.942534
0.730868 0.704389 1.30638
0.793195 0.756511 1.6292
0.677912 0.777854 1.76896
0.950054 0.703378 1.93499
0.877745 0.653417 2.102
0.837818 0.741906 2.40368
0.901145 0.722107 2.64264
0.822937 0.648334 2.84999
1.6861 0.15001 -2.5503
0.698057 0.429798 0.742467
0.723405 0.697878 1.10663
0.740019 0.867379 1.47677
0.872415 0.871843 1.79378
0.772016 0.749213 1.95067
0.699128 0.816412 2.31209
0.768917 0.846861 2.54338
0.56478 0.805887 2.58168
0.719328 0.729339 2.67496
0.888197 0.15001 -2.34902
0.566192 0.15001 -2.23989
0.76057 0.903758 1.27842
0.912442 0.950613 1.59716
0.69423 0.935504 1.84678
0.815457 0.943549 1.98538
0.893719 0.897324 2.1526
0.819537 0.960501 2.39761
0.879791 0.926489 2.68614
1.14843 0.768941 2.84999
1.01838 0.15001 -2.21537
-0.195904 0.15001 -1.53937
0.0595067 0.15001 -1.24409
1.62394 0.15001 1.84544
1.08601 0.15001 -1.11126
2.05356 0.15001 1.6934
0.739103 0.967137 2.22468
2.19065 0.15001 2.18914
2.47232 0.15001 2.38714
0.721574 0.878951 2.78647
0.987809 0.15001 -2.84999
0.38013 0.15001 -2.25525
1.04129 0.193318 1.12787
1.03836 0.176749 1.46149
0.96256 0.15057 1.63478
0.980592 0.15001 1.87752
0.988275 0.15952 2.06333
1.13518 0.185586 2.19609
1.00563 0.150276 2.54647
1.0228 0.15001 2.84999
1.19468 0.15001 -2.84999
0.661816 0.15001 -1.68159
1.21338 0.265148 1.46146
1.15428 0.169851 1.61914
1.12481 0.226953 1.79708
0.822901 0.190956 1.96646
1.13825 0.263484 2.0056
1.1809 0.21946 2.52072
1.21429 0.150184 2.84999
1.40164 0.15001 2.84999
0.803802 0.15001 -2.54213
0.909304 0.222057 0.964927
0.906696 0.428491 1.25023
0.905444 0.352795 1.42958
0.901739 0.417358 1.60555
1.02479 0.377116 1.90281
1.03188 0.349589 2.13929
1.19686 0.290072 2.34598
1.07743 0.15001 2.38027
1.82458 0.15001 2.6756
0.523017 0.15001 -2.45784
1.06058 0.345638 0.900531
1.07142 0.349676 1.33233
1.07091 0.366909 1.53857
1.08658 0.426942 1.72432
0.858952 0.348288 2.07354
1.20825 0.410797 2.19918
1.05545 0.357286 2.50226
1.00829 0.3748 2.68182
0.936631 0.32158 2.84999
2.12602 0.15001 -2.84999
0.99733 0.381929 1.08447
1.06572 0.538608 1.22145
0.881093 0.589748 1.50713
0.910675 0.496118 1.77746
1.14397 0.464081 2.02447
0.909377 0.494075 2.1967
1.03039 0.38666 2.32201
0.946316 0.51796 2.52548
1.12958 0.318175 2.83336
0.879236 0.343047 0.803885
1.08204 0.555674 1.02188
1.04654 0.53036 1.42287
1.03416 0.575748 1.61829
1.06743 0.571401 1.85622
0.965006 0.517652 2.01566
1.08803 0.569336 2.1813
1.07573 0.559135 2.37492
1.13041 0.574826 2.55577
1.05813 0.484659 2.84999
0.660089 0.15001 -2.0813
1.40384 0.15001 -2.5095
0.900539 0.610298 1.3147
0.964773 0.760329 1.55459
0.970874 0.706285 1.7413
1.12302 0.666058 2.01457
0.947399 0.660941 2.28178
1.00309 0.70258 2.48126
1.1324 0.627887 2.73247
2.01331 0.15001 2.53528
0.989665 0.15001 -2.51327
0.894755 0.588139 1.11548
1.09532 0.726225 1.40719
1.13852 0.764843 1.63796
1.0949 0.806589 1.84888
1.0021 0.895605 1.99334
1.03205 0.768634 2.14834
1.13277 0.745055 2.3324
1.1804 0.770696 2.52727
0.999554 0.656533 2.84999
0.707262 0.15001 -2.37987
1.26736 0.15001 -2.15482
0.977124 0.759591 1.19884
0.89924 0.798765 1.37856
1.7701 0.15001 1.43724
1.46874 0.15001 -0.193937
0.972958 0.858827 2.32181
0.970439 0.89666 2.51381
1.06207 0.817038 2.67161
1.56987 0.232656 2.84999
0.637034 0.15001 -1.88661
0.546189 0.15001 -1.25381
1.09409 0.15001 -1.69063
1.25472 0.15001 -0.978254
0.922073 0.15001 -0.13784
1.89195 0.15001 2.15604
2.01807 0.15001 2.02465
1.7996 0.15001 0.974227
2.31923 0.15001 1.37589
1.28502 0.415817 2.84999
2.23169 0.15001 -2.25889
1.59618 0.15001 -1.72376
1.15608 0.16916 1.2974
2.0343 0.15001 -1.52428
1.90364 0.15001 -1.00995
1.83812 0.15001 1.76593
1.4359 0.27693 2.14857
2.41619 0.15001 1.16346
1.11695 0.196196 2.69169
2.53817 0.15001 1.90509
1.27844 0.15001 -2.66341
2.8498 0.15001 -2.50324
1.3128 0.195121 1.18186
2.65272 0.15001 -1.86369
1.49357 0.252506 1.70184
1.45675 0.176874 1.97266
1.50372 0.234884 2.32513
1.32109 0.154934 2.27285
2.30521 0.15001 2.62358
1.93049 0.15001 2.84766
2.03003 0.15001 -2.68269
1.18698 0.200261 1.00758
1.35732 0.177808 1.37128
1.34908 0.161411 1.56308
1.30773 0.213873 1.7383
1.26808 0.157747 1.90958
1.28754 0.162017 2.09123
1.34914 0.182197 2.45399
1.30619 0.15001 2.64334
1.49147 0.216202 2.68194
1.08489 0.15001 -2.68231
2.09125 0.15001 -2.10443
1.51485 0.235873 1.27045
1.51845 0.239924 1.49276
2.21642 0.15001 -1.68325
1.3103 0.367233 2.03136
1.61125 0.185364 2.11173
1.36148 0.382317 2.3217
1.53162 0.17077 2.50594
2.26575 0.15001 2.84999
0.664305 0.15001 -1.45722
1.179 0.363679 1.17015
1.22671 0.450992 1.41721
1.24686 0.378608 1.63112
1.22503 0.378778 1.85035
1.41695 0.347219 1.86385
1.43613 0.476096 2.16694
1.22018 0.450396 2.44358
1.18921 0.404748 2.64054
1.46982 0.476454 2.68136
1.61527 0.15001 -2.84999
1.43677 0.15001 -1.83411
1.35176 0.390581 1.27675
1.40688 0.408336 1.52212
1.38147 0.494772 1.72841
1.44101 0.528134 1.97299
1.25924 0.582745 2.29819
1.51413 0.418306 2.4359
1.35875 0.361419 2.54391
1.73707 0.15001 2.84999
1.39931 0.15001 -2.84999
1.2354 0.414963 0.984677
1.23196 0.613539 1.29436
1.20799 0.605083 1.53238
1.20721 0.596444 1.72492
1.26102 0.562135 1.90642
1.28158 0.581471 2.103
1.33662 0.606521 2.48243
1.33596 0.308844 2.72412
2.10556 0.15001 2.70658
1.26125 0.262914 0.835182
1.10868 0.15001 -2.00141
1.38009 0.592764 1.43323
1.7874 0.15001 -1.79728
1.15257 0.15001 -1.2894
1.76336 0.15001 0.567313
1.56646 0.15001 -0.00907708
2.48602 0.15001 1.71458
1.29985 0.566883 2.67484
1.26118 0.77511 2.71817
1.5 0.15001 -2.67182
1.14425 0.15001 -2.39132
1.38916 0.15001 -2.01533
0.836006 0.15001 -0.547603
0.877563 0.15001 -1.57452
1.27255 0.760687 1.92021
1.22839 0.766905 2.15884
2.26099 0.15001 0.991551
2.0101 0.15001 2.29638
2.58415 0.15001 2.56279
0.847394 0.15001 -2.13552
1.48044 0.15001 -2.17996
0.823946 0.15001 -1.285
1.67144 0.15001 0.765529
1.58021 0.15001 -0.352747
1.53954 0.15001 -0.737562
2.12682 0.15001 0.740199
1.73624 0.15001 2.27574
2.29524 0.15001 1.7024
1.8098 0.15001 2.47619
2.42664 0.15001 -2.84999
2.60208 0.15001 -2.47457
1.88452 0.15001 -2.14017
2.46552 0.15001 -2.17879
2.2861 0.15001 -1.85507
2.13038 0.15001 -1.16635
2.17966 0.15001 -0.760818
2.47504 0.15001 0.268594
2.84999 0.15001 0.743887
2.84999 0.15001 1.13015
1.79679 0.15001 -2.72802
2.48479 0.15001 -1.96943
2.08746 0.15001 -2.47942
2.84999 0.15001 -1.44963
2.6449 0.15001 -1.48402
2.67211 0.15001 -0.930008
2.84755 0.15001 -0.183268
2.64721 0.15001 0.670498
2.84999 0.15001 2.2257
2.68989 0.15001 2.13837
1.93926 0.15001 -2.84999
2.84999 0.15001 -1.89801
2.84471 0.15001 -1.70101
2.66692 0.15001 -2.06304
2.44034 0.15001 -1.48968
2.04792 0.15001 -0.239472
2.8399 0.15001 -0.68854
2.8469 0.15001 0.286214
2.64979 0.15001 0.353856
2.84999 0.15001 2.81209
2.84999 0.15001 -2.71723
2.84999 0.15001 -2.10583
1.55279 0.15001 -2.3901
2.63002 0.15001 -2.29581
2.4156 0.15001 -1.67597
2.48432 0.15001 -1.28797
2.53919 0.15001 -0.128946
2.62332 0.15001 1.11751
2.84999 0.15001 1.64198
2.67059 0.15001 1.6903
2.69179 0.15001 -2.84999
1.38217 0.26373 1.01009
1.80416 0.15001 -2.39541
1.88869 0.15001 -1.64089
2.2555 0.15001 -1.47974
1.56939 0.360948 1.99426
2.61595 0.15001 0.123463
2.84312 0.15001 0.504299
2.32076 0.15001 0.747026
2.6598 0.15001 2.84999
2.84953 0.15001 -2.2984
2.26869 0.15001 -2.54889
2.4199 0.15001 -2.40338
1.40987 0.15001 -1.64995
2.84525 0.15001 -1.02233
2.83706 0.15001 -0.381121
2.43504 0.15001 0.0321427
1.93913 0.15001 1.26215
2.7909 0.15001 1.3248
2.46477 0.15001 2.8461
2.27728 0.15001 -2.73865
2.45901 0.15001 -2.65948
2.64053 0.15001 -1.67267
2.30136 0.15001 -2.06248
2.84952 0.15001 -1.21253
1.65508 0.15001 -1.18494
2.45964 0.15001 0.598727
2.0443 0.15001 0.413347
1.60968 0.355884 2.59955
2.45994 0.15001 2.15613
1.9057 0.15001 -2.55047
1.68329 0.15001 -2.25349
2.1015 0.15001 -1.84626
1.70403 0.15001 -1.57222
2.09856 0.15001 -1.33656
2.39417 0.15001 -1.08549
1.77645 0.15001 0.367737
2.28125 0.15001 -0.121783
2.71717 0.15001 0.89507
2.70362 0.15001 2.38753
2.65857 0.15001 -2.65826
1.98467 0.15001 -2.31197
1.92281 0.15001 -1.93189
1.33817 0.15001 -2.33116
1.54204 0.15001 -1.36688
1.81003 0.15001 -1.39017
2.28072 0.15001 0.320091
2.516 0.15001 -0.570168
2.13851 0.15001 1.23561
2.54024 0.15001 1.41348
0.385512 0.15001 -1.10165
1.63947 0.15001 -2.08397
1.24179 0.15001 -1.79937
0.879996 0.15001 -1.95897
1.9276 0.15001 -1.19118
1.97266 0.15001 -0.496552
1.77645 0.15001 -0.224419
2.04617 0.15001 0.910035
2.50229 0.15001 0.912228
2.82125 0.15001 1.87984
