1000 0.1
-2.84999 0.15001 -2.66438
-1.40169 0.15001 -1.79524
-2.1395 0.15001 -1.63563
-2.37476 0.15001 -2.37427
-2.26833 0.15001 -2.22472
-1.39783 0.15001 -0.876634
-2.60605 0.15001 1.25793
-2.67422 0.15001 0.470381
-2.23276 0.15001 1.12296
-2.1045 0.15001 1.64135
-2.2411 0.15001 -2.84999
-2.6829 0.15001 -2.61165
-2.4828 0.15001 -2.51974
-2.61751 0.15001 -2.10258
-2.84838 0.15001 0.144555
-2.79689 0.15001 1.33579
-2.83958 0.15001 0.785114
-2.57452 0.15001 1.44553
-2.8486 0.15001 1.53478
-0.854561 0.15001 2.84999
-2.50979 0.15001 -2.84999
-1.60135 0.15001 -2.07886
-2.07637 0.15001 -2.26634
-2.48046 0.15001 -1.57695
-2.71133 0.15001 -2.44501
-2.696 0.15001 -2.26141
-0.801876 0.321124 2.18164
-2.44724 0.15001 0.360548
-2.42634 0.15001 1.74839
-2.84499 0.15001 2.73905
-2.16484 0.15001 -2.67251
-1.76281 0.15001 -2.18123
-2.84951 0.15001 -2.16515
-2.70751 0.15001 -0.588333
-2.8184 0.15001 -1.37526
-2.77185 0.15001 -1.0085
-2.74759 0.15001 -0.279566
-2.83473 0.15001 -0.105355
-2.83493 0.15001 1.92405
-1.87857 0.15001 2.82964
-1.06416 0.15001 -1.81533
-2.68305 0.15001 -2.78929
-1.24273 0.15001 -2.08093
-2.84999 0.15001 -2.348
-2.05725 0.15001 -1.79214
-2.60605 0.15001 -1.91847
-2.63961 0.15001 -0.798252
-0.770192 0.493499 2.31095
-2.10551 0.15001 0.819433
-2.58025 0.15001 2.51367
-2.30531 0.15001 -2.54983
-2.52719 0.15001 -2.68349
-1.94779 0.15001 -2.13374
-2.77851 0.15001 -1.99606
-2.75539 0.15001 -1.81027
-2.75252 0.15001 -1.20299
-2.82866 0.15001 -1.57202
-2.84735 0.15001 0.378739
-2.2206 0.15001 1.94121
-2.55872 0.15001 2.78834
-2.06673 0.15001 -2.83175
-2.19802 0.15001 -2.40214
-2.04659 0.15001 -1.48005
-2.58985 0.15001 -1.29286
-2.45608 0.15001 -2.21224
-2.64891 0.15001 -1.46674
-2.4769 0.15001 -0.909788
-2.53585 0.15001 -0.521723
-2.35172 0.15001 1.42504
-2.17557 0.15001 2.80286
-2.84999 0.15001 -2.84999
-0.910303 0.15001 -1.53108
-1.39363 0.15001 -1.98273
-2.55459 0.15001 -2.3636
-2.51517 0.15001 -1.75716
-2.07752 0.15001 -0.989699
-2.04491 0.15001 -1.15988
-2.74358 0.15001 0.946363
-1.83438 0.15001 0.309447
-2.49905 0.15001 2.08174
-1.24513 0.15001 -1.69336
-1.81705 0.15001 -1.9954
-2.17654 0.15001 -1.32697
-2.31892 0.15001 -1.68073
-2.36529 0.15001 -1.86335
-2.4516 0.15001 -0.716247
-2.34191 0.15001 -0.513188
-2.52326 0.15001 -0.0261187
-2.59779 0.15001 0.718854
-2.71829 0.15001 1.69313
-1.41949 0.15001 -2.16547
-1.07757 0.15001 -1.62146
-2.19003 0.15001 -1.91676
-2.0066 0.15001 -1.96196
-1.55325 0.15001 -1.47328
-2.29226 0.15001 -0.993875
-1.84932 0.15001 -1.06937
-1.88677 0.15001 -0.869461
-1.98306 0.15001 -0.699951
-2.06042 0.15001 0.453064
-1.9766 0.15001 -2.66879
-0.497197 0.15001 1.01432
-0.409956 0.264458 1.28042
-0.394021 0.251336 1.48614
-0.486619 0.219678 1.65729
-0.391436 0.227564 1.82415
-1.50532 0.15001 1.26509
-0.522698 0.227482 2.33588
-0.68329 0.26214 2.44414
-0.633622 0.183884 2.67361
-1.86823 0.15001 -2.50258
-0.526597 0.350819 1.03413
-0.589144 0.264873 1.19525
-0.576351 0.224509 1.40367
-0.669262 0.244193 1.58898
-2.66336 0.15001 -1.64884
-0.625805 0.252252 2.17303
-0.806399 0.15001 2.00869
-0.7831 0.317617 2.62055
-0.553744 0.15001 2.84999
-1.35252 0.15001 -2.52709
-0.273478 0.422619 1.18392
-0.4985 0.420561 1.39213
-0.527776 0.407981 1.58361
-0.462062 0.407679 1.76759
-0.59785 0.242741 1.82413
-0.585354 0.15001 1.99599
-0.390056 0.365591 2.27191
-0.59527 0.364695 2.5941
-0.454402 0.433017 2.69868
-1.88968 0.15001 -2.83811
-0.348211 0.408415 0.988375
-0.472758 0.457436 1.19078
-0.56377 0.597576 1.5144
-0.666237 0.408733 1.73081
-0.657482 0.422071 2.07273
-0.591048 0.426982 2.26733
-0.497211 0.400412 2.4325
-2.30963 0.15001 2.30531
-0.689673 0.295404 2.85
-1.71082 0.15001 -2.84095
-1.23703 0.15001 -1.88388
-0.459521 0.614163 1.33893
-0.412444 0.717971 1.6254
-0.548379 0.582026 1.71199
-0.422026 0.382978 1.9575
-0.470616 0.487035 2.12783
-0.435358 0.558427 2.33182
-0.473987 0.553444 2.54675
-1.91878 0.15001 1.97821
-1.79539 0.15001 -2.67218
-0.335997 0.591502 1.07702
-2.1398 0.15001 -2.09255
-2.45411 0.15001 -2.02604
-0.58424 0.496584 1.89911
-0.534596 0.643461 2.02675
-0.565349 0.645298 2.21653
-0.605813 0.609669 2.40388
-0.721143 0.492082 2.50724
-2.04556 0.15001 2.56573
-1.36873 0.15001 -2.34171
-1.58832 0.15001 -2.26937
-0.332228 0.720558 1.22838
-0.511883 0.792153 1.46223
-0.417371 0.864742 1.76577
-0.372788 0.767819 2.02288
-0.501104 0.83099 2.167
-0.432809 0.76781 2.34894
-0.667797 0.540851 2.68845
-2.38611 0.15001 0.776245
-2.35542 0.15001 -2.72139
-1.68714 0.15001 -2.50653
-0.673509 0.431482 1.29754
-2.23574 0.15001 -1.15879
-0.464293 0.927853 1.94713
-2.41685 0.15001 -1.21184
-2.43383 0.15001 -0.317429
-2.17256 0.15001 0.224738
-0.587443 0.777295 2.50148
-0.533047 0.631944 2.78387
-1.43647 0.15001 -2.68925
-0.233891 0.15001 -0.316107
-1.84264 0.15001 -1.45056
-1.55327 0.15001 -1.66934
-1.55211 0.15001 -1.19558
-2.26327 0.15001 -1.4951
-1.34403 0.15001 -1.3415
-1.5849 0.15001 -0.079526
-2.13304 0.15001 -0.310172
-1.5732 0.15001 2.84472
-1.61559 0.15001 -2.67817
-0.876255 0.15001 -0.745583
-1.55732 0.15001 -1.89744
-1.71287 0.15001 -1.32995
-0.669761 0.15001 -0.321066
-2.43609 0.15001 -1.39921
-2.15016 0.15001 -0.807667
-1.97778 0.15001 -0.173491
-1.91619 0.15001 1.18219
-2.36891 0.15001 2.66556
-0.586412 0.15001 -1.18668
-0.417846 0.15001 -1.06107
-0.241684 0.223377 1.16962
-0.197787 0.288169 1.52332
-0.296608 0.164397 1.64035
-0.198201 0.175574 1.80208
-0.267914 0.217036 2.14508
-0.335608 0.178907 2.3269
-0.320039 0.168434 2.51752
-0.352304 0.15001 2.84999
-1.16574 0.15001 -2.84913
-0.902948 0.15001 -1.73945
-0.254695 0.176632 1.36404
-0.329219 0.400034 1.61176
-0.270189 0.380846 1.79674
-0.384092 0.15001 2.00042
-0.459123 0.15001 2.17398
-0.508884 0.191682 2.52073
-0.44085 0.223509 2.69332
-0.158508 0.15001 2.84999
-1.53069 0.15001 -2.84999
-0.227217 0.25622 0.965765
-0.119788 0.361773 1.31876
-0.172572 0.480065 1.49736
-0.160291 0.505464 1.68582
-0.250061 0.262489 1.95787
-0.300723 0.40328 2.10513
-0.190085 0.374894 2.25732
-0.152472 0.337581 2.58814
-0.2887 0.32127 2.7117
-1.51805 0.15001 -2.44416
-0.146537 0.433781 1.02414
-0.304547 0.404266 1.37974
-0.359606 0.560368 1.5058
-0.343121 0.569495 1.73762
-0.332879 0.573179 2.00663
-0.183029 0.56166 2.21703
-0.30043 0.462516 2.41883
-0.360845 0.355339 2.55398
-0.107851 0.312795 2.84999
-1.02078 0.15001 -2.14616
-0.149814 0.405063 0.8271
-0.105246 0.525141 1.19583
-0.218692 0.589187 1.3406
-0.103816 0.678006 1.76102
-0.20006 0.545754 1.86924
-0.357462 0.659074 2.18799
-0.266921 0.642905 2.36674
-0.204538 0.592006 2.53829
-0.401521 0.53019 2.84999
-1.20971 0.15001 -2.25216
-0.148338 0.646808 1.00427
-0.31978 0.739607 1.42717
-0.218207 0.674834 1.59324
-0.470279 0.690496 1.85292
-0.197465 0.7085 2.09162
-0.154861 0.750649 2.272
-0.344577 0.72027 2.51586
-0.331931 0.594824 2.68418
-0.243918 0.661686 2.84999
-1.17092 0.15001 -2.51384
-2.04925 0.15001 -2.50113
-0.138749 0.727979 1.18735
-0.0942058 0.70048 1.42862
-0.233547 0.841045 1.71308
-0.284266 0.718363 1.85094
-0.312165 0.860351 2.21308
-0.263369 0.857884 2.40272
-0.17097 0.781489 2.56311
-1.4196 0.15001 2.72557
-1.08956 0.15001 -1.98889
-0.680576 0.15001 -1.97034
-0.234111 0.883131 1.30076
-0.397424 0.92103 1.57332
-0.19661 1.00198 1.8422
-0.278481 0.94554 2.02632
-0.153302 1.00945 2.30949
-0.482425 0.706828 2.63492
-0.28853 0.793851 2.71045
-1.23347 0.15001 2.84178
-0.737505 0.15001 -1.0599
-1.89082 0.15001 -2.31601
-1.87424 0.15001 -1.81435
-0.220104 0.869223 1.52894
-0.243918 1.04607 1.65439
-1.63256 0.15001 -1.00753
-1.59098 0.15001 0.618982
-0.266274 0.964655 2.59493
-1.80996 0.15001 1.72504
-1.92367 0.15001 2.32316
-1.24863 0.15001 -2.68512
-0.878412 0.15001 -1.21056
-1.73648 0.15001 -1.5944
-1.39094 0.15001 -1.55839
-1.21919 0.15001 0.537055
-2.10566 0.15001 1.43307
-1.58446 0.15001 1.08326
-1.77456 0.15001 0.652276
-1.4432 0.15001 0.04604
-1.56838 0.15001 2.46103
-0.901011 0.15001 -1.94316
0.126073 0.171379 1.04402
-0.0165041 0.179021 1.25442
-0.0755548 0.174494 1.64095
-0.0108195 0.177614 1.8304
0.0698972 0.168782 2.03319
-0.0820138 0.273792 2.12855
-0.153188 0.15001 2.2794
-0.128659 0.15001 2.52873
-0.0442251 0.171781 2.69546
-0.983565 0.15001 -2.84999
-0.0051149 0.277463 0.897688
-0.0725451 0.207283 1.07016
-0.07944 0.160853 1.4369
0.118971 0.207246 1.68877
-0.113194 0.15001 1.98942
0.027255 0.15001 2.2244
-0.204663 0.28758 2.4181
-0.239649 0.151279 2.68514
0.255949 0.171804 2.84999
-0.58763 0.15001 -1.42087
0.0403167 0.377005 1.07202
0.0631684 0.318786 1.3739
-0.0245485 0.36121 1.5705
-0.0858024 0.3439 1.75733
-0.0361425 0.342087 1.95006
-0.0338532 0.446682 2.17788
0.0710562 0.370274 2.31599
0.0296168 0.361149 2.50127
0.00528391 0.36802 2.68719
-1.06003 0.15001 -2.65665
0.0587899 0.478568 0.895027
0.0776648 0.466785 1.23697
-0.000985864 0.503066 1.41002
0.0827038 0.492726 1.67115
-0.0603008 0.634784 1.97609
0.13491 0.524097 2.19798
-0.116614 0.458937 2.42801
-0.170226 0.490876 2.68841
0.0539355 0.176278 2.84999
-0.818811 0.15001 -2.10458
0.0354043 0.605502 1.08267
0.223053 0.505465 1.35832
-0.03685 0.600413 1.57439
-0.0120096 0.51713 1.83479
0.0642226 0.490317 2.01923
-0.146869 0.47998 2.03591
0.00643262 0.548344 2.32912
-0.0213519 0.52925 2.57666
0.0844016 0.360443 2.84999
-1.34732 0.15001 -2.84999
0.130625 0.679811 0.908836
0.0223741 0.655382 1.28281
0.117245 0.652664 1.46286
0.089014 0.684304 1.69107
0.0507398 0.74101 1.86862
-0.0137404 0.645422 2.16266
-0.0777998 0.678906 2.42534
-0.120355 0.670181 2.69117
0.213654 0.489089 2.84999
-0.704291 0.15001 -1.56397
0.085592 0.798821 1.09886
0.166033 0.794946 1.30921
-0.0489939 0.79601 1.6054
-0.0654517 0.864452 1.78741
0.0175443 0.795229 2.04556
0.0128829 0.815702 2.24509
0.127621 0.685824 2.30806
0.0228439 0.712774 2.57529
-0.170128 0.859739 2.84999
-0.903727 0.15001 -2.27387
-0.376685 0.15001 -2.12465
-0.00720945 0.85931 1.24915
0.0928325 0.845595 1.48168
0.193152 0.958739 1.59816
-0.146218 0.798729 1.93797
0.177996 0.801077 2.16283
0.0636062 0.810522 2.43079
-0.0669629 0.921136 2.69267
-0.27102 0.406148 2.84999
-0.0168996 0.15001 -0.437727
0.307345 0.15001 -0.394919
-1.69734 0.15001 -1.77933
-0.0769009 0.876625 1.41631
-0.0604392 0.9992 1.5842
0.0820734 0.950993 1.91491
-0.133291 0.894479 2.15531
0.211427 0.880115 2.34481
0.0889144 1.01396 2.60694
-1.42301 0.15001 1.81967
-0.788888 0.15001 -1.38022
-0.765458 0.15001 -2.3859
-0.102145 0.15001 -1.58056
-1.96251 0.15001 -1.31924
0.0632302 0.964128 1.7219
-0.0815696 0.955407 1.99274
0.0727676 0.948667 2.12805
-0.0908118 0.893202 2.45196
-1.07338 0.15001 1.99751
-0.967756 0.15001 2.16865
-0.0520871 0.15001 -1.03342
0.330021 0.227897 1.14414
0.235492 0.160259 1.36927
0.271723 0.190115 1.56037
0.170346 0.160551 1.86901
0.271596 0.15001 2.0251
0.20622 0.164726 2.19681
0.163483 0.173924 2.37762
0.245079 0.202924 2.54579
0.353047 0.150237 2.68833
-1.06701 0.15001 -2.36463
0.177359 0.213929 0.827875
0.157434 0.263262 1.21737
0.0925581 0.178957 1.5049
0.306071 0.157763 1.74315
0.175559 0.326972 1.96823
0.38303 0.15001 2.22824
-0.0231366 0.224532 2.38935
0.0624641 0.151467 2.53883
0.440812 0.208325 2.84999
-0.923216 0.15001 -2.48924
0.2148 0.342996 0.983078
0.334235 0.328771 1.33027
0.334411 0.370791 1.51545
0.0974498 0.359277 1.80525
0.252697 0.455076 2.0788
0.11231 0.325968 2.14089
0.264675 0.350127 2.25636
0.359227 0.351432 2.54509
0.154856 0.150291 2.69858
-0.881024 0.15001 -2.69947
-0.255923 0.15001 -2.50296
0.260624 0.426752 1.17808
0.149365 0.416636 1.51093
0.235564 0.366587 1.6762
0.159622 0.589201 1.88177
0.402996 0.468185 2.19014
0.213264 0.362708 2.43366
0.170586 0.432593 2.5968
0.366241 0.400612 2.84999
0.261621 0.481096 0.834148
0.213397 0.540232 1.02815
0.414868 0.516549 1.38504
0.277702 0.564251 1.53334
0.250409 0.574239 1.71704
0.318636 0.600921 1.98883
0.151545 0.654242 2.05751
0.24917 0.529501 2.34109
0.335932 0.548375 2.50678
0.236463 0.326576 2.73521
-0.399794 0.15001 -1.77694
0.368836 0.627879 0.934858
0.200234 0.63065 1.21085
0.305367 0.710399 1.41315
0.393594 0.681666 1.65541
0.201401 0.815668 1.96139
0.282046 0.650169 2.19933
0.129827 0.584364 2.4748
0.123516 0.586212 2.68619
0.347153 0.601736 2.84999
-0.568146 0.15001 -1.71096
0.264546 0.745747 1.05752
0.445898 0.724212 1.28519
0.231159 0.760897 1.58638
0.180655 0.835093 1.76938
0.312913 0.713872 1.83333
0.34371 0.78097 2.07504
0.283871 0.71519 2.40068
0.418449 0.734476 2.52301
0.199087 0.711456 2.84999
-0.753061 0.15001 -2.57361
-0.300291 0.15001 -1.95095
0.321011 0.869077 1.21403
0.26272 0.924961 1.42406
0.347297 0.868782 1.69522
0.223442 1.03308 2.02532
0.38142 0.808739 2.26025
0.201222 0.870894 2.53928
0.240087 0.684738 2.58454
-0.109721 0.485617 2.84999
-0.419053 0.15001 -2.63543
-0.452139 0.15001 -1.55505
0.44172 0.957012 1.3495
0.359086 1.04977 1.5851
0.232521 1.03312 1.82686
0.418437 1.00281 2.08094
0.283381 0.942095 2.18594
0.265251 1.05206 2.42546
0.0598305 0.751842 2.74538
-1.04715 0.15001 2.75377
-0.264417 0.15001 -1.45305
1.29835 0.15001 -2.04476
-1.93671 0.15001 -1.62536
-0.157152 0.15001 -1.81089
1.19402 0.15001 -1.14395
0.70408 0.822016 2.0972
0.38366 0.903202 2.56549
0.0438734 0.969433 2.33697
-0.480182 0.296236 2.84999
-0.0631745 0.671325 2.84999
-0.750162 0.15001 -2.84633
0.128683 0.15001 -0.354755
0.506495 0.220585 1.0685
0.423854 0.173537 1.44058
0.480151 0.154107 1.81851
0.473109 0.166714 2.00985
0.35964 0.297511 2.10332
0.523579 0.153648 2.36033
0.468295 0.181869 2.53429
0.542088 0.15001 2.69702
-0.604366 0.15001 -2.47344
0.547506 0.24963 0.881345
0.49118 0.223962 1.26725
0.448641 0.218228 1.62982
0.551096 0.35539 1.86592
0.347064 0.271741 1.8986
0.55386 0.182497 2.18229
0.350772 0.230111 2.39299
0.642406 0.438246 2.70262
0.633717 0.183761 2.84999
-0.60017 0.15001 -2.67329
-0.073482 0.15001 -2.61677
0.453571 0.432197 1.21455
0.516128 0.363072 1.47186
0.411507 0.366247 1.74275
0.412071 0.434901 1.97616
0.53818 0.355912 2.08955
0.536048 0.344169 2.27753
0.548582 0.347143 2.46178
0.446748 0.325058 2.70173
0.555623 0.314328 0.699941
0.353985 0.202861 0.939988
0.616026 0.408681 1.31543
0.440718 0.501527 1.6113
0.58678 0.386522 1.6636
0.274201 0.444681 1.85112
0.582997 0.522413 2.2099
0.402593 0.4292 2.37726
0.49456 0.469922 2.58921
0.555107 0.362395 2.84999
-0.544389 0.15001 -2.84999
0.396067 0.41795 1.02699
0.59494 0.603085 1.34566
0.614872 0.519702 1.52141
0.447011 0.552712 1.821
0.574131 0.51974 1.99386
0.458186 0.639901 2.12955
0.659774 0.535093 2.37766
0.518946 0.598106 2.46797
0.485063 0.509669 2.76387
0.466546 0.435428 0.840001
0.550606 0.560513 0.979874
0.376224 0.597153 1.14141
0.48111 0.660954 1.48954
0.57926 0.614359 1.69098
0.635967 0.64848 1.86999
0.637946 0.664907 2.07721
0.424483 0.616167 2.31507
0.310776 0.50924 2.68854
0.662086 0.533745 2.84999
-0.677668 0.15001 -2.21605
-0.425133 0.15001 -2.43028
0.566527 0.632507 1.15864
0.580304 0.785896 1.59385
0.491188 0.778479 1.78293
0.468858 0.693812 1.95244
0.580963 0.715025 2.26484
0.649246 0.728605 2.45652
0.594949 0.633092 2.63963
0.518319 0.658079 2.84999
-0.730893 0.15001 -1.79555
0.456773 0.781873 1.0794
0.576151 0.818161 1.4039
0.414574 0.848218 1.5195
0.737139 1.00401 1.65187
0.379492 0.874923 1.92167
0.517997 0.834651 2.12074
0.502065 0.845443 2.39406
0.409661 0.669292 2.68985
0.685481 0.713032 2.84999
-0.49138 0.15001 -1.9863
0.350071 0.15001 -2.14729
0.587698 0.853924 1.21073
0.559799 1.00079 1.50742
0.562654 0.946187 1.69518
0.601397 0.812544 1.93909
0.538351 0.980879 2.25695
0.624498 1.01069 2.46056
0.54429 0.789165 2.73542
0.384384 0.780471 2.84999
-0.273183 0.15001 -2.2861
-0.390307 0.15001 -1.25679
-0.27468 0.15001 -1.64045
-0.602125 0.15001 -0.865612
0.424155 0.998183 1.8001
0.549629 0.979646 1.94981
0.828137 0.792926 2.22336
0.261896 0.803614 2.71259
0.0533974 0.540811 2.84999
1.31059 0.607034 2.84999
0.0630075 0.15001 -2.84999
0.661967 0.191527 1.17337
0.665462 0.15891 1.3544
0.601238 0.199906 1.51935
0.625937 0.193439 1.69979
0.659677 0.195682 1.87535
0.825018 0.180207 2.14792
0.706059 0.16641 2.29338
0.650904 0.288619 2.60362
0.730167 0.15001 2.69804
0.294339 0.15001 -2.67873
-0.135623 0.15001 -2.84999
0.85073 0.199273 1.13803
0.971852 0.15001 1.28304
0.954102 0.318152 1.73972
0.670865 0.174565 2.05089
0.976385 0.150006 2.24528
0.665805 0.150977 2.47991
0.926429 0.228296 2.6959
0.832053 0.161074 2.84999
0.74197 0.21878 0.803366
0.711475 0.236728 0.996213
0.78093 0.316699 1.28497
0.845176 0.188603 1.42104
0.7796 0.170436 1.59359
0.821415 0.162839 1.77728
0.702687 0.337212 2.18231
0.868031 0.207201 2.38485
0.836395 0.15001 2.55319
0.741491 0.340249 2.84999
-0.351573 0.15001 -2.84999
0.103865 0.15001 -2.65144
0.806374 0.396064 1.08755
0.727801 0.35577 1.51087
0.76802 0.343475 1.70343
0.694319 0.36932 1.98831
0.87494 0.345 2.25997
0.718918 0.351712 2.37657
0.871353 0.361279 2.49984
0.823931 0.39053 2.68189
-0.502385 0.15001 -2.25947
0.611451 0.395615 1.11104
0.768662 0.512242 1.39526
0.758964 0.563262 1.64278
0.686433 0.481837 1.80847
0.842552 0.390443 1.87916
0.745214 0.514515 2.11643
0.853041 0.511185 2.37555
0.714109 0.468789 2.53824
0.852739 0.487398 2.84999
0.245959 0.15001 -2.84999
0.684006 0.423268 0.926465
0.734023 0.545163 1.20342
0.705571 0.689043 1.48605
0.813013 0.677527 1.78708
0.795193 0.575671 1.94713
0.759895 0.632429 2.26248
0.798166 0.641529 2.52328
0.769081 0.584698 2.69842
0.95974 0.583332 2.70758
-0.242948 0.15001 -2.69331
0.870306 0.52514 0.936279
0.732633 0.740951 1.29797
0.806546 0.790009 1.62039
0.673679 0.791673 1.75097
0.965784 0.740263 1.92634
0.88982 0.680896 2.09195
0.840541 0.782955 2.40851
0.907349 0.760224 2.64667
0.854071 0.66231 2.84999
1.3286 0.15001 -2.62888
0.697414 0.462277 0.731957
0.726701 0.734624 1.09588
0.741212 0.906099 1.47317
0.891045 0.905949 1.789
0.786397 0.77535 1.94496
0.682857 0.86345 2.33414
0.769979 0.898335 2.54242
0.571578 0.86222 2.57015
0.722118 0.776233 2.6757
0.272789 0.15001 -2.32667
-0.102145 0.15001 -2.21926
0.761247 0.943498 1.27159
0.923371 0.985063 1.59397
0.717767 0.928373 1.8568
0.829781 1.00113 1.98892
0.914923 0.945984 2.15054
0.824003 1.00779 2.39047
0.882685 0.967966 2.69376
1.84344 0.160174 2.84995
0.458641 0.15001 -2.34815
-0.181938 0.15001 -1.26178
-0.282932 0.15001 -0.938039
1.70952 0.15001 1.84629
0.827528 0.15001 -1.61539
2.0972 0.15001 1.47427
0.733204 0.968611 2.19432
2.33356 0.15001 2.04115
2.38951 0.15001 2.28485
0.838267 0.83756 2.84784
0.441583 0.15001 -2.84999
-0.0947757 0.15001 -2.01014
1.04619 0.223265 1.12118
1.04026 0.206957 1.45951
0.968798 0.156274 1.63687
0.992303 0.152656 1.86744
0.999466 0.181391 2.05783
1.14579 0.214777 2.1895
1.02145 0.160655 2.54395
1.0217 0.153054 2.84999
0.628433 0.15001 -2.84999
0.235706 0.15001 -1.4883
1.22351 0.293074 1.45828
1.16293 0.187838 1.61573
1.13097 0.259392 1.79291
0.833691 0.215726 1.96031
1.15459 0.287609 2.00066
1.19589 0.254185 2.52401
1.21197 0.15172 2.84999
1.63042 0.15001 2.84999
0.216524 0.15001 -2.51072
0.913596 0.250831 0.956727
0.910396 0.459471 1.24795
0.909071 0.375205 1.42533
0.903342 0.446989 1.6003
1.03326 0.395969 1.89919
1.04292 0.374994 2.13317
1.20558 0.314654 2.3428
1.10649 0.152372 2.37807
2.01167 0.15001 2.52492
-0.0954914 0.15001 -2.41107
1.06551 0.3765 0.891734
1.07787 0.375569 1.32942
1.07689 0.394695 1.53545
1.09347 0.454884 1.72203
0.866425 0.3729 2.0699
1.21668 0.445223 2.19922
1.06174 0.383654 2.50242
1.01588 0.401862 2.68628
0.94368 0.330815 2.84999
1.93598 0.15001 -2.84999
1.00303 0.415229 1.07887
1.07211 0.570583 1.21646
0.885427 0.626862 1.50626
0.919235 0.525798 1.77389
1.15496 0.4953 2.01938
0.920817 0.521101 2.19671
1.03932 0.41496 2.31889
0.960907 0.545106 2.5251
1.14023 0.334119 2.84999
0.879869 0.374671 0.796321
1.08474 0.591105 1.0141
1.04979 0.560371 1.41887
1.04189 0.605515 1.61489
1.07769 0.600827 1.85395
0.970542 0.535488 2.00836
1.09708 0.604115 2.1763
1.08316 0.589816 2.37183
1.14339 0.609876 2.54554
1.06584 0.506596 2.84999
0.0258454 0.15001 -1.77567
0.946019 0.15001 -2.61322
0.904355 0.645492 1.31072
0.981143 0.797918 1.54651
0.982214 0.742873 1.73346
1.13519 0.702346 2.01077
0.95997 0.68927 2.28577
1.01096 0.74006 2.48202
1.14458 0.656093 2.71852
2.18448 0.15001 2.23783
0.424472 0.15001 -2.53197
0.898401 0.622149 1.11022
1.10137 0.760611 1.39761
1.15275 0.80594 1.64054
1.11018 0.846206 1.83988
1.01842 0.933749 1.98834
1.0438 0.804071 2.1487
1.14288 0.778345 2.33008
1.19721 0.806214 2.52059
1.02965 0.697633 2.84999
0.090616 0.15001 -2.37063
0.753197 0.15001 -2.34613
0.982577 0.794507 1.1915
0.901781 0.837581 1.37254
1.95351 0.15001 1.09533
1.32182 0.15001 -0.974407
0.983531 0.896423 2.32436
0.974433 0.937906 2.5159
1.07486 0.857176 2.66921
2.06267 0.15001 2.84959
0.19303 0.15001 -1.69536
0.0811822 0.15001 -0.882275
0.500195 0.15001 -2.02087
1.12573 0.15001 -1.52412
0.524946 0.15001 -0.90138
1.94717 0.15001 1.81867
2.24114 0.15001 1.83079
1.75321 0.15001 0.323693
2.29326 0.15001 0.81117
1.42094 0.15001 2.84999
2.07874 0.15001 -2.53702
1.12582 0.15001 -1.94369
1.16309 0.191618 1.29502
1.93705 0.15001 -1.93181
1.60056 0.15001 -1.27374
2.083 0.15001 1.66192
1.44218 0.308596 2.15002
2.39392 0.15001 0.533353
1.12309 0.221831 2.69421
2.57303 0.15001 1.47135
0.773064 0.15001 -2.71192
2.84999 0.15001 -2.55415
1.31674 0.224147 1.17382
2.65777 0.15001 -1.86407
1.5084 0.282541 1.69752
1.46291 0.203785 1.96707
1.51396 0.264475 2.32475
1.32757 0.171591 2.27359
2.46133 0.15001 2.50311
2.35358 0.15001 2.84974
1.76125 0.15001 -2.73419
1.19631 0.227644 1.00064
1.36509 0.196683 1.36473
1.35783 0.179055 1.56113
1.31733 0.253164 1.73606
1.26858 0.162433 1.89858
1.3026 0.180727 2.08477
1.36581 0.205097 2.45773
1.31267 0.155767 2.64878
1.51221 0.237195 2.68477
0.519456 0.15001 -2.68683
1.8942 0.15001 -2.40795
1.52276 0.270142 1.2654
1.52678 0.270013 1.48894
2.13468 0.15001 -1.99553
1.32132 0.398365 2.03024
1.61512 0.213923 2.10783
1.37263 0.413816 2.31885
1.55581 0.190272 2.50092
2.55104 0.15001 2.84999
0.0911149 0.15001 -1.27606
1.18575 0.392247 1.16616
1.23352 0.483561 1.41374
1.25514 0.408595 1.62813
1.23387 0.414113 1.85074
1.42751 0.377209 1.86034
1.44865 0.513161 2.16757
1.22421 0.480545 2.43565
1.1968 0.440502 2.6405
1.48487 0.505741 2.68091
1.12678 0.15001 -2.84999
1.12136 0.15001 -2.13056
1.3605 0.418683 1.27281
1.41563 0.441022 1.51829
1.38928 0.527196 1.7276
1.45341 0.560264 1.97064
1.26815 0.61749 2.29729
1.53475 0.458188 2.42904
1.37261 0.396753 2.51808
2.21404 0.15001 2.6743
0.93234 0.15001 -2.84767
1.23999 0.447308 0.979852
1.23921 0.650022 1.29145
1.21399 0.644322 1.52491
1.21545 0.630533 1.71947
1.27358 0.600374 1.90258
1.29206 0.616787 2.10138
1.34505 0.644594 2.48005
1.35263 0.346478 2.7027
2.24594 0.15001 2.4884
1.2642 0.295901 0.825637
0.584483 0.15001 -2.2129
1.3907 0.626859 1.43075
1.56823 0.15001 -2.13615
0.681056 0.15001 -1.90945
1.598 0.15001 0.0138532
1.3327 0.15001 -0.787682
2.43303 0.15001 1.34004
1.31803 0.598653 2.66939
1.2812 0.817382 2.70238
1.13531 0.15001 -2.67195
0.639312 0.15001 -2.53488
0.913558 0.15001 -2.22596
0.52313 0.15001 -1.48656
0.327909 0.15001 -1.94079
1.28689 0.800544 1.92135
1.2428 0.806637 2.15695
2.25174 0.15001 0.259102
2.07938 0.15001 2.02171
2.69505 0.15001 2.46675
0.139658 0.15001 -2.18881
1.14427 0.15001 -2.30705
0.517147 0.15001 -1.68004
1.55784 0.15001 0.202831
1.34824 0.15001 -1.23215
1.35665 0.15001 -1.6234
2.14323 0.15001 0.0858015
1.87894 0.15001 2.15315
2.24677 0.15001 1.35451
1.81648 0.15001 2.38308
2.4647 0.15001 -2.84957
2.55683 0.15001 -2.45984
1.55471 0.15001 -2.32977
2.41018 0.15001 -2.33766
2.25399 0.15001 -2.17723
1.75385 0.15001 -1.54399
1.9454 0.15001 -1.46527
2.4079 0.15001 -0.539903
2.84843 0.15001 -0.0455377
2.84999 0.15001 0.279476
1.3379 0.15001 -2.84798
2.448 0.15001 -2.14502
1.88768 0.15001 -2.59403
2.84883 0.15001 -1.5696
2.57831 0.15001 -1.48583
2.38865 0.15001 -1.40009
2.84636 0.15001 -0.722113
2.61127 0.15001 -0.176898
2.837 0.15001 2.03751
2.6487 0.15001 1.67576
1.60928 0.15001 -2.84999
2.83138 0.15001 -1.98751
2.84233 0.15001 -1.78021
2.63774 0.15001 -2.06493
2.46434 0.15001 -1.81068
1.86511 0.15001 -1.11792
2.79192 0.15001 -1.11645
2.84585 0.15001 -0.470065
2.58089 0.15001 -0.388976
2.84999 0.15001 2.59212
2.84999 0.15001 -2.83435
2.84999 0.15001 -2.17118
1.1345 0.15001 -2.49086
2.62129 0.15001 -2.27103
2.34475 0.15001 -1.97175
2.417 0.15001 -1.61413
2.60409 0.15001 -0.888362
2.60764 0.15001 0.381401
2.84986 0.15001 1.02014
2.59139 0.15001 1.23438
2.65295 0.15001 -2.84999
1.39068 0.298606 1.00338
1.48405 0.15001 -2.50202
1.68193 0.15001 -1.95607
2.23157 0.15001 -1.80776
1.57569 0.392451 1.99756
2.62315 0.15001 -0.586105
2.80999 0.15001 -0.282087
2.27298 0.15001 -0.0611946
2.84034 0.15001 2.84996
2.84999 0.15001 -2.3592
2.11815 0.15001 -2.73527
2.27702 0.15001 -2.53499
0.93369 0.15001 -2.0328
2.60621 0.15001 -1.1895
2.84999 0.15001 -0.934839
2.24434 0.15001 -0.684248
1.83907 0.15001 0.897858
2.82764 0.15001 0.638901
2.68039 0.15001 2.69839
2.27836 0.15001 -2.84999
2.45985 0.15001 -2.65126
2.6228 0.15001 -1.66385
2.10144 0.15001 -2.33811
2.8121 0.15001 -1.3298
1.25129 0.15001 -1.81018
2.3376 0.15001 -0.246614
1.96086 0.15001 -0.379035
1.62183 0.38604 2.599
2.48045 0.15001 1.88282
1.58298 0.15001 -2.66243
1.31479 0.15001 -2.42088
1.9768 0.15001 -2.16573
1.47349 0.15001 -1.92981
1.9777 0.15001 -1.71894
2.19553 0.15001 -1.45455
1.57855 0.15001 -0.194592
2.34152 0.15001 -0.877923
2.69282 0.15001 0.155611
2.82811 0.15001 2.23391
2.6626 0.15001 -2.63872
1.68738 0.15001 -2.50675
1.7463 0.15001 -2.24993
0.95667 0.15001 -2.41345
0.928404 0.15001 -1.83739
1.74688 0.15001 -1.73751
2.13961 0.15001 -0.407226
2.44624 0.15001 -1.06162
2.20219 0.15001 0.647128
2.58924 0.15001 0.812998
-0.353333 0.15001 -0.738061
1.35336 0.15001 -2.23061
0.73964 0.15001 -2.11273
0.138464 0.15001 -1.99881
1.54395 0.15001 -1.56686
1.83073 0.15001 -1.3005
1.56992 0.15001 -0.970061
1.98733 0.15001 0.195629
2.47192 0.15001 0.210513
2.83927 0.15001 1.54623
