1000 0.1
-2.79046 0.15001 -2.84859
-1.15103 0.15001 -1.56315
-2.04796 0.15001 -1.84046
-2.14255 0.15001 -2.34562
-2.04847 0.15001 -2.17314
-0.932622 0.15001 -0.648681
-2.534 0.15001 0.514604
-2.59147 0.15001 -0.670975
-2.4348 0.15001 0.327394
-2.1063 0.15001 1.03668
-2.03883 0.15001 -2.83347
-2.51633 0.15001 -2.68238
-2.23665 0.15001 -2.51497
-2.52053 0.15001 -2.3496
-2.84942 0.15001 -0.80968
-2.81195 0.15001 0.702064
-2.81212 0.15001 -0.434714
-2.60985 0.15001 0.890046
-2.84861 0.15001 1.01926
-2.05007 0.15001 2.83183
-2.22818 0.15001 -2.83976
-1.24571 0.15001 -1.9234
-1.76177 0.15001 -2.33982
-2.46935 0.15001 -1.87968
-2.42389 0.15001 -2.51616
-2.61207 0.15001 -2.51392
-0.803314 0.403875 2.18798
-2.43892 0.15001 -0.792068
-2.26588 0.15001 1.19255
-2.8207 0.15001 2.46599
-1.94796 0.15001 -2.66976
-1.53393 0.15001 -2.04588
-2.80087 0.15001 -2.51747
-2.84789 0.15001 -1.16948
-2.82689 0.15001 -1.74255
-2.68119 0.15001 -1.4431
-2.67101 0.15001 -1.07002
-2.84775 0.15001 -0.990612
-2.6411 0.15001 1.71577
-2.4241 0.15001 2.83988
-0.70629 0.15001 -0.752709
-2.41677 0.15001 -2.84738
-0.931623 0.15001 -1.72924
-2.70496 0.15001 -2.68029
-1.84906 0.15001 -1.84154
-2.62301 0.15001 -2.19693
-2.84999 0.15001 -1.35862
-0.795236 0.56463 2.30271
-2.34554 0.15001 -0.443952
-2.63464 0.15001 2.40736
-2.04792 0.15001 -2.50891
-2.32849 0.15001 -2.68086
-1.672 0.15001 -2.17649
-2.71977 0.15001 -2.34974
-2.8154 0.15001 -2.18035
-2.83504 0.15001 -1.55156
-2.84999 0.15001 -1.92591
-2.77321 0.15001 -0.636672
-2.1139 0.15001 1.584
-2.7038 0.15001 2.63277
-1.84713 0.15001 -2.8298
-1.95295 0.15001 -2.3414
-1.95545 0.15001 -1.66899
-2.66582 0.15001 -1.63659
-2.23286 0.15001 -2.17222
-2.66053 0.15001 -1.83612
-2.5097 0.15001 -1.52522
-2.68815 0.15001 -1.25828
-2.35663 0.15001 0.742885
-2.32893 0.15001 2.51744
-2.60498 0.15001 -2.84726
-0.990517 0.15001 -0.246385
-1.12748 0.15001 -1.7602
-2.32928 0.15001 -2.35308
-2.52043 0.15001 -2.04781
-2.22218 0.15001 -1.2818
-2.03054 0.15001 -1.26798
-2.73903 0.15001 0.487022
-1.8955 0.15001 -0.964007
-2.26386 0.15001 1.72038
-1.04098 0.15001 -1.34657
-1.44301 0.15001 -1.88109
-2.15311 0.15001 -1.68402
-2.33529 0.15001 -2.01087
-2.14837 0.15001 -2.00316
-2.52068 0.15001 -1.34079
-2.40353 0.15001 -1.19383
-2.67723 0.15001 -0.869007
-2.59844 0.15001 -0.471721
-2.71708 0.15001 1.22696
-1.05645 0.15001 -1.99104
-0.893018 0.15001 -0.405607
-1.95444 0.15001 -2.00392
-1.7599 0.15001 -2.01289
-1.43621 0.15001 -1.36089
-2.34697 0.15001 -1.42269
-1.84095 0.15001 -1.2938
-1.75718 0.15001 -1.09111
-2.055 0.15001 -1.06214
-1.85234 0.15001 -0.722879
-1.75421 0.15001 -2.66571
-0.566055 0.15001 1.10527
-0.419857 0.328518 1.2666
-0.405484 0.313923 1.47932
-0.499674 0.276249 1.65327
-0.397598 0.276762 1.82659
-1.73515 0.15001 0.252489
-0.547241 0.290509 2.32512
-0.712079 0.326728 2.43834
-0.667251 0.213574 2.67312
-1.66131 0.15001 -2.5
-0.53765 0.40463 1.02037
-0.608068 0.32216 1.19474
-0.588673 0.282048 1.40042
-0.688436 0.311181 1.58602
-2.70052 0.15001 -2.02699
-0.63727 0.304534 2.14932
-1.03406 0.15001 1.84321
-0.799857 0.383045 2.62453
-1.88193 0.15001 2.64129
-1.08322 0.15001 -2.40619
-0.281989 0.483825 1.17598
-0.50952 0.484002 1.38438
-0.541915 0.470559 1.57829
-0.475794 0.462917 1.76416
-0.606352 0.303625 1.83155
-0.867162 0.15001 1.95611
-0.407188 0.413583 2.26327
-0.603483 0.370441 2.59963
-0.449863 0.477549 2.70279
-1.65399 0.15001 -2.82907
-0.349282 0.473861 0.976374
-0.481553 0.528572 1.1851
-0.578129 0.665745 1.50375
-0.684525 0.474621 1.73063
-0.677117 0.491095 2.06117
-0.617746 0.485519 2.25199
-0.536883 0.464413 2.42721
-2.49138 0.15001 2.00725
-0.72973 0.395226 2.84886
-1.46176 0.15001 -2.82397
-0.955304 0.15001 -1.52666
-0.47132 0.683703 1.32857
-0.429304 0.791797 1.62482
-0.56569 0.642893 1.70276
-0.440535 0.437841 1.95491
-0.482802 0.554715 2.12501
-0.459567 0.614175 2.31744
-0.426883 0.610799 2.51743
-1.84839 0.15001 1.68456
-1.56058 0.15001 -2.66087
-0.340381 0.658562 1.07007
-1.86209 0.15001 -2.17448
-2.41556 0.15001 -2.19214
-0.592633 0.567622 1.89641
-0.549157 0.718927 2.02855
-0.594573 0.721129 2.21923
-0.623724 0.67875 2.41524
-0.760899 0.54572 2.50094
-2.1157 0.15001 2.43256
-1.15813 0.15001 -2.18472
-1.34164 0.15001 -2.10244
-0.347355 0.802763 1.21508
-0.524665 0.863671 1.4537
-0.43462 0.944877 1.76744
-0.381346 0.843542 2.01427
-0.523582 0.906236 2.15813
-0.458412 0.83611 2.3449
-0.731908 0.578092 2.7375
-2.62578 0.15001 -0.229744
-2.13906 0.15001 -2.67463
-1.46682 0.15001 -2.4916
-0.687813 0.50082 1.29138
-2.16541 0.15001 -1.49137
-0.482261 1.00902 1.95438
-2.32968 0.15001 -1.60905
-2.47362 0.15001 -0.983677
-2.06571 0.15001 -0.867338
-0.593984 0.86353 2.5018
-0.558208 0.708837 2.81837
-1.27869 0.15001 -2.46408
0.953811 0.15001 0.229559
-1.78071 0.15001 -1.48728
-1.39753 0.15001 -1.54852
-1.16088 0.15001 -1.19334
-2.30337 0.15001 -1.79995
-0.941652 0.15001 -0.845887
-1.33496 0.15001 -1.06955
-2.27253 0.15001 -0.913175
-2.25394 0.15001 2.69437
-1.36107 0.15001 -2.65634
-0.879396 0.15001 0.773669
-1.32306 0.15001 -1.72948
-1.64802 0.15001 -1.342
-1.18677 0.15001 0.787636
-2.49213 0.15001 -1.70517
-2.23914 0.15001 -1.09469
-1.50868 0.15001 -0.963689
-1.90136 0.15001 0.553324
-2.60828 0.15001 2.82925
-0.739176 0.15001 0.315202
-0.58927 0.15001 0.456913
-0.248446 0.284019 1.15428
-0.205232 0.337956 1.51517
-0.308804 0.205005 1.62317
-0.206709 0.224407 1.79252
-0.287849 0.268724 2.14031
-0.359357 0.220771 2.31713
-0.340643 0.198566 2.51411
-1.59458 0.15001 2.82755
-0.901264 0.15001 -2.84432
-0.677912 0.15001 -0.495397
-0.269599 0.225783 1.3528
-0.335804 0.455202 1.61355
-0.278055 0.436823 1.81409
-0.475309 0.197245 1.99605
-0.502902 0.15001 2.18881
-0.533829 0.221891 2.50609
-0.450478 0.266205 2.68271
-0.154077 0.15001 2.84999
-1.27054 0.15001 -2.83994
-0.220222 0.328198 0.957258
-0.128217 0.42021 1.30935
-0.181926 0.527754 1.49718
-0.17165 0.558514 1.68539
-0.290329 0.15001 1.97295
-0.313531 0.454441 2.09837
-0.201958 0.42061 2.25453
-0.138222 0.372524 2.58003
-0.285575 0.369018 2.70224
-1.37756 0.15001 -2.30292
-0.148577 0.498814 1.01771
-0.313943 0.45797 1.3757
-0.375161 0.620161 1.49928
-0.362194 0.621055 1.72248
-0.350914 0.63637 2.00142
-0.20841 0.614162 2.22009
-0.30782 0.519377 2.39293
-0.384662 0.398037 2.53007
-0.147009 0.336875 2.84999
-0.74544 0.15001 -1.78039
-0.160855 0.464859 0.818225
-0.112794 0.590501 1.19203
-0.271082 0.639664 1.30559
-0.104568 0.745441 1.74502
-0.215214 0.621728 1.86171
-0.374947 0.732873 2.18331
-0.296517 0.717625 2.37295
-0.233262 0.648812 2.54247
-0.393436 0.585315 2.84999
-0.839416 0.15001 -2.00135
-0.152603 0.713492 0.990935
-0.324227 0.807965 1.42316
-0.242354 0.727135 1.60065
-0.514405 0.770348 1.84421
-0.208103 0.75563 2.0713
-0.187539 0.80983 2.24528
-0.378033 0.806988 2.53386
-0.353588 0.67688 2.68752
-0.26569 0.742252 2.84999
-0.965763 0.15001 -2.23867
-1.85609 0.15001 -2.50444
-0.142344 0.800075 1.18148
-0.144452 0.696376 1.43296
-0.243118 0.914904 1.70264
-0.325448 0.780739 1.82537
-0.331186 0.938577 2.2077
-0.292612 0.948156 2.40886
-0.187029 0.866505 2.58127
-1.75961 0.15001 2.27256
-0.814201 0.15001 -1.24095
-0.607674 0.15001 -1.1631
-0.23954 0.961176 1.29436
-0.419687 1.00263 1.57196
-0.211327 1.08473 1.84529
-0.285047 1.02517 2.02517
-0.158607 1.09864 2.32583
-0.595403 0.546666 2.60029
-0.324183 0.881624 2.71904
-1.96195 0.15001 2.21936
-1.44365 0.15001 -0.124264
-1.56779 0.15001 -2.33161
-1.6443 0.15001 -1.86302
-0.234679 0.973996 1.50194
-0.252499 1.12243 1.64744
-1.52474 0.15001 -1.1773
-1.44447 0.15001 0.0678983
-0.271831 1.0497 2.59599
-1.4048 0.15001 1.01695
-2.26153 0.15001 2.26898
-1.14204 0.15001 -2.59664
-1.28569 0.15001 -0.442995
-1.59486 0.15001 -1.52972
-1.23443 0.15001 -1.37015
-1.20196 0.15001 0.149939
-2.16034 0.15001 0.825661
-1.6381 0.15001 0.094992
-2.10755 0.15001 -0.650571
-1.07125 0.15001 -1.01275
-1.50693 0.15001 2.07736
-0.777803 0.15001 -1.00952
0.12966 0.222649 1.03296
-0.0212644 0.226387 1.24946
-0.0768119 0.222835 1.63139
-0.0149311 0.222499 1.82984
0.08354 0.203948 2.03385
-0.0960086 0.313443 2.12985
-0.173455 0.17448 2.26982
-0.143355 0.170143 2.51239
-0.0557491 0.227135 2.68821
-0.700306 0.15001 -2.85
-0.012479 0.340197 0.885189
-0.0722946 0.258779 1.06028
-0.0935709 0.196064 1.43202
0.115775 0.253555 1.6834
-0.100079 0.164769 2.00118
0.0187518 0.170897 2.21936
-0.230955 0.330582 2.41793
-0.250521 0.172255 2.68391
0.254372 0.185655 2.84999
-0.810936 0.15001 0.136388
0.0362676 0.432683 1.06161
0.0535788 0.370499 1.36993
-0.0282333 0.413243 1.55924
-0.0965748 0.389449 1.74775
-0.0526159 0.380131 1.94781
-0.0508016 0.497891 2.16663
0.0644146 0.415665 2.30614
0.0295674 0.40686 2.49129
0.0266759 0.402027 2.67768
-0.944108 0.15001 -2.64568
0.054741 0.546106 0.887602
0.0748618 0.523108 1.2272
-0.00251073 0.558958 1.40679
0.0826901 0.527644 1.66646
-0.0570325 0.680651 1.9663
0.124421 0.569677 2.19135
-0.126629 0.502907 2.43521
-0.189876 0.536267 2.69744
0.0421609 0.172577 2.84999
-0.764152 0.15001 -1.57506
0.0316939 0.668297 1.06952
0.223629 0.570435 1.34433
-0.0341032 0.658507 1.58406
-0.0254537 0.566552 1.82072
0.0611571 0.529945 2.00286
-0.160525 0.529714 2.01883
-0.00500594 0.589861 2.32375
-0.0324266 0.576119 2.59578
0.145911 0.340062 2.84999
-1.08303 0.15001 -2.77808
0.126154 0.754556 0.897314
0.0283756 0.704345 1.26253
0.106257 0.719725 1.45191
0.107424 0.702958 1.70997
0.0407259 0.819435 1.85838
-0.0343196 0.69143 2.16645
-0.0733247 0.690518 2.45757
-0.136212 0.727368 2.71076
0.174166 0.535005 2.84999
-0.68598 0.15001 -0.188383
0.0773073 0.868645 1.07406
0.154456 0.87213 1.28879
-0.102166 0.851297 1.56085
-0.0638337 0.965512 1.77416
-0.00214632 0.833191 2.05164
-0.00296479 0.867073 2.24266
0.118684 0.730411 2.30245
0.0130443 0.794183 2.61308
-0.168572 0.92819 2.84999
-0.564578 0.15001 -1.64219
-0.398218 0.15001 -1.25801
-0.0109118 0.973235 1.22057
0.0869868 0.932843 1.46937
0.187768 1.05084 1.59955
-0.165816 0.829891 1.90275
0.180217 0.850821 2.17708
0.104575 0.840247 2.45491
-0.0645005 0.989052 2.68791
-1.14505 0.15001 2.8461
0.144087 0.15001 0.364559
1.14635 0.15001 -1.12565
-1.52995 0.15001 -1.70809
-0.0406114 0.828095 1.37195
-0.0581232 1.07102 1.57537
0.0801544 1.04683 1.89812
-0.139342 0.985613 2.16278
0.230049 0.963367 2.34143
0.0881777 1.0979 2.60695
-1.34506 0.15001 1.32888
-1.13056 0.15001 -0.0684148
-0.645482 0.15001 -1.9424
-0.058147 0.15001 -0.39712
-1.97178 0.15001 -1.46999
0.0547818 0.858187 1.65068
-0.0870654 0.973495 1.97506
0.0726499 0.986881 2.11442
-0.127243 0.847551 2.40846
-1.09074 0.15001 1.65097
-0.904773 0.15001 2.15784
-0.188323 0.15001 0.114356
0.327424 0.282879 1.1402
0.231321 0.20299 1.35106
0.268468 0.246057 1.54839
0.17249 0.187467 1.86235
0.289718 0.16275 2.01762
0.204667 0.226103 2.18288
0.156214 0.224614 2.36628
0.245481 0.246761 2.53542
0.348626 0.169572 2.68349
-0.767628 0.15001 -2.17388
0.176218 0.274128 0.817781
0.1485 0.328141 1.20553
0.0863323 0.220941 1.49372
0.3093 0.192867 1.73049
0.184976 0.354681 1.96466
0.376685 0.155529 2.22194
-0.0442795 0.27387 2.37573
0.0524113 0.184307 2.52495
0.43767 0.233951 2.84999
-0.88209 0.15001 -2.42283
0.215895 0.405116 0.976512
0.324562 0.383521 1.32258
0.336448 0.427869 1.51165
0.0880783 0.4037 1.81046
0.243822 0.501621 2.06897
0.0944911 0.377715 2.12655
0.253485 0.407541 2.24493
0.353559 0.409911 2.54575
0.147708 0.181078 2.69066
-0.741926 0.15001 -2.56812
-0.449103 0.15001 -1.96311
0.260789 0.489836 1.16388
0.151911 0.474721 1.49873
0.231344 0.409314 1.67281
0.151039 0.649969 1.87802
0.397603 0.516397 2.18105
0.2096 0.411352 2.42845
0.162373 0.497991 2.5889
0.353038 0.427476 2.84999
0.26107 0.544998 0.821944
0.215005 0.609387 1.01255
0.417749 0.570805 1.38236
0.277039 0.630956 1.51964
0.272315 0.614415 1.70983
0.31357 0.654275 1.98184
0.137449 0.70612 2.05563
0.240158 0.580972 2.34315
0.335672 0.613245 2.50477
0.254326 0.353963 2.69924
-0.241657 0.15001 -0.798799
0.372518 0.699756 0.916298
0.205558 0.700073 1.19673
0.296935 0.779793 1.39236
0.394876 0.748936 1.64627
0.172316 0.885718 1.981
0.276968 0.686085 2.18821
0.10827 0.636134 2.4715
0.11103 0.64538 2.69579
0.33905 0.626125 2.84999
-0.526765 0.15001 -0.333419
0.267114 0.818093 1.04516
0.448313 0.795591 1.27098
0.224101 0.813329 1.5726
0.193931 0.927304 1.78581
0.30922 0.773382 1.8272
0.336772 0.820929 2.06534
0.283426 0.778244 2.39314
0.411157 0.84188 2.53392
0.139048 0.73789 2.84999
-0.690514 0.15001 -2.36239
-0.340918 0.15001 -1.02146
0.323436 0.945744 1.20151
0.25625 1.0151 1.40078
0.338242 0.934823 1.65625
0.22792 1.1127 2.0251
0.399102 0.849302 2.26432
0.232436 0.959513 2.55336
0.22119 0.749643 2.56604
-1.37967 0.15001 2.84952
-0.494885 0.15001 -2.30342
-0.404734 0.15001 0.045994
0.450943 1.04386 1.32855
0.379822 1.13108 1.58429
0.244496 1.12474 1.80946
0.436158 1.10892 2.07058
0.316297 0.975475 2.15835
0.270122 1.13741 2.43367
-0.406255 0.15001 2.84999
-1.32935 0.15001 1.93864
-0.307226 0.15001 -0.196363
0.620686 0.15001 -2.03327
-1.73571 0.15001 -1.68013
-0.130671 0.15001 -0.984376
0.805347 0.15001 -1.41278
0.825162 0.643225 2.09295
0.26688 0.758807 2.73704
0.0067226 0.977733 2.39152
-1.81512 0.15001 2.84471
-0.897919 0.15001 2.84999
-0.584617 0.15001 -2.68627
1.10172 0.15001 0.102789
0.505268 0.284438 1.05765
0.421851 0.217489 1.42827
0.486066 0.182634 1.80969
0.484268 0.211089 2.00184
0.356005 0.334352 2.09752
0.51647 0.17732 2.36089
0.452215 0.232561 2.53257
0.543807 0.164383 2.68838
-0.573742 0.15001 -2.1256
0.545628 0.308018 0.866323
0.499332 0.295256 1.26357
0.44891 0.281134 1.62103
0.543281 0.381297 1.85618
0.355321 0.314022 1.8882
0.5477 0.229562 2.18086
0.354968 0.291587 2.37116
0.63901 0.473049 2.67848
0.638399 0.211156 2.84999
-0.529252 0.15001 -2.49547
-0.372743 0.15001 -2.14862
0.453431 0.491841 1.20791
0.519685 0.4149 1.4629
0.40657 0.433343 1.73733
0.405613 0.485361 1.97392
0.539906 0.405978 2.08429
0.536339 0.397074 2.27686
0.55374 0.383865 2.46612
0.466327 0.356126 2.68545
0.567474 0.386007 0.694024
0.350762 0.257113 0.92913
0.622028 0.472813 1.30865
0.440716 0.563916 1.59915
0.584515 0.437066 1.6509
0.259564 0.494211 1.85459
0.5722 0.578858 2.21289
0.405042 0.483807 2.37894
0.495695 0.531174 2.5697
0.548597 0.380327 2.84999
-0.441327 0.15001 -2.84985
0.402685 0.480803 1.01376
0.599213 0.669039 1.33351
0.617894 0.57951 1.50944
0.443902 0.612386 1.81275
0.578305 0.540417 1.94361
0.458344 0.698896 2.1303
0.644971 0.575765 2.381
0.517677 0.690576 2.47057
0.48247 0.540373 2.75914
0.47087 0.500818 0.821058
0.55471 0.625449 0.965292
0.38207 0.661546 1.12654
0.477542 0.728684 1.4736
0.574996 0.675898 1.67441
0.635401 0.704691 1.85454
0.628197 0.668812 2.05154
0.416844 0.661114 2.31526
0.30797 0.540562 2.68813
0.651126 0.52241 2.84999
-0.651926 0.15001 -1.40124
-0.393625 0.15001 -1.74499
0.573837 0.706512 1.14375
0.562986 0.867142 1.57398
0.490663 0.843037 1.7755
0.473362 0.753824 1.94686
0.569293 0.772828 2.30172
0.65963 0.820677 2.46707
0.622141 0.663021 2.62841
0.551345 0.684775 2.84999
-0.510672 0.15001 -0.704158
0.46237 0.854311 1.06035
0.582457 0.89322 1.38469
0.407911 0.922861 1.48038
0.761008 1.09368 1.65411
0.335442 0.949901 1.93087
0.516939 0.915051 2.12312
0.506858 0.94462 2.39689
0.411351 0.694923 2.66165
0.742319 0.665209 2.84999
-0.573509 0.15001 -0.941414
-0.129586 0.15001 -1.77805
0.590887 0.933473 1.1919
0.563421 1.08047 1.49734
0.586863 1.02282 1.68999
0.65212 0.841622 1.98879
0.538608 1.07482 2.2486
0.622774 1.10675 2.45173
0.546451 0.805156 2.71378
0.407774 0.794492 2.84999
-0.244589 0.15001 -1.59725
-0.468087 0.15001 0.271527
-0.232448 0.15001 -0.537426
-1.09741 0.15001 0.480934
0.429169 1.01688 1.78969
0.515023 0.93349 1.93396
0.863477 0.804593 2.19074
-0.630708 0.15001 2.84999
-0.00364974 0.44113 2.84999
1.67247 0.15001 2.8487
-0.0497336 0.15001 -2.84999
0.664263 0.244915 1.16274
0.675037 0.174999 1.34131
0.603879 0.244944 1.50319
0.628996 0.244269 1.6917
0.666682 0.237524 1.87533
0.845708 0.230475 2.15216
0.709961 0.192094 2.30066
0.682324 0.315113 2.59568
0.73771 0.155668 2.6933
-0.0130617 0.15001 -2.6487
-0.243779 0.15001 -2.81147
0.858872 0.248026 1.13218
0.987544 0.15001 1.26414
0.964411 0.365023 1.7239
0.683911 0.183306 2.05546
0.997286 0.159464 2.24493
0.659638 0.159793 2.48841
0.924738 0.271557 2.68473
0.841484 0.195842 2.84999
0.7346 0.284045 0.77876
0.716952 0.295221 0.981152
0.784598 0.372576 1.27321
0.855964 0.236189 1.40075
0.786103 0.214756 1.57937
0.82714 0.199083 1.76937
0.699129 0.34386 2.18801
0.884482 0.253696 2.37632
0.849687 0.159285 2.53945
0.756029 0.367995 2.84999
-0.396521 0.15001 -2.64478
-0.210737 0.15001 -2.61296
0.812832 0.454451 1.07977
0.728187 0.409495 1.49838
0.772602 0.384811 1.69122
0.70171 0.395442 1.97988
0.878958 0.402007 2.25322
0.726719 0.392345 2.37919
0.887158 0.403403 2.5008
0.830529 0.439939 2.68217
-0.436542 0.15001 -1.47565
0.614061 0.456857 1.10115
0.778594 0.579119 1.3915
0.761445 0.630249 1.63976
0.683931 0.525581 1.78896
0.849812 0.436606 1.86586
0.71929 0.51063 2.12865
0.856346 0.553785 2.37604
0.739243 0.526665 2.5315
0.865457 0.529669 2.84999
0.146388 0.15001 -2.83185
0.689474 0.484324 0.91343
0.738659 0.609363 1.1945
0.705261 0.759157 1.48188
0.831822 0.746578 1.7801
0.794976 0.616599 1.91495
0.764776 0.693317 2.29736
0.811879 0.710987 2.51496
0.800777 0.63018 2.68389
0.992604 0.654877 2.68913
-0.333467 0.15001 -2.45279
0.87172 0.594142 0.92701
0.736296 0.81234 1.28506
0.824292 0.866691 1.61245
0.670088 0.834799 1.71791
0.992606 0.825751 1.90529
0.991953 0.749675 2.07848
0.846563 0.867392 2.40727
0.918248 0.837455 2.653
0.921415 0.713118 2.84999
0.978094 0.15001 -2.62176
0.695168 0.530163 0.716174
0.734359 0.809258 1.07911
0.743496 0.984276 1.47088
0.923456 0.99461 1.78179
0.831494 0.812973 2.00136
0.692218 0.951752 2.31455
0.769548 0.99202 2.5468
0.571456 0.959404 2.58661
0.72555 0.839772 2.66597
-0.0955107 0.15001 -2.02971
-0.236381 0.15001 -1.38702
0.762766 1.02188 1.26355
0.943708 1.06078 1.58506
0.77011 0.89971 1.85491
0.823215 1.08351 1.98079
0.911751 1.04056 2.15881
0.830284 1.09234 2.37927
0.885173 1.04139 2.7102
2.1092 0.15001 2.79707
0.0296271 0.15001 -2.17403
-0.0499871 0.15001 -0.152111
-0.4168 0.15001 0.750162
1.97141 0.15001 1.59119
0.586351 0.15001 -1.2308
2.11554 0.15001 0.901488
0.685134 0.787865 2.16517
2.47476 0.15001 1.29937
2.1576 0.15001 1.64856
0.780893 0.838297 2.84999
0.339141 0.15001 -2.84999
-0.191511 0.15001 -1.1854
1.0534 0.290259 1.1235
1.04546 0.267704 1.45475
0.978199 0.188749 1.6338
1.00709 0.185224 1.85789
1.01577 0.23631 2.05248
1.15557 0.270172 2.1872
1.0389 0.208108 2.53746
1.0356 0.180387 2.84999
0.513288 0.15001 -2.76867
0.160659 0.15001 -0.45264
1.23699 0.351551 1.45627
1.17355 0.233663 1.61149
1.14261 0.31436 1.78974
0.845549 0.25761 1.95517
1.17825 0.34307 1.99398
1.21654 0.309892 2.53109
1.23539 0.200474 2.84999
1.90294 0.15001 2.80855
-0.125514 0.15001 -2.42742
0.92106 0.311951 0.947685
0.916287 0.524514 1.24392
0.913697 0.427653 1.41837
0.904835 0.508194 1.59359
1.04344 0.443056 1.89501
1.06129 0.435618 2.12507
1.21917 0.370252 2.34386
1.14364 0.185803 2.37445
2.15977 0.15001 2.26134
-0.257407 0.15001 -1.91929
1.0719 0.441625 0.879356
1.08766 0.436986 1.32394
1.08468 0.45773 1.52883
1.10228 0.511054 1.71838
0.880975 0.419953 2.06015
1.23275 0.508071 2.19995
1.0783 0.438454 2.50401
1.02551 0.460395 2.68977
0.965439 0.368101 2.84999
1.62909 0.15001 -2.84999
1.01149 0.485752 1.07008
1.08136 0.637747 1.20842
0.891697 0.700498 1.50536
0.929915 0.586189 1.76991
1.16552 0.56568 2.01392
0.949016 0.57735 2.20458
1.05148 0.468732 2.31857
0.979098 0.606045 2.51016
1.16962 0.403042 2.84999
0.879942 0.440308 0.78589
1.0898 0.665715 1.00236
1.05445 0.623683 1.41124
1.05389 0.663767 1.60794
1.09224 0.661905 1.85273
0.971902 0.583067 1.99529
1.12379 0.668976 2.1827
1.11617 0.644687 2.37403
1.16511 0.685442 2.55491
1.07557 0.578981 2.84999
0.0294426 0.15001 -0.7757
0.596172 0.15001 -2.58891
0.91049 0.717827 1.30525
1.00189 0.872501 1.53299
1.00184 0.815172 1.71732
1.162 0.780766 2.00703
0.96787 0.736916 2.31999
1.02531 0.813176 2.48808
1.16934 0.722575 2.74498
2.20302 0.15001 1.84601
0.0790804 0.15001 -2.44804
0.904374 0.689946 1.10304
1.10922 0.832479 1.37486
1.17526 0.88648 1.63522
1.13577 0.931519 1.82846
1.02491 1.01165 1.98474
1.06835 0.909688 2.15768
1.15651 0.845391 2.32903
1.21465 0.885013 2.51986
1.05872 0.840559 2.84999
-0.167353 0.15001 -2.21578
0.241929 0.15001 -2.20732
0.990706 0.866076 1.18182
0.905456 0.91494 1.36469
2.21114 0.15001 0.159022
1.10309 0.15001 -1.73217
0.996094 0.974145 2.33067
0.977517 1.01554 2.52509
1.09046 0.938252 2.67969
2.15063 0.15001 2.61053
0.264591 0.15001 -1.0118
-0.390675 0.15001 0.447149
0.0492769 0.15001 -1.68483
0.748991 0.15001 -1.6308
0.447585 0.15001 -1.10055
1.94077 0.15001 1.40737
2.36454 0.15001 1.1076
1.48433 0.15001 -0.904378
2.42445 0.15001 -0.0456218
1.44753 0.15001 2.84987
1.92081 0.15001 -2.69404
0.554972 0.15001 -1.54184
1.16993 0.247485 1.29174
1.78438 0.15001 -2.22827
1.03783 0.15001 -1.96845
2.3053 0.15001 0.915956
1.4515 0.369953 2.15124
2.45576 0.15001 -0.743998
1.1264 0.282034 2.70118
2.54954 0.15001 0.716479
0.404584 0.15001 -2.5774
2.84999 0.15001 -2.7632
1.32462 0.287431 1.16528
2.45755 0.15001 -1.94023
1.52756 0.346047 1.69271
1.47552 0.265753 1.95728
1.53098 0.328571 2.32836
1.33748 0.218083 2.27529
2.44754 0.15001 1.87419
2.28257 0.15001 2.47239
1.44102 0.15001 -2.84999
1.20457 0.287214 0.992008
1.37691 0.246066 1.35807
1.37155 0.228108 1.56135
1.33174 0.320879 1.73643
1.27345 0.195624 1.88718
1.31882 0.228822 2.07905
1.38941 0.257159 2.46275
1.32385 0.200731 2.65974
1.52045 0.295633 2.6905
0.189467 0.15001 -2.63228
1.78026 0.15001 -2.54961
1.53246 0.34055 1.25946
1.53661 0.332251 1.48245
1.92691 0.15001 -2.41235
1.33741 0.469471 2.02752
1.62787 0.273846 2.10937
1.38994 0.476374 2.31929
1.58536 0.242794 2.50354
2.49433 0.15001 2.75967
0.225341 0.15001 -0.145192
1.19636 0.456844 1.15867
1.24337 0.549421 1.41197
1.26823 0.476648 1.62095
1.24706 0.480957 1.84666
1.44525 0.444816 1.85587
1.4696 0.584012 2.16863
1.25044 0.537137 2.44608
1.21 0.511414 2.64344
1.50552 0.565418 2.69062
0.878594 0.15001 -2.84593
0.478219 0.15001 -1.88158
1.37269 0.484611 1.26766
1.43171 0.510166 1.51152
1.40275 0.597988 1.72509
1.47299 0.630917 1.96698
1.29132 0.690713 2.29434
1.55381 0.534877 2.42393
1.3995 0.45266 2.53457
2.7549 0.15001 2.45913
0.688621 0.15001 -2.84999
1.24673 0.520352 0.97108
1.25267 0.720579 1.28466
1.22194 0.724915 1.51176
1.22678 0.702009 1.71031
1.29193 0.675299 1.89546
1.31155 0.686537 2.09702
1.36004 0.72164 2.478
1.35318 0.404028 2.72872
2.31083 0.15001 2.06339
1.26846 0.365651 0.81315
0.0971826 0.15001 -1.96794
1.40607 0.698653 1.42646
1.16676 0.15001 -2.27668
0.235993 0.15001 -1.76455
1.40556 0.15001 -1.24123
0.949847 0.15001 -1.29449
2.25406 0.15001 0.368595
1.34088 0.671105 2.67091
1.29294 0.889992 2.71147
0.790301 0.15001 -2.64496
0.277294 0.15001 -2.41839
0.431408 0.15001 -2.11643
0.223401 0.15001 -1.24847
0.0137801 0.15001 -1.29897
1.31017 0.881778 1.9219
1.26714 0.883456 2.15501
1.964 0.15001 -1.12121
2.33926 0.15001 1.47789
2.51003 0.15001 1.57971
-0.0732745 0.15001 -1.50841
0.60029 0.15001 -2.2243
0.123494 0.15001 -1.48668
1.18989 0.15001 -0.939916
0.889917 0.15001 -1.77304
0.828266 0.15001 -1.9728
2.02219 0.15001 -1.36408
2.00442 0.15001 1.92492
2.14949 0.15001 0.7019
1.94877 0.15001 2.18738
2.30226 0.15001 -2.84999
2.49035 0.15001 -2.50073
1.25281 0.15001 -2.46397
2.27126 0.15001 -2.52869
2.13341 0.15001 -2.39187
1.21679 0.15001 -1.896
1.42082 0.15001 -1.98302
1.92598 0.15001 -1.73848
2.84991 0.15001 -1.1762
2.84403 0.15001 -0.872829
1.0617 0.15001 -2.80177
2.36371 0.15001 -2.34718
1.61134 0.15001 -2.65436
2.84999 0.15001 -1.77767
2.29264 0.15001 -1.82187
1.86484 0.15001 -1.91733
2.68423 0.15001 -1.48328
2.40565 0.15001 -1.18988
2.80993 0.15001 1.18142
2.62426 0.15001 0.891505
1.24845 0.15001 -2.84999
2.70399 0.15001 -2.11874
2.84664 0.15001 -1.96848
2.57547 0.15001 -2.2852
2.41433 0.15001 -2.16074
1.57723 0.15001 -1.87748
2.48238 0.15001 -1.75353
2.84999 0.15001 -1.37358
2.27667 0.15001 -1.34568
2.84973 0.15001 1.84861
2.67768 0.15001 -2.84999
2.84853 0.15001 -2.28453
0.658835 0.15001 -2.40788
2.69075 0.15001 -2.44978
2.20123 0.15001 -2.20836
2.25963 0.15001 -2.02051
2.48521 0.15001 -1.54649
2.54321 0.15001 -0.935014
2.84544 0.15001 -0.305131
2.42594 0.15001 0.138045
2.491 0.15001 -2.84999
1.40173 0.370069 0.993833
1.04531 0.15001 -2.44437
1.37098 0.15001 -2.28654
2.02013 0.15001 -2.04636
1.58676 0.458672 2.0037
2.28848 0.15001 -1.55069
2.50689 0.15001 -1.35388
1.79002 0.15001 -1.43973
2.83452 0.15001 2.63736
2.84999 0.15001 -2.57013
1.81764 0.15001 -2.84999
2.19329 0.15001 -2.7025
0.416193 0.15001 -1.69021
2.13666 0.15001 -1.68712
2.84999 0.15001 -1.57462
1.53045 0.15001 -1.67989
1.64983 0.15001 0.203738
2.62626 0.15001 -0.688331
2.81658 0.15001 2.25277
2.05128 0.15001 -2.84999
2.40751 0.15001 -2.67624
2.66118 0.15001 -1.88163
2.0608 0.15001 -2.5688
2.66666 0.15001 -1.67186
0.671674 0.15001 -1.84393
1.99038 0.15001 -1.54367
1.54396 0.15001 -1.36785
1.6382 0.445873 2.59503
2.56642 0.15001 1.07073
1.16674 0.15001 -2.6398
0.853228 0.15001 -2.39668
1.66143 0.15001 -2.39011
0.983412 0.15001 -2.17985
1.99137 0.15001 -2.22669
1.70354 0.15001 -2.03148
1.21071 0.15001 -1.39762
1.72944 0.15001 -1.72946
2.60934 0.15001 -1.16613
2.84753 0.15001 1.40537
2.64046 0.15001 -2.63754
1.41366 0.15001 -2.64184
1.47139 0.15001 -2.44901
0.463681 0.15001 -2.37171
0.33552 0.15001 -1.46422
1.52935 0.15001 -2.17292
1.62255 0.15001 -1.53206
2.0951 0.15001 -1.87507
2.02218 0.15001 -0.915641
2.74549 0.15001 -0.514104
-0.882104 0.15001 1.07268
0.79003 0.15001 -2.18769
0.299081 0.15001 -1.97151
0.06607 0.15001 -0.983951
1.27015 0.15001 -2.11352
1.37759 0.15001 -1.78339
1.28122 0.15001 -1.611
1.8121 0.15001 -1.24906
2.23033 0.15001 -1.10284
2.80615 0.15001 0.778816
