1000 0.1
-2.82077 0.15001 -1.2541
-2.51352 0.15001 -0.378192
-2.02169 0.15001 0.362599
-2.68225 0.15001 -0.42924
-2.58549 0.15001 0.220551
-1.12527 0.15001 1.51855
-2.34486 0.15001 2.18671
-2.44846 0.15001 1.99393
-2.2297 0.15001 2.41445
-2.31448 0.15001 2.57154
-2.84999 0.15001 -2.81382
-2.84049 0.15001 -0.928477
-2.8013 0.15001 -0.566844
-2.73307 0.15001 0.581759
-2.84999 0.15001 1.72823
-2.83466 0.15001 2.13909
-2.76066 0.15001 1.90337
-2.5997 0.15001 2.29502
-2.84999 0.15001 2.3843
-0.684449 0.15001 2.84999
-2.84999 0.15001 -2.65477
-2.49555 0.15001 -0.80077
-2.76737 0.15001 -0.751393
-2.19394 0.15001 0.738797
-2.82459 0.15001 -0.226678
-2.78795 0.15001 0.197237
-0.736623 0.223358 2.18304
-2.26456 0.15001 1.96188
-2.55432 0.15001 2.61012
-2.84999 0.15001 2.84999
-2.77547 0.15001 -2.51633
-2.65265 0.15001 -0.905707
-2.83414 0.15001 0.409242
-2.83837 0.15001 1.52251
-2.84999 0.15001 1.10532
-2.84718 0.15001 1.30946
-2.65846 0.15001 1.62422
-2.76493 0.29195 1.65697
-2.84999 0.15001 2.63588
-2.10398 0.15001 2.84999
-2.38192 0.15001 -2.05285
-2.82022 0.15001 -1.83115
-2.62884 0.15001 -1.24824
-2.84334 0.15001 -0.0266546
-2.21458 0.15001 0.369155
-2.57998 0.15001 0.698738
-2.65392 0.15001 1.42243
-0.699776 0.395729 2.32437
-1.81197 0.15001 2.2725
-2.66437 0.15001 2.84237
-2.82565 0.15001 -2.01579
-2.70981 0.15001 -1.4101
-2.62762 0.15001 -0.613482
-2.84999 0.15001 0.738968
-2.69233 0.15001 0.863228
-2.6771 0.15001 1.18755
-2.84688 0.219514 0.920862
-2.57349 0.15001 1.82865
-2.42665 0.248049 2.6962
-2.48052 0.15001 2.84999
-2.71361 0.15001 -2.84999
-2.72341 0.15001 -1.0863
-1.99983 0.15001 0.729231
-2.3805 0.15001 1.12885
-2.64666 0.15001 0.400549
-2.5675 0.15001 1.02969
-2.51509 0.15001 1.27932
-2.46819 0.15001 1.62703
-2.42421 0.15001 2.42306
-2.29674 0.15001 2.84999
-2.84999 0.15001 -2.19809
-2.53109 0.15001 -1.04207
-2.45768 0.15001 -0.557532
-2.66538 0.15001 0.05457
-2.38799 0.15001 0.795487
-1.95986 0.15001 1.51727
-2.05373 0.15001 1.31599
-2.63791 0.15001 2.04404
-1.54762 0.15001 2.1437
-2.83814 0.320262 2.80312
-2.45105 0.15001 -1.23054
-2.64377 0.15001 -0.244891
-1.78024 0.15001 0.865043
-2.22596 0.15001 0.566357
-2.40501 0.15001 0.562611
-2.39594 0.15001 1.42718
-2.25962 0.15001 1.64292
-2.37703 0.15001 1.80453
-2.13921 0.15001 2.22188
-2.69637 0.15001 2.5058
-2.41182 0.15001 -1.8275
-2.34094 0.15001 -0.404797
-2.29724 0.15001 0.198294
-2.44714 0.15001 0.0657696
-1.77658 0.15001 0.505595
-2.19455 0.15001 1.45358
-1.88245 0.15001 1.22876
-1.77224 0.15001 1.50811
-1.76238 0.15001 1.85132
-1.95535 0.15001 2.14565
-2.67675 0.15001 -2.68304
-0.373971 0.15001 1.11677
-0.383698 0.178583 1.31595
-0.373423 0.166993 1.51143
-0.425029 0.153228 1.69249
-0.352792 0.154292 1.8608
-0.892155 0.15001 1.93968
-0.467263 0.15114 2.34041
-0.611401 0.168921 2.45721
-0.560764 0.15001 2.69135
-2.54774 0.15001 -2.57208
-0.509343 0.241015 1.03615
-0.542884 0.182025 1.21882
-0.549117 0.159976 1.41802
-0.583933 0.157413 1.60527
-2.27413 0.15001 0.958117
-0.557641 0.181994 2.18317
-0.863449 0.15001 2.31187
-0.714684 0.217108 2.61156
-0.478522 0.15001 2.84999
-1.47412 0.15001 -2.65381
-0.253457 0.344525 1.20274
-0.473648 0.338652 1.41501
-0.470754 0.324079 1.59999
-0.413426 0.326988 1.782
-0.540318 0.160578 1.84435
-0.481955 0.15001 2.01754
-0.354533 0.304049 2.28499
-0.53262 0.29747 2.59187
-0.44152 0.362577 2.73088
-2.56389 0.15001 -2.84999
-0.325532 0.323476 1.01164
-0.445705 0.369836 1.21425
-0.528371 0.490029 1.53575
-0.600163 0.305661 1.73727
-0.606188 0.335638 2.07454
-0.533553 0.345812 2.28183
-0.442714 0.328203 2.44053
-2.0781 0.15001 2.61241
-0.573235 0.318193 2.84999
-2.33801 0.15001 -2.84999
-2.52076 0.15001 -1.41236
-0.423168 0.51385 1.3723
-0.373045 0.602696 1.63648
-0.496524 0.483621 1.72444
-0.376397 0.319294 1.96177
-0.430877 0.364481 2.13034
-0.365899 0.473935 2.35141
-0.435898 0.473829 2.56544
-1.87191 0.15001 2.46005
-2.4627 0.15001 -2.71567
-0.318893 0.498394 1.09821
-2.53266 0.15001 -0.0995373
-2.39392 0.15001 0.372674
-0.546348 0.39336 1.90166
-0.480913 0.5173 2.03296
-0.506162 0.531707 2.21907
-0.53213 0.519874 2.40583
-0.646933 0.414328 2.50841
-1.82589 0.15001 2.6457
-2.24429 0.15001 -2.58838
-2.67494 0.15001 -2.19149
-0.293209 0.597384 1.25937
-0.465969 0.684309 1.48991
-0.370552 0.741554 1.76133
-0.333421 0.642837 2.02835
-0.438115 0.705552 2.16984
-0.365855 0.658621 2.34876
-0.590505 0.470005 2.68736
-2.03816 0.15001 2.39269
-2.84795 0.15001 -2.36998
-2.39033 0.15001 -2.50373
-0.633714 0.336718 1.31531
-1.91721 0.15001 1.04482
-0.407377 0.793324 1.93868
-2.26307 0.15001 1.26965
-2.15166 0.15001 1.78958
-2.09857 0.15001 2.0366
-0.520506 0.656081 2.53682
-0.440298 0.612701 2.69782
-1.92913 0.15001 -2.81833
-1.95181 0.15001 -1.20513
-1.8379 0.15001 0.320051
-2.34903 0.15001 -0.165496
-1.58265 0.15001 0.939224
-2.07195 0.15001 0.92577
-1.67976 0.15001 1.30046
-1.58051 0.15001 1.89457
-1.93052 0.15001 1.93749
-1.91781 0.15001 2.84977
-2.07069 0.15001 -2.60569
-2.08699 0.15001 -1.07383
-2.23602 0.15001 0.0284374
-1.44488 0.15001 0.712268
-0.772826 0.15001 1.36011
-2.10199 0.15001 1.1222
-1.91212 0.15001 1.72732
-1.73128 0.15001 2.09053
-1.60902 0.15001 2.33846
-2.21937 0.225435 2.70644
-0.606344 0.15001 -2.39325
-0.0758556 0.15001 -0.684404
-0.210266 0.152649 1.21012
-0.187264 0.181457 1.55399
-0.249015 0.15001 1.7088
-0.164719 0.15001 1.85296
-0.195871 0.15001 2.17135
-0.281178 0.15001 2.3574
-0.258144 0.15001 2.54074
-0.29324 0.15001 2.84999
-1.35324 0.15001 -2.84896
-1.43598 0.15001 -1.54152
-0.219528 0.15001 1.38655
-0.292438 0.308437 1.63166
-0.235346 0.317581 1.80342
-0.290599 0.15001 2.02399
-0.378554 0.15001 2.18136
-0.434168 0.15002 2.51765
-0.373892 0.15307 2.68915
-0.102966 0.15001 2.84999
-2.16363 0.15001 -2.8496
-0.206193 0.16583 1.00956
-0.102044 0.295961 1.33789
-0.162731 0.365645 1.50802
-0.143488 0.41712 1.68353
-0.193783 0.292227 1.96852
-0.255803 0.318914 2.13148
-0.177789 0.292782 2.28629
-0.135167 0.31978 2.58315
-0.260873 0.307573 2.74646
-1.81624 0.15001 -2.59801
-0.135475 0.355272 1.05377
-0.292107 0.33663 1.38319
-0.327698 0.458473 1.52702
-0.288455 0.494766 1.76288
-0.286818 0.467529 2.02996
-0.161141 0.459584 2.23626
-0.254726 0.359273 2.4378
-0.33318 0.316272 2.58855
-0.123857 0.323767 2.84999
-0.819964 0.15001 -2.75218
-0.13602 0.314865 0.869299
-0.0886879 0.43921 1.21625
-0.173728 0.492354 1.374
-0.0903365 0.581507 1.76844
-0.162523 0.470553 1.89754
-0.314011 0.550927 2.19385
-0.200394 0.530228 2.39642
-0.160488 0.520217 2.56746
-0.333472 0.428411 2.84999
-1.61863 0.15001 -2.47057
-0.133866 0.553584 1.05541
-0.278322 0.635859 1.44857
-0.187486 0.572903 1.59623
-0.417548 0.57875 1.86782
-0.158669 0.614015 2.10165
-0.103281 0.624584 2.27916
-0.313676 0.607838 2.52239
-0.290257 0.494661 2.68838
-0.170691 0.522375 2.84999
-1.53606 0.15001 -2.84918
-2.63174 0.15001 -2.41034
-0.112447 0.633184 1.22804
-0.0593247 0.616379 1.45369
-0.190048 0.72513 1.70422
-0.235901 0.652835 1.87082
-0.246577 0.733869 2.22083
-0.197576 0.721603 2.40868
-0.0987687 0.699 2.55704
-1.7136 0.15001 2.84734
-1.92438 0.15001 -2.3872
-0.4735 0.15001 -1.32317
-0.205344 0.770287 1.33381
-0.320183 0.781365 1.57413
-0.148515 0.887263 1.86698
-0.242003 0.807117 2.02892
-0.107835 0.858745 2.31201
-0.377222 0.756861 2.60307
-0.226062 0.677112 2.6974
-1.45885 0.15001 2.84999
-1.43612 0.15001 -1.36212
-2.43203 0.15001 -1.635
-1.74099 0.15001 0.157694
-0.143327 0.768133 1.51967
-0.21785 0.91632 1.69085
-1.67063 0.15001 1.66759
-1.41611 0.15001 1.80233
-0.204567 0.855132 2.56526
-1.4279 0.15001 2.47599
-1.62114 0.15001 2.56619
-1.08962 0.15001 -2.2843
-2.13583 0.15001 -1.25522
-1.42915 0.15001 0.0508053
-0.913455 0.15001 0.0911948
-1.1413 0.18944 1.84187
-0.57632 0.731342 2.37703
-0.836211 0.514625 2.34692
-1.15473 0.15001 2.24319
-1.33702 0.15001 2.01411
-1.52284 0.244752 2.67368
-1.31608 0.15001 -2.59477
0.12335 0.15001 1.10186
0.0072841 0.15001 1.28303
-0.052302 0.15001 1.6713
0.0107442 0.15001 1.84324
0.0744544 0.150017 2.00389
-0.0144655 0.15001 2.14378
-0.0805028 0.15001 2.29747
-0.0804109 0.15001 2.57439
0.00438211 0.15001 2.72299
-0.980387 0.15001 -2.84999
0.000281369 0.196078 0.948564
-0.0570335 0.151623 1.11717
-0.0487704 0.15001 1.45265
0.131802 0.156785 1.70983
-0.105853 0.15001 2.00867
0.0944807 0.15001 2.2641
-0.134357 0.224175 2.43709
-0.190552 0.15001 2.70457
0.240205 0.15001 2.84999
-0.674609 0.15001 -2.66129
0.04211 0.31939 1.10316
0.096014 0.262313 1.396
-0.013809 0.300966 1.58194
-0.0544982 0.297863 1.77645
-0.0103357 0.307348 1.95837
-0.0262285 0.326892 2.1997
0.0923471 0.317866 2.33463
0.0556877 0.314458 2.51067
0.0413356 0.327572 2.69043
-1.17343 0.15001 -2.81788
0.0704694 0.380556 0.925798
0.0838612 0.384341 1.26555
0.00424217 0.421022 1.43157
0.0907575 0.405817 1.68957
-0.0298177 0.554777 1.9941
0.166292 0.445472 2.21295
-0.0765724 0.392075 2.41836
-0.108512 0.431212 2.71468
0.063563 0.243688 2.84999
-0.354988 0.15001 -2.50103
0.0477042 0.518044 1.1118
0.225785 0.420408 1.38957
-0.0183332 0.501392 1.59064
0.0145975 0.455907 1.84667
0.0735983 0.425638 2.06345
-0.11077 0.418393 2.07138
0.0162127 0.476939 2.30137
0.00898414 0.470268 2.57971
0.0232204 0.41806 2.84999
-1.73177 0.15001 -2.84985
0.148539 0.563451 0.950146
0.0348972 0.557027 1.31007
0.127806 0.554456 1.49446
0.0950593 0.581149 1.71313
0.0665108 0.637943 1.88112
0.0341214 0.575196 2.15986
-0.0227619 0.578362 2.44192
-0.0503028 0.600024 2.70276
0.194899 0.480399 2.84999
-0.994259 0.15001 -2.61591
0.0848761 0.693094 1.17235
0.167211 0.677675 1.35082
-0.0233234 0.680464 1.62598
-0.0244211 0.766325 1.78153
0.0594265 0.722289 2.05976
0.0292309 0.734604 2.25033
0.137545 0.608555 2.32116
0.0793499 0.673677 2.59746
-0.115952 0.698059 2.84999
-0.329237 0.15001 -2.14273
0.461256 0.15001 -0.96229
-0.00805041 0.748102 1.32768
0.0806463 0.751171 1.50108
0.149773 0.830991 1.66556
-0.08847 0.726033 1.95309
0.201605 0.724051 2.16993
0.0417828 0.744845 2.43135
-0.0483201 0.794674 2.70592
0.0428333 0.585247 2.84999
-0.907879 0.15001 -2.31781
0.101395 0.15001 0.483061
-1.17529 0.15001 -0.0103835
-0.080919 0.895386 1.40224
-0.0316763 0.882948 1.62194
0.0919601 0.817594 1.90792
-0.0950357 0.800038 2.13728
0.181985 0.796412 2.32906
0.0926304 0.867523 2.60961
-1.33562 0.15001 2.68003
-1.14726 0.15001 -2.10701
-0.314545 0.15001 -1.41635
0.33396 0.15001 -0.445204
-0.291967 0.15001 0.135276
0.0419052 0.939573 1.78356
-0.0286248 0.903058 2.00908
0.0801966 0.886622 2.17667
-0.0482354 0.885463 2.48885
-1.02604 0.15001 2.57597
-1.14752 0.15001 2.84949
0.643435 0.15001 -0.898135
0.337064 0.15773 1.16932
0.239827 0.15001 1.4277
0.274131 0.15001 1.59334
0.186651 0.15001 1.87461
0.238855 0.15001 2.04326
0.249 0.15001 2.20582
0.215078 0.15001 2.37997
0.250822 0.15001 2.54852
0.349259 0.15001 2.68542
-0.65132 0.15001 -2.84999
0.163047 0.163829 0.853758
0.187478 0.161079 1.26547
0.0996757 0.15001 1.5414
0.312974 0.150024 1.75728
0.182541 0.309511 1.98144
0.39672 0.15001 2.27523
0.0339247 0.15001 2.41961
0.0867757 0.15001 2.57121
0.412997 0.156132 2.84999
-0.456569 0.15001 -2.73805
0.228388 0.256166 1.00627
0.346727 0.264884 1.34753
0.330374 0.30932 1.51836
0.121777 0.304848 1.82236
0.28776 0.369071 2.10432
0.135231 0.274165 2.14628
0.268271 0.304692 2.27838
0.369374 0.288219 2.55155
0.176522 0.151555 2.70552
-0.286481 0.15001 -2.84999
0.943462 0.15001 -2.46014
0.255325 0.333427 1.21382
0.15418 0.350945 1.53719
0.252417 0.315121 1.68666
0.17637 0.492384 1.91672
0.410272 0.392923 2.22102
0.226211 0.314545 2.45177
0.204808 0.365721 2.61648
0.349474 0.395277 2.84999
0.263289 0.38523 0.873447
0.206761 0.42879 1.06712
0.408248 0.439469 1.38928
0.280116 0.479048 1.57441
0.248179 0.496446 1.74996
0.349533 0.492344 1.99304
0.19768 0.561895 2.07771
0.253913 0.467071 2.36111
0.322696 0.467907 2.52244
0.208808 0.315724 2.78344
-0.112821 0.15001 -2.68567
0.359093 0.521743 0.985073
0.203503 0.529057 1.24462
0.30316 0.599398 1.44188
0.399701 0.575239 1.68771
0.219529 0.70456 1.96687
0.300817 0.572494 2.22343
0.154778 0.534602 2.49536
0.133759 0.521938 2.69169
0.365121 0.566575 2.84999
-0.534281 0.15001 -2.56281
0.255576 0.636661 1.10162
0.438246 0.620119 1.32062
0.234494 0.658416 1.61571
0.19801 0.709602 1.78935
0.33744 0.611609 1.86032
0.347054 0.674057 2.08003
0.297636 0.646909 2.39092
0.390564 0.63966 2.53869
0.21211 0.658355 2.84044
-0.285869 0.15001 -2.64688
0.533826 0.15001 -2.50903
0.312378 0.742809 1.25368
0.257937 0.786097 1.47672
0.354626 0.763758 1.73019
0.20334 0.881388 2.04039
0.372898 0.746873 2.25954
0.217883 0.760983 2.50557
0.250868 0.651558 2.65166
0.0601904 0.761582 2.84999
0.431207 0.15001 -2.36512
0.501363 0.15001 -2.00884
0.42662 0.815225 1.39101
0.324126 0.909458 1.61702
0.247248 0.8866 1.85374
0.381864 0.855255 2.07297
0.275172 0.898423 2.21467
0.323804 0.891536 2.39977
0.352602 0.797223 2.63032
-0.917794 0.154744 2.84999
-0.0610863 0.15001 -2.28495
1.31497 0.15001 -0.485763
-1.04072 0.15001 -0.208832
0.501105 0.15001 -0.742923
0.146412 0.847049 1.31434
0.550424 0.915363 2.13382
0.490359 0.964094 2.381
0.13188 0.92343 2.44018
-0.334091 0.60725 2.84999
0.300044 0.89953 2.84999
-0.0402714 0.15001 -2.84999
0.22157 0.15001 0.642992
0.5108 0.15001 1.11973
0.421412 0.15001 1.47073
0.484683 0.15001 1.81737
0.498421 0.15001 1.99957
0.387781 0.215788 2.11665
0.533538 0.15001 2.37641
0.494355 0.15001 2.55106
0.518343 0.15001 2.71416
0.271494 0.15001 -2.735
0.554397 0.171583 0.942598
0.483111 0.150207 1.30134
0.448556 0.15644 1.64502
0.553897 0.305416 1.87013
0.351579 0.152134 1.92285
0.546344 0.15001 2.20024
0.37399 0.15001 2.4381
0.629271 0.357121 2.72986
0.604877 0.15001 2.84999
0.138872 0.15001 -2.84999
0.98762 0.15001 -2.61277
0.451409 0.344463 1.23047
0.516567 0.302386 1.48104
0.419561 0.304466 1.75372
0.41482 0.322448 1.97654
0.531865 0.31824 2.10982
0.543305 0.305654 2.29777
0.548872 0.304096 2.47058
0.388672 0.310279 2.71791
0.555187 0.219955 0.764327
0.376318 0.15001 0.981252
0.601802 0.332723 1.32538
0.442353 0.410315 1.61593
0.586938 0.323792 1.68377
0.294282 0.365316 1.85885
0.577802 0.461709 2.2278
0.398395 0.355275 2.39392
0.50616 0.382989 2.61553
0.511156 0.31136 2.84999
0.420193 0.15001 -2.84999
0.383129 0.343513 1.06373
0.580211 0.51332 1.37717
0.607151 0.443919 1.54565
0.459324 0.468188 1.84248
0.558727 0.458404 2.00426
0.453986 0.542332 2.13503
0.628094 0.469191 2.39803
0.493651 0.50438 2.49902
0.485895 0.480724 2.75628
0.454146 0.333179 0.89041
0.535137 0.456725 1.01954
0.372004 0.501118 1.18475
0.467199 0.56049 1.51767
0.579299 0.518583 1.71041
0.621177 0.57345 1.88283
0.628884 0.604612 2.12402
0.428567 0.526564 2.34074
0.317177 0.490724 2.69567
0.630355 0.474866 2.84999
0.0859532 0.15001 -2.59683
0.776801 0.15001 -2.363
0.557281 0.521767 1.19472
0.572906 0.684548 1.62629
0.502208 0.674359 1.79953
0.483552 0.625734 1.97859
0.547432 0.640823 2.28773
0.603259 0.647204 2.4578
0.580473 0.576773 2.63313
0.540244 0.63209 2.84999
-0.0783605 0.15001 -2.47814
0.449563 0.672217 1.12528
0.566868 0.697169 1.43855
0.406891 0.72711 1.56094
0.698194 0.864488 1.66785
0.392414 0.781408 1.90905
0.50529 0.734753 2.13479
0.453906 0.762957 2.42869
0.433382 0.653069 2.70654
0.64559 0.774447 2.84999
0.254549 0.15001 -2.55084
1.23614 0.160394 0.295678
0.586515 0.723409 1.25248
0.546524 0.867632 1.53611
0.525412 0.837229 1.72044
0.569119 0.781927 1.95572
0.553789 0.822831 2.29082
0.623053 0.860544 2.46258
0.498955 0.825462 2.75588
0.375044 0.738341 2.84999
0.935825 0.15001 -2.29056
0.319494 0.15001 -2.23079
0.323404 0.15001 -0.675775
0.308786 0.570882 0.771895
0.409476 0.940802 1.80279
0.500989 0.947459 1.95936
0.673574 0.792771 2.10104
0.472526 0.91613 2.56787
0.19853 0.799424 2.73568
0.75446 0.9215 2.84999
1.07813 0.15001 -2.76931
0.657068 0.150455 1.22664
0.639618 0.150016 1.39918
0.599756 0.15001 1.56206
0.63136 0.150043 1.72959
0.644262 0.15001 1.89896
0.785256 0.15001 2.16031
0.693805 0.15001 2.30295
0.6311 0.236787 2.61366
0.71703 0.15001 2.73091
1.42861 0.15001 -2.84999
0.886616 0.15001 -2.7731
0.832276 0.152801 1.16728
0.918053 0.15001 1.31763
0.933163 0.250814 1.76377
0.647455 0.15001 2.07044
0.917726 0.15001 2.25748
0.667188 0.15001 2.47505
0.915098 0.15001 2.71017
0.833169 0.15001 2.84999
0.733621 0.153798 0.87105
0.696457 0.154997 1.0517
0.765087 0.260333 1.32699
0.816401 0.15001 1.46542
0.773224 0.15001 1.63289
0.797649 0.15001 1.80989
0.682126 0.293247 2.19204
0.834098 0.150063 2.4122
0.794679 0.15001 2.58407
0.730096 0.294199 2.84999
0.633786 0.15001 -2.84928
1.28184 0.15001 -2.61301
0.786286 0.326374 1.11393
0.716412 0.29794 1.54083
0.759149 0.302332 1.72757
0.676891 0.314077 1.9958
0.835433 0.308952 2.27021
0.708889 0.307048 2.39081
0.845993 0.306101 2.50982
0.804084 0.319803 2.68791
0.484625 0.15001 -2.68064
0.603471 0.32043 1.13648
0.740528 0.428934 1.41543
0.753159 0.473757 1.65555
0.682054 0.417891 1.83031
0.830069 0.319607 1.9007
0.714317 0.446737 2.11477
0.844152 0.448271 2.3905
0.687675 0.390073 2.55693
0.810628 0.456066 2.84999
1.25142 0.15001 -2.84999
0.675024 0.341466 0.963943
0.724868 0.454688 1.23498
0.700851 0.591935 1.51621
0.783262 0.578567 1.80496
0.772365 0.496965 1.96252
0.738554 0.530428 2.27099
0.741933 0.550797 2.52561
0.729685 0.505355 2.69852
0.910588 0.480145 2.71459
0.787805 0.15001 -2.56502
0.863386 0.426168 0.966509
0.72713 0.623505 1.33763
0.752003 0.682332 1.66383
0.678936 0.73666 1.81767
0.895315 0.636787 1.94436
0.818857 0.625961 2.13343
0.789661 0.653294 2.39358
0.863586 0.633352 2.63421
0.737518 0.618423 2.84999
2.25945 0.15001 -2.28489
0.693431 0.366442 0.779823
0.722077 0.626585 1.1441
0.73163 0.778567 1.49649
0.860498 0.792655 1.79191
0.72293 0.676497 1.98626
0.706795 0.722691 2.25771
0.747603 0.747951 2.53867
0.545745 0.752554 2.59632
0.697628 0.694528 2.69875
1.76999 0.15001 -2.64318
1.4092 0.15001 -2.50282
0.760163 0.813391 1.30064
0.877457 0.86778 1.60981
0.650121 0.914128 1.84372
0.78403 0.853451 1.95858
0.840077 0.814206 2.15597
0.794304 0.847406 2.39118
0.864354 0.823599 2.6718
0.841649 0.764614 2.84999
1.67894 0.15001 -1.09194
1.19897 0.15001 -1.68799
0.536262 0.15001 -0.209327
1.56482 0.15001 1.8601
1.73584 0.270509 0.974973
1.01472 0.900399 2.16741
0.708649 0.912512 2.2447
1.79609 0.15001 2.51715
1.31183 0.785914 2.56979
0.673257 0.870069 2.67126
1.71276 0.15001 -2.84999
1.18203 0.15001 -2.16997
1.02375 0.150654 1.1739
1.01224 0.15001 1.462
0.946274 0.15001 1.62303
0.949139 0.15001 1.90972
0.944125 0.15001 2.0849
1.08558 0.15001 2.20138
0.963218 0.15001 2.55161
1.01908 0.15001 2.84999
2.01436 0.15001 -2.84999
1.48973 0.15001 -2.33732
1.17999 0.200136 1.48637
1.12247 0.159524 1.65094
1.09816 0.152809 1.82629
0.795983 0.150101 1.98592
1.09341 0.208337 2.01361
1.13444 0.150742 2.51756
1.20269 0.15001 2.8461
1.37858 0.15001 2.84999
1.58098 0.15001 -2.77482
0.898812 0.173007 0.996301
0.892137 0.366344 1.26265
0.894002 0.324368 1.44226
0.889302 0.351776 1.61685
1.01573 0.33092 1.90182
0.996621 0.308904 2.16056
1.15356 0.228546 2.34869
1.01211 0.15001 2.39199
1.65351 0.15001 2.84999
1.1548 0.15001 -2.49634
1.03968 0.303274 0.932643
1.04886 0.300406 1.3416
1.05158 0.317691 1.54496
1.06247 0.357944 1.72535
0.836581 0.310304 2.07989
1.1745 0.348748 2.2163
1.02668 0.317617 2.50661
0.984063 0.318864 2.68022
0.919672 0.313553 2.84999
2.51739 0.15001 -2.84999
0.975691 0.322004 1.10769
1.04206 0.472711 1.24063
0.867589 0.513595 1.5141
0.896397 0.436558 1.77901
1.10889 0.390178 2.04411
0.884742 0.45149 2.18201
0.995717 0.330529 2.33637
0.924053 0.46506 2.54612
1.10589 0.302888 2.82199
0.877067 0.275227 0.830222
1.06972 0.479057 1.05036
1.03269 0.469475 1.43542
1.00954 0.504002 1.62682
1.03931 0.515621 1.86466
0.939497 0.459053 2.01047
1.06294 0.495767 2.18797
1.06165 0.494267 2.36774
1.10815 0.497835 2.53812
1.02258 0.465615 2.84999
1.93481 0.15001 -2.57823
2.13044 0.15001 -2.57306
0.888544 0.53566 1.33083
0.911447 0.682991 1.58117
0.949629 0.63103 1.75199
1.08729 0.585681 2.02603
0.922627 0.58851 2.29396
0.957691 0.622177 2.47053
1.08827 0.542121 2.70595
1.85891 0.358205 2.84121
2.06729 0.15001 -2.71333
0.881972 0.519755 1.13517
1.0852 0.652873 1.41081
1.09305 0.676768 1.62611
1.05089 0.721793 1.87572
0.958179 0.793598 2.01761
0.997903 0.676443 2.15598
1.09644 0.673336 2.33436
1.12894 0.683565 2.52211
0.938396 0.625875 2.81955
1.50911 0.15001 -2.63431
1.81277 0.15001 -0.957811
0.960943 0.686936 1.22588
0.894464 0.711617 1.40325
1.67639 0.15001 1.72247
1.91225 0.208861 1.47471
0.94143 0.776858 2.30534
0.946152 0.802327 2.49794
1.03073 0.720668 2.6843
1.40058 0.38956 2.84999
1.92109 0.15001 -2.36464
1.63154 0.15001 -1.55455
1.74121 0.15001 0.403149
1.75228 0.15001 1.09916
1.70446 0.15001 1.30135
1.68723 0.192285 2.28123
1.82991 0.15001 2.13659
1.88086 0.15001 1.84383
2.20578 0.158939 2.25154
1.21921 0.441792 2.84999
2.1979 0.15001 -0.752926
0.944934 0.15001 -0.127715
1.14962 0.15001 1.31263
2.36915 0.15001 0.385433
2.35933 0.15001 0.931172
1.72252 0.15001 1.96277
1.41127 0.181394 2.15287
2.35878 0.15001 2.40667
1.09447 0.15001 2.69068
2.28591 0.15001 2.62189
2.25433 0.15001 -2.68866
2.84999 0.15001 -2.53567
1.29944 0.160887 1.20469
2.84999 0.15001 -1.01491
1.44989 0.181963 1.72064
1.42115 0.15001 1.9767
1.45927 0.189508 2.3335
1.28803 0.15001 2.27563
2.11061 0.15001 2.65727
1.82672 0.15001 2.84999
2.50645 0.15001 -2.50523
1.14923 0.150535 1.04063
1.33009 0.151144 1.39788
1.31788 0.150019 1.58926
1.27106 0.151113 1.76134
1.24475 0.15001 1.93428
1.23637 0.15001 2.10866
1.2945 0.150215 2.45148
1.268 0.15001 2.63886
1.44165 0.178302 2.68722
1.86375 0.15001 -2.8483
2.25109 0.15001 -0.500748
1.48093 0.18409 1.29413
1.48779 0.18136 1.51774
2.53519 0.15001 0.51555
1.27881 0.319525 2.03494
1.58841 0.150591 2.13884
1.32796 0.336516 2.32898
1.45763 0.15022 2.51412
2.1741 0.15001 2.84999
2.17955 0.15001 -2.0936
1.16062 0.334491 1.1812
1.19979 0.377444 1.43728
1.21537 0.350338 1.63216
1.19838 0.319458 1.83794
1.38117 0.297752 1.87162
1.40089 0.39623 2.1661
1.18655 0.372765 2.43854
1.15529 0.337482 2.62989
1.44449 0.408738 2.67229
2.35084 0.15001 -2.84066
0.812789 0.15001 -0.419866
1.32096 0.354831 1.2944
1.37477 0.348595 1.53793
1.3583 0.420883 1.73162
1.40479 0.463816 1.98015
1.23606 0.531186 2.29411
1.47532 0.369362 2.44547
1.32455 0.323716 2.55149
1.52034 0.254971 2.84999
2.17977 0.15001 -2.84945
1.22121 0.345539 0.992825
1.20675 0.535903 1.30176
1.18887 0.533926 1.54759
1.17445 0.522607 1.73829
1.21902 0.482869 1.92401
1.24597 0.503856 2.11031
1.29741 0.519045 2.47158
1.28656 0.298701 2.74464
2.00042 0.15001 2.84999
1.25989 0.193267 0.857242
1.85755 0.15001 -0.55461
1.34497 0.515571 1.43556
2.26796 0.15001 0.10648
1.88232 0.15001 0.905176
1.93246 0.15001 1.66253
2.07583 0.15001 1.48627
2.18337 0.15001 2.45654
1.26644 0.492505 2.65931
1.2257 0.675812 2.71331
2.31135 0.15001 -2.48285
2.36258 0.15001 -1.89892
2.06041 0.15001 -0.510793
1.5256 0.15001 0.815152
1.88058 0.15001 0.71522
1.22592 0.673596 1.9188
1.18908 0.685115 2.16664
2.38271 0.15001 2.17402
1.92877 0.15001 2.65356
2.25887 0.278769 2.74629
2.10336 0.15001 -2.41464
2.04372 0.15001 -0.937938
1.67942 0.15001 0.642264
1.77451 0.15001 1.57021
1.8893 0.15001 1.29294
1.94571 0.15001 1.10874
2.07312 0.15001 1.80639
1.62965 0.15001 2.44578
1.84882 0.15001 2.33894
1.69655 0.15001 2.67041
2.68674 0.15001 -2.84999
2.8239 0.15001 -2.20525
2.34892 0.15001 -0.935377
2.49096 0.15001 -0.517149
2.4652 0.15001 -0.0554112
2.58362 0.15001 0.907025
2.46848 0.15001 1.09937
2.5939 0.15001 1.68901
2.84999 0.15001 2.11617
2.74358 0.15001 2.30094
2.44072 0.15001 -2.33959
2.84999 0.15001 -0.554508
2.84689 0.15001 -1.82583
2.85 0.15001 -0.287342
2.84999 0.15001 -0.0647219
2.84999 0.15001 0.802072
2.84999 0.15001 1.41045
2.68089 0.15001 2.01945
2.84999 0.15001 2.66021
2.51516 0.15001 2.84999
2.42029 0.15001 -2.66911
2.84852 0.15001 -1.3264
2.84999 0.15001 -0.79066
2.65938 0.15001 -0.374841
2.65492 0.15001 0.332493
2.33916 0.15001 1.24642
2.84999 0.15001 1.02243
2.85 0.15001 1.68255
2.69919 0.15001 1.83246
2.84999 0.15001 2.84999
2.85 0.15001 -2.69573
2.8442 0.15001 -2.02077
2.4678 0.15001 -1.43718
2.64605 0.15001 -0.990052
2.68319 0.15001 0.0598647
2.84999 0.15001 0.392808
2.6283 0.15001 1.2909
2.55588 0.15001 2.39799
2.84999 0.15001 2.45427
2.50583 0.15001 2.61095
2.84999 0.15001 -2.84999
1.35708 0.195436 1.02872
2.67263 0.15001 -2.0874
2.47438 0.15001 0.169722
2.63744 0.15001 0.683265
1.55573 0.288381 1.99291
2.66662 0.15768 1.49632
2.84999 0.15001 1.92502
2.34925 0.154173 1.98256
2.68343 0.15001 2.84999
2.84999 0.15001 -2.37116
2.60041 0.15001 -2.25113
2.5511 0.150003 -0.767006
1.89444 0.15001 0.498928
2.85 0.150721 0.593928
2.84999 0.15001 1.21839
2.4618 0.15001 1.47422
1.99181 0.15001 2.03032
2.68498 0.15001 2.55674
2.34636 0.15001 2.84999
2.58791 0.15001 -2.70293
2.68273 0.15001 -2.4043
2.64419 0.15001 -0.181001
2.37905 0.15001 -0.339511
2.84999 0.15001 0.192358
2.08201 0.15001 0.936624
2.52757 0.15001 1.91558
2.25759 0.15001 1.82042
1.57117 0.291109 2.59418
1.98706 0.15001 2.44655
2.40903 0.15001 -2.12366
2.38781 0.15001 -1.1401
2.25796 0.15001 -0.0995297
2.14825 0.15001 0.380894
2.44218 0.15001 0.754931
2.72816 0.24606 0.927077
2.19566 0.15001 1.62861
2.25824 0.15001 1.41326
2.72227 0.26817 2.16168
2.78014 0.314477 2.84693
2.68315 0.15001 -2.57236
2.59522 0.15001 -1.20479
2.10422 0.15001 -0.332291
2.28166 0.15001 -1.70484
2.05908 0.15001 0.655753
2.28643 0.15001 0.60842
2.39694 0.15001 1.64866
2.66842 0.15001 1.09469
2.01307 0.15001 2.26216
2.39153 0.288607 2.58829
1.95007 0.15001 -2.09468
2.00794 0.15001 -0.707094
2.06931 0.15001 0.101684
1.87356 0.15001 0.224806
2.21205 0.15001 0.797691
2.18094 0.15001 1.1047
2.06399 0.15001 1.28511
2.17335 0.15001 2.0585
2.57493 0.15001 2.19364
2.632 0.241146 2.71059
