1000 0.1
-2.45611 0.15001 -2.6567
-2.24384 0.15001 -1.69595
-2.59393 0.15001 -0.838196
-2.61645 0.15001 -2.52167
-2.39432 0.15001 -0.844038
-2.06289 0.15001 1.40547
-1.71908 0.15001 -0.601708
-2.31593 0.15001 2.43997
-2.58371 0.15001 2.33713
-2.62443 0.15001 2.84759
-2.63094 0.15001 -2.68996
-1.8632 0.15001 -2.37845
-0.897354 0.296122 -0.905102
-2.84999 0.15001 -0.457236
-2.84998 0.15001 0.173476
-2.7931 0.15001 1.43863
-1.1653 0.15001 -1.15383
-2.84964 0.15001 2.84987
-2.6154 0.15001 1.5373
-1.83362 0.15001 2.84999
-1.6905 0.15001 -2.08066
-1.53743 0.49083 1.05263
-2.66712 0.15001 -1.36413
-2.03383 0.15001 -1.74032
-2.27083 0.15001 -1.14937
-2.50954 0.15001 -1.84848
-2.84999 0.15001 -0.950993
-2.82374 0.249976 2.0868
-0.107818 0.151892 0.563161
-2.32236 0.15001 2.65931
-1.35712 0.15001 -2.1513
-0.655302 0.15001 -0.51703
-1.13761 0.15001 -1.38296
-2.84999 0.15001 -0.625979
-2.82564 0.15001 -0.290351
-2.61692 0.15001 1.91957
-0.178986 0.15001 0.839337
-1.0436 0.15001 -1.2568
-2.83483 0.15001 1.85366
-1.36146 0.15001 1.93565
-2.84999 0.15001 -2.43215
-2.06786 0.164949 0.962171
-2.24529 0.15001 -1.31559
-1.28105 0.15001 -1.28162
0.608131 0.298865 0.30878
-2.84999 0.15001 1.6491
0.825405 0.343822 -2.79588
0.0716051 0.15001 0.918978
-2.72568 0.15001 0.547434
-1.26881 0.15001 2.1587
-0.769055 0.15001 -2.69488
-1.35252 0.15001 -2.49711
-2.21344 0.15001 -0.493936
0.368692 0.269963 -1.88246
0.0422776 0.15001 1.50794
-2.8136 0.15001 -0.126328
-1.16052 0.15001 -0.706913
-2.07741 0.15001 -0.280624
-2.8201 0.15001 1.23443
-2.81622 0.15001 2.54236
-2.7025 0.15001 -2.09888
-2.84999 0.15001 -1.80606
-0.91771 0.15001 -1.35407
-1.36904 0.15001 -1.65097
-2.01652 0.15001 -1.26206
-2.44397 0.15001 -1.13962
0.282327 0.30517 1.13899
-0.119428 0.210386 1.00064
-1.64233 0.15001 2.09304
-0.309021 0.15001 0.974261
-0.601759 0.15001 -2.84999
-2.16652 0.15001 -0.0924968
-2.84999 0.15001 -1.44199
-1.73032 0.15001 2.63937
-1.26363 0.15001 -0.841073
-0.914119 0.15001 0.698697
-2.42356 0.15001 0.431899
-0.448906 0.171138 -0.0903241
-2.49243 0.15001 1.36101
-1.73136 0.15001 2.39407
-0.717093 0.239324 -1.03414
-1.62032 0.15001 0.51457
-2.84951 0.15001 -1.28218
-1.71222 0.15001 -1.67445
-2.67354 0.15001 -0.665761
-0.59604 0.15001 -1.13317
-2.63423 0.15001 2.65603
-2.84999 0.15001 0.356162
-2.24042 0.318265 -0.563846
-2.16597 0.15001 2.84836
-2.67998 0.15001 -1.83323
-0.565417 0.15001 -0.658676
-2.73264 0.314261 -2.84999
-2.43957 0.318155 -2.7733
-1.55707 0.15001 -1.95919
-2.68875 0.15001 1.69591
-1.66376 0.15001 -0.811785
-2.01338 0.15001 -0.422851
-0.739464 0.15001 0.436206
-1.70385 0.15001 1.41955
-2.24886 0.15001 -2.84747
-1.56627 0.15001 -1.78575
-2.09336 0.15001 -1.58151
-0.588726 0.15001 -0.971464
-0.546622 0.15001 -1.29223
0.0128802 0.15001 -0.0108571
-2.84994 0.15001 2.25831
-1.59016 0.15001 0.823173
-0.745383 0.15001 1.93279
0.116085 0.15001 -0.389661
-0.0830123 0.15001 -1.88592
-2.51929 0.15001 -2.21511
-2.84687 0.15001 -1.61914
-2.54555 0.15001 -2.03227
-2.18816 0.15001 -2.29254
0.23976 0.15001 0.987855
-0.446555 0.15001 -1.46935
0.328863 0.15001 0.802409
-2.49356 0.15001 2.0983
-1.38553 0.15001 2.42622
-1.24207 0.15001 -2.38551
-0.878938 0.15001 -2.57732
-1.20872 0.15001 -2.03425
-1.9957 0.15001 -2.2267
0.743733 0.15001 0.295981
-2.24172 0.15001 -0.731344
0.177401 0.23898 0.798316
-2.62287 0.15001 0.32365
-1.10092 0.32966 -2.41659
-0.812597 0.15001 1.73321
-0.617169 0.15001 -2.68165
-2.71288 0.15001 -2.31565
-0.752968 0.15001 -1.3958
-1.44374 0.15001 -2.32968
-2.81524 0.15001 -0.786215
-1.67315 0.15001 -0.22977
0.240881 0.17093 1.33088
-2.68807 0.15001 2.11641
-0.372657 0.15001 1.55409
-2.03835 0.15001 1.71593
-2.40599 0.15001 -2.84996
-2.77119 0.15001 -2.57659
-0.851839 0.15001 -2.00382
-1.90751 0.15001 -0.781037
-0.600901 0.15001 -1.46508
0.491787 0.15001 0.589005
0.106522 0.228194 0.626688
0.324134 0.299543 0.93296
-1.9456 0.15001 -0.138637
-2.14622 0.15001 2.61541
-1.92783 0.15001 -2.84999
-2.1894 0.15001 -2.68448
-2.56875 0.15001 -1.54989
-2.82162 0.15001 -1.11877
-2.8071 0.152402 1.023
-0.454513 0.15001 0.775459
-2.44066 0.15001 0.0846577
-2.47941 0.15001 -0.284447
-2.38176 0.15001 2.24845
-1.18188 0.15001 1.97162
-1.18696 0.15001 -2.56675
-2.38792 0.15001 -1.99248
-1.52795 0.15001 -2.13408
-1.06028 0.15001 -2.4666
-1.78506 0.15001 -1.39737
-1.55881 0.176639 2.28687
0.471703 0.39221 0.584818
-0.682152 0.15001 0.142302
-1.46018 0.15001 -0.0906771
-1.25645 0.15001 2.84999
-0.642651 0.15001 -1.82334
-2.34534 0.15001 -2.15315
-2.1672 0.15001 -1.87764
-0.620888 0.341527 -1.99323
-1.63789 0.15001 -1.28841
0.0296405 0.318739 0.89763
-2.41986 0.15001 -0.106123
-2.39174 0.15001 0.609289
-0.168191 0.15001 2.43376
-2.47654 0.15001 2.51821
0.417471 0.15001 -0.552578
-2.84999 0.15001 -2.80734
-1.84409 0.15001 -1.78385
-0.910489 0.15001 -1.85031
-1.66395 0.180415 2.82057
-1.39174 0.15001 -0.377855
-1.51833 0.15001 1.8195
-1.97594 0.200827 2.66409
-0.0583694 0.29508 -0.118243
-2.50022 0.31671 2.84999
-0.634861 0.15001 -1.6443
-1.9088 0.15001 -1.61172
-0.911221 0.15001 -1.66887
-2.36033 0.15001 0.24652
-0.810507 0.15001 -0.449934
-0.801015 0.15001 -0.17187
-2.48717 0.15001 -0.559529
-0.976471 0.15001 0.277448
-0.428086 0.15001 -0.769097
-2.40695 0.15001 1.05177
-2.84999 0.15001 -2.20813
-1.91826 0.15001 -2.53449
0.096577 0.15001 -1.18596
-0.47857 0.15001 -1.86636
-1.46185 0.15001 -1.04324
0.623266 0.15001 0.422373
0.423817 0.15001 0.951809
-1.42834 0.15001 -1.4798
-1.85968 0.15001 2.04612
-1.08877 0.15001 2.57257
-0.648886 0.15001 -2.34774
-2.18088 0.15001 -2.08159
-0.773937 0.15001 -1.55516
-2.37555 0.15001 -1.45775
-1.9514 0.15001 -0.942751
-1.61261 0.15001 -1.46965
-0.776905 0.15001 -0.896941
-0.576892 0.15001 2.73368
0.0131796 0.15001 1.10489
-0.691387 0.15001 2.08869
0.105492 0.15001 -2.55659
-2.70936 0.15001 -2.84999
1.02178 0.15001 -0.0741625
0.648444 0.15001 0.0467353
1.0942 0.15001 0.23474
0.276637 0.300306 0.46612
-1.96583 0.15001 0.312149
0.693366 0.288064 0.863108
0.412468 0.15001 1.39695
-1.59738 0.15001 2.4951
-0.226082 0.15001 -1.97489
0.26605 0.15001 -0.0146567
-2.53147 0.15001 -2.38109
-0.171895 0.15001 -2.29648
-2.61784 0.15001 -0.0688047
-1.75263 0.15001 0.713638
0.512869 0.15001 0.771359
0.367088 0.15001 1.14845
0.181895 0.15001 1.16228
0.600999 0.15001 1.41752
-1.44556 0.15001 -1.3013
-2.37479 0.15001 -2.49923
-0.484812 0.15001 -1.70424
-2.33368 0.15001 -1.84042
0.838163 0.305363 0.0340763
-1.99578 0.15001 -0.607306
0.410795 0.275485 0.70694
0.754666 0.435919 0.762337
0.589681 0.425392 0.952096
0.503629 0.248381 1.07372
-0.337051 0.15001 -0.633984
-1.44244 0.155604 1.08227
-0.100762 0.15001 -0.30617
-2.61691 0.15001 -1.20141
0.726064 0.264536 0.169478
-2.59167 0.15001 1.18952
-2.13979 0.15001 -0.985819
0.407296 0.303704 1.29281
-1.83041 0.15001 1.27777
0.521702 0.302576 1.4657
-2.08882 0.15001 -2.84995
-1.90151 0.3139 -1.19107
-0.387144 0.324841 -1.74769
-2.00787 0.15001 -2.05353
0.799301 0.43302 0.253317
0.302501 0.15001 0.61193
0.875866 0.490202 0.629809
-1.45542 0.15001 0.502797
-2.33989 0.15001 1.67354
-0.49838 0.15001 1.34831
-1.26419 0.15001 -2.84999
-0.272022 0.15001 -0.234504
0.676519 0.421645 0.0982187
0.415466 0.289405 0.263362
2.04613 0.15001 -2.41876
0.711573 0.413926 0.584424
0.486029 0.406704 0.398378
0.664974 0.563194 0.850905
0.416794 0.448323 0.871633
0.632759 0.473916 1.40288
-1.25795 0.15001 -1.4974
-2.84575 0.15001 -1.98644
-1.05037 0.15001 -1.75501
-0.569022 0.15001 0.277813
0.497358 0.229952 -0.0377633
-1.02859 0.15001 -0.873565
-1.92271 0.15001 2.322
-1.24428 0.15001 1.77375
-2.4083 0.15001 2.82969
-0.147296 0.15001 1.4993
-0.924152 0.15001 -1.1307
-1.03327 0.15001 -2.14026
-0.841798 0.15001 -0.742133
-1.521 0.15001 -0.525138
1.34966 0.382484 -2.08654
0.32881 0.311012 0.0829236
-1.83577 0.15001 0.0722805
-1.14672 0.15001 1.32902
-1.40464 0.15001 0.907222
-1.42732 0.15001 2.84665
-1.43716 0.15001 -2.84724
0.207614 0.15001 -0.560979
0.128876 0.15001 -1.79759
0.539384 0.15001 0.23903
-1.67344 0.15001 -1.02193
-0.389798 0.15001 -0.938816
0.762214 0.15001 0.987447
0.851032 0.15001 1.14477
0.515123 0.15001 1.25063
-0.920895 0.15001 2.69068
-1.76748 0.15001 -2.84196
-0.701634 0.15001 -2.53193
-1.70882 0.15001 -1.89791
-1.52614 0.15001 -2.50381
0.859037 0.15001 0.149634
0.505505 0.288345 0.872764
0.596688 0.15001 0.935625
0.953469 0.269346 1.19848
-0.94814 0.15001 2.04844
0.675367 0.15001 1.59976
-1.61509 0.15001 -2.67464
0.23617 0.15001 -2.2754
0.43795 0.15001 -0.852729
0.441734 0.22639 0.437931
1.25586 0.15001 1.05563
0.199524 0.15001 0.455388
0.694847 0.15001 0.770023
0.873227 0.15001 0.810262
0.67752 0.2963 1.04063
0.900349 0.15001 1.60128
-1.60499 0.15001 -2.84999
-1.38153 0.15001 -1.98728
-0.903473 0.15001 -2.2583
1.10212 0.320706 0.218448
0.609373 0.298381 0.501375
0.674565 0.15001 0.590328
0.873242 0.294152 1.03414
0.855582 0.470963 1.09917
0.649478 0.15001 1.12955
0.79515 0.294496 1.55098
-0.770525 0.15001 -2.84999
-0.218213 0.15001 -2.51711
1.03369 0.324092 -0.0472611
0.0997637 0.15001 0.297445
0.866361 0.299046 0.549241
0.566018 0.431626 0.753265
0.600783 0.275028 0.683189
1.10801 0.29801 1.28591
0.589582 0.306952 1.22526
-0.737751 0.15001 2.61215
-1.79867 0.15001 -2.65759
-0.756929 0.15001 -2.14025
-1.0698 0.15001 -2.68404
0.398126 0.15001 0.121478
0.96449 0.398798 0.11289
-2.84999 0.15001 0.6957
0.780312 0.415179 0.945818
-2.14005 0.160275 1.88851
-2.31396 0.15001 1.39824
0.690084 0.301681 1.37868
-0.651737 0.15001 -2.00652
-1.06969 0.15001 -2.3116
-1.44046 0.15001 -2.66115
0.549073 0.15001 -0.187723
0.138847 0.15001 0.117495
0.86854 0.592475 0.339101
1.87993 0.15001 0.277545
-2.36041 0.15001 0.886415
-2.15547 0.243471 2.39816
-0.984709 0.15001 2.84999
-0.0148035 0.15001 -2.72346
-2.37335 0.15001 -2.32055
-2.04456 0.15001 -2.40292
-2.4226 0.15001 -1.70506
-0.115503 0.15001 -1.20468
-2.01163 0.15001 1.20496
0.916592 0.655343 0.983464
0.451453 0.415483 1.10239
-1.4987 0.15001 1.31235
-0.923976 0.310243 2.70256
-1.19652 0.15001 -1.83703
-2.00454 0.15001 -2.68805
-1.69654 0.15001 -2.48821
-0.308174 0.15001 -1.83011
-2.10701 0.15001 2.13226
-0.392318 0.15001 2.15609
-2.71995 0.15001 0.830044
0.862082 0.542276 0.852781
-2.22393 0.15001 -1.48812
-1.22023 0.15001 1.51309
-0.32296 0.15001 -2.67471
-2.20741 0.15001 -2.45934
-1.2075 0.15001 -1.66547
-1.39684 0.15001 -1.81992
-0.208074 0.15001 -0.908216
-1.4438 0.15001 0.103205
-0.79117 0.15001 1.25666
-1.08204 0.15001 0.819028
-1.87832 0.15001 1.04697
-1.17895 0.325362 2.84999
-1.02474 0.15001 -1.96859
-0.28198 0.15001 -1.51156
0.402611 0.15001 -2.37425
0.320807 0.15001 0.275086
0.948804 0.15001 0.338621
-0.0480693 0.15001 -0.839161
1.01175 0.15001 0.68988
1.18688 0.15001 1.20852
-0.929637 0.15001 1.38744
0.963976 0.15001 1.3643
-0.177531 0.15001 -1.71496
-1.28097 0.15001 -2.69348
0.861566 0.15001 -0.213165
0.125603 0.15001 -0.721928
1.18242 0.15001 0.0626065
0.845192 0.15001 0.635242
1.13411 0.273328 0.689702
0.93996 0.15001 0.975266
0.786229 0.15001 1.45102
-0.559372 0.15001 2.24078
1.09452 0.15001 -0.807428
0.817664 0.15001 -1.15598
1.18769 0.15001 -0.482669
0.0140327 0.152476 0.452988
-0.131595 0.15001 0.365703
1.1266 0.15001 0.41012
1.0777 0.380003 0.428694
1.06009 0.274939 0.993643
-0.138237 0.15001 1.77617
1.15625 0.15001 1.36952
0.59105 0.15001 -2.6854
-1.64806 0.15001 -2.27192
-1.53725 0.15001 -1.62735
1.01185 0.203114 0.0924079
0.774782 0.301649 0.387689
0.788425 0.282058 0.709091
1.02313 0.371172 0.593407
0.772074 0.303702 1.19384
0.727042 0.15001 1.28001
1.01565 0.304178 1.44354
-2.41608 0.282566 1.83096
-0.9363 0.15001 -2.84639
1.35056 0.381283 -0.0227661
0.540262 0.293172 0.126279
0.861984 0.318527 -0.15115
0.798545 0.15001 0.464995
1.00011 0.452337 0.761746
0.917279 0.310128 0.844599
1.23265 0.41385 0.947701
-0.606454 0.15001 1.75305
-0.190717 0.15001 -2.84999
-0.0910914 0.15001 -1.56196
0.218732 0.277515 0.23866
2.84999 0.15001 0.0228377
1.20559 0.506699 0.492176
0.877175 0.442728 0.446068
0.986891 0.439634 0.951002
1.02904 0.403451 1.12335
-2.20526 0.15001 1.03571
0.94573 0.410103 1.30469
0.0818671 0.15001 -2.84999
0.249834 0.15001 -2.84999
1.02571 0.49682 0.252935
-0.329293 0.15001 -1.6662
0.687751 0.238225 -0.116367
0.260513 0.352534 0.644541
0.674148 0.456694 0.398179
0.774396 0.470863 1.27382
1.26026 0.570432 1.34071
0.91632 0.434984 1.51767
0.14229 0.15001 -1.96388
0.702963 0.15001 -0.298931
0.287555 0.15001 -0.708718
-0.936477 0.15001 -1.51157
-0.0365039 0.15001 -2.38808
-1.86433 0.15001 0.85258
1.12144 0.559892 0.891829
1.25176 0.646578 1.15893
0.877332 0.633488 1.18629
0.923821 0.575869 1.36946
-0.379141 0.15001 -2.50263
0.337411 0.15001 -0.363268
-0.469858 0.15001 -2.70357
-0.779712 0.15001 -1.74525
1.58093 0.437653 0.318421
1.03136 0.555665 0.435773
2.4501 0.15001 0.0824552
0.653599 0.451597 1.12923
-1.96853 0.15001 1.56351
-1.39914 0.15001 1.54307
0.084316 0.15001 -1.61968
0.110262 0.15001 -0.890693
-1.8164 0.15001 -2.19833
0.180868 0.15001 -2.12444
-0.375182 0.15001 -1.12663
-1.96763 0.15001 -1.43862
-0.912692 0.15001 -0.586669
-0.313091 0.15001 2.7128
-0.473051 0.15001 2.40459
-1.18484 0.15001 2.34429
1.52329 0.15001 -2.84999
-2.55878 0.15001 -2.8397
2.52754 0.15001 -2.09687
1.64712 0.15001 -1.12557
1.56071 0.15001 -0.535518
1.21518 0.15001 0.790401
0.972019 0.15001 0.517159
1.33219 0.15001 0.910249
1.04808 0.15001 1.11595
1.05085 0.15001 1.50851
-0.024373 0.15001 -1.73784
-0.453787 0.15001 -2.02128
1.37775 0.15001 -0.52506
1.39246 0.332658 -2.55706
1.51931 0.15001 -0.354106
1.43706 0.15001 0.48825
1.41179 0.15001 1.12354
0.829382 0.15001 -0.809614
1.41914 0.15001 1.48357
-0.796404 0.15001 2.84999
-0.488552 0.15001 -2.33901
1.01755 0.228709 -0.231754
1.18871 0.208575 -0.133905
0.807498 0.15001 -0.0374584
0.977037 0.15001 -1.14069
1.31133 0.171592 0.615284
1.06211 0.158783 0.854846
1.18119 0.299209 1.11787
1.23341 0.15001 1.52082
1.1341 0.15001 1.67714
0.774823 0.15001 -2.66676
0.794848 0.15001 -1.80147
0.523537 0.15001 -0.371339
0.0168817 0.15001 -0.56879
1.26754 0.182604 0.205846
1.34691 0.28703 0.453519
1.11756 0.340513 0.843113
1.16205 0.41137 1.45018
0.857742 0.269898 1.35287
1.27348 0.281003 1.402
-1.84956 0.15001 -2.01101
0.128694 0.15001 -2.39502
1.37919 0.181578 -0.0658892
0.910839 0.291292 0.246764
1.2939 0.347237 0.717351
1.19273 0.315444 0.529098
1.38674 0.354148 0.879034
1.17138 0.467505 0.688122
1.59094 0.396424 1.43754
1.36026 0.15001 1.64826
-0.326279 0.15001 -2.34425
-1.20106 0.15001 -2.21346
0.32714 0.15001 -2.02606
1.01086 0.217946 -0.430414
1.23667 0.354891 0.338549
1.43966 0.587875 0.469658
1.04759 0.577027 0.615136
-0.411992 0.15001 0.0815802
0.98472 0.651261 0.775956
1.0336 0.295131 1.63567
-0.538719 0.15001 -2.51421
-2.55846 0.303686 -0.44979
-1.08082 0.15001 -1.57238
2.00432 0.320617 -2.68339
2.35867 0.15001 -1.22721
0.457322 0.154038 2.38148
1.32024 0.512077 0.810496
1.10099 0.486384 1.27404
1.41469 0.456704 1.35287
1.1708 0.15001 2.84998
2.29823 0.15001 -1.52322
-0.474848 0.318175 -2.08856
1.16816 0.238317 -0.322331
1.68823 0.328477 -1.07151
-1.12366 0.15001 -0.368744
-2.49162 0.15001 -1.33654
1.56015 0.551813 -0.113997
2.54017 0.15001 0.713583
1.04822 0.577385 1.08382
1.07938 0.666063 1.25184
0.926849 0.15001 -2.84999
2.12488 0.15001 -1.73647
2.84999 0.15001 -2.33196
-1.05885 0.15001 -1.03229
1.95229 0.15001 -1.35755
2.66302 0.167144 1.4188
-2.46223 0.15001 1.86364
1.50197 0.640084 1.08211
1.09801 0.580409 1.45317
-0.987828 0.15001 2.41637
1.3548 0.15001 -2.10811
0.318578 0.15001 -1.22581
-0.120261 0.15001 -1.39174
-0.520031 0.15001 1.03683
-2.09103 0.28585 -2.00847
2.8354 0.567688 -2.09263
2.33695 0.34526 0.250387
-0.479875 0.15001 1.93772
-0.292054 0.15001 1.78581
-0.418177 0.15001 2.84999
0.547258 0.15001 -2.21058
0.409975 0.15001 -1.74543
-0.771115 0.15001 -1.20811
-0.310357 0.15001 -1.32934
1.86895 0.15001 -0.651871
1.61572 0.15001 0.530154
1.49849 0.15001 0.662702
1.69206 0.15001 0.890085
1.36674 0.15001 1.32747
0.160901 0.15001 1.95039
0.413141 0.15001 -2.84999
2.4113 0.15001 -2.54988
1.58641 0.15001 -2.12611
1.23071 0.15001 -2.22291
1.75103 0.15001 -1.70951
1.45778 0.15001 -1.43607
1.77164 0.15001 1.04144
-0.257501 0.15001 2.02914
1.62396 0.15001 2.55735
0.215112 0.15001 2.77464
2.46749 0.15001 -2.84999
1.75126 0.189223 -0.450412
1.3429 0.289044 -0.215358
1.20223 0.311004 0.0573743
1.41393 0.15001 0.101508
1.15295 0.15001 0.574196
1.44254 0.297069 0.608713
1.51873 0.15001 0.852104
1.33053 0.263771 1.2191
1.52606 0.253757 1.56683
1.26747 0.15001 -2.84999
2.36555 0.15001 -2.3951
1.56613 0.15001 -1.77052
1.7822 0.335035 0.273158
1.50473 0.3253 0.129339
1.61902 0.273174 0.285748
1.38863 0.21727 0.768746
1.49966 0.287178 1.15435
1.62414 0.294541 1.29798
1.45786 0.290395 1.37601
-0.171278 0.15001 -2.6834
1.69316 0.15001 -2.84999
2.70165 0.15001 -2.60594
2.66921 0.15001 -0.373559
1.82018 0.15001 -2.69015
1.32448 0.357795 0.176105
1.61577 0.299476 0.64036
1.35149 0.350846 1.06636
1.92479 0.15001 1.23243
1.23357 0.303489 1.60149
0.0389546 0.15001 -2.22542
1.42143 0.285803 -0.400353
1.22014 0.505682 0.226192
1.12528 0.467687 0.060779
1.39433 0.447369 0.363848
1.47408 0.430443 0.729974
1.382 0.507758 1.15537
1.25903 0.407595 1.26574
1.63811 0.572554 1.28231
-0.111637 0.15001 2.81006
-0.115579 0.15001 -2.13363
0.288222 0.15001 -2.51186
0.471392 0.15001 -2.55304
0.694135 0.15001 -2.12709
1.87623 0.331335 0.490694
1.55537 0.453154 0.556138
-0.815986 0.15001 1.07993
1.20012 0.47808 1.10935
0.940297 0.15001 2.10621
1.39567 0.37389 1.533
0.346969 0.15001 -2.69614
-1.98235 0.15001 -1.89217
0.949484 0.15001 -2.03846
-0.225815 0.15001 -1.06977
2.68958 0.15001 -1.9943
2.02045 0.177406 2.26248
2.06996 0.300911 -0.610484
1.29899 0.593535 0.980625
1.32913 0.15001 2.2889
1.44088 0.628638 1.29123
-0.583984 0.15001 -2.17028
1.86173 0.15001 -1.86346
1.07533 0.15001 -2.52086
1.72918 0.15001 -1.97682
2.19748 0.291557 0.575015
1.63922 0.15001 1.75495
0.444564 0.492851 -0.761005
1.64075 0.514901 1.05442
2.23262 0.37512 0.904462
2.0436 0.15001 2.49357
-0.0585175 0.15001 -2.56013
1.29209 0.15001 -1.36541
1.93179 0.15001 -2.26746
1.3726 0.15001 -1.75192
1.94575 0.151347 -0.80492
-0.0450946 0.15001 -1.01994
-0.131074 0.15001 -0.5117
0.579368 0.15001 2.0415
2.41825 0.151036 -1.98048
-0.263356 0.15001 2.25898
2.65548 0.15001 -2.84999
1.04754 0.15001 -1.75017
2.84999 0.15001 -0.957157
1.95395 0.15001 -1.73455
2.14495 0.15001 -0.977094
2.53372 0.15001 1.2741
2.08749 0.15001 -0.508908
1.74753 0.15001 1.20336
1.58133 0.15001 1.39766
0.454535 0.15001 2.69427
1.10722 0.15001 -2.84992
1.53995 0.15001 -2.68912
1.64901 0.238172 0.0791975
1.85628 0.15001 0.469754
1.30746 0.15001 0.364689
1.56881 0.15001 -1.27343
2.84999 0.15001 0.947062
1.58094 0.15001 1.21409
1.79555 0.236194 1.33184
-0.159556 0.15001 2.62096
1.10257 0.15001 -2.33801
1.40152 0.15001 -2.57974
1.3194 0.15001 -0.334404
1.08093 0.15001 -1.47777
1.54382 0.15001 0.203438
1.95321 0.286183 0.796462
1.77207 0.218612 0.602765
1.66513 0.15001 0.721577
1.59606 0.15001 1.03674
1.66154 0.15001 1.55943
-1.10019 0.15001 -2.84999
0.346861 0.15001 -1.50989
1.81425 0.15001 -0.0840665
1.71665 0.15001 0.210353
1.71592 0.252479 0.430438
2.46877 0.15001 0.299441
1.45879 0.236974 0.982091
1.58104 0.356529 0.992788
1.30723 0.15001 1.85066
1.72973 0.15001 2.02402
0.569677 0.15001 -2.38853
0.923779 0.15001 -2.34056
0.176416 0.15001 -2.70153
0.257397 0.15001 -1.65553
1.35231 0.431733 0.555856
2.34862 0.15001 2.66498
2.21148 0.15001 0.906979
1.67719 0.28459 1.12239
2.83678 0.297942 2.78986
0.17057 0.15001 2.19587
1.61961 0.290185 -0.3357
1.63467 0.15001 -0.0675743
0.649446 0.15001 -1.0994
0.0697832 0.15001 -1.44791
1.43473 0.281663 0.295105
1.57928 0.329068 -2.26529
1.92568 0.398686 0.65732
1.7522 0.289049 0.775931
1.75273 0.302767 0.956448
2.19713 0.15001 1.0906
0.746964 0.15001 -2.84999
1.21005 0.15001 -1.71402
1.46558 0.15001 -2.23903
2.84999 0.15001 0.577235
1.77949 0.15001 -1.31628
1.35734 0.587951 0.645059
1.81034 0.452415 0.809827
1.54673 0.440062 1.20801
1.74909 0.429461 1.1929
1.72402 0.282846 1.48015
2.09157 0.15001 -2.84999
2.45033 0.15001 -0.25494
1.9599 0.210655 0.611419
1.44165 0.498677 0.127221
-1.60092 0.15001 0.322517
0.217227 0.276832 -1.58731
2.77676 0.289052 0.821118
1.86727 0.15001 -1.55494
1.46163 0.494512 0.965906
0.0927663 0.15001 2.35734
0.665973 0.15001 -2.53099
0.420645 0.15001 -1.35299
2.2058 0.15001 -2.54147
-1.90405 0.15001 -1.14411
2.19921 0.15001 -0.733487
2.68706 0.15001 -0.560506
1.59445 0.187168 2.81031
0.0950106 0.15001 1.76852
1.97914 0.422712 1.41903
1.5178 0.552032 1.48842
-0.0341418 0.588648 -0.0845763
1.10384 0.15001 -1.90242
2.49827 0.327858 -1.83768
1.74095 0.452278 0.422697
0.610411 0.15001 -1.30187
1.80836 0.15001 -1.07129
2.63962 0.156646 0.319507
2.79898 0.15001 2.66373
2.83714 0.352832 0.642548
1.02217 0.15001 2.65307
1.24326 0.15001 -2.50434
0.464395 0.15001 -1.92116
2.84974 0.15001 -1.69285
0.913511 0.15001 -1.30841
2.32695 0.15001 -0.995271
2.7081 0.15001 0.157848
1.89263 0.15001 0.92522
2.31398 0.15001 0.176308
1.90709 0.15001 1.71384
2.04602 0.15001 2.1043
-0.810969 0.15001 -2.39305
2.58625 0.15001 -2.46913
1.98521 0.15001 -2.70281
0.246335 0.15001 -1.3806
1.77396 0.15001 -2.4638
2.18861 0.15001 1.54946
2.58668 0.15001 1.92054
2.10428 0.279408 0.955153
1.56008 0.15001 1.93997
0.419524 0.15001 2.84999
0.717602 0.15001 -2.33034
2.28392 0.15001 -2.84999
1.0341 0.15001 -2.18686
2.25034 0.15001 -2.07087
1.63903 0.15001 -2.3577
1.64187 0.15001 -1.50955
1.57141 0.303094 0.817485
1.86416 0.15001 2.1531
2.27672 0.15001 1.26562
2.11109 0.15001 2.84999
-0.370344 0.15001 -2.84999
2.84999 0.291836 -2.26279
2.17609 0.15001 -2.72048
1.91939 0.15001 -2.54564
2.09732 0.15001 0.226448
1.85547 0.15001 0.740473
2.17754 0.15001 0.729651
1.93671 0.328636 0.972585
2.63645 0.15001 1.74136
1.85703 0.15001 1.4973
1.19651 0.15001 -2.67334
2.84999 0.15001 -2.68033
1.69946 0.15001 -0.242503
1.93984 0.15001 -0.397289
1.84745 0.234359 0.116787
1.53608 0.29467 0.450637
2.02273 0.15001 0.406992
1.87024 0.288873 1.1361
1.4773 0.15001 2.10413
1.43592 0.193889 2.84999
0.909498 0.376571 -2.40995
1.37862 0.15001 -2.73797
1.53024 0.276382 -0.132683
2.13518 0.15001 -1.34215
2.27406 0.303742 -1.06509
2.13384 0.15001 -0.139975
2.84069 0.15001 1.4705
1.97052 0.249412 1.36951
2.21616 0.283962 0.0988385
0.856711 0.15001 2.84999
0.957983 0.15001 -2.67352
0.113931 0.292591 -0.487848
2.37437 0.15001 -2.7089
1.5073 0.15001 -2.45868
2.83355 0.15001 -0.800533
-0.264641 0.15001 -2.14918
1.14954 0.15001 2.06501
1.81472 0.464899 1.00785
2.47132 0.160599 2.04066
1.79034 0.413956 1.37181
0.771946 0.15001 -1.46794
-1.19388 0.398073 -2.74416
2.84675 0.310837 -0.99215
2.01363 0.15001 -1.08348
2.51827 0.15001 -1.13513
0.60289 0.15001 -1.76682
1.62348 0.472163 0.849951
-0.978078 0.374898 -1.04738
1.82287 0.15001 1.8795
0.714149 0.15001 2.72777
0.574825 0.15001 -2.84999
0.855477 0.15001 -2.17694
-1.59642 0.318915 -2.57131
1.01536 0.284986 -2.83304
1.1851 0.15001 -2.0565
2.46474 0.15001 -0.886181
2.68172 0.280283 2.08678
1.96498 0.15001 -0.211791
1.8827 0.15001 2.57794
2.44265 0.291772 2.73553
2.70208 0.355002 -1.96167
2.41601 0.15001 -0.651602
2.62251 0.15001 -1.73387
1.48425 0.15001 -1.93942
0.880259 0.15001 -1.62085
2.40205 0.15001 2.41497
2.40489 0.237637 0.600426
2.36007 0.15001 0.800195
0.766007 0.15001 2.31584
2.64162 0.15001 -0.188374
2.84999 0.15001 -2.04192
1.91645 0.15001 -2.84859
2.83785 0.15001 -1.1155
1.89577 0.15001 -2.1014
2.19068 0.15001 -1.13939
2.43928 0.15001 1.47379
2.33436 0.15001 -0.102647
2.55192 0.15001 -1.38785
2.84822 0.15001 1.11921
2.84885 0.15001 2.49334
2.84999 0.15001 -2.84999
2.84999 0.15001 -1.8713
1.74298 0.15001 -2.21018
2.64042 0.235535 1.10349
2.84281 0.15001 -0.477449
2.84999 0.15001 0.757838
2.84999 0.15001 0.401667
2.49561 0.15001 0.488408
2.84999 0.15001 2.84937
2.34258 0.15001 2.84918
2.62841 0.15001 -2.28686
0.00564624 0.15001 -2.04328
1.64871 0.15001 -2.5674
1.17593 0.15001 -1.19978
-0.0898101 0.161099 2.28544
2.10985 0.15001 0.564054
2.4119 0.15001 1.12626
1.18468 0.331017 -2.83759
1.05286 0.15001 2.48464
2.85 0.15001 1.65722
2.84999 0.15001 -1.27797
1.68035 0.316166 -1.30696
2.75693 0.15001 -2.17746
2.68264 0.15001 -1.51576
2.27974 0.15001 0.504147
2.81418 0.308474 2.20063
2.50235 0.15001 0.918494
2.8311 0.15001 1.29199
2.01246 0.15001 1.07409
2.64966 0.15001 2.21942
0.380145 0.15001 -2.19006
2.19219 0.29512 -2.20343
0.50703 0.15001 -1.55973
2.84999 0.15001 -0.311008
1.94919 0.293805 0.325199
2.39596 0.15001 -2.22631
1.62723 0.15001 2.37852
1.95165 0.286779 2.17755
-0.416664 0.15001 -2.18341
0.450609 0.162502 1.81423
0.78441 0.15001 -1.96923
2.53033 0.15001 -1.59523
1.48965 0.15001 -1.6297
2.38447 0.32823 -2.81505
2.84999 0.15001 -0.641889
2.68622 0.21311 0.938857
2.57323 0.15001 -0.719838
1.79171 0.15001 2.32956
1.47568 0.15001 2.64766
2.25602 0.15001 2.27921
1.33694 0.15001 -2.36291
2.84999 0.15001 -2.49961
1.28611 0.537367 -2.63738
2.84999 0.15001 -1.50717
2.00905 0.167133 1.87462
2.84787 0.15001 -0.145166
2.84997 0.165831 1.88813
2.44503 0.15001 1.70306
2.10173 0.15001 1.30166
0.27242 0.15001 1.55266
2.54885 0.15001 -2.67609
2.30356 0.15001 -1.67534
1.78816 0.321632 2.48643
2.10725 0.301931 0.406187
1.24017 0.15001 2.53057
2.42157 0.15001 -0.46348
2.27854 0.15001 -1.8887
2.6878 0.15001 -1.24201
2.37279 0.15001 -1.39041
2.01504 0.15001 2.69951
0.85172 0.15001 -2.50182
2.7562 0.30857 -2.7931
0.670834 0.15001 -1.60645
1.29339 0.15001 -1.93357
2.07214 0.15001 -1.93302
1.69709 0.15001 -0.625719
2.67927 0.15001 0.48861
2.22477 0.15001 -0.344973
2.61621 0.15001 2.57152
2.52926 0.15001 2.84999
2.18921 0.15001 -2.28935
2.08897 0.15001 -2.12391
0.61086 0.15001 -1.97321
1.2602 0.15001 -1.5475
2.84999 0.15001 2.25922
1.74554 0.419954 0.609937
2.68835 0.316531 -2.12942
2.19407 0.15844 1.77887
-0.0482751 0.15001 1.93328
2.57563 0.15001 2.39225
