1000 0.1
-2.45451 0.15001 -2.53556
-2.83955 0.15001 -1.48517
-2.84999 0.15001 0.182344
-2.84999 0.15001 -2.18509
-2.09786 0.15001 -0.465185
-2.36354 0.15001 0.521285
-1.6469 0.15001 1.14093
-2.23767 0.15001 1.6062
-2.84999 0.15001 2.3802
-2.53508 0.15001 2.61112
-2.84999 0.15001 -2.55498
-2.66632 0.15001 -1.93775
-2.3809 0.15001 -2.36432
-2.84915 0.15001 0.634204
-2.84991 0.15001 2.03893
-2.84848 0.15001 2.20881
-2.84518 0.15001 1.86681
-2.57379 0.15001 1.52343
-1.59363 0.205082 1.80852
-2.20889 0.15001 2.84776
-2.40339 0.15001 -2.84999
-2.13761 0.205008 0.883927
-2.84999 0.15001 -1.11569
-1.00077 0.215745 0.631889
-2.84999 0.15001 -0.560905
-2.61014 0.15001 -1.30311
-2.84971 0.15001 1.69034
-2.84952 0.15001 2.84999
-0.974814 0.180156 2.35236
-2.62637 0.15001 2.84999
-2.84999 0.15001 -2.01823
-2.13967 0.15001 -1.23361
-2.40337 0.15001 -1.57233
-1.43141 0.282073 -2.38468
-2.74388 0.15001 0.320768
-1.43801 0.15001 -1.93263
-1.92294 0.15001 0.266204
-2.84999 0.15001 0.00592151
-1.64818 0.15001 0.520557
-2.25367 0.15001 1.94167
-2.36668 0.15001 -1.72836
-2.81254 0.15001 -1.85452
-0.802839 0.246986 0.31266
-1.16906 0.21459 0.714447
-0.539148 0.433615 0.982828
-2.58454 0.15001 0.186793
-2.07053 0.259894 0.0415486
-0.770837 0.314391 1.60093
-0.444964 0.866853 2.56436
-2.01454 0.15001 2.84999
-2.25228 0.15001 -2.24377
-0.951321 0.164263 -2.69849
-2.84999 0.15001 -1.69709
-2.49701 0.15001 -1.1388
-0.951388 0.298149 0.993618
-0.886391 0.188233 0.00429115
-2.41675 0.15001 1.84743
-0.902133 0.25373 1.83898
-2.84394 0.288472 2.44871
-2.22743 0.210565 1.7849
-2.58253 0.15001 -2.4283
-2.35907 0.15001 0.262586
-2.34021 0.15001 -1.21622
-2.54981 0.15001 -2.07442
-2.79147 0.15001 1.50785
-2.08488 0.352093 -1.64232
-0.810342 0.42664 1.73129
-2.38777 0.15001 -0.345401
-2.69973 0.176416 0.785086
-2.4164 0.15001 2.84999
-1.7211 0.15001 -2.26726
-2.54248 0.15001 0.356762
-2.66276 0.187198 -1.48196
-2.79218 0.323011 -1.55215
-1.18538 0.15001 1.19862
-2.04872 0.15001 1.8029
-2.7715 0.363514 1.83057
-1.26651 0.166308 2.56518
-1.13374 0.1618 0.221673
-1.97659 0.15001 1.19248
-2.7069 0.15001 -2.11446
-1.90053 0.15001 0.713474
-2.81941 0.310524 2.21324
-2.84999 0.15001 0.467088
-2.19626 0.196482 -1.9288
-1.46339 0.15001 0.754514
-1.90537 0.15001 1.71834
-1.59124 0.454648 -0.23592
-2.84999 0.155235 2.69034
-1.78859 0.151243 2.32108
-1.71566 0.15001 -2.10048
-2.67973 0.15001 -0.195042
-2.68469 0.15001 -0.0256143
-1.95184 0.311186 -2.25583
-2.79698 0.32871 -0.755367
-1.91007 0.15001 1.97593
-2.7324 0.15001 -0.432718
-2.7979 0.15001 -0.719769
-1.57797 0.15001 1.58896
-2.69033 0.363838 1.97679
-2.05726 0.15001 -2.84999
-1.8691 0.15001 -0.398275
-2.34413 0.15001 -2.01233
-2.31482 0.15001 0.083383
-2.48939 0.15001 -1.92528
-2.50781 0.15001 1.01728
-2.16938 0.15001 1.39548
-1.16456 0.15001 1.42359
-0.876754 0.15001 2.21863
-2.26476 0.15001 0.800874
-1.0236 0.15001 -2.84999
-1.94244 0.15001 -2.10053
-0.701232 0.15001 0.416333
-2.7805 0.15001 -1.28816
-1.9923 0.15001 -0.216232
-0.983037 0.15001 1.7141
-2.62377 0.15001 2.45974
-0.930554 0.198981 1.55215
-1.78487 0.15001 2.52726
-1.66586 0.15001 2.84999
-2.28774 0.15001 -2.52103
-2.84999 0.15001 -2.84999
-0.638688 0.282009 0.711149
-1.62112 0.15001 0.223841
-0.495974 0.15001 0.981492
-2.54209 0.15001 0.572824
-0.895754 0.276275 1.36635
-0.728547 0.279737 1.42907
-1.96167 0.399678 -0.122939
-1.83647 0.15001 2.84999
-2.10836 0.15001 -2.53211
-1.88598 0.15001 -2.84999
-2.50435 0.15001 -1.45115
-2.34558 0.15001 -0.538374
-2.43123 0.15001 -0.805393
-0.919916 0.15001 1.24426
-1.33822 0.15001 1.68853
-0.709169 0.300724 1.82544
-2.56368 0.15001 2.00417
-1.49724 0.15001 2.84999
-1.87968 0.15001 -2.26147
-2.84999 0.15001 -2.70407
-0.359786 0.41237 0.405596
-2.33461 0.312054 0.895805
-1.03199 0.203284 0.834415
-0.915291 0.303142 1.16685
-2.32189 0.15001 -0.116303
-0.625584 0.405393 1.50843
-2.10989 0.15001 2.15411
-1.80439 0.15001 1.27235
-2.56441 0.15001 -2.84999
-2.18528 0.15001 -2.39206
-0.763238 0.191147 0.590349
-2.60594 0.15001 1.1694
-2.17021 0.15001 -0.275057
-0.773532 0.188702 1.04797
-2.8022 0.15001 2.53914
-1.29439 0.15001 0.509835
-1.79453 0.15001 1.02221
-0.691745 0.287597 2.15119
-2.69677 0.15001 -2.28996
-1.6072 0.15001 1.35378
-1.5765 0.239014 -2.73734
-2.54453 0.228653 -1.64885
-2.74312 0.15001 -2.4475
-1.98151 0.15001 2.28681
-0.444584 0.689159 1.11605
-2.75504 0.161182 1.29766
-2.70497 0.15001 2.31173
-2.33094 0.305943 2.84999
-2.23606 0.15001 -2.84999
-1.58289 0.15001 -1.9974
-0.612863 0.597021 1.04817
-2.55561 0.15001 -2.68562
-0.274756 0.711009 1.00407
-2.39206 0.15001 1.53164
-2.62097 0.15001 -1.01947
-1.92368 0.370822 2.8438
-2.52287 0.15001 -0.0900389
-2.71082 0.31568 2.84999
-1.29068 0.15001 -1.97757
-2.70145 0.15001 -2.76261
-2.0504 0.15001 -1.96427
-2.07708 0.15001 -1.78044
-2.40551 0.15001 2.4502
-2.84999 0.161024 1.12701
-1.31825 0.15001 1.88846
-1.99993 0.15001 1.37065
-2.37542 0.15001 2.05192
-0.999337 0.15001 1.89846
-1.62731 0.15001 -2.3851
0.87282 0.15001 -2.72948
-0.993161 0.15001 -2.33538
0.729337 0.15001 -2.80214
-2.44534 0.15001 1.21305
-1.52937 0.15001 0.913271
-1.77237 0.15001 1.56883
-2.42815 0.351421 0.506244
-0.752084 0.30211 2.8471
-2.59773 0.232438 1.73608
-1.18844 0.15001 -2.84986
-2.19499 0.15001 -2.1004
-1.53413 0.15001 -1.71164
-0.510358 0.15001 -0.539495
-1.95548 0.15001 0.0547295
-0.461657 0.15001 1.19658
-0.620797 0.15001 1.46188
-0.764045 0.15001 1.55315
-1.3276 0.15001 2.29106
-1.47948 0.15001 2.3719
-0.475925 0.15001 -2.84999
-2.18775 0.15001 -0.615701
-0.997032 0.15001 1.03686
-0.733868 0.215956 0.857393
-0.877227 0.15001 0.91165
-1.70051 0.15001 0.713983
-0.754339 0.15001 1.31777
-0.804537 0.15001 1.72877
-2.30566 0.15001 1.30225
-0.50791 0.15001 1.93419
-0.76647 0.15001 -1.92843
-0.656598 0.174632 0.230623
-0.264559 0.34426 0.578972
-0.593692 0.15001 0.627152
-0.350742 0.18706 0.886988
-2.84366 0.344667 1.13198
-0.737881 0.282223 1.20354
-0.512474 0.286243 1.466
-0.720054 0.15001 1.94038
-0.595704 0.15001 2.09824
-0.469741 0.15001 -2.45273
-0.632563 0.331786 0.332911
-0.906712 0.151189 0.475196
-0.860699 0.182915 0.73897
-2.84999 0.15001 -0.227209
-0.563585 0.314675 1.13341
-0.621103 0.37524 1.32531
-0.613188 0.219109 1.61919
-2.84879 0.15001 0.896187
-0.596209 0.288836 1.98216
-2.19819 0.15001 -1.6313
-1.32927 0.15001 -2.40321
-2.24514 0.15001 -0.784391
-2.56626 0.15001 -1.78512
-0.397775 0.425974 0.835578
-0.665139 0.488171 1.19185
-1.91489 0.312125 1.60247
-0.268359 0.407007 1.33535
-0.4497 0.438783 1.41303
-0.610462 0.379708 1.69032
-0.439854 0.15001 -2.6545
-0.725035 0.15001 -2.35641
-2.67397 0.292416 0.125507
-2.84999 0.15001 -2.34294
-0.361432 0.498214 0.991993
-1.63362 0.172201 2.01614
-2.511 0.172089 0.805167
-0.746072 0.469751 1.90121
-0.804471 0.298227 1.98933
-0.622269 0.448919 2.0535
0.703747 0.15001 -2.54359
-0.572612 0.491602 0.2707
-0.53246 0.484248 0.465108
-2.0704 0.15001 -2.68412
-0.25828 0.570145 0.862573
-1.42181 0.15001 2.00596
-0.354184 0.547707 1.29268
-0.735815 0.524094 1.58056
-2.04401 0.533697 2.74087
-1.33064 0.153038 2.84999
-0.547035 0.15001 -1.96024
-0.653276 0.402384 0.582007
-0.145917 0.621956 0.716322
-1.4088 0.15001 -2.12031
-2.7421 0.390116 2.34496
-0.724898 0.388685 1.05069
-2.62831 0.361811 0.601579
-0.535946 0.565064 1.3036
-0.538849 0.576971 1.49517
-2.09595 0.308399 2.84918
-2.00238 0.15001 -2.3776
-1.59614 0.15001 -2.58547
-0.603156 0.58001 0.861497
-1.71612 0.15001 -1.01479
-1.68835 0.15001 -0.534254
-0.972932 0.3574 0.519129
-2.30522 0.510411 -0.389542
-1.13603 0.15001 1.80347
-2.62328 0.27034 -0.379983
-2.23473 0.464651 2.84999
-0.307606 0.15001 -1.44234
-0.599868 0.551823 0.676314
-2.54777 0.15001 -2.24569
-1.22108 0.382386 2.25827
-2.03365 0.15001 1.0234
-2.00295 0.15001 0.521924
-1.25833 0.159 2.13002
-1.33593 0.170005 1.27465
-1.15524 0.260033 1.92453
-2.78517 0.542301 1.781
-1.67815 0.15001 0.070612
-1.26338 0.15001 -0.729485
-0.463113 0.15001 0.524453
-0.437253 0.15001 0.737349
-0.593423 0.15001 0.807611
-0.33866 0.15001 1.06208
-0.470664 0.15001 1.37809
-0.324182 0.15001 1.67845
-0.650182 0.15001 1.78624
-0.789962 0.15001 2.84999
-0.281153 0.15001 -2.83927
-2.67318 0.15001 -2.58512
-1.98594 0.15001 -0.580113
-0.488805 0.195429 0.337212
-0.378543 0.290135 0.686104
-0.596236 0.208033 1.28374
-0.457909 0.15001 1.55172
-0.300207 0.278764 1.78522
-0.501712 0.15001 1.71541
-0.406373 0.15001 2.11134
-0.275386 0.15001 -2.3546
-0.326529 0.23536 0.454848
-0.140848 0.15001 0.496789
-0.615275 0.26854 0.970618
-0.229037 0.275355 1.03886
-0.618248 0.15001 1.115
-0.375715 0.277162 1.34139
-0.301044 0.15001 1.47283
-0.428622 0.284011 1.6571
-0.162577 0.15001 2.19676
-1.72191 0.15001 -2.84999
-0.495508 0.15001 0.159572
-0.482927 0.331668 0.203158
-0.190446 0.471937 0.476189
-0.408831 0.30867 0.997677
-0.367026 0.275892 1.16569
-0.338479 0.308014 1.50825
-0.45856 0.432575 1.58847
-0.518316 0.284803 1.8185
-0.278736 0.272811 2.10027
-1.7005 0.324216 -2.73673
-2.39836 0.15001 -2.69068
-0.156325 0.300726 0.428495
-0.601075 0.258749 0.490806
-0.300115 0.421891 1.13272
-0.47137 0.511499 1.13131
-0.462335 0.391579 1.24987
-0.146144 0.446093 1.77512
-0.40865 0.419279 1.76716
-0.499882 0.290193 2.16547
-1.52813 0.15001 -2.84921
-0.0920988 0.15001 -0.24255
-2.34027 0.15001 -0.970184
-0.620898 0.406265 0.826168
-0.16911 0.50882 1.01257
-1.93954 0.203013 2.60147
-0.298875 0.480241 1.49772
-0.708398 0.524707 1.38389
-1.53394 0.15001 2.17336
-0.432692 0.411474 2.03707
0.940497 0.15001 -2.0763
-1.42369 0.15001 -2.57071
0.523224 0.15001 -2.48147
-0.362338 0.522145 0.56468
-0.824782 0.359942 0.896715
-0.442301 0.645422 0.926559
-0.284856 0.550742 1.7517
-0.563931 0.450904 1.86491
-0.52829 0.160452 2.84999
-0.34447 0.395948 2.21401
1.57696 0.15001 -1.84032
-0.785563 0.387219 0.717202
-1.53581 0.15001 -2.24351
-1.73782 0.15001 2.16741
1.331 0.155424 -0.0191707
-2.51833 0.15001 2.31963
-0.212681 0.693132 1.60123
-0.558547 0.556037 1.69172
-2.11218 0.15001 0.716545
-0.243102 0.489055 2.07143
-1.7384 0.15001 -2.67798
-2.08522 0.15001 -2.24206
-0.622589 0.15001 -1.4918
-1.57825 0.290381 -2.44409
-1.2038 0.157615 -0.234435
-2.30054 0.171197 2.61688
-1.8482 0.208852 0.528911
-0.31776 0.651107 1.44576
-1.6539 0.15001 2.40916
-0.990219 0.25999 2.11565
-0.968217 0.15001 -2.52638
2.21207 0.15001 0.105681
-2.65121 0.15001 -0.810064
-2.50178 0.15001 1.37724
1.76801 0.333319 -1.57486
-1.95264 0.298455 -1.97698
2.39992 0.15248 1.34337
-1.47732 0.15001 2.54178
-0.967276 0.168257 2.70139
-0.106698 0.15001 2.84999
-0.191721 0.15001 -2.15988
0.146039 0.15001 0.424098
0.00578498 0.15001 0.59572
-0.313059 0.15001 0.602768
-0.238451 0.15001 0.752443
-0.192568 0.15001 0.924875
-0.109601 0.15001 1.29175
-0.0716886 0.15001 1.4935
-0.198181 0.15001 1.8061
-0.104652 0.15001 2.02405
-2.23857 0.15001 -2.67466
-0.333523 0.208275 0.118789
-0.238575 0.15001 0.338994
-0.459424 0.343655 0.517915
-0.0209511 0.15001 0.890672
-0.291094 0.15001 1.27233
-0.0219726 0.281877 1.22301
-0.195925 0.233643 1.59237
-0.276205 0.15001 1.97721
-0.661189 0.15001 2.48506
-0.110006 0.15001 0.112485
-0.0715754 0.15001 0.286023
-0.142639 0.305397 0.240489
-0.489648 0.281767 0.838783
-0.182237 0.315981 0.757995
-0.044047 0.188369 1.05069
-0.202785 0.250794 1.38697
-0.00110613 0.280659 1.56581
0.0803351 0.15001 1.57663
-0.116238 0.284601 1.74526
-0.229859 0.15001 -1.97039
-1.80869 0.15001 -2.43475
-0.322452 0.289258 0.279969
-0.0905409 0.339682 0.606314
-0.248427 0.379702 0.908552
-0.197913 0.296975 1.2155
-0.0955224 0.398243 1.3247
-0.265649 0.387497 1.6504
-0.386901 0.271224 1.94055
-0.115631 0.345698 2.09249
2.07862 0.15001 -2.71621
-0.04843 0.524407 0.596375
0.114367 0.439093 0.644295
-0.482691 0.419903 0.678623
-0.253974 0.471211 0.708355
-0.0821193 0.363592 1.0794
-0.151933 0.484272 1.19273
-0.154705 0.370128 1.4995
0.135738 0.395352 1.53285
-1.13758 0.15001 2.84999
-1.01826 0.15001 -1.47407
-2.40746 0.15001 -2.17451
-2.84449 0.15001 -0.915622
0.234536 0.569607 0.742032
-0.19922 0.749994 0.841471
-0.0650387 0.634939 1.22019
-0.021098 0.414036 1.64805
-0.151243 0.523165 1.59437
-2.67393 0.15001 0.978533
-0.274854 0.413156 1.90548
1.47418 0.15001 -2.84999
2.64868 0.823449 -1.8671
0.0710624 0.512818 0.807308
-2.58488 0.34337 -2.23011
-0.416932 0.581448 0.746647
-0.780244 0.535787 0.927424
-0.967441 0.153309 0.227532
-0.402042 0.53842 1.90338
2.31653 0.263681 2.25284
0.0653173 0.588465 1.92656
2.15309 0.15001 -2.40025
-1.25089 0.15001 -2.63986
-1.23165 0.15001 -2.12127
1.10975 0.15001 -0.671469
-0.000287789 0.561236 1.06137
-0.416352 0.722313 1.30193
-0.164969 0.546997 1.38507
1.8911 0.15001 0.520288
1.9345 0.15001 0.75635
-0.215284 0.627476 1.91671
0.639561 0.15001 -1.89038
-1.35177 0.15001 -2.84997
-1.90663 0.15001 -2.69426
1.56534 0.15001 0.989833
0.236105 0.65769 1.05229
0.572393 0.761816 0.820634
2.66037 0.15001 1.76407
-0.387917 0.597359 1.61232
-2.32895 0.15001 1.09971
0.0975649 0.176188 2.84786
0.720136 0.15001 -2.06975
-0.78507 0.15001 -2.56268
-2.71255 0.15001 -1.62401
1.47111 0.15001 -2.54307
-0.0606039 0.625162 0.904039
-2.39678 0.270791 2.17621
1.78115 0.15001 1.23127
0.627867 0.15001 2.26283
-2.80909 0.458454 1.26911
-0.0129589 0.744568 1.64998
-0.637637 0.15001 -2.84999
1.02832 0.15001 -1.33631
1.08716 0.15001 0.962179
0.100882 0.15001 0.75977
0.130989 0.15001 1.00949
0.0613786 0.15001 1.34906
-0.178356 0.15001 1.13789
0.433847 0.15001 1.61286
-0.0719647 0.15001 1.66573
0.100543 0.15001 1.99147
-0.8108 0.15001 -2.81666
-0.0604901 0.15001 -2.84999
0.308356 0.15001 0.430614
0.184737 0.280507 0.705038
0.242856 0.15001 0.869097
0.0599784 0.15001 1.17625
0.369797 0.286802 1.51488
0.275089 0.15001 1.52253
0.283334 0.15001 1.94546
-0.478794 0.15001 2.65312
-0.0689626 0.15001 -0.0639122
0.0247162 0.250282 0.392433
0.0734394 0.294549 0.552123
-0.0722588 0.181673 0.738294
0.101585 0.266063 0.894103
0.160112 0.254161 1.25979
-0.0279256 0.272245 1.40196
0.0554654 0.233963 1.73176
-0.00395548 0.276874 1.97413
0.0201697 0.15001 2.14711
1.25362 0.228819 -2.13261
0.116026 0.15001 0.254033
0.128484 0.404407 0.299384
0.0145841 0.339791 0.760899
-0.0892096 0.299334 0.912621
0.0973599 0.303661 1.09158
0.151799 0.242774 1.45927
0.0136612 0.373791 1.83035
-0.169842 0.276474 1.92117
0.164385 0.292562 1.92476
0.134079 0.15001 -1.66433
0.0321204 0.26091 0.150298
0.194647 0.447867 0.471116
0.0382562 0.417189 0.954847
0.0321034 0.449948 1.20125
-0.012945 0.457709 1.46509
0.356664 0.507414 1.36998
0.187656 0.507006 1.30076
0.56801 0.281817 1.83761
0.760339 0.526431 2.83884
1.90597 0.15001 -1.81868
0.249005 0.15001 -2.65251
-0.118571 0.15001 -2.30724
-0.00513417 0.42059 0.451835
-0.102978 0.463801 0.833955
0.117993 0.627725 1.19072
-0.279292 0.598342 1.13924
0.0403164 0.597754 1.36535
0.0522271 0.53406 1.74975
0.0587912 0.431104 2.01747
0.690836 0.15001 -1.46756
1.11328 0.15001 0.238551
-0.245907 0.15001 -0.0207076
0.04206 0.661901 0.703206
1.19794 0.282389 0.0639814
0.131447 0.152596 2.66452
0.186883 0.555915 1.47004
-0.0995745 0.479897 1.94425
0.330593 0.513586 1.89432
0.404393 0.294805 2.84658
2.22096 0.170484 -1.60741
2.80342 0.334063 -1.3389
2.17238 0.34465 -2.687
-0.701513 0.153005 -2.14841
0.270233 0.669053 1.33207
-0.0953629 0.703489 1.44291
-1.93313 0.474284 2.64194
-0.435891 0.305922 2.54347
-0.108335 0.620957 1.75651
0.595587 0.255423 2.62022
-1.15512 0.15001 -2.46099
2.26101 0.15001 -0.686854
0.508325 0.405258 0.382304
-1.84387 0.15001 -1.97168
0.132561 0.674829 0.885274
0.511688 0.565869 1.20836
-0.393561 0.715594 1.93691
0.556076 0.588351 1.81773
0.276529 0.554012 2.0728
-1.66916 0.15001 2.67024
0.995397 0.15001 -2.27929
-1.10069 0.15001 -1.32519
2.52843 0.15001 -2.84999
1.47891 0.15001 -0.133508
-2.23703 0.195487 -1.47268
2.67595 0.153793 0.142687
0.264663 0.164411 2.76652
0.0162442 0.15001 2.47906
-0.153518 0.15001 2.57922
1.55593 0.318645 2.84999
1.72685 0.15001 -1.94226
1.58826 0.15001 -2.23974
1.45803 0.15001 0.836171
0.180604 0.15001 0.596997
0.35485 0.15001 1.02487
0.43011 0.15001 1.19361
0.271858 0.15001 1.33149
0.426005 0.15001 1.43093
-0.0269964 0.15001 1.85435
0.400538 0.15001 2.35395
0.299445 0.15001 -2.84089
0.5225 0.15001 0.216255
0.236241 0.261678 0.317924
0.42471 0.254717 0.444901
0.441258 0.15001 0.876499
0.238872 0.15001 1.15227
0.542213 0.249263 1.50729
0.21878 0.15001 1.67807
0.160075 0.15001 1.83057
0.440961 0.15001 2.63953
1.66606 0.15001 -2.55017
0.421039 0.283443 0.256677
0.249491 0.293633 0.529725
0.374734 0.231192 0.638673
0.343476 0.27908 0.817338
0.245439 0.275681 0.993789
0.240035 0.382634 1.19401
0.546159 0.15001 1.74375
0.289746 0.277548 1.80964
0.215953 0.192131 2.10497
0.101952 0.15001 -2.82691
2.53413 0.15001 -2.35887
0.542812 0.15001 -2.84999
2.84999 0.15001 0.0585568
0.299794 0.408478 0.684626
0.525851 0.41857 1.07649
0.0911574 0.377108 1.35209
0.447936 0.289394 1.69739
0.696068 0.15001 1.81078
0.347523 0.334343 1.96675
1.74005 0.15001 -2.70511
0.794755 0.15001 -2.33651
0.388258 0.446941 0.863015
2.26297 0.150036 1.65971
0.204018 0.387931 0.840446
0.332089 0.417784 1.03172
0.42135 0.414011 1.22908
0.162603 0.355031 1.69906
0.781365 0.289084 1.7644
0.214833 0.372115 2.08476
0.376808 0.296066 -0.0202432
0.9381 0.15001 -0.914942
0.400218 0.402185 0.534826
0.13142 0.597536 0.551033
0.158483 0.474885 1.07526
2.39053 0.168154 -0.102471
0.204028 0.526445 1.65103
0.175223 0.44899 1.85443
2.08535 0.205212 2.18897
0.0548856 0.319094 2.17523
1.91257 0.15001 -2.47793
1.83608 0.15001 -1.49695
2.60451 0.831635 -1.18222
0.106376 0.150269 -2.13971
2.48377 0.457804 2.23688
0.428398 0.56584 1.02649
1.36072 0.15001 -0.25104
0.386179 0.685849 1.86104
0.179455 0.700508 1.58893
0.522819 0.15001 2.84999
-0.049201 0.15001 -0.477913
-1.38137 0.15001 -0.156068
-0.817129 0.26143 -2.09188
0.856765 0.15001 -1.83244
2.5918 0.303841 -0.81343
-0.222503 0.705861 1.28452
1.9199 0.150207 0.370689
0.0280151 0.586043 1.57214
1.48152 0.15001 -0.44598
0.206711 0.635459 1.79777
2.56608 0.15001 -1.75374
1.78666 0.15001 -1.14524
1.0404 0.15001 -1.94809
-1.94437 0.15001 -2.52838
2.35104 0.211211 1.53458
1.75156 0.15001 2.73063
1.70371 0.15001 1.74904
0.537698 0.551774 1.41545
2.84844 0.428705 1.90774
1.76695 0.28412 2.84999
1.31215 0.15001 -2.84999
1.20224 0.15001 -0.972154
1.95609 0.15001 -0.455212
2.55967 0.15001 1.05387
-0.00810782 0.792443 0.84207
0.51108 0.453017 2.58764
1.4442 0.152999 1.18122
2.74503 1.11876 1.96299
2.44241 0.152591 1.73664
2.84999 0.155299 2.34591
1.3833 0.15001 -2.0124
0.154695 0.15001 -0.00291068
0.559254 0.15001 0.557923
0.853403 0.15001 0.767387
2.36404 0.15001 0.73403
0.557794 0.15001 1.06377
0.672903 0.15001 1.469
2.17944 0.15001 0.574873
0.747907 0.15001 2.84999
1.88844 0.15001 2.84999
1.15131 0.15001 -2.83337
1.98796 0.15001 -2.84999
0.546395 0.304762 0.58715
0.614516 0.15001 0.883849
0.458834 0.278255 0.988972
0.357962 0.28089 1.13379
0.800412 0.15001 1.35212
0.376952 0.15001 1.77952
0.602285 0.15001 1.9618
0.437802 0.171787 2.01185
1.81833 0.15001 -2.84999
0.693298 0.15001 0.315501
0.477181 0.385294 0.721063
0.522365 0.203479 0.736968
0.815172 0.28052 0.913211
0.648948 0.294235 1.02683
0.56858 0.15001 1.30241
0.398392 0.263222 1.30959
0.483356 0.379961 1.40357
1.08027 0.15001 2.84999
0.405394 0.15001 0.0695839
0.836948 0.15001 0.438977
0.632361 0.289778 0.218158
0.562088 0.367029 0.882821
2.19934 0.15001 -2.07035
0.918298 0.248447 1.26641
0.26528 0.348494 1.37845
0.309886 0.440044 1.53632
0.881999 0.15135 1.84833
0.915058 0.15001 2.83614
0.600817 0.15001 0.0398974
0.370014 0.15001 -1.27953
0.323961 0.416188 0.341343
1.74919 0.15001 -0.765733
0.314269 0.547864 1.17696
0.547339 0.285767 1.19733
1.34416 0.389887 1.56666
0.326544 0.408884 1.71165
1.49989 0.15001 2.14261
1.63057 0.476671 2.82397
-1.18764 0.15001 -2.29619
2.45852 0.15001 -0.696121
1.027 0.15001 -2.64706
1.21149 0.15001 2.16425
0.230441 0.53009 0.926905
2.37612 0.15001 1.17599
2.10184 0.15001 0.392842
0.661703 0.379777 1.48695
0.49341 0.415188 1.58442
0.639998 0.450085 1.72733
1.59277 0.15001 -1.2554
2.72936 0.225943 -0.873505
2.61652 0.265528 -2.41153
1.49064 0.15001 2.43349
1.74291 0.15001 -0.232077
2.17675 0.309794 0.659172
0.618222 0.4303 1.28507
0.468408 0.421527 1.8259
2.46098 0.308885 2.84898
2.33548 0.159172 2.84999
1.55654 0.15001 -2.69943
2.8487 0.312077 -0.0649529
0.680413 0.408809 0.55504
0.660166 0.460212 0.749374
-1.46385 0.297379 0.464878
0.720381 0.538721 1.54192
2.4863 0.187308 -1.60855
1.47155 0.15001 -1.04673
0.367196 0.609369 1.52792
0.478566 0.517905 2.00433
1.63904 0.15001 -2.84999
2.32924 0.15001 -1.74711
2.77678 0.307366 -1.83242
0.32434 0.563852 0.575944
2.84999 0.15001 -0.94912
0.989311 0.182588 0.564581
0.39159 0.569721 1.71255
2.80928 0.231035 2.53616
0.739347 0.15001 2.64119
0.937769 0.278052 2.69068
-0.0443521 0.15001 -2.54178
2.84993 0.407154 -1.68661
2.42609 0.15001 -1.88134
2.61901 0.21693 2.16434
0.367888 0.631099 0.862191
2.84034 0.15001 -0.711761
1.09415 0.441777 0.471892
1.01273 0.15001 2.154
-0.732605 0.15001 2.30078
1.42979 0.15001 2.84999
2.84999 0.15001 -2.84999
2.46457 0.15001 -2.67941
1.72033 0.15001 1.08482
1.5079 0.15001 1.62829
1.75549 0.15001 -0.407221
0.756638 0.15001 1.1805
1.13293 0.15001 1.9629
1.8082 0.15001 0.894794
1.19442 0.15001 1.17049
0.64503 0.15001 2.4379
1.91456 0.15001 -2.65899
1.59108 0.15001 -2.05285
2.69628 0.15001 -2.32792
2.84999 0.15001 -2.01037
2.07702 0.15001 -1.93758
0.101539 0.15001 2.30821
2.84999 0.15001 2.67976
0.761936 0.15001 1.64062
0.972856 0.15001 2.37609
1.25541 0.15001 2.84999
2.19482 0.15001 -2.84999
1.36709 0.15001 -2.65358
2.26221 0.15001 -1.34923
0.687689 0.285183 0.782015
1.61468 0.15001 1.26174
0.742861 0.15001 1.00276
0.670116 0.272075 1.34875
1.30507 0.15001 2.32158
2.55947 0.15001 1.56845
1.81777 0.273098 2.54273
1.02396 0.15001 -2.45927
2.13303 0.15001 -2.23199
1.85811 0.15001 -2.02629
2.71099 0.15001 -1.80951
2.66184 0.15001 -1.05372
2.75959 0.491534 2.84556
0.836224 0.235697 1.49691
0.80796 0.375439 1.60912
2.05903 0.15001 2.67501
0.664343 0.310342 2.11997
1.2091 0.15001 -2.645
1.18989 0.15001 -2.27909
2.35518 0.15001 -2.54591
2.82713 0.15001 0.247247
2.53715 0.15001 0.306423
0.742436 0.323363 1.18634
0.890805 0.208421 1.07694
0.636151 0.288 1.64919
1.59768 0.15001 2.84999
0.524875 0.336552 2.00569
0.989728 0.15001 -2.84999
2.73707 0.15001 -1.23003
0.639269 0.279676 0.420989
1.3251 0.15001 -1.66423
0.782198 0.246229 0.600748
2.66385 0.15001 2.5805
1.9389 0.15001 1.46934
0.715518 0.291531 1.93752
1.80692 0.15001 1.94389
2.16684 0.200342 2.79815
1.49682 0.15001 -2.38792
2.34457 0.15001 -2.19601
2.37176 0.15001 -2.0341
2.65627 0.15001 -2.68298
2.37071 0.15001 0.387517
0.546646 0.588535 1.60653
1.63671 0.15001 2.05908
2.12603 0.15001 0.83425
2.11604 0.378148 2.77499
0.880313 0.257403 2.00572
2.69081 0.15001 -2.50729
1.67078 0.15001 -1.52325
1.64801 0.248283 -0.0708712
2.01193 0.15001 -2.10789
0.525654 0.527174 0.610668
1.48723 0.421347 -2.75281
2.34666 0.15001 0.914776
1.22997 0.15001 2.46883
1.36158 0.241085 1.76908
2.84574 0.333537 2.83684
2.11672 0.308172 -2.51198
2.7206 0.291166 -2.74119
1.76014 0.15001 -2.38805
2.67967 0.15001 -2.14713
1.38935 0.15001 -2.21681
-0.89446 0.15001 2.52141
1.34361 0.345237 2.72388
2.81966 0.301391 1.46258
0.98413 0.157458 2.56533
1.1568 0.15001 2.61315
1.74609 0.15001 -1.77182
2.68063 0.32143 -0.540284
2.35713 0.15001 -0.976225
0.787624 0.395292 2.59636
2.84999 0.15001 -0.486254
2.45797 0.15001 -1.35299
1.93211 0.15001 1.74197
1.10247 0.377772 2.47253
0.357907 0.302008 2.40411
1.52693 0.15001 0.429859
2.84999 0.15001 -2.50618
0.499153 0.15001 -2.0022
2.82861 0.15001 -0.302333
1.988 0.15001 1.21458
1.75227 0.15001 -0.954064
2.546 0.15001 1.88871
1.54431 0.15001 1.87522
1.30506 0.15001 -0.61131
2.84999 0.15001 1.59135
2.66356 0.15001 1.42536
2.68984 0.15001 -2.84999
2.84999 0.15001 -1.35656
2.84999 0.15001 -2.17347
2.84999 0.15001 -1.68203
2.84999 0.15001 0.792678
2.84999 0.15001 1.00311
2.69496 0.15001 0.424517
0.929207 0.215887 1.6541
2.84964 0.15001 2.09302
2.4747 0.15001 2.51406
1.95227 0.15001 -2.26501
2.82373 0.15001 -1.51989
2.84999 0.15001 -2.33974
0.175043 0.156956 -0.546278
2.77176 0.15001 1.15683
0.749713 0.15001 -0.507485
2.08169 0.15001 2.34632
1.31858 0.15001 0.971021
2.67368 0.213091 0.945474
2.84999 0.15001 2.84504
1.56661 0.485175 -2.13604
2.06871 0.15001 -1.75852
1.20022 0.15001 -1.93612
2.097 0.15001 -0.958784
2.56575 0.15001 0.835363
2.70843 0.15001 -0.560433
2.64612 0.319079 2.84464
2.84999 0.15001 1.84623
0.710115 0.15001 -0.742518
1.19309 0.307645 2.83319
2.23877 0.15001 -2.6737
1.92748 0.15001 -1.62596
2.38311 0.15001 -0.471609
2.84999 0.15001 -1.85285
1.21363 0.15001 1.54292
2.00428 0.15001 2.49945
2.02788 0.15001 1.96744
1.73161 0.172097 2.35003
2.84999 0.15001 1.32205
2.71197 0.364573 -0.182878
2.06757 0.15001 -2.55172
1.56848 0.15001 -0.279778
2.19648 0.171175 1.48075
2.84999 0.15001 -1.11364
2.59472 0.15001 -1.97999
0.705692 0.33705 -2.07233
2.63539 0.15001 -0.335144
2.84999 0.169826 0.55548
2.68289 0.15001 2.84991
1.06011 0.197423 1.77895
1.2096 0.15001 -2.46355
2.5195 0.15001 -2.52176
2.84999 0.15001 -2.67517
0.89671 0.15001 0.107152
2.84999 0.15001 -0.126194
1.0555 0.32943 2.19019
0.814208 0.376923 1.36724
2.4723 0.32432 0.111475
2.00214 0.15001 -0.180356
2.82893 0.271997 0.387224
2.36105 0.15001 -2.81375
0.997043 0.15001 -0.390501
2.4785 0.15001 0.612315
2.49975 0.177926 -1.08377
2.47687 0.15001 2.05254
2.10292 0.15001 1.04806
2.84999 0.323402 0.647655
1.35812 0.15001 2.68078
1.76191 0.15001 1.42265
2.63326 0.15001 2.41576
2.35134 0.15001 -2.36422
2.07545 0.15001 -1.32404
1.5204 0.15001 -0.849494
2.51813 0.15001 -2.1971
1.34086 0.15001 2.02891
2.44265 0.15001 2.3362
2.84974 0.32338 2.07899
2.55342 0.297839 1.65253
0.331563 0.15001 2.20565
2.51376 0.15001 2.84981
2.04648 0.229552 1.57129
1.79583 0.15001 -2.20521
1.90598 0.15001 -0.825748
1.76056 0.611593 -2.57233
1.82936 0.189425 -0.0768073
2.19371 0.15001 -0.456297
2.25829 0.157418 -1.1009
1.03307 0.15001 1.1425
2.32609 0.15001 1.86597
1.68297 0.15001 2.5027
