1000 0.1
-2.70861 0.15001 -2.30878
-1.63915 0.15001 -1.49914
-2.84315 0.15001 -1.31359
-2.64708 0.15001 -2.04811
-2.60311 0.15001 -1.37685
-2.6977 0.15001 1.92595
-2.57737 0.15001 -0.0575434
-2.51781 0.15001 2.45431
-2.15976 0.15001 1.82195
-2.84999 0.15001 2.84999
-2.51813 0.15001 -1.65754
-1.3562 0.15001 -2.2344
0.633204 0.15001 1.77238
-2.62843 0.15001 1.07523
-2.84582 0.15001 0.762945
-2.51256 0.15001 0.74133
-1.52047 0.15001 0.112543
-2.68151 0.15001 2.68662
-2.84999 0.15001 1.68645
-1.20058 0.15001 2.6329
-1.45329 0.15001 -1.76728
-0.311364 0.15001 1.99004
-2.28034 0.15001 -0.905627
-1.8648 0.15001 -1.47486
-2.38605 0.15001 -1.33653
-1.77573 0.15001 -1.63822
-2.83987 0.15001 0.066663
-2.84999 0.15001 1.8643
1.28367 0.15001 1.6422
-2.76648 0.15001 2.52166
-2.29069 0.15001 -0.195469
-0.985316 0.15001 1.632
-2.11803 0.15001 -0.246073
-2.84999 0.15001 0.590407
-1.52653 0.15001 1.60105
-2.84999 0.15001 2.38191
0.277996 0.15001 0.454508
-1.2512 0.15001 1.1441
-2.66876 0.15001 1.65784
-1.85711 0.15001 2.47775
-2.84404 0.15001 -2.02029
-1.71503 0.15001 1.70046
-2.67457 0.15001 -1.53512
-1.8782 0.15001 0.350062
1.05459 0.305781 -0.131536
-2.84999 0.15001 2.21851
-2.0415 0.384603 -1.01839
0.443616 0.15001 0.541275
-2.84992 0.15001 0.238222
-2.23819 0.15001 2.5074
-0.88781 0.15001 -2.83863
-1.01612 0.15001 -2.17011
-0.333074 0.15001 1.63166
-1.07426 0.340628 -0.906438
-0.184572 0.15001 2.53707
-2.10734 0.15001 0.730207
-1.76649 0.15001 1.17938
-2.6551 0.15001 0.0964038
-2.18224 0.15001 1.4566
-2.66503 0.15001 2.34741
-2.53779 0.15001 -2.28017
-2.57084 0.15001 -0.930336
-1.21382 0.15001 -0.156233
-1.59401 0.15001 -1.00421
-2.03482 0.15001 -1.90371
-1.20054 0.15001 0.456248
0.696449 0.295266 0.717224
0.295476 0.15001 0.640704
-2.20762 0.15001 0.433584
0.153008 0.15001 1.17449
-0.670478 0.15001 -2.67226
-2.08031 0.15001 0.101727
-2.30347 0.15001 -0.720974
-1.84714 0.15001 2.66194
-1.37631 0.15001 0.394607
-0.843689 0.15001 1.93578
-2.4569 0.15001 -0.60184
-1.41508 0.15001 1.71539
-2.22408 0.15001 -0.386503
-2.39944 0.15001 2.56927
0.633633 0.185081 -0.681238
-1.38378 0.15001 0.656217
-2.84999 0.15001 -0.0985436
-0.945185 0.15001 -1.94532
-1.82762 0.15001 1.49247
-2.45807 0.15001 0.498303
-2.84999 0.15001 2.67471
-2.84999 0.15001 0.947573
-0.352248 0.15001 -0.694854
-2.41884 0.15001 2.84999
-2.83996 0.15001 -1.49783
-1.50301 0.15001 0.293791
-0.295998 0.15001 2.84999
1.05068 0.15001 1.92637
-1.12247 0.15001 -2.32633
-2.36528 0.15001 2.37077
-2.29751 0.15001 -1.48769
-1.68017 0.15001 -0.00766941
-0.554727 0.15001 1.02734
-1.5199 0.15001 1.97467
-1.75657 0.15001 -2.30986
-2.05975 0.15001 -1.13595
-2.53814 0.15001 -1.1836
-1.57434 0.15001 0.715027
-0.148933 0.15001 1.79522
0.186767 0.15001 2.23793
-2.56241 0.15001 1.81274
-1.10274 0.15001 1.49847
-1.7476 0.15001 1.3428
0.411491 0.15001 -0.590734
-1.55172 0.15001 -0.0987733
-1.48419 0.15001 -2.0909
-2.84999 0.15001 -0.559261
-2.38069 0.15001 -1.80708
-2.20481 0.15001 -2.25344
0.601537 0.15001 0.617149
-0.808619 0.15001 1.46561
0.780589 0.15001 0.418659
-2.66285 0.15001 2.11642
-1.21501 0.15001 1.66684
-1.20169 0.15001 -1.04503
-1.17125 0.15001 -2.66209
-1.28832 0.15001 -1.77061
-2.227 0.15001 -2.44991
1.18767 0.15001 -0.143536
-2.37914 0.15001 -2.03026
0.601168 0.15001 0.429701
-2.4135 0.15001 0.190944
-2.47978 0.15001 2.22916
1.69339 0.15001 1.67198
-1.08805 0.15001 -0.917442
-2.26773 0.15001 -2.63473
-1.66012 0.15001 1.02776
-1.43671 0.15001 -0.56579
-2.00567 0.15001 -0.713746
-2.35207 0.15001 1.34127
0.718369 0.15001 0.982202
-2.00048 0.15001 2.23259
-0.529008 0.15001 1.81064
-2.17608 0.15001 1.235
-2.83707 0.15001 -2.60507
-2.17881 0.15001 -2.01943
0.168293 0.15001 0.303292
-1.78625 0.15001 -0.795369
0.168764 0.15001 -0.132544
0.934764 0.15001 0.192725
0.577127 0.15001 0.247403
0.700511 0.273244 0.523745
-2.47755 0.15001 -0.198083
-2.12797 0.15001 2.35256
-2.44303 0.15001 -2.65411
-1.04532 0.15001 -2.48301
-2.84999 0.15001 -0.967829
-0.884804 0.15001 0.259443
-2.84678 0.15001 0.416369
0.441926 0.15001 0.372439
-2.17465 0.15001 -1.28403
-2.83012 0.15001 -0.339384
-2.50518 0.15001 1.20235
-2.00747 0.15001 1.01284
-0.470038 0.15001 -2.24395
-2.08862 0.15001 -2.59125
-1.18822 0.15001 -2.17785
-1.17497 0.15001 -1.49116
-1.73165 0.15001 -2.05565
-2.68118 0.15001 1.47672
0.85829 0.345321 0.157173
-2.10096 0.15001 0.286988
-1.32327 0.15001 1.95319
-1.51313 0.15001 2.48223
-0.150113 0.15001 1.12789
-2.63004 0.15001 -2.46034
-1.88573 0.15001 -2.8445
2.63893 0.387938 -1.37284
-1.56216 0.15001 -1.15725
0.512515 0.313747 0.52307
-2.10151 0.15001 -0.864357
-2.42379 0.15001 -1.01747
-1.63602 0.15001 2.84999
-2.01953 0.15001 2.6793
0.844941 0.15001 -0.898097
-2.84999 0.15001 -2.2066
-1.89542 0.15001 -2.20747
-1.0763 0.15001 0.230955
-1.06238 0.15001 1.76718
-2.00982 0.15001 -0.127161
-2.15391 0.15001 1.64809
-1.46849 0.15001 2.84999
-2.23761 0.403958 0.966466
-2.62583 0.15001 2.84999
-2.33146 0.15001 -1.65261
-2.20106 0.15001 -1.82424
-0.569187 0.15001 0.0708114
-1.61993 0.15001 -0.825796
-1.92518 0.15001 0.846931
-0.691216 0.15001 1.27456
-2.49901 0.15001 -0.431557
0.185031 0.15001 1.54032
0.0887104 0.15001 2.03843
-2.19413 0.15001 -0.0691948
-2.84999 0.15001 -1.8346
-1.43341 0.15001 -2.84707
-0.0917581 0.15001 -0.075479
-0.724942 0.15001 -0.550609
-1.73241 0.15001 0.622373
0.940387 0.15001 -0.00926684
0.767378 0.15001 0.660129
-2.15604 0.15001 -1.6324
-2.81879 0.15001 1.12624
-0.66993 0.15001 2.40508
-0.612108 0.15001 -1.91376
-2.03207 0.15001 -2.31605
-0.586285 0.15001 -0.782138
-2.4204 0.15001 -2.42579
-2.74358 0.15001 -1.69295
-2.00613 0.15001 -1.33503
-1.75138 0.15001 0.818802
-0.870087 0.15001 2.84999
0.457236 0.15001 0.736498
-1.68465 0.15001 2.52079
-0.623943 0.15001 -1.37228
-2.84687 0.15001 -2.41709
1.5008 0.15001 -0.516653
1.07989 0.15001 -0.434519
1.56091 0.15001 -0.141091
0.684198 0.287087 0.0627125
-0.675324 0.15001 0.907844
1.09278 0.292802 0.450927
0.852802 0.15001 1.10551
-0.703466 0.15001 2.13701
-0.967018 0.15001 -0.745713
0.701048 0.15001 -0.42358
-2.38328 0.15001 -2.20601
-1.39401 0.15001 -0.0463223
-1.88662 0.15001 -1.21711
-2.66691 0.15001 0.915806
0.965735 0.15001 0.38014
0.817152 0.15001 0.82463
0.633628 0.15001 0.802902
1.0417 0.15001 1.11071
-1.64087 0.15001 -0.585055
-2.63524 0.15001 -2.64767
-0.0107998 0.15001 0.305949
-2.67873 0.15001 -1.06549
1.26497 0.323292 -0.417123
-1.71699 0.15001 -0.391632
0.851755 0.27941 0.323732
1.14252 0.42696 0.308018
0.979007 0.418288 0.58741
0.962818 0.15001 0.71262
0.494526 0.15001 0.922101
-2.26246 0.15001 0.271083
-0.25026 0.15001 0.566433
-2.11732 0.15001 -1.46243
1.15387 0.228743 -0.296686
-2.25502 0.15001 -0.558019
-2.48356 0.15001 -1.47935
0.829575 0.29338 0.943243
-1.59375 0.15001 1.81603
0.946135 0.291484 1.18659
-2.6176 0.15001 -2.82323
1.12423 0.15001 2.84999
-2.02917 0.15001 2.49425
-1.16234 0.15001 -1.27553
1.25756 0.340103 -0.193241
0.75624 0.15001 0.232361
1.31176 0.445844 0.219994
-2.66163 0.15001 -0.263519
-2.84999 0.15001 1.31243
2.09222 0.15001 1.97138
-1.69638 0.15001 -2.84999
-2.02296 0.15001 0.465259
1.08516 0.366045 -0.394741
0.794662 0.279157 -0.124905
-0.373147 0.15001 -2.46145
1.18769 0.314644 0.160732
0.91384 0.37092 -0.0231168
1.12336 0.492582 0.484903
0.802964 0.415554 0.472235
0.994507 0.385513 1.02537
-1.80053 0.15001 -0.608266
-2.84999 0.15001 -1.12999
-0.10757 0.15001 0.457582
0.460111 0.15001 1.35983
0.964824 0.289153 -0.50568
-1.44618 0.15001 1.19002
-2.51289 0.15001 2.70645
-2.02176 0.15001 1.39685
-2.19535 0.15001 2.84999
0.123289 0.15001 1.74527
-1.89871 0.15001 0.63652
-1.60723 0.15001 -2.21756
-0.853588 0.15001 1.30373
-2.18404 0.15001 0.965761
1.66257 0.15001 -1.34239
0.724097 0.296794 -0.312728
-1.66208 0.15001 0.298994
-2.58221 0.15001 0.346363
-1.57896 0.15001 1.41695
-1.80157 0.15001 1.84282
-1.77953 0.15001 -2.50879
-0.821342 0.15001 0.737154
-0.498185 0.15001 -0.210408
1.10212 0.15001 0.00317502
-2.35747 0.15001 -1.17053
0.457439 0.15001 1.61075
1.18285 0.15001 0.491356
1.32457 0.15001 0.792635
0.949119 0.15001 0.949056
-1.18159 0.15001 2.28398
-2.08461 0.15001 -2.8337
-0.533686 0.15001 -2.55081
-1.00203 0.15001 -2.68955
-1.52671 0.15001 -2.56445
1.31358 0.15001 -0.260459
0.905645 0.264127 0.510368
1.02911 0.15001 0.550593
1.37989 0.308123 0.849689
-1.95844 0.15001 1.88933
1.08435 0.15001 1.28731
-0.648552 0.15001 -2.21916
0.141589 0.15001 -2.11752
1.03899 0.15001 -2.5217
0.791067 0.15001 0.0611662
2.08864 0.15001 -0.276513
0.844945 0.15001 -0.222374
1.1437 0.15001 0.334048
1.34175 0.15001 0.414078
1.08357 0.278471 0.659255
1.37536 0.15001 1.26532
-2.44478 0.15001 -2.8411
-1.75096 0.15001 -0.965782
-1.35328 0.15001 -1.42873
1.59896 0.279639 -0.281687
1.01738 0.27856 0.0940778
1.1227 0.15001 0.169877
1.35503 0.285459 0.672593
1.27851 0.427057 0.743141
1.25912 0.15001 0.633794
1.21999 0.287895 1.26969
-0.703152 0.15001 -2.84999
-1.03993 0.15001 -1.13284
1.54544 0.31792 -0.54883
0.539782 0.15001 -0.0653599
1.36638 0.288764 0.141318
0.968138 0.410497 0.381925
1.03811 0.277298 0.274269
1.58517 0.248385 0.899583
1.0146 0.288579 0.860882
-1.80833 0.15001 2.83435
-1.49265 0.15001 -2.3867
-0.372121 0.15001 0.423328
-1.37892 0.15001 -2.65222
0.880206 0.15001 -0.441705
1.44153 0.309295 -0.382972
-2.68136 0.15001 -0.704835
1.22881 0.349974 0.557742
-2.2381 0.15001 2.03967
-2.51999 0.15001 2.02965
1.14867 0.294509 1.08214
-0.707382 0.15001 0.241427
-1.18948 0.15001 -0.636037
-0.594938 0.15001 -2.38842
1.01614 0.15001 -0.606513
0.616397 0.15001 -0.243478
1.33612 0.494193 -0.112079
2.65326 0.15001 -1.2139
-2.47807 0.15001 0.951714
-1.35196 0.15001 2.72504
-1.36429 0.15001 2.54886
-0.33641 0.15001 -2.84999
-1.91468 0.15001 -2.6576
-1.88371 0.15001 -1.9834
-2.00548 0.15001 -1.71375
-1.20965 0.15001 0.788759
-2.53314 0.15001 1.38145
1.29719 0.537153 0.589051
0.883491 0.310643 0.720357
-1.57836 0.15001 2.14939
-0.335039 0.15001 1.79903
-1.45217 0.15001 -0.753702
-1.26264 0.15001 -2.44743
-0.962244 0.15001 -2.33853
-0.53841 0.15001 1.35222
-2.84999 0.15001 2.0506
-1.04529 0.15001 2.38306
-2.8471 0.15001 1.50114
1.31842 0.44554 0.416313
-2.21678 0.15001 -1.07213
-1.31016 0.15001 1.46145
-0.9387 0.15001 -1.70149
-1.95538 0.15001 -2.46992
-1.53399 0.15001 0.91361
-1.34551 0.15001 -0.410688
-1.04092 0.15001 0.758052
-1.61185 0.15001 1.22459
0.516451 0.15001 2.03534
-2.3077 0.15001 0.585176
-0.659591 0.15001 1.70232
-2 0.15001 2.84999
-0.324912 0.15001 0.712348
0.199313 0.15001 0.806744
0.362855 0.15001 -0.419958
1.01106 0.15001 -0.171841
1.43555 0.15001 -0.029929
0.282964 0.15001 1.87452
1.4745 0.15001 0.302561
1.63794 0.15001 2.23837
-2.31034 0.15001 0.84436
1.44592 0.15001 0.920651
-0.561894 0.15001 0.728237
-0.24968 0.15001 -2.09687
1.33106 0.15001 -0.638221
0.228054 0.15001 1.01681
1.6692 0.15001 -0.435217
1.30116 0.15001 0.237627
1.60628 0.222396 0.218573
1.42927 0.15001 0.586356
1.23665 0.15001 1.14487
-1.1586 0.15001 1.91028
1.59128 0.15001 -1.18284
1.09564 0.15001 -0.972476
1.64909 0.15001 -0.826804
0.474999 0.15001 0.103527
0.0128834 0.15001 0.583406
2.42105 0.15001 -0.463252
1.70757 0.15001 -0.0440364
1.55042 0.278767 0.584693
-1.50349 0.15001 2.31207
1.61002 0.15001 1.04114
-0.81518 0.15001 -1.38069
-1.30652 0.15001 -0.880317
-1.53262 0.15001 -0.345566
1.48711 0.15001 -0.325884
1.20407 0.287701 -0.023506
1.25824 0.289652 0.340074
1.53638 0.290323 0.0410335
1.19376 0.263186 0.815303
1.1392 0.15001 0.952965
1.43886 0.157886 1.09941
-0.02344 0.477198 1.30455
-1.60638 0.15001 -2.7136
1.8961 0.294802 -0.456628
0.923734 0.302716 -0.300436
1.35611 0.319597 -0.590466
1.27637 0.15001 0.0620983
1.4389 0.320666 0.303606
1.40094 0.293254 0.480028
1.72805 0.301508 0.529423
-1.00978 0.15001 1.96418
-0.444576 0.15001 -2.68703
-0.255417 0.15001 0.0680931
0.612843 0.299401 -0.127574
2.54958 0.15001 1.78637
1.68223 0.425929 0.0240154
1.37593 0.327472 -0.0347549
1.4398 0.423367 0.59601
1.52343 0.330375 0.75072
-2.40359 0.15001 1.711
1.45234 0.330594 1.01108
-0.122184 0.15001 -2.43935
-0.142571 0.15001 -2.84999
1.51288 0.419132 -0.182772
-1.13299 0.15001 0.995007
1.18229 0.22958 -0.563026
0.667143 0.305687 0.273535
1.09755 0.428637 0.0170243
1.22923 0.39255 0.943668
1.75152 0.432571 1.02322
1.38264 0.325767 1.1848
-0.30444 0.15001 0.985222
1.17045 0.15001 -0.730249
0.267761 0.15001 0.161268
-0.839449 0.15001 1.74885
0.0472547 0.15001 -2.52671
-1.82633 0.15001 1.027
1.60925 0.437776 0.506027
1.74693 0.508574 0.813361
1.38089 0.513408 0.8706
1.34008 0.484105 1.06666
-0.792039 0.15001 -1.86212
0.53252 0.15001 -0.839456
-0.821661 0.15001 -2.55565
-1.8509 0.15001 -0.050736
2.03522 0.439001 -0.0863342
1.49948 0.472475 -0.00589961
1.70824 0.15001 -1.6508
1.09529 0.42948 0.766474
-0.989308 0.15001 1.10805
-1.82541 0.15001 2.11599
-0.10013 0.15001 -0.266943
-0.85236 0.15001 0.0845707
-1.56516 0.15001 -1.93985
-1.12483 0.15001 -1.69152
-1.32677 0.15001 0.922475
-1.56955 0.15001 -1.65468
-0.226811 0.15001 2.18293
-0.85348 0.15001 2.25761
-1.04312 0.15001 2.84999
-1.69637 0.15001 2.32379
1.69341 0.15001 -2.38114
-2.79503 0.15001 -2.76666
2.11001 0.15001 -1.73608
0.97437 0.15001 -1.95736
1.06749 0.15001 -1.51178
2.29239 0.15001 -0.348443
1.47181 0.15001 0.131325
1.81202 0.15001 0.499479
1.51435 0.15001 0.744321
1.56733 0.15001 1.23449
-1.56314 0.15001 0.525667
-1.15864 0.15001 -0.44838
1.81583 0.15001 -0.921949
-2.2551 0.15001 2.22824
1.87048 0.15001 -1.51195
1.93589 0.15001 0.120312
1.67113 0.15001 0.592078
0.440609 0.15001 -1.51208
1.46459 0.15001 1.42508
-1.216 0.15001 2.84999
-0.832653 0.15001 -2.18796
1.49749 0.15001 -0.703427
1.66138 0.15001 -0.631915
1.27788 0.15001 -0.441139
1.42761 0.15001 -1.37014
1.76651 0.15001 0.191666
1.54805 0.15001 0.46194
1.69451 0.15001 0.803438
1.74091 0.15001 1.18153
1.65381 0.15001 1.40935
-0.17294 0.15001 -2.26161
-0.345262 0.15001 -0.902796
0.992746 0.15001 -0.786592
-0.101771 0.15001 0.128008
1.70716 0.15001 -0.240752
1.87909 0.28562 0.0286964
1.59029 0.295447 0.396117
1.65843 0.29808 1.12267
1.30052 0.215255 0.988714
1.78964 0.15001 1.00015
-1.82789 0.15001 -1.81018
-1.32513 0.15001 -1.9732
1.83862 0.15001 -0.554369
1.42832 0.261225 -0.194226
1.74937 0.267317 0.327572
1.70352 0.253325 0.0745413
1.89963 0.290273 0.441687
1.64832 0.415721 0.276813
2.06083 0.308634 1.09426
1.8383 0.15001 1.33527
-0.977598 0.15001 -0.0631187
-0.820925 0.15001 0.417171
-1.06457 0.15001 -0.285854
1.46508 0.15001 -0.875851
1.66873 0.295361 -0.112054
1.89849 0.480589 0.0550017
1.49914 0.430887 0.171575
0.00491883 0.15001 1.56525
1.49093 0.492086 0.3618
1.50144 0.284485 1.34591
-1.0138 0.15001 -0.585137
2.28738 0.15001 2.20182
-1.66946 0.15001 -1.27897
-0.0884047 0.286677 1.58505
1.9776 0.15001 -1.63717
1.01484 0.15001 2.71051
1.78739 0.429992 0.411919
1.59533 0.424315 0.904772
1.90278 0.31104 0.994076
-0.727088 0.15001 2.6006
0.424188 0.15001 -2.212
-2.81602 0.386765 -0.832291
1.63325 0.302692 -0.724391
1.3623 0.15001 -1.60931
-0.315028 0.15001 1.1556
-2.84987 0.15001 -0.788898
-0.0714794 0.301731 -2.49537
2.51306 0.15001 -0.780247
1.57316 0.494028 0.69987
1.5562 0.599121 0.864356
1.08357 0.15001 -2.84999
0.718341 0.15001 -1.30749
2.67064 0.15001 -1.72562
-0.356938 0.15001 0.238393
0.318349 0.15001 -1.64192
2.34045 0.15001 1.74667
-2.51854 0.15001 1.60229
1.98651 0.514105 0.720408
1.556 0.449593 1.10882
-0.985058 0.15001 2.14847
0.0671807 0.15001 -1.89147
0.575819 0.15001 -1.87185
-0.276814 0.15001 -0.0985518
0.0484383 0.15001 0.987612
2.47405 0.329983 -2.36873
-1.8738 0.15001 -0.458041
1.15765 0.494057 2.00691
-2.30124 0.15001 1.57288
-1.93758 0.15001 1.23605
-0.947975 0.15001 2.52456
0.0502074 0.15001 -0.34517
-0.695994 0.15001 -1.02675
-0.697543 0.15001 0.588012
-0.240237 0.15001 -0.365724
0.803914 0.15001 -2.6759
2.12418 0.15001 0.108528
2.04673 0.15001 0.273617
2.30852 0.15001 0.642411
1.9562 0.15001 2.29905
0.260715 0.15001 2.48073
0.218944 0.15001 -2.2581
2.14667 0.15001 -2.53187
1.08669 0.15001 -1.32905
0.376357 0.15001 -2.47126
-0.842186 0.15001 -1.21311
0.469417 0.15001 -1.23391
2.45543 0.15001 0.48967
-0.230802 0.15001 2.70635
-0.567371 0.15001 2.56333
-0.649936 0.15001 1.9321
2.22893 0.15001 -2.84999
2.1301 0.15001 -0.883177
1.81733 0.309659 -0.637207
1.7108 0.319323 -0.445715
1.83917 0.15001 -0.368893
2.07741 0.15001 -0.100365
1.93439 0.286441 0.236963
2.00276 0.15001 0.451831
1.88145 0.15001 0.833302
2.02676 0.237516 1.29185
0.633095 0.15001 -2.27029
2.37085 0.15001 -1.54247
0.78795 0.15001 -1.76597
2.32162 0.316202 -0.242257
2.0417 0.311042 -0.343038
2.14631 0.302712 -0.17599
1.87301 0.15001 0.33061
2.00114 0.260921 0.74127
2.18737 0.247163 0.955356
1.97702 0.15001 0.992957
-1.02823 0.15001 -1.54424
1.4509 0.15001 -2.84999
1.9122 0.15001 -2.51114
2.84999 0.15001 0.171035
2.35415 0.15001 -2.73865
1.8049 0.29022 -0.267476
2.15683 0.287227 0.210889
1.80895 0.221591 0.682822
2.49619 0.15001 0.900063
1.71944 0.289266 1.30443
-0.602028 0.15001 -1.20042
1.90421 0.287936 -0.817377
1.695 0.435022 -0.225946
1.57876 0.436608 -0.380839
1.8282 0.399954 -0.10231
1.99452 0.419416 0.351197
1.87356 0.374732 0.776772
1.75679 0.294647 0.889064
2.16569 0.44294 1.00768
-0.865319 0.15001 2.68725
-1.01473 0.15001 0.411598
-0.548685 0.15001 -1.55378
0.194129 0.15001 -2.42237
-0.448792 0.15001 -1.31161
2.44717 0.296953 0.0589726
2.04039 0.417918 0.157203
-1.30369 0.15001 1.29432
1.69622 0.355222 0.708694
-1.08483 0.15001 1.28623
1.91513 0.18367 1.15865
0.210841 0.15001 -1.77865
-2.26219 0.15001 -2.83244
-0.412014 0.15001 0.0436022
-0.510168 0.15001 -0.379015
2.69998 0.15001 -1.9973
0.88175 0.15001 1.92978
1.78502 0.15001 2.33152
1.77191 0.488261 0.595928
-1.03428 0.15001 2.67778
1.92934 0.4892 0.922038
-1.72419 0.15001 -0.192467
1.40478 0.15001 -2.68175
0.182325 0.15001 -2.84999
1.21707 0.15001 -1.94158
1.61467 0.15001 2.4158
1.3031 0.15001 2.0717
2.78358 0.15001 -2.47167
2.13292 0.406417 0.671548
0.824482 0.15001 1.74352
0.647777 0.15001 2.84948
-0.250549 0.15001 -2.58506
-0.0291404 0.15001 -0.61522
-0.085124 0.15001 -0.981079
0.92338 0.15001 -1.04974
0.834416 0.15001 -2.50501
-0.501332 0.15001 1.60351
-0.161845 0.15001 0.847517
0.342549 0.15001 2.08452
1.67227 0.321927 -1.89688
0.469688 0.15001 2.84977
2.68405 0.15001 -2.84999
0.792911 0.15001 -0.740822
2.84995 0.15001 -0.50598
2.17573 0.15001 -2.69526
2.52402 0.15001 -1.63137
2.84999 0.15001 2.6457
0.649477 0.15001 -1.06342
2.18569 0.15001 0.508876
2.12946 0.15001 1.09585
-0.664937 0.15001 2.84999
1.2767 0.15001 -2.85
1.70426 0.15001 -2.55069
2.21555 0.301801 -0.415598
2.37673 0.15001 -0.00673655
1.99224 0.15001 -1.12507
1.20587 0.15001 -2.6764
2.62839 0.15001 2.53396
2.08568 0.15001 0.852323
2.33222 0.15001 1.00623
-1.95341 0.15001 1.67933
-0.126121 0.15001 -1.95011
0.289414 0.15001 -2.01588
1.81794 0.15001 -0.735014
-0.21464 0.15001 -1.5165
2.60045 0.15001 -0.388724
2.52187 0.289548 0.416162
2.31247 0.15001 0.16662
2.22987 0.15001 0.335369
2.12138 0.15001 0.679281
2.18401 0.15001 1.2745
-1.11776 0.15001 -2.83554
-0.74974 0.15001 -0.741223
2.31267 0.15001 -0.60937
2.30998 0.15001 -0.164848
2.24886 0.262948 0.0362373
2.74384 0.15001 -1.56023
1.95008 0.15001 0.619684
2.06079 0.277924 0.562162
0.789511 0.15001 2.46256
1.07705 0.15001 2.38802
-0.41254 0.15001 -1.73492
0.0404631 0.15001 -2.27114
-0.0459473 0.15001 -2.67698
-1.14329 0.15001 0.0700224
1.79052 0.372384 0.171564
1.37551 0.15001 1.7764
2.74947 0.15001 0.613952
2.21641 0.267062 0.766792
1.67656 0.15001 2.02132
-0.026884 0.15001 2.54523
2.08793 0.300378 -0.76553
2.15217 0.15001 -0.50942
1.24676 0.15001 -1.4262
-0.638545 0.15001 0.411366
1.95849 0.273679 -0.155973
2.51817 0.171513 -2.26457
2.46925 0.308448 0.241848
2.30105 0.30774 0.34634
2.25125 0.29872 0.565117
2.67675 0.15001 0.791444
0.618873 0.15001 -2.64081
0.219179 0.15001 -0.653808
1.28522 0.15001 -0.880223
1.90123 0.15001 1.52995
1.45358 0.15001 -2.29592
1.85756 0.524294 0.265805
2.37775 0.407284 0.476467
2.05944 0.356374 0.87814
2.27331 0.414976 0.849892
2.24847 0.272331 1.15641
1.82239 0.15001 -2.84999
1.47363 0.15001 -1.73423
2.5033 0.15001 0.163956
1.91568 0.432641 -0.279363
-2.68976 0.15001 -0.465371
-2.29859 0.15001 2.70722
2.84915 0.15001 1.63517
-0.0274424 0.15001 -1.69656
1.93671 0.40709 0.574199
0.42072 0.15001 2.29965
-0.433218 0.15001 -1.8985
-0.536498 0.15001 -0.547947
0.897384 0.15001 -2.83194
-1.91327 0.15001 -1.02447
1.5581 0.15001 -1.48702
1.19941 0.15001 -2.42363
1.21286 0.15001 1.40974
0.400516 0.15001 1.08027
2.51708 0.308571 1.0144
1.92937 0.412891 1.16809
-1.31894 0.253259 -2.12802
-0.372624 0.15001 -1.46976
-1.23204 0.30099 -0.660312
2.22279 0.431356 -0.0273244
0.779528 0.15001 -1.15651
1.14352 0.15001 -2.17115
2.75698 0.15001 -0.352156
2.84938 0.15001 2.82909
2.44944 0.15001 -1.19013
0.707897 0.15001 2.623
0.766708 0.15001 -1.95364
-0.475483 0.15001 -1.05425
2.64306 0.15001 -0.980567
0.172064 0.15001 -0.833453
1.70557 0.15001 -1.81096
2.16509 0.15001 -1.90082
2.84999 0.15001 0.47912
2.27915 0.15001 -1.27529
0.00111473 0.15001 0.758217
1.2873 0.15001 2.84999
-1.32623 0.15001 -1.60268
2.67944 0.15001 -2.66955
1.79661 0.15001 -2.05213
0.533325 0.15001 -0.410896
0.312612 0.15001 -1.13844
2.37336 0.15001 2.06784
1.12512 0.15001 2.55193
2.6285 0.280147 0.62009
1.66865 0.15001 2.76183
-0.481654 0.15001 2.84999
-0.872766 0.15001 -0.266289
1.97158 0.15001 -2.71662
0.086172 0.15001 -1.02893
2.56729 0.15001 -1.86018
0.174272 0.15001 -1.51778
-0.246751 0.15001 -1.3432
2.10743 0.275352 0.384064
-0.443029 0.15001 2.0918
2.68981 0.15001 0.976113
2.53687 0.15001 2.67086
-0.515574 0.15001 -2.84223
2.64676 0.15001 2.29149
2.84999 0.15001 -2.63778
0.361263 0.15001 -2.84999
2.61098 0.15001 -0.178954
2.41977 0.15001 0.319448
2.71307 0.15001 0.296599
2.44031 0.281856 0.607933
0.808447 0.15001 1.55337
2.38283 0.15001 1.19357
-0.0450641 0.15001 -1.23213
2.84999 0.15001 -2.298
2.14284 0.15001 -0.692914
0.402977 0.15001 -1.8955
2.45468 0.15001 -0.27943
2.06251 0.285743 0.0168397
2.55647 0.15001 -0.00789125
2.4243 0.29275 0.800401
0.128022 0.15001 2.66331
1.21437 0.15001 2.69052
1.81351 0.171511 -2.67429
0.714288 0.15001 -2.84999
2.0546 0.294269 -0.556332
0.970139 0.15001 -2.13186
2.35585 0.15001 1.42347
1.27222 0.15001 -1.24129
2.84999 0.15001 2.01098
2.54124 0.15001 1.09248
-0.0304024 0.262564 -2.01778
-0.491815 0.15001 2.38971
-0.184142 0.15001 -1.75829
-1.83774 0.15001 0.187357
1.88269 0.15001 -2.27368
0.149369 0.15001 -2.66684
2.46965 0.15001 -0.946805
-1.46735 0.15001 -1.30081
-1.32915 0.15001 2.35993
2.3331 0.419806 0.671191
0.623741 0.15001 1.19305
2.33661 0.338672 1.00863
0.329593 0.15001 -0.0114155
1.57427 0.680815 0.704036
1.41091 0.320913 -2.82688
0.591382 0.15001 -1.58852
2.14404 0.15001 -1.46872
-0.362533 0.15001 -0.49355
2.15094 0.427505 0.472935
1.50558 0.15001 1.92544
0.743406 0.15001 2.19654
-2.40646 0.15001 1.9031
0.538156 0.15001 -2.82949
-0.152466 0.15001 -0.762011
-2.46242 0.171995 -0.801133
-2.64529 0.15001 0.551069
-0.899459 0.15001 -1.03474
1.43171 0.15001 -1.90991
1.31421 0.15001 2.43104
1.32025 0.15001 -2.19003
0.915032 0.15001 1.26198
0.946694 0.15001 2.54642
-0.0582663 0.477588 -1.74738
0.401106 0.15001 -2.69151
2.84999 0.15001 -1.30043
0.525136 0.15001 -2.05138
0.0613211 0.15001 0.0881813
1.05333 0.15001 2.15568
2.72306 0.15001 -0.813557
1.9759 0.15001 2.84999
-1.38386 0.15001 2.17527
1.47048 0.15001 -1.05136
2.84999 0.15001 -1.72669
1.64482 0.15001 -2.84117
2.29062 0.15001 -0.96441
0.315912 0.15001 -1.37184
1.90675 0.15001 -1.9209
1.79148 0.15001 2.58118
1.87202 0.15001 -1.76467
1.37639 0.15001 -2.47861
2.66897 0.15001 1.93213
2.53311 0.15001 2.84999
2.84999 0.15001 -2.84999
2.84999 0.15001 -1.13165
0.795069 0.15001 -2.13403
2.82138 0.15001 -0.00042953
2.84999 0.15001 0.766364
2.6915 0.15001 0.454334
2.11047 0.15001 2.16172
2.84243 0.15001 -0.177975
2.35856 0.15001 2.84646
1.03857 0.15001 1.66715
2.84999 0.15001 -1.90062
-0.854077 0.15001 -0.873994
0.152404 0.15001 -1.31485
0.959557 0.15001 -1.69685
-2.07642 0.15001 2.06493
2.68278 0.15001 0.121095
2.18674 0.15001 1.84489
2.7668 0.340711 -1.77349
-1.19101 0.15001 2.112
1.87942 0.15001 1.98477
2.84998 0.15001 -0.958627
-0.117073 0.353877 -0.402865
2.54724 0.15001 -2.10924
2.53812 0.15001 -1.44329
2.33794 0.15001 -0.789407
2.50463 0.15001 2.18283
1.44171 0.15001 2.20079
2.59067 0.15001 1.63203
2.51699 0.15001 0.707067
1.51393 0.15001 2.66528
-0.8705 0.15001 -0.482889
0.648412 0.15001 2.34362
0.862232 0.15001 -1.43904
2.84999 0.15001 1.13955
2.46652 0.263751 -0.128334
2.23579 0.15001 -2.09459
-0.0490649 0.15001 2.77145
-0.428874 0.15001 2.67654
-0.507728 0.15001 -2.0662
0.058759 0.15001 2.35871
-0.215313 0.15001 -0.593462
2.37194 0.15001 -1.99049
0.931789 0.15001 -1.25015
0.646891 0.15001 1.48044
2.70001 0.15001 -1.38261
2.65528 0.15001 -0.644492
1.60007 0.15001 -2.20564
0.476939 0.15001 2.52768
0.319268 0.15001 2.65528
0.886092 0.15001 2.32993
-0.650634 0.15001 -1.73862
2.76751 0.15001 -2.15384
2.18453 0.15001 2.84755
1.14221 0.15001 -1.66215
0.845938 0.15001 2.72795
2.74501 0.15001 1.29863
2.84824 0.15001 2.26444
-0.0161833 0.15001 2.17704
2.15402 0.15001 1.62161
0.240886 0.15001 2.8148
2.49599 0.15001 -2.64521
2.26409 0.15001 -2.28012
-0.125801 0.15001 1.95854
2.66601 0.297175 0.0110331
-0.302081 0.15001 2.36564
2.35027 0.15001 -2.48733
1.55269 0.15001 -2.47977
2.36436 0.15001 -1.80254
2.67769 0.15001 -2.33869
1.46196 0.15001 2.83804
0.384573 0.15001 -0.216833
2.07363 0.311481 2.84084
-0.44088 0.15001 0.877255
-0.99586 0.15001 -1.35703
2.0565 0.15001 -2.04083
1.86061 0.15001 -1.34136
2.84745 0.15001 -0.677913
2.04977 0.15001 -1.33289
1.8552 0.15001 2.72475
1.95001 0.15001 2.52229
2.10782 0.15001 -2.318
0.847387 0.15001 -2.33285
-0.251044 0.15001 -1.10093
0.182604 0.15001 -0.465793
2.15083 0.15001 2.66471
2.31014 0.380801 0.173035
0.394977 0.308405 -2.50475
2.19229 0.15001 2.48919
-0.380739 0.15001 1.42193
2.72058 0.15001 2.09767
