1000 0.1
-2.84067 0.15001 -2.48972
-2.0339 0.15001 -1.89444
-2.39194 0.15001 -1.63612
-2.65865 0.15001 -2.49841
-2.4652 0.15001 -1.44166
-1.82362 0.15001 1.51971
-1.63975 0.15001 -0.435472
-2.63831 0.15001 2.74294
-2.54475 0.15001 2.49951
-2.49762 0.15001 2.83172
-2.84999 0.15001 -2.30993
-1.51013 0.15001 -2.52713
-2.69869 0.317777 -0.0642161
-2.68926 0.15001 -0.0178168
-2.84999 0.15001 0.204445
-2.55003 0.15001 0.28814
-1.46474 0.15001 -0.832468
-2.83608 0.15001 2.8051
-2.84403 0.15001 0.721155
-1.87543 0.15001 2.84875
-1.80351 0.15001 -1.92633
-0.810634 0.18613 2.35662
-2.65913 0.15001 -0.986344
-1.8873 0.15001 -1.61575
-2.37357 0.15001 -1.28412
-2.44059 0.15001 -2.10195
-2.84999 0.15001 -0.42768
-2.53701 0.15001 1.24562
-0.188517 0.15001 0.480951
-2.64271 0.15001 2.22186
-1.21889 0.15001 -1.85879
-0.718601 0.15001 0.0939544
-1.67269 0.15001 -1.14602
-2.75046 0.15001 -0.281794
-2.15601 0.15001 0.261542
-2.3406 0.15001 2.41769
-0.0228583 0.15001 0.301199
-1.1052 0.15001 -0.898447
-2.48825 0.15001 0.890411
-0.540956 0.15001 1.01136
-2.84999 0.15001 -1.86377
-1.72465 0.15001 1.32483
-2.22425 0.15001 -1.63627
-1.37454 0.15001 -0.998835
0.730309 0.290998 -0.234938
-2.84995 0.15001 1.43632
-1.77089 0.877544 2.26897
0.170359 0.15001 0.395934
-2.3261 0.15001 -0.195118
-1.13428 0.15001 1.11083
-1.1714 0.15001 -2.84809
-1.18336 0.15001 -2.56419
-1.64437 0.15001 0.20428
0.774902 0.363957 -2.78962
-0.799614 0.15001 1.04425
-2.33492 0.15001 0.143963
-1.88488 0.15001 0.219077
-2.19759 0.15001 -0.357271
-2.64299 0.15001 0.735449
-2.84999 0.15001 1.78068
-2.72858 0.15001 -2.16579
-2.83939 0.15001 -1.28339
-0.943437 0.15001 -0.596978
-1.66751 0.15001 -1.32075
-2.36162 0.15001 -1.81437
-2.00932 0.15001 -0.827343
0.395244 0.295785 0.587041
0.00446599 0.174629 0.469816
-0.847135 0.15001 0.665604
-0.560387 0.15001 0.798579
-0.628076 0.15001 -2.83538
-1.99137 0.15001 -0.479432
-2.8464 0.15001 -0.933255
-2.2926 0.15001 2.6738
-1.53023 0.15001 -1.06225
-0.831922 0.15001 -0.081512
-2.65027 0.15001 -0.673963
-0.737755 0.15001 0.509673
-2.3797 0.15001 -0.440039
-1.62588 0.15001 1.70102
0.387469 0.311509 -2.82429
-1.72256 0.15001 -0.274026
-2.83489 0.15001 -0.62407
-1.63517 0.15001 -1.93604
-1.41897 0.15001 -0.533692
-1.158 0.15001 -0.259161
-2.82439 0.15001 2.4142
-2.716 0.15001 0.341938
-0.391627 0.277803 -2.38559
-1.98624 0.15001 2.63674
-2.70797 0.15001 -1.77721
-0.721012 0.15001 -0.217218
-2.80339 0.268713 1.87509
-1.98711 0.360869 -0.349099
-1.60096 0.15001 -2.22512
-2.67436 0.15001 2.03352
-1.66938 0.15001 -0.958518
-1.84301 0.15001 -0.868067
-0.627567 0.15001 0.3382
-1.17508 0.15001 0.574329
-2.1772 0.15001 -2.70201
-1.57175 0.15001 -1.75699
-2.55903 0.15001 -1.6967
-1.2622 0.15001 -0.614548
-0.344417 0.15001 -0.549306
-0.53285 0.15001 0.0920819
-2.79993 0.15001 1.63048
-1.30509 0.15001 0.117563
-1.56274 0.15001 1.23743
0.467687 0.15001 -0.8467
-0.478218 0.15001 -1.62414
-2.32049 0.15001 -2.38288
-2.84999 0.15001 -1.10066
-2.6075 0.15001 -2.03058
-1.97129 0.15001 -2.27553
0.334745 0.15001 0.468955
-0.752589 0.15001 -0.589684
0.453479 0.15001 0.268316
-2.47888 0.15001 2.00351
-1.4544 0.15001 1.7526
-0.991935 0.15001 -2.53006
-0.79963 0.15001 -2.84999
-1.35921 0.15001 -1.68039
-1.7719 0.15001 -2.35186
0.870987 0.15001 -0.24048
-2.07089 0.15001 -1.55551
0.288205 0.213706 0.282111
-2.3063 0.15001 -0.620885
-2.1067 0.337722 2.68765
-0.384492 0.15001 0.613929
-0.652153 0.15001 -2.44972
-2.67452 0.15001 -2.3301
-0.813943 0.15001 -0.400688
-1.05294 0.15001 -1.87481
-1.91024 0.15001 -0.67039
-1.98946 0.15001 -0.28907
0.387393 0.15001 0.817726
-2.08663 0.15001 2.0035
-1.08302 0.15001 0.706381
-2.38276 0.15001 1.16551
-2.66911 0.15001 -2.84999
-2.49905 0.15001 -2.24854
-0.558057 0.15001 -1.27613
-1.83528 0.15001 -1.11103
-0.38124 0.15001 -0.724631
0.626775 0.15001 0.0651144
0.258125 0.15001 0.124537
0.428792 0.287822 0.396077
-1.5952 0.15001 -0.0743388
-2.00268 0.15001 2.3534
-2.30012 0.15001 -2.84999
-1.99567 0.15001 -2.64734
-2.79442 0.15001 -1.44502
-2.17099 0.15001 -0.756918
-2.55934 0.15001 0.0917254
0.0706933 0.15001 0.127086
-2.16528 0.15001 -0.938672
-2.77003 0.15001 -0.789447
-2.08453 0.15001 1.33023
-2.07818 0.15001 0.426055
-1.02827 0.15001 -2.68833
-2.12763 0.15001 -2.31932
-1.33349 0.15001 -1.99061
-1.10948 0.15001 -2.4112
-1.6757 0.15001 -1.54631
-1.50598 0.15001 1.52995
0.59263 0.376833 0.0439691
-0.970818 0.15001 0.273107
-1.33685 0.15001 0.529843
-1.70382 0.15001 2.83787
-0.436886 0.15001 -1.13067
-2.48823 0.15001 -2.56973
-2.12229 0.15001 -2.53939
0.37311 0.266838 -1.35543
-1.84729 0.15001 -1.29001
0.155281 0.323993 0.385825
-2.69759 0.15001 -0.5089
-2.47049 0.15001 -0.0662112
-0.842599 0.15001 2.55971
-2.13427 0.15001 2.22879
0.557017 0.15001 -1.01079
-2.84999 0.15001 -2.03861
-1.88162 0.15001 -1.79166
-0.961992 0.15001 -1.01021
-1.58061 0.15001 1.88561
-1.47463 0.15001 0.0482442
-1.6141 0.15001 1.01484
-1.48785 0.15001 2.4059
-0.551094 0.276324 -1.41053
-2.28269 0.15001 2.84946
-1.10889 0.15001 -1.09504
-2.19399 0.15001 -1.81871
-0.950021 0.15001 -0.805905
-2.38465 0.15001 -0.786014
-1.3847 0.15001 -0.297497
-1.01761 0.15001 -0.0632378
-2.14567 0.15001 -0.557145
-0.800532 0.15001 0.299292
-0.530977 0.15001 -0.200395
-2.13152 0.15001 -0.0449133
-2.46552 0.15001 -1.94165
-1.43173 0.15001 -2.67809
0.0907321 0.15001 -0.631109
-0.625522 0.15001 -1.50116
-1.64312 0.15001 -0.795787
0.57735 0.15001 -0.272994
0.500333 0.15001 0.478593
-2.02641 0.15001 -1.28166
-2.65949 0.15001 1.87057
-1.17511 0.15001 2.19712
-0.944408 0.15001 -2.33838
-2.30173 0.15001 -2.55501
-0.79925 0.15001 -0.97791
-2.23692 0.15001 -2.00062
-2.19544 0.15001 -1.11368
-1.72804 0.15001 -1.71536
-1.27818 0.15001 -0.425862
-0.719011 0.15001 2.84999
0.139632 0.15001 0.584519
-1.33838 0.15001 1.27977
0.358257 0.15001 -2.53172
-2.84443 0.15001 -2.67401
1.17058 0.15001 -0.619803
0.772622 0.15001 -0.51424
1.2113 0.15001 -0.290179
0.376938 0.316819 -0.0741939
-1.55367 0.15001 -0.2909
0.798595 0.289547 0.320962
0.535141 0.15001 0.911585
-1.66751 0.15001 2.03794
-0.766265 0.15001 -1.83345
0.401959 0.15001 -0.525956
-2.61479 0.15001 -2.68712
-0.192917 0.15001 -2.10558
-2.52525 0.15001 -1.22859
-2.3951 0.15001 0.310742
0.645005 0.15001 0.244561
0.486185 0.15001 0.644245
0.305513 0.15001 0.64914
0.719667 0.15001 0.920079
-1.92808 0.15001 -1.44662
-2.38582 0.15001 -2.70318
-0.670742 0.15001 -1.12295
-2.6196 0.15001 -1.49576
0.953479 0.321641 -0.521738
-1.99565 0.15001 -1.04613
0.535523 0.276625 0.178359
0.850208 0.438307 0.213809
0.694372 0.424521 0.433916
0.637597 0.207561 0.562611
-0.378572 0.15001 -0.0625374
-1.26699 0.15001 0.303211
0.252722 0.15001 -0.62949
-2.48959 0.15001 -0.928801
0.856583 0.260034 -0.383518
-2.4734 0.15001 -0.602533
-2.28963 0.15001 -1.47789
0.512645 0.281376 0.766052
-1.84541 0.15001 0.445356
0.626205 0.2952 0.9716
-2.4788 0.15001 -2.84999
0.247042 0.293837 2.42905
-0.63991 0.385885 1.26024
-1.77276 0.15001 -2.18061
0.913695 0.411671 -0.300773
0.444202 0.15001 0.0808929
1.00444 0.452563 0.0892196
-2.02889 0.15001 0.07659
-2.07337 0.15001 0.829983
0.295313 0.15001 1.06125
-1.77882 0.15001 -2.84999
-0.976026 0.15001 -0.224691
0.79431 0.407661 -0.46747
0.510354 0.304385 -0.270657
1.11677 0.15001 -2.55336
0.839381 0.376136 0.0379133
0.601842 0.390826 -0.138598
0.790505 0.553311 0.342369
0.531965 0.446367 0.340337
0.728466 0.451663 0.887467
-1.28373 0.15001 -1.15437
-2.82299 0.15001 -1.64924
-0.753803 0.15001 -1.27507
-0.534684 0.15001 0.49914
0.672905 0.278536 -0.58641
-1.56239 0.15001 -0.626692
-1.79924 0.15001 2.21456
-1.50384 0.15001 0.491398
-2.04857 0.15001 2.82695
-0.617253 0.15001 0.648865
-1.11215 0.15001 -0.515176
-1.15229 0.15001 -2.02868
-0.977944 0.15001 -0.401322
-1.73107 0.15001 0.333296
2.42861 0.15001 -1.21893
0.453032 0.300311 -0.446572
-1.72448 0.15001 -0.651567
-1.80834 0.15001 -0.486636
-1.16276 0.15001 0.0169184
-1.6925 0.15001 2.50227
-1.95203 0.15001 -2.81334
0.200848 0.15001 -0.439531
-0.274321 0.15001 -1.09571
0.727798 0.15001 -0.340829
-2.20181 0.15001 -1.30962
-0.414061 0.15001 -0.346683
0.888392 0.15001 0.462607
0.980919 0.15001 0.617776
0.640829 0.15001 0.747871
-1.09828 0.15001 2.43479
-1.82412 0.15001 -2.68093
-0.375278 0.15001 -2.56749
-1.5216 0.15001 -2.06819
-1.25691 0.15001 -2.32806
0.993926 0.15001 -0.374079
0.613061 0.282801 0.352367
0.721297 0.15001 0.411106
1.07919 0.268361 0.679748
-1.81709 0.15001 1.68913
0.793015 0.15001 1.11177
-1.43241 0.15001 -2.30384
-0.269482 0.15001 -2.43543
1.50066 0.15001 -1.29856
0.535221 0.223307 -0.0611765
1.3197 0.15001 0.356927
0.321463 0.15001 -0.0433451
0.830458 0.15001 0.224069
1.00119 0.15001 0.273328
0.79592 0.293588 0.505248
1.02224 0.15001 1.10559
-2.12569 0.15001 -2.84999
-1.43069 0.15001 -1.84544
-0.999216 0.15001 -2.10609
1.25074 0.307237 -0.352993
0.71769 0.26838 -0.0525413
0.803312 0.15001 0.043066
0.99617 0.287054 0.508218
0.983717 0.437019 0.59365
0.772798 0.15001 0.634664
0.906989 0.292485 1.06624
-0.985136 0.15001 -2.84999
0.199948 0.15001 -2.44801
1.17852 0.322467 -0.60883
0.233511 0.15001 -0.196517
0.994814 0.289303 0.00813844
0.668805 0.420538 0.223518
0.730165 0.274586 0.144091
1.2462 0.274027 0.759754
0.71139 0.306175 0.709609
-1.5889 0.15001 2.64288
-1.26527 0.15001 -2.70641
-1.15083 0.15001 -1.48453
-0.816285 0.15001 -2.51215
0.568922 0.15001 -0.453889
1.10737 0.374039 -0.448897
-2.56016 0.15001 -0.398608
0.90715 0.406328 0.409918
-2.07894 0.15001 1.58707
-2.2338 0.15001 1.49751
0.810316 0.292656 0.876708
-0.956628 0.15001 -1.39095
-1.11132 0.15001 -2.23503
-0.86175 0.15001 -2.69003
0.706879 0.15001 -0.706966
0.3551 0.15001 -0.351354
0.998649 0.560686 -0.217594
2.23414 0.15001 -0.531439
-1.88968 0.15001 -0.0610522
-1.86805 0.15001 1.97396
-1.33734 0.15001 2.27285
0.073909 0.15001 -2.84999
-2.51167 0.15001 -2.40712
-1.75275 0.15001 -2.52967
-2.28924 0.15001 -2.18687
0.0712793 0.15001 -0.264393
-2.22492 0.15001 0.660537
1.03145 0.599191 0.460002
0.568972 0.376756 0.580216
-1.52299 0.15001 0.742859
-0.593137 0.188515 1.26208
-1.32636 0.15001 -1.51575
-1.62132 0.15001 -2.65102
-1.34247 0.15001 -2.50227
-0.626932 0.15001 -0.941875
-2.7496 0.15001 0.947479
-1.01436 0.15001 2.26083
-2.84995 0.15001 0.51076
1.00426 0.503644 0.292594
-2.65082 0.15001 -1.33858
-1.66601 0.15001 0.85667
-0.619617 0.15001 -2.17667
-1.909 0.15001 -2.47016
-1.08532 0.15001 -1.26422
-1.47507 0.15001 -1.40412
-0.0544902 0.15001 -0.157821
-1.35883 0.15001 -0.128416
-0.0265069 0.15001 0.660919
-1.99426 0.15001 0.613361
-1.26499 0.15001 0.965854
-1.52624 0.15001 2.84999
-0.903146 0.15001 -1.16655
0.026567 0.15001 -0.426185
-0.150184 0.15001 -1.5906
0.43649 0.15001 -0.183642
1.05878 0.15001 -0.193534
-0.145562 0.15001 -0.0148222
1.14519 0.15001 0.140779
1.50592 0.15001 0.806102
-1.12719 0.15001 0.415078
1.12232 0.15001 0.784782
-0.465958 0.15001 -0.876364
-0.704952 0.15001 -2.65413
1.01363 0.15001 -0.722736
-0.105263 0.15001 0.155497
1.32001 0.15001 -0.498781
0.972733 0.15001 0.0998837
1.26262 0.281882 0.128078
1.07795 0.15001 0.45504
0.905547 0.15001 0.957952
-0.922378 0.15001 1.59616
1.305 0.15001 -1.34776
0.963558 0.15001 -1.30638
1.35381 0.15001 -0.986509
0.123497 0.15001 -0.04689
-0.463335 0.15001 0.265038
1.63015 0.15001 -0.338815
1.27448 0.15001 -0.00534063
1.20138 0.268606 0.462485
-1.4682 0.15001 1.08459
1.28717 0.15001 0.875102
0.347186 0.15001 -2.6979
-1.31931 0.15001 -2.16383
-1.49592 0.15001 -1.58728
1.14751 0.183118 -0.453101
0.895277 0.297006 -0.154554
0.944076 0.293717 0.189787
1.16144 0.342541 0.00759293
0.891132 0.290881 0.667172
0.853485 0.15001 0.776665
1.15354 0.275508 0.926372
-2.812 0.321874 0.166543
-1.37376 0.15001 -2.84999
1.5115 0.305044 -0.565835
0.649904 0.305013 -0.404027
1.00004 0.322187 -0.698375
0.930008 0.15001 -0.0739789
1.13783 0.400861 0.205206
1.06032 0.296869 0.333464
1.37372 0.35015 0.418943
-0.953637 0.15001 0.455415
-0.120503 0.15001 -2.84999
-0.119436 0.15001 -0.81433
0.319807 0.303571 -0.264575
2.84988 0.15001 0.21835
1.34502 0.475824 -0.0694147
1.02656 0.408433 -0.117506
1.11564 0.43234 0.429548
1.17109 0.384014 0.596266
-1.82387 0.15001 0.700536
1.07667 0.393579 0.799691
0.266623 0.15001 -2.84999
0.44436 0.15001 -2.84999
1.15398 0.450019 -0.282628
-0.580664 0.15001 -0.728915
0.849962 0.237483 -0.654801
0.357692 0.309742 0.119714
0.791727 0.443863 -0.133779
0.892939 0.435363 0.776735
1.40246 0.558486 0.84885
1.04732 0.399497 1.00423
-0.35665 0.15001 -1.29123
0.866532 0.15001 -0.81713
0.286855 0.15001 -0.809226
-0.778348 0.15001 -0.785261
-0.0216138 0.15001 -2.71516
-2.48313 0.15001 0.555365
1.27091 0.495367 0.34261
1.40331 0.608062 0.64859
1.0201 0.592987 0.674127
1.03463 0.552604 0.869062
-0.38459 0.15001 -2.23195
0.510933 0.15001 -0.666857
-0.458211 0.15001 -2.84958
-1.27035 0.15001 -1.35379
1.70329 0.437474 -0.207828
1.1726 0.511545 -0.111506
2.21682 0.15001 -1.11693
0.784653 0.44638 0.608841
-1.63023 0.15001 0.606036
-1.88097 0.15001 0.892206
0.0116289 0.15001 -1.50508
0.367864 0.15001 -0.976235
-1.61559 0.15001 -2.40199
-0.585486 0.15001 -1.76776
-0.545537 0.15001 -0.524833
-2.05387 0.15001 -1.73481
-1.51031 0.15001 0.320093
-0.883765 0.15001 2.73649
-1.2369 0.15001 2.73632
-1.51793 0.15001 2.14379
1.63278 0.15001 -2.84547
-2.84999 0.15001 -2.84999
2.67959 0.15001 -2.07451
1.71467 0.15001 -1.39225
1.1384 0.15001 -1.44046
1.32733 0.15001 0.187106
1.10758 0.15001 -0.0307733
1.47943 0.15001 0.388648
1.18935 0.15001 0.602812
1.1994 0.15001 1.04165
-0.237674 0.15001 -0.938046
-0.920372 0.15001 -1.72736
1.52567 0.15001 -1.04796
-1.2068 0.347236 1.73666
1.7778 0.15001 -1.12161
1.60081 0.15001 -0.0437393
1.36267 0.15001 0.518028
1.46569 0.15001 -1.49316
1.65592 0.15001 1.15596
-1.35913 0.15001 2.84999
-0.500547 0.15001 -2.36807
1.16556 0.201289 -0.785734
1.32637 0.15001 -0.712241
1.00004 0.15001 -0.557002
1.37269 0.15001 -1.17227
1.44825 0.15001 0.0546621
1.16688 0.15001 0.308115
1.32445 0.288035 0.605244
1.38642 0.15001 1.02435
1.2885 0.15001 1.21314
0.515455 0.15001 -2.66884
0.488805 0.15001 -1.33204
0.700635 0.15001 -0.881228
-0.169427 0.15001 -0.440129
1.39552 0.15001 -0.309813
1.5043 0.280621 -0.0944615
1.25749 0.30648 0.298822
1.29426 0.382314 0.970112
0.982153 0.252277 0.840075
1.41721 0.276641 0.892562
-1.9541 0.15001 -2.0562
-0.259889 0.15001 -1.90784
1.50026 0.15001 -0.656933
1.05899 0.294649 -0.291898
1.43766 0.300213 0.187935
1.33803 0.301465 -0.0320245
1.55412 0.293636 0.33331
1.32541 0.443214 0.145179
1.7337 0.365099 0.940646
1.48263 0.15001 1.1786
-0.402354 0.15001 -2.04827
-1.11054 0.15001 -1.69541
-0.744631 0.15001 -1.62846
1.19254 0.209832 -0.952227
1.36188 0.30032 -0.212624
1.58627 0.550358 -0.0638461
1.17976 0.529277 0.0713741
-0.625665 0.15001 -0.0589503
1.14837 0.608702 0.241865
1.15184 0.282166 1.15392
-0.715169 0.15001 -2.01278
1.24645 0.417469 2.68414
-1.48001 0.15001 -1.22751
-1.33264 0.370076 -2.40343
2.49645 0.15001 -1.56195
-0.190675 0.15001 1.53394
1.45448 0.456015 0.28345
1.22565 0.470277 0.747565
1.54878 0.421989 0.840374
-0.388266 0.15001 1.65784
1.43619 0.15001 -2.16309
1.52095 0.471493 -1.12859
1.3324 0.263588 -0.848865
1.9786 0.15001 -1.41226
-0.902253 0.15001 0.0906694
-2.68451 0.15001 -1.1617
1.02128 0.413101 -2.82433
2.62504 0.15001 -0.50098
1.19486 0.557224 0.548531
1.21088 0.649018 0.722344
1.30634 0.15001 -2.84999
1.65677 0.15001 -1.89453
2.84999 0.15001 -1.95195
-1.28639 0.15001 -0.795126
1.62074 0.15001 -1.72776
2.05487 0.15001 1.83142
-2.7401 0.15001 1.15986
1.63908 0.580449 0.554511
1.21818 0.545609 0.934048
-1.27691 0.15001 1.81136
0.588233 0.15001 -2.09384
1.01563 0.15001 -0.918214
0.0630353 0.15001 -0.801007
-0.260696 0.15001 0.290366
-2.30926 0.301713 -2.80584
1.3749 0.350245 -2.51645
-0.679762 0.369056 -1.66279
-1.40749 0.15001 0.887505
-0.95777 0.15001 1.00633
-1.07379 0.15001 2.82024
0.396443 0.15001 -1.68674
0.0963283 0.15001 -1.89521
-1.1141 0.15001 -0.722382
-0.16656 0.15001 -0.640427
1.67559 0.15001 -1.5636
1.77522 0.15001 -0.0192151
1.67013 0.15001 0.135202
1.99031 0.15001 0.362109
1.57121 0.15001 0.980361
0.198618 0.15001 0.843053
0.6256 0.15001 -2.84994
2.37187 0.15001 -2.44534
1.37382 0.15001 -1.98607
0.778912 0.15001 -2.26799
0.803645 0.15001 -1.65973
1.10439 0.15001 -1.08582
1.82357 0.15001 0.326089
-0.265251 0.15001 0.720809
0.852535 0.15001 2.57857
-0.217444 0.15001 2.16154
2.47674 0.15001 -2.84999
1.85984 0.15001 -0.97261
1.49066 0.303481 -0.752707
1.33423 0.316886 -0.516868
1.50676 0.15001 -0.451426
1.4266 0.15001 -0.123421
1.58174 0.277984 0.0773292
1.65982 0.15001 0.32683
1.49792 0.280849 0.694898
1.71265 0.310839 1.12958
1.49478 0.15001 -2.66514
2.24744 0.15001 -2.28374
1.09649 0.15001 -1.63098
1.95945 0.316766 -0.2964
1.65404 0.297682 -0.446339
1.77471 0.29426 -0.303173
1.51971 0.15001 0.219883
1.6544 0.268365 0.614199
1.80444 0.287878 0.781484
1.62691 0.257931 0.832167
-0.536632 0.15001 -2.61726
1.79156 0.15001 -2.84999
2.32701 0.15001 -2.68651
2.83417 0.15001 -0.709654
2.02748 0.15001 -2.68961
1.45553 0.307269 -0.379511
1.77475 0.290106 0.0850817
1.50421 0.293133 0.51646
2.1049 0.15001 0.71493
1.36416 0.29639 1.12481
0.0704629 0.15001 -2.57173
1.54332 0.287921 -0.930844
1.35887 0.45788 -0.310824
1.261 0.477026 -0.485283
1.50545 0.430448 -0.187183
1.6148 0.41253 0.195207
1.52699 0.446842 0.626139
1.3847 0.398317 0.757946
1.81072 0.535025 0.790371
-0.503857 0.15001 2.81671
-0.779391 0.15001 -1.44251
0.270975 0.15001 -2.0698
0.430735 0.15001 -2.3636
0.622165 0.15001 -1.71585
2.03663 0.312554 -0.065691
1.69936 0.43213 0.0185219
-0.967532 0.15001 0.826253
1.34602 0.454937 0.574155
-1.15796 0.15001 1.57674
1.53803 0.323795 1.02544
0.177634 0.15001 -2.70596
-2.11378 0.15001 -2.12816
0.0348074 0.15001 -1.26564
-0.613714 0.15001 -0.368466
2.49972 0.15001 -2.11646
0.753049 0.15001 1.29893
1.84733 0.154923 1.73514
1.44008 0.544291 0.448224
-0.613317 0.15001 2.06292
1.59463 0.58327 0.751012
-0.944803 0.15001 -1.55547
1.39878 0.15001 -2.52495
0.806456 0.15001 -2.81861
1.46916 0.15001 -1.83883
2.69762 0.15001 0.878007
0.835731 0.15001 1.68999
1.56266 0.331982 -1.54589
1.78524 0.457731 0.523859
2.30462 0.15001 1.55353
1.21427 0.15001 2.64701
-0.0793866 0.15001 -2.47348
0.801523 0.15001 -1.42551
0.96263 0.15001 -2.48377
1.08857 0.15001 -1.99498
1.81389 0.15001 -1.81037
-0.262675 0.15001 -0.235177
-0.288921 0.15001 0.0997052
-0.148073 0.15001 1.3696
1.503 0.343455 -1.21811
-0.564374 0.15001 2.42428
2.65858 0.15001 -2.8268
0.291155 0.15001 -1.2716
2.84999 0.15001 -0.896195
1.7083 0.15001 -2.59155
2.29937 0.15001 -1.94364
2.76313 0.15001 1.7948
1.61231 0.15001 -2.27624
1.9764 0.15001 0.557748
1.75517 0.15001 0.897995
-0.58353 0.15001 2.2495
1.47152 0.15001 -2.84999
1.84252 0.15001 -2.69751
1.84479 0.297919 -0.504563
2.00237 0.15001 -0.125895
1.72836 0.15001 -0.197576
1.86339 0.15001 -1.64129
2.81295 0.15001 0.722252
1.75271 0.15001 0.688805
1.9619 0.201042 0.812405
-0.96572 0.15001 2.07694
0.79122 0.15001 -2.43898
0.680635 0.15001 -2.63113
1.47895 0.15001 -0.846669
0.641322 0.15001 -1.90745
1.67888 0.15001 -0.524382
2.12455 0.290775 0.276215
1.94357 0.161203 0.0377805
1.83879 0.15001 0.161183
1.78458 0.15001 0.495509
1.84474 0.15001 1.09516
-1.61407 0.15001 -2.84903
0.162388 0.15001 -0.940648
1.99035 0.15001 -0.625553
1.89819 0.15001 -0.292523
1.86304 0.250754 -0.134919
2.69344 0.15001 -1.08268
1.60685 0.15001 0.497464
1.70881 0.301638 0.442845
-0.113525 0.15001 2.03945
1.05288 0.15001 1.30256
0.0535471 0.15001 -2.36983
0.272954 0.15001 -2.2614
-0.183376 0.15001 -2.62169
-0.207999 0.15001 -1.41396
1.48287 0.40933 0.0268352
1.80899 0.15001 2.81315
2.46498 0.15001 0.408726
1.84107 0.281982 0.589596
2.69761 0.15001 2.66608
-0.379411 0.15001 1.01555
1.75981 0.270061 -0.863723
1.81261 0.15001 -0.63213
0.921151 0.15001 -1.09367
-0.079242 0.15001 -1.01323
1.58402 0.277329 -0.251859
-2.47795 0.335069 -2.31432
2.08672 0.348392 0.107527
1.92121 0.293929 0.217163
1.89138 0.302375 0.406232
2.36524 0.15001 0.571794
1.13741 0.15001 -2.84999
0.477494 0.15001 -1.84493
1.23307 0.15001 -1.88981
2.84999 0.15001 0.505869
1.29598 0.15001 -1.53524
1.49969 0.561745 0.127169
1.99135 0.439993 0.296305
1.69883 0.418139 0.699819
1.91188 0.420092 0.676766
1.88231 0.27183 0.975491
2.12263 0.15001 -2.84999
2.18859 0.15001 -0.926231
2.11159 0.15001 0.0404631
1.57688 0.454055 -0.404025
-2.1384 0.15001 -0.205528
-1.68944 0.339501 2.29526
2.75351 0.348247 0.482251
1.5377 0.15001 -2.01331
1.59903 0.445522 0.424084
-0.0264714 0.15001 1.68337
0.0341892 0.15001 -2.21189
0.101626 0.15001 -1.10108
1.76908 0.15001 -2.39013
-2.37189 0.15001 -1.09708
2.03813 0.15001 -1.64419
2.25663 0.15001 -1.28047
0.370295 0.15001 2.50725
-0.0724988 0.15001 0.81764
2.1272 0.348 0.892643
1.63579 0.514763 0.984784
0.294069 0.499077 0.322994
-0.0816045 0.15001 -1.94336
1.09301 0.42236 -0.835022
1.88418 0.427017 -0.125508
0.748416 0.15001 -1.04557
1.84257 0.15001 -1.48475
2.43514 0.15001 -0.555452
2.84999 0.15001 2.61857
2.37005 0.15001 -1.04468
-0.234885 0.15001 2.4309
1.24017 0.15001 -2.08751
0.0181884 0.15001 -1.7478
2.85 0.15001 -1.29497
0.612057 0.15001 -1.49024
2.148 0.15001 -1.43416
2.00476 0.15001 -1.07682
2.2236 0.15001 0.250108
1.85886 0.15001 -1.27828
0.283678 0.15001 1.36313
1.33619 0.15001 2.76542
-0.75036 0.15001 -2.28112
2.49247 0.15001 -2.67368
1.98189 0.15001 -2.51619
0.613414 0.15001 -1.20402
0.855453 0.15001 -2.62742
1.6328 0.15001 1.56197
1.22287 0.15001 1.66722
2.28222 0.277202 0.461722
0.726986 0.15001 2.27525
-0.31139 0.15001 2.84993
-0.164297 0.15001 -1.76067
2.29674 0.15001 -2.84999
0.204979 0.15001 -1.70674
2.1214 0.15001 -2.13006
1.08888 0.15001 -2.17121
0.851962 0.15001 -1.83818
1.73661 0.293304 0.260143
0.247506 0.15001 2.0348
2.37991 0.15001 0.755012
2.01289 0.15001 2.84508
-0.289878 0.15001 -2.84999
2.58496 0.419969 -1.21647
2.17549 0.15001 -2.62105
1.03127 0.15001 -2.69352
2.25231 0.15001 -0.305088
2.02819 0.15001 0.200821
2.39201 0.15001 0.158696
2.09182 0.296087 0.454383
2.02255 0.15001 2.08828
2.01159 0.15001 0.981206
0.599238 0.15001 -2.29864
2.8485 0.15001 -2.52108
1.87669 0.15001 -0.797795
1.81671 0.15001 -1.98502
2.00851 0.152965 -0.441107
1.68652 0.291835 -0.0970861
2.17992 0.15001 -0.135828
2.03959 0.293281 0.631569
0.209597 0.15001 1.2146
0.130014 0.15001 2.84999
-1.03431 0.392473 -2.65431
1.25859 0.15001 -2.66217
1.6756 0.308196 -0.676741
1.42789 0.15001 -1.68386
2.32975 0.225204 2.51293
2.30123 0.15001 -0.704775
2.84998 0.15001 1.20411
2.17285 0.156709 0.883411
0.119472 0.398977 -1.06422
-0.126097 0.15001 2.70123
0.551566 0.15001 -2.48675
-2.12643 0.347363 -0.691306
2.07626 0.15001 -2.29799
0.969703 0.15001 -2.2991
2.64949 0.15001 -1.27849
-0.909726 0.15001 -1.95473
-0.594203 0.15001 1.55386
1.97615 0.438926 0.495277
1.37068 0.15001 2.24155
1.94157 0.395805 0.858222
0.417571 0.15001 -1.14797
-1.78506 0.265908 -2.02645
2.48679 0.175464 -0.717581
1.24145 0.15001 -1.70752
2.40661 0.15001 -1.81223
0.154088 0.15001 -1.39657
1.78506 0.455482 0.323779
0.729356 0.639055 2.7642
0.995552 0.15001 1.72778
-1.0656 0.15001 1.31421
0.970498 0.15001 -2.84999
-0.13826 0.15001 -2.30143
-2.62454 0.274669 -0.866462
-1.65115 0.309633 -2.79617
0.42862 0.15001 -2.00306
2.19679 0.15001 -1.61386
1.87342 0.15001 2.27513
2.08203 0.15001 -1.25069
1.14837 0.15001 1.86241
2.33444 0.15001 2.35289
1.1612 0.301735 -2.83564
1.67269 0.15001 -2.11462
2.70501 0.15001 -1.63518
1.0359 0.15001 -1.81554
0.446217 0.15001 -1.5015
1.40935 0.15001 1.83646
2.45584 0.15001 -0.210895
2.49088 0.15001 0.89544
-0.411994 0.15001 1.99605
2.3759 0.15001 -0.885822
2.84815 0.15001 -1.73015
1.95536 0.15001 -2.84999
2.4403 0.15001 -1.40347
1.42584 0.15001 -2.34892
2.32404 0.15001 -2.12478
2.01535 0.15001 1.21865
2.20057 0.15001 -1.80611
1.86009 0.15001 -2.16283
2.84999 0.15001 0.97729
2.49803 0.15001 2.31982
2.84999 0.15001 -2.84945
2.84999 0.15001 -1.53215
1.2727 0.15001 -2.25247
2.47098 0.15001 -0.0374887
2.8499 0.15001 -0.519787
2.55915 0.15001 0.211142
2.72549 0.15001 0.351465
2.57494 0.15001 -0.33134
2.6916 0.15001 2.84999
1.79392 0.15001 2.45735
2.84999 0.15001 -2.15014
-0.392713 0.15001 -1.46238
0.920372 0.15001 -2.13112
1.17234 0.15001 -1.23744
-0.799712 0.15001 1.97901
2.28339 0.15001 0.0147991
2.17034 0.15001 1.1131
-1.05955 0.34909 -2.84475
-0.0541238 0.15001 1.85806
2.68472 0.15001 1.37856
2.84999 0.15001 -1.11372
-1.85484 0.345801 -0.0194207
2.70928 0.15001 -1.87087
2.67912 0.15001 -1.44936
2.53729 0.15001 -1.0264
2.75354 0.15001 2.02617
2.42955 0.15001 1.80754
2.41524 0.15001 1.0922
2.17418 0.15001 0.546737
2.03177 0.15001 1.57369
-0.413746 0.15001 -1.8402
0.362979 1.00772 -0.198843
0.797395 0.15001 -1.21726
2.74414 0.15001 -0.249565
2.13009 0.280389 -0.244865
2.7032 0.15001 -2.27703
0.233826 0.15001 2.69465
0.447666 0.15001 1.37367
-0.831697 0.15001 -2.13707
-0.377283 0.15001 1.29068
0.281079 0.15001 -1.51848
2.54588 0.15001 -1.93921
0.94277 0.15001 -1.54916
-0.207378 0.347762 -1.06966
2.65574 0.15001 -0.675767
2.62582 0.15001 -0.0965384
1.97729 0.15001 -2.02459
-0.0845043 0.15001 2.54596
1.167 0.15001 2.32665
1.9927 0.15001 2.52911
0.426521 0.15001 -2.18425
2.84999 0.15001 -2.35235
-2.53602 0.329753 -1.43461
2.31443 0.15001 -1.50603
1.73611 0.15001 1.90267
2.84999 0.15001 -0.00962041
2.84474 0.15001 1.62583
1.53239 0.15001 1.39731
2.11342 0.15001 1.38696
0.591527 0.15001 1.30919
2.20169 0.15001 -2.44731
2.68127 0.15001 -2.65465
-0.309508 0.275945 0.842431
2.29494 0.287302 -0.123528
0.664121 0.15001 2.53819
2.02417 0.15001 -1.85147
1.56824 0.15001 -2.46899
2.5678 0.15001 -1.74772
2.61733 0.15001 -2.46806
1.19428 0.15001 2.84999
0.265071 0.15001 -1.89046
1.86042 0.405017 -1.74629
-0.146034 0.15001 -1.22105
0.0990702 0.15001 -2.06561
1.91966 0.15001 -2.32521
1.66089 0.15001 -0.725452
2.39503 0.15001 -0.384809
2.07678 0.15001 -0.800198
2.15632 0.15001 2.42795
2.48699 0.15001 2.82504
2.50283 0.15001 -2.29562
1.25672 0.15001 -2.43766
-0.319109 0.15001 -1.68533
0.799548 0.15001 -2.00274
2.83651 0.15001 2.42256
1.91058 0.40251 0.0619442
-0.457669 0.380089 -2.83312
2.39737 0.15001 2.17213
-0.796355 0.15001 0.826149
2.78037 0.15001 2.22749
