2000 0.1
-2.84999 0.15001 -2.84999
-2.68107 0.15001 -1.48797
-2.84999 0.15001 -0.214759
-2.34525 0.15001 -0.908347
-2.70215 0.15001 -0.435151
-2.84999 0.15001 0.982432
-1.91655 0.15001 2.48286
-2.77763 0.730026 2.60419
-2.17031 0.15001 2.04518
-2.05082 0.15001 2.7063
-2.84999 0.15001 -0.376259
-2.37086 0.15001 -1.49721
-2.53397 0.15001 -2.84999
-2.84999 0.15001 -1.33682
-2.29916 0.15001 2.32011
-2.21339 0.15001 1.2005
-2.84999 0.15001 2.36034
-2.84999 0.15001 2.68939
-2.26128 0.442049 0.824949
-2.84999 0.15001 2.84999
-2.84999 0.15001 0.412139
-2.84999 0.15001 0.589012
-2.59788 0.15001 -0.306824
-1.95839 0.15001 -0.419388
-2.84999 0.15001 -0.0369048
-2.84999 0.15001 2.5244
-1.20773 0.15001 1.84031
-0.383845 0.375648 -0.0929809
-1.34224 0.15001 2.11127
-1.14292 0.15001 2.84999
-2.84999 0.31211 -2.77456
-2.84999 0.15001 -1.82237
-2.84999 0.15001 -0.85981
-2.68824 0.15001 2.13619
-1.20154 0.298759 1.56222
-1.70849 0.473123 2.60655
-1.42412 0.283029 1.85035
-1.83815 0.15001 2.02731
-1.72065 0.15001 2.36446
-2.68724 0.15001 2.62247
-2.84999 0.15001 -2.13564
-2.7338 0.15001 0.292964
-2.35071 0.15001 2.16368
-2.18365 0.15001 -0.510894
-2.84999 0.407774 2.84271
-2.11203 0.15001 -0.3547
-2.84999 0.15001 1.6669
-2.62304 0.15001 2.29549
-1.99271 0.306358 1.40378
-2.5326 0.15001 2.67393
-2.80882 0.322362 0.401647
-2.31109 0.15001 -2.21341
-1.37354 0.307429 -0.787294
-2.78474 0.412603 1.26682
-0.862117 0.430214 1.57587
-2.31398 0.15001 1.98389
-2.84999 0.44112 0.528154
-2.14151 0.15001 2.84999
-2.37824 0.15001 2.51083
-2.46065 0.41255 1.84089
-2.24467 0.15001 0.116456
-2.09675 0.307169 1.82843
-2.84999 0.15001 0.799067
-2.76492 0.339707 -0.250843
-2.54519 0.277072 1.78984
-1.96932 0.15001 1.47956
-2.84931 0.349135 0.848066
-2.22901 0.15001 2.61343
-1.30304 0.15001 2.84999
-1.67986 0.15001 2.69173
-1.98199 0.15001 -2.24733
-2.25652 0.15001 -1.22045
-1.61408 0.15001 1.50987
-2.51452 0.15001 -1.19081
-2.73039 0.15001 1.93305
-2.05399 0.15001 2.36284
-1.41505 0.387716 1.69892
-2.84298 0.15001 1.3415
-1.65486 0.15001 1.88547
-2.52109 0.334125 1.2895
-2.39601 0.322566 -1.41316
-0.744244 0.310471 -1.41927
-2.44526 0.315201 0.346054
-1.25704 0.352005 1.39519
-2.84999 0.15001 2.03586
-1.08679 0.509242 1.16066
-2.47749 0.15001 2.84999
-2.29227 0.430291 2.61777
-2.32035 0.308173 0.629543
-2.36613 0.360481 1.96525
-2.68947 0.15001 -2.37794
-0.989481 0.312829 0.762617
-2.69214 0.15001 0.127563
-2.01667 0.15001 2.18495
-2.38612 0.15001 0.0170189
-2.04771 0.15001 -0.717811
-1.77508 0.15001 2.19271
-1.40548 0.15001 2.30143
-1.56328 0.15001 2.3217
-2.42085 0.470752 1.65756
-2.22248 0.15001 -2.68082
-1.61591 0.15001 -1.56126
-2.84999 0.15001 -0.541111
-2.84999 0.15001 -1.17601
-2.84999 0.15001 1.50752
-1.69148 0.15001 1.69551
-0.858926 0.15001 1.28751
-1.86189 0.15001 2.6877
-0.660065 0.15001 2.84999
-1.24773 0.15001 2.38916
-2.47796 0.15001 -2.41523
-2.84999 0.409207 -0.844255
-1.6458 0.15001 1.22649
-1.04824 0.15001 1.22688
-2.35936 0.15001 1.78365
-1.09203 0.15001 1.55713
-2.16115 0.15001 1.85187
-1.66754 0.15001 2.52894
-2.01338 0.15001 2.00923
-1.38211 0.15001 2.71319
-2.12083 0.15001 -2.84999
-1.62717 0.15001 -2.84999
-2.12125 0.290741 -2.73576
-0.932605 0.15001 1.61558
-1.08589 0.297945 1.41141
-2.84999 0.15001 1.15317
-0.930971 0.412852 1.94107
-1.13211 0.289998 2.42311
-0.908926 0.15001 2.33306
-1.70051 0.15001 2.84999
-2.32692 0.15001 -2.04292
-1.3689 0.341272 -0.556859
-2.29955 0.15001 -0.399268
-1.34768 0.15001 1.93181
-1.15935 0.293299 1.24823
-2.21732 0.415084 2.04104
-1.36593 0.15001 1.7498
-2.16674 0.44771 1.46763
-1.02269 0.292398 2.25342
-2.17562 0.15001 2.213
-1.82302 0.15001 -2.00505
-2.39102 0.15001 -1.3257
-2.28644 0.15001 0.988389
-2.45824 0.15001 2.3136
-1.06501 0.15001 1.73786
-2.84999 0.15001 2.19849
-1.2725 0.413504 1.87612
-1.16684 0.294149 2.12704
-1.33533 0.291815 2.21555
-1.52176 0.15001 2.63299
-2.62586 0.285816 -1.94712
-2.53078 0.15001 -1.57272
-2.82599 0.319611 0.204339
-2.84999 0.15001 -1.97869
-0.932292 0.454817 1.07807
-1.26244 0.293221 1.74563
-1.45727 0.427141 1.95383
-1.13648 0.42042 1.99884
-1.06276 0.435688 2.15785
-0.818588 0.15001 2.84999
-2.84999 0.15001 -1.49951
-1.63431 0.305104 0.659837
-1.96277 0.15001 -0.256686
-0.99987 0.403996 1.29131
-0.722383 0.453134 1.69842
-2.38609 0.15001 1.60198
-0.768399 0.541361 1.8514
-1.89313 0.287391 -1.42745
-2.36677 0.15001 -0.733832
-2.68493 0.15001 2.84732
-2.70296 0.15001 1.21904
-2.6799 0.15001 -1.84364
-1.40541 0.15001 1.48178
-2.51269 0.15001 -0.644119
-1.24357 0.15001 1.49108
-2.06958 0.15001 -1.01843
-0.940891 0.32637 -0.860076
-2.31842 0.15001 2.76161
-2.45355 0.322047 2.54885
-1.11032 0.15001 2.69186
-2.84999 0.15001 1.82868
-1.99846 0.30621 2.6119
-2.30009 0.290156 2.84999
-0.829087 0.497904 1.22442
-1.66869 0.15001 2.05671
-2.519 0.15001 2.15052
-0.499642 0.15001 2.84999
-1.08555 0.466009 1.82647
-1.22786 0.382382 1.11286
-1.95012 0.15001 2.84999
-2.7093 0.15001 0.70185
-1.85844 0.15001 0.0973602
-2.68389 0.15001 -0.791643
-2.19398 0.15001 -0.0376373
-1.01976 0.507194 1.64852
-1.98792 0.400612 -0.0706746
-2.22868 0.328617 1.00872
-2.56881 0.15001 2.46479
-1.30772 0.288655 2.67563
-2.84999 0.336267 2.52055
-2.63172 0.302868 -2.13427
-2.67911 0.15001 -1.13857
-2.57556 0.15001 1.31465
-0.998756 0.15001 1.42499
-1.12302 0.15001 1.04749
-1.50667 0.15001 1.9835
-2.34808 0.15001 1.44831
-1.15925 0.15001 2.02853
-0.787602 0.15001 2.66333
-0.980088 0.15001 2.84999
-1.48182 0.15001 1.62452
-1.72934 0.15001 -0.04635
-2.18735 0.15001 -0.835835
-0.679818 0.28866 0.982427
-0.722363 0.268095 1.36131
-1.02452 0.15001 2.14772
-1.02532 0.15001 1.91459
-1.01111 0.274124 2.02947
-1.07764 0.15001 2.33033
-1.04635 0.291409 2.58694
-0.0307615 0.15001 -2.20133
-1.05401 0.15001 0.898028
-2.22169 0.15001 -1.05266
-0.796568 0.281422 1.53345
-2.45724 0.15001 1.91146
-0.817879 0.15001 1.93232
-0.619065 0.274342 1.96897
-2.22348 0.15001 1.67072
-0.756021 0.15001 2.2731
-0.844182 0.295039 2.59452
-2.16006 0.15001 -1.97377
-2.12524 0.15001 -2.34491
-1.51253 0.15001 -2.02749
-2.2136 0.15001 -0.670775
-1.06449 0.323203 1.71206
-1.22562 0.15001 1.6599
-1.12752 0.291556 1.88063
-1.20534 0.15001 2.21732
-0.939739 0.295751 2.4344
-1.02002 0.15001 2.4945
-2.84999 0.15001 -1.6629
-0.695603 0.317228 0.728301
-2.5329 0.15001 -0.469307
-2.05075 0.15001 -0.119158
-2.84999 0.15001 -0.701469
-2.70132 0.15001 -0.186605
-0.745549 0.330855 1.84567
-0.85923 0.15001 2.13682
-1.31458 0.29714 2.01815
-0.971051 0.447417 2.3301
-0.987678 0.306654 0.948031
-0.940473 0.476453 2.83248
-2.05783 0.354939 -1.10077
-0.706359 0.399358 1.1226
-0.522289 0.521931 1.77238
-0.581659 0.646566 1.89554
-1.2008 0.444906 1.66914
-0.741361 0.291113 2.14332
-2.58207 0.272035 2.84999
-2.83378 0.310586 1.14524
-2.35504 0.15001 -2.55379
1.69976 0.15001 -1.26092
-2.43776 0.15001 -0.319344
-0.266383 0.299853 0.516283
-1.10933 0.446183 1.50159
-2.2053 0.15001 2.44465
-0.766658 0.435376 2.00939
-0.901769 0.372936 2.12414
-1.12318 0.468157 2.45488
-2.50738 0.414213 0.578566
-2.66688 0.15001 -0.962791
-1.33096 0.349896 0.90935
-2.53128 0.15001 1.46889
-2.62355 0.376402 0.815323
-2.68246 0.15001 1.04725
1.98249 0.337309 2.57753
-1.28743 0.15001 2.56186
-2.84999 0.15001 0.146263
-1.09939 0.582408 2.25266
-2.09187 0.331307 1.1312
-2.2949 0.396428 -0.450912
-2.67701 0.15001 -0.609353
-2.11853 0.256482 1.5492
-2.61149 0.389791 -0.402691
0.448299 0.293318 -0.787518
-2.58743 0.15001 1.99186
-2.07351 0.15001 2.54225
-2.61842 0.637956 2.84996
0.845385 0.15001 2.49707
-1.77735 0.267992 2.57726
-1.57464 0.15001 -1.23306
-1.80906 0.15001 -0.202556
-2.05166 0.315359 0.128985
-2.35996 0.15001 -0.560562
-2.37333 0.15001 -1.09604
-2.66253 0.15001 1.60041
-1.0947 0.310484 -0.607213
-1.88709 0.15001 2.32328
-1.83936 0.302643 0.603953
-1.20636 0.342754 -0.449459
1.01405 0.15001 -2.84999
-2.70292 0.15001 0.875326
-1.79147 0.15001 1.54795
-1.27696 0.15001 0.971807
-0.499509 0.15001 1.45118
-0.761968 0.15001 1.63971
-0.509712 0.15001 1.88553
-0.83589 0.15001 1.45387
-0.861112 0.15001 1.77573
-0.597258 0.15001 2.26501
-2.84999 0.15001 -2.68577
-1.88611 0.15001 1.68755
-2.54008 0.15001 0.06494
-0.600686 0.15001 1.31583
-0.988002 0.303082 1.55852
-0.440433 0.15001 1.59603
-0.947868 0.277352 1.84202
-0.831955 0.279283 2.00419
-0.828348 0.15001 2.49439
-0.610066 0.15001 2.68931
-2.67945 0.15001 1.77495
-0.548189 0.303134 0.838332
-2.39678 0.15001 0.192453
-1.01024 0.301646 1.13929
-0.544301 0.28896 1.38992
-0.655445 0.15001 1.49479
-0.667142 0.15001 1.83249
-0.59928 0.15001 2.44905
-0.651496 0.334253 2.28547
-0.662578 0.249693 2.57024
-1.31298 0.15001 0.140092
-1.54897 0.15001 -0.324739
-2.21788 0.15001 0.329863
-0.84278 0.304701 1.04999
-0.379999 0.307582 1.45939
-0.842987 0.295694 1.69716
-0.391615 0.398356 1.76588
-0.698067 0.15001 2.05993
-0.846716 0.307699 2.27974
-0.747048 0.274425 2.41953
-2.18324 0.15001 -2.5121
-2.84999 0.15001 -2.46643
-0.899136 0.440933 1.76647
-0.906297 0.300573 1.3979
-0.707833 0.201436 1.20213
-0.707869 0.532065 1.52489
-0.61185 0.409122 2.10053
-0.761974 0.460238 2.20269
-1.19682 0.39165 2.28594
-1.19654 0.387249 2.74649
-2.00845 0.15001 0.860947
-1.60886 0.15001 1.04224
-0.873883 0.15001 -2.53856
-0.524056 0.456899 1.43778
-0.432611 0.377593 1.29566
-0.562523 0.33075 1.80536
-1.00956 0.558152 1.99959
-0.618024 0.461184 1.91445
-0.454056 0.551153 2.10162
-0.70607 0.411117 2.6391
-2.84999 0.15001 -2.29599
-0.109984 0.464931 1.04674
-1.24576 0.15001 1.17973
-2.18583 0.15001 1.41219
-0.149508 0.474566 -0.0242698
-0.950667 0.517267 1.44856
-0.410147 0.698306 1.97653
-0.919003 0.553181 2.1693
-0.622084 0.391997 2.47198
-2.84999 0.375181 2.6777
-0.502749 0.15001 -0.0338792
0.145002 0.343639 2.78445
-0.173202 0.317495 0.218087
-2.19662 0.290947 2.73529
-0.245314 0.645279 1.85288
-0.842854 0.59248 1.65019
-0.649864 0.580211 2.06029
-0.827014 0.621724 2.00982
-2.70056 0.371501 2.84999
-0.804528 0.448389 2.41632
-2.68474 0.15001 -2.02371
0.565243 0.15001 -1.69079
-2.32481 0.302527 -0.80883
-0.521658 0.43621 1.12402
-2.61434 0.313506 0.429895
-2.67206 0.15001 -0.0336823
-0.420826 0.677355 1.76782
1.33299 0.15001 1.39817
-0.473645 0.562059 2.29079
-1.54155 0.296204 1.09127
0.925556 0.418393 1.33417
0.220808 0.306319 0.601701
2.61023 0.275651 1.97785
-2.49699 0.15001 -0.990557
-1.61277 0.314168 -0.590191
-2.29351 0.297656 -0.0633863
-0.952657 0.607612 1.81668
-2.81024 0.406092 2.26753
-0.749696 0.643491 2.21744
-2.57069 0.387393 1.65544
-0.768425 0.15001 1.05838
-2.35304 0.15001 -0.142442
-2.04134 0.15001 1.19614
-1.42165 0.15001 1.04125
-0.132159 0.15001 1.42218
-0.582243 0.15001 1.67032
-0.385723 0.15001 1.99415
-0.458727 0.15001 2.3467
-0.179186 0.15001 2.84999
-0.34169 0.15001 2.84999
0.847287 0.15001 -2.84999
-0.639368 0.15001 0.897735
-1.38183 0.31425 -1.12218
-0.41411 0.15001 1.3204
-0.516325 0.285902 1.57037
-0.279647 0.15001 1.61996
-0.326157 0.15001 1.82324
-0.411401 0.288683 1.8972
-0.359701 0.226242 2.46549
-0.504396 0.304353 2.37257
-0.640901 0.15001 -2.1163
-0.600529 0.15001 1.065
-0.475148 0.15001 1.1737
-0.558714 0.284976 1.20076
-0.309341 0.15001 1.45328
-0.667719 0.290467 1.67208
-0.5751 0.242994 2.13864
-0.268717 0.15001 2.12827
-0.455208 0.35221 2.54484
-0.45936 0.15001 2.57772
-1.15764 0.15001 1.34738
1.56276 0.15001 -0.584676
0.55876 0.15001 0.789059
-0.500912 0.291542 1.01558
-0.199281 0.434663 1.58978
-0.555349 0.435259 1.62983
-0.438591 0.236549 1.73004
-0.468368 0.417796 1.99136
-0.422718 0.28476 2.0813
-0.542245 0.317128 2.69106
1.10303 0.15001 1.60963
-2.70508 0.15001 1.43256
-1.05307 0.346683 2.84999
-0.606393 0.446789 0.94239
-0.843902 0.317429 1.22989
-0.656388 0.361665 1.50076
-0.384561 0.463551 1.55858
-0.339442 0.289047 2.24055
-0.365389 0.410373 2.36819
-1.40928 0.315625 2.84984
0.475496 0.15001 0.252336
-0.207993 0.404368 0.882812
-0.00854586 0.15001 1.30381
-0.32568 0.471527 1.17069
-0.235742 0.566155 1.46942
-2.31245 0.317343 -0.640778
-0.392334 0.537857 1.89247
-0.249787 0.433404 1.90054
-0.477941 0.394296 2.21478
-0.488179 0.52214 2.47401
-1.18131 0.328027 0.813213
-2.3232 0.15001 -1.86497
2.69183 0.15001 -1.07612
-2.5143 0.15001 -0.820468
-1.55729 0.15001 -0.0278495
-0.790435 0.433334 1.39275
-0.264311 0.563785 2.03147
-0.55639 0.693412 2.17722
-0.207913 0.561922 2.63016
-2.72305 0.490894 1.53446
-1.79106 0.29861 1.31688
-0.366169 0.422009 0.999003
-2.52258 0.414048 -0.226317
-0.81921 0.31718 0.86437
1.46001 0.528012 2.20088
-0.668726 0.574608 1.34181
-0.539643 0.604694 1.57689
-0.104113 0.551533 1.91882
2.26848 0.15001 2.51
-2.01545 0.319998 2.84969
-1.56131 0.31291 -0.138337
0.519968 0.308641 0.487213
2.06224 0.339317 1.62431
1.68631 0.15001 1.8418
-0.49424 0.550201 1.26063
-0.664002 0.631575 1.71688
-0.356558 0.703882 2.16101
-2.07253 0.285787 0.944651
-0.951805 0.15001 2.69032
-1.70603 0.477462 1.16524
-0.0638222 0.15001 0.933216
2.26014 0.331694 1.55772
-2.52278 0.15001 1.68783
-1.77187 0.405178 2.18377
-1.17587 0.298809 0.365738
-1.8108 0.15001 1.84303
-1.7228 0.297582 0.900446
-1.52685 0.15001 2.15444
0.697636 0.322118 2.65715
0.364335 0.402418 2.84985
-0.367613 0.15001 -2.70572
1.20626 0.15001 1.27621
0.523314 0.15001 1.69305
-0.941116 0.15001 1.09472
0.175857 0.15001 1.75733
-0.110518 0.15001 1.58361
0.783552 0.15001 1.60863
0.972198 0.15001 1.39219
-0.210453 0.15001 2.49735
-0.0239459 0.15001 2.84999
2.4158 0.15001 -2.69509
-1.89679 0.15001 -0.0621931
-0.354023 0.285884 0.88719
-0.388399 0.15001 1.02821
-0.00989332 0.280482 1.50753
1.16395 0.15001 1.97463
0.0105034 0.300223 1.76807
-0.191094 0.15001 1.94007
-0.0877631 0.275617 2.53365
0.128056 0.15001 2.84041
-0.00535676 0.15001 -1.15646
2.31079 0.15001 1.10645
-0.299774 0.15001 1.16852
0.0915426 0.292777 1.19229
-0.270677 0.42356 1.36185
-0.202785 0.29013 1.48748
-0.101167 0.15001 2.1028
-0.305916 0.15001 2.32244
-0.434988 0.15001 2.17639
-0.139994 0.15001 2.66025
0.823588 0.15001 0.253988
1.12361 0.15001 0.406049
0.497327 0.15001 1.39896
-0.284671 0.256802 1.30986
-0.122086 0.291754 1.65816
-0.315068 0.310918 1.62844
-0.170674 0.28405 2.16198
0.118792 0.436784 2.09174
-0.0319008 0.314072 2.36267
-0.334427 0.239494 2.66367
2.0071 0.15001 -2.4832
-0.242068 0.15001 0.941755
-0.0436787 0.294999 1.05485
0.306315 0.305989 0.936659
-0.37544 0.299768 1.14688
-0.118809 0.430876 1.77005
-0.242175 0.292646 1.79658
-0.305085 0.408218 2.11201
-0.206776 0.28082 2.38569
-0.263738 0.360367 2.53354
0.141155 0.15001 -2.22666
-0.300431 0.15001 0.791233
-1.32256 0.15001 1.33162
-0.124472 0.590239 1.63591
-0.287574 0.528379 1.71718
-0.0136151 0.556211 2.08727
-0.263256 0.285654 1.9963
-0.035252 0.393388 2.19596
-0.277454 0.535122 2.45741
-0.0354962 0.388102 2.84999
1.60436 0.15001 1.55096
-2.52649 0.15001 -0.160683
0.838782 0.15001 0.590773
1.47267 0.316711 -0.635186
0.126947 0.519105 1.36826
-2.04521 0.15001 1.6678
-0.132451 0.417334 2.04342
-0.645732 0.51564 2.33475
-0.10422 0.632046 2.45578
0.00764199 0.486924 2.63076
-0.543713 0.32052 -0.0323203
2.67637 0.15001 -0.645505
0.721563 0.310224 0.74452
-0.632824 0.409791 1.29053
2.08344 0.15001 1.40441
2.56477 0.15001 0.256949
-0.156025 0.669056 2.13902
0.237657 0.485364 1.83342
1.64827 0.311885 2.59498
-2.43674 0.320215 2.78217
2.12011 0.15001 -0.530218
-1.40581 0.15001 0.289109
-2.67133 0.314092 1.90131
2.16052 0.15001 -0.994343
0.166005 0.571916 1.9805
-1.48724 0.15001 2.84999
1.39016 0.280034 1.29897
-0.248801 0.677723 2.33366
-1.48361 0.15001 2.46844
-2.1404 0.299226 0.598014
-1.85397 0.351522 -0.184056
-0.883922 0.15001 0.934522
1.5005 0.315962 1.97616
0.780652 0.15001 2.67848
2.38755 0.15001 2.63434
-0.432983 0.611857 1.42567
1.59235 0.156274 2.52678
-2.66949 0.290403 0.93682
-1.91328 0.308861 2.0179
1.48999 0.33429 0.556914
-0.788223 0.314323 -1.02095
1.71532 0.15001 2.17785
0.404974 0.15001 1.55227
-0.16454 0.15001 1.25229
0.0247518 0.15001 1.12427
1.15759 0.15001 1.4405
1.25654 0.15001 2.32332
0.28561 0.15001 2.15143
0.0940011 0.15001 2.67982
-0.136064 0.15001 2.3103
0.683019 0.15001 -2.84999
-1.97848 0.15001 1.84144
-0.465152 0.15001 0.88046
-0.105086 0.2944 1.32547
1.64356 0.15001 2.70551
0.031751 0.15001 1.65634
0.121967 0.283295 1.9133
-0.157467 0.15001 1.75537
0.0823883 0.192577 2.44285
0.279759 0.15001 2.84825
1.84457 0.15001 -2.39588
0.406726 0.15001 0.87266
-0.232399 0.299939 1.03062
0.408399 0.304313 1.3499
0.383706 0.5733 2.567
0.232953 0.391102 1.26027
0.262493 0.423745 1.64802
-0.00300607 0.217024 2.22064
0.128807 0.31702 2.28918
0.039017 0.309845 2.65976
-0.0553026 0.308194 0.85436
2.57209 0.286086 -1.49441
1.62408 0.15001 0.318334
-0.184268 0.35399 1.18714
-0.0125452 0.434571 1.59758
0.136056 0.280097 1.63491
-0.0984321 0.297405 1.90801
0.00782676 0.296619 2.05514
0.245055 0.320066 2.42894
0.082294 0.369581 2.49519
-0.510574 0.15001 -2.01409
0.107949 0.15001 -1.60268
2.84999 0.15001 -1.34923
0.259616 0.301965 1.10774
0.00967959 0.450985 1.19706
2.49766 0.157964 2.25511
0.00761158 0.57532 1.76863
2.43431 0.15001 1.23516
-0.20173 0.40844 2.27585
-0.109263 0.44634 2.4512
0.719124 0.371551 1.31395
0.784723 0.307069 -0.373696
1.82457 0.15001 0.00634235
-0.137854 0.520481 1.27494
-0.0989625 0.428201 1.43591
0.105915 0.431804 1.73165
0.146805 0.549998 1.57634
0.033077 0.435827 1.91601
-0.100124 0.550453 2.27818
0.437792 0.15001 2.84999
2.57629 0.15001 -0.787078
1.65836 0.15001 -0.45233
2.40965 0.299591 1.649
1.33789 0.305264 1.66569
-1.03721 0.309923 -0.397335
-0.0335395 0.592418 1.45819
0.0773117 0.490527 2.284
-0.304342 0.541058 2.22628
0.674685 0.531445 2.48776
0.81208 0.335624 2.84229
-0.286574 0.15001 -2.20243
1.97255 0.309705 1.02124
-0.202427 0.311444 -0.604594
-0.305049 0.604339 1.2928
1.59672 0.37135 0.128963
1.9266 0.297204 -0.286105
0.719944 0.303976 1.79492
0.83398 0.340567 0.203981
0.0692528 0.549249 2.45569
2.29721 0.15001 1.34693
2.17389 0.15001 -0.259661
-0.415202 0.321602 0.711842
0.579318 0.302949 -0.654585
1.66969 0.332248 -0.0154051
-1.23259 0.15001 0.297955
0.94391 0.15001 1.55709
1.44659 0.15001 2.04507
-0.289599 0.29128 2.84999
0.0247777 0.679693 2.2361
1.31453 0.306498 2.84922
1.6851 0.15001 0.724817
2.7056 0.214506 0.911524
1.62494 0.309408 1.1968
2.15844 0.293718 2.53134
1.99736 0.15001 1.26171
2.57794 0.289431 2.57378
0.98534 0.293043 0.919337
2.12795 0.15001 1.58118
-2.06484 0.301892 2.0026
1.26504 0.485363 2.84999
2.84999 0.15001 -2.50685
2.84999 0.15001 -1.15842
1.48233 0.15001 0.11669
0.326283 0.15001 1.3736
2.31434 0.15001 0.0585965
1.46431 0.15001 2.68369
-0.020787 0.15001 1.96883
0.386851 0.15001 1.99652
0.613363 0.15001 2.6574
1.53518 0.15001 2.8471
-0.415224 0.15001 -2.5473
1.19329 0.15001 -1.72241
2.21969 0.15001 -0.685489
-0.142969 0.15001 1.08195
0.230691 0.15001 1.58052
1.26879 0.15001 1.56948
0.6263 0.15001 1.52649
0.100131 0.15001 2.10309
0.259798 0.15001 2.62159
1.84128 0.179388 2.29377
2.4958 0.15001 -2.84999
2.17315 0.15001 2.3772
2.33058 0.299899 -0.0429155
0.200105 0.264968 1.39058
0.147811 0.387347 1.5003
0.014589 0.15001 1.81841
0.324071 0.15001 1.83326
0.46226 0.15001 2.1642
0.150202 0.15001 2.27175
0.618886 0.15001 2.84999
2.84999 0.15001 -2.84999
2.15774 0.214447 -2.54935
1.32188 0.15001 -0.416853
0.337877 0.15001 1.02659
2.23418 0.15001 -0.405304
0.314448 0.302577 1.51871
0.356145 0.282515 1.70287
0.212906 0.15001 1.97361
2.67465 0.15001 2.57219
2.66441 0.15001 2.35745
1.19489 0.15001 -2.14377
1.49823 0.452771 -0.0312116
0.232213 0.15001 0.883614
0.345107 0.15001 1.20401
0.848014 0.309067 1.48726
1.98141 0.15001 0.378319
0.529766 0.2501 2.02076
0.198322 0.287274 2.11168
0.447336 0.429164 1.97935
0.233446 0.320438 2.61497
1.84279 0.15001 0.796443
-1.88534 0.277128 2.20193
2.19098 0.15001 -0.0932631
1.36114 0.312057 0.696762
1.86159 0.15001 1.11365
2.4978 0.15001 0.424387
0.270078 0.361521 1.96392
1.87251 0.15001 2.84999
0.253037 0.495132 2.40683
1.45061 0.304223 2.20091
1.84931 0.15001 -2.20398
-0.429396 0.405116 0.515724
0.199446 0.15001 1.11986
0.0519098 0.354638 1.35374
2.03666 0.15001 -0.694406
0.236619 0.311636 0.010174
0.407626 0.291557 1.87787
0.25411 0.419491 2.22584
1.00257 0.15001 1.90225
0.801401 0.15001 2.84999
-0.461952 0.15001 0.403119
2.39231 0.272987 -1.66061
1.16482 0.15001 0.570593
2.60988 0.15001 1.26149
1.52204 0.15001 0.631082
2.13573 0.362685 1.14554
0.676837 0.305323 1.60083
2.57267 0.15001 0.715893
0.779446 0.15001 2.18434
0.42862 0.416871 2.26169
1.06495 0.15001 -0.603744
0.180794 0.15001 -0.757023
2.37233 0.291302 -0.596236
0.599569 0.31081 1.42847
1.05324 0.370653 2.64155
2.81662 0.43435 1.18357
2.84081 0.323374 1.43042
0.315077 0.499163 2.07732
0.519113 0.532397 2.11158
2.84931 0.422985 1.63957
0.848003 0.15001 -1.82245
1.13927 0.15001 2.14675
0.125306 0.295502 0.889027
2.64299 0.269422 2.2214
1.09469 0.325679 2.24651
-2.36146 0.278976 -0.243957
2.48879 0.314938 1.22255
2.79393 0.310226 0.762331
0.885816 0.317578 2.30161
2.0386 0.15001 2.84999
2.52375 0.15001 -2.21329
1.86649 0.15001 2.64137
1.67304 0.15001 0.140223
1.36681 0.15001 2.48335
2.0023 0.15001 -0.000639335
1.42176 0.15001 2.31386
0.67635 0.15001 1.73697
0.431181 0.15001 2.68113
0.701476 0.15001 2.42143
1.19302 0.15001 2.48447
1.31631 0.15001 0.476133
1.59551 0.15001 -0.0162194
0.816149 0.15001 1.25321
1.39341 0.321719 0.419693
2.34835 0.334864 0.115717
1.836 0.15001 2.46047
0.0827088 0.15001 1.46107
2.55248 0.15001 2.68601
0.634064 0.15001 2.1188
1.3641 0.15001 2.84999
2.84999 0.15001 -2.12988
2.84999 0.15001 -2.32608
1.95183 0.15001 -0.536857
2.02844 0.15001 -0.164947
0.889817 0.15001 2.30757
1.66576 0.15001 0.529641
1.63296 0.15001 2.35714
0.52939 0.15001 2.49938
0.374771 0.226863 2.51793
1.07168 0.15001 2.30732
1.8292 0.15001 -0.409773
1.78001 0.15001 1.98891
2.44798 0.15001 -0.440053
1.86921 0.15001 1.77446
2.56904 0.28039 -1.10392
0.314889 0.456622 1.42094
2.2267 0.15001 1.72842
0.51375 0.15001 1.87747
1.24533 0.298682 1.15722
1.00979 0.15001 2.84999
2.68361 0.15001 -2.45075
0.235243 0.15001 0.715631
2.84999 0.15001 1.12619
2.23346 0.15001 0.245474
2.70888 0.15001 0.6295
0.41165 0.447822 1.78218
0.592325 0.369532 1.89779
0.321806 0.262569 2.27421
2.3604 0.15001 2.35736
0.387391 0.400032 2.53227
1.80264 0.15001 0.39232
-0.441575 0.304998 -1.16462
1.69964 0.292307 -2.06539
-0.342022 0.340676 -0.853503
1.68356 0.15001 -0.291961
1.99978 0.15001 0.207616
0.486886 0.315558 1.56166
0.620616 0.385737 2.10592
2.11852 0.15001 2.06766
0.626283 0.294794 2.51881
2.5721 0.259205 -2.7174
2.32247 0.15001 -0.913185
2.32447 0.15001 1.5671
-2.42895 0.31009 0.7881
2.12927 0.15001 0.562713
2.39492 0.15001 1.78113
0.960901 0.15001 1.72828
0.379963 0.302875 2.10248
0.821898 0.321748 0.600589
2.20037 0.15001 2.84999
2.36878 0.158906 -1.53832
2.84996 0.321846 -0.164309
2.15973 0.15001 0.399142
1.77894 0.15001 -0.575463
2.50885 0.302544 -0.721437
0.946368 0.163326 2.15375
0.860226 0.29734 1.67313
1.09044 0.15001 2.62097
2.04419 0.387527 -0.760638
2.28718 0.15001 2.15407
2.35833 0.15001 -0.281989
1.00923 0.15001 0.666045
1.14925 0.15001 1.78338
1.86186 0.349348 0.0604952
-0.350523 0.65352 1.59129
0.36208 0.279986 0.300796
2.75442 0.416645 -0.451658
2.17609 0.280251 1.41027
1.54563 0.15001 2.19817
0.493381 0.306901 2.4006
2.18041 0.15001 0.846781
2.56162 0.301386 0.945536
0.879623 0.420341 0.82695
2.83427 0.30068 0.346686
1.83183 0.15001 0.19244
1.70645 0.15001 2.84999
2.25065 0.15001 0.666443
2.32264 0.32984 2.81642
1.62986 0.304803 1.6933
1.99757 0.15001 2.39091
2.84999 0.15001 -1.71371
1.49008 0.15001 0.455046
2.84999 0.15001 1.33058
2.02306 0.15001 -0.347692
2.8499 0.15001 1.95149
2.49278 0.28999 -0.201041
2.45083 0.15001 1.46393
0.660113 0.15001 1.95512
2.84999 0.15001 2.14575
2.52394 0.15001 2.84999
2.84999 0.15001 -1.94903
2.78198 0.15001 -0.799648
2.84999 0.15001 -1.52812
2.29923 0.15001 -0.547087
2.84999 0.15001 1.5149
2.70153 0.15001 1.69737
2.04929 0.15001 2.23467
2.84991 0.309343 1.79734
2.6178 0.15001 1.85341
2.84999 0.15001 2.84999
1.62418 0.15001 -2.15351
2.84999 0.15001 -0.1183
1.73326 0.15001 -0.136768
2.67094 0.15001 0.387358
1.90798 0.15001 2.12299
0.68987 0.299203 0.11441
2.49262 0.15001 0.906111
2.84999 0.15001 2.67004
2.21146 0.15001 1.90135
2.53497 0.15001 1.65847
2.6994 0.15001 -2.23607
2.79734 0.15001 -0.283201
2.84999 0.15001 0.740487
1.99998 0.419594 2.79445
1.27621 0.373186 2.2172
2.84999 0.15001 1.74878
2.68744 0.15001 2.84999
2.64132 0.15001 -0.0749128
2.3361 0.15001 0.379698
2.84999 0.15001 2.50586
2.84999 0.15001 -0.453378
1.43943 0.15001 0.285614
2.84999 0.15001 0.554209
2.56005 0.15001 1.07849
1.7393 0.334729 0.543123
2.13858 0.15001 0.10172
0.725267 0.293396 2.00532
0.825962 0.15001 1.98924
1.86353 0.28572 1.8899
0.248182 0.15001 2.42859
2.84789 0.15001 0.0554154
0.317355 0.296977 0.759361
2.78835 0.455186 0.169128
2.40189 0.210166 0.577257
0.540782 0.314414 1.73448
2.84999 0.15001 2.31857
2.84947 0.317154 2.84999
1.10791 0.422321 0.915224
1.82892 0.15001 0.618352
1.00683 0.15001 2.4685
2.25689 0.15001 -2.16484
0.681076 0.268057 0.375159
2.6493 0.15001 -0.450117
2.17188 0.15001 1.21538
2.17257 0.15001 1.01237
0.602813 0.15001 2.2898
2.23061 0.15001 2.68648
0.815672 0.15001 1.81539
0.541692 0.289838 2.22375
1.17975 0.318627 2.72099
2.84999 0.30374 -0.724373
1.26713 0.357903 -0.722241
2.84999 0.15001 0.929418
1.41019 0.316359 0.114693
1.60996 0.15001 2.02719
2.60292 0.380289 1.68568
2.4347 0.248874 1.05467
0.184172 0.45149 0.69605
1.98328 0.223703 2.70413
2.84999 0.290573 1.25683
2.01509 0.340956 -0.0323273
2.28532 0.307961 -1.29876
2.84999 0.346427 1.04271
2.07147 0.15001 2.54395
2.38771 0.15001 -0.0963406
1.26803 0.319698 2.49007
2.51823 0.15001 2.07301
1.65265 0.289009 1.93751
2.67915 0.15001 1.45831
2.36321 0.15001 2.84999
2.06073 0.15001 0.733394
1.84572 0.309475 -0.528646
2.84999 0.274686 -1.83092
1.90225 0.301615 -0.945435
2.5041 0.15001 0.0674491
2.19347 0.301251 0.594535
1.99339 0.314869 0.549515
2.36557 0.15001 1.98346
1.88563 0.342075 0.722216
2.74708 0.36036 2.56371
0.565877 0.15001 -0.750233
-1.88062 0.301212 -2.28294
-0.879092 0.15001 -0.324146
-0.713422 0.309847 -0.140398
-2.39827 0.15001 -2.72212
-0.370448 0.307701 0.316803
2.67801 0.15001 -2.62758
-0.331926 0.310213 -1.29244
0.873731 0.317266 -0.719173
-2.50295 0.15001 -2.24203
-0.707038 0.316212 -0.476111
-2.28244 0.15001 -2.84999
-1.44517 0.30468 -1.92943
-1.29674 0.15001 -0.169384
-1.73909 0.299567 -1.52443
-0.855336 0.330791 -0.654827
-1.74956 0.298617 -1.73386
-2.84999 0.15001 -1.01717
-2.19679 0.15001 -1.55506
-1.35507 0.304345 -1.51285
-1.43623 0.3104 -1.72397
-2.68903 0.322526 -2.68027
-0.852345 0.15001 -1.71177
-2.56971 0.280781 -1.07859
2.74003 1.29203 0.161365
-2.64896 0.319979 0.230287
-2.74834 0.305573 -1.09844
-2.53827 0.15001 -1.39763
0.070748 0.314946 -0.781999
-2.013 0.15001 -0.86886
-1.1135 0.317602 -1.23234
-2.21226 0.296445 -1.87936
0.26065 0.281408 -0.84426
-0.948489 0.313783 0.513929
1.07661 0.31043 0.649732
-0.856621 0.628379 1.3426
-1.86346 0.292018 -1.89915
-2.22958 0.15001 -1.39
-1.72267 0.286613 1.14579
-1.74329 0.15001 1.37514
-1.89486 0.300364 -2.77449
-1.5978 0.303159 -1.83744
-1.18716 0.15001 -1.86826
-2.01292 0.15001 -2.50608
-1.42502 0.307286 1.39416
-1.64942 0.289765 -2.44336
-1.76598 0.15001 -1.63271
-2.61019 0.290444 -0.724176
-1.77636 0.15001 1.03136
-1.42041 0.316635 1.21052
2.58464 0.684714 -0.219967
-2.20906 0.29359 -2.28621
-2.31759 0.300263 -2.65967
-0.639436 0.31584 0.181905
-2.45941 0.15001 -1.72401
-2.7746 0.302499 -1.43288
-2.6868 0.15001 -1.3122
-2.84999 0.306289 0.669054
-1.82012 0.307736 -0.421896
-1.98324 0.32163 -0.538362
-0.124236 0.15001 0.772278
-2.14068 0.15001 -2.16705
-2.2064 0.290789 -2.07119
-0.0633258 0.311618 -2.30064
-1.25411 0.304874 -1.7723
-2.7374 0.282732 -0.89125
-2.0432 0.30711 -1.53108
-2.70933 0.29413 0.584363
-1.72586 0.15001 -0.341032
-2.14484 0.355947 -0.0224011
-2.84999 0.327339 -1.60588
-2.84862 0.27964 -2.57849
-1.98675 0.15001 -2.07096
-1.61133 0.309392 -0.842115
-1.95931 0.291808 -2.59622
-1.90036 0.15001 -0.98796
-2.20192 0.305263 -1.28012
-2.03578 0.15001 0.0553933
-1.34268 0.286465 0.581892
-2.26795 0.285353 1.84253
-2.38915 0.28091 -2.30302
-2.45253 0.29586 -2.51265
-2.78544 0.297262 -2.39514
-2.04229 0.293942 -1.97721
-2.52557 0.15001 -2.59089
-2.74577 0.30088 -1.77039
-1.75906 0.305784 -1.05192
-2.37726 0.15001 0.363145
-2.41981 0.307994 -0.97333
-1.30349 0.443228 1.24526
-1.69531 0.27902 -2.24327
-2.39658 0.270803 -2.84999
-1.76177 0.306354 -2.63434
-1.27294 0.295343 -2.34215
-2.29557 0.15001 -1.68874
-1.93644 0.307973 -0.903902
-1.84149 0.15001 -0.798883
-1.77369 0.15001 0.246876
-1.57911 0.310922 2.48527
-2.63397 0.303318 1.14759
-1.0456 0.15001 -0.628648
-1.81554 0.15001 -2.20636
-1.6353 0.15001 -1.74423
-1.09432 0.15001 -2.15015
-0.792537 0.15001 -0.777371
0.19998 0.645403 2.28357
-1.09051 0.295571 -2.63375
-0.173961 0.15001 -0.381731
-0.831326 0.332883 -1.24037
-0.854193 0.315812 -2.68109
0.265548 0.307738 -1.34088
-1.87541 0.15001 -2.68231
-2.1488 0.15001 -1.79656
-2.68687 0.15001 -2.20173
-1.83756 0.15001 -1.14222
0.473835 0.15001 -1.08156
-2.60441 0.295986 1.48807
-1.7846 0.15001 -1.833
-1.59692 0.301971 -1.63752
-0.284567 0.15001 -2.43483
-1.95947 0.15001 -2.84999
-1.79617 0.15001 -2.84999
-2.69786 0.157378 -2.55086
-2.42251 0.287381 -1.98524
-1.54578 0.15001 -2.20885
-0.695716 0.308377 -2.2777
-2.01285 0.306607 -1.28671
-2.57766 0.15001 0.595984
-1.82665 0.332995 2.42858
-2.197 0.15001 -0.209564
-2.64022 0.299284 -1.59433
-0.584568 0.308098 -1.31724
-1.38637 0.15001 -2.13753
-2.80199 0.297492 -2.20619
-1.91697 0.302203 -0.718279
-2.58295 0.295511 -1.25939
-2.09621 0.15001 -1.28948
-1.21666 0.15001 -0.0108422
-2.36708 0.15001 0.838693
-2.34241 0.331059 1.4052
-1.51481 0.319472 -1.26381
-2.69637 0.241288 -2.84999
-1.22264 0.294947 -2.77372
-1.35873 0.15001 -1.94926
-2.05405 0.15001 -1.6427
-2.05125 0.15001 -1.45179
-2.03169 0.15001 -0.56169
-1.9975 0.15001 -1.1624
-1.91697 0.307045 1.09551
-2.50117 0.15001 0.964417
-1.98348 0.15001 -1.89343
-2.04215 0.30221 -2.1739
-1.89812 0.302665 -1.63509
-2.84278 0.333688 -2.0299
-1.91061 0.15001 -1.72698
-2.01958 0.282015 -1.78508
-2.38722 0.282396 -1.20154
-2.56373 0.15001 0.238529
-2.12235 0.15001 1.03728
1.09758 0.299676 2.44029
-2.38269 0.305243 -1.80035
-1.88778 0.15001 -2.38932
-1.17787 0.15001 -2.68322
-1.30399 0.15001 -0.793236
-2.16817 0.286444 -1.67619
-2.5891 0.314759 -1.42998
-2.84908 0.319496 -0.523036
-2.31834 0.15001 0.530861
-2.09988 0.319412 0.33922
-2.37441 0.15001 1.12928
-2.65375 0.15001 -2.71628
-1.56537 0.295994 -2.10907
-2.02998 0.292137 -2.40402
-2.51214 0.15001 -2.06658
-1.49803 0.15001 -1.84757
-2.84999 0.318171 -1.26568
-1.47643 0.15001 -0.794207
-2.69424 0.15001 0.473467
-2.55035 0.15001 0.797925
-1.94348 0.15001 0.245391
-1.71318 0.298599 -1.9966
-1.3071 0.297073 -2.5984
-1.06496 0.15001 -1.98684
-1.36561 0.15001 -2.35215
-2.58092 0.279943 -2.33677
-1.60604 0.15001 -1.39684
-2.21297 0.291918 -0.958135
-1.64016 0.15001 -0.185442
-1.7168 0.301739 1.99461
-1.8303 0.15001 1.18074
-1.518 0.15001 -2.68392
-0.915412 0.303912 -1.44903
-1.288 0.15001 -1.43866
-1.41226 0.15001 -1.1828
-1.91033 0.15001 -1.54367
-2.22674 0.302915 -1.48758
-1.84872 0.306576 0.306441
-2.53615 0.15001 0.409792
-2.40895 0.15001 1.29677
-0.883413 0.475236 2.58367
-0.221054 0.312064 -2.03031
-1.78378 0.15001 -2.53422
-1.71607 0.15001 -2.36201
-2.30357 0.15001 -2.38584
-2.50393 0.15001 -1.89071
-1.88247 0.15001 -0.636071
-1.74341 0.15001 -0.936063
-1.48763 0.15001 0.13267
-1.44876 0.15001 0.878848
1.98205 0.15001 1.94563
-0.867264 0.314765 -2.84999
-0.635431 0.320928 -1.56828
-1.15146 0.292045 -2.47267
-0.332604 0.15001 -1.43448
-1.64897 0.15001 -1.92936
-1.12962 0.15001 -0.476214
-2.68352 0.15001 -1.66978
-1.46701 0.15001 -0.1729
-0.357809 0.15001 0.530264
-2.24993 0.290737 0.223781
-2.46772 0.298797 -0.508259
-1.53999 0.15001 -2.37861
-1.24529 0.15001 -2.22255
-1.27502 0.15001 -1.08952
-1.71469 0.15001 -0.624049
-1.67984 0.15001 -1.09805
-0.961795 0.15001 -0.776336
-1.46333 0.15001 0.568099
-1.63766 0.15001 0.567546
-2.25689 0.15001 0.694481
-1.70037 0.15001 -2.69445
-0.631613 0.15001 -2.84999
-1.22651 0.15001 -2.04605
-1.03778 0.15001 -2.48852
-1.77431 0.15001 -1.44182
-1.91357 0.15001 -1.32
-1.38741 0.15001 -0.0159706
-2.45279 0.258444 0.516867
-2.05047 0.15001 0.386362
-0.803943 0.300932 -0.305164
-1.83094 0.302493 -2.45855
-0.861889 0.15001 -2.36215
0.190966 0.301577 -1.53609
-1.33907 0.15001 -1.78124
-2.5707 0.275972 -1.76867
-1.73922 0.15001 -1.27518
-2.10476 0.15001 0.209063
-1.87808 0.15001 0.40955
-2.54941 1.49251 2.36318
-2.72215 0.319372 -0.0226768
-2.04731 0.15001 -2.68039
-1.60662 0.15001 -2.53856
-0.544271 0.15001 -2.44304
-1.67921 0.15001 -2.10273
-1.46454 0.15001 -0.48286
-1.0453 0.15001 -0.315904
-1.66704 0.15001 0.109656
-1.95145 0.15001 1.02434
-1.61403 0.279164 1.36852
-1.91023 0.15001 1.31874
-2.51697 0.277207 -2.71845
-0.929852 0.15001 -2.11349
-1.01797 0.15001 -1.74806
-1.21633 0.15001 -0.630377
-1.54823 0.15001 -0.636975
-2.39366 0.292861 -1.60696
-1.80899 0.15001 -0.485802
-1.13782 0.15001 0.147299
-2.18252 0.15001 0.85608
-0.47536 0.564372 0.987056
-1.32336 0.301689 -2.06845
-1.43251 0.28156 -2.24666
-0.929058 0.15001 -1.89713
-1.51738 0.15001 -1.06916
-1.48076 0.15001 -1.67287
-0.87946 0.15001 -0.929202
-1.38069 0.15001 -0.327368
-2.14953 0.15001 0.527402
1.18881 0.15001 2.84999
0.663433 0.155088 1.34753
-2.2642 0.303954 -2.47665
-1.07408 0.312119 -2.30199
-1.17536 0.15001 -1.69747
-1.04587 0.15001 -0.927059
-1.45197 0.15001 -1.50716
-1.65943 0.15001 -0.778747
-1.63033 0.15001 -0.476423
-1.57902 0.15001 -0.924887
-2.54036 0.15001 1.14075
-1.55287 0.299679 0.890083
-1.7244 0.30465 -2.84999
-0.596102 0.15001 -1.2502
-0.939868 0.15001 -1.2568
-1.33573 0.304913 -1.32874
-1.38797 0.15001 -0.952443
-1.21066 0.15001 -0.936663
-1.12717 0.15001 -0.163284
-1.59815 0.15001 0.26636
-2.43022 0.15001 0.668889
-1.49776 0.15001 1.35077
-0.960691 0.15001 -2.84999
-1.12536 0.15001 -2.84999
0.300263 0.15001 -2.52872
0.441832 0.3669 -0.212202
-0.127038 0.325468 -0.144491
-1.13374 0.15001 -0.778255
-0.253162 0.15001 -1.28263
-0.80027 0.15001 0.452486
-0.431468 0.301234 -1.46967
1.02466 0.290766 -0.859374
-0.0858828 0.15001 -1.30209
-0.538752 0.15001 -2.69597
-1.00451 0.15001 -2.28724
-1.3495 0.15001 -2.68724
-0.701432 0.15001 -0.325957
-1.38246 0.15001 -0.639544
-0.393946 0.15001 0.248605
0.271164 0.15001 -0.613
-1.9712 0.327664 0.7319
-1.06493 0.281406 -1.61523
-1.45425 0.299067 -2.43297
-1.29146 0.15001 -2.84999
-1.41812 0.15001 -2.52345
-1.31746 0.15001 -1.61164
-0.7139 0.15001 -0.929773
-0.0102539 0.15001 -0.699787
0.0280078 0.15001 -0.411665
-1.52345 0.15001 0.415396
-0.698629 0.15001 0.612041
-0.423151 0.15001 0.688327
0.33311 0.308423 -2.6695
-0.23529 0.15001 -2.60112
-0.805021 0.15001 -2.68899
-1.14509 0.15001 -1.52902
-0.771479 0.15001 -1.24854
-0.532332 0.15001 -0.638871
-0.963248 0.15001 0.148779
-1.80858 0.15001 0.569144
-1.39323 0.15001 0.715573
-1.32008 0.444614 2.11936
-1.58702 0.293413 -2.74045
-0.607267 0.15001 -1.8813
-0.815282 0.15001 -1.088
-0.764502 0.15001 -1.56149
-1.27928 0.15001 -1.2674
-0.548062 0.15001 -0.938111
-0.962844 0.15001 -0.47575
-0.885875 0.15001 0.297424
-1.26014 0.15001 0.809119
-0.87632 0.15001 -0.626845
-1.23895 0.15001 -2.51793
-0.996991 0.15001 -2.6752
-0.219222 0.15001 -1.91624
-0.414416 0.15001 -1.586
-1.12315 0.15001 -1.16333
-0.612617 0.15001 -0.175647
-1.21253 0.15001 -0.32375
-0.632485 0.15001 0.429999
-1.60194 0.300992 1.70758
-0.233884 0.15001 0.640733
-0.711851 0.15001 -2.42951
-0.30944 0.15001 -1.75337
-0.770138 0.15001 -1.85758
-1.00875 0.15001 -1.42375
-1.13641 0.15001 -1.33341
-0.705662 0.15001 -0.627322
-0.542643 0.330177 -0.345646
-0.55779 0.15001 0.263677
-2.28882 0.295636 0.44465
-1.90433 0.15001 0.719733
-1.86374 0.291391 -2.1013
-1.15117 0.319605 -2.13896
-0.784916 0.15001 -2.20863
-0.519721 0.298698 -1.83083
-0.846129 0.15001 -1.40799
-0.0612599 0.15001 -0.26496
-0.958562 0.15001 -0.16084
-1.70476 0.15001 0.404647
-1.64651 0.15001 0.881327
-1.73212 0.15001 0.728557
-0.818548 0.29243 -2.45361
-0.649416 0.29292 -1.96672
-0.610632 0.15001 -2.28381
-0.676443 0.15001 -1.71613
-1.44027 0.15001 -1.34449
-1.10841 0.28575 -1.02102
-0.874607 0.15001 -0.00924813
-1.2399 0.15001 0.622331
-1.33065 0.15001 0.449791
-1.48078 0.15001 1.18822
-0.461027 0.15001 -2.84999
-1.06731 0.282627 -1.85712
-0.848924 0.305435 -1.79838
-0.97877 0.15001 -1.08267
-0.848922 0.308724 -1.61459
-0.989373 0.3149 0.0783906
-1.15653 0.15001 0.462328
-0.700951 0.15001 -0.029778
-2.08429 0.15001 0.703495
-1.83025 0.15001 0.877292
-0.796605 0.15001 -2.84999
-1.45941 0.15001 -2.84999
0.270503 0.15001 -2.69682
-0.9541 0.15001 -1.57837
-1.29806 0.15001 -0.480361
-0.623174 0.15001 -0.781399
-0.969784 0.15001 0.447921
-0.60351 0.15001 0.105139
-1.5156 0.311185 0.208065
-0.763851 0.15001 0.781475
-0.293826 0.15001 -2.84999
-0.151438 0.15001 -2.08166
-0.443295 0.15001 -0.494686
-0.412961 0.15001 -1.88111
-0.380358 0.15001 -0.953152
-0.617057 0.15001 -0.481073
-0.0851697 0.15001 -0.535017
-0.934612 0.15001 0.771838
0.183289 0.15001 -0.960053
-0.583459 0.15001 0.738851
-0.666425 0.15001 -2.59041
-0.197921 0.26195 -2.72952
-1.1544 0.15001 -2.3613
-0.678713 0.15001 -1.40356
-0.240477 0.15001 -1.60096
-0.521301 0.321416 -0.594174
-0.440305 0.15001 -0.192536
0.118418 0.15001 0.130114
-1.10925 0.15001 0.743766
-1.52272 0.15001 1.79402
-1.04151 0.301787 -2.8034
-0.0681216 0.15001 -2.66942
0.187289 0.15001 -2.3968
-0.161162 0.15001 -1.45346
-0.268654 0.15001 -0.514148
0.329259 0.15001 -0.322719
-0.244271 0.15001 -0.221703
-0.532485 0.15001 0.56446
1.26009 0.312917 0.95605
1.42495 0.277404 0.903784
-1.54223 0.305147 -1.45677
-0.0432583 0.15001 -1.93228
0.283661 0.15001 -1.58133
-0.337719 0.15001 -2.03942
0.34859 0.15001 -0.936071
-0.282521 0.15001 -0.809586
-1.06051 0.15001 0.304356
-0.140728 0.305071 0.393499
-0.35732 0.293471 -0.249545
0.411026 0.15001 0.7018
-0.0560108 0.31412 -1.86779
-0.696999 0.293667 -2.76695
-0.335634 0.320292 -2.84196
0.587504 0.15001 -1.22061
-0.163635 0.15001 -1.13515
0.429415 0.308448 -0.96593
-0.105531 0.15001 0.333552
-1.14229 0.29723 0.61534
0.0233991 0.311683 0.326553
-1.7293 0.303183 0.460733
-0.65281 0.332266 -2.57684
-0.13322 0.15001 -1.76873
-0.212958 0.300393 -1.71189
-0.503672 0.15001 -1.73282
-0.650324 0.15001 -1.08736
0.386921 0.311247 -0.560842
-0.720943 0.15001 0.288206
-0.276394 0.15001 0.376812
0.115617 0.395138 1.03766
0.0208586 0.15001 0.453942
-0.533707 0.304261 -2.84999
-0.402578 0.311431 -1.66164
-0.00991012 0.31119 -1.52393
0.182586 0.15001 -1.43903
-0.507377 0.15001 -1.4136
-1.04621 0.15001 -0.00505672
0.172911 0.15001 -0.030897
-1.98159 0.15001 0.561787
-0.581019 0.308391 0.498151
-0.508335 0.325334 2.84999
-0.94802 0.299499 -2.02257
-0.202847 0.303204 -2.43356
-0.784692 0.15001 -2.02379
0.63678 0.15001 -1.05161
-0.487037 0.15001 -1.09902
-0.792258 0.15001 -0.475176
0.463564 0.15001 -0.213412
-0.0619551 0.15001 0.173766
-1.04463 0.15001 0.595013
0.13878 0.15001 0.577143
-0.409144 0.296088 -2.44513
-0.413444 0.15001 -2.33059
-0.478486 0.312277 -2.27206
0.0850167 0.15001 -1.29947
-0.5274 0.15001 -0.335329
-0.791197 0.15001 -0.174715
0.26351 0.15001 0.256471
-0.870997 0.15001 0.61498
-0.760021 0.297665 0.530731
-0.150005 0.15001 0.499626
0.0272735 0.15001 -2.84999
-0.0293843 0.302934 -2.10251
-0.111809 0.15001 -2.4833
0.603693 0.305926 -1.32529
0.314787 0.15001 -1.88536
-0.117498 0.296692 0.0463419
-0.452179 0.15001 -0.795144
-0.233802 0.15001 0.203767
-0.379218 0.15001 0.0848592
-1.68892 0.30774 -1.32771
0.192916 0.15001 -2.84999
-0.158753 0.15001 -2.31393
-0.0650127 0.15001 -1.61149
0.84634 0.298819 -1.7147
-0.35136 0.15001 -0.352746
0.513903 0.15001 -0.374902
0.207051 0.15001 -0.448487
0.314423 0.15001 0.562433
-0.167031 0.333292 2.69716
0.801293 0.15001 1.44249
0.109763 0.313464 -1.97885
0.28474 0.310487 -2.8468
0.946229 0.282062 -0.159376
-0.422844 0.15001 -1.26309
1.08569 0.15001 -1.5895
-0.203807 0.15001 0.0412427
0.839314 0.15001 -0.174648
0.379991 0.15001 -0.0618312
0.0983067 0.15001 0.975766
0.15396 0.15001 1.28215
1.14762 0.15001 -2.66281
2.29654 0.15001 -1.9277
-0.0563971 0.301875 -2.55192
0.179749 0.312353 -2.16928
0.0504247 0.15001 -0.861171
0.467364 0.15001 -0.616848
0.629092 0.15001 -0.555452
0.0775917 0.15001 0.291552
1.5572 0.15001 1.72257
1.25721 0.15001 2.65557
0.105892 0.308484 -2.84999
0.437462 0.15001 -2.66011
0.038167 0.15001 -1.76845
0.352917 0.15001 -1.41648
0.916006 0.15001 -1.643
0.847918 0.15001 -0.82823
0.260891 0.15001 -0.172162
0.206471 0.320275 0.417924
0.755196 0.304981 1.12542
1.31541 0.15001 1.73813
-0.479924 0.309033 -0.952552
-0.13308 0.15001 -2.84999
1.05891 0.300644 -1.69569
0.389578 0.15001 -1.72122
0.799513 0.15001 -1.01004
0.514195 0.15001 -0.911771
0.720356 0.15001 -0.0560379
-0.0249502 0.15001 0.630149
2.40443 0.15001 0.209157
1.51901 0.423446 0.928362
0.360805 0.15001 -2.84999
-0.0208359 0.315692 -2.72849
-0.145497 0.307273 -1.35256
0.213141 0.15001 -1.74238
0.49384 0.15001 -1.86096
0.648603 0.15001 -0.22129
0.386408 0.15001 0.413998
0.717934 0.15001 0.853292
-0.0413908 0.304018 0.543619
-1.40606 0.281435 2.54649
-0.367229 0.310055 -2.62859
0.629731 0.300319 -1.75528
0.0158644 0.15001 -2.36422
-0.359284 0.15001 -0.653218
0.963415 0.15001 -0.95564
0.250733 0.15001 -1.26986
0.459468 0.15001 0.0842205
0.0632718 0.15001 0.787784
0.924553 0.29046 1.20885
0.656059 0.15001 1.17558
1.24323 0.311242 -2.84999
-0.587764 0.15001 -1.56747
0.0688203 0.15001 -2.06448
0.372459 0.299444 -1.59717
0.461915 0.15001 -1.55288
0.290065 0.15001 0.0902333
0.5298 0.15001 0.578897
0.504504 0.307393 0.679582
0.575896 0.302074 1.0769
0.892941 0.15001 1.10385
1.2304 0.15001 -2.49834
-0.465761 0.15001 -2.17397
0.0589747 0.15001 -2.53027
0.0796074 0.306747 -1.22703
-0.324005 0.15001 -1.11565
0.150356 0.15001 -1.12655
0.553385 0.15001 -0.0668032
1.02805 0.15001 0.832753
1.03715 0.15001 1.01823
1.18307 0.310772 0.790677
0.678508 0.321603 -2.83091
0.0102378 0.15001 -1.45355
1.38999 0.290424 -1.94093
0.483944 0.15001 -2.18532
-0.048222 0.15001 -0.995466
0.420281 0.15001 -1.25372
-0.214899 0.15001 -0.971114
0.21318 0.306963 -0.22232
1.76707 0.15001 1.49304
1.4371 0.15001 1.59608
0.96664 0.15001 -2.66501
-0.184495 0.15001 -0.670485
0.24268 0.15001 -2.05644
1.35763 0.15001 -1.65779
1.2481 0.15001 -1.52041
0.683252 0.15001 -0.879734
0.928397 0.15001 -0.0204084
0.169183 0.305223 0.217936
1.66496 0.15001 1.34839
1.97489 0.306972 2.05832
0.96166 0.280519 -1.51997
0.311956 0.15001 -2.21782
0.696919 0.15001 -2.50925
0.658573 0.15001 -1.52271
1.24683 0.15001 -1.09954
1.34104 0.15001 -1.23667
1.78738 0.15001 -1.0928
1.06619 0.303522 1.08727
-0.49315 0.307197 -2.09005
2.4219 0.488623 1.22201
2.45973 0.273406 -0.891668
0.757071 0.15001 -1.18499
0.684819 0.15001 -0.390251
0.783592 0.15001 -2.00924
1.02156 0.15001 -0.773236
1.14185 0.15001 -0.908485
0.797939 0.15001 0.0915083
0.710525 0.314752 0.926316
1.50118 0.15001 1.41374
-0.00625379 0.15001 0.0162304
0.472397 0.314108 -2.84999
0.384872 0.15001 -2.37552
1.15312 0.311478 -2.20968
0.449482 0.298389 -2.29666
0.728989 0.323483 -0.545014
1.13283 0.315322 -0.167571
1.31182 0.15001 -0.941092
2.25132 0.361554 2.09672
0.566917 0.15001 0.969105
2.70838 0.261064 1.15565
2.14174 0.15001 -1.54218
0.516426 0.15001 -2.50704
0.174416 0.273683 -2.57273
1.28831 0.302204 -1.31453
0.361938 0.15001 -0.760699
0.0976237 0.15001 -0.57606
0.623131 0.15001 0.101733
1.14747 0.339952 1.70306
1.36009 0.15001 1.18811
2.31369 0.306538 1.18351
0.522389 0.15001 -2.81782
0.664174 0.15001 -2.17831
0.400318 0.288318 -2.49621
1.08305 0.15001 -1.07534
0.900593 0.15001 -0.655581
0.917044 0.302868 -0.541804
1.75066 0.310971 -0.740091
0.553118 0.15001 0.406933
0.203145 0.15001 0.416535
-1.9826 0.305796 0.468732
0.915178 0.15001 -2.33802
0.102803 0.15001 -2.69536
1.30517 0.303663 -2.10944
0.141827 0.15001 -1.90705
0.920957 0.15001 -1.13642
0.378001 0.15001 -0.479841
1.3421 0.15001 1.01393
0.881097 0.15001 0.927971
1.51626 0.15001 1.03795
1.57804 0.327945 2.32435
0.863532 0.295725 -2.60607
1.11822 0.282685 -2.02394
0.562222 0.15001 -2.34014
0.739955 0.15001 -1.67915
0.143702 0.15001 -0.290825
1.22746 0.15001 -0.562882
0.976664 0.15001 -0.459933
0.736532 0.15001 1.0255
1.03476 0.15001 1.23337
-1.5603 0.15001 0.731573
0.970673 0.294882 -2.23653
1.44275 0.298824 -2.81867
0.594212 0.15001 -2.01944
0.532045 0.15001 -1.39293
0.191292 0.315178 -1.80174
0.053867 0.15001 -0.146653
1.01528 0.15001 -0.270387
0.652928 0.15001 0.266675
1.19103 0.15001 1.1015
0.057206 0.302928 0.704775
1.18253 0.15001 -2.84999
1.51288 0.15001 -2.65918
0.788722 0.15001 -2.67758
1.0148 0.15001 -2.12597
1.98441 0.15001 -1.0382
1.19471 0.15001 -1.34018
1.39306 0.15001 -0.596325
0.965497 0.15001 0.149492
1.32479 0.15001 1.91861
1.73542 0.15001 1.66643
1.93508 0.15001 -2.84999
0.793572 0.30139 -1.35846
1.3211 0.15001 -1.83745
0.311258 0.15001 -1.10514
0.966889 0.15001 -1.95539
2.02266 0.15001 -1.2063
1.32796 0.311156 -1.05985
-0.781344 0.15001 0.131641
1.83544 0.15001 -0.916033
2.02859 0.15001 1.09723
1.15589 0.286857 -1.44345
1.41505 0.15001 -2.47445
0.841743 0.15001 -2.17935
0.645774 0.319869 -1.00915
1.88143 0.15001 -1.31707
2.83883 0.378164 -0.905864
1.14256 0.15001 -0.402875
0.805474 0.15001 -0.515697
0.0267293 0.313288 0.129025
-0.836867 0.305542 0.192388
1.35591 0.15001 -2.84999
1.74516 0.15001 -2.84999
1.92779 0.256619 -2.08734
1.02651 0.15001 -1.78525
1.15734 0.31124 -0.986948
0.982066 0.15001 0.319443
0.689874 0.15001 0.504391
1.53355 0.15001 1.22434
1.50886 0.15001 1.88362
1.05974 0.307841 2.84999
2.20725 0.309131 -2.84987
1.54291 0.15001 -2.84999
0.737272 0.15001 -2.33774
0.759687 0.310942 -1.5492
1.51579 0.15001 -1.25511
1.9807 0.15001 -1.68074
1.61979 0.15001 0.894994
0.687571 0.15001 0.67603
2.0474 0.15001 1.77681
0.943543 0.15001 2.69925
0.616023 0.15001 -2.66885
1.32968 0.15001 -2.66691
0.417165 0.15001 -2.02555
1.23136 0.298661 -1.62528
1.60535 0.15001 -1.10084
1.02957 0.306282 -0.369564
1.3258 0.15001 0.837268
0.492931 0.15001 1.12791
1.29275 0.15001 0.131512
0.951947 0.269262 2.02143
1.32351 0.294522 -2.5493
0.909662 0.316559 -2.84999
0.832575 0.15001 -1.48557
0.672241 0.15001 -1.85582
1.18899 0.15001 -0.735781
1.5178 0.312307 -1.60692
1.42073 0.294462 1.10615
1.82095 0.15001 1.2734
1.33997 0.15001 0.651187
2.42098 0.270784 2.13512
1.04889 0.15001 -2.49164
1.60546 0.15001 -2.49089
0.895093 0.278441 -2.06651
0.700371 0.304924 -1.99474
1.05019 0.15001 -1.24886
1.71824 0.319315 -0.948764
2.09399 0.29145 -0.900427
0.0503973 0.313153 -0.0569421
1.48771 0.15001 0.795306
1.91881 0.15001 1.42111
1.64219 0.297824 -2.84999
1.99797 0.217389 -2.32063
0.738745 0.310632 -2.21275
0.85762 0.310748 -0.962169
0.878237 0.15001 -1.31378
1.42626 0.15001 -1.08072
1.00424 0.329303 0.166511
1.17704 0.15001 0.919797
1.58126 0.290029 0.743995
1.94601 0.15001 1.60395
1.83867 0.30259 -2.8498
1.4964 0.284591 -2.17276
0.562239 0.296979 -1.55814
1.57085 0.310035 -1.84649
0.946305 0.332883 -1.13995
1.352 0.15001 -0.771267
1.25193 0.304213 0.0399431
1.73356 0.285668 0.838664
1.98603 0.153064 0.918491
1.76492 0.316147 2.12889
2.67158 0.15001 -2.84999
2.30876 0.15001 -2.84999
0.701213 0.15001 -1.35291
1.15084 0.291729 -1.1696
2.71192 0.15001 -1.82954
1.37527 0.298713 -0.862378
0.861043 0.15001 0.757026
0.852659 0.15001 -0.3421
1.04478 0.303628 -0.00211654
1.17993 0.15001 0.739064
1.64432 0.15001 -1.96088
1.49558 0.15001 -2.30697
1.80873 0.15001 -1.65702
1.14832 0.15001 -1.92039
1.97802 0.284282 -1.80231
1.48796 0.15001 -0.914368
1.51799 0.15001 -0.745227
2.50328 0.15001 -0.596442
1.26747 0.15001 0.31082
2.50829 0.15001 2.4498
0.792113 0.301788 -2.41944
0.554894 0.304305 -2.13027
2.69924 0.15001 -1.62191
2.05819 0.15001 -2.17421
0.73171 0.15001 -0.695707
0.992361 0.304157 -1.33568
1.12502 0.15001 0.223049
1.69019 0.15001 -0.745148
2.15734 0.15001 -0.830556
2.78429 0.285713 2.39851
1.10697 0.303802 -0.667121
1.57119 0.293269 -2.38387
1.49241 0.15001 -1.87149
1.37113 0.15001 -1.4018
-0.0783201 0.306767 -0.431171
2.84999 0.15001 -0.961444
2.24568 0.15001 -1.68535
0.725734 0.30638 -0.186178
1.416 0.15001 -0.0566723
2.68694 0.15001 2.08922
1.48379 0.15001 -2.04429
1.30726 0.15001 -2.01118
2.02737 0.15001 -2.68015
1.48108 0.15001 -1.53267
2.65388 0.224547 -0.925545
2.68483 0.15001 -1.43857
2.63963 0.303971 -0.557509
1.77137 0.15001 0.969345
1.53573 0.15001 -0.188237
2.84923 0.331892 0.0478222
2.10924 0.273573 -1.66243
1.3728 0.293994 -2.3401
1.85183 0.15001 -1.83191
1.49503 0.288312 -1.37401
1.95987 0.15001 -1.4991
2.08462 0.15001 -1.3726
1.99652 0.15001 -0.866676
1.56695 0.299148 -0.823805
1.20028 0.29672 0.459994
1.31792 0.15001 2.15571
2.39927 0.305391 -2.84386
1.3725 0.15001 -2.18244
2.15453 0.295308 -2.14092
1.52601 0.15001 -1.70454
1.02093 0.15001 -1.42689
1.26648 0.333091 -0.510368
1.36897 0.15001 -0.243885
1.07454 0.15001 -0.1085
1.68776 0.15001 1.14143
0.517291 0.300646 2.84957
0.871275 0.15001 -2.50401
1.75466 0.295037 -1.87975
1.67577 0.15001 -2.32755
2.53518 0.15001 -1.92729
2.8445 0.441478 -1.77308
1.19909 0.15001 -0.230588
1.49725 0.15001 -0.376184
2.41144 0.15001 -1.24434
1.42811 0.311433 -0.306612
1.60675 0.302906 1.42739
1.26122 0.15001 -2.32107
1.7493 0.268229 -2.48148
1.68109 0.15001 -1.78649
2.64115 0.291819 -2.13915
2.52512 0.15001 -1.61656
2.1451 0.274136 -1.09977
1.23557 0.289494 -0.340447
1.11522 0.15001 0.0572122
0.834599 0.15001 0.417877
2.68298 0.15001 0.129647
2.02289 0.303884 -2.84999
1.08204 0.15001 -2.2857
2.26462 0.28127 -1.80953
0.849583 0.319833 -1.89595
1.36397 0.310115 -1.49752
1.5913 0.322778 -0.513833
2.69043 0.15001 -1.25694
0.948179 0.301202 0.399935
1.3282 0.298852 1.49146
0.96358 0.304912 1.82641
2.22782 0.15001 -2.69533
2.51463 0.15001 -2.54593
1.69318 0.298594 -1.68593
1.14261 0.279691 -2.3975
0.426545 0.315337 1.18099
2.66069 0.290633 -1.93205
2.68461 0.15001 -2.04222
2.49589 0.15001 -1.40774
2.32424 0.15091 -1.08962
0.83703 0.308085 -0.00478077
2.84999 0.319303 -2.807
1.98416 0.15001 -1.94848
2.41447 0.15001 -1.787
0.544836 0.321399 -0.0422422
1.4473 0.317492 -1.19973
-0.115409 0.15001 -0.831958
2.84999 0.15001 -0.627589
1.62993 0.289101 1.00478
0.499511 0.305927 0.892373
2.40242 0.15001 -0.752502
1.66077 0.304476 -1.48912
2.35648 0.15001 -2.3099
2.47102 0.241227 -2.40394
0.360021 0.29678 -2.11559
1.85901 0.15001 -2.58896
1.51809 0.293342 -1.00784
1.20428 0.292431 -1.82859
2.12131 0.15001 -1.83523
-0.120226 0.15001 -0.10578
2.1971 0.346829 0.938081
2.43111 0.312628 -2.16787
1.51228 0.29977 -2.56099
2.84999 0.305189 -2.41963
1.78501 0.15001 -1.46785
-1.25959 0.311794 0.18142
2.14746 0.15001 -2.02006
2.84811 0.296239 -1.25716
1.24507 0.15001 -0.0546035
0.39841 0.305914 0.134904
-0.32377 0.15001 -0.0746077
2.12172 0.15001 -2.84999
1.0627 0.288018 -2.74603
0.602484 0.302023 -2.52806
0.650762 0.312101 -0.819267
2.63537 0.2839 -2.33329
1.66456 0.15001 -0.930351
2.2646 0.15001 -1.39875
0.0909648 0.424185 0.518319
2.20337 0.15001 -1.22655
2.32829 0.220102 0.800778
2.83473 0.311365 -2.61023
2.17695 0.15001 -2.35756
2.57988 0.241969 -1.75923
1.71464 0.296391 -2.25413
0.435696 0.304655 -1.42187
2.85 0.308049 -2.02812
2.84954 0.306666 -1.44526
0.747871 0.326126 -1.17341
1.97019 0.15001 0.543544
1.86399 0.316283 1.48407
1.80956 0.15001 -2.00896
0.405362 0.304311 -1.156
1.6522 0.15001 -1.58569
0.531198 0.306236 -1.92727
2.41645 0.15001 -2.06915
2.49785 0.15001 -1.00456
2.01783 0.307203 -1.29427
1.34589 0.315676 0.270221
1.33199 0.292596 -0.139399
0.0538944 0.285653 -1.03631
2.35754 0.321777 -1.96887
2.32487 0.15001 -2.50606
1.40649 0.294058 -1.75586
0.269058 0.295017 -2.34657
1.60304 0.15001 -1.41023
1.89397 0.268808 -1.1674
1.86343 0.15001 -0.734065
2.27626 0.288271 -0.815501
0.983427 0.15001 0.501152
1.46319 0.292108 2.57053
0.548434 0.292893 -0.476214
2.33801 0.289885 -2.63116
2.84999 0.301591 -2.22443
0.350176 0.321012 -1.9232
2.84999 0.297838 -1.06715
2.14983 0.319514 -0.597934
1.87794 0.292105 -1.57403
1.17499 0.321405 0.226755
2.84994 0.15001 0.237618
1.38674 0.281868 1.83464
1.6958 0.160572 -2.66923
2.84999 0.15001 -2.68047
2.56395 0.274625 -1.29328
1.7666 0.297083 -1.34002
1.70769 0.313469 -1.1435
2.84999 0.306962 -1.63317
2.84999 0.301576 -0.541914
2.84999 0.314369 -0.349279
1.61346 0.315485 -0.296079
0.421073 0.15001 2.35571
