1000 0.1
0.921838 0.230748 -0.990676
-2.41423 0.463889 -2.3696
-0.919586 0.168514 -0.895092
-1.63906 1.16488 -0.732387
-2.61151 0.15001 -2.70531
-0.410584 4.96726 -2.0466
1.55539 5.39075 -2.35952
-1.26644 1.09802 -1.66501
-1.32645 5.06667 -1.83218
-0.641849 4.2605 -0.032692
-1.60705 0.280597 -1.17176
-2.56812 0.15001 -2.84999
-2.12045 0.375116 -2.25568
-0.978182 2.73904 -0.852315
-2.45486 0.531029 -1.49508
-1.93266 1.69628 -1.05366
-2.42349 0.549411 -1.21512
-2.84999 0.15001 -1.15894
-2.54071 0.15001 -1.35658
-2.16255 0.980012 -1.67329
-1.54951 0.307475 -2.11053
-2.8334 1.18525 -2.61034
-0.587221 0.195938 -2.22834
-2.7708 0.467575 -0.959127
0.848705 6.4226 -0.617502
-2.51282 0.37467 -0.306163
-2.84876 0.492341 -1.18059
-2.55721 0.15001 -1.02566
-2.08101 0.506304 -0.461451
-2.32448 0.15001 -0.742179
-1.95398 0.322194 -1.80781
-2.57694 0.459985 -2.48466
-1.40786 2.45493 -2.22197
-1.89623 0.372577 -0.342435
-0.562306 1.89933 0.186336
-0.985411 1.44511 1.34046
-2.41356 0.490805 -1.77497
-2.54767 0.15001 -1.18786
-2.32339 1.25288 0.895805
-2.40292 2.13077 2.68495
-1.70666 0.277405 -2.7661
-2.2966 0.294667 -2.33506
-1.35709 0.287316 -2.11861
-2.46941 0.446251 -2.75089
-1.21039 0.429074 1.36171
-2.75872 2.15312 -2.06597
-2.25421 0.15001 -1.88387
-2.80218 0.29563 -0.962659
-0.91547 0.253778 1.02088
-1.48586 0.218887 0.710878
-1.83566 5.62688 -1.52761
-2.59526 0.782626 -2.84774
-2.83386 0.877028 -2.59987
-2.01376 2.46059 -0.375995
-2.47418 0.15001 -1.65735
-2.84992 0.474799 -1.5606
-2.68327 0.15001 -1.4813
-2.84998 0.34303 0.644476
-2.31864 0.744517 -0.343755
-2.71192 0.477497 -0.385108
-0.154176 2.44043 -0.998704
-2.43045 0.15001 -2.24834
-2.69716 0.785728 -2.70466
-1.375 1.78968 -2.84999
-1.55944 0.442995 -2.5774
-2.82924 0.315514 -1.12924
-2.72311 0.315378 -1.43228
-2.24702 0.508574 0.545028
-2.07582 0.15001 -0.395898
-2.3177 1.18743 -0.154739
-2.62236 1.39238 -2.19621
-2.83725 0.309205 -2.64169
-2.28344 0.15001 -2.4064
-1.68378 0.22848 -1.02652
-2.54626 0.612999 -2.83774
-2.37314 0.15001 -0.890105
-2.69177 0.444482 -0.763726
-2.14557 0.15001 0.198864
-2.69249 0.327979 0.462298
-2.54662 0.495155 1.48275
-2.51869 0.296111 -2.6214
-2.72221 0.577264 -2.59288
-2.8328 0.311278 -2.16057
-2.50395 0.31331 -2.47004
-2.73535 0.15001 -2.62494
-2.83509 0.464613 -1.38173
-2.63057 0.327929 -1.05687
-1.94308 0.15001 0.511032
-2.84348 0.367424 -0.113746
-2.57892 0.422589 1.00959
-2.28031 0.301753 -2.55327
-2.46874 0.306783 -2.8486
-1.96371 0.514392 -2.60493
-1.95693 0.41454 -2.29309
-2.32342 0.15001 -1.57297
-2.6441 0.335271 -0.507859
-2.20058 0.15001 -0.588956
-1.9706 0.15001 0.195556
-2.33414 0.471121 1.71865
-2.65309 0.283915 1.48728
-0.928288 0.442776 -0.994847
-2.12393 0.15001 -2.39787
-2.3124 0.15001 -2.09147
-1.44224 0.15001 -2.35577
-0.83669 0.217383 -1.30152
2.53044 4.91813 0.478512
-0.999337 4.35421 -2.22069
0.132724 0.545623 -0.661652
-0.67809 5.86218 -2.06787
-0.849151 4.37178 -2.77442
1.07958 0.621879 -1.78382
-2.13719 0.15001 -2.69001
-2.38738 0.15001 -1.78649
-2.67077 0.15001 -2.49387
-2.28421 0.15001 -1.15339
0.580408 0.889442 -0.935755
-2.34701 0.640398 1.11019
-2.40702 0.15001 -1.94619
-1.32968 1.59003 -1.34959
-0.196672 1.28269 -1.83348
-2.28823 0.15001 -2.84999
-2.14928 0.15001 -2.84999
-2.84986 0.953651 -2.76016
-2.35736 0.555772 -2.59605
-1.64189 0.745109 -2.81578
-0.00519278 0.367114 -2.47716
-2.52312 0.546299 -1.00567
-1.73055 0.15001 0.564796
-2.66824 0.538877 2.03028
-2.42431 0.15001 0.692939
-2.33737 0.304809 -1.30464
-0.445436 0.257037 -1.90451
-1.81297 0.15001 -2.25332
-2.84714 0.330338 -1.72326
-1.85723 0.212325 -0.958103
-2.67239 0.317111 -1.21059
-2.53526 0.15001 -0.868042
-1.78444 0.16162 -0.125385
-1.41081 0.15001 0.847978
-2.06382 0.507232 1.25497
-1.52059 0.645618 -1.46673
-2.83326 0.331875 -2.84833
-1.31332 0.231993 -2.82096
-1.95403 0.15001 -2.16173
-2.37912 0.15001 -1.42391
-2.40275 0.15001 -1.26172
-2.23436 0.15001 -0.439092
-2.40431 0.15001 -1.04565
-1.57727 0.280722 1.60262
-1.78498 0.161277 0.809684
-2.25979 0.15001 -2.24362
-1.97542 0.305608 -2.48909
-1.79568 0.291145 -1.4035
-2.55497 0.578903 -1.6338
-2.23767 0.15001 -1.70991
-2.45989 0.279411 -2.33203
-2.72071 0.597447 -0.495622
-2.20048 0.15001 0.905668
-1.14912 0.15001 0.873448
-1.42461 2.30326 1.05017
-2.17469 0.65803 -2.21979
-2.05373 0.15001 -2.53957
-1.34488 0.15001 -2.67529
-1.42211 0.318242 -1.14606
-2.36155 0.332372 -1.74881
-2.759 0.275986 -1.599
-2.82395 0.51549 -0.252381
-1.85764 0.15001 0.337603
-1.4883 0.196363 1.01388
-1.62827 0.15001 0.945404
-2.67895 0.310228 -2.70362
-1.80253 0.317006 -2.61916
-2.25121 0.421068 -2.45217
-2.68113 0.328693 -2.53027
-1.96281 0.15001 -1.97102
-2.83287 0.308114 -1.30486
-2.15719 0.15001 -1.04593
-2.08681 0.15001 0.787307
-1.93584 0.15001 0.885879
-2.04287 0.15001 0.343204
-1.69934 0.335374 -2.43775
-0.946331 0.36046 -2.73888
-1.27139 0.15001 -2.13532
-1.72103 0.161455 -2.37826
-2.79958 0.490789 -1.76167
-2.03398 0.15001 -1.65337
-2.06904 0.309086 -0.721386
-1.9263 0.15001 -0.189873
-1.33603 0.420047 2.40722
-1.0627 0.15001 1.04328
-1.66201 0.15001 -2.68685
-1.39838 0.186271 -1.93366
-1.06896 0.15001 -2.03751
-1.48063 0.175198 -1.54433
-2.15873 0.15001 -1.5591
-2.50427 0.387448 -1.16982
-1.81329 0.291876 0.398695
-1.91565 0.15001 0.708483
-1.60929 0.150341 1.16887
-0.225115 0.901282 2.41521
0.195242 0.397055 -2.52837
-1.98382 0.15001 -2.70136
-1.90522 0.15001 -2.57067
-2.56635 0.15001 -2.3643
-2.56734 0.15001 -1.95156
-2.0444 0.15001 -0.600123
-2.20536 0.15001 -0.88386
-1.18639 0.15001 0.00486476
-0.604926 0.15001 0.757975
2.34456 5.68118 0.813119
-0.539686 2.23048 -2.71458
-0.188508 0.260168 -1.80658
-0.980325 0.170474 -2.84999
0.165217 0.488081 -1.4807
-2.14658 0.15001 -2.10637
-0.961979 0.15001 -1.11732
-2.71009 0.15001 -1.86454
-1.66943 0.15001 -0.57198
0.196295 0.284922 0.392238
-0.911534 0.172249 -0.0266635
-2.17595 1.57607 -1.21319
-1.74346 0.15001 -2.55076
-1.59296 0.15001 -2.30623
-1.05778 0.151907 -1.57897
-1.88936 0.15001 -0.603731
-2.12343 0.15001 -1.25124
-0.758688 0.15001 -1.08383
-0.755279 0.15001 0.0332149
-0.362105 0.15001 0.454735
-1.06334 0.15001 0.547789
-2.00979 0.15001 -2.84999
-0.311993 0.399944 -2.81976
-1.4637 0.15001 -2.14022
-1.3862 0.15001 -2.51042
-2.10808 0.15001 -1.8012
-2.21482 0.15001 -1.40929
-1.69954 0.15001 -0.387564
-0.590304 0.788826 1.24889
-1.48606 0.15001 0.364585
-1.56832 0.687711 -0.477293
-1.51471 1.18439 -2.76401
-1.19909 0.15001 -2.52744
0.1377 0.556679 -1.86721
-1.81315 0.15001 -2.09623
-2.54697 0.388896 -1.68584
-2.05669 0.15001 -1.42111
-1.78226 0.15001 0.172685
-0.733383 0.15001 0.431555
-1.16891 4.80254 1.21369
-1.91676 1.22582 0.337217
-2.08062 0.362059 -2.84999
-1.82519 0.15001 -2.70495
-0.253175 0.15001 -2.5106
-1.85662 0.15001 -2.43235
-1.54391 0.15001 -0.918448
-1.0852 0.15001 -0.985365
-1.4492 0.15001 0.100936
-0.971819 0.15001 0.89121
-2.8136 3.18201 1.8272
-1.25417 0.15001 1.18978
-1.43659 2.12994 -2.75335
-0.797786 0.15001 -2.52009
-0.960201 0.15001 -2.2584
-1.74615 0.15001 -1.5739
-1.76059 0.15001 -0.792572
-2.09592 0.307757 -1.06884
-1.92013 0.151284 -0.433003
-1.1456 0.15001 -0.333317
-1.20284 0.15001 0.71139
-0.245541 0.699531 1.30177
-1.45507 0.321282 -2.66084
-1.18255 0.283351 -2.71924
-0.632586 0.15001 -2.44637
-1.82811 0.150023 -1.7101
-1.95343 0.15001 -1.80115
-0.602807 0.158412 -1.37093
-1.1768 0.15001 -0.57866
-0.910492 0.15001 0.466928
1.02354 0.914028 2.04064
0.659206 0.680104 1.52785
-1.92714 0.326128 -2.75263
-1.12929 0.199025 -2.31323
-0.890361 0.15001 -2.08479
-1.4738 0.15001 -1.36091
-1.82259 0.15001 -1.91284
-2.13803 0.15001 -0.735953
-1.6 0.15001 -0.748397
-2.0216 0.166887 -0.935765
-1.79278 0.15001 1.00663
-1.15116 0.311417 0.726207
-1.2758 0.39742 -2.81363
-0.273654 0.15001 -1.98596
-0.958508 0.16396 -1.87986
-1.41741 0.246077 -1.73463
-1.90269 0.15001 -1.40782
-1.72034 0.157872 -1.32727
-1.43211 0.177971 -0.420481
-1.14587 0.152947 0.210207
-1.35378 0.15001 0.649219
-1.07558 0.15001 1.24669
-0.794762 0.15001 -2.84999
-1.43475 0.15001 -2.84999
0.848432 0.15001 -2.54878
0.274987 5.27384 -1.04676
0.430402 0.165784 -0.707166
-1.19448 0.15001 -1.18551
0.0334042 0.846182 -1.4151
-0.0962469 0.449459 -0.10374
-0.167625 1.92092 -0.95719
0.962835 4.846 -0.882042
0.394825 1.3275 -2.13714
-0.225166 0.15001 -2.69157
-1.01587 0.15001 -2.46615
-1.50972 0.15001 -2.64056
-0.432527 0.173447 -0.819676
-1.43439 0.166742 -1.06295
0.143126 0.161537 0.0465904
0.175771 0.740887 -0.678777
-0.651155 0.604457 0.573565
-0.564006 3.84843 1.48268
-1.51305 0.318507 -2.8498
-1.57956 0.15001 -2.84999
-1.58814 0.15001 -2.4761
-1.68465 0.15001 -1.98912
-0.356304 0.15001 -1.54476
0.389215 0.266406 -0.900829
0.293633 0.237875 -0.119576
-0.831192 0.15001 -0.169051
-0.00596179 0.15001 0.570595
0.0967252 0.15001 0.987034
1.2878 2.35912 -2.84739
0.156923 0.27916 -2.69112
-0.733868 0.15001 -2.69487
-0.643235 0.15001 -1.9274
-0.230444 0.15001 -1.68747
-0.550021 0.15001 -1.06732
-0.985307 0.15001 -0.716941
-0.50146 0.15001 0.589316
-0.24047 0.15001 0.579845
-0.636175 1.58641 2.81481
-1.13942 1.3748 -2.83781
-0.0840601 0.150016 -2.28214
-0.41343 0.15001 -1.80022
-0.476722 0.15001 -2.01263
-1.22424 0.15001 -1.80784
-0.428779 0.15001 -1.35654
-0.77797 0.15001 -0.746416
-0.555021 0.159292 0.395645
-0.431988 0.15001 0.878981
-0.656036 0.25552 -1.02667
-0.780876 0.296989 -2.78346
-1.1653 0.15001 -2.84466
0.117567 0.15001 -2.51341
0.143477 0.195222 -1.56824
-0.920286 0.15001 -1.46989
-0.0643472 0.15001 -0.886304
-1.16651 0.159257 -0.817069
-0.0858764 0.15001 0.269669
-1.10766 0.924539 1.39617
0.249823 0.15001 1.08811
-0.92139 0.15001 -2.67832
0.133749 0.15001 -2.33956
-0.447957 0.15001 -2.36184
-0.726223 0.15001 -2.12866
-0.829904 0.15001 -1.70917
-0.285228 0.15001 -1.04166
-0.273386 0.15001 -0.152792
-0.0498871 0.15001 -0.0507957
-1.22413 0.255405 0.548865
-0.470418 0.269518 0.736658
-1.41892 0.761646 -2.61861
-0.860689 0.298296 -2.58686
-0.427364 0.15001 -2.53892
0.0675464 0.288731 -1.9801
-0.591857 0.15001 -1.76047
0.255859 0.151708 -0.413302
-0.984689 0.161221 -0.454156
-0.62587 0.152312 0.151941
-0.632125 0.15001 0.933315
-0.352583 0.15001 0.709449
-0.599937 0.277618 -2.72991
-0.339866 0.273234 -2.69772
-0.269226 0.328187 -2.54414
-0.203303 0.15001 -2.16447
-1.24357 0.15001 -1.55561
-1.01889 0.779328 -0.931364
-0.396575 0.15001 -0.3099
-0.345299 0.15001 0.291274
-0.450185 0.300622 0.519992
-0.7661 0.15001 1.06443
-0.120874 0.15001 -2.84999
-0.825176 0.315085 -2.37314
-0.16094 0.297285 -2.40929
-0.653723 0.161622 -1.59134
-0.805895 0.296173 -1.70751
-0.556896 0.268787 0.0528181
-0.304419 0.169237 0.0331216
-0.409646 0.237501 -0.60659
-0.83432 0.15001 0.635408
-0.818571 0.160322 0.799827
-0.585288 0.15001 -2.84999
-1.72426 0.15001 -2.84999
1.06962 0.15001 -2.67099
-0.784406 0.15001 -2.33981
-1.31683 0.15001 -0.949857
-0.697804 0.15001 -1.23614
-0.606174 0.15001 -0.637697
0.0694352 0.15001 -0.360384
-0.8003 6.06575 -0.0089035
-0.0374696 0.15001 0.871189
0.16204 0.15001 -2.84999
0.411399 0.15001 -2.53953
-0.0570419 0.553824 -1.1322
0.175121 0.15762 -2.10419
-0.0748586 0.241393 -1.36053
-0.211762 0.15001 -1.21281
0.271574 0.15001 -0.78811
-0.0782964 0.15001 0.709048
0.719508 1.3954 -0.603102
0.162104 0.15001 0.814702
-0.468375 0.15001 -2.71596
0.343585 1.02544 -2.79433
-1.27918 0.15001 -2.35911
-0.4216 0.15001 -2.19329
0.14337 0.15001 -1.92831
-0.328278 0.268315 -1.27398
0.0955316 0.15001 -0.776627
0.46125 0.15001 0.358649
-0.463754 0.15001 1.05199
-1.07951 0.570567 1.68403
-0.451711 0.271499 -2.84999
0.733419 0.15001 -2.68327
0.671465 0.15001 -2.50457
0.323327 0.266685 -1.97138
0.343084 0.15001 -1.57312
0.472197 0.15001 -0.998361
0.174541 0.15001 -0.603396
0.174663 0.15001 0.640258
1.05188 0.325141 0.875025
0.824884 2.0856 2.74954
-0.983604 1.43489 -2.1289
0.329191 0.15001 -2.40045
0.503408 0.187113 -1.93303
-0.00202931 0.229953 -2.38692
0.417921 1.30161 -1.15238
0.507463 0.15001 -1.17623
-0.699666 0.15001 -0.305891
0.138238 0.343392 0.638872
0.111372 0.235789 0.517017
0.629975 0.15001 0.773736
0.636122 0.451151 -2.57614
-0.16558 0.311077 -2.84999
0.487318 0.287021 -2.82979
0.974518 0.154063 -1.47367
0.201386 0.15001 -1.75153
0.649602 0.15001 -1.28883
0.108982 0.15001 0.256564
-0.252545 0.305018 0.457391
0.427723 0.317356 0.320816
-0.457189 0.393805 0.951373
-0.596308 0.39524 -2.84999
0.264965 0.15001 -2.2548
0.511192 0.343192 -2.4202
-0.0089416 0.15001 -1.88569
-0.19961 0.15001 -1.42632
0.622982 0.19915 -0.609297
-0.0978713 0.169215 -0.231573
0.260642 0.15001 0.456002
0.335585 0.47582 1.16399
0.298658 0.15001 0.93081
0.145771 0.327335 -2.84999
0.24801 0.268487 -2.4519
0.388703 0.298753 -2.3123
0.363126 0.154473 -1.82356
-0.0361457 0.15001 -1.68467
-0.78059 0.164362 -0.572969
0.386918 0.15001 -0.000394866
-0.656223 0.214851 0.582795
0.0399922 0.290817 0.795388
0.133888 1.11944 2.42049
-0.518059 0.274408 -2.42294
0.501731 0.298309 -2.58654
-0.59015 0.18939 -2.59418
0.829924 0.15001 -1.31682
-0.0283584 0.152299 -1.49572
-0.255192 0.15001 -0.803663
0.46499 0.160611 -0.278052
0.293689 0.204315 0.294215
-0.15591 0.150998 0.426968
0.450149 0.15001 0.863077
0.237661 0.429355 -2.68031
-0.0888531 0.243971 -2.68793
0.0116087 0.388418 -2.68736
0.530335 0.18889 -1.72442
-0.0648709 0.180613 -1.10734
-0.0397902 0.168335 -0.645945
0.549211 0.16911 0.0450975
-0.130523 0.216381 0.122828
-0.186846 0.282883 0.68917
0.159489 0.301428 1.03828
0.605795 0.15001 -2.84999
0.709181 0.394475 -2.43367
0.414472 0.15001 -2.7045
0.88235 1.32548 -1.22171
0.895267 0.15001 -1.96698
0.378305 1.20691 -0.402232
0.0438393 0.15001 -1.28608
0.338997 0.15001 0.155945
0.118382 0.15001 -0.187032
-1.92673 0.189139 -0.778916
0.804365 0.15001 -2.84999
0.244687 0.15001 -2.63913
0.398713 0.15001 -2.06395
1.4512 0.429809 -1.87017
0.151289 0.15001 -0.967535
0.822312 0.15001 -0.68788
0.288268 0.15001 -0.254781
0.507137 0.15001 0.667283
0.0693641 5.84801 0.0135837
0.921261 0.15001 1.04494
0.321543 0.255935 -2.15973
0.843808 0.349758 -2.84999
1.62896 0.582795 -1.13675
0.0326017 0.887662 -1.59305
1.71692 0.15001 -1.62752
0.55633 0.853908 -0.274456
1.11831 0.15001 -0.32403
0.627905 0.15001 -0.210273
0.429798 0.15001 1.11786
0.428272 0.15001 1.44055
1.20775 1.68195 -2.83187
2.53535 1.11353 -2.2592
0.766965 0.288571 -2.52867
0.802496 0.298052 -2.21438
0.305102 0.15001 -1.06753
0.976003 0.15001 -0.879118
1.01362 0.15001 -0.706897
0.332934 0.15001 0.734713
1.81494 0.15001 1.37944
1.29979 0.498024 2.53661
0.685192 0.801076 -2.84837
1.22034 0.15001 -2.69139
0.452906 0.15001 -2.23503
0.775807 0.15001 -1.66002
1.66109 0.15001 -1.82205
1.01668 0.15001 -1.21152
0.420572 0.15001 -0.50895
0.40883 0.333743 0.800683
0.882317 0.306054 1.35932
1.65813 0.15001 1.53399
-0.211173 1.09763 -1.75652
0.3385 0.163739 -2.84999
1.68689 0.441565 -2.4762
0.888688 0.15001 -1.79343
1.22219 0.15001 -1.51931
0.805586 0.15001 -1.15475
1.00347 0.15001 -0.52737
0.48804 0.263947 1.00159
2.06312 0.502353 0.948648
0.463102 0.991461 2.83039
0.960684 0.207317 -2.84999
0.690528 0.287013 -2.84999
0.637405 0.162347 -2.0487
0.681419 0.15001 -1.84737
1.17296 0.15001 -2.06518
0.624502 0.15001 -0.414145
0.643264 0.15001 0.32586
0.926647 0.15001 0.316388
0.331247 0.341011 0.989902
-0.445274 0.791102 2.01799
0.337598 0.294262 -2.71473
0.807491 0.419943 -2.65069
0.573098 0.155409 -2.64835
0.210446 0.15001 -1.22946
1.41212 0.165826 -1.30254
0.514454 0.15001 -1.40711
0.950523 0.176212 -0.0377242
0.474403 0.467554 1.01988
1.0222 0.273854 1.16752
1.09355 0.15001 1.0235
1.60156 0.305217 -2.84985
-0.0131242 0.15001 -2.11657
0.66789 0.245146 -2.36888
1.03699 0.272795 -2.15586
0.990762 0.15001 -1.64435
0.73012 0.15001 -0.0588996
0.804451 0.296129 0.209251
0.651521 0.249731 0.630342
0.428468 0.611603 1.51891
0.985335 0.15001 0.889568
1.34441 1.6473 -2.66695
0.0425634 0.257385 -2.57949
0.637272 0.313613 -2.67813
0.622796 0.229758 -1.56402
0.161696 0.15001 -1.40041
0.655473 0.179379 -0.983182
0.869784 0.217348 -0.295422
1.06511 0.17587 0.450779
1.153 0.166054 0.650808
0.681035 0.460017 0.987229
1.30469 0.319714 -2.84999
0.402643 1.09957 -1.86349
1.42956 1.75532 -1.95211
1.24499 0.15001 -2.37604
0.667938 0.70102 -1.27058
1.08791 1.50837 -1.38002
0.413318 0.766764 -1.18672
0.792441 1.4282 -0.367689
1.62964 0.15001 1.02917
1.65214 0.15001 1.33229
1.69054 0.15001 -2.68381
0.344603 1.18479 -1.25474
0.937971 0.15001 -2.24922
1.95451 0.15001 -1.87218
1.99612 0.15001 -1.70268
1.1304 0.15001 -1.36833
1.45776 0.15001 -0.259502
0.827814 3.15032 -1.79479
1.46766 0.15001 0.973956
2.60442 0.795859 1.86033
1.50932 1.14643 -1.91606
0.973757 0.15001 -2.43575
1.46621 0.15001 -2.53915
1.31823 0.15001 -1.90458
1.87627 0.15001 -1.21513
2.03687 0.15001 -1.24175
2.13097 0.15001 -1.10474
0.986292 0.593674 0.450421
0.104211 1.49676 -2.61042
2.38131 1.45993 2.83058
1.86118 1.97659 -1.68003
1.14452 0.262609 -1.59674
0.748145 1.11579 -0.97996
1.47272 0.15001 -2.23243
1.54737 0.15001 -1.09991
1.73417 0.15001 -1.09892
1.29012 0.15001 -0.267273
0.81264 0.34814 0.585762
1.34591 0.15001 1.1166
0.428433 0.704584 -0.271469
1.11926 0.323407 -2.84999
1.13827 0.15001 -2.52471
1.73863 0.315201 -2.69158
0.976555 0.257011 -2.58076
1.23446 0.15001 -1.22099
1.59232 0.277191 -0.707367
1.83569 0.152457 -0.902907
2.04496 0.29408 1.52924
0.805229 0.15001 0.687731
2.67289 0.523413 1.58312
2.5257 0.712112 -1.68213
1.30576 0.15001 -2.52432
0.832141 0.273694 -2.69444
1.85211 0.396083 -1.92703
1.10936 0.512685 -0.764333
0.377366 0.715447 -0.550187
1.26536 0.15001 -0.0542023
1.50315 0.273666 1.29295
1.28465 0.15001 0.957253
2.51382 0.455857 2.49255
1.1058 0.15001 -2.84999
1.41537 0.15001 -2.38026
1.02548 0.402016 -2.66099
1.74254 0.15001 -1.28813
1.18535 0.15001 -1.04125
1.07381 0.287595 -1.12166
2.43907 0.278058 -0.813234
1.17079 0.15001 0.0973003
0.39853 0.15001 0.5471
-0.323487 0.567588 1.36004
1.4671 0.290349 -2.69845
0.919323 0.15001 -2.70237
1.84384 0.378958 -2.43861
0.817778 0.15001 -2.12484
1.3989 0.15001 -1.47948
0.599657 0.15001 -0.81923
1.30149 0.15001 0.572001
0.916999 0.15001 0.549545
1.47967 0.15001 0.622603
1.80729 0.304519 2.45059
1.27008 0.426792 -2.70485
1.66873 0.289477 -2.51575
1.20416 0.294151 -2.62953
1.49937 0.15001 -1.9104
0.804703 0.344773 -0.454583
1.49378 0.15001 -0.740614
1.25207 0.184168 -0.625424
0.999669 0.15001 0.72012
1.17277 0.15001 0.826707
-0.264615 0.253987 0.839256
1.56652 0.415991 -2.6743
1.81511 0.405554 -2.8216
1.23807 0.18099 -2.21429
1.21511 0.15001 -1.75248
0.840256 0.285367 -2.02147
0.828355 0.153437 -0.463792
1.49846 0.179425 -0.471622
1.36885 0.15001 0.214529
1.32906 0.15001 0.732885
0.573171 0.455959 1.33973
1.74542 0.15001 -2.84999
2.29475 0.15001 -2.70989
1.53164 0.15001 -2.69539
1.79534 0.15001 -2.36545
2.33951 0.15001 -1.15369
2.10139 0.15001 -1.39314
1.96857 0.15001 -0.807582
1.61761 0.15001 -0.276857
1.65868 0.15001 1.73718
1.50641 0.15001 1.17707
2.37113 0.15001 -2.84999
1.4654 0.533447 -1.55247
1.90847 0.15001 -2.04428
0.746771 0.15001 -1.47125
1.65984 0.15001 -2.00149
2.37434 0.15001 -1.31445
1.40832 0.969772 -1.10267
-0.0750499 0.809696 -0.1129
2.33775 0.15001 -0.847963
1.98859 0.15001 0.965072
1.74704 0.268405 -1.72822
2.19642 0.15001 -2.58953
1.68513 0.15001 -2.19677
1.45052 0.357837 -1.5637
2.3348 0.15001 -1.47
2.82616 0.308033 -0.933398
1.67971 0.15001 -0.466932
1.27481 0.684851 -0.598087
0.462303 1.75551 0.0981128
-0.140862 1.42743 0.178312
1.9051 0.15001 -2.84999
2.21406 0.15001 -2.84999
2.18109 0.431059 -2.54981
1.79796 0.15001 -1.92067
1.75536 0.289312 -1.47265
1.72849 0.15001 -0.149284
1.53027 0.15001 0.127681
1.48948 0.15001 0.796314
1.93092 0.15001 1.50125
1.9825 0.351599 2.72533
2.45069 0.47304 -2.84999
2.06032 0.15001 -2.84999
1.60457 0.15001 -2.35888
1.6421 0.415119 -2.15354
2.1837 0.15001 -1.53612
2.57221 0.305375 -1.64794
1.72885 0.15001 0.51998
1.15721 0.180547 0.274548
1.89165 0.15001 1.22928
0.764662 0.884836 2.83003
1.37235 0.15001 -2.6802
2.03861 0.15001 -2.67658
1.09277 0.15001 -2.32341
2.03786 0.353255 -1.98439
2.27439 0.314741 -1.25006
2.16137 0.285913 -0.468644
1.6093 0.15001 0.409889
0.756916 0.189047 0.889852
2.08517 0.15001 -0.165611
1.1295 0.437711 1.97205
1.65289 0.451657 -2.84999
1.45917 0.425031 -2.84649
1.62736 0.265735 -1.58635
1.36102 0.15001 -2.08334
1.67425 0.154739 -0.88421
1.91432 0.26087 -1.546
1.3044 0.336798 0.86367
1.65154 0.15001 0.861951
2.06652 0.15001 0.387061
2.16999 0.504879 2.60247
1.85916 0.15001 -2.69293
2.03185 0.332634 -2.68829
1.57579 0.32275 -2.34844
1.23626 0.334289 -2.35527
1.90375 0.15001 -1.37724
2.24886 0.38856 -1.00882
2.34857 0.682101 -0.582234
1.54024 0.41215 0.0870088
1.90111 0.15001 0.445429
1.85985 0.15001 1.07764
1.93846 0.308767 -2.84999
2.36971 0.400754 -2.5564
1.42632 0.306132 -2.47898
1.58058 0.179061 -1.28657
1.7509 0.15001 -1.463
1.90259 0.15001 -1.05523
1.97927 0.263806 0.0196885
1.42605 0.15001 0.454965
1.89446 0.285286 0.684158
1.71887 0.15001 1.17667
2.10052 0.314728 -2.84999
2.09677 0.27549 -2.54809
1.41745 0.282419 -1.83364
1.94429 0.319049 -1.78769
1.57259 0.15001 -1.45506
2.0313 0.192493 -0.957381
2.13643 0.350197 -0.303316
1.56577 0.258817 0.520845
1.78415 0.319664 1.3833
1.56788 0.277679 1.47555
2.72267 0.463448 -2.84999
2.52827 0.15001 -2.84999
1.42114 0.241135 -1.66447
1.7646 0.397434 -1.64234
2.70535 0.15001 -1.97792
1.97767 0.349592 -1.07633
1.50753 0.15001 0.292757
1.09212 0.617888 -0.510279
1.92679 0.302094 -0.145458
1.66945 0.15001 0.21223
2.19361 0.15001 -2.11772
2.25813 0.15001 -2.42802
2.40485 0.15001 -1.90878
1.8554 0.15001 -2.20285
1.69468 2.66729 -1.55056
1.47943 2.74762 -0.881006
2.14663 0.15001 -0.826581
2.6985 0.15001 -0.662673
2.11016 0.15001 0.0383857
2.36963 0.15001 2.71101
1.62384 0.696694 -2.84071
1.08876 0.283622 -2.43769
2.69743 0.15001 -1.8087
2.5052 0.15001 -2.2247
1.24787 1.16767 -0.983315
1.95592 0.458757 -1.56174
1.90019 0.15001 -0.0872539
2.25717 0.15001 -0.711164
2.3745 0.15001 -0.580492
2.32132 0.352559 2.53241
2.1629 1.10851 -1.47863
2.20892 1.13288 -2.71865
2.07071 0.15001 -2.00513
2.15446 0.15001 -1.69278
0.544291 0.451599 -0.85992
2.84999 0.15001 -1.45856
2.62522 0.15001 -1.66268
1.42849 0.59226 -0.350471
2.2876 0.15001 -0.112466
2.81308 0.302677 2.57307
2.14509 0.15001 -2.29106
2.0283 0.15001 -2.16973
2.52572 0.316155 -2.67345
2.1203 0.15001 -1.8507
2.61397 0.44788 -0.583399
2.66848 0.15001 -1.5044
2.45088 0.517765 -0.525918
1.8354 0.15001 0.643522
2.21444 0.15001 -0.397532
2.68296 0.537558 -0.312764
2.64212 1.16797 -1.98308
1.88699 0.299924 -2.58632
2.38352 0.15001 -2.08577
2.38272 0.756273 -1.58913
2.47927 0.15001 -1.57176
2.51711 0.15001 -1.40558
2.52288 0.15001 -0.894994
2.28037 0.297767 -0.645998
2.75132 0.634825 0.896732
1.89609 0.15001 1.79323
2.602 0.306238 -2.84999
2.09504 0.15001 -2.44803
2.75235 0.635234 -2.57249
2.25019 0.15001 -1.96197
2.01865 0.15001 -1.52854
2.42333 0.458085 -1.05199
2.04972 0.15001 -0.499886
2.03447 0.15001 -0.324557
1.63528 0.15001 0.685297
1.47706 0.230897 2.57539
1.6225 0.15001 -2.53099
2.48285 0.30252 -2.30361
2.31899 0.320855 -2.37082
2.68833 0.317826 -1.96861
2.60742 0.440789 -1.86413
1.88887 0.15001 -0.462825
2.20454 0.15001 -0.562071
2.5106 0.449789 -0.867582
2.38817 0.295679 -0.178277
1.90367 0.319693 0.895341
1.95269 0.15001 -2.52671
2.14465 0.474439 -2.82866
2.44667 0.301458 -2.04785
2.16376 0.610837 -1.94128
2.75014 0.27706 -1.67589
2.42098 0.413923 -1.23768
2.19369 0.312402 -0.78665
1.82672 0.15001 -0.300593
1.71234 0.15001 0.0230732
2.75831 0.848769 0.31281
2.26676 0.334305 -2.84999
1.78887 0.15001 -2.53629
2.48553 0.617679 -1.97931
1.74211 0.292915 -2.0681
2.17776 0.40467 -1.46067
2.41012 0.320861 -0.55613
2.67502 0.285003 -1.2613
2.1233 0.448114 -0.0182046
1.75978 0.261021 0.783816
1.38363 0.291075 1.47075
2.60742 0.15001 -2.71929
2.76095 0.322542 -2.44868
2.60476 0.426473 -2.37689
2.14611 0.582231 -2.6556
1.36383 1.52358 0.725654
2.84999 0.45399 -2.26098
2.69737 0.15001 -2.13954
2.6721 0.15001 -1.33902
2.72564 0.893164 -1.04151
1.50037 0.267124 -0.126012
2.84997 0.9119 -2.84864
2.55103 0.15001 -2.06409
2.56313 0.15001 -1.90347
1.86414 0.494505 0.0034065
1.70225 1.87161 -1.3165
1.15186 0.521898 -1.12075
2.84999 0.15001 -1.31116
1.37802 0.481098 0.67175
1.04622 0.523365 0.767028
2.48835 0.15001 -0.452757
2.33941 0.508893 -2.08679
2.68527 0.78668 -2.53066
2.26234 0.60378 -2.81608
1.37393 2.68784 -2.77525
2.4527 0.15001 -2.69755
2.38863 0.701762 -1.36296
2.40756 1.88155 -1.44859
2.52511 1.79039 -1.33618
0.337995 0.79123 0.065976
2.83937 0.369538 1.77464
2.84395 1.30557 -2.52466
1.81982 0.57235 -2.84198
2.84901 0.462959 -2.43719
2.46724 0.15001 -1.74709
1.09403 0.791175 -2.21774
2.6591 0.335015 -2.15626
2.84537 1.0632 -1.37453
2.23682 0.22072 -0.259056
2.10274 0.792792 0.407314
0.571893 0.315268 -0.0453956
2.43061 0.298363 -2.84822
1.93829 0.916828 -2.83161
1.84299 0.770083 -2.6715
1.78095 0.537271 -1.44396
2.65608 0.290641 -2.31983
2.22019 0.15001 -0.97039
2.80801 0.430631 -1.46036
1.69918 0.273538 0.349636
2.58598 0.508141 -1.08231
2.81899 1.13898 0.734581
2.84966 0.479575 -2.61109
2.56552 0.15001 -2.39102
2.55618 0.282041 -1.82326
2.36101 1.1541 -2.83452
1.95068 1.60673 -2.58797
2.84999 0.303107 -2.1463
2.84999 0.292578 -1.53712
1.92772 1.04602 -1.40595
2.28545 0.622178 0.386042
2.74012 0.649198 2.80308
2.49723 0.308508 -2.47815
1.77444 0.899581 -1.89802
2.286 0.15001 -1.79343
1.75863 0.320973 -2.28249
2.73368 0.755346 -1.91779
2.51511 0.15001 -1.22375
2.65776 0.545098 -1.45531
2.68539 0.924219 0.168678
2.10619 0.307649 -0.129211
1.83485 1.81059 -0.300331
2.72119 1.6831 -2.61657
2.64713 0.298487 -2.56468
2.19611 0.298316 -2.22313
0.867526 0.422008 -2.40656
2.3203 0.15001 -1.63535
2.52998 0.31861 -1.15137
2.45077 0.15001 -0.730045
2.72163 0.272859 -0.269221
2.07776 0.803372 -0.0660933
2.46181 2.59582 1.44967
2.17416 1.27033 -1.64603
2.70463 0.364256 -2.717
2.84999 0.298516 -2.31041
1.55517 0.763886 -2.00491
2.84999 0.303858 -1.34835
2.56279 0.395015 -0.409762
2.6198 1.01006 -1.25534
2.25684 0.378707 -0.127785
2.84999 0.321942 0.10638
1.32228 0.859073 0.952758
2.34739 0.330747 -2.70187
2.83314 0.301291 -2.62073
2.67842 0.306634 -1.45329
2.56781 0.72619 -1.41975
2.55668 0.374412 -1.36235
2.76093 0.397363 -1.7925
2.72579 0.361536 -0.729238
2.78919 0.308278 -0.575957
2.48238 0.269628 -0.33395
2.25995 1.71845 2.10382
