2000 0.1
-2.84999 0.15001 -2.84999
-2.6895 0.15001 -1.57181
-2.84999 0.15001 -0.285449
-2.35964 0.15001 -1.26029
-2.69382 0.15001 -0.381786
-2.84999 0.15001 0.88852
-1.74819 0.15001 2.32269
-1.88282 0.331943 1.87512
-2.07056 0.15001 2.06163
-1.74192 0.15001 2.84999
-2.84999 0.15001 -0.449338
-2.3831 0.15001 -1.76021
-2.4971 0.15001 -2.84999
-2.84999 0.15001 -1.48352
-1.92854 0.15001 2.35223
-2.27464 0.15001 1.15146
-2.5095 0.15001 2.50166
-2.84999 0.15001 2.6719
-1.00289 0.312785 -0.342705
-2.84999 0.15001 2.84999
-2.84999 0.15001 0.214992
-2.84999 0.15001 0.386306
-2.37494 0.15001 -0.431663
-1.92612 0.15001 -0.416949
-2.84999 0.15001 -0.120824
-2.84999 0.15001 2.49912
-1.34953 0.15001 1.79741
-0.662836 0.306196 -0.531285
-1.47173 0.15001 2.07501
-0.746778 0.15001 2.84999
-2.76505 0.299939 -2.84999
-2.84999 0.15001 -2.00307
-2.84995 0.15001 -0.94828
-2.68428 0.15001 2.00561
-1.31181 0.294106 1.52494
-2.05593 0.568573 1.81195
-1.53671 0.303451 1.80923
-1.89994 0.15001 2.17721
-1.39777 0.15001 2.39151
-2.55768 0.15001 2.7136
-2.84999 0.15001 -2.34824
-2.69438 0.15001 0.127459
-2.39972 0.15001 2.17745
-2.36471 0.15001 -0.708425
-2.32028 0.321114 1.21943
-2.10274 0.15001 -0.489111
-2.84999 0.15001 1.81438
-2.43466 0.15001 2.34574
-2.01159 0.302209 1.06931
-2.27254 0.15001 2.7937
-2.75018 0.297751 -1.09431
-2.30124 0.15001 -2.26411
-1.30698 0.291529 -1.09596
-1.21895 0.337118 -0.1348
-0.969648 0.429291 1.5418
-2.39695 0.15001 2.00892
-2.812 0.308793 -0.493376
-1.93886 0.15001 2.84999
-2.39729 0.15001 2.66459
-2.19947 0.292415 1.11391
-2.21771 0.15001 0.00735334
-2.60656 0.376623 2.28308
-2.84999 0.15001 0.724851
-2.16178 0.279615 -1.12704
-1.95782 0.296123 0.77488
-2.12138 0.15001 1.51685
-2.84458 0.301473 0.0323883
-1.88918 0.15001 2.54994
-1.07194 0.15001 2.84999
-1.57761 0.15001 2.53498
-1.94943 0.15001 -2.24913
-2.18687 0.15001 -1.35464
-1.71274 0.15001 1.45566
-2.52011 0.15001 -1.31556
-2.68464 0.15001 1.81242
-1.84609 0.15001 2.7167
-1.51866 0.330435 1.62133
-2.84999 0.15001 1.21655
-2.20545 0.15001 1.6967
-2.84999 0.33275 0.520569
-2.2872 0.30898 -1.64279
-0.680593 0.305329 -1.53637
-2.45303 0.294731 -0.755245
-1.39139 0.303742 1.3384
-2.84999 0.15001 2.15436
-1.32531 0.295448 0.786752
-2.44884 0.15001 2.84999
-2.46578 0.308136 2.25346
-2.05515 0.368778 0.0186253
-2.43407 0.309084 0.610003
-2.66987 0.15001 -2.42368
-1.0844 0.312971 0.694719
-2.68134 0.15001 -0.042801
-1.81126 0.15001 2.03873
-2.38399 0.15001 -0.0421612
-2.15183 0.15001 -0.834707
-2.09003 0.15001 1.81138
-1.67955 0.15001 2.16556
-1.46277 0.15001 1.91157
-2.77375 0.295034 0.33748
-2.23397 0.15001 -2.70536
-1.58805 0.15001 -1.6108
-2.84999 0.15001 -0.612211
-2.84999 0.15001 -1.30526
-2.84999 0.15001 1.48475
-1.95737 0.15001 1.45449
-1.05832 0.15001 1.60534
-1.66349 0.15001 2.69161
0.0174363 0.15001 2.84999
-1.51082 0.15001 2.23392
-2.39374 0.15001 -2.40828
-2.74754 0.437984 -1.62638
-1.7934 0.15001 1.1491
-1.17208 0.15001 1.18581
-2.34794 0.15001 1.82817
-1.20761 0.15001 1.51985
-2.28308 0.15001 1.50755
-1.62691 0.15001 1.99708
-2.25987 0.15001 2.26711
-1.48736 0.15001 2.66462
-2.14864 0.15001 -2.84999
-1.65659 0.15001 -2.84999
-2.2121 0.308704 -2.83586
-0.876504 0.15001 1.74005
-1.21004 0.309681 1.36448
-2.84999 0.15001 1.0519
-1.03452 0.436475 1.9186
-1.25721 0.283518 2.40443
-1.0044 0.15001 2.33814
-1.39786 0.15001 2.84999
-2.23143 0.15001 -2.10722
-1.41699 0.283178 -0.818862
-2.14082 0.15001 -0.662988
-1.86646 0.15001 1.74563
-1.26955 0.299848 1.18473
-2.2727 0.415308 1.76859
-1.50394 0.15001 1.70626
-2.57176 0.297306 0.446087
-1.13586 0.288169 2.23552
-2.0424 0.15001 2.50438
-1.68994 0.15001 -2.05972
-2.37084 0.15001 -1.59533
-2.3845 0.15001 0.830049
-2.31079 0.15001 2.48221
-1.20996 0.15001 1.70023
-2.84999 0.15001 2.32523
-1.40224 0.428447 1.82498
-1.29868 0.293178 2.09512
-1.47058 0.305734 2.16752
-1.26598 0.15001 2.53413
-2.59255 0.27108 -2.19124
-2.53335 0.15001 -1.67059
-2.80596 0.480325 -1.44984
-2.84999 0.15001 -2.17801
-1.06006 0.454078 1.01127
-1.37033 0.293227 1.7073
-1.33904 0.576156 2.43417
-1.29188 0.427493 1.9748
-1.1799 0.421101 2.12475
-0.0377195 0.15001 2.68496
-2.84999 0.15001 -1.65447
-1.72572 0.288884 0.107118
-2.02749 0.15001 -0.279705
-1.12129 0.41377 1.22227
-0.839118 0.430342 1.67666
-2.44244 0.15001 1.56129
-0.896562 0.530153 1.81912
-1.8812 0.302681 -1.66595
-2.31956 0.15001 -0.8724
-2.66718 0.15001 2.84999
-2.69342 0.15001 1.15019
-2.67573 0.15001 -1.91096
-1.5456 0.15001 1.3682
-2.53793 0.15001 -0.755234
-1.57408 0.15001 1.55196
-2.05531 0.15001 -1.10771
-0.867643 0.30478 -0.92929
-2.1022 0.15001 2.84999
-2.66314 0.31175 0.824333
-1.11065 0.15001 2.65312
-2.84999 0.15001 1.9833
-2.29531 0.325631 1.46204
-2.69941 0.29022 2.08958
-0.931982 0.480265 1.16215
-1.7689 0.15001 1.88151
-2.69792 0.15001 2.42101
0.178717 0.15001 2.84999
-1.19779 0.447321 1.79756
-1.46914 0.315754 0.551835
-1.56273 0.15001 2.84999
-2.84999 0.15001 0.557025
-1.82102 0.15001 0.056828
-2.65183 0.15001 -0.908666
-2.24766 0.15001 -0.169543
-1.14164 0.475641 1.59738
-1.80819 0.308571 -0.471737
-2.03846 0.426032 1.43958
-2.67844 0.15001 2.60408
-1.25534 0.464369 2.82937
-2.84999 0.338227 1.25101
-2.69131 0.301306 -2.35278
-2.69097 0.15001 -1.23512
-2.58015 0.15001 1.27806
-1.31158 0.15001 1.33746
-1.13202 0.15001 1.34639
-2.00334 0.15001 1.6387
-2.60159 0.15001 1.44984
-1.26298 0.15001 2.01731
-0.729733 0.15001 2.6667
-0.584904 0.15001 2.84999
-1.69263 0.15001 1.67463
-1.72111 0.15001 -0.0975627
-2.18972 0.15001 -1.00056
-0.784354 0.297321 0.921769
-0.810203 0.267378 1.28807
-1.16717 0.15001 2.16529
-1.18276 0.15001 1.87048
-1.1496 0.299721 1.98657
-1.19535 0.15001 2.32679
-1.14039 0.298808 2.58283
0.028465 0.15001 -2.24973
-1.20377 0.15001 0.869444
-2.20868 0.15001 -1.19021
-0.908747 0.289921 1.4604
-2.5434 0.15001 2.08254
-1.07502 0.15001 2.01321
-0.724956 0.292184 1.95974
-2.43094 0.15001 1.39777
-0.831656 0.15001 2.22512
-0.9605 0.303255 2.58384
-2.04273 0.15001 -2.10939
-2.04065 0.15001 -2.40477
-1.50367 0.15001 -2.07492
-2.3455 0.15001 -1.08055
-1.18132 0.31325 1.66963
-1.3609 0.15001 1.61892
-1.27251 0.293609 1.85499
-1.3296 0.15001 2.19259
-1.06039 0.303054 2.4142
-1.09917 0.15001 2.48384
-2.84999 0.15001 -1.83326
-0.800291 0.310822 0.648865
-2.67816 0.15001 -0.56496
-2.08778 0.15001 -0.121019
-2.84999 0.15001 -0.779254
-2.69945 0.15001 -0.209103
-0.845502 0.299956 1.80204
-0.999147 0.15001 2.16196
-1.4343 0.305726 1.97142
-1.07152 0.438126 2.29539
-1.10965 0.301491 0.885042
-0.401113 0.15001 2.84401
-1.9561 0.296848 -1.36179
-0.806629 0.386792 1.07286
-0.630932 0.482822 1.75059
-0.68843 0.617171 1.85957
-1.32553 0.448419 1.63855
-0.832473 0.283881 2.11117
-2.84557 0.325323 2.84523
-2.31483 0.315011 -0.201528
-2.32009 0.15001 -2.56018
1.76691 0.15001 -1.42714
-2.26494 0.15001 -0.549448
-0.315045 0.312423 0.334953
-1.27261 0.457668 1.45476
-2.19422 0.15001 2.60532
-0.869594 0.430322 2.01068
-1.01632 0.333312 2.10079
-1.19922 0.447638 2.42452
-2.4632 0.31372 -0.42786
-2.68545 0.15001 -1.0693
-1.29672 0.319888 0.308584
-2.70348 0.15001 1.5824
-2.72657 0.36645 -0.17379
-2.69051 0.15001 0.979479
2.35447 0.23606 2.08117
-1.30265 0.15001 2.69219
-2.84999 0.15001 0.0431262
-1.23155 0.535487 2.25644
-2.29014 0.299245 2.7615
-1.51357 0.305187 -0.502733
-2.69742 0.15001 -0.73969
-2.25322 0.322375 0.929212
-2.44054 0.302163 -1.22873
0.49153 0.302073 -0.970022
-2.59377 0.15001 2.2871
-1.7389 0.15001 2.48634
-2.02708 0.318829 2.83136
1.67917 0.15001 2.42297
-1.59909 0.315217 2.66788
-1.53353 0.15001 -1.25598
-1.83889 0.15001 -0.226557
-1.42945 0.325017 -0.345894
-2.49993 0.15001 -0.582025
-2.35738 0.15001 -1.42844
-2.84999 0.15001 1.65089
-1.05855 0.321887 -0.976253
-1.61058 0.15001 1.82657
-1.94472 0.298395 -0.281102
-0.858822 0.299318 -0.549708
1.10221 0.15001 -2.84999
-2.6945 0.15001 0.804549
-1.8382 0.15001 1.33676
-1.08986 0.15001 1.00941
-0.412596 0.15001 1.54765
-0.787743 0.15001 1.5643
-0.580177 0.15001 1.83506
-1.03144 0.15001 1.80709
-0.878851 0.15001 2.01186
-0.388838 0.15001 2.30928
-2.67703 0.15001 -2.84999
-2.23763 0.15001 1.96035
-2.53577 0.15001 0.0424353
-0.677773 0.15001 1.23161
-1.09683 0.294231 1.51095
-0.565056 0.15001 1.43951
-1.08515 0.297407 1.81923
-0.945103 0.283619 1.94287
-0.925815 0.15001 2.5072
-0.197866 0.15001 2.84999
-2.536 0.15001 1.69458
-0.660369 0.301853 0.772811
-2.32905 0.15001 0.140257
-1.11324 0.293098 1.08941
-0.629055 0.268301 1.34258
-0.748496 0.15001 1.39285
-0.773829 0.15001 1.87863
-0.580251 0.15001 2.30852
-0.768377 0.312098 2.28426
-0.771132 0.243939 2.54454
-1.24897 0.15001 0.0597066
-1.51297 0.15001 -0.390456
-2.22809 0.15001 0.367575
-0.954595 0.312115 0.990782
-0.468186 0.291696 1.40757
-0.953766 0.280287 1.64678
-0.509416 0.359994 1.70136
-0.703598 0.15001 2.0454
-0.951762 0.289706 2.25799
-0.873623 0.276048 2.4131
-2.13949 0.15001 -2.55755
-2.84999 0.15001 -2.68397
-1.01773 0.426109 1.72728
-1.03286 0.297175 1.32793
-0.82962 0.15001 1.14792
-0.809354 0.506162 1.49497
-0.698992 0.402245 2.10375
-0.877644 0.435818 2.19695
-1.32012 0.360276 2.25933
-2.71585 0.372699 1.61212
-2.0794 0.15001 0.807204
-1.6384 0.15001 1.03954
-0.874507 0.15001 -2.5445
-0.617091 0.437566 1.39631
-0.530201 0.356944 1.23262
-0.6565 0.303149 1.78817
-1.15591 0.553908 1.98789
-0.756978 0.437094 1.86716
-0.548339 0.509724 2.08456
-0.817215 0.388313 2.65203
-2.84999 0.15001 -2.5137
-0.235769 0.454105 0.990672
-1.27943 0.15001 1.04678
-2.26376 0.15001 1.32008
0.923777 0.301771 -0.707798
-1.09205 0.449495 1.41018
-0.516757 0.650275 1.94738
-1.02777 0.52443 2.13832
-0.735775 0.396471 2.46615
-2.65201 0.319273 1.88827
-0.446859 0.15001 -0.174381
-0.0844708 0.279369 2.84999
-0.517736 0.304733 -0.124522
-2.02266 0.15001 2.68146
-0.343066 0.624677 1.80913
-0.953919 0.583827 1.6322
-0.743259 0.560073 2.02526
-0.94667 0.597962 1.98537
-2.66667 0.309784 2.83185
-0.917332 0.450068 2.39875
-2.70368 0.15001 -2.08363
0.665346 0.15001 -1.7963
-2.51245 0.310569 -1.39981
-0.612946 0.433595 1.06881
-2.42672 0.307039 -0.983852
-2.53589 0.15001 -0.173232
-0.52683 0.637183 1.72459
1.40354 0.15001 1.4074
-0.566285 0.53636 2.28925
-1.57865 0.334591 1.23988
0.645702 0.379642 1.05544
0.028959 0.311021 0.385105
2.56742 0.299109 2.0118
-2.51202 0.15001 -1.13551
-1.35815 0.309286 -0.644099
-2.21791 0.303192 -0.862638
-1.07432 0.588487 1.79476
-2.15534 0.293405 1.3462
-0.84966 0.613219 2.18989
-2.22098 0.27848 0.22795
-0.914227 0.15001 1.30718
-2.39005 0.15001 -0.262445
-2.10735 0.15001 1.1527
-1.46075 0.15001 1.04195
0.315922 0.15001 1.46888
-0.695561 0.15001 1.71405
-0.446615 0.15001 1.97624
-0.629255 0.15001 2.49943
0.497538 0.15001 2.84999
0.870933 0.15001 2.60269
0.926882 0.15001 -2.84999
-0.800247 0.15001 0.83698
-1.46854 0.299297 -0.994793
-0.507091 0.15001 1.26025
-0.581049 0.294621 1.54347
-0.204825 0.15001 1.46117
-0.408799 0.15001 1.7952
-0.48483 0.291066 1.8641
-0.471622 0.192524 2.45661
-0.612861 0.301446 2.37588
-0.515006 0.15001 -2.24203
-0.725303 0.15001 1.00459
-0.570269 0.15001 1.09001
-0.680374 0.278571 1.12649
-0.383691 0.15001 1.38207
-0.756164 0.288868 1.63763
-0.660696 0.238969 2.17649
0.3863 0.15001 2.67635
-0.563379 0.317301 2.55023
-0.473982 0.15001 2.63051
-1.41955 0.15001 1.46988
1.58714 0.15001 -0.682839
0.504372 0.15001 0.637275
-0.605455 0.28617 0.959659
-0.290306 0.422024 1.53697
-0.673268 0.432092 1.59028
-0.528981 0.172857 1.67312
-0.596114 0.415353 1.93779
-0.54974 0.280313 2.03573
-0.646452 0.313892 2.70121
1.16413 0.15001 1.34344
-2.74485 0.15001 1.34134
-2.34481 0.440952 1.94363
-0.69423 0.449427 0.891489
-0.938716 0.30341 1.17409
-0.746001 0.326533 1.45808
-0.479391 0.442609 1.52158
-0.415286 0.271204 2.2109
-0.449752 0.369287 2.36139
-2.32481 0.420298 2.84999
0.384516 0.15001 0.200249
-0.305499 0.39069 0.802522
0.540013 0.15001 1.94778
-0.395188 0.443359 1.12423
-0.305673 0.562289 1.42468
-1.93578 0.282182 -1.16266
-0.478285 0.500219 1.8419
-0.331254 0.409119 1.86452
-0.555145 0.372862 2.21066
-0.571444 0.486785 2.46949
-1.58676 0.325596 1.03049
-2.36919 0.15001 -1.99668
2.69117 0.15001 -1.21159
-2.47502 0.15001 -0.929179
-1.54287 0.15001 -0.0983861
-0.890475 0.420104 1.34337
-0.367374 0.533458 1.99581
-0.656112 0.647232 2.16544
-0.306091 0.47648 2.62694
-2.10154 0.334947 0.508535
-1.98842 0.335696 1.22432
-0.466965 0.424751 0.945825
-2.78342 0.517632 -0.917833
-0.922986 0.30247 0.800582
0.413281 0.34778 2.65596
-0.764704 0.565311 1.32074
-0.630154 0.592314 1.53027
-0.203167 0.538221 1.88959
2.33979 0.15001 1.92786
-2.47993 0.311503 2.79561
-1.05696 0.314672 -0.536093
0.210645 0.308449 0.390572
1.92168 0.337227 1.80761
1.42015 0.15001 1.92055
-0.586926 0.533187 1.22274
-0.76389 0.596257 1.67642
-0.453093 0.66684 2.13125
-2.40729 0.337382 0.410333
-0.926931 0.15001 2.68125
-1.50328 0.313652 0.816405
-0.230293 0.15001 0.722399
1.86865 0.273195 0.721883
-2.52345 0.15001 1.87713
-1.66863 0.484029 1.2902
-1.0862 0.334235 0.0713578
-2.06883 0.15001 2.24197
-1.92839 0.306686 0.513404
-1.94802 0.15001 1.91225
0.405263 0.506457 2.74085
-1.32431 0.701058 2.12077
-0.423279 0.15001 -2.69739
1.49329 0.15001 1.19687
0.410117 0.15001 1.25065
-0.988177 0.15001 1.45662
0.0336735 0.15001 1.7683
-0.141874 0.15001 1.14392
0.446293 0.15001 1.71678
0.884502 0.15001 1.06934
-0.317042 0.15001 2.5195
0.655586 0.15001 2.8019
2.42235 0.15001 -2.70639
-1.9208 0.15001 -0.0837
-0.479178 0.290072 0.824096
-0.617818 0.15001 0.850031
-0.0781272 0.249959 1.45355
1.17048 0.15001 2.14945
-0.0791265 0.287898 1.72803
-0.276831 0.15001 1.9049
-0.199671 0.278157 2.53705
1.16722 0.15001 2.6989
0.1221 0.15001 -1.20841
2.58372 0.15001 0.692756
-0.386867 0.15001 1.12016
0.0258623 0.297478 1.12552
-0.367464 0.418437 1.33726
-0.287458 0.283989 1.43125
-0.175872 0.15001 2.0442
0.560052 0.15001 2.66407
-0.515027 0.15001 2.13939
-0.221683 0.15001 2.66297
0.750727 0.15001 0.177747
1.1311 0.15001 0.374566
0.475231 0.15001 0.975239
-0.377101 0.269917 1.24708
-0.207555 0.276887 1.6082
-0.39638 0.299506 1.58575
-0.260966 0.249388 2.14397
0.0279238 0.427886 2.05939
-0.139035 0.273313 2.34015
-0.356733 0.259638 2.70227
1.97699 0.15001 -2.55833
-0.482653 0.15001 0.94554
-0.137008 0.294139 0.988797
0.214189 0.306136 0.890498
-0.470314 0.292078 1.07614
-0.200811 0.417535 1.73241
-0.326401 0.283942 1.74205
-0.409961 0.388921 2.09126
-0.301109 0.253246 2.38247
-0.380213 0.334717 2.53213
0.208676 0.15001 -2.25438
-0.511602 0.15001 0.680275
-1.37142 0.15001 1.18354
-0.212799 0.5683 1.60472
-0.371832 0.478849 1.68935
-0.111663 0.533509 2.05509
-0.34383 0.27996 1.98162
-0.115435 0.35485 2.17078
-0.375673 0.510301 2.44703
-1.17862 0.299854 2.84999
1.71488 0.15001 1.68717
-2.52873 0.15001 -0.36411
0.812508 0.15001 0.535236
1.40722 0.319858 -0.802794
0.0426192 0.497914 1.31003
-2.16231 0.15001 2.39456
-0.22359 0.397468 2.02349
-0.742143 0.491151 2.30697
-0.19158 0.598557 2.44678
-0.121327 0.450739 2.59858
-0.443372 0.312633 -0.326643
2.70371 0.15001 -0.665915
0.722017 0.32224 0.805328
-0.72372 0.408098 1.2405
2.27158 0.15001 1.34089
2.43624 0.15001 0.169614
-0.260248 0.620077 2.12301
0.185483 0.435742 1.81341
0.565308 0.497704 2.27554
-1.32113 0.376075 2.59847
2.14378 0.15001 -0.743824
-1.4576 0.15001 0.252025
-2.50405 0.316086 0.762733
2.26047 0.15001 -1.25189
0.0680268 0.544851 1.92094
-1.23705 0.15001 2.84999
1.57519 0.312028 1.11379
-0.332171 0.644977 2.31623
-1.58534 0.15001 2.37487
-1.80172 0.380481 -0.292452
-1.186 0.293835 -0.314267
-1.00663 0.15001 1.16699
2.23729 0.309827 1.53822
1.86975 0.15001 2.68808
2.37477 0.15001 2.24953
-0.505407 0.582372 1.38791
1.61802 0.15001 2.26788
-1.75519 0.301083 0.55436
-2.28684 0.357724 0.535415
1.69677 0.281466 0.185409
-0.885772 0.299234 -1.16019
2.04196 0.15001 2.16334
0.131604 0.15001 1.62777
0.491344 0.15001 1.39496
-0.151735 0.15001 0.870757
1.04905 0.15001 1.12748
1.32106 0.15001 2.2976
0.210127 0.15001 2.09747
0.712109 0.15001 2.59578
0.269983 0.15001 2.34547
0.746768 0.15001 -2.84999
-2.23965 0.15001 2.11281
-0.680665 0.15001 0.673516
-0.190055 0.295645 1.27742
2.19794 0.15001 2.65955
-0.0776894 0.15001 1.60536
0.0378876 0.286793 1.86394
-0.250737 0.15001 1.28985
-0.0101715 0.15001 2.38389
1.31427 0.15001 2.62688
1.91594 0.15001 -2.39919
0.372378 0.15001 0.83313
-0.33674 0.291741 0.947069
0.335148 0.306826 1.29884
0.307612 0.280213 2.76425
0.158312 0.350667 1.24098
0.182267 0.43266 1.60362
-0.112043 0.15001 2.22033
0.0238602 0.298173 2.27231
-0.0792043 0.301597 2.66594
-0.131156 0.312038 0.798159
2.678 0.306116 -1.66394
1.71644 0.15001 0.0517198
-0.263929 0.305071 1.11593
-0.0918564 0.412685 1.57125
0.040182 0.282639 1.59539
-0.191408 0.293628 1.87181
-0.0761106 0.286898 2.00598
0.158485 0.289899 2.39246
-0.016887 0.295784 2.48183
-0.424186 0.15001 -2.09616
0.214814 0.15001 -1.65732
2.84999 0.15001 -1.48966
0.204918 0.284381 1.07428
-0.0916653 0.426758 1.125
2.50694 0.15001 2.12256
-0.0785142 0.557676 1.74028
2.49058 0.15001 1.0279
-0.284242 0.380678 2.26075
-0.211086 0.416732 2.42569
0.379078 0.33957 0.985753
0.570397 0.312038 -0.399098
1.79535 0.15001 -0.274869
-0.232801 0.470525 1.22592
-0.168355 0.412008 1.3996
0.0356106 0.415989 1.71844
0.0458758 0.537939 1.55376
-0.0680837 0.422977 1.88298
-0.175638 0.519754 2.26261
0.82607 0.15001 2.84999
2.68345 0.15001 -0.82855
1.50426 0.15001 -0.525321
1.75224 0.33927 -0.248253
0.939569 0.413558 1.81338
-1.14603 0.295783 -0.812193
-0.101192 0.572057 1.43074
0.00449103 0.474359 2.25693
-0.401823 0.508792 2.21827
-0.840162 0.615731 2.44149
0.559288 0.33057 2.75079
-0.15243 0.15001 -2.2507
2.63928 0.289267 0.782651
-0.00409374 0.311543 -0.992367
-0.3888 0.581794 1.24283
1.35102 0.345792 1.74901
2.21388 0.309738 -1.26517
0.647921 0.301382 1.75745
0.650909 0.30904 0.182389
-0.0259497 0.483224 2.44144
2.67357 0.15001 1.22091
2.25339 0.15001 -0.542623
-0.487094 0.309909 0.622505
0.545207 0.307241 -0.792617
1.16338 0.318448 -0.148711
-1.29601 0.15001 0.222725
0.990631 0.15001 1.28826
1.25581 0.15001 1.87414
-0.710091 0.319978 2.84999
-0.0446908 0.641526 2.19529
0.745348 0.296192 2.70632
1.7712 0.15001 0.6722
2.54031 0.379122 1.64032
1.66997 0.284454 1.27698
2.68759 0.15001 2.65788
2.13873 0.15001 1.2319
2.82449 0.460823 2.71895
1.15173 0.304284 0.8385
2.10158 0.15001 1.4228
-2.11474 0.281428 1.90916
0.645721 0.15001 2.44592
2.84999 0.15001 -2.52184
2.84999 0.15001 -1.31338
1.44979 0.15001 0.121092
0.24869 0.15001 1.32115
2.3561 0.15001 -0.302212
1.79537 0.15001 1.99125
-0.135644 0.15001 1.81156
0.296624 0.15001 1.94633
1.13403 0.15001 2.31856
1.8886 0.15001 2.84999
-0.336365 0.15001 -2.54646
1.19586 0.15001 -1.7781
2.38047 0.15001 -0.960354
-0.262711 0.15001 0.99765
0.948365 0.15001 1.45979
1.32804 0.15001 1.2508
0.671193 0.15001 1.44244
-0.00426518 0.15001 2.07688
0.47195 0.15001 2.31559
2.22275 0.15001 2.13801
2.51319 0.15001 -2.84999
2.15778 0.15001 1.95582
1.73785 0.287889 -0.436456
0.0980579 0.211904 1.38759
0.0588549 0.379542 1.4515
-0.0813528 0.15001 1.31603
0.209312 0.15001 1.7943
0.389179 0.15001 2.11473
0.0914904 0.15001 2.23032
1.01445 0.15001 2.84999
2.84999 0.15001 -2.84999
2.14752 0.15001 -2.57105
1.31624 0.15001 -0.5031
0.293764 0.15001 0.984739
2.39016 0.15001 -0.640967
0.229309 0.308283 1.47704
0.242033 0.295263 1.68031
0.106384 0.15001 1.94214
2.43629 0.15001 2.40859
2.69832 0.15001 2.16822
1.27138 0.15001 -2.2415
-0.0329521 0.302562 -0.518346
0.19978 0.15001 0.825677
0.280272 0.15001 1.15127
0.758117 0.304381 1.4511
2.17954 0.15001 -0.0665613
0.459801 0.275973 2.00348
0.105089 0.279184 2.088
0.35323 0.42308 1.93186
0.140019 0.27197 2.5825
1.88039 0.15001 0.309718
-1.89542 0.316523 1.50014
1.67112 0.15001 -0.542552
1.25385 0.289949 0.526633
1.97052 0.15001 0.915695
2.73178 0.15001 0.18714
0.199025 0.301298 1.92991
2.49508 0.15001 2.57437
0.155283 0.47684 2.38385
0.941845 0.275487 1.99525
1.85933 0.15001 -2.23873
-0.758717 0.309669 0.436317
0.0385555 0.15001 1.05243
-0.0217492 0.324612 1.29603
2.20104 0.15001 -0.915827
0.109008 0.304958 -0.34828
0.34861 0.271508 1.8308
0.162171 0.402783 2.20359
0.993566 0.15001 2.11782
1.18578 0.15001 2.84999
-0.503877 0.15001 0.320964
2.33207 0.30063 -1.81186
1.32171 0.15001 0.419827
2.44971 0.15001 1.23272
1.62618 0.15001 0.581638
1.93936 0.320487 -1.0943
0.602224 0.294075 1.55912
2.57969 0.15001 0.512338
0.795502 0.15001 2.14793
0.356268 0.392665 2.23658
1.04769 0.15001 -0.70796
0.285019 0.15001 -0.896869
1.95578 0.348334 -0.585192
0.526982 0.314851 1.35887
-0.575969 0.619516 2.60209
2.05294 0.26699 -0.454698
2.74469 0.15001 1.468
0.208075 0.465648 2.03339
0.422713 0.487223 2.09269
2.18938 0.288318 0.464205
0.929271 0.15001 -1.94043
0.968059 0.15001 2.3131
0.0472245 0.305855 0.753647
2.81332 0.340778 2.2299
0.220428 0.52265 2.84999
-1.80545 0.329858 -0.671672
2.84999 0.33415 0.847041
1.27218 0.301885 -0.331918
0.744537 0.317291 0.594053
2.21712 0.15001 2.84999
2.52103 0.15001 -2.24113
1.57297 0.15001 2.05073
1.81932 0.15001 -0.442931
1.4859 0.15001 2.37195
1.90679 0.15001 -0.580065
1.46018 0.15001 2.179
0.299006 0.15001 1.63539
0.998887 0.15001 2.68951
1.58008 0.15001 2.54737
2.10646 0.15001 2.52384
1.46222 0.15001 0.30048
1.55563 0.15001 -0.0226402
0.738119 0.15001 1.15362
1.58776 0.333399 0.0400575
0.928578 0.43951 0.148225
1.32028 0.15001 2.06299
0.742797 0.15001 1.59364
2.01344 0.15001 2.36174
0.5776 0.15001 2.10469
1.71631 0.15001 2.84999
2.84999 0.15001 -2.19211
2.84999 0.15001 -2.35682
2.03536 0.15001 -0.867508
1.85556 0.15001 -0.0646364
1.1712 0.15001 2.49292
1.89716 0.15001 0.116278
2.36309 0.15001 2.68082
0.459033 0.15001 2.48879
0.275621 0.162547 2.51986
1.69521 0.15001 2.68033
1.5966 0.15001 -0.370288
1.86047 0.15001 1.83608
2.56465 0.15001 -0.575767
1.79465 0.15001 1.5323
2.58951 0.304037 -1.1662
0.235819 0.455822 1.37415
2.44394 0.15001 1.4288
0.535581 0.15001 1.13539
1.69825 0.301733 2.04984
1.35593 0.15001 2.84999
2.68627 0.15001 -2.50879
0.116918 0.15001 0.675171
2.84999 0.15001 1.1637
2.3367 0.15001 -0.130218
2.76489 0.15001 0.445115
0.35188 0.432247 1.72825
0.509834 0.368397 1.85397
0.246009 0.254098 2.2274
2.5576 0.15001 2.29098
0.283175 0.373653 2.49376
2.04491 0.15001 0.253638
-0.508413 0.311017 -0.973162
1.76036 0.303095 -2.17006
-0.653295 0.299089 -1.14904
1.51768 0.15001 -0.198702
2.1919 0.15001 -0.242545
0.408515 0.318128 1.51423
0.590176 0.388949 2.09571
2.23147 0.15001 1.78135
0.540612 0.304336 2.51098
2.56235 0.287307 -2.70197
2.38824 0.15001 -1.14294
2.28496 0.15001 1.50603
-2.376 0.31222 0.0139161
2.2811 0.15001 0.565871
2.51435 0.15001 1.73123
0.903743 0.15001 1.66356
0.302409 0.306273 2.07334
0.651414 0.304808 0.390579
2.38461 0.15001 2.84999
2.36673 0.15001 -1.71167
2.34569 0.346543 -0.340708
2.16024 0.15001 0.119816
1.76292 0.15001 -0.687644
2.34564 0.299705 -0.886033
1.48419 0.15001 2.68039
0.794019 0.308937 1.64612
1.83358 0.15001 2.38688
1.79091 0.283403 -0.965583
2.50709 0.15001 1.93142
2.13758 0.15001 -0.403819
1.1464 0.15001 0.552228
1.10474 0.15001 1.54705
1.41149 0.307402 -0.455043
-0.430512 0.612429 1.56355
0.27938 0.307899 0.133143
2.82761 0.346839 -0.321383
1.85254 0.310774 1.32976
1.09814 0.15001 1.95389
0.393924 0.293283 2.38478
2.40204 0.15001 0.676504
2.79659 0.325828 1.24418
0.977781 0.349854 0.34798
2.51405 0.277289 0.0383044
2.00756 0.15001 -0.168742
2.0528 0.15001 2.84999
2.31376 0.15001 0.272909
1.25471 0.336766 1.96516
2.70459 0.310079 2.80959
2.19891 0.15001 2.3306
2.84999 0.15001 -1.8505
1.71441 0.15001 0.292344
2.84999 0.15001 1.33565
1.92874 0.15001 -0.742999
2.84999 0.15001 1.93241
2.32055 0.15001 0.0394756
2.66068 0.15001 1.06214
0.519608 0.15001 1.5679
2.84999 0.15001 2.09646
2.53063 0.15001 2.75741
2.84999 0.15001 -2.02374
2.84999 0.15001 -0.954215
2.84999 0.15001 -1.66457
2.30951 0.15001 -0.787234
2.84999 0.15001 1.59108
2.57585 0.15001 1.56177
2.04893 0.15001 1.78875
2.84417 0.320583 2.55226
2.7001 0.15001 1.68513
2.84999 0.15001 2.84999
1.67973 0.15001 -2.20214
2.84999 0.15001 -0.437537
2.02673 0.15001 0.000340776
2.84999 0.15001 0.0703466
1.97287 0.15001 1.97127
0.551971 0.283946 0.0230054
2.76282 0.15001 0.627846
2.84999 0.15001 2.61501
2.14786 0.15001 1.6161
2.60645 0.15001 1.37229
2.67808 0.15001 -2.34411
2.43486 0.15001 -0.462167
2.84996 0.15001 0.794982
1.20078 0.335996 2.7842
0.991706 0.312715 1.60896
2.84999 0.15001 1.76586
2.67894 0.15001 2.84999
2.69457 0.15001 -0.20161
2.62407 0.15001 0.335753
2.84999 0.15001 2.44372
2.84999 0.15001 -0.602968
1.60074 0.15001 0.168624
2.84999 0.15001 0.295761
2.2961 0.15001 0.968585
2.4088 0.333839 -0.716834
1.96202 0.15001 -0.335776
0.65554 0.296215 1.95332
0.763529 0.15001 1.9691
2.08405 0.342057 0.849973
0.651336 0.15001 2.24783
2.84999 0.15001 -0.270992
0.221679 0.304563 0.705702
2.05814 0.405262 -2.06894
2.58791 0.15001 0.118454
0.471317 0.30527 1.68454
2.84999 0.15001 2.26243
2.04711 0.382999 2.72866
1.08079 0.290373 0.673327
1.77926 0.15001 0.468393
1.72716 0.15001 2.14357
2.21493 0.15001 -2.28782
0.376027 0.303289 0.306384
2.65443 0.15001 -0.409947
2.27909 0.15001 1.13453
2.10449 0.15001 0.569861
1.01263 0.15001 2.50507
2.64835 0.15001 2.49324
0.759595 0.15001 1.78228
0.490089 0.274848 2.19447
0.256593 0.548738 2.51968
2.55688 0.328914 -0.831455
1.28406 0.29568 -0.939383
2.84999 0.15001 0.989389
1.47208 0.309681 0.201188
1.52789 0.15001 1.78394
1.73785 0.299042 0.586761
1.64988 0.454253 -0.955425
-0.163035 0.310631 0.432249
1.68109 0.15001 1.86127
1.60635 0.315817 2.24782
1.46966 0.197482 0.514231
2.29655 0.303335 -1.61492
2.84999 0.330616 0.218278
1.8774 0.15001 2.22727
2.07838 0.15001 -0.590847
1.14037 0.279018 1.80038
2.65045 0.15001 1.84144
2.40773 0.416658 1.84547
2.4435 0.15001 0.853913
2.27655 0.15001 2.484
2.00479 0.15001 0.429484
0.800051 0.373014 -0.209786
2.84999 0.306031 -1.93056
1.78593 0.301398 -1.15206
2.53117 0.15001 -0.26766
2.0572 0.408931 -1.28918
0.99951 0.430367 -0.665408
2.35787 0.15001 1.65801
0.111139 0.464028 0.0292237
2.84999 0.276061 2.73351
0.621778 0.15001 -0.881352
-1.83318 0.302726 -2.3072
-0.836488 0.15001 -0.433005
-0.693902 0.310068 -0.145912
-2.4151 0.15001 -2.69873
-0.470383 0.30198 0.237282
2.68232 0.15001 -2.68411
-0.339705 0.304498 -1.26495
0.744165 0.309818 -0.773304
-2.52922 0.15001 -2.30767
-0.794841 0.312572 -0.742418
-2.32207 0.15001 -2.84999
-1.23796 0.303488 -2.03403
-1.26328 0.15001 -0.210021
-1.69034 0.301016 -1.62403
-0.668476 0.310043 -0.899208
-1.66541 0.300491 -1.96436
-2.84999 0.15001 -1.12706
-2.22085 0.15001 -1.6948
-1.36881 0.283499 -1.66052
-1.32097 0.307651 -1.85344
-2.67199 0.300592 -2.69754
-0.781161 0.15001 -1.79564
-2.66002 0.315391 -1.50014
2.1864 0.314862 -0.730067
-2.04112 0.310065 -0.993387
-2.83407 0.312366 -1.47332
-2.53062 0.15001 -1.48885
0.22925 0.29232 -0.805409
-2.00688 0.15001 -0.947297
-1.05151 0.304163 -1.53112
-2.23391 0.291853 -2.00634
0.306398 0.303758 -0.993002
-1.03585 0.304557 0.269231
1.04576 0.293735 0.500809
-1.00995 0.56348 1.30091
-1.85366 0.294913 -1.97395
-2.20135 0.15001 -1.52545
-1.85384 0.307032 0.997034
-1.95972 0.15001 1.22668
-1.91676 0.303909 -2.80678
-1.47952 0.303246 -1.97074
-1.05359 0.15001 -1.93909
-1.9602 0.15001 -2.55032
-1.73148 0.313057 1.37127
-1.52576 0.301569 -2.49488
-1.77191 0.15001 -1.67356
-2.57535 0.290309 -1.06157
-1.78685 0.15001 0.967019
-1.43887 0.299356 1.15247
0.376251 0.269898 0.592506
-2.1185 0.303524 -2.47304
-2.33102 0.305747 -2.67792
-0.86238 0.31206 -0.201024
-2.50543 0.15001 -1.87029
-2.74349 0.30132 -1.83218
-2.69302 0.15001 -1.40334
-2.84917 0.323098 -0.673884
-1.29371 0.313374 -0.473219
-1.85296 0.306882 -0.959467
-0.383133 0.15001 0.798335
-2.12977 0.15001 -2.25876
-2.12986 0.303159 -2.16
0.00191574 0.304481 -2.32927
-1.13118 0.303149 -1.87553
-2.67054 0.306801 -1.30979
-1.97805 0.298844 -1.82769
-2.63806 0.319123 -0.531213
-1.7571 0.15001 -0.376634
-2.00288 0.332263 -0.60143
-2.84999 0.320882 -1.96885
-2.84999 0.323038 -2.6668
-1.86773 0.15001 -2.08363
-1.61143 0.306648 -0.685753
-1.98406 0.302987 -2.63973
-1.8603 0.15001 -1.0634
-2.08262 0.309754 -1.51146
-2.03419 0.15001 0.0399783
-1.5473 0.306811 0.254886
-2.55713 0.309792 1.55566
-2.22028 0.304165 -2.3245
-2.3383 0.306015 -2.47186
-2.66823 0.301268 -2.52318
-1.93433 0.302656 -2.15229
-2.52456 0.15001 -2.52789
-2.77895 0.304765 -2.13279
-1.77408 0.309658 -1.31192
-2.38167 0.15001 0.301176
-2.29386 0.304899 -1.45476
-1.55189 0.309856 1.44493
-1.61069 0.300323 -2.32586
-2.40045 0.305038 -2.84999
-1.80187 0.30125 -2.64298
-1.06888 0.300339 -2.3932
-2.25617 0.15001 -1.8669
-1.58151 0.305361 -1.17372
-1.84135 0.15001 -0.891376
-1.78337 0.15001 0.231336
-2.04414 0.313822 1.72238
-2.83534 0.330046 0.696391
-1.02796 0.15001 -0.736346
-1.7754 0.15001 -2.23031
-1.64622 0.15001 -1.77515
-1.05713 0.15001 -2.24383
-0.773156 0.15001 -0.900145
0.261829 0.551751 2.22314
-0.967768 0.300674 -2.57764
-0.12234 0.15001 -0.524603
-0.741067 0.31071 -1.31215
-0.783907 0.303364 -2.52942
0.106898 0.307762 -1.36852
-1.88046 0.15001 -2.69744
-2.12521 0.15001 -1.96783
-2.69542 0.15001 -2.2537
-1.84805 0.15001 -1.23523
0.648264 0.15001 -1.19513
-2.75858 0.337282 1.07602
-1.77805 0.15001 -1.89822
-1.55732 0.305263 -1.77505
-0.157522 0.15001 -2.54878
-1.98253 0.15001 -2.84999
-1.81792 0.15001 -2.84999
-2.70261 0.15001 -2.59196
-2.32335 0.301255 -2.17495
-1.42639 0.15001 -2.23149
-0.509093 0.303944 -2.33041
-1.83319 0.306214 -1.49221
-2.70061 0.15001 0.464576
-2.5008 0.301765 2.0059
-2.21223 0.15001 -0.346948
-2.57042 0.306936 -1.85646
-0.497241 0.307722 -1.51319
-1.3277 0.15001 -2.07961
-2.84999 0.317189 -2.47322
-1.66016 0.309946 -0.922216
-2.63263 0.297983 -1.67967
-2.03752 0.15001 -1.45326
-1.14659 0.15001 -0.0795573
-2.53858 0.15001 0.729247
-2.57903 0.296387 0.246951
-1.40859 0.292348 -1.23393
-2.58144 0.302462 -2.84999
-1.27387 0.311192 -2.83925
-1.2285 0.15001 -1.93317
-2.08448 0.15001 -1.80285
-2.05587 0.15001 -1.63256
-1.97661 0.15001 -0.607859
-2.02155 0.15001 -1.27744
-1.66053 0.32945 0.757905
-2.53637 0.15001 0.909099
-1.95395 0.15001 -1.9327
-2.02192 0.299062 -2.31124
-1.7641 0.30024 -1.80424
-2.84999 0.315553 -2.2902
-1.91575 0.15001 -1.76037
-2.03895 0.309222 -2.00076
-2.47019 0.290822 -1.58404
-2.51962 0.15001 0.20649
-2.23382 0.15001 0.916919
0.842046 0.319879 2.18413
-2.46229 0.302933 -2.05963
-1.86366 0.15001 -2.39505
-1.14825 0.15001 -2.68459
-1.29689 0.15001 -0.868524
-2.18167 0.30396 -1.81577
-2.43519 0.359984 -1.74398
-2.84999 0.32225 -1.28317
-2.39612 0.15001 0.470108
-1.63224 0.316837 -0.291592
-2.37584 0.15001 1.01255
-2.58368 0.15001 -2.70521
-1.3672 0.303987 -2.1739
-1.9263 0.304653 -2.46963
-2.43264 0.15001 -2.16284
-1.40341 0.15001 -1.91921
-2.84999 0.311615 -1.69263
-1.52918 0.15001 -0.733404
-2.69397 0.15001 0.294365
-2.69574 0.15001 0.634072
-1.94806 0.15001 0.186013
-1.55904 0.303306 -2.14466
-1.42969 0.295825 -2.73276
-0.966688 0.15001 -2.09346
-1.34055 0.15001 -2.38584
-2.51731 0.290367 -2.40954
-1.56034 0.15001 -1.43774
-1.75106 0.309473 -1.10781
-1.62849 0.15001 -0.256364
-2.37277 0.275916 1.67534
-1.93327 0.15001 1.05309
-1.5203 0.15001 -2.68487
-0.862847 0.304455 -1.47191
-1.14081 0.15001 -1.48629
-1.32146 0.15001 -1.19163
-1.90176 0.15001 -1.56847
-2.07068 0.317499 -1.6814
-1.80823 0.298586 -0.06072
-2.54376 0.15001 0.3768
-2.42085 0.15001 1.22645
-0.981907 0.327982 2.78888
-0.408585 0.305088 -1.90959
-1.78354 0.15001 -2.54394
-1.69029 0.15001 -2.38312
-2.2205 0.15001 -2.41362
-2.54368 0.15001 -2.03713
-1.99149 0.15001 -0.780091
-1.6901 0.15001 -0.995708
-1.46912 0.15001 0.0824502
-1.54737 0.15001 0.891707
1.88509 0.15001 1.67624
-0.942169 0.310211 -2.84999
-0.643828 0.309987 -1.73289
-1.15845 0.301051 -2.58059
-0.231666 0.15001 -1.50517
-1.57621 0.15001 -1.92256
-1.10927 0.15001 -0.57138
-2.69839 0.15001 -1.74176
-1.44324 0.15001 -0.235513
-0.401511 0.15001 0.448029
-2.30442 0.334766 -0.674079
-2.00757 0.326179 -0.790619
-1.51645 0.15001 -2.38168
-1.24577 0.15001 -2.2339
-1.13796 0.15001 -1.1908
-1.83364 0.15001 -0.724095
-1.69238 0.15001 -1.16502
-0.946539 0.15001 -0.894297
-1.47891 0.15001 0.540112
-1.65207 0.15001 0.541911
-2.3869 0.15001 0.647242
-1.70253 0.15001 -2.69209
-0.68588 0.15001 -2.84999
-1.14462 0.15001 -2.08906
-1.06093 0.15001 -2.53623
-1.72859 0.15001 -1.50709
-1.86869 0.15001 -1.40156
-1.37043 0.15001 -0.0657647
-2.18024 0.320662 -0.338849
-2.07005 0.15001 0.305326
-0.6299 0.307235 -0.338168
-1.73531 0.302977 -2.46915
-0.784548 0.15001 -2.39717
0.228647 0.306651 -1.54425
-1.3078 0.15001 -1.77388
-2.64039 0.302043 -2.01878
-1.7002 0.15001 -1.33551
-2.14395 0.15001 0.160383
-1.90919 0.15001 0.357054
-1.97124 0.318781 2.47562
-2.12776 0.307517 -1.33274
-2.0568 0.15001 -2.70152
-1.60858 0.15001 -2.53689
-0.514219 0.15001 -2.54663
-1.60351 0.15001 -2.22137
-1.46465 0.15001 -0.563536
-1.0066 0.15001 -0.42528
-1.63839 0.15001 0.048411
-2.08076 0.15001 0.979288
-1.74245 0.308307 1.17592
-2.08705 0.15001 1.34288
-2.49456 0.297879 -2.60718
-0.874688 0.15001 -2.24589
-0.876109 0.15001 -1.94348
-1.197 0.15001 -0.719674
-1.68162 0.15001 -0.657871
-2.37356 0.29402 -1.89426
-1.81846 0.15001 -0.550428
-1.04303 0.15001 0.0589109
-2.23863 0.15001 0.735257
-0.540093 0.443965 0.741498
-1.14284 0.299789 -2.19631
-1.25305 0.298484 -2.34724
-0.789652 0.15001 -2.09449
-1.53695 0.15001 -1.08329
-1.47436 0.15001 -1.74452
-0.863215 0.15001 -1.0521
-1.34105 0.15001 -0.376637
-2.2433 0.15001 0.539436
1.53613 0.15001 2.84999
0.629545 0.15001 1.28036
-2.15735 0.303182 -2.65792
-0.880952 0.303956 -2.36324
-1.13828 0.15001 -1.78222
-1.03592 0.15001 -1.04458
-1.4184 0.15001 -1.55337
-1.67803 0.15001 -0.827474
-1.63884 0.15001 -0.499627
-1.51429 0.15001 -0.905659
-2.53017 0.15001 1.09008
-1.6762 0.318419 0.372507
-1.7342 0.304508 -2.81678
-0.505491 0.15001 -1.36522
-0.865266 0.15001 -1.35171
-1.2945 0.257666 -1.47452
-1.37931 0.15001 -1.0197
-1.21015 0.15001 -1.03356
-1.08909 0.15001 -0.24996
-1.61884 0.15001 0.213846
-2.54417 0.15001 0.554318
-1.68468 0.15001 1.28039
-1.01991 0.15001 -2.84999
-1.18131 0.15001 -2.84999
0.385554 0.15001 -2.55488
0.385014 0.316627 -0.401828
-0.403526 0.302465 -0.531464
-1.11847 0.15001 -0.889702
-0.147558 0.15001 -1.35306
-0.852527 0.15001 0.363784
-0.31442 0.304906 -1.53191
1.08969 0.328972 -1.02908
0.0301282 0.15001 -1.35629
-0.600292 0.15001 -2.6996
-0.966862 0.15001 -2.39377
-1.33169 0.15001 -2.68299
-0.663974 0.15001 -0.440687
-1.36415 0.15001 -0.708939
-0.429193 0.15001 0.133817
0.325712 0.15001 -0.7301
-2.1103 0.313385 0.692937
-1.01734 0.307493 -1.7144
-1.34016 0.303054 -2.53014
-1.34099 0.15001 -2.84999
-1.42913 0.15001 -2.53666
-1.24662 0.15001 -1.61662
-0.690508 0.15001 -1.05485
0.115799 0.15001 -0.898952
0.061103 0.15001 -0.554046
-1.56483 0.15001 0.386314
-0.948317 0.15001 0.513033
-0.574343 0.15001 0.51011
0.383429 0.30215 -2.66258
-0.246558 0.15001 -2.69968
-0.77848 0.15001 -2.69437
-1.0551 0.15001 -1.63628
-0.685728 0.15001 -1.36211
-0.510879 0.15001 -0.760877
-0.86366 0.15001 0.0510348
-1.87718 0.15001 0.526256
-1.40602 0.15001 0.715542
-1.71582 0.29002 1.81375
-1.61433 0.301402 -2.66647
-0.513259 0.15001 -1.95137
-0.77659 0.15001 -1.2057
-0.686061 0.15001 -1.65351
-1.22955 0.15001 -1.33993
-0.518773 0.15001 -1.06629
-0.935409 0.15001 -0.588061
-0.942731 0.15001 0.207947
-1.37345 0.15001 0.893485
-0.856467 0.15001 -0.745184
-1.24493 0.15001 -2.53463
-0.963483 0.15001 -2.69093
-0.149456 0.15001 -1.95218
-0.323866 0.15001 -1.65543
-1.04824 0.15001 -1.34559
-0.559178 0.15001 -0.30224
-1.1749 0.15001 -0.40689
-0.673099 0.15001 0.360322
-1.71717 0.312747 1.59487
-0.35735 0.15001 0.608089
-0.602004 0.15001 -2.39447
-0.237978 0.15001 -1.80384
-0.698723 0.15001 -1.94721
-0.872967 0.15001 -1.64668
-0.957894 0.15001 -1.49511
-0.682475 0.15001 -0.750346
-0.589247 0.306468 -0.698358
-0.596002 0.15001 0.178692
-2.03858 0.293808 -0.425133
-1.94711 0.15001 0.684263
-1.74686 0.300531 -2.13644
-0.95338 0.303676 -2.18642
-0.694929 0.15001 -2.24646
-0.609241 0.303672 -1.92304
-0.775925 0.15001 -1.50593
-0.0179436 0.15001 -0.389469
-0.91747 0.15001 -0.269598
-1.74329 0.15001 0.400394
-1.70389 0.15001 0.81977
-1.77479 0.15001 0.665837
-0.693309 0.30226 -2.35909
-0.520707 0.304089 -2.10544
-0.424895 0.15001 -2.39378
-0.599513 0.15001 -1.8037
-1.39944 0.15001 -1.36765
-1.03802 0.304855 -1.26602
-0.80304 0.15001 -0.117148
-1.30759 0.15001 0.564456
-1.37412 0.15001 0.39962
-1.54613 0.15001 1.1898
-0.512939 0.15001 -2.84999
-0.981241 0.302409 -1.99331
-0.866419 0.302519 -1.84496
-0.959392 0.15001 -1.20052
-0.819349 0.315284 -1.66514
-1.03537 0.302784 -0.149662
-1.20659 0.15001 0.369338
-0.629188 0.15001 -0.143104
-2.10369 0.15001 0.629486
-1.90447 0.15001 0.84956
-0.85397 0.15001 -2.84999
-1.4987 0.15001 -2.84999
0.292333 0.15001 -2.70201
-0.962652 0.15001 -1.7915
-1.2847 0.15001 -0.549234
-0.600242 0.15001 -0.907186
-1.03447 0.15001 0.360179
-0.521285 0.15001 -0.0107132
-1.37955 0.30178 -0.187134
-0.906529 0.15001 0.986756
-0.337944 0.15001 -2.84999
-0.0588581 0.15001 -2.10102
-0.413754 0.15001 -0.620775
-0.327983 0.15001 -1.95217
-0.343331 0.15001 -1.07089
-0.586103 0.15001 -0.600033
-0.0408014 0.15001 -0.686862
-1.01379 0.15001 0.841066
0.384839 0.15001 -1.04889
-0.858434 0.15001 0.672742
-0.690816 0.15001 -2.54519
-0.255874 0.302899 -2.80714
-1.15826 0.15001 -2.38596
-0.59368 0.15001 -1.50952
-0.144895 0.15001 -1.65513
-0.177038 0.308282 -0.909289
-0.375549 0.15001 -0.331862
0.10188 0.15001 0.0636245
-1.20604 0.15001 0.699898
-1.83749 0.15001 1.57463
-1.10327 0.300199 -2.76694
-0.0672032 0.15001 -2.69843
0.295846 0.15001 -2.40402
-0.0554086 0.15001 -1.50505
-0.240654 0.15001 -0.641509
0.326397 0.15001 -0.419286
-0.193731 0.15001 -0.362645
-0.768439 0.15001 0.520591
1.33417 0.304297 0.900697
1.47377 0.301073 0.76504
-1.52382 0.304404 -1.53351
0.0327211 0.15001 -1.9544
0.39269 0.15001 -1.65404
-0.239801 0.15001 -2.0999
0.557926 0.15001 -1.04415
-0.255874 0.15001 -0.931062
-1.12506 0.15001 0.208119
-0.44161 0.306625 0.0481694
-0.371789 0.307189 -0.710896
0.2909 0.15001 0.681447
-0.0642085 0.306054 -1.94288
-0.825708 0.315427 -2.71505
-0.449281 0.306254 -2.79229
0.74026 0.15001 -1.34223
-0.0570415 0.15001 -1.20597
0.453011 0.317505 -1.1539
-0.15845 0.15001 0.247017
-1.26579 0.29247 0.487297
-0.292423 0.303255 -0.0989555
-1.51855 0.307875 -0.0222144
-0.612962 0.304044 -2.61475
-0.0554982 0.15001 -1.80542
-0.146391 0.303274 -1.76279
-0.418321 0.15001 -1.80534
-0.599351 0.15001 -1.21669
0.28219 0.319981 -0.588624
-0.766829 0.15001 0.205509
-0.33165 0.15001 0.271029
0.041773 0.311222 0.94684
-0.0600475 0.15001 0.386646
-0.650211 0.319053 -2.82767
-0.403555 0.30612 -1.71507
-0.0389145 0.305391 -1.59762
0.302951 0.15001 -1.50585
-0.411925 0.15001 -1.50863
-0.971806 0.15001 -0.0997358
0.175121 0.15001 -0.101894
-2.05561 0.15001 0.469686
-0.667693 0.29972 0.268567
-0.908289 0.15001 2.84999
-0.756044 0.30395 -2.17974
-0.16246 0.304109 -2.43375
-0.610579 0.15001 -2.0957
0.823053 0.15001 -1.18603
-0.424739 0.15001 -1.21622
-0.759366 0.15001 -0.59405
0.428237 0.15001 -0.263679
-0.0750023 0.15001 0.0837743
-1.13 0.15001 0.523506
0.0119997 0.15001 0.538606
-0.424374 0.30317 -2.50492
-0.247344 0.15001 -2.39662
-0.319722 0.30777 -2.3265
0.210372 0.15001 -1.35789
-0.486409 0.15001 -0.460637
-0.741917 0.15001 -0.281494
0.202234 0.15001 0.207276
-1.0309 0.15001 0.66794
-1.02645 0.305821 0.511159
-0.233012 0.15001 0.413879
0.0204543 0.15001 -2.84999
-0.149934 0.300841 -2.15156
0.0262975 0.15001 -2.54952
0.6529 0.304238 -1.39649
0.395397 0.15001 -1.95569
-0.187445 0.317609 -0.299692
-0.430427 0.15001 -0.920139
-0.252386 0.15001 0.103573
-0.349637 0.15001 -0.0351151
-1.55012 0.304583 -1.34788
0.201455 0.15001 -2.84999
-0.0656444 0.15001 -2.4004
0.034657 0.15001 -1.65726
0.834375 0.30384 -1.88635
-0.306064 0.15001 -0.486955
0.500245 0.15001 -0.419567
0.23345 0.15001 -0.576574
0.195146 0.15001 0.523146
0.131597 0.335207 2.84999
0.812351 0.15001 1.32615
0.125794 0.305551 -1.9487
0.289696 0.306332 -2.83559
0.73207 0.264543 -0.325177
-0.325094 0.15001 -1.35875
1.10782 0.15001 -1.62898
-0.173354 0.15001 -0.059831
0.924394 0.15001 -0.21926
0.350063 0.15001 -0.112627
0.0304064 0.15001 0.87541
0.0744517 0.15001 1.2312
1.18925 0.15001 -2.69885
2.29989 0.15001 -2.01367
-0.0466897 0.303655 -2.59196
0.184674 0.30773 -2.16311
0.208727 0.15001 -1.05199
0.50112 0.15001 -0.72344
0.582918 0.15001 -0.573482
0.0211986 0.15001 0.226683
1.36274 0.15001 1.73589
2.02798 0.15001 2.68217
0.107431 0.306576 -2.84999
0.47594 0.15001 -2.7026
0.124563 0.15001 -1.80784
0.479918 0.15001 -1.50353
1.01978 0.15001 -1.7832
0.972634 0.15001 -0.867877
0.251773 0.15001 -0.262605
0.081001 0.304873 0.155918
0.821885 0.303697 0.986196
1.28458 0.15001 1.52201
-0.535773 0.309497 -1.2976
-0.158051 0.15001 -2.84999
1.0296 0.325865 -1.79724
0.481262 0.15001 -1.80272
0.899262 0.15001 -1.0257
0.728911 0.15001 -1.03695
0.743285 0.15001 -0.18177
-0.170689 0.15001 0.570043
2.5109 0.15001 -0.0794042
1.73528 0.309499 0.890475
0.382931 0.15001 -2.84999
-0.0688921 0.303908 -2.79603
-0.120026 0.308596 -1.42523
0.303152 0.15001 -1.80707
0.574008 0.15001 -1.94912
0.601947 0.15001 -0.276102
0.294703 0.15001 0.349683
0.843345 0.15001 0.719446
-0.274079 0.318865 0.625544
-2.06715 0.320486 2.11122
-0.2595 0.305131 -2.6096
0.573871 0.30367 -1.82165
0.113195 0.15001 -2.40115
-0.339858 0.15001 -0.779502
1.07449 0.15001 -1.01933
0.386597 0.15001 -1.35355
0.451039 0.15001 0.0340939
-0.0514211 0.15001 0.715643
1.11996 0.30243 1.04869
0.658346 0.15001 0.99946
1.35628 0.308514 -2.84999
-0.504688 0.15001 -1.65681
0.12123 0.15001 -2.10294
0.358747 0.306347 -1.73558
0.570363 0.15001 -1.65258
0.279263 0.15001 0.0482402
0.383966 0.15001 0.486416
0.563194 0.306454 0.596943
0.563589 0.307249 0.90952
1.02458 0.15001 0.956536
1.28093 0.15001 -2.54814
-0.334741 0.15001 -2.24374
0.205447 0.15001 -2.55048
-0.240281 0.301578 -1.09268
-0.238257 0.15001 -1.20619
0.298343 0.15001 -1.2022
0.545344 0.15001 -0.112663
1.17605 0.15001 0.730469
1.19163 0.15001 0.919217
1.58379 0.315891 0.379682
0.654491 0.306558 -2.84999
0.122638 0.15001 -1.50778
1.42735 0.309419 -2.12156
0.566135 0.15001 -2.25681
0.0347054 0.15001 -1.05799
0.563538 0.15001 -1.34936
-0.144147 0.15001 -1.05803
-0.157229 0.30622 -0.699231
1.80089 0.15001 1.2153
1.45395 0.15001 1.58623
1.01267 0.15001 -2.69925
-0.169128 0.15001 -0.79104
0.302061 0.15001 -2.10562
1.37042 0.15001 -1.78093
1.28635 0.15001 -1.62265
0.793624 0.15001 -0.873203
0.853547 0.15001 -0.0522186
0.1723 0.296448 -0.0146122
1.57258 0.15001 1.34646
2.30306 0.376896 2.16767
1.049 0.308113 -1.56972
0.388141 0.15001 -2.25708
0.745194 0.15001 -2.55227
0.749485 0.15001 -1.64306
1.40508 0.15001 -1.12727
1.4061 0.15001 -1.29825
1.93811 0.15001 -1.33741
1.33936 0.278723 1.12555
-0.326159 0.305657 -2.07559
2.31243 0.302574 0.118018
2.74519 0.292202 -0.916444
0.917739 0.15001 -1.33233
0.67837 0.15001 -0.433617
0.835018 0.15001 -2.09485
1.15426 0.15001 -0.863908
1.24789 0.15001 -1.03012
0.676092 0.15001 0.0143881
0.928668 0.303358 0.818651
1.61343 0.15001 1.51519
0.00205657 0.15001 -0.0809364
0.471209 0.306563 -2.84999
0.475421 0.15001 -2.40578
1.19121 0.305547 -2.30769
0.565226 0.306364 -2.40242
0.66024 0.30861 -0.594783
0.963757 0.300739 -0.304978
1.40304 0.15001 -0.956016
2.5719 0.313445 2.22708
0.710168 0.15001 0.834239
2.61883 0.15001 0.902396
2.1989 0.15001 -1.69021
0.566317 0.15001 -2.55259
0.181236 0.309749 -2.62704
1.44835 0.291667 -1.4335
0.452112 0.15001 -0.886888
0.137451 0.15001 -0.724736
0.558716 0.15001 0.172333
0.881014 0.287945 1.19044
1.51212 0.15001 1.02977
2.226 0.15001 0.722456
0.564739 0.15001 -2.84999
0.744175 0.15001 -2.25131
0.379665 0.304605 -2.45921
1.23538 0.15001 -1.20559
0.86744 0.15001 -0.717854
0.826064 0.304665 -0.496535
1.73695 0.30911 -0.783056
0.486538 0.15001 0.356185
0.117741 0.15001 0.368422
-1.91041 0.29808 0.111082
1.01322 0.15001 -2.39892
0.112541 0.15001 -2.70081
1.23155 0.316992 -2.11969
0.215194 0.15001 -1.95672
0.997816 0.15001 -1.1735
0.407109 0.15001 -0.572066
1.49153 0.15001 0.859929
1.01135 0.15001 0.78398
1.66337 0.15001 0.949279
1.3369 0.318292 2.34707
1.01017 0.305234 -2.52049
1.01924 0.306347 -2.1932
0.657436 0.15001 -2.40349
0.843252 0.15001 -1.78981
0.156321 0.15001 -0.412157
1.22103 0.15001 -0.661716
0.950445 0.15001 -0.552485
0.864654 0.15001 0.897064
1.22414 0.15001 1.10386
-1.57906 0.15001 0.697725
0.922724 0.300049 -2.35215
1.54381 0.301423 -2.79071
0.65827 0.15001 -2.10087
0.656026 0.15001 -1.4978
0.12533 0.303962 -1.71054
0.0779989 0.15001 -0.245867
1.04142 0.15001 -0.368087
0.649032 0.15001 0.315897
1.35373 0.15001 0.975079
-0.0637643 0.29836 0.590593
1.27598 0.15001 -2.84999
1.54178 0.15001 -2.69291
0.836014 0.15001 -2.70264
1.09795 0.15001 -2.2463
2.08524 0.15001 -1.20491
1.33975 0.15001 -1.45229
1.40377 0.15001 -0.663574
0.909761 0.15001 0.108838
1.05135 0.15001 1.73932
1.7418 0.15001 1.37547
1.97765 0.15001 -2.84999
0.870099 0.321865 -1.49779
1.27595 0.15001 -1.93111
0.474585 0.15001 -1.20085
1.00995 0.15001 -2.09367
2.12516 0.15001 -1.36628
1.44643 0.307869 -1.03013
-0.68962 0.15001 0.0297491
1.90504 0.15001 -1.17027
2.1422 0.15001 0.872434
1.26659 0.30337 -1.52623
1.45724 0.15001 -2.5382
0.921568 0.15001 -2.24666
0.725974 0.304909 -1.14483
1.97933 0.15001 -1.49788
2.84999 0.306225 -1.07002
1.12479 0.15001 -0.520568
0.774548 0.15001 -0.572821
-0.0679826 0.302288 -0.0183211
-0.757366 0.311659 0.0852505
1.45388 0.15001 -2.84999
1.80393 0.15001 -2.84999
1.96406 0.299039 -2.1821
1.1037 0.15001 -1.93361
1.30348 0.306566 -1.15958
0.982676 0.15001 0.266263
0.627754 0.15001 0.491525
1.65489 0.15001 1.13023
1.20606 0.15001 1.68025
0.820735 0.309019 2.84999
2.10309 0.314661 -2.65908
1.62946 0.15001 -2.84999
0.835624 0.15001 -2.40024
0.833414 0.30482 -1.68586
1.56958 0.15001 -1.39598
2.07347 0.15001 -1.81306
1.8083 0.15001 0.852073
0.678966 0.15001 0.660365
1.98299 0.15001 1.54701
1.93154 0.15001 2.52274
0.657114 0.15001 -2.70255
1.36803 0.15001 -2.69829
0.481634 0.15001 -2.1062
1.20676 0.307977 -1.70617
1.74853 0.15001 -1.25439
1.01702 0.309821 -0.500492
1.474 0.15001 0.682407
0.544735 0.15001 0.810212
1.2913 0.15001 0.0889569
0.832784 0.290594 1.85342
1.28261 0.306283 -2.6687
0.84085 0.304685 -2.84999
0.92917 0.15001 -1.63515
0.752355 0.15001 -1.94446
1.31632 0.15001 -0.809144
1.59816 0.308313 -1.7871
1.55652 0.303406 0.936958
1.96995 0.15001 1.20223
1.5951 0.15001 0.410571
2.37125 0.259813 1.78789
1.10244 0.15001 -2.54915
1.6307 0.15001 -2.53367
0.819919 0.304547 -2.19043
0.674564 0.302227 -1.99908
1.09592 0.15001 -1.31604
1.88115 0.30985 -1.3018
2.45676 0.301963 -1.36384
-0.0129636 0.305736 -0.197188
1.63466 0.15001 0.769018
2.075 0.15001 1.0595
1.72416 0.307094 -2.84999
2.0845 0.15001 -2.41632
0.752385 0.307029 -2.4231
0.877046 0.301879 -0.916178
1.00574 0.15001 -1.47933
1.57523 0.15001 -1.21223
0.819529 0.304906 0.0551132
1.33288 0.15001 0.792883
1.56548 0.365195 0.615196
1.92346 0.15001 1.37784
1.90739 0.306128 -2.78615
1.568 0.28516 -2.24714
0.6175 0.309907 -1.5886
1.5613 0.292208 -1.98787
1.1151 0.287402 -1.2032
1.49572 0.15001 -0.819285
1.00777 0.289121 0.0943115
1.82948 0.302618 0.383033
1.92238 0.15001 0.586265
1.90353 0.28354 2.12158
2.68201 0.15001 -2.84999
2.33549 0.15001 -2.84999
0.831674 0.15001 -1.48894
1.24366 0.263336 -1.34171
2.59009 0.15001 -1.89755
1.56762 0.302509 -0.879607
0.979865 0.15001 0.61222
0.859655 0.15001 -0.393805
0.953731 0.300704 -0.117722
1.31804 0.15001 0.601661
1.67036 0.15001 -2.02588
1.56102 0.15001 -2.37164
1.89259 0.15001 -1.76079
1.1813 0.15001 -2.08884
1.98547 0.317319 -1.82654
1.55757 0.15001 -1.03358
1.64918 0.15001 -0.886457
2.52318 0.15001 -0.752767
1.26894 0.15001 0.255451
2.71153 0.15001 2.33977
0.832115 0.304233 -2.6021
0.622381 0.306409 -2.19304
2.7042 0.15001 -1.75438
2.03818 0.15001 -2.25536
0.681448 0.15001 -0.720131
1.02619 0.304783 -1.37948
1.1194 0.15001 0.134847
1.90513 0.15001 -0.998259
2.23242 0.15001 -1.08161
2.77298 0.304015 2.40421
1.05228 0.305192 -0.84689
1.67149 0.305629 -2.43689
1.45003 0.15001 -1.93968
1.46885 0.15001 -1.55886
0.0222129 0.275432 -0.800277
2.84999 0.15001 -1.13859
2.24822 0.15001 -1.85194
0.502918 0.307777 -0.190583
1.39276 0.15001 -0.053015
2.6716 0.15001 2.00539
1.52546 0.15001 -2.10095
1.35307 0.15001 -2.08649
2.06269 0.15001 -2.71069
1.53255 0.15001 -1.71543
2.70055 0.15001 -1.03097
2.68255 0.15001 -1.57489
2.64959 0.311928 -0.661062
2.02729 0.15001 0.736807
1.69056 0.15001 -0.135476
2.84999 0.308976 -0.00397224
2.15405 0.304781 -1.89313
1.46465 0.299739 -2.4224
1.94586 0.15001 -1.92774
1.55383 0.306649 -1.60536
2.02837 0.15001 -1.65417
2.156 0.15001 -1.52944
2.06825 0.15001 -1.03748
1.62286 0.295693 -1.08741
1.29428 0.312411 0.345237
1.35273 0.15001 2.46808
2.30073 0.306467 -2.77744
1.44347 0.15001 -2.24466
2.11026 0.304645 -2.31908
1.6037 0.15001 -1.87005
1.17456 0.15001 -1.46866
1.21183 0.295806 -0.765265
1.31656 0.15001 -0.201988
1.10921 0.15001 -0.198518
1.83238 0.15001 1.03465
0.338901 0.15001 2.84999
0.922983 0.15001 -2.55015
1.89959 0.308612 -2.0122
1.73866 0.15001 -2.37156
2.49873 0.15001 -2.05704
2.67741 0.298882 -1.91051
1.21818 0.15001 -0.345002
1.41755 0.15001 -0.350672
2.53788 0.15001 -1.42795
1.33293 0.311127 -0.629345
1.67574 0.306963 1.55655
1.36459 0.15001 -2.39408
1.80353 0.15001 -2.53862
1.77821 0.15001 -1.89522
2.58192 0.29297 -2.12191
2.53284 0.15001 -1.74606
2.25395 0.265097 -1.43761
1.20037 0.31363 -0.501844
1.03369 0.15001 -0.0299418
0.813248 0.15001 0.354623
2.68829 0.15001 -0.0191989
2.09868 0.31561 -2.84999
1.18961 0.15001 -2.39758
2.2076 0.311543 -2.07638
1.0172 0.303511 -1.99651
1.39158 0.290016 -1.68046
1.52505 0.310358 -0.633333
2.70181 0.15001 -1.39545
0.830133 0.294214 0.250606
1.2761 0.303044 1.33535
0.9343 0.15001 1.85925
2.25085 0.15001 -2.69902
2.54284 0.15001 -2.5932
1.79045 0.30665 -1.80859
1.1958 0.30428 -2.50107
0.475773 0.321539 1.14662
2.68814 0.15001 -2.02204
2.67971 0.15001 -2.18182
2.49704 0.15001 -1.58715
2.51468 0.15001 -1.26135
0.684927 0.307395 -0.0827931
2.84999 0.31049 -2.77188
1.99689 0.15001 -2.09223
2.42063 0.15001 -1.89035
0.233962 0.309166 -0.184977
1.47853 0.30041 -1.23508
-0.0542816 0.15001 -0.908764
2.84999 0.15001 -0.781124
1.81268 0.304204 1.12212
0.468204 0.314397 0.766666
2.54859 0.15001 -0.924915
1.73887 0.304999 -1.63161
2.3822 0.15001 -2.34279
2.52778 0.15001 -2.42441
0.384821 0.305423 -2.17024
1.88484 0.15001 -2.69984
1.66307 0.304543 -1.28101
1.19075 0.307796 -1.90036
2.12045 0.15001 -1.97355
-0.0958544 0.15001 -0.223985
2.28024 0.332379 0.298851
2.30818 0.301828 -2.25932
1.49035 0.30832 -2.61459
2.84999 0.310921 -2.43872
1.82924 0.15001 -1.59541
-1.35982 0.292699 0.0685122
2.17113 0.15001 -2.13162
2.64675 0.299054 -1.32746
1.2084 0.15001 -0.055632
0.38688 0.319858 -0.0478569
-0.269592 0.15001 -0.201011
2.16081 0.15001 -2.84999
1.02563 0.30585 -2.81426
0.57786 0.304766 -2.65004
0.685982 0.306019 -0.963643
2.5525 0.317678 -2.38109
1.73532 0.15001 -1.06751
2.33258 0.15001 -1.53761
-0.0959338 0.307434 0.199521
2.376 0.15001 -1.37189
2.41155 0.15001 0.430457
2.75333 0.296302 -2.60263
2.25178 0.15001 -2.44695
2.51595 0.313536 -1.82689
1.86327 0.31133 -2.35412
0.461474 0.306793 -1.39366
2.84999 0.314923 -2.1199
2.84895 0.313817 -1.55208
0.834905 0.306411 -1.29724
2.1766 0.15001 0.363154
2.13807 0.297807 1.29851
1.82947 0.15001 -2.07052
0.296613 0.306211 -1.29452
1.71192 0.15001 -1.73104
0.482527 0.302786 -2.00621
2.35692 0.15001 -2.17222
2.54465 0.15001 -1.09305
2.10067 0.312522 -1.58008
1.27923 0.323429 0.170636
1.17217 0.307292 0.0268874
0.150447 0.307716 -1.12595
2.39293 0.301903 -2.05665
2.38626 0.15001 -2.53754
1.37826 0.306506 -1.89915
0.196317 0.304568 -2.3717
1.64836 0.15001 -1.56458
2.04124 0.292713 -1.41494
1.80898 0.15001 -0.858782
2.50171 0.313049 -1.00906
0.964118 0.15001 0.439925
0.76002 0.302473 2.39252
0.474939 0.310881 -0.588033
2.28024 0.289047 -2.57416
2.74016 0.301888 -2.27447
0.311164 0.303956 -1.91805
2.84999 0.310999 -1.24536
2.06927 0.317364 -0.949498
1.92572 0.299366 -1.64605
1.11619 0.284379 0.255783
2.84999 0.15001 -0.0991636
1.46048 0.291026 2.04348
1.71351 0.15001 -2.69364
2.84999 0.15001 -2.6853
2.58789 0.298493 -1.5062
1.86237 0.290933 -1.47939
1.66311 0.299438 -1.45861
2.84232 0.307532 -1.74691
2.84953 0.310347 -0.695345
2.7315 0.281423 -0.500824
1.59101 0.292823 -0.264915
0.798518 0.15001 2.33067
