2000 0.1
-2.31712 0.15001 -2.31011
-2.84999 0.15001 0.438981
-2.84999 0.15001 0.601291
-1.90033 0.15001 0.599103
-2.52833 0.15001 0.461503
-2.84999 0.15001 0.762209
-2.54006 0.15001 -0.0717301
-2.84999 0.15001 2.04551
-2.36398 0.15001 2.29962
-2.52029 0.15001 2.2127
-2.52225 0.15001 -1.2424
-2.6834 0.15001 -1.50167
-2.2096 0.15001 -1.42779
-2.69852 0.15001 -0.980698
-1.26664 0.441779 -2.53476
-1.24328 0.15001 2.4292
-2.84999 0.15001 1.08341
-2.8496 0.15001 2.84999
-2.84999 0.15001 2.36699
-2.26559 0.15001 2.84999
-1.90924 0.15001 -2.68129
-2.84999 0.15001 -0.889859
-2.67267 0.15001 -0.80729
-2.67785 0.15001 1.79006
-0.430785 0.312518 0.206066
-2.84999 0.15001 0.922832
-1.29264 0.301239 1.59049
-2.84999 0.15001 2.20603
-1.26527 0.15001 1.70916
-1.90735 0.15001 2.84999
-2.84999 0.15001 -2.32722
-2.54722 0.15001 -2.23359
-2.35618 0.15001 -1.32083
-2.58262 0.305217 -2.84999
-1.01847 0.15001 1.47832
-2.05598 0.15001 0.680076
-0.495933 0.309584 -0.311833
-2.50049 0.15001 2.03475
-2.84999 0.15001 2.5281
-2.84999 0.15001 1.88504
-2.68629 0.15001 -1.32952
-1.69988 0.29404 -1.01254
-2.41225 0.298167 -2.49486
-1.14298 0.15001 1.19546
-1.75386 0.15001 -0.929057
-1.89063 0.460685 -0.469371
-2.84999 0.15001 1.40406
-0.645694 0.15001 -0.68249
-1.13995 0.272788 2.75426
-2.67473 0.15001 2.12916
-1.94791 0.29913 -1.92085
-2.84999 0.15001 0.276242
-1.53345 0.295409 -0.943252
-1.17229 0.15001 1.56241
-1.23847 0.305498 1.41272
-1.19227 0.67691 2.2275
-2.68671 0.15001 -0.155569
-2.84999 0.15001 2.68868
-2.52521 0.15001 0.279424
-2.64925 0.251211 -2.14357
-1.91408 0.15001 -0.845488
-2.84999 0.15001 0.111769
-2.54188 0.15001 -0.523464
-2.37698 0.15001 -0.0203076
-2.6766 0.15001 1.25752
-2.4141 0.15001 -0.201587
-2.03377 0.415896 -2.7179
-2.60715 0.15001 2.84999
-1.95187 0.310565 1.47021
-2.55773 0.306751 -2.01517
-2.03572 0.15001 1.4151
-2.22722 0.15001 -0.685723
-2.84999 0.15001 -0.216979
-2.5941 0.15001 -0.326579
-1.41883 0.37566 1.3373
-1.35783 0.15001 2.05316
-1.08784 0.341742 0.588591
-2.84999 0.15001 1.24388
-2.52272 0.15001 1.17187
-2.00053 0.15001 2.68721
-2.21615 0.15001 0.607858
-2.26316 0.15001 -0.499366
-2.84999 0.15001 -1.06747
-1.721 0.396727 -2.70325
-2.68545 0.15001 0.553055
-1.24667 0.15001 2.63215
-1.44977 0.391617 2.62614
-1.64571 0.15001 2.71038
-2.56947 0.300928 -1.85057
-1.32254 0.241581 2.84999
-2.70252 0.15001 -0.464149
-0.985464 0.15001 1.27048
0.328785 0.15001 2.44876
-2.41174 0.254099 -2.66332
-2.73768 0.300486 -0.685884
-0.6169 0.15001 2.69044
-1.55848 0.15001 1.63964
-2.52231 0.3518 2.21792
-1.63551 0.305458 -0.754704
-2.69043 0.15001 2.47933
-2.49724 0.15001 -2.84999
-0.834585 0.15001 -1.89188
-2.69009 0.15001 0.0295899
-2.04966 0.15001 0.504153
-2.84999 0.15001 1.72422
-1.50409 0.15001 2.32301
-2.19938 0.15001 2.19578
-2.6924 0.15001 0.200237
-2.32989 0.15001 2.46865
-2.19012 0.15001 2.3627
-2.0377 0.15001 -1.50737
-2.51347 0.15001 1.68792
-2.69369 0.15001 -0.635269
-0.845808 0.279384 1.11758
-1.71715 0.15001 1.74929
-0.876305 0.15001 1.57895
-2.16602 0.15001 2.7094
-1.53573 0.15001 2.58857
-1.12345 0.300525 1.89227
-1.02803 0.15001 2.84999
-0.452308 0.299963 -2.11466
-2.46487 0.15001 -2.37474
-2.54277 0.15001 -1.06122
-1.30924 0.15001 1.46368
-2.52609 0.15001 0.104225
-1.03331 0.15001 1.6685
-1.02424 0.15001 2.01194
-1.04451 0.15001 2.36221
-1.01794 0.15001 2.67228
-2.07804 0.15001 2.84999
-2.84999 0.15001 -1.24286
-1.90237 0.321861 -0.0452931
-1.2973 0.15001 1.10705
-2.66734 0.15001 1.43004
-1.04036 0.303887 1.1778
-2.01067 0.15001 2.27489
-2.65901 0.15001 1.96259
-0.647028 0.426745 -2.35133
-0.867248 0.284796 2.1939
-2.43413 0.15001 2.84999
-2.1531 0.15001 -2.54224
-0.784802 0.31276 0.844243
-1.44447 0.15001 0.664144
-2.84999 0.15001 1.56389
-0.972056 0.298487 1.76447
-2.16272 0.15001 2.54018
-0.745214 0.292789 1.83798
-1.05174 0.299077 2.25803
-2.50162 0.15001 1.85847
-0.863457 0.15001 2.84999
-0.648598 0.302226 -0.404349
-2.35722 0.15001 -1.66168
-0.870857 0.296246 0.238623
-1.7559 0.15001 0.143636
-0.885516 0.306171 1.2908
-2.26681 0.315771 -1.14914
-2.03084 0.15001 2.4358
-2.36669 0.15001 0.169942
-2.66587 0.15001 2.64842
-1.20024 0.303256 2.36589
-1.61237 0.295249 -2.27753
-1.15978 0.312752 0.906392
-2.81813 0.297593 -2.84999
-0.909608 0.379986 1.45111
-0.836489 0.44188 1.83125
-2.49165 0.303244 -0.432871
-0.772909 0.560827 1.68631
-1.28232 0.304335 1.98686
-1.85132 0.339063 0.248264
-1.19413 0.15001 2.84999
-1.31862 0.15001 2.2847
-1.96124 0.15001 -2.0264
-2.84999 0.15001 -1.58656
-1.90131 0.15001 0.413507
-2.24283 0.297665 -2.81522
-1.11101 0.420215 1.49225
-1.7382 0.15001 2.5614
-2.53009 0.15001 2.37618
-2.57187 0.29769 -1.52643
-1.00211 0.299657 2.46172
-2.84999 0.15001 -1.93355
-0.860951 0.294505 -1.15261
-2.22783 0.15001 -0.132224
-2.73941 0.311924 -2.30203
-1.82378 0.15001 2.70503
-2.21053 0.15001 0.241711
-0.479913 0.563323 2.53457
-0.98839 0.409169 1.92196
-1.68837 0.489948 1.64619
-1.52258 0.15001 2.84999
2.52823 0.315719 -1.5221
-1.28375 0.327601 -0.483924
-2.01686 0.15001 1.7679
-1.40483 0.304552 1.12059
-1.18397 0.3044 -0.726797
-0.855795 0.297557 -0.507732
-0.473291 0.15001 0.50953
-1.19403 0.15001 2.02341
0.177801 0.306301 -0.296521
-1.7704 0.296751 -0.3217
-0.833094 0.15001 0.835213
-1.75698 0.15001 1.02734
-2.67958 0.15001 0.728602
-0.820232 0.15001 1.23469
-0.86436 0.15001 1.40198
-1.63399 0.15001 2.43354
-0.85909 0.15001 1.76852
-1.67148 0.15001 2.26481
-0.366243 0.15001 2.84963
-1.53223 0.15001 1.98208
-1.78762 0.15001 -2.02393
-2.84999 0.15001 -0.720998
-2.84999 0.15001 -0.550668
-0.599765 0.29941 0.791865
-0.692706 0.15001 1.37889
-0.685565 0.15001 1.75207
-1.03572 0.15001 1.84134
-0.837907 0.15001 2.06764
-0.861466 0.15001 2.30812
-0.533605 0.15001 2.84999
-1.28198 0.15001 -0.320229
-2.67463 0.15001 1.08096
-0.823648 0.15001 1.01199
-0.762457 0.277912 1.47232
-1.00277 0.293574 1.57501
-0.532564 0.15001 1.65501
-0.468216 0.414218 1.93651
-0.978562 0.15001 2.18299
-0.539735 0.15001 2.21265
-0.485881 0.289843 2.68921
1.17956 0.304785 -2.76704
-2.38075 0.15001 -1.14599
-2.84999 0.15001 -2.49877
-2.84999 0.15001 -0.379732
-0.60345 0.297797 1.58324
-0.790215 0.273851 1.6612
-0.893068 0.229319 1.91509
-0.704238 0.274001 2.09168
-0.919912 0.415216 2.33516
-0.811122 0.291623 2.40439
-1.4684 0.299778 -0.510773
-0.732658 0.414337 1.15328
-0.524273 0.302227 0.957714
-2.33012 0.15001 -2.84999
-0.988603 0.309183 0.995421
-0.897712 0.418458 1.65602
-0.685087 0.403811 1.71173
-0.516876 0.285096 2.11455
-2.03988 0.15001 2.11504
-0.512326 0.432602 2.39994
-0.982566 0.31527 0.793575
1.04375 0.15001 2.35148
-2.35125 0.319156 2.66927
-0.921031 0.443565 1.10615
-0.40602 0.448692 1.55484
-2.3426 0.446051 -1.75684
-2.51125 0.15001 2.53627
-0.634221 0.430751 2.04886
-2.77274 0.309579 2.47326
-0.887463 0.297277 2.61601
-2.84999 0.15001 -1.41603
2.04995 0.15001 1.59556
-2.06533 0.15001 0.137481
-0.582068 0.447615 1.25437
-0.959131 0.539029 1.53292
-2.05753 0.15001 0.323342
-0.508736 0.567375 2.0261
-1.03739 0.306305 2.07318
-2.63336 0.605091 -1.67764
0.0717636 0.15001 2.68431
-1.08796 0.308108 0.0346644
-0.769523 0.303704 0.412451
-2.2947 0.337247 -2.31574
-2.11326 0.414512 -2.30586
-1.44093 0.15001 -0.403531
-0.77258 0.460831 1.34688
-2.04667 0.303328 1.07266
-1.71903 0.15001 2.10025
-2.2477 0.304635 -2.06934
-0.700778 0.15001 2.84999
-2.52955 0.15001 -0.890593
-0.703242 0.304114 -0.611539
-2.06259 0.15001 -0.94553
-1.72927 0.15001 2.84999
-0.43156 0.606911 1.64176
-0.695294 0.445021 2.37516
-2.84999 0.348235 -2.70673
0.434114 0.445483 0.522959
1.27265 0.257318 2.20585
-2.35866 0.15001 2.12705
-0.963145 0.15001 -0.50057
-1.29017 0.325308 0.70893
-1.83651 0.444398 -2.02596
-2.68189 0.15001 0.375295
-1.41365 0.15001 2.71983
-2.67845 0.15001 0.905384
0.818858 0.15001 1.28109
-2.67512 0.15001 1.60809
0.173297 0.15001 2.84999
-1.36469 0.466872 0.174376
-1.96461 0.15001 -2.33993
-1.74531 0.15001 1.37957
-1.72224 0.15001 1.57035
-2.5268 0.15001 0.638166
-0.417254 0.15001 1.37399
-0.699761 0.15001 1.57298
-0.513807 0.15001 1.87195
-0.409864 0.15001 2.38347
-0.564732 0.15001 2.51188
-0.700974 0.15001 2.38117
-2.07432 0.15001 -0.244587
-1.87707 0.15001 1.49119
-0.514496 0.15001 0.851984
-0.695933 0.15001 1.13864
-1.05414 0.298772 1.36588
-0.38073 0.15001 1.74425
-0.725948 0.15001 1.92965
-0.59866 0.288735 1.94074
-0.646483 0.291887 2.47619
-0.735019 0.15001 2.55052
-1.74083 0.15001 -2.69666
-0.397537 0.254612 0.777571
-1.56109 0.15001 1.81278
-0.581542 0.289225 1.14517
-0.327941 0.15001 1.22033
-0.994919 0.15001 1.09583
-0.409759 0.278877 1.8546
-0.339453 0.269781 2.16689
-0.414866 0.424738 2.10999
-0.394649 0.15001 2.56262
-2.22242 0.15001 -0.881042
-0.0149863 0.300082 -1.15383
1.02273 0.30811 -1.60183
-0.700262 0.293044 1.006
-0.553386 0.15001 1.47782
-0.568071 0.279961 1.76231
-2.75818 0.293955 -1.95068
-0.595332 0.15001 2.0462
-0.943966 0.443429 2.13953
-0.647959 0.287302 2.28848
-1.09791 0.15001 -1.28792
-1.87273 0.15001 -2.18276
-0.605115 0.400097 1.43604
-0.703339 0.297772 1.29141
-0.526709 0.28966 1.32993
-0.752587 0.439189 1.54157
-0.750702 0.418392 2.20132
-0.563453 0.430554 2.22062
-2.76745 0.280806 -2.5818
-0.464143 0.293201 2.49582
-2.31603 0.15001 -2.49134
-1.29492 0.15001 1.2853
-2.51296 0.15001 -2.52983
-0.427217 0.437478 1.35971
-0.328264 0.290465 1.33668
-0.483432 0.430563 1.73796
-0.834733 0.359203 2.01569
-0.624347 0.468902 1.86626
-2.68626 0.15001 -1.85996
-0.702352 0.300858 2.65029
-0.35735 0.293703 -0.955415
-1.9089 0.15001 2.54756
-0.907017 0.445788 0.896034
-2.36068 0.15001 0.348343
-1.10741 0.29816 -1.93052
-0.584374 0.499131 1.59831
-0.118126 0.5602 2.09951
-0.839311 0.290316 -1.34527
-0.58437 0.421165 2.58653
-0.786616 0.424827 2.53504
-2.84999 0.15001 -1.7606
1.04492 0.15001 -0.405956
-0.371988 0.560706 0.961748
1.47924 0.15001 1.34127
0.0190655 0.627627 1.45457
-2.60048 0.401509 -2.18389
-0.79413 0.533116 2.05903
-0.7557 0.600522 1.88488
-1.48405 0.15001 2.16079
-1.36857 0.299461 -0.0828912
-2.37005 0.15001 1.0765
-2.36583 0.15001 0.89333
-2.20621 0.15001 0.431096
-0.418216 0.529061 1.18292
1.2784 0.15001 0.190224
-1.1472 0.15001 2.18902
-0.902176 0.15001 2.46749
-1.81208 0.15001 2.3931
-0.440191 0.557861 2.28088
-2.31924 0.15001 2.64177
0.348537 0.15001 0.0607202
0.635312 0.320469 0.408302
-1.28353 0.15001 0.0423271
-1.01851 0.305141 -1.31345
-0.277841 0.303061 -0.142199
-2.07592 0.326065 -0.602891
-2.84999 0.15001 -2.11794
-1.3463 0.29 0.17061
-2.67386 0.306447 -0.0148827
-1.20879 0.15001 1.85793
-0.112882 0.15001 -2.20944
-2.51103 0.15001 1.51684
-1.74546 0.15001 1.1993
-0.522532 0.15001 1.25377
-0.143356 0.15001 1.22459
-0.387747 0.15001 1.54976
0.859699 0.15001 1.99338
-0.0837145 0.15001 2.21557
-0.717435 0.15001 2.20713
-0.153897 0.15001 2.84999
-0.662333 0.15001 -0.136112
-0.679512 0.15001 0.906465
0.656207 0.15001 1.55404
-0.229577 0.15001 1.04856
-0.26473 0.267589 1.51868
-0.239164 0.15001 1.64517
-0.12947 0.205649 1.94961
-0.287503 0.15001 1.89351
-0.279417 0.15001 2.27284
-0.459016 0.289236 2.29827
-2.67413 0.15001 -2.84999
-0.349163 0.15001 0.921678
-0.362191 0.27211 1.04571
-0.380054 0.38911 0.897214
-0.150455 0.273431 1.3462
-0.0957204 0.15001 1.7825
-0.4198 0.15001 2.01994
-0.249359 0.15001 2.07629
-0.229648 0.15001 2.52086
0.00855766 0.15001 2.84999
1.47127 0.15001 -1.45187
0.045974 0.15001 -1.89856
-0.235052 0.282351 0.913378
-0.284626 0.3898 0.732279
-0.102572 0.341618 1.49554
-0.389451 0.295759 1.65791
-0.248115 0.302164 1.79284
-0.301412 0.301321 1.99256
-0.14714 0.281913 2.10841
-0.313237 0.299858 2.61528
-0.830022 0.15001 0.666842
-0.51191 0.15001 0.683943
-1.59832 0.277134 2.05646
0.0473422 0.438205 1.19883
-0.419339 0.342628 1.19404
-0.448291 0.295195 1.48282
-0.240897 0.405141 1.62949
-0.298674 0.270715 2.41567
-0.133033 0.280056 2.55842
-1.25901 0.586521 2.62982
-0.129923 0.307532 0.390864
-0.177949 0.450731 0.894379
-1.91893 0.15001 -0.666908
-0.0859879 0.433312 1.33092
-0.258101 0.422897 1.43748
-1.98712 0.308714 0.637914
-0.147059 0.478107 1.76517
-0.140543 0.397496 1.95908
-0.237793 0.427533 2.13314
0.376593 0.15001 2.61581
-0.168267 0.15001 -0.736433
-2.69422 0.15001 -2.60231
1.32993 0.15001 2.31922
-0.725414 0.465796 0.965567
-0.291033 0.430423 1.06512
-2.15113 0.298737 0.748441
0.0188257 0.515927 1.97603
-2.41645 0.331577 1.63683
-0.00445448 0.303058 2.68722
-0.342448 0.43649 2.49872
-1.59828 0.15001 0.584698
-0.991267 0.15001 0.750263
2.70375 0.15001 -1.51297
-0.48697 0.311867 -0.127323
-0.326246 0.500768 1.77852
-0.516512 0.573967 1.44061
-0.30337 0.484481 1.96137
-0.151691 0.588369 1.91143
2.02248 0.299868 -1.12107
1.1843 0.338517 2.8496
2.37574 0.15001 -0.39277
-0.541075 0.449887 1.05831
-1.46915 0.335121 2.84478
0.250099 0.300717 0.0303553
-0.294687 0.588896 1.36773
-1.84582 0.294653 -0.483447
-0.189525 0.431275 2.64548
-0.955825 0.619818 2.24288
-1.32405 0.323513 1.79791
-2.68834 0.15001 2.30039
0.271469 0.15001 0.890985
-1.88308 0.15001 2.04217
-1.94369 0.444516 -1.47719
-2.00048 0.27961 -0.391439
-0.236167 0.605729 1.64285
2.42267 0.289266 0.941314
-0.404895 0.331 -1.78258
-2.50444 0.15001 1.34497
-1.8089 0.319139 2.05326
0.696524 0.15001 2.6991
0.491143 0.15001 -2.68505
0.833832 0.15001 1.09954
0.337751 0.15001 1.04938
-0.516503 0.15001 1.01596
-0.0230307 0.15001 1.36216
-0.24755 0.15001 1.39746
0.975435 0.15001 1.88833
0.599316 0.15001 1.91992
0.0231713 0.15001 2.51496
0.340784 0.15001 2.84999
1.56406 0.15001 1.63802
-0.249363 0.15001 0.786508
-0.124651 0.15001 0.903229
-1.44799 0.15001 1.36974
0.122563 0.15001 1.49134
0.00853635 0.15001 1.62595
0.0855125 0.290607 1.7378
0.151546 0.15001 1.83485
0.50879 0.15001 2.84999
0.170575 0.15001 2.41558
-1.24435 0.292884 -2.59629
0.442431 0.15001 0.90649
-0.0596646 0.15001 1.06052
0.22353 0.15001 1.16381
0.042355 0.304936 1.37206
-0.113918 0.15001 1.51096
0.0077085 0.181657 2.05667
0.676353 0.15001 2.84999
-0.13409 0.15001 2.38475
-0.0999828 0.15001 2.67868
-0.436193 0.15001 -1.41966
0.739875 0.15001 0.380462
0.0687816 0.301262 0.726312
-0.232881 0.290102 1.17565
0.0512443 0.288842 1.55621
-0.121875 0.269199 1.65499
0.165642 0.407288 2.02386
0.341333 0.381654 2.05302
0.0280972 0.15001 2.34276
0.883485 0.15001 2.35807
0.0466525 0.15001 0.853949
-0.281554 0.304046 0.565135
-0.0197968 0.303021 0.896162
0.0582914 0.305638 1.05944
-0.122832 0.33318 1.0429
-0.0254852 0.417876 1.64405
-0.0695627 0.319053 1.81548
-0.175358 0.291451 2.28622
0.00858049 0.287707 2.23602
-0.0315155 0.292974 2.41433
0.225048 0.15001 -1.04118
0.0918478 0.308681 0.534013
2.61251 0.394695 -1.79111
0.176053 0.581483 1.55558
-0.126569 0.521739 1.51538
2.655 0.15001 2.84999
-0.0023164 0.376999 2.08592
1.05981 0.29973 -0.322037
-0.167754 0.417506 2.42563
-2.83819 0.35936 2.82722
-0.53909 0.15001 -2.68829
-0.981771 0.15001 0.921418
0.288755 0.372662 0.805692
0.0363505 0.606595 1.14115
0.273724 0.396233 1.24478
-0.262448 0.444868 1.25434
0.153403 0.394083 2.19954
-0.320682 0.411646 2.2988
0.219859 0.534812 2.31725
1.74449 0.423126 -1.3814
0.565258 0.15001 -1.04534
2.49529 0.299839 -2.04986
0.835284 0.31135 0.140377
-0.138263 0.509318 1.12879
1.18631 0.291726 1.29782
-0.667714 0.299618 2.82241
0.0621385 0.543259 2.16675
1.26001 0.15001 2.00105
0.230679 0.560341 1.73993
0.149398 0.492898 2.52361
1.37078 0.320609 0.784151
-1.62387 0.292873 -0.419633
-1.10916 0.15001 2.5278
2.14232 0.408858 2.47531
0.128018 0.634195 1.88179
-2.48062 0.420355 -2.6014
1.98021 0.277422 -0.525953
0.0346189 0.308785 2.84999
-0.0541227 0.603529 2.31713
-0.273945 0.15001 2.69533
0.693913 0.305718 0.024289
0.623594 0.15001 0.256932
2.84999 0.30939 -2.18751
0.405097 0.4177 -1.24952
1.97037 0.319813 -0.722678
-2.48508 0.15001 2.69513
-0.91064 0.324829 2.84551
-1.56375 0.314932 0.0176052
-2.58712 0.337813 -1.36848
1.98001 0.15001 2.84999
0.431013 0.15001 -2.51653
0.0103445 0.15001 -1.60232
1.30351 0.15001 1.32547
2.3855 0.15001 0.633236
1.14306 0.15001 2.20643
1.09794 0.15001 2.03937
0.958384 0.15001 1.71776
1.69022 0.15001 1.77685
0.51657 0.15001 2.2454
0.205205 0.15001 2.57924
2.35933 0.15001 -2.21799
0.985424 0.15001 1.23657
0.111372 0.15001 1.01108
0.0446413 0.15001 1.19261
2.18177 0.15001 2.67249
0.172272 0.15001 1.67321
0.250128 0.265795 1.92551
0.0656026 0.301025 1.92565
1.05485 0.15001 1.54462
0.529647 0.15001 2.6931
0.55519 0.15001 -2.84999
0.244227 0.301233 0.646305
0.167248 0.279754 0.903803
0.392402 0.275713 1.17464
0.33548 0.15001 1.2965
0.155624 0.15001 1.32382
0.272003 0.271704 1.75293
0.109392 0.15001 2.1924
0.278554 0.15001 2.24916
0.257297 0.243768 2.73394
0.397267 0.15001 0.389264
1.00299 0.304943 0.0494036
0.24032 0.299361 1.07311
-0.0503405 0.293904 1.20351
0.381 0.335989 1.53109
0.229405 0.266697 1.57312
0.191313 0.407576 1.83378
0.210895 0.249423 2.10257
0.377238 0.260828 2.34422
0.120677 0.298467 2.51824
0.100004 0.548852 2.74563
-0.130482 0.288736 0.754364
0.454988 0.306896 0.804651
0.139506 0.290039 1.22304
0.222192 0.281987 1.39524
0.642827 0.307467 1.47847
0.0340772 0.483934 1.79885
1.72799 0.303428 -0.617631
-0.0883478 0.43972 2.24656
0.172456 0.275412 2.31419
0.268689 0.312863 0.457073
2.84999 0.15001 -1.94663
2.57342 0.15001 1.3052
-0.00329869 0.46987 0.996401
0.0540739 0.447887 1.47601
0.165177 0.416986 1.63734
0.390164 0.525533 1.53598
0.263178 0.52837 2.13305
0.0668173 0.431434 2.36304
1.01214 0.15001 2.84934
1.01804 0.15001 1.07711
2.84999 0.15001 -1.42629
2.21054 0.15001 -0.288768
0.148024 0.525393 1.32579
2.32684 0.337723 0.804502
-0.0968197 0.60794 1.29915
0.333242 0.38898 2.24422
-0.329478 0.588203 2.12546
2.30788 0.15001 2.84999
-2.4535 0.324824 0.902416
2.51037 0.15001 -2.30645
1.50626 0.15001 1.16431
1.84786 0.15001 2.64913
-0.176458 0.15001 0.635301
2.24417 0.15001 0.531861
-0.0116518 0.600895 1.65269
0.857043 0.294671 2.09034
2.28323 0.368091 1.2095
0.301048 0.298525 2.56355
1.1269 0.15001 1.37826
2.39016 0.15001 1.54316
0.117017 0.442945 0.852765
2.8485 0.320883 -0.609415
2.23256 0.15001 0.723459
1.41639 0.15001 1.0081
1.73577 0.15001 2.51276
1.83888 0.298357 0.775794
2.00774 0.288715 0.644708
-2.38471 0.333779 -0.682867
0.177301 0.383827 2.67894
1.51338 0.301045 -0.598049
2.42572 0.304675 -1.02403
2.33928 0.15001 1.69225
0.6082 0.45647 0.0550729
1.57762 0.315081 -0.769899
-1.01265 0.303982 -0.816051
2.69101 0.15001 1.43331
1.64829 0.15001 -0.653398
1.62698 0.393528 2.14296
2.38408 0.15001 1.03215
1.29997 0.15001 -1.89246
1.49645 0.15001 2.35847
1.15248 0.15001 1.1901
1.32722 0.15001 1.15347
0.95984 0.15001 1.40238
1.65551 0.15001 2.3327
1.86415 0.15001 1.84362
1.30634 0.15001 1.842
0.490472 0.15001 2.42064
1.33355 0.15001 2.84999
2.15758 0.15001 -2.695
2.56313 0.15001 -1.23731
2.04924 0.15001 0.282384
2.69175 0.15001 1.00156
0.484551 0.15001 1.40323
1.77698 0.15001 2.1459
1.22859 0.15001 1.51187
0.327994 0.15001 2.01765
1.3317 0.15001 2.66599
-0.08436 0.292377 0.0109305
0.998987 0.15001 -1.876
0.510953 0.15001 0.743702
0.671439 0.15001 1.19677
0.674107 0.15001 1.0263
0.31824 0.15001 1.47749
0.353093 0.15001 1.66331
0.564609 0.15001 1.7115
0.505948 0.15001 2.06554
1.52818 0.15001 2.19217
0.623972 0.15001 2.55482
2.6841 0.314284 -2.49117
2.84999 0.15001 -2.49463
0.76329 0.289607 0.936042
0.378265 0.304399 0.965665
0.836895 0.308007 1.34537
0.486984 0.202291 1.56501
2.52097 0.15001 2.6725
0.443343 0.270554 1.95881
0.670735 0.444375 2.35819
1.81707 0.15001 2.84999
1.38157 0.15001 -2.84999
0.584249 0.291652 1.13672
0.557287 0.29728 0.96092
0.380237 0.438784 1.09102
0.39355 0.303966 1.35603
2.17636 0.15001 1.73767
0.383194 0.403021 1.86324
0.386646 0.242145 2.15379
0.775797 0.306103 1.91971
0.847382 0.15001 2.84891
2.40277 0.15001 0.46152
1.05103 0.15001 -0.770965
1.13137 0.15001 0.727857
0.503662 0.431151 1.23512
0.369705 0.513715 1.34248
0.532949 0.396512 1.62119
0.27724 0.527941 1.94364
0.635472 0.22659 2.15742
0.486036 0.269638 2.56862
1.49285 0.15001 2.84999
2.70215 0.15001 -2.58483
-1.26805 0.15001 0.223215
1.18086 0.289625 0.832516
0.242468 0.437815 1.46297
0.983383 0.300618 0.255056
0.350039 0.42613 1.68694
0.611904 0.321715 2.00399
0.258918 0.387354 2.41808
2.71136 0.350115 1.12511
0.80489 0.15001 1.64141
0.853438 0.15001 -1.77863
2.69259 0.15001 -0.417141
1.69539 0.293314 -1.2766
2.28443 0.308869 -1.4103
2.1146 0.15001 1.25665
0.513648 0.423912 1.4313
1.04118 0.312853 -0.136207
0.56164 0.45637 1.81552
0.343653 0.473131 2.57769
0.542503 0.422001 2.63292
2.03688 0.15001 -0.39461
0.421118 0.15001 -1.87811
1.3079 0.318449 0.277321
1.72583 0.15001 1.58916
2.12508 0.379294 2.1494
1.12859 0.15001 1.85793
2.80047 0.301528 2.1216
0.459612 0.523319 2.07989
2.24205 0.15001 -0.683336
0.996396 0.15001 2.51929
0.446269 0.15001 -0.637165
1.61794 0.15001 0.77038
2.52054 0.15001 -0.541904
1.88637 0.309948 1.43492
2.68689 0.15001 2.66975
2.84999 0.15001 1.90378
1.50914 0.29984 1.26207
2.53725 0.15001 1.90806
2.54752 0.15001 0.197375
2.84999 0.15001 2.38857
1.92172 0.15001 -0.0808298
1.76911 0.15001 1.40702
2.84999 0.15001 0.551819
2.24793 0.15001 0.933568
2.54386 0.15001 1.09166
2.21874 0.15001 1.56198
0.801177 0.15001 1.46107
1.21789 0.15001 1.69221
0.962072 0.15001 2.13626
2.01108 0.15001 2.68174
1.10702 0.15001 0.905269
2.39193 0.15001 0.292677
2.12394 0.302489 -0.34487
2.39064 0.15001 0.121095
1.416 0.15001 2.05794
2.52598 0.15001 2.50083
1.5809 0.15001 2.03798
0.726171 0.15001 1.80114
1.68451 0.15001 2.68379
1.41068 0.15001 1.70497
2.84999 0.15001 -1.60598
2.41775 0.15001 -0.727203
2.28283 0.15001 -0.848489
0.50133 0.15001 1.22313
0.660347 0.15001 1.37073
0.611886 0.288575 1.82732
0.783608 0.15001 2.18897
0.660051 0.306681 2.47526
2.83941 0.380066 1.75145
1.65383 0.15001 2.84999
2.84999 0.15001 -1.77576
0.774016 0.302169 1.14035
2.6657 0.15001 -0.753428
2.23802 0.15001 -1.40075
0.508411 0.303542 -0.263041
0.566556 0.28204 1.31808
2.72376 0.290272 -1.22101
2.84999 0.15001 2.54444
0.859264 0.299308 2.45422
0.667031 0.411748 0.992133
2.84999 0.15001 -2.67935
2.69483 0.15001 0.65666
2.84999 0.15001 -0.497691
0.693053 0.401135 1.28252
2.84999 0.15001 1.223
0.451028 0.278789 1.7421
2.68395 0.15001 1.9922
0.553231 0.298756 2.32312
2.10742 0.318505 1.78602
0.725463 0.31883 2.65506
2.71325 0.15001 -1.32263
2.68836 0.15001 -2.21902
0.0773592 0.300802 0.125522
0.82999 0.300328 -1.1366
2.24246 0.15001 0.032375
1.5728 0.294046 0.105015
0.673051 0.28597 1.66188
2.20869 0.15001 -0.451834
0.446017 0.391616 2.44623
2.57128 0.275662 -1.15001
1.8757 0.306644 -0.156468
0.428126 0.295344 0.629987
2.69715 0.15001 -0.244787
0.179741 0.468182 1.06421
2.5357 0.15001 -0.346857
2.17021 0.15001 2.06579
2.52116 0.44638 -0.431351
0.515462 0.363243 2.15156
2.81901 0.327084 0.520951
0.512133 0.617 2.52276
1.59105 0.15001 -0.181696
0.634226 0.308292 0.790807
1.75128 0.351678 1.19073
2.02697 0.30544 -1.52584
2.22756 0.15001 0.353163
1.54107 0.270847 -2.57826
2.23879 0.15001 1.14318
2.26854 0.15001 2.20764
2.32834 0.306427 -1.9506
-2.58004 0.319685 0.200567
2.43094 0.15001 1.38932
2.55681 0.15001 0.372287
2.55361 0.15001 0.0215346
1.24904 0.303951 -0.382412
2.69149 0.15001 2.50197
1.11188 0.292716 0.383766
0.753496 0.290993 2.29037
2.07795 0.15001 0.459436
1.94616 0.15001 2.50733
1.17386 0.15001 2.84999
1.70906 0.306009 0.253148
1.0962 0.298678 0.621514
1.52446 0.44494 -1.45106
1.82447 0.15001 0.0605255
2.3977 0.15001 -0.0512286
2.01383 0.15001 1.93507
2.43082 0.15001 2.21798
2.41387 0.15001 1.20527
2.84957 0.32981 2.28863
1.76056 0.370253 1.78564
2.84999 0.15001 -2.11721
2.40911 0.15001 -1.14177
2.84999 0.15001 0.718011
2.3984 0.15001 -0.225217
2.84999 0.15001 0.884305
2.34307 0.15001 2.37045
2.35392 0.15001 2.69302
1.70837 0.15001 1.94599
2.84999 0.15001 2.06623
2.47935 0.15001 2.84999
2.66966 0.15001 -2.84999
2.257 0.15001 -1.04092
2.84999 0.15001 -1.01637
2.84999 0.15001 0.0352775
2.84999 0.15001 1.05394
2.54041 0.15001 2.33874
2.84999 0.15001 1.73651
2.53276 0.15001 1.73741
2.76493 0.276012 1.31005
2.84999 0.15001 2.84999
2.84999 0.15001 -1.20858
2.69872 0.15001 -0.588063
2.84999 0.15001 -0.321183
2.69149 0.15001 1.17407
1.93746 0.487592 1.87982
2.84999 0.15001 1.39459
1.81736 0.15001 2.36193
2.35096 0.15001 1.85492
2.64927 0.15001 2.16974
0.658657 0.15001 2.37441
2.06402 0.304273 -2.6745
2.71896 0.15001 -2.39198
2.84999 0.15001 -0.842437
2.70346 0.15001 -0.0612465
1.92439 0.15001 2.07348
2.84999 0.15001 1.56506
2.3487 0.31366 -1.75986
1.6946 0.305925 -0.228774
2.1436 0.15001 2.84999
2.53071 0.440524 -1.11272
2.68841 0.15001 -1.68931
2.84999 0.15001 0.383001
2.84999 0.15001 -0.144532
2.34608 0.15001 -0.556923
1.27151 0.299046 0.573749
1.47519 0.27893 -0.251977
0.837393 0.302216 1.74549
1.0383 0.317516 2.05237
2.84999 0.15001 2.22728
1.51397 0.15001 2.689
2.06238 0.15001 -2.01388
0.623413 0.302464 0.605433
2.6781 0.15001 0.829448
1.38466 0.314531 -0.798889
1.02478 0.15001 2.67672
2.08457 0.313579 -2.49209
2.84999 0.15001 2.69851
2.70771 0.15001 0.295482
2.3625 0.15001 2.53023
2.03979 0.299341 2.60763
2.84999 0.322373 -1.81282
2.08853 0.15001 0.634548
1.86567 0.284983 -1.43125
1.46495 0.15001 1.87775
2.05342 0.15001 2.37704
0.817309 0.309267 1.54378
2.3425 0.15001 2.03194
2.70334 0.15001 0.118755
0.99553 0.294155 2.24465
2.25442 0.346016 -0.927472
2.84999 0.15001 -2.2883
2.37355 0.291765 -2.84999
2.84999 0.15001 -0.674351
0.806874 0.306404 -0.481075
1.91111 0.309568 0.131549
1.99848 0.438006 -0.390995
1.59753 0.302702 0.704599
2.01128 0.15001 1.76085
2.32585 0.309641 0.636306
1.98373 0.324226 0.919399
2.53667 0.15001 -0.862724
2.48576 0.300061 -1.87401
2.69525 0.15001 1.81295
2.0869 0.15001 -0.0395738
1.93453 0.15001 2.24657
2.0969 0.15001 -1.29996
2.67455 0.310045 1.537
2.18703 0.15001 2.4876
2.12328 0.321226 0.319189
1.17863 0.15001 2.57576
2.5337 0.284305 -1.6919
0.850534 0.298115 -0.0611656
2.84999 0.15001 0.209027
1.53398 0.301027 -1.14405
2.17588 0.320453 -1.26293
0.909075 0.479904 1.14686
0.818062 0.15001 2.59668
2.35774 0.301105 1.73253
1.1966 0.15001 2.41356
2.67762 0.316167 -0.311792
-0.946715 0.295264 -1.51111
-1.98975 0.15001 -2.51105
-0.816941 0.300201 -2.09028
-1.52437 0.302547 -2.43558
-1.90139 0.299414 -2.77959
-1.36678 0.299258 -1.04443
-0.00411313 0.304302 -0.356689
-1.42712 0.15001 -0.591512
-2.5071 0.31816 2.84998
-2.52024 0.15001 0.990838
-2.2173 0.274707 -1.89909
-1.34383 0.289694 -2.42537
-2.16189 0.15001 -2.84999
-2.84999 0.15001 -2.84999
-2.52231 0.15001 -1.94005
-2.7167 0.15001 -2.24331
-0.27623 0.304668 0.0727106
-1.37046 0.287813 -1.61022
-1.93624 0.301796 -1.30886
-1.1472 0.15001 1.37132
0.873377 0.15001 -1.40905
-0.452697 0.304504 -1.28278
-0.519919 0.298686 -1.47667
-2.84999 0.15001 -2.68126
-2.68805 0.278495 -2.72625
-0.786034 0.15001 -1.42996
0.00672707 0.30044 -0.544521
-2.36363 0.15001 -1.82874
-2.69062 0.15001 -1.15766
-2.84999 0.15001 -0.0534822
-0.207327 0.301292 -0.828172
-0.602814 0.29928 -0.772851
0.730419 0.288771 -2.5878
-2.25258 0.333456 -1.35594
-0.343369 0.281474 0.371486
-1.26322 0.15001 -1.57621
-1.27748 0.15001 -0.496316
-1.90599 0.15001 -1.02651
-2.65746 0.321426 -1.69136
-1.90898 0.15001 0.229032
-2.08243 0.15001 -2.69882
-1.99445 0.284297 -2.61233
-0.900243 0.299592 -2.26085
-0.329504 0.296966 -1.43773
-2.84999 0.313684 -2.43873
-1.37082 0.296261 -1.23446
-2.55095 0.15001 -2.69317
-1.87514 0.320768 0.932331
-2.2077 0.15001 -1.23584
-1.87117 0.291195 -2.0891
-1.88269 0.297031 -2.41662
-1.07927 0.299084 -2.26414
-1.78479 0.300489 -2.24427
-0.609527 0.15001 -1.41298
-2.085 0.15001 -0.587252
-2.05091 0.15001 -1.13521
-1.59042 0.15001 -0.309472
-2.2192 0.15001 0.0516389
-2.45692 0.301809 -1.69409
-1.91292 0.297341 -1.12062
-2.0645 0.305995 -2.07511
-1.77731 0.303335 -1.83311
-0.663453 0.299959 -1.67589
-1.54022 0.302939 -1.12969
-2.6952 0.15001 -2.0355
-2.52128 0.15001 -1.59266
-2.22306 0.308554 -2.48105
-1.73669 0.296247 -1.20936
-2.12571 0.295677 -1.01001
-2.74241 0.314727 2.09099
-1.55435 0.298518 -1.51545
-1.80924 0.288026 -2.59849
-2.17136 0.295024 -2.65454
-1.39777 0.297353 -1.41756
-1.86115 0.300246 -0.930748
-1.99388 0.42624 -2.50625
-1.12577 0.15001 -0.238448
-2.52639 0.15001 -1.41376
-2.6086 0.296798 -2.55265
-2.37408 0.15001 0.531346
-1.10473 0.313098 -0.17369
-1.53091 0.15001 -1.85087
-2.04963 0.15001 -2.19063
-1.90856 0.283937 -1.71378
-2.22974 0.451063 -2.7238
-2.16539 0.268258 -2.22545
-2.37927 0.15001 -0.976274
-2.3836 0.15001 -0.614685
-1.56119 0.306256 -0.201982
-2.64628 0.15001 -2.43126
-1.61005 0.258879 -1.74036
-2.05704 0.283397 -2.4161
-2.30891 0.15001 -1.98661
-2.2768 0.15001 -2.67797
-2.05458 0.15001 -1.32293
-2.08608 0.296231 -1.41813
-0.830414 0.305545 -0.862118
-2.41488 0.15001 -0.392834
-2.52147 0.15001 0.814549
-2.24931 0.301944 -1.72076
-1.65037 0.15001 -2.84999
-1.9907 0.15001 -2.84999
-1.34287 0.15001 -2.21368
-0.703546 0.301699 -1.48507
-1.58779 0.15001 -0.67458
-1.76228 0.15001 -0.581448
-2.82269 0.311804 -1.4003
1.15604 0.298531 -0.574137
-1.77467 0.294281 -0.158154
-1.59657 0.15001 1.10558
-1.45066 0.15001 -1.31117
-1.82369 0.15001 -2.84999
-2.44584 0.15001 -2.09466
-1.73626 0.15001 -1.31049
-1.59271 0.15001 -0.850688
-2.52639 0.15001 -1.76468
-0.49989 0.307948 -0.515011
-2.35144 0.15001 1.61008
-2.35037 0.15001 1.43299
-2.38049 0.15001 -0.802229
-1.82575 0.15001 -2.50185
-1.02828 0.303392 -1.01939
0.276568 0.308153 -1.32439
-1.74931 0.15001 -1.49658
-1.88337 0.15001 -1.84372
-0.386654 0.300837 -0.757803
-0.797169 0.15001 -0.765064
-2.37313 0.15001 -1.49322
-2.25774 0.15001 -0.305878
-1.15007 0.275805 1.7077
-2.41124 0.310413 -2.84999
-1.43081 0.15001 -2.36642
-2.03276 0.15001 -1.69909
-0.579019 0.15001 -1.73257
-1.58643 0.15001 -1.03002
-1.59535 0.15001 -0.122089
-1.91649 0.15001 -0.135677
-1.44439 0.15001 0.133139
-1.29528 0.15001 0.929604
-2.21073 0.15001 1.15313
-1.42882 0.301271 -2.59695
-2.07269 0.296116 -1.78026
-2.15213 0.15001 -2.36095
-2.39715 0.304028 -1.89944
-0.961795 0.15001 -1.40648
-1.89109 0.15001 -1.21833
-2.52833 0.15001 -0.703564
-2.68739 0.15001 -1.67998
-0.838713 0.15001 2.68271
-2.34082 0.15001 1.95425
-2.42834 0.275252 -2.21638
-1.69143 0.15001 -2.18208
-1.97128 0.305189 -2.24516
-2.28424 0.293849 -1.54395
-2.09093 0.405475 -1.91657
-1.15895 0.298973 -1.18385
-2.2182 0.15001 -1.0615
-2.56517 0.293328 -2.37278
-1.70776 0.15001 1.93273
-1.4612 0.260521 1.5192
-1.61183 0.15001 -2.37158
-1.75272 0.15001 -1.71004
-1.57108 0.290098 -1.31449
-1.30096 0.15001 -1.39962
-2.18979 0.15001 -1.60333
-1.26246 0.300732 -2.2648
-2.839 0.462985 -2.84371
-2.116 0.15001 -0.414638
-2.19644 0.15001 1.33201
-1.4225 0.311924 2.097
-2.07194 0.304157 -2.84999
-1.61 0.15001 -1.6
-2.26911 0.15001 -2.15214
-1.592 0.15001 -1.41833
-2.05719 0.15001 -1.88304
-2.07485 0.15001 -0.767585
-2.07025 0.15001 -0.0510615
-2.36862 0.15001 0.711581
-2.18372 0.15001 1.67751
-2.35543 0.15001 1.25324
-1.18078 0.299348 -2.10099
-1.71037 0.28545 -2.43178
-1.69816 0.302584 -2.00364
-1.12484 0.15001 -1.72232
-1.42338 0.15001 -0.952832
0.0544555 0.303086 -1.39967
-1.36845 0.301576 -0.86212
-1.75401 0.15001 0.32242
-1.75138 0.15001 0.504287
-2.33603 0.15001 1.78256
-1.15536 0.299904 -2.43022
-2.07573 0.299171 -1.59966
-1.89331 0.15001 -1.39783
-1.59558 0.15001 -1.20657
-1.26179 0.15001 -1.04383
-1.59062 0.15001 -0.502001
-1.43804 0.15001 -0.218074
-2.28081 0.300217 -0.854446
-2.21665 0.15001 0.787918
-1.39253 0.15001 1.61655
-1.73415 0.30192 -2.84999
-1.60691 0.15001 -2.0227
-1.22802 0.15001 -2.69267
-0.97346 0.15001 -2.52648
1.95177 0.15001 -1.02675
-2.11739 0.297967 -1.23392
-1.74821 0.15001 -1.10896
-1.91374 0.15001 0.0475877
-2.0243 0.15001 1.94013
-1.8512 0.15001 2.21431
0.574155 0.15001 -1.57743
-2.13819 0.15001 -2.03792
-1.46205 0.15001 -1.68753
-1.26524 0.15001 -2.05218
-0.402669 0.296696 -1.61411
-0.809152 0.15001 -0.589832
-2.19629 0.15001 -1.77875
0.220126 0.15001 0.414336
-2.17721 0.15001 1.85039
-0.660862 0.15001 0.398418
-1.49221 0.287094 -1.95161
-0.814139 0.15001 -2.20314
-0.998968 0.299826 -2.09711
-1.44001 0.15001 -1.51202
-1.29976 0.15001 -1.74577
-1.20347 0.296769 -0.938391
-1.75381 0.15001 -0.7558
-2.0645 0.15001 1.04633
-1.91113 0.15001 0.776362
-1.58947 0.15001 1.46461
-1.03192 0.299995 -1.75153
-0.367148 0.15001 -2.68897
-1.42586 0.15001 -1.13376
-1.01592 0.15001 -1.88907
-0.852618 0.15001 -1.58445
-1.42775 0.15001 -0.773365
-1.11903 0.15001 -0.41503
-1.74946 0.15001 -0.408316
-1.90422 0.15001 -0.308799
-0.0646237 0.312777 -0.170328
-1.90546 0.286328 -1.50538
-1.05629 0.299579 -2.58871
-1.36375 0.300599 -2.10639
-2.58147 0.311583 -0.649611
-1.02456 0.15001 -1.58159
-1.10856 0.15001 -0.773904
-1.7415 0.15001 -0.22562
-1.9374 0.15001 -0.489495
-1.86336 0.15001 1.86568
-2.00975 0.304025 -0.81105
-1.54959 0.291913 -2.11647
-0.881768 0.15001 -2.68963
-0.296723 0.303942 -0.376548
-1.36916 0.15001 -1.90571
-1.10211 0.15001 -0.948193
-0.946522 0.15001 -0.863904
-1.14215 0.286281 -1.56688
-1.28283 0.15001 0.401377
-2.21571 0.15001 0.972988
-1.80001 0.311012 1.26954
-1.70113 0.15001 -1.87374
-1.88753 0.15001 -1.60262
-0.552988 0.304451 -2.46536
-1.26694 0.15001 -1.22505
-1.26563 0.15001 -0.859439
-1.44058 0.15001 -0.0404109
-1.59692 0.15001 0.23224
-1.27908 0.15001 -0.139818
-1.87008 0.15001 1.67448
-1.58859 0.302236 1.2024
-1.44059 0.15001 -2.06337
-1.52076 0.15001 -2.21824
-0.634984 0.303461 -2.09199
-1.19297 0.15001 -1.88862
-1.13664 0.15001 -1.45301
-0.206641 0.299231 -1.82487
-1.75695 0.15001 -0.0389012
-1.12261 0.15001 0.312492
-1.43502 0.15001 0.309923
-2.18234 0.15001 2.02452
-1.24706 0.15001 -2.37021
-1.66419 0.15001 -2.53936
-0.804016 0.300534 -2.42378
-1.09627 0.15001 -1.11937
-0.935856 0.15001 -1.0453
-1.3945 0.300831 -0.312348
-1.12526 0.15001 -0.0559084
-1.90467 0.15001 1.125
-1.44261 0.15001 0.487667
-1.39013 0.15001 1.86182
-1.14244 0.299003 -2.75411
-1.73563 0.293601 -1.60275
-1.22043 0.306545 -1.74336
-1.1668 0.15001 -2.20986
-1.27125 0.15001 -0.679942
-0.959612 0.15001 -0.681602
-0.971166 0.15001 -0.142523
-0.668617 0.15001 0.0482923
-2.06557 0.15001 0.863526
-1.14421 0.15001 1.01596
-1.4135 0.285715 -1.79021
-1.78742 0.15001 -2.33441
-0.280356 0.15001 -2.52429
-1.0704 0.15001 -2.36895
-0.496678 0.308625 -1.07888
-0.821527 0.15001 0.136217
0.180251 0.15001 -0.870617
-0.514154 0.15001 0.151907
-2.05359 0.15001 1.22786
-0.0175464 0.418528 2.55248
-0.689916 0.302405 -2.59445
-0.709872 0.15001 -2.69006
-2.41949 0.303595 -1.40392
-0.788692 0.15001 -0.940253
-0.630856 0.15001 -0.869562
-0.269131 0.15001 -1.02369
-0.766514 0.15001 -1.10796
0.282272 0.15001 -0.580833
-0.118972 0.292139 0.207224
2.05636 0.15001 -0.21155
-0.798872 0.15001 -2.84999
-1.49513 0.15001 -2.52807
-0.374027 0.15001 -2.36563
-0.911618 0.15001 -2.04741
0.295316 0.15001 -1.75665
-2.19089 0.15001 1.50591
-0.542406 0.15001 -1.24685
-0.813144 0.15001 -0.226308
-1.44751 0.15001 0.841095
-1.25775 0.27901 2.16889
-1.2002 0.290104 -1.35432
-1.30988 0.15001 -2.84999
-0.19968 0.15001 -2.36386
0.109959 0.15001 -1.31358
-0.554569 0.15001 -2.04562
-0.913181 0.15001 -1.23421
-0.965718 0.15001 -0.320715
-1.7514 0.15001 0.683895
-1.5976 0.15001 0.758896
0.00374496 0.15001 0.661948
-1.4799 0.15001 -2.84999
-1.56962 0.15001 -2.69197
-0.637078 0.15001 -2.20417
-0.92243 0.30069 -1.9244
-0.462948 0.15001 -2.20814
-0.723045 0.15001 -1.27205
-0.0436181 0.15001 -0.456513
-1.29134 0.15001 0.574828
-1.41634 0.15001 2.4563
-1.63292 0.321843 1.85708
0.0622745 0.298366 -2.30371
-1.32299 0.15001 -2.53362
0.028431 0.30658 -1.76989
-0.655818 0.15001 -1.88737
-0.852754 0.302986 -1.6863
-0.593984 0.15001 -1.07048
-1.74286 0.302081 -1.40436
-1.24237 0.318394 1.22371
-1.59942 0.15001 1.28942
1.32482 0.306732 1.64571
-1.60984 0.300951 -2.60455
-1.40016 0.15001 -2.69201
-0.89551 0.15001 -2.36565
-0.936638 0.15001 -1.73773
-0.478567 0.15001 -1.88585
-0.313893 0.15001 -0.847438
-1.12425 0.15001 0.123967
-1.60312 0.15001 0.0554113
-1.22977 0.300517 0.347972
-0.97276 0.15001 0.405611
0.0680052 0.15001 -2.5253
-0.0342795 0.30285 -2.59216
-0.719871 0.15001 -2.36751
-0.757103 0.15001 -1.7362
-0.67626 0.15001 -1.57766
-0.325604 0.15001 -1.55791
-0.20199 0.15001 -0.384025
-1.91665 0.15001 0.95125
-2.18209 0.296373 2.83408
-0.815469 0.15001 0.497223
-0.956276 0.300611 -2.76176
-1.33864 0.301769 -2.76621
-0.746527 0.303076 -1.85809
-0.502321 0.15001 -1.57786
-0.361693 0.15001 -1.27291
0.098968 0.15001 -0.3477
-0.361643 0.15001 -0.308173
-1.89846 0.15001 1.30144
-2.02711 0.15001 1.59218
-0.539719 0.302818 0.591157
-0.968743 0.15001 -2.84999
-0.72105 0.295429 -2.25584
-0.402801 0.15001 -1.72794
-0.655828 0.288907 -1.18284
-0.136651 0.15001 -0.909539
-0.970381 0.15001 0.0383626
-1.11802 0.15001 -0.593173
-0.571829 0.306095 0.381952
0.567987 0.15001 0.415537
0.414246 0.29585 0.273667
-0.285632 0.15001 -2.84999
-1.14877 0.15001 -2.53102
-0.359433 0.302687 -2.45978
-1.08969 0.15001 -2.0479
-0.0594533 0.15001 -1.75198
-0.302734 0.15001 -1.88345
1.00366 0.305227 -1.03895
-1.5983 0.15001 0.407636
0.0583396 0.15001 -0.000178366
-0.348804 0.15001 0.644356
-1.54491 0.302479 -2.78796
-0.115252 0.15001 -2.84999
0.268829 0.15001 -1.40055
0.681463 0.15001 -2.36021
-0.0919551 0.15001 -1.07825
-0.48514 0.15001 -0.767491
0.907193 0.15001 -0.682115
-0.0244418 0.15001 0.147262
-0.298636 0.15001 0.47933
-0.354033 0.15001 0.233082
-0.568585 0.30242 -2.78152
0.336296 0.303253 -2.12163
1.76658 0.15001 -1.82849
-0.73189 0.15001 -2.04371
-0.0349312 0.15001 -2.05378
-0.507973 0.15001 -0.411381
-0.657151 0.15001 -0.315702
0.469322 0.15001 0.184457
0.803315 0.301443 0.323734
-0.779807 0.30672 0.0542025
1.19938 0.3027 -0.767974
0.248005 0.15001 -2.52103
-0.152723 0.28855 -1.31436
-0.0235537 0.15001 -2.36874
0.41572 0.300546 -2.29494
-0.074306 0.15001 -0.103325
-0.658551 0.15001 -0.503638
-0.816778 0.15001 -0.0491307
0.347632 0.15001 0.726823
0.0641723 0.29902 0.347382
-1.13911 0.15001 -2.84999
-0.874043 0.301216 -2.5938
-0.990872 0.15001 -2.20729
-0.5654 0.304243 -1.91698
0.0449837 0.15001 -0.975687
-0.51068 0.15001 -0.222845
0.244305 0.15001 -0.232889
-1.29558 0.15001 0.753463
-1.14262 0.15001 0.841092
-0.600003 0.302753 0.119701
-0.628665 0.15001 -2.84999
0.320987 0.15001 -2.68316
-0.212416 0.323623 -2.04527
-0.457594 0.301056 -2.62928
0.0861398 0.15001 -1.1436
-0.517681 0.15001 -0.0356677
-0.0603418 0.15001 -0.279264
-1.14379 0.15001 0.664921
-0.0434418 0.15001 0.320909
2.55201 0.15001 0.555957
1.70652 0.302596 -1.06318
-0.799252 0.15001 -2.52845
-0.53248 0.302237 -2.27557
-0.547299 0.15001 -2.36802
-0.209359 0.15001 -2.05382
-0.293891 0.301485 -0.573852
-0.820868 0.15001 0.318871
-2.2848 0.315486 0.292085
-1.75837 0.15001 0.856488
1.21407 0.342046 1.06926
-0.265169 0.301733 -2.62215
-0.288777 0.15001 -2.20715
-0.164512 0.302598 -2.45143
-0.14268 0.313752 -2.26196
-0.214988 0.15001 -1.19651
-0.466759 0.15001 -0.943052
-0.667889 0.15001 0.228203
-0.368285 0.15001 -0.122983
-1.44873 0.15001 1.19705
-1.60363 0.15001 0.932742
-0.374385 0.308912 -2.84999
0.0531196 0.15001 -2.84999
-0.130417 0.15001 -1.90304
-0.376837 0.298646 -1.95213
-0.154705 0.15001 -1.56259
0.259726 0.15001 -0.407596
-0.975931 0.15001 0.221707
-0.979747 0.15001 0.581107
-1.44766 0.15001 1.01576
0.673414 0.15001 0.708125
0.0346128 0.303758 -2.11244
-0.187308 0.302676 -2.79311
0.156671 0.15001 -2.36239
0.418481 0.15001 -1.48145
-0.18694 0.15001 -0.561229
0.140603 0.15001 -0.697227
-0.220958 0.15001 -0.0255964
0.33461 0.305836 -0.181597
-0.674744 0.15001 0.735273
-0.11892 0.15001 0.479879
0.388525 0.15001 -2.84999
1.4557 0.15001 -2.69392
-0.672256 0.288172 -0.980821
0.830971 0.15001 -2.13543
-0.380994 0.15001 -2.04715
-0.229719 0.15001 -1.39642
0.548024 0.15001 -0.179999
0.713195 0.15001 -0.254486
-0.213328 0.15001 0.328828
0.171748 0.15001 0.59087
1.2174 0.15001 -2.84999
0.887807 0.15001 -2.84999
-0.194957 0.15001 -2.68748
-0.418807 0.15001 -1.11204
0.123137 0.15001 -1.73837
-0.0243129 0.15001 -0.633021
0.120114 0.15001 0.270396
-0.809687 0.15001 -0.403876
0.838572 0.15001 0.665909
1.21342 0.297352 -0.203987
0.791282 0.312212 -2.84999
0.66171 0.15001 -2.68478
-1.29175 0.305763 -1.9305
0.544765 0.300814 -2.12499
0.538182 0.308471 -0.75056
0.402083 0.15001 -1.11816
0.687929 0.15001 -0.0785694
-1.12977 0.15001 0.489528
0.810942 0.305449 0.741152
0.180483 0.15001 0.751643
0.236219 0.304628 -2.64267
1.1058 0.15001 -2.69148
-0.625941 0.15001 -2.52939
0.683782 0.15001 -2.04148
0.509641 0.15001 -2.03159
-0.333864 0.15001 -0.668119
0.219806 0.15001 -0.0613238
-0.369398 0.15001 0.0585765
0.697346 0.15001 0.543573
2.06609 0.329668 -0.0673661
0.855601 0.306904 -1.68901
0.408325 0.300794 -2.75045
0.805267 0.15001 -2.50008
-0.107437 0.15001 -2.52764
0.182636 0.303275 -0.607013
0.118467 0.15001 -0.52189
0.184699 0.15001 0.114444
0.541096 0.302971 -0.0725958
2.13159 0.327831 -0.802471
1.91734 0.15001 1.48706
-1.05406 0.15001 -2.68994
0.832471 0.15001 -2.68605
0.332781 0.15001 -2.35882
0.218134 0.15001 -1.90273
0.722368 0.15001 -1.4923
0.895642 0.15001 -0.503958
0.81485 0.302264 -0.698649
0.228581 0.305179 0.264939
0.0518275 0.15001 0.471078
0.340051 0.15001 0.553183
-0.458104 0.15001 -2.84999
-0.453412 0.15001 -2.52701
0.426098 0.15001 -2.18974
0.569064 0.15001 -1.39778
0.412729 0.15001 -1.30017
-0.216359 0.15001 -0.207232
0.879853 0.15001 -0.329244
-0.201622 0.15001 0.146448
0.496448 0.474774 2.29302
1.54933 0.29804 0.878943
0.982023 0.312643 -2.84999
0.613447 0.301927 -2.77271
0.141895 0.15001 -2.05487
0.55445 0.15001 -1.76489
-0.348682 0.15001 -0.487456
0.588835 0.15001 -0.530179
0.517104 0.15001 0.00533828
1.09192 0.15001 0.262371
-0.298362 0.297987 -1.14124
1.59067 0.15001 1.4625
1.18461 0.302616 -2.24869
0.1487 0.15001 -2.68447
1.13194 0.15001 -2.33264
0.24538 0.15001 -2.20041
0.258109 0.15001 -1.58743
0.751635 0.15001 -0.603561
0.405762 0.15001 -0.290916
0.304443 0.15001 0.243744
0.796751 0.309531 0.535675
0.870873 0.15001 0.49363
-0.763353 0.303346 -2.77062
0.22112 0.15001 -2.84999
0.0728048 0.301003 -2.75423
1.52095 0.296998 -1.72951
-0.0474259 0.15001 -1.42538
0.733109 0.15001 -0.428721
0.664011 0.15001 0.0917173
0.579923 0.292711 0.169981
-0.642773 0.15001 0.565722
0.955409 0.30349 0.452006
1.05195 0.15001 -2.84999
0.965266 0.305936 -2.31525
-0.0536061 0.15001 -1.25295
0.989703 0.15001 -2.05413
0.843068 0.15001 -1.95652
0.347714 0.302716 -0.381907
-1.45691 0.30779 -0.692731
1.34996 0.15001 -0.587696
1.59254 0.15001 0.953456
0.610697 0.15001 0.874672
2.26621 0.292371 -2.69373
0.329477 0.15001 -2.03538
1.88639 0.15001 -2.27889
0.682564 0.304364 -0.348479
0.424513 0.15001 -1.65275
0.606428 0.15001 -0.702726
0.608384 0.15001 -2.19968
1.18504 0.301204 -0.00860049
1.29152 0.15001 0.865394
2.55244 0.15001 -0.15647
1.01941 0.304907 -1.78703
-0.0237007 0.15001 -2.68904
0.0629259 0.15001 -2.2099
0.722423 0.15001 -1.31448
1.15207 0.15001 -1.79409
0.0825028 0.15001 -0.174105
2.56024 0.15001 -1.41315
1.43398 0.29887 0.458195
2.17417 0.15001 1.90196
2.84999 0.358712 1.42827
0.865791 0.304976 -1.49794
1.36913 0.306731 -2.68404
0.507761 0.15001 -2.35187
0.946013 0.304337 -1.95661
0.463126 0.15001 -0.806769
1.85151 0.313416 -1.17009
0.523366 0.302698 -0.455071
1.46034 0.15001 0.12274
1.14802 0.297758 0.176464
0.882942 0.419248 2.30729
1.81459 0.300503 -2.79798
1.28825 0.15001 -2.24943
1.27843 0.15001 -2.65733
0.207987 0.308264 -1.12662
0.711289 0.15001 -1.68173
0.367738 0.15001 -0.945777
1.54325 0.15001 -0.348188
0.996287 0.15001 -0.0434447
1.04235 0.15001 0.44026
0.778827 0.15001 0.843127
1.36649 0.305687 -1.24195
1.41623 0.15001 -2.52643
0.989024 0.15001 -2.22906
0.751893 0.305403 -1.97441
1.3247 0.320739 -0.626578
0.725359 0.15001 -1.13876
0.386367 0.15001 -0.113363
1.39877 0.15001 0.325749
0.913961 0.15001 0.323745
0.514742 0.15001 0.574667
0.736736 0.278627 -2.21636
0.721357 0.15001 -2.84999
1.27785 0.15001 -2.42596
0.139842 0.284119 -1.61138
1.02518 0.15001 -1.327
0.672795 0.29833 -1.03266
0.568847 0.15001 -0.356637
1.23128 0.15001 0.37075
1.30058 0.15001 0.68629
1.9148 0.30051 1.12886
1.71798 0.15001 -2.54518
0.348503 0.303334 -2.48313
0.949506 0.299024 -2.67061
0.819917 0.30446 -1.32037
0.00478234 0.15001 -0.807486
0.900587 0.15001 -0.869663
1.34415 0.15001 -0.196628
1.16506 0.15001 -0.11228
1.1753 0.15001 0.55214
1.00057 0.15001 0.611091
0.795397 0.301148 -2.40187
0.529723 0.297367 -2.58737
1.70505 0.304113 -2.26389
0.840249 0.15001 -2.31087
1.03439 0.15001 -1.14693
0.74934 0.15001 -0.967045
1.53301 0.15001 0.444985
0.830323 0.15001 0.0297118
0.853347 0.15001 -0.151148
1.39898 0.15001 1.50202
1.10034 0.301118 -2.43705
0.61062 0.15001 -2.5179
1.59193 0.15001 -2.26637
0.87817 0.15001 -1.23024
0.567487 0.15001 -1.2194
0.305068 0.15001 -0.754377
1.05427 0.15001 -0.582348
0.79253 0.15001 0.205304
-0.492587 0.15001 0.335248
1.00141 0.318398 0.794966
1.55045 0.15001 -2.84999
1.62782 0.15001 -2.69408
1.4346 0.15001 -2.34526
0.423804 0.15001 -0.465809
1.15921 0.15001 -1.61231
1.78085 0.15001 -1.48015
1.86924 0.315691 0.378204
1.76266 0.15001 0.877046
2.09803 0.15001 2.21306
0.910781 0.15001 0.947584
1.89715 0.15001 -2.84999
1.44914 0.15001 -1.98938
-0.230125 0.15001 -1.71964
0.312075 0.304166 -1.5179
1.36985 0.300546 0.0912801
1.17807 0.15001 -1.24669
1.16943 0.15001 -1.42927
1.67116 0.15001 -0.478786
1.62826 0.15001 -0.00360769
1.64969 0.15001 1.28348
-0.495823 0.15001 -0.591808
0.121234 0.15001 -1.4823
1.29475 0.15001 -2.07213
1.94989 0.15001 -1.38471
0.609816 0.15001 -0.879578
0.893179 0.15001 -1.05184
-0.789831 0.318476 -0.170182
1.34905 0.15001 0.506599
2.00365 0.15001 0.111234
2.55382 0.341067 0.842399
1.98821 0.306089 -2.84999
1.74507 0.15001 -2.18036
1.44474 0.15001 -2.16751
0.512081 0.303537 -1.49847
1.79137 0.15001 -1.12241
1.20014 0.303914 -0.95698
1.19871 0.15001 -0.674076
1.50417 0.15001 -0.51721
1.67382 0.15001 1.10885
1.95872 0.15001 1.32269
1.73156 0.29793 0.00379361
0.687775 0.306022 -1.77588
0.96883 0.15001 -2.58255
1.87145 0.304736 -1.61673
1.3612 0.299897 -1.44558
1.21131 0.15001 -0.479103
2.84998 0.314869 -0.897619
1.46121 0.15001 -0.0590943
1.83554 0.15001 1.05151
0.715249 0.392715 2.14092
1.93153 0.302683 -2.19635
1.60681 0.15001 -1.90689
1.14157 0.15001 -2.1521
0.276809 0.30097 -0.92302
1.32853 0.15001 -0.969309
1.04474 0.15001 -0.959531
1.91214 0.15001 0.394377
1.46596 0.15001 0.639427
1.98465 0.15001 1.14652
0.963949 0.15001 0.788424
1.84783 0.304657 -2.02093
0.979164 0.15001 -2.41351
1.7202 0.307702 -2.45938
1.5236 0.301348 -1.54653
0.863395 0.15001 -1.59424
1.36035 0.15001 -0.372789
0.98374 0.306198 -0.834888
1.4517 0.302267 2.10713
2.51192 0.15001 2.07315
2.55975 0.15001 1.55148
2.19866 0.15001 -2.28176
1.45716 0.15001 -1.81043
0.92369 0.305368 -2.13857
1.31448 0.15001 -1.53266
1.47383 0.15001 -1.25556
1.33483 0.15001 -0.779149
1.7243 0.15001 -0.312907
1.76512 0.15001 0.494932
-0.0866852 0.298499 0.577717
2.31566 0.286488 0.189394
1.63609 0.308457 -2.84999
1.88217 0.278404 -2.59833
1.67582 0.304811 -1.82876
1.14553 0.15001 -1.9746
1.01595 0.15001 -1.51023
0.375721 0.311258 -0.597585
1.29846 0.15001 0.00812608
1.62629 0.15001 0.590527
1.13115 0.15001 0.0759124
2.09414 0.15001 1.01685
1.66451 0.309427 -2.01681
2.10054 0.301971 -2.2992
1.10396 0.305027 -2.07157
1.33538 0.305692 -1.99673
0.487128 0.282202 -0.939985
0.756626 0.15001 -0.782416
1.02115 0.15001 -0.221294
0.963317 0.15001 0.142047
0.460456 0.291545 0.452744
1.81686 0.15001 1.22962
1.77741 0.15001 -1.65278
2.07919 0.15001 -2.84999
1.13553 0.15001 -2.52143
0.694652 0.15001 -1.86554
1.6314 0.15001 -0.99655
2.11173 0.15001 -0.94074
1.63001 0.15001 -1.17948
2.24375 0.15001 -0.131544
1.80929 0.15001 -0.580638
2.52845 0.15001 0.919763
2.30762 0.313978 -2.51157
2.69118 0.15001 -2.04178
2.57331 0.15001 -2.46556
1.62215 0.15001 -1.55111
2.3983 0.15001 -1.49261
1.62524 0.15001 -1.36288
2.18008 0.301233 -1.83972
1.50605 0.304925 -1.91783
0.653874 0.30456 -0.596673
2.09292 0.15001 0.829703
1.53399 0.305432 -2.35474
1.9788 0.15001 -2.70287
1.00628 0.15001 -1.69374
2.09149 0.15001 -1.48455
1.79577 0.15001 -0.943501
2.73418 0.420253 -2.28382
2.09959 0.15001 -0.767017
1.21915 0.15001 1.02577
1.68434 0.15001 0.15916
1.33293 0.318259 1.4032
2.18061 0.15001 -2.44799
0.151865 0.300436 -2.46788
1.927 0.15001 -1.741
1.70188 0.308748 -2.65508
1.69041 0.302685 -1.64396
1.18354 0.15001 -1.06143
1.80228 0.15001 -0.757452
-0.0416765 0.304866 -0.730139
1.55826 0.305904 -0.0937864
2.37769 0.15001 0.817132
1.26188 0.289528 -2.53673
2.62258 0.283834 -2.31559
1.59855 0.15001 -2.08395
2.28049 0.15001 -2.57858
1.47907 0.15001 -0.884913
2.10501 0.15001 -1.12386
-1.61504 0.318908 1.65549
1.9215 0.15001 0.570067
1.44148 0.29968 -0.429243
2.26761 0.15001 1.34122
1.7234 0.15001 -2.84999
1.80561 0.15001 -2.6942
1.46492 0.15001 -1.63075
2.08866 0.15001 -1.66035
1.79414 0.15001 -1.30376
1.51125 0.286827 -1.34674
1.86849 0.15001 0.22718
1.77227 0.15001 0.684789
2.70144 0.15001 0.478363
2.74204 0.315991 1.9607
2.47275 0.303556 -2.66214
2.53956 0.15001 -1.78345
1.93636 0.15001 -1.56269
1.325 0.15001 -1.3486
1.48638 0.15001 -0.703404
1.18972 0.15001 -0.867699
1.35879 0.296307 -0.0980448
1.67796 0.288352 -1.46039
1.80544 0.301116 0.582375
2.10358 0.15001 1.42736
1.75511 0.15001 -2.00425
2.35751 0.15001 -2.40913
2.24737 0.15001 -1.5802
1.30708 0.15001 -1.71251
2.21781 0.307735 -1.09408
1.3276 0.15001 -1.15985
1.55958 0.15001 0.271237
2.52894 0.15001 0.731977
1.45457 0.15001 0.818173
1.87953 0.15001 1.65304
1.91121 0.301923 -2.3872
1.73674 0.15001 -2.36624
1.18949 0.304646 -1.70566
1.61828 0.15001 -1.72955
2.54604 0.15001 -1.58695
1.54092 0.30526 -0.962074
2.36065 0.301105 -1.58735
0.989621 0.302506 -0.502063
1.71804 0.284824 0.991947
2.1704 0.298194 0.950477
2.57192 0.15001 -2.6993
2.04049 0.15001 -2.54784
2.10279 0.304318 -2.10201
2.22429 0.15001 -1.93673
2.40259 0.15001 -1.31902
1.36132 0.303619 -1.62873
1.18748 0.15001 -0.297998
1.72459 0.15001 0.332081
2.29562 0.291468 -0.304027
2.50705 0.296199 -1.33056
2.02866 0.15001 -2.37044
2.25856 0.15001 -2.84999
2.38359 0.15001 -1.86093
2.37373 0.15001 -2.72299
1.54259 0.303589 -2.15689
1.35692 0.306962 -2.181
2.29114 0.302972 -2.13422
2.40392 0.15001 -0.963146
1.94156 0.15001 0.919688
0.696842 0.308425 -0.167292
2.48405 0.15001 -2.84999
2.84999 0.15001 -2.84999
1.91425 0.15001 -1.92087
2.39713 0.15001 -1.67922
2.00069 0.307358 -1.31058
0.256811 0.15001 -1.21884
2.2546 0.15001 -1.22308
2.70687 0.15001 -1.11637
0.359912 0.311272 -1.6902
1.93603 0.15001 0.745765
2.07533 0.15001 -1.837
0.505448 0.306335 -1.13303
1.44745 0.314803 -2.84999
2.7003 0.41367 -2.84999
2.84999 0.428195 -2.70621
0.562477 0.269785 -1.9124
1.89084 0.15001 -0.255613
2.69841 0.15001 -0.931847
1.18296 0.306253 -1.14844
-0.342402 0.305504 -2.28044
1.17543 0.30703 -1.89369
2.17312 0.308056 -2.84999
1.5762 0.15001 -2.4475
0.624999 0.307327 -1.33679
0.323937 0.298626 -1.90013
0.591918 0.303043 -2.40121
1.69713 0.298934 1.46078
2.84999 0.31055 -1.51385
1.64072 0.295233 0.457358
-1.36091 0.25984 2.55883
0.690241 0.303091 -1.58276
1.87902 0.15001 -2.47371
2.44904 0.15001 -2.56964
2.6949 0.15001 -1.86259
2.37582 0.15001 -2.04004
1.94897 0.15001 -0.850538
1.95407 0.15001 -0.666509
0.429677 0.307999 0.0779056
0.792277 0.304428 -0.89001
0.886469 0.306669 -0.250879
2.5634 0.301665 -2.84999
2.84999 0.318197 -2.84999
2.53089 0.15001 -2.13445
2.84999 0.294745 -2.37955
1.34583 0.307662 -2.36868
1.37266 0.315437 -1.02647
1.94421 0.15001 -1.20515
2.0985 0.15001 -0.577008
1.49761 0.31212 0.275317
2.84999 0.305095 -1.08858
1.04145 0.304704 -1.41293
2.04862 0.15001 -2.19319
2.45592 0.302921 -2.22309
2.29187 0.299066 -2.32432
2.02596 0.302503 -1.7318
1.19428 0.304993 -1.52377
2.72674 0.316679 -1.65389
1.75558 0.15001 -0.127113
2.19064 0.15001 0.186825
1.38905 0.15001 2.49361
2.20931 0.15001 -2.10959
2.84993 0.446032 -2.47944
2.71884 0.268964 -2.72208
2.84999 0.313299 -2.00609
2.67359 0.304029 -1.943
2.55536 0.15001 -1.03768
1.21031 0.302523 -1.33659
2.84999 0.288418 -1.32374
1.74377 0.318836 -0.404116
2.70114 0.15001 1.64183
2.46782 0.294732 -2.41768
1.90362 0.15001 -2.09875
2.84999 0.297554 -2.58319
1.47546 0.15001 -1.06926
1.35049 0.303413 -1.81064
1.63946 0.15001 -0.821016
2.66142 0.306725 -2.13037
2.68425 0.304655 -1.40887
2.11756 0.295521 0.109216
2.70262 0.15001 2.3278
2.01648 0.305265 -1.93381
1.86392 0.302375 -1.82204
2.53736 0.15001 -1.9565
2.2394 0.15001 -1.75914
0.995755 0.304361 -1.23196
2.18622 0.306542 -1.64215
1.77289 0.303989 -0.840927
1.86564 0.15001 -0.423915
0.989685 0.304671 0.998533
1.56256 0.15001 2.52749
