1000 0.1
-2.0465 0.15001 -1.33591
-2.6562 0.15001 -0.0869487
-2.84999 0.15001 0.60586
-2.41356 0.15001 1.02619
-2.66387 0.15001 1.24319
-2.84999 0.15001 1.29167
-2.30872 0.15001 2.37973
-2.84999 0.15001 2.46791
-2.67698 0.15001 2.19182
-1.52083 0.15001 2.6377
-2.7954 0.15001 0.366941
-2.62159 0.15001 -0.24391
-2.20528 0.15001 -1.41788
-2.84999 0.15001 0.0163219
-2.52565 0.15001 2.18887
-1.42091 0.15001 2.0393
-2.84942 0.15001 2.11173
-2.84999 0.15001 2.68528
-2.80007 0.930278 2.80786
-2.84999 0.15001 2.84989
-2.84873 0.15001 1.00909
-2.68828 0.15001 1.08924
-2.69613 0.15001 1.58449
-2.7245 0.15001 0.526609
-2.78343 0.15001 0.861206
-2.84999 0.15001 2.29519
-0.596213 0.163986 2.10304
-2.07145 0.370788 2.01143
-0.818413 0.22549 2.34125
-0.93053 0.181027 2.49998
-1.82324 0.15001 -1.3602
-2.81902 0.15001 -0.148942
-2.8235 0.15001 0.179688
-2.73811 0.15001 1.74282
-0.546636 0.294121 1.82409
-2.83 0.470368 2.66539
-0.759322 0.303713 2.14101
-2.72046 0.576388 2.47352
-2.41925 0.15001 2.50197
-2.69079 0.15001 2.39198
-2.49325 0.15001 -0.512717
-0.613901 0.15001 0.807178
-1.7113 0.15001 1.72712
-1.47595 0.15001 1.37454
-2.84801 0.613579 1.58838
-2.53489 0.15001 1.1205
-2.84999 0.15001 1.84709
-2.57628 0.15001 2.53488
-2.69555 0.302248 2.70939
-2.69206 0.15001 2.84999
-1.14699 0.216285 0.417939
-2.14321 0.159142 -0.771268
-1.44641 0.364781 -0.262406
-2.60073 0.425382 2.20135
-0.235546 0.422354 1.87119
-2.4607 0.15001 2.33476
-2.79078 0.363642 2.55353
-2.39379 0.15001 2.84999
-2.63685 0.15001 2.69216
-2.72485 0.392551 2.84613
-1.15407 0.15001 0.574181
-2.8252 0.338042 2.39455
-2.84999 0.15001 1.15177
-2.80005 0.298602 2.01672
-1.76124 0.360162 2.0526
-0.96496 0.250402 1.54474
-2.84999 0.684038 2.55619
-2.15294 0.15001 2.403
-1.1789 0.15001 2.84999
-1.31994 0.15001 2.54251
-1.32939 0.15001 -1.09162
-2.50138 0.15001 0.0640419
-2.79418 0.333365 1.76014
-1.56451 0.188984 0.168514
-2.27533 0.15001 1.37341
-2.18226 0.187935 1.78087
-0.755394 0.431039 2.01606
-1.34715 0.15001 1.86106
-1.04461 0.265845 2.69279
-2.49885 0.213745 2.67903
-1.77885 0.213533 -0.149093
-1.83369 0.166393 -1.11958
-1.89832 0.41259 0.561993
-0.533428 0.394349 1.67475
-2.72088 0.15001 1.94182
-1.68997 0.226421 2.69513
-2.27969 0.15001 2.69957
-2.3451 0.420697 2.84461
-2.48091 0.585882 2.30384
-2.5967 0.297395 2.84999
-1.56018 0.336292 -1.45045
-0.279891 0.269266 1.01075
-0.847955 0.158384 1.03048
-2.15291 0.151238 1.59273
-1.168 0.158542 0.935233
-1.72619 0.15001 0.35333
-1.89621 0.160708 2.03738
-1.94761 0.15001 2.82314
-1.20721 0.237968 2.3195
-1.15129 0.417751 2.7389
-1.99491 0.15001 -1.5079
-2.52686 0.15001 -0.784009
-1.8605 0.15001 -0.00452287
-2.71069 0.15001 0.0569175
-2.84999 0.15001 1.59277
-1.23459 0.15001 1.97461
-0.268285 0.15001 1.9597
-2.26612 0.15001 2.54671
-0.701846 0.15001 2.55716
-0.876701 0.15001 2.65839
-1.21701 0.183694 -1.48324
-2.54759 0.184358 0.730463
-0.337173 0.15001 1.32354
-0.419481 0.15001 1.54844
-0.757508 0.15001 1.73045
-0.453046 0.15001 1.81966
-1.91873 0.15001 2.26184
-1.17439 0.15001 2.14355
-1.48007 0.15001 2.20274
-2.10776 0.15001 2.83791
-1.33388 0.15001 -2.84565
-0.255941 0.15001 -2.14722
-0.956865 0.15001 -1.8912
-0.163939 0.15001 1.38889
-0.422761 0.243807 1.68528
-2.81831 0.15001 1.43422
-0.301738 0.395817 2.15911
-0.490151 0.331409 2.62762
-0.322579 0.278958 2.58932
-1.78788 0.15001 2.84829
-2.21159 0.22035 -0.609041
-2.6512 0.156047 0.30791
-2.5287 0.15001 1.31684
-1.14959 0.15001 1.8102
-0.516912 0.285587 1.5168
-2.57587 0.768487 2.78761
-0.819257 0.259096 1.97678
-2.82513 0.306636 2.22435
-0.419565 0.360295 2.4727
-2.18869 0.696145 2.8493
-1.4403 0.15001 -2.16789
-1.736 0.15001 0.184189
-0.336249 0.15001 0.315439
-2.57768 0.15001 1.76842
-0.461232 0.193407 1.98765
-2.55512 0.15001 1.95852
-0.608906 0.406364 2.128
-0.493411 0.278669 2.34247
-0.634799 0.289682 2.47451
-1.47869 0.15001 2.84999
-2.19331 0.235693 -0.152896
-0.75146 0.15001 -1.1839
-2.84999 0.313225 0.451201
-2.63373 0.15001 -0.428948
-0.34046 0.430636 1.40709
-0.636154 0.291843 1.98871
-2.83049 0.568878 2.19415
-0.4657 0.428031 2.25114
-0.453694 0.512964 2.39879
-1.23703 0.151934 2.69173
-1.88225 0.15001 -0.452483
-2.27576 0.26949 1.67809
-2.73368 0.15001 0.707829
-0.381774 0.392831 1.58121
-0.0903363 0.512386 1.97103
-1.98372 0.15001 1.82559
-0.156097 0.621552 2.10114
-2.26683 0.410262 0.814432
-2.84999 0.340519 0.953364
-2.53929 0.15001 2.84999
-0.729242 0.15001 0.610938
-1.44699 0.15001 -0.977663
-0.709075 0.567914 0.281947
-1.03561 0.15001 0.272905
-0.428114 0.15001 0.896485
-1.96073 0.15001 0.46574
-2.27552 0.173262 2.03581
-2.73398 0.15001 2.56512
-2.59294 0.356674 2.59656
-0.983009 0.15001 2.84814
-2.43225 0.15001 1.6537
-2.68618 0.476681 1.35969
-0.335882 0.602048 0.655797
-0.215387 0.606145 1.54951
-1.67501 0.163844 2.16561
-2.40903 0.15001 2.0977
-0.590596 0.494639 2.81655
-0.455133 0.502503 2.09279
-2.09281 0.191061 2.26297
-2.25059 0.150466 2.84999
-0.200094 0.15001 0.480357
-1.33585 0.15001 -0.0687095
-1.38475 0.15001 0.147067
-1.78592 0.15833 1.17031
-0.430635 0.578894 1.93632
-1.25571 0.194326 1.27436
-0.312873 0.283089 0.524962
-2.23486 0.150917 2.1982
-1.8281 0.188171 2.53793
-2.19797 0.381337 2.84825
-0.724537 0.284406 -2.81278
-1.3589 0.15001 -0.299755
-0.565952 0.15001 0.630232
-0.794319 0.15001 1.54671
-0.224222 0.15001 1.539
-0.872107 0.15001 1.85525
-0.994927 0.15001 1.99968
-0.623281 0.15001 2.27476
-0.361456 0.15001 2.71372
-0.794017 0.15001 2.84999
-0.381272 0.15001 0.73348
-2.35506 0.230315 0.889821
-1.60147 0.15001 -0.144066
-0.0445906 0.284382 1.26928
-0.145177 0.255853 1.6508
-0.326814 0.15001 2.41957
-0.422605 0.15001 2.158
-0.353131 0.266614 2.25806
-0.472357 0.15001 2.58586
-0.389343 0.295119 2.78782
0.421474 0.15001 -1.82201
-0.269338 0.15001 1.1589
-1.17156 0.15001 0.0746454
-0.19502 0.238913 1.84239
-2.55133 0.15001 1.55246
-0.248871 0.15001 2.25256
-0.0291329 0.355541 2.21739
-0.786457 0.15001 2.17786
-0.150079 0.254519 2.51937
-0.234577 0.355741 2.84354
-1.17234 0.15001 -1.05937
-0.998711 0.15001 -2.74404
-0.480983 0.15001 -1.69238
-2.55381 0.15001 0.907422
-0.379141 0.373974 1.99422
-0.616508 0.15001 1.90146
-0.469513 0.304704 2.13025
-0.548034 0.15001 2.43462
-0.328395 0.435032 2.68757
-0.587757 0.211295 2.7088
-1.5467 0.154853 -0.812277
-0.11722 0.294794 0.899904
-2.43357 0.15001 1.43507
-1.5016 0.15001 1.08803
-2.29542 0.161138 0.0410934
-1.49424 0.15001 1.71469
-0.138934 0.431601 2.1132
-0.274388 0.294011 2.40634
-0.652808 0.323096 2.28679
-0.356154 0.558723 2.54807
-0.381373 0.310156 1.26434
-0.892353 0.397112 0.363194
-2.66128 0.169551 1.40912
-0.15499 0.482298 1.42801
0.0867557 0.549702 2.00015
-0.00901155 0.712512 2.14272
-0.549785 0.438471 1.94407
-0.140375 0.365823 2.34637
-2.02136 0.3495 2.84967
-1.33046 0.304691 2.84999
-1.6145 0.15001 -1.76311
1.03169 0.15001 -0.980223
-0.821444 0.15001 0.725751
-0.0611392 0.353792 0.341249
-0.418503 0.439437 1.81156
-2.41095 0.15001 1.9134
-0.167581 0.525598 2.25092
-0.302756 0.440885 2.33343
-0.499273 0.505687 2.65724
-1.64332 0.252413 2.84806
-1.59147 0.15001 0.65558
-0.46959 0.546772 0.150327
-1.03056 0.309466 1.30774
-2.71278 0.491147 1.56822
-1.05265 0.15001 1.6211
0.13309 0.271601 0.676303
-1.64412 0.243996 2.3123
-1.98926 0.15001 0.891079
-0.470077 0.68309 2.43802
-0.730605 0.337527 2.84997
-1.25741 0.350484 0.915939
-2.20117 0.15001 0.953532
-0.0343441 0.164958 0.297014
-0.853726 0.322587 1.44871
0.874726 0.62575 0.105302
-2.10724 0.15001 2.03238
-1.76693 0.166999 2.39456
0.176986 1.0256 2.69314
1.37379 0.728231 2.72368
-2.12942 0.189427 2.62839
-0.13746 0.15001 -1.48411
-0.484765 0.373355 0.308944
-1.08044 0.307731 0.259421
-1.36617 0.15001 0.709148
-1.79797 0.15001 0.863273
-1.06613 0.15001 1.39511
-1.42973 0.242002 0.58919
-1.59602 0.188777 1.9701
-0.118739 0.884746 2.55056
-0.787871 0.562055 2.46719
0.839553 0.15001 -2.76562
-0.544146 0.15001 0.315649
-0.107705 0.15001 1.06293
-0.113917 0.15001 1.23106
0.0958403 0.15001 1.74887
-0.174461 0.15001 2.10724
0.0775566 0.15001 2.06874
-0.0420706 0.15001 2.20035
0.0598573 0.15001 2.32447
-0.0208068 0.15001 2.49406
-1.43054 0.210759 -1.52907
-0.100253 0.15001 0.660855
-0.555015 0.15001 0.473765
-0.0300213 0.15001 1.58881
-0.361368 0.278988 1.85757
0.171994 0.15001 1.91156
-0.310343 0.239678 2.08587
-0.174388 0.282962 2.2032
-0.207812 0.22794 2.69926
-0.489294 0.15001 2.84999
-0.811967 0.15001 0.328744
0.0933763 0.348462 1.18121
-0.711302 0.15001 0.457879
-0.321993 0.254985 1.45751
0.0223428 0.286513 1.68869
-0.0837863 0.15001 1.76171
-0.0487613 0.25232 2.07633
-0.0608358 0.15001 2.66569
-0.0598801 0.408995 2.49307
-0.078238 0.292173 2.79031
-0.0847447 0.15001 -0.744775
-0.205255 0.15001 -0.910204
-0.85034 0.3881 0.210118
-0.209839 0.318051 1.33961
0.206453 0.37385 1.75367
-0.193748 0.319657 2.00197
0.21087 0.435964 2.06471
-0.103622 0.191105 2.34764
-0.244517 0.423183 2.5141
-0.145621 0.379612 2.65004
-0.51332 0.15001 -2.84053
-2.64625 0.15001 -1.35339
-0.272807 0.511486 2.02085
-0.279233 0.337676 1.71797
-0.0791189 0.294116 1.45374
-0.116937 0.561885 1.80725
-0.0125151 0.482012 2.32625
-0.15477 0.537149 2.42094
-0.585646 0.454017 2.50442
0.160667 0.529212 2.84999
-0.17633 0.24877 0.346859
-0.0560989 0.152049 0.437258
-0.126285 0.15001 -1.99086
0.0197024 0.48352 1.71849
0.121529 0.398718 1.60769
0.0302457 0.39704 2.05675
-0.335149 0.566449 2.2085
-0.00246665 0.533921 2.15902
0.134528 0.589334 2.32242
-0.100491 0.466627 2.80134
-1.59582 0.15001 -1.4863
0.414563 0.467376 1.36338
-0.510069 0.15001 1.39252
-0.707205 0.15001 1.33892
-0.817052 0.356062 1.25524
-0.298699 0.573978 1.80323
0.131086 0.76213 2.23681
-0.304572 0.621035 2.37903
-0.000849116 0.476158 2.65181
-1.11919 0.312583 2.84999
0.0631601 0.15001 -0.719331
0.576838 0.16986 0.684336
0.554169 0.4696 0.170084
-1.37833 1.43043 2.17856
0.298838 0.703132 2.0726
-0.207329 0.664315 1.93228
-0.0422784 0.648827 2.30487
-0.209495 0.714212 2.2491
-1.21022 0.569202 2.69527
-0.196446 0.554661 2.64904
-1.49294 0.15001 -1.29193
0.578714 0.15001 -1.38313
-1.08662 0.304965 0.635845
0.0711252 0.473676 1.43751
-1.03463 0.404464 1.57037
-1.95566 0.211065 1.45244
0.121942 0.729134 2.01824
0.339163 0.746258 2.22534
0.0979358 0.635961 2.49105
-2.36778 0.431358 2.3325
0.405448 0.497043 0.508534
0.593962 0.352834 1.00381
0.853739 0.256796 0.606684
-1.63757 0.17627 0.875303
-0.831667 0.260049 0.411636
-0.962869 0.714105 1.84721
-0.339474 0.679537 2.0692
-0.804032 0.858395 2.77184
-0.155167 0.718213 2.43854
-1.38963 0.210799 2.7081
0.0167447 0.15001 0.570275
-0.397025 0.15001 0.44055
-0.193274 0.15001 0.811852
0.0298067 0.15001 1.41897
0.435327 0.15001 1.70998
0.00426434 0.15001 1.90751
0.185255 0.15001 2.19825
0.117991 0.15001 2.61872
0.000131003 0.15001 2.84999
-0.177898 0.15001 2.84999
0.9206 0.15001 -2.14259
0.0482304 0.15001 0.99847
-1.456 0.32587 0.251227
0.160194 0.15001 1.58889
0.101904 0.283091 1.84395
0.45542 0.15001 2.09209
0.271978 0.15001 2.04492
0.10788 0.28172 2.17791
0.229649 0.260178 2.65634
0.0213614 0.293268 2.58951
0.215402 0.15001 -1.99129
0.0910934 0.15001 1.24298
0.199892 0.15001 1.40771
0.073834 0.268395 1.52073
0.264308 0.15001 1.7384
-0.051125 0.295568 1.92086
0.0354452 0.310906 2.37111
0.252985 0.15001 2.35737
0.13677 0.391069 2.69406
0.0834645 0.240761 2.75017
-0.247618 0.15001 0.632012
1.25733 0.15001 -0.858433
0.485112 0.15001 -0.463847
0.101416 0.295891 1.35062
0.268342 0.442854 1.89379
0.0359008 0.429439 1.88529
0.152045 0.287414 2.01197
0.137646 0.438433 2.22854
0.201139 0.294156 2.3262
0.0563451 0.379909 2.84999
0.654569 0.15001 0.480054
-0.58294 0.15754 -0.234821
0.0819803 0.570678 0.54208
-0.0361617 0.450603 1.29866
-0.215425 0.36379 1.54285
-0.0981961 0.37079 1.77768
0.143035 0.536866 1.82359
0.202903 0.342114 2.50267
0.192538 0.494072 2.57793
0.313982 0.468348 2.84999
0.583811 0.15001 -0.606304
0.355589 0.370228 1.22407
0.422248 0.15001 0.642797
0.256592 0.536024 1.45193
0.286589 0.592054 1.76204
-1.88694 0.607447 0.114994
0.158834 0.60578 2.1483
0.310287 0.53033 2.17289
0.0982786 0.460137 2.44492
0.112434 0.616605 2.67526
-0.0818224 0.95508 -0.367359
-1.35457 0.15001 -0.811441
2.29741 0.15001 -0.532748
-1.15602 0.15001 0.747884
-1.20448 0.15001 0.277827
-0.191641 0.482081 1.67389
0.314417 0.612635 2.32173
0.0164249 0.779191 2.39848
0.351345 0.630793 2.84336
-0.958705 0.409149 2.84726
-0.138605 0.299388 0.555079
0.209427 0.440303 1.30001
-2.09675 0.210339 0.059686
-0.191807 0.313454 1.16336
0.729991 0.667165 1.69903
-0.0543973 0.630745 1.64375
0.0183942 0.652976 1.87263
0.452627 0.639653 2.17569
0.793929 0.774608 2.06895
0.0806623 0.701869 2.84999
-0.00889491 0.310328 1.04444
0.638559 0.28222 0.556604
0.660656 0.327576 0.331842
1.11017 0.15001 0.605528
0.112771 0.569721 1.58081
-0.0650573 0.764838 1.98301
0.205839 0.749537 2.39671
-0.171103 0.871532 2.84991
-0.176685 0.621499 2.84999
-1.82994 0.403682 2.84973
0.439869 0.15001 0.492295
1.21585 0.406981 0.914081
-1.35042 0.152542 1.60287
-0.668055 0.314243 0.263885
0.266604 0.800379 1.64121
0.0207026 0.51837 0.726229
-0.435153 0.689388 1.80896
-0.37919 0.862943 2.52512
0.578212 0.807714 2.13747
0.562156 0.722452 2.79894
0.318484 0.15001 -2.84062
1.00381 0.15001 0.72681
0.541303 0.15001 1.03145
0.17196 0.15001 0.883279
0.656189 0.15001 1.8049
0.375554 0.15001 1.87035
0.784051 0.15001 1.91279
0.65775 0.15001 2.04238
0.335579 0.15001 2.68927
0.18083 0.15001 2.84999
2.29741 0.15001 -1.54026
-1.34381 0.15001 0.387189
0.233127 0.245027 1.23389
0.331884 0.15001 1.04529
0.5237 0.272544 1.81432
0.897815 0.15001 1.54855
0.51532 0.285803 2.04192
0.3404 0.18866 2.21437
0.43279 0.275378 2.69864
0.711121 0.15001 2.84999
0.305023 0.15001 -1.26336
1.22169 0.15001 0.813452
0.32685 0.15001 1.53454
0.595877 0.265039 1.46682
0.274107 0.472549 1.62403
0.361386 0.290757 1.75833
0.442432 0.15001 2.34513
0.297842 0.15001 2.51946
0.134014 0.198581 2.46678
0.358261 0.194109 2.84999
0.835658 0.15001 -0.475909
1.34691 0.15001 -0.0823419
0.871034 0.15001 0.529659
0.257139 0.28217 1.61729
0.425346 0.367041 1.91884
0.275017 0.276765 1.90012
0.385182 0.316618 2.35772
0.671153 0.498855 2.35428
0.48917 0.371943 2.57348
0.227142 0.313828 2.83791
2.28608 0.15001 -1.23188
0.156866 0.15001 0.614722
0.499037 0.303673 1.32028
0.840567 0.266396 1.14877
0.209911 0.359099 1.46381
0.372109 0.501799 2.01556
0.339355 0.299105 2.05975
0.255052 0.453561 2.3587
0.36142 0.28747 2.52422
0.323086 0.403266 2.6702
0.767038 0.15001 -1.681
0.290162 0.15001 0.549893
0.011125 0.15001 0.783455
0.424069 0.592511 1.87381
0.247832 0.60323 1.95001
0.530614 0.645683 2.33967
0.304727 0.362407 2.20997
0.520857 0.481758 2.4455
0.312145 0.575481 2.66352
0.445697 0.386042 2.84999
0.793728 0.15001 0.412242
-0.598513 0.15001 -0.440153
1.59838 0.475824 0.108036
2.76225 0.366943 1.02939
0.598109 0.538445 1.65594
-0.138509 0.460851 0.953335
0.429031 0.482478 2.29948
-0.0588578 0.603408 2.54942
0.44553 0.699235 2.66504
0.505694 0.555797 2.84064
1.0625 0.97636 -0.198317
2.23228 0.15001 -0.281811
0.686993 0.155052 0.322338
-0.048857 0.422124 1.5706
2.53754 0.158147 2.47132
1.55736 0.242353 1.08211
0.388437 0.769961 2.39167
0.702737 0.543916 2.06133
1.85071 0.492659 2.46541
0.291771 0.910577 2.58278
2.02778 0.15001 1.15282
-0.540867 0.456844 -0.138598
-0.675941 0.299756 1.17986
2.17168 0.152368 -0.447785
0.744248 0.622077 2.22241
-1.16243 0.400458 2.27348
2.47414 0.27298 1.51832
0.30476 0.748743 2.56482
-0.534669 0.663083 2.75162
0.104908 0.907837 2.46972
-0.0887588 0.433984 -0.872404
0.0994843 0.15001 0.363986
1.10591 0.378127 0.522541
1.12094 0.569135 1.84709
2.11669 0.615918 2.38223
0.114911 0.67923 1.71863
2.32441 0.324694 2.65971
-0.623681 0.753458 1.2634
0.254748 0.705392 2.74283
1.80192 0.635685 1.94312
-0.636522 0.627219 -2.81832
1.05149 0.15001 0.895536
1.09836 0.15001 1.05826
0.565934 0.15001 1.24138
0.481032 0.15001 1.44695
0.556899 0.15001 1.59807
0.818331 0.15001 1.72019
0.769626 0.15001 2.37654
0.51529 0.15001 2.79561
0.537363 0.15001 2.62633
0.762388 0.15001 -2.45027
-0.414047 0.15001 0.58043
0.395778 0.15001 0.883028
0.435144 0.262741 1.59743
1.08494 0.15001 1.54071
0.531363 0.15001 1.93322
0.619629 0.36294 2.16369
0.505183 0.242028 2.21819
0.604726 0.286891 2.66242
0.891074 0.15001 2.84999
1.36106 0.15001 -2.79317
0.927013 0.15001 1.04298
0.33276 0.25944 1.38661
0.886015 0.309032 1.60662
0.975673 0.294609 1.28479
0.725075 0.372371 1.54245
0.752325 0.418113 1.93199
0.525033 0.24006 2.45763
0.638048 0.365793 2.5017
0.561071 0.282859 2.84999
0.44026 0.258902 1.12398
2.69025 0.211389 0.413857
2.19884 0.15001 1.04018
0.371664 0.380753 1.50883
0.546646 0.472307 1.83287
0.651842 0.279169 1.93582
0.458935 0.424507 2.13723
0.563645 0.359943 2.32834
0.714592 0.415358 2.65054
0.57903 0.426818 2.7538
0.212287 0.15001 -1.75046
0.558804 0.15001 -1.58438
2.44452 0.183569 -0.842636
0.714932 0.292487 1.33064
0.548416 0.425998 1.49798
2.44042 0.540391 1.80612
0.522175 0.594954 2.02534
2.3335 0.15001 2.69892
0.355224 0.456249 2.49817
0.476004 0.522474 2.64355
0.314033 0.272216 0.60671
1.31857 0.555811 0.112245
1.81975 0.15001 0.260488
0.423608 0.54436 1.54475
0.396675 0.453423 1.74733
0.582423 0.432543 1.99875
0.708809 0.538997 1.82297
0.584292 0.536117 2.20105
0.442542 0.626652 2.4982
1.08542 0.24156 2.84999
1.90582 0.15001 -0.152163
2.381 0.15001 0.460253
0.864148 0.452124 0.0554607
1.25746 0.211453 0.568554
1.8301 0.233994 1.15899
0.446091 0.629726 1.6966
0.636556 0.609984 2.49656
0.269796 0.605908 2.48095
2.03093 0.244269 2.23558
1.02539 0.395771 2.8484
0.619048 0.552691 -1.36779
1.90744 0.282964 0.589251
0.43178 0.663301 0.0863517
0.274998 0.649372 1.59113
2.24557 0.158274 0.0158603
1.67133 0.260728 1.64792
1.22096 0.30113 2.04532
2.69226 0.361186 2.26404
0.619672 0.614637 2.69402
2.26994 0.496696 2.83899
2.41952 0.15902 0.629803
0.161345 0.284823 1.02142
0.603614 0.627637 -0.65279
1.80082 0.37652 1.26975
-0.0229311 0.15001 -0.593874
1.01307 0.426955 1.59486
2.2435 0.509723 2.05514
0.739576 0.667156 1.90712
0.539601 0.782908 2.48796
1.62122 0.443234 2.84999
1.93756 0.15001 0.673755
0.713745 0.280831 0.754202
1.93741 0.516395 1.51769
0.842392 0.348128 0.485981
1.52223 0.164999 0.606296
0.554663 0.824518 1.7139
0.415662 0.924436 1.78294
2.64203 0.364816 1.3656
-0.0570052 0.939498 2.02573
1.25547 0.42044 2.84999
2.63528 0.15001 -1.68431
2.31266 0.15001 -0.683738
2.02646 0.15001 0.341956
0.70645 0.15001 1.52809
1.50739 0.15001 1.5536
1.215 0.15001 1.38331
0.717782 0.15001 2.19734
0.939089 0.15001 2.22678
0.865188 0.15001 2.57556
1.54353 0.15001 2.84999
0.154584 0.158221 -2.77679
0.922285 0.15001 -1.3643
2.29651 0.15001 -0.137677
0.380753 0.15001 1.25958
1.15494 0.19811 1.69749
0.94483 0.15001 1.93122
1.09184 0.15001 1.86924
0.612976 0.177089 2.31878
0.692907 0.15001 2.67717
1.50511 0.320265 2.84987
1.50475 0.15001 -2.79903
2.1911 0.318156 1.90916
1.78789 0.210715 0.412814
0.675167 0.25103 1.6626
0.672386 0.368174 1.78301
0.762518 0.306691 2.09897
0.850418 0.15001 2.08026
0.926059 0.214431 2.38342
0.717218 0.213843 2.52339
1.21193 0.15001 2.84999
2.31325 0.15001 -1.79868
2.20432 0.15001 -1.93936
0.833614 0.15001 -0.8405
0.738993 0.15001 1.23133
2.25687 0.15001 1.58541
0.826714 0.29963 1.79031
0.864565 0.294498 1.96119
0.828052 0.274419 2.2492
2.50874 0.15001 2.66091
2.41265 0.15001 2.84999
1.19561 0.15001 -1.86255
2.19733 0.290487 1.21209
0.724343 0.15001 1.05602
0.806297 0.15001 1.39404
1.32677 0.311609 1.75774
1.90848 0.15001 1.50454
1.06631 0.251121 2.24123
0.7326 0.320191 2.3738
0.949761 0.477232 2.21031
0.718167 0.318409 2.82561
1.62767 0.15001 0.476704
-0.0502097 0.410844 0.182488
2.11023 0.15001 1.47685
1.80924 0.205706 0.753285
1.29145 0.37319 1.25273
1.8049 0.15001 1.32414
0.769548 0.439535 2.21858
2.20542 0.15001 2.53298
0.77852 0.583903 2.61621
1.69155 0.281039 2.84999
1.85207 0.15001 -1.90762
0.148496 0.257822 0.473829
0.270099 0.370372 0.726004
0.537801 0.374026 1.67037
2.52787 0.15001 0.17423
1.97843 0.368702 1.69245
0.938054 0.305324 2.12388
0.789028 0.451681 2.49168
1.62259 0.312644 2.29758
1.34168 0.256951 2.84999
0.216578 0.15001 -0.498627
2.07061 0.184197 -0.0795652
1.93859 0.179199 0.482447
2.82799 0.67726 2.12265
2.12025 0.189866 0.759542
2.73792 0.976252 2.76931
1.19021 0.278012 1.86972
2.67034 0.568548 2.58709
1.11019 0.551443 2.81505
0.981668 0.463413 2.51261
0.773744 0.15001 -0.957988
1.73616 0.224789 0.579159
1.99369 0.254567 0.182528
1.15576 0.394487 1.74205
0.82519 0.480638 1.08762
2.61536 0.210332 2.33767
2.03125 0.492376 2.69905
0.838473 0.567555 2.36738
1.02024 0.561412 2.36265
2.72423 0.28118 2.63562
0.837481 0.15001 -1.46407
1.36686 0.15001 0.262951
0.652619 0.28919 1.15916
2.72407 0.769376 2.52577
1.68163 0.402082 1.15006
2.31005 0.670155 0.932142
1.25282 0.520204 1.92504
1.48268 0.180044 2.50812
1.31831 0.551785 2.75637
2.03456 0.312429 2.8499
2.82709 0.15001 -0.836556
1.0125 0.15001 1.36032
2.40504 0.15001 0.787657
1.28882 0.15001 1.56936
2.36415 0.15001 1.47101
1.39113 0.15001 1.35599
0.99631 0.15001 1.71777
1.07129 0.15001 2.46309
1.86568 0.15001 1.90318
1.27161 0.15001 2.53165
2.11102 0.15001 0.51241
2.5296 0.15001 0.34131
1.21763 0.15001 1.20006
2.27864 0.637455 1.24747
2.49742 1.01358 1.92517
2.04418 0.15001 1.90397
1.08808 0.15001 2.06221
2.66604 0.15001 2.72022
1.22787 0.15001 2.35811
2.68833 0.797855 2.73212
2.43836 0.15001 -1.03549
2.83885 0.15001 -1.27124
2.48651 0.15001 -0.0891427
2.54495 0.155138 0.53721
1.46876 0.15001 1.75856
2.50111 0.15001 1.31567
1.90749 0.15001 2.53355
1.00923 0.223234 2.66381
0.824525 0.262702 2.70177
1.62743 0.15001 2.28175
2.69809 0.15001 0.257124
1.56028 0.15001 0.743344
2.84999 0.15001 0.66104
1.42044 0.173731 1.16376
2.74261 0.336411 0.811102
0.830323 0.456076 1.72608
2.73747 0.15001 2.04097
1.26847 0.15001 1.95179
2.44539 0.965491 2.59082
2.47245 0.96459 2.84713
2.14623 0.15001 -1.58115
0.671904 0.15001 0.882029
2.84322 0.15001 0.828039
2.22059 0.15001 1.36968
2.67141 0.15001 1.58202
0.863824 0.459038 2.05697
1.09956 0.401682 2.13947
0.883906 0.307069 2.52605
2.68701 0.15001 2.54598
0.887253 0.426855 2.66855
1.39297 0.15001 0.117897
2.35229 0.453543 -0.630784
2.63783 0.360039 0.609585
2.72979 0.449977 0.39942
1.77588 0.355678 0.782259
2.70063 1.19081 1.49487
0.993903 0.306685 1.82874
1.09336 0.396893 2.33431
2.55259 0.528278 2.84292
1.19051 0.264043 2.66981
2.69171 0.168923 -0.759284
2.36559 0.15001 -0.396884
2.75413 0.638897 1.95218
-0.300245 0.337992 0.379738
1.91114 0.15001 0.979904
2.79719 0.31473 2.08514
1.53339 0.182914 1.95182
0.905016 0.391699 2.36043
2.84389 0.515911 2.03212
1.77357 0.15001 2.84999
1.92422 0.324227 0.324405
2.83994 0.360834 -0.38768
1.36843 0.191032 0.680727
2.4622 0.33824 0.745777
2.63111 0.303119 2.07564
2.67848 0.498037 1.97963
1.4115 0.335398 1.95115
2.38383 0.15001 2.54396
1.9483 0.484279 0.912663
2.20013 0.15001 2.33775
2.38068 0.15001 1.10323
1.59273 0.302138 0.690412
1.09325 0.321496 1.50231
1.65975 0.153443 0.859821
0.206482 0.746933 1.85849
2.36765 0.217344 1.95987
2.54936 0.582776 1.32503
2.56101 0.335971 2.58632
2.17704 0.15001 2.14887
1.06639 0.399186 2.66383
0.973481 0.15001 -0.507987
2.48709 0.271479 1.18333
1.02736 0.396503 0.0870332
2.64058 0.268232 1.87381
1.70883 0.15001 1.01109
1.73602 0.180181 1.76261
1.36647 0.461014 1.48228
2.39298 0.3366 2.38252
1.93428 0.3007 2.60266
1.9262 0.15001 2.75724
2.63577 0.15001 -0.934932
2.61171 0.15001 0.766497
2.84988 0.15001 1.04026
2.32669 0.15001 1.25675
2.84999 0.15001 1.59884
2.58167 0.15001 1.05799
2.76371 0.15001 1.74163
1.23862 0.15001 2.12708
2.84999 0.15001 2.1535
2.56602 0.15001 2.84999
2.76736 0.15001 -1.10525
2.63382 0.15001 -0.25908
2.84999 0.15001 -0.661118
2.69759 0.15001 0.602197
2.84999 0.15001 1.43107
2.84999 0.15001 1.92062
2.60962 0.15001 2.17632
2.84999 0.709281 2.84999
2.84999 0.15001 2.32083
2.84999 0.15001 2.84999
2.71568 0.15001 -1.51365
2.8461 0.15001 -0.244603
2.46764 0.15001 0.93832
2.84999 0.15001 1.26776
2.32517 0.15001 1.80715
2.84999 0.403112 2.21084
2.59425 0.15001 1.76785
2.83129 0.15001 2.68931
2.46262 0.15001 2.09601
2.33053 0.15001 2.18941
2.13379 0.171377 -1.39547
2.84452 0.15001 -0.412233
2.84999 0.15001 0.230035
2.53553 0.740293 1.30414
2.76278 1.38626 2.16152
2.69661 0.15001 1.18588
2.76749 0.433501 2.67413
2.52528 0.15001 1.93342
2.84031 0.855336 1.52677
2.84999 0.15001 2.51147
2.48782 0.15001 -0.582158
2.32679 0.449625 0.363573
2.84977 0.15001 0.0461172
2.69726 0.15001 0.932629
2.79579 0.28468 1.77035
2.77384 0.746736 1.09381
1.23408 0.295882 2.24596
1.37183 0.15001 2.24971
2.76326 1.41097 2.80725
1.64014 0.15001 2.71403
2.46649 0.15001 -0.259454
0.820396 0.248581 0.948967
2.74047 0.269844 1.45207
1.6398 0.41803 0.974223
1.04857 0.304437 1.9924
2.43652 0.15001 2.30564
2.84999 0.3722 2.84999
2.41534 0.493662 2.70897
2.79531 0.314738 2.39625
2.09315 0.15001 2.84999
2.05791 0.533064 -0.706748
2.80821 0.371388 1.25035
2.71451 0.15001 -0.0922965
2.45543 0.15001 1.66377
2.68079 0.15001 1.37244
2.33328 0.727616 2.44244
2.1589 0.15001 1.76486
1.39937 0.211802 2.08409
1.06946 0.308954 2.49029
2.28623 0.324506 2.84602
2.75963 0.155835 -0.538118
2.73028 0.317746 0.241956
2.84999 0.15001 0.473694
2.82867 0.635987 0.389576
1.62515 0.15001 1.40881
2.68845 0.773954 2.26526
2.84999 0.658412 2.62245
2.7815 0.583057 2.44149
2.69226 0.276483 2.84999
2.84881 0.304046 2.54651
2.60896 0.201029 0.0349972
2.84998 0.699199 1.39471
2.0623 0.250981 0.944034
1.943 0.198732 1.72498
2.53104 0.15001 1.49161
2.07514 0.215563 2.04102
1.75452 0.15001 2.59408
2.44678 0.30254 2.7622
2.04703 0.15643 2.4401
2.2576 0.15001 2.84999
1.49171 0.17491 0.363855
2.31539 0.306283 -0.24383
2.71488 0.254483 -0.408887
2.40033 0.15001 0.0803569
2.07222 0.15001 1.62716
2.60513 0.405357 1.56103
2.51778 0.326926 2.24322
2.21729 0.15001 1.96074
2.65389 0.349691 1.70762
2.83571 0.540434 2.84996
