2000 0.1
-2.84999 0.15001 -2.84999
-2.69613 0.15001 -1.52619
-2.84999 0.15001 -0.193597
-2.35679 0.15001 -0.937507
-2.65252 0.15001 -0.423811
-2.84999 0.15001 0.943664
-1.91713 0.15001 2.42405
-2.713 0.733928 2.60702
-2.18193 0.15001 1.96604
-1.98505 0.15001 2.76988
-2.84999 0.15001 -0.440323
-2.40612 0.15001 -1.53171
-2.49619 0.15001 -2.84999
-2.84999 0.15001 -1.46336
-2.26669 0.15001 2.29801
-2.18205 0.15001 1.21708
-2.84999 0.15001 2.3498
-2.84999 0.15001 2.68706
-2.01025 0.423632 0.563188
-2.84999 0.15001 2.84999
-2.84999 0.15001 0.362835
-2.84999 0.15001 0.546183
-2.50584 0.15001 -0.326806
-1.89885 0.15001 -0.403228
-2.84999 0.15001 0.000659821
-2.84999 0.15001 2.52333
-1.22279 0.15001 1.82476
-0.494255 0.303484 -0.163411
-1.36137 0.15001 2.08812
-1.01755 0.15001 2.84999
-2.84999 0.310651 -2.76318
-2.84999 0.15001 -1.95997
-2.84999 0.15001 -0.970242
-2.65678 0.15001 2.13679
-1.21308 0.300832 1.55885
-1.5293 0.261023 2.60628
-1.44355 0.290279 1.84126
-1.83275 0.15001 1.99296
-1.73849 0.15001 2.40674
-2.6575 0.15001 2.6672
-2.84999 0.15001 -2.2728
-2.686 0.15001 0.27698
-2.352 0.15001 2.14257
-2.20172 0.15001 -0.652934
-2.84971 0.338362 2.7996
-2.05251 0.15001 -0.446116
-2.84997 0.15001 1.67147
-2.68188 0.15001 2.33709
-1.56125 0.337702 1.52319
-2.49124 0.15001 2.69882
-2.83657 0.316613 0.314111
-2.34073 0.15001 -2.22172
-1.34697 0.331472 -0.821149
-2.66056 0.517776 0.97227
-0.872833 0.42977 1.56759
-2.35647 0.15001 1.93148
-2.8476 0.501105 0.369174
-2.13684 0.15001 2.84999
-2.47198 0.15001 2.54308
-2.42501 0.566145 1.62846
-2.19426 0.15001 0.0111476
-2.0752 0.318679 1.97733
-2.84999 0.15001 0.758223
-2.73828 0.336081 -0.399498
-2.36412 0.326445 1.63533
-2.02871 0.15001 1.52932
-2.84999 0.282694 0.629532
-2.30854 0.15001 2.6481
-1.21366 0.15001 2.84993
-1.73513 0.15001 2.66278
-2.00246 0.15001 -2.25532
-2.21124 0.15001 -1.23325
-1.65201 0.15001 1.52112
-2.53653 0.15001 -1.24003
-2.62075 0.15001 1.94962
-2.1569 0.15001 2.43166
-1.4261 0.381995 1.68382
-2.84999 0.15001 1.32312
-1.69596 0.15001 1.83649
-2.59013 0.340889 1.09974
-2.36917 0.301723 -1.45283
-0.756573 0.309353 -1.38521
-2.53648 0.340169 0.22981
-1.27415 0.342312 1.38782
-2.84988 0.15001 2.0081
-1.11881 0.516552 1.09844
-2.49047 0.15001 2.84999
-2.15417 0.447588 2.6392
-2.32775 0.295603 0.573991
-2.53666 0.309016 1.90667
-2.6335 0.15001 -2.40223
-0.996477 0.321712 0.749962
-2.70529 0.15001 0.0909597
-2.04706 0.15001 2.30392
-2.36349 0.15001 -0.0759561
-2.07177 0.15001 -0.755972
-1.67625 0.15001 2.1899
-1.43641 0.15001 2.24758
-1.58379 0.15001 2.32699
-2.61116 0.614249 1.44528
-2.2299 0.15001 -2.69465
-1.63123 0.15001 -1.62158
-2.84999 0.15001 -0.636135
-2.84999 0.15001 -1.29786
-2.84999 0.15001 1.50595
-1.73382 0.15001 1.67365
-0.86121 0.15001 1.34109
-1.89461 0.15001 2.61888
-0.509835 0.15001 2.84999
-1.29253 0.15001 2.3452
-2.45766 0.15001 -2.43214
-2.85 0.303283 -0.779952
-1.71995 0.15001 1.17346
-1.05627 0.15001 1.21825
-2.33591 0.15001 1.7602
-1.07898 0.15001 1.56838
-2.17665 0.15001 1.79743
-1.6027 0.15001 2.52287
-2.00135 0.15001 2.14109
-1.35037 0.15001 2.68344
-2.15304 0.15001 -2.84999
-1.63468 0.15001 -2.84999
-2.10602 0.301961 -2.75449
-0.932779 0.15001 1.68856
-1.10374 0.305688 1.4012
-2.84999 0.15001 1.12962
-0.945587 0.419393 1.93181
-1.14891 0.281122 2.42157
-0.925065 0.15001 2.32646
-1.641 0.15001 2.84999
-2.29026 0.15001 -2.06137
-1.33971 0.304375 -0.617175
-2.21126 0.15001 -0.498233
-1.37452 0.15001 1.91746
-1.17332 0.297962 1.22982
-2.26994 0.367423 2.07941
-1.37612 0.15001 1.73812
-2.20549 0.416177 1.31306
-1.03537 0.282539 2.23928
-2.18521 0.15001 2.13777
-1.82971 0.15001 -2.02654
-2.39802 0.15001 -1.35657
-2.38774 0.15001 0.907314
-2.43921 0.15001 2.38046
-1.08389 0.15001 1.73778
-2.84999 0.15001 2.17946
-1.28957 0.413748 1.8674
-1.18201 0.293581 2.1158
-1.34573 0.296995 2.20796
-1.5259 0.15001 2.72036
-2.67661 0.302448 -1.97847
-2.55452 0.15001 -1.61418
-2.83108 0.355439 0.0567107
-2.84999 0.15001 -2.11848
-0.943942 0.453829 1.0631
-1.27245 0.293567 1.73728
-1.61617 0.360813 1.9846
-1.15345 0.420813 1.99124
-1.07792 0.434777 2.15072
-0.675846 0.15001 2.84999
-2.84999 0.15001 -1.63039
-1.66719 0.324256 0.610168
-2.03001 0.15001 -0.272093
-1.01414 0.405246 1.27778
-0.73612 0.452053 1.69247
-2.30875 0.15001 1.5825
-0.782002 0.538259 1.84373
-1.87204 0.299471 -1.48161
-2.40066 0.15001 -0.782033
-2.67553 0.15001 2.84752
-2.66441 0.15001 1.22192
-2.68856 0.15001 -1.88817
-1.37263 0.15001 1.42139
-2.55129 0.15001 -0.701867
-1.22132 0.15001 1.48584
-2.07637 0.15001 -1.06628
-0.928537 0.309931 -0.825916
-2.30856 0.15001 2.83095
-2.37707 0.339892 2.19561
-1.17042 0.15001 2.64028
-2.84999 0.15001 1.83959
-2.0219 0.340334 2.46259
-2.46039 0.410266 2.84999
-0.83836 0.492659 1.21123
-1.67244 0.15001 2.01118
-2.53461 0.15001 2.25511
-0.346362 0.15001 2.84999
-1.09718 0.462819 1.818
-1.40751 0.388854 0.978982
-1.80943 0.15001 2.84999
-2.71712 0.15001 0.65116
-1.84302 0.15001 0.0838079
-2.68483 0.15001 -0.807048
-2.22846 0.15001 -0.174822
-1.03288 0.502763 1.63882
-1.96105 0.423921 -0.141766
-2.31729 0.291536 0.998026
-2.70225 0.15001 2.49819
-1.36553 0.373802 2.66307
-2.84773 0.335025 2.48678
-2.54922 0.280813 -2.14345
-2.69052 0.15001 -1.17251
-2.496 0.15001 1.32874
-1.07162 0.15001 1.38978
-1.0022 0.15001 1.04093
-1.54138 0.15001 1.90481
-2.31608 0.15001 1.41051
-1.21091 0.15001 1.99043
-0.84138 0.15001 2.66829
-0.845573 0.15001 2.84999
-1.45494 0.15001 1.56649
-1.73876 0.15001 -0.0427276
-2.13878 0.15001 -0.921639
-0.687223 0.292733 0.971085
-0.737976 0.257508 1.3535
-1.06519 0.15001 2.09141
-1.05719 0.15001 1.902
-1.02347 0.288982 2.01605
-1.09993 0.15001 2.32288
-1.06134 0.298679 2.5862
-0.0930661 0.15001 -2.19315
-1.08449 0.15001 0.885112
-2.25369 0.15001 -1.06648
-0.808749 0.273993 1.51927
-2.50475 0.15001 1.8304
-0.928298 0.15001 1.99166
-0.638825 0.283206 1.96044
-2.15272 0.15001 1.63605
-0.761456 0.15001 2.25432
-0.857408 0.295648 2.58853
-2.13724 0.15001 -2.00067
-2.12823 0.15001 -2.36798
-1.52748 0.15001 -2.04447
-2.24156 0.15001 -0.804697
-1.07998 0.320461 1.70164
-1.23467 0.15001 1.64783
-1.13982 0.292377 1.87305
-1.21883 0.15001 2.19348
-0.954117 0.296161 2.42905
-1.03316 0.15001 2.48928
-2.84999 0.15001 -1.79674
-0.707833 0.311933 0.711791
-2.52487 0.15001 -0.534231
-2.07677 0.15001 -0.107615
-2.84999 0.15001 -0.806933
-2.6887 0.15001 -0.266298
-0.758739 0.323784 1.83431
-0.884603 0.15001 2.14438
-1.32833 0.299558 2.00439
-0.983558 0.444338 2.32185
-1.00261 0.30702 0.94013
-0.767125 0.261012 2.76252
-2.01252 0.309837 -1.10945
-0.715335 0.394563 1.1138
-0.5352 0.519544 1.76722
-0.592975 0.642643 1.8886
-1.21588 0.448194 1.66249
-0.755275 0.286407 2.13669
-2.61941 0.306489 2.84999
-2.84637 0.319595 0.791644
-2.32766 0.15001 -2.54611
1.6909 0.15001 -1.28066
-2.37309 0.15001 -0.460453
-0.293013 0.293747 0.533833
-1.12776 0.447928 1.49286
-2.31309 0.15001 2.47494
-0.776122 0.445868 2.00624
-0.915655 0.373409 2.12269
-1.13345 0.462701 2.44939
-2.56537 0.477396 0.533253
-2.68143 0.15001 -0.989315
-1.39373 0.29696 0.851081
-2.48979 0.15001 1.50253
-2.71165 0.381213 0.611346
-2.68221 0.15001 1.05164
2.03653 0.397273 2.56442
-1.2693 0.15001 2.51145
-2.84999 0.15001 0.186562
-1.11298 0.579256 2.24983
-2.06655 0.307739 1.22271
-2.27105 0.359015 -0.509324
-2.68805 0.15001 -0.590235
-2.31703 0.325912 1.48446
-2.58208 0.448158 -0.623701
0.430249 0.290477 -0.837315
-2.49779 0.15001 2.06415
-2.04352 0.15001 2.56593
-2.48046 0.569983 2.84954
0.844 0.15001 2.54845
-1.81927 0.306027 2.53786
-1.57628 0.15001 -1.29577
-1.85956 0.15001 -0.241762
-2.06198 0.318148 0.118259
-2.36971 0.15001 -0.627949
-2.37611 0.15001 -1.1885
-2.674 0.15001 1.59483
-1.18208 0.317894 -0.776973
-1.85142 0.15001 2.22951
-1.89252 0.313559 0.586716
-1.21313 0.304909 -0.488549
1.03303 0.15001 -2.84999
-2.69473 0.15001 0.861263
-1.85196 0.15001 1.47986
-1.17946 0.15001 1.01188
-0.48745 0.15001 1.44264
-0.780868 0.15001 1.62181
-0.537622 0.15001 2.02904
-0.926196 0.15001 1.49717
-0.835879 0.15001 1.84454
-0.568213 0.15001 2.30081
-2.79121 0.15001 -2.71287
-1.90978 0.15001 1.64102
-2.52586 0.15001 -0.00220248
-0.610802 0.15001 1.29851
-0.996399 0.302288 1.55106
-0.496313 0.15001 1.60425
-0.958176 0.273393 1.83094
-0.837707 0.288279 1.9866
-0.851666 0.15001 2.49545
-0.664523 0.15001 2.68173
-2.67944 0.15001 1.776
-0.560444 0.304416 0.823909
-2.35379 0.15001 0.0946776
-1.02206 0.300478 1.12786
-0.559272 0.289623 1.37441
-0.672124 0.15001 1.48509
-0.669133 0.15001 1.84356
-0.713897 0.15001 2.41042
-0.66104 0.328184 2.27842
-0.675318 0.247478 2.5543
-1.32079 0.15001 0.143386
-1.57918 0.15001 -0.361567
-2.25196 0.15001 0.317139
-0.854068 0.300162 1.03988
-0.390256 0.302845 1.44764
-0.853346 0.295391 1.68889
-0.404819 0.396505 1.75566
-0.713118 0.15001 2.04992
-0.860972 0.305202 2.27209
-0.773089 0.293907 2.41602
-2.15259 0.15001 -2.53683
-2.84999 0.15001 -2.57489
-0.912531 0.438937 1.75847
-0.923293 0.296423 1.38826
-0.72718 0.188863 1.18037
-0.718662 0.53268 1.51811
-0.623296 0.411147 2.09383
-0.771916 0.455579 2.19742
-1.20659 0.387354 2.28043
-1.33578 0.463151 2.82869
-2.07317 0.15001 0.831227
-1.63172 0.15001 1.0293
-0.916884 0.15001 -2.55159
-0.531959 0.457307 1.42884
-0.441982 0.378231 1.28267
-0.575362 0.324568 1.79738
-1.02728 0.560788 1.99521
-0.631978 0.456875 1.90317
-0.464037 0.546308 2.09619
-0.707672 0.412967 2.62619
-2.84999 0.15001 -2.42427
-0.123487 0.463695 1.03492
-1.25335 0.15001 1.15938
-2.12988 0.15001 1.37767
0.12408 0.474954 -0.29727
-0.967096 0.509101 1.43681
-0.420577 0.69411 1.96891
-0.930077 0.551465 2.16346
-0.632355 0.393089 2.46402
-2.84999 0.46989 2.69304
-0.491713 0.15001 -0.0649092
0.0281567 0.353262 2.81623
-0.169023 0.296365 0.127521
-2.14345 0.263583 2.65633
-0.254233 0.643826 1.84417
-0.85521 0.592745 1.64372
-0.659473 0.578901 2.05218
-0.840504 0.617285 2.0028
-2.64272 0.472281 2.84999
-0.818561 0.453646 2.4099
-2.65526 0.15001 -2.06055
0.540291 0.15001 -1.73281
-2.37443 0.304757 -0.86956
-0.529243 0.435429 1.10769
-2.7192 0.309559 0.183798
-2.69461 0.15001 -0.0964302
-0.431003 0.672998 1.75813
1.32692 0.15001 1.36291
-0.483551 0.55751 2.28611
-1.50928 0.270041 1.04937
0.869546 0.419373 1.35902
0.216689 0.303127 0.560413
2.73025 0.256936 1.87498
-2.48351 0.15001 -1.05449
-1.70118 0.307206 -0.654962
-2.45296 0.32256 -0.098813
-0.964973 0.604813 1.80999
-2.79055 0.311022 2.24858
-0.759992 0.638628 2.21069
-2.82305 0.319457 1.436
-0.791674 0.15001 0.999762
-2.34731 0.15001 -0.289986
-2.02498 0.15001 1.18151
-1.38657 0.15001 1.06129
-0.0645883 0.15001 1.4228
-0.618863 0.15001 1.69214
-0.378901 0.15001 1.99364
-0.565403 0.15001 2.47012
-0.0247522 0.15001 2.84999
-0.185793 0.15001 2.83312
0.856726 0.15001 -2.84999
-0.653375 0.15001 0.882216
-1.41447 0.282624 -1.08565
-0.4227 0.15001 1.29295
-0.527102 0.295813 1.55304
-0.354534 0.15001 1.54542
-0.350219 0.15001 1.83554
-0.426351 0.284477 1.89277
-0.373952 0.221547 2.46471
-0.51189 0.299586 2.3657
-0.652323 0.15001 -2.17666
-0.617367 0.15001 1.05171
-0.479613 0.15001 1.1416
-0.573774 0.282135 1.18665
-0.302227 0.15001 1.40484
-0.679496 0.294746 1.65787
-0.58848 0.250712 2.14056
-0.266714 0.15001 2.11272
-0.463851 0.352908 2.53942
-0.477337 0.15001 2.60128
-1.23543 0.15001 1.32181
1.57786 0.15001 -0.630955
0.545449 0.15001 0.763982
-0.507095 0.280997 1.00134
-0.208912 0.431854 1.57908
-0.568964 0.438399 1.62342
-0.449427 0.230977 1.72952
-0.481763 0.416057 1.98178
-0.42896 0.284499 2.07526
-0.552475 0.302912 2.68366
1.12782 0.15001 1.66529
-2.65635 0.15001 1.42622
-1.18114 0.312988 2.85
-0.61876 0.447225 0.929805
-0.856305 0.311463 1.22066
-0.670684 0.363978 1.48821
-0.39422 0.460011 1.55049
-0.348832 0.291324 2.23266
-0.372722 0.405611 2.36447
-1.66871 0.315797 2.84922
0.448885 0.15001 0.250705
-0.218642 0.401776 0.868497
-0.0648668 0.15001 1.2129
-0.333376 0.469137 1.16062
-0.243186 0.565803 1.46009
-2.46627 0.294919 -0.697808
-0.401524 0.534972 1.88264
-0.25937 0.431283 1.89244
-0.489592 0.391434 2.20864
-0.496762 0.518572 2.46852
-1.19451 0.311278 0.890302
-2.34902 0.15001 -1.90526
2.70084 0.15001 -1.06238
-2.52482 0.15001 -0.889809
-1.57679 0.15001 -0.0436139
-0.802915 0.429338 1.38326
-0.274708 0.561486 2.02248
-0.567203 0.687817 2.17123
-0.216416 0.549501 2.62559
-2.66971 0.438357 1.28046
-1.82951 0.317065 1.20872
-0.374297 0.419822 0.990832
-2.61265 0.527029 -0.0788939
-0.831097 0.311415 0.852361
1.35892 0.510816 2.3729
-0.676919 0.575444 1.33467
-0.548493 0.604553 1.56738
-0.113511 0.548932 1.91127
2.24137 0.15001 2.42151
-2.13634 0.325561 2.84862
-1.61605 0.313059 -0.170511
0.534963 0.334301 0.513692
1.98468 0.2963 1.5892
1.61436 0.15001 1.81162
-0.505069 0.546983 1.25116
-0.675639 0.627735 1.70767
-0.366259 0.700519 2.15308
-2.08543 0.309924 0.941587
-1.00872 0.15001 2.67909
-1.45485 0.493043 1.11595
-0.0451062 0.15001 0.89577
2.11375 0.291495 1.46687
-2.47625 0.15001 1.66623
-1.88754 0.492141 2.02252
-1.19249 0.327235 0.288207
-1.85718 0.15001 1.80439
-1.81122 0.345426 0.73001
-1.52769 0.15001 2.09561
0.602223 0.241926 2.71746
0.219693 0.32893 2.80436
-0.413517 0.15001 -2.70745
1.18337 0.15001 1.25984
0.38219 0.15001 1.56733
-0.890173 0.15001 1.15827
0.122984 0.15001 1.76707
-0.170385 0.15001 1.56385
0.813357 0.15001 1.60782
0.957146 0.15001 1.32476
-0.218206 0.15001 2.49444
0.138793 0.15001 2.84999
2.37295 0.15001 -2.68633
-1.91209 0.15001 -0.07961
-0.368054 0.292595 0.87249
-0.379288 0.15001 0.996713
-0.0158355 0.281587 1.50938
1.10882 0.15001 1.98498
0.00177584 0.288087 1.762
-0.19854 0.15001 1.93152
-0.0930465 0.266618 2.52589
0.305513 0.15001 2.84999
-0.0115457 0.15001 -1.1611
2.3224 0.15001 0.926091
-0.306761 0.15001 1.15861
0.083803 0.280046 1.18079
-0.279581 0.426131 1.35754
-0.211633 0.286019 1.47163
-0.103564 0.15001 2.08366
-0.33249 0.15001 2.30307
-0.449045 0.15001 2.17748
-0.143496 0.15001 2.65937
0.820785 0.15001 0.268683
1.1389 0.15001 0.379819
0.480273 0.15001 1.42849
-0.302067 0.273653 1.29008
-0.13341 0.288451 1.65072
-0.326324 0.307371 1.62101
-0.181076 0.285262 2.15454
0.109385 0.435746 2.08429
-0.0437023 0.306167 2.3563
-0.34403 0.226074 2.66289
1.94781 0.15001 -2.49698
-0.206935 0.15001 0.935946
-0.0571397 0.299633 1.0415
0.302968 0.306599 0.927951
-0.386821 0.298827 1.13233
-0.126637 0.429774 1.76214
-0.253136 0.289746 1.7905
-0.314372 0.408959 2.10485
-0.219091 0.27854 2.38128
-0.273131 0.36057 2.53128
0.0843926 0.15001 -2.21605
-0.303398 0.15001 0.807227
-1.40442 0.15001 1.25625
-0.132368 0.588988 1.62742
-0.294009 0.524373 1.7096
-0.0247481 0.55211 2.079
-0.270188 0.285796 1.99098
-0.0429499 0.389385 2.19042
-0.287334 0.532568 2.45206
-0.194337 0.312869 2.84999
1.60893 0.15001 1.53397
-2.5184 0.15001 -0.163919
0.846248 0.15001 0.5996
1.45518 0.291514 -0.685424
0.11931 0.516811 1.35701
-2.01651 0.15001 1.79867
-0.141217 0.413733 2.03429
-0.655811 0.511431 2.32762
-0.113716 0.62654 2.4503
-0.00489428 0.482085 2.62399
-0.574191 0.296727 0.0128684
2.67837 0.15001 -0.59397
0.750966 0.300961 0.77626
-0.649502 0.409111 1.28091
2.13478 0.15001 1.38634
2.58877 0.15001 0.255193
-0.16635 0.66373 2.13207
0.234139 0.480839 1.82682
1.56569 0.323371 2.50759
-2.60885 0.373146 2.52053
2.11161 0.15001 -0.523923
-1.44503 0.15001 0.286373
-2.84999 0.342903 1.6289
2.16297 0.15001 -1.11295
0.154811 0.569484 1.96993
-1.39656 0.15001 2.84999
1.4466 0.299771 1.3
-0.2578 0.673925 2.32703
-1.43825 0.15001 2.4742
-2.16926 0.323266 0.464398
-1.7867 0.275547 -0.128835
-0.917591 0.15001 0.886355
1.52017 0.275314 1.95916
0.799156 0.15001 2.69586
2.34239 0.15001 2.57307
-0.439489 0.609798 1.41656
1.52599 0.15001 2.59519
-2.45918 0.338657 0.933951
-1.87551 0.322319 1.62193
1.45233 0.302044 0.556853
-0.785874 0.313547 -0.98168
1.71704 0.15001 2.1727
0.203697 0.15001 1.63015
-0.193127 0.15001 1.29795
0.0144313 0.15001 1.06917
1.11016 0.15001 1.40577
1.23758 0.15001 2.2702
0.276989 0.15001 2.1387
0.0666358 0.15001 2.64394
-0.137192 0.15001 2.31872
0.685236 0.15001 -2.84999
-1.99807 0.15001 1.97235
-0.480608 0.15001 0.864217
-0.111454 0.293123 1.31633
1.73701 0.15001 2.64332
0.00789891 0.15001 1.63961
0.113695 0.28241 1.90223
-0.290055 0.15001 1.68782
0.0596218 0.174826 2.43512
0.466914 0.15001 2.84108
1.81001 0.15001 -2.38307
0.409489 0.15001 0.866585
-0.244338 0.292914 1.01723
0.400905 0.302174 1.34529
0.342179 0.483803 2.74044
0.225661 0.389104 1.25282
0.26057 0.422555 1.63932
-0.00859009 0.208151 2.21723
0.119105 0.315439 2.28366
0.0229938 0.306825 2.65341
-0.0664839 0.308467 0.841143
2.60153 0.296592 -1.53016
1.73074 0.15001 0.302595
-0.191482 0.349645 1.17368
-0.0218109 0.433304 1.59247
0.130281 0.284982 1.63502
-0.107637 0.294198 1.89962
-0.00149711 0.291701 2.04638
0.237112 0.309412 2.4235
0.0735922 0.361291 2.48705
-0.549532 0.15001 -2.0449
0.0728955 0.15001 -1.61151
2.84999 0.15001 -1.33042
0.25542 0.304638 1.09903
0.00229362 0.444976 1.18463
2.5482 0.15001 2.14742
-0.00116788 0.574339 1.76172
2.35682 0.15001 1.22579
-0.211044 0.407487 2.27143
-0.119581 0.439625 2.44737
0.654 0.296184 1.24579
0.754378 0.315231 -0.382984
1.82883 0.15001 -0.0120914
-0.146625 0.515261 1.26453
-0.105828 0.425955 1.42787
0.0993768 0.430704 1.72474
0.135862 0.550916 1.5696
0.0235966 0.432528 1.90698
-0.107882 0.547537 2.27266
0.625457 0.15001 2.84999
2.58889 0.15001 -0.762072
1.65801 0.15001 -0.455205
2.42973 0.277694 1.29073
1.26583 0.293964 1.62114
-1.02061 0.315404 -0.359439
-0.0396198 0.590291 1.45024
0.0757011 0.490426 2.27656
-0.315187 0.538532 2.22051
0.76841 0.287651 2.72049
0.690479 0.397017 2.84981
-0.300818 0.15001 -2.24793
2.01072 0.290418 0.960623
-0.179937 0.334559 -0.733339
-0.31369 0.601663 1.2827
1.606 0.270722 0.319886
1.78755 0.185328 -0.269937
0.716737 0.30109 1.78657
0.783371 0.304297 0.216283
0.0605781 0.544209 2.45149
2.31538 0.15001 1.41133
2.16499 0.15001 -0.344747
-0.421117 0.323198 0.69761
0.517692 0.303329 -0.654264
1.4487 0.332266 -0.193679
-1.2858 0.15001 0.314999
0.978386 0.15001 1.51521
1.41326 0.15001 2.05324
-0.423003 0.385796 2.84994
0.0185539 0.673464 2.22687
1.01843 0.311093 2.84995
1.69147 0.15001 0.738414
2.68928 0.24395 0.804667
1.61794 0.302682 1.27229
2.45864 0.342542 2.78134
2.00467 0.15001 1.26832
2.43525 0.317528 2.55428
0.900605 0.318138 0.971216
2.13753 0.15001 1.61442
-2.10654 0.323357 2.3358
1.03209 0.494025 2.84855
2.84999 0.15001 -2.5052
2.84999 0.15001 -1.14933
1.46043 0.15001 0.158705
0.312726 0.15001 1.38332
2.38413 0.15001 -0.0402261
1.4861 0.15001 2.74272
-0.0120677 0.15001 1.9281
0.386251 0.15001 1.98427
0.664938 0.15001 2.5893
1.60293 0.15001 2.84999
-0.423918 0.15001 -2.54636
1.144 0.15001 -1.74402
2.20652 0.15001 -0.772768
-0.157848 0.15001 1.08767
0.0901714 0.15001 1.4829
1.22812 0.15001 1.52731
0.623558 0.15001 1.51572
0.0891889 0.15001 2.0932
0.315658 0.15001 2.671
1.87331 0.163465 2.25421
2.49167 0.15001 -2.84999
2.1407 0.15001 2.20984
2.1999 0.330999 -0.182111
0.192109 0.266806 1.38124
0.136648 0.388136 1.49492
-0.126312 0.15001 1.75897
0.305845 0.15001 1.81505
0.45442 0.15001 2.15331
0.151778 0.15001 2.27337
0.780184 0.15001 2.84999
2.84999 0.15001 -2.84999
2.12987 0.153641 -2.52249
1.30692 0.15001 -0.404153
0.339273 0.15001 1.02179
2.28614 0.15001 -0.462736
0.304526 0.299555 1.51175
0.344351 0.272248 1.69189
0.207604 0.15001 1.9632
2.67593 0.15001 2.64143
2.6443 0.15001 2.33094
1.15406 0.15001 -2.14123
1.09831 0.471862 -0.038099
0.248526 0.15001 0.86076
0.35399 0.15001 1.20188
0.839228 0.305131 1.48515
2.00606 0.15001 0.327063
0.525901 0.248821 2.00661
0.187651 0.286449 2.10446
0.438752 0.426606 1.9711
0.221735 0.314262 2.61265
1.93561 0.15001 0.706383
-1.88342 0.322614 2.0532
2.09511 0.15001 -0.183777
1.39254 0.302613 0.777538
1.83035 0.15001 1.13139
2.57897 0.15001 0.443771
0.263678 0.354013 1.95492
1.92175 0.15001 2.84999
0.245352 0.489218 2.40002
1.38532 0.312878 2.25969
1.79607 0.15001 -2.20564
-0.468313 0.297044 0.491075
0.183357 0.15001 1.0798
0.0454193 0.350414 1.34322
2.05017 0.15001 -0.697579
0.216142 0.317065 -0.00754369
0.406528 0.283734 1.86693
0.244069 0.420799 2.2194
0.98815 0.15001 1.8667
0.933112 0.15001 2.84999
-0.507489 0.15001 0.393825
2.37747 0.297753 -1.67471
1.16363 0.15001 0.570499
2.53732 0.15001 1.26209
1.55873 0.15001 0.622377
2.13326 0.402134 1.01908
0.671515 0.305191 1.59292
2.5635 0.15001 0.656252
0.789084 0.15001 2.28906
0.419938 0.419085 2.25551
1.05704 0.15001 -0.617414
0.161837 0.15001 -0.752372
2.37613 0.338029 -0.489094
0.590772 0.309492 1.4167
0.965416 0.498724 2.62602
2.67722 0.318695 1.02227
2.77907 0.320269 1.43356
0.30477 0.497839 2.06946
0.506792 0.531085 2.10791
2.83842 0.253024 1.70971
0.820302 0.15001 -1.8616
1.07886 0.15001 2.18396
0.119043 0.302431 0.864176
2.71263 0.245924 2.19098
0.966208 0.282299 2.2574
-2.39104 0.343198 -0.342648
2.51555 0.291853 1.14484
2.84423 0.418536 0.644882
0.832182 0.373658 2.05129
2.09185 0.15001 2.84999
2.50227 0.15001 -2.22049
1.85036 0.15001 2.51037
1.72301 0.15001 0.122227
1.43519 0.15001 2.4373
2.00686 0.15001 -0.0213876
1.41075 0.15001 2.26249
0.639362 0.15001 1.67835
0.489672 0.15001 2.66354
0.70873 0.15001 2.42863
1.23576 0.15001 2.47028
1.2847 0.15001 0.450307
1.56795 0.15001 0.0259301
0.797294 0.15001 1.25096
1.38475 0.278238 0.345343
2.15325 0.317716 0.131443
1.74319 0.15001 2.35999
0.0602043 0.15001 1.3064
2.49225 0.15001 2.66828
0.633714 0.15001 2.1008
1.38441 0.15001 2.84999
2.84999 0.15001 -2.15044
2.84999 0.15001 -2.32971
1.91989 0.15001 -0.584486
1.93069 0.15001 -0.206448
0.91188 0.15001 2.40626
1.61912 0.15001 0.447446
1.61267 0.15001 2.4624
0.520444 0.15001 2.48092
0.366459 0.219189 2.51685
1.07389 0.15001 2.36666
1.82792 0.15001 -0.436823
1.76131 0.15001 1.89408
2.46977 0.15001 -0.461711
1.89046 0.15001 1.79812
2.57475 0.255451 -1.1482
0.306481 0.454653 1.41164
2.28852 0.15001 1.74983
0.457357 0.15001 1.72932
1.26957 0.315299 1.17934
1.08545 0.15001 2.84999
2.66761 0.15001 -2.41612
0.219558 0.15001 0.698009
2.84999 0.15001 1.19983
2.29629 0.15001 0.169145
2.69924 0.15001 0.547732
0.406312 0.442935 1.77015
0.586809 0.368425 1.8892
0.309751 0.258568 2.2697
2.39702 0.15001 2.33723
0.380208 0.400042 2.52573
1.85456 0.15001 0.415446
-0.410693 0.317689 -1.09987
1.67101 0.290885 -2.07581
-0.405901 0.289225 -0.891255
1.62433 0.15001 -0.28651
2.061 0.15001 0.15064
0.477301 0.31387 1.55341
0.617166 0.386157 2.0968
2.14931 0.15001 2.04278
0.622336 0.300695 2.50828
2.52045 0.260829 -2.68271
2.31586 0.15001 -0.959819
2.29845 0.15001 1.58176
-2.5198 0.307614 0.684332
2.16666 0.15001 0.461465
2.44606 0.15001 1.82489
0.954479 0.15001 1.69957
0.37176 0.302075 2.09719
0.713149 0.302637 0.53285
2.24605 0.15001 2.84999
2.3374 0.15001 -1.58228
2.84766 0.324147 -0.0740621
2.17046 0.15001 0.28563
1.74782 0.15001 -0.608062
2.48438 0.301635 -0.71705
0.90624 0.150478 2.13233
0.855837 0.301485 1.66793
1.1954 0.15001 2.68736
1.94996 0.276772 -0.767527
2.34513 0.15001 2.15545
2.43464 0.15001 -0.292588
1.01602 0.15001 0.658901
1.17746 0.15001 1.824
1.58431 0.3111 -0.059115
-0.359283 0.64819 1.58335
0.395295 0.313088 0.315918
2.64838 0.29661 -0.354502
2.19605 0.355661 1.20259
1.54522 0.15001 2.15243
0.482118 0.307458 2.39206
2.2432 0.15001 0.778446
2.53904 0.405086 0.704554
0.931523 0.276569 0.713123
2.83836 0.327618 0.428284
1.87741 0.15001 0.224655
1.76274 0.15001 2.84999
2.28005 0.15001 0.596382
2.06943 0.416523 2.81269
1.60762 0.328084 1.81255
2.02065 0.15001 2.33799
2.84999 0.15001 -1.71024
1.44288 0.15001 0.490986
2.84999 0.15001 1.37787
1.99589 0.15001 -0.394519
2.84999 0.15001 1.99462
2.42903 0.464888 -0.0664425
2.52589 0.15001 1.43608
0.613959 0.15001 1.85352
2.84999 0.15001 2.16712
2.55015 0.15001 2.84999
2.84999 0.15001 -1.97492
2.75557 0.15001 -0.750499
2.84999 0.15001 -1.52527
2.32131 0.15001 -0.634219
2.84999 0.15001 1.55631
2.63647 0.15001 1.61037
1.9857 0.15001 2.12943
2.84964 0.329022 2.0436
2.63971 0.15001 1.78443
2.84999 0.15001 2.84999
1.61854 0.15001 -2.192
2.84999 0.15001 -0.160917
1.68663 0.15001 -0.12072
2.72699 0.15001 0.345463
1.83226 0.15001 2.04827
0.63498 0.33352 0.114004
2.52436 0.15001 0.888849
2.84999 0.15001 2.67916
2.16601 0.15001 1.87232
2.45866 0.15001 1.59714
2.68561 0.15001 -2.22298
2.58716 0.15001 -0.21972
2.84999 0.15001 0.829078
2.01158 0.25321 2.76115
1.13349 0.278367 2.07262
2.84999 0.15001 1.82847
2.70113 0.15001 2.84999
2.70874 0.15001 -0.0691668
2.44486 0.15001 0.336215
2.84999 0.15001 2.50855
2.84999 0.15001 -0.39689
1.48973 0.15001 0.330783
2.84999 0.15001 0.455263
2.45918 0.15001 1.0671
1.71445 0.382003 0.680944
2.19303 0.15001 0.0164328
0.714438 0.282108 1.98694
0.826371 0.15001 1.98675
1.93385 0.312766 1.88923
0.204557 0.15001 2.54875
2.84999 0.15001 0.0179392
0.309073 0.301114 0.747563
2.73186 0.329394 0.282976
2.42598 0.177825 0.50339
0.534337 0.309581 1.72493
2.84848 0.15001 2.33791
2.84217 0.329922 2.84171
1.05611 0.370695 0.851002
1.77106 0.15001 0.568626
1.06241 0.15001 2.55378
2.23957 0.15001 -2.12045
0.605829 0.342594 0.306668
2.64918 0.15001 -0.412903
2.1607 0.15001 1.20337
2.14394 0.15001 0.965821
0.592033 0.15001 2.29776
2.1688 0.15001 2.64701
0.813089 0.15001 1.8086
0.534178 0.288715 2.21622
0.939318 0.306121 2.59933
2.84999 0.320712 -0.649548
1.24431 0.292397 -0.678346
2.84999 0.15001 1.01392
1.44183 0.312359 0.0298211
1.63273 0.15001 2.00237
2.64003 0.39983 1.52532
2.29814 0.308655 0.778164
0.0505398 0.442964 0.610428
1.97851 0.152205 2.62809
2.84999 0.341155 1.21281
1.9103 0.284075 0.158211
2.29565 0.300773 -1.32183
2.84999 0.314689 0.794953
2.08009 0.15001 2.48959
2.27726 0.15001 -0.182978
1.23277 0.400652 2.22622
2.54359 0.15001 1.96624
1.76761 0.344429 1.97731
2.68675 0.15001 1.38283
2.3985 0.15001 2.84782
2.11705 0.15001 0.658063
1.7362 0.322084 -0.331281
2.84999 0.2574 -1.8443
1.88982 0.307085 -0.933828
2.55412 0.15001 -0.0313148
2.37018 0.332531 0.148277
1.79277 0.320539 0.358081
2.3394 0.15001 1.96811
1.86891 0.289592 0.615006
2.81264 0.309835 2.6092
0.54351 0.15001 -0.781276
-1.8683 0.306283 -2.27754
-0.886554 0.15001 -0.324069
-0.772367 0.306051 -0.0757838
-2.40244 0.15001 -2.70208
-0.42221 0.316877 0.279955
2.67033 0.15001 -2.62437
-0.378509 0.314077 -1.28483
0.851806 0.314151 -0.744205
-2.51177 0.15001 -2.26947
-0.740973 0.311606 -0.518733
-2.32284 0.15001 -2.84999
-1.40699 0.32028 -1.95826
-1.33423 0.15001 -0.180473
-1.70582 0.30971 -1.57137
-0.817756 0.301546 -0.676779
-1.73494 0.303642 -1.80167
-2.84999 0.15001 -1.13351
-2.25097 0.15001 -1.58605
-1.34193 0.329704 -1.60774
-1.40116 0.304099 -1.78308
-2.69425 0.299806 -2.66859
-0.864045 0.15001 -1.75312
-2.58833 0.283844 -1.11012
2.69005 1.18444 0.0493582
-2.63323 0.322481 0.0302793
-2.79182 0.314637 -1.09324
-2.54638 0.15001 -1.43486
0.0345513 0.310373 -0.745882
-1.97209 0.15001 -0.899311
-1.1481 0.305417 -1.26412
-2.21912 0.282567 -1.90803
0.211826 0.293772 -0.856895
-1.00598 0.307027 0.571608
1.02031 0.306456 0.55641
-0.855672 0.615303 1.34681
-1.87895 0.304942 -1.91705
-2.2414 0.15001 -1.41432
-1.70428 0.313585 1.05228
-1.75 0.15001 1.34245
-1.91358 0.302366 -2.78932
-1.57247 0.307106 -1.87352
-1.18719 0.15001 -1.89412
-1.98234 0.15001 -2.51124
-1.47474 0.292202 1.36745
-1.63607 0.303263 -2.43347
-1.79133 0.15001 -1.6883
-2.6286 0.327775 -0.731177
-1.80277 0.15001 0.993727
-1.35381 0.295573 1.15928
2.30596 1.39921 -0.110342
-2.22405 0.282178 -2.27401
-2.30288 0.301224 -2.65668
-0.73981 0.315511 0.106804
-2.47912 0.15001 -1.76977
-2.75958 0.316782 -1.47062
-2.69002 0.15001 -1.34953
-2.84999 0.34463 0.479422
-1.88794 0.336966 -0.380239
-2.03521 0.320984 -0.590691
-0.133473 0.15001 0.759328
-2.16186 0.15001 -2.18025
-2.22809 0.310315 -2.08887
-0.0497399 0.299608 -2.28405
-1.21459 0.302793 -1.76974
-2.69501 0.315289 -0.918516
-2.03001 0.301618 -1.6007
-2.64092 0.302005 0.462495
-1.73942 0.15001 -0.384683
-2.16735 0.307961 -0.0366772
-2.84999 0.325576 -1.65361
-2.84999 0.346089 -2.58561
-1.99042 0.15001 -2.08897
-1.56911 0.311174 -0.874061
-1.97419 0.298384 -2.60678
-1.89157 0.15001 -1.05124
-2.18822 0.301378 -1.3401
-2.02243 0.15001 0.05868
-1.40488 0.317857 0.607838
-2.26519 0.345272 1.77873
-2.40568 0.286564 -2.32879
-2.44477 0.299017 -2.5287
-2.73452 0.2794 -2.45755
-2.05254 0.306546 -1.99266
-2.52274 0.15001 -2.58868
-2.76078 0.299035 -1.81915
-1.76609 0.298399 -1.09917
-2.41273 0.15001 0.253444
-2.37745 0.302073 -1.09268
-1.40516 0.450123 1.30258
-1.6738 0.276707 -2.2463
-2.39477 0.312013 -2.84999
-1.79081 0.299461 -2.6379
-1.2526 0.308857 -2.31077
-2.2992 0.15001 -1.74576
-1.86915 0.295706 -0.950355
-1.79867 0.15001 -0.876351
-1.77894 0.15001 0.247218
-1.56173 0.306584 2.38074
-2.71517 0.329977 0.958467
-1.06662 0.15001 -0.626535
-1.82952 0.15001 -2.20495
-1.64605 0.15001 -1.78594
-1.10501 0.15001 -2.17097
-0.81752 0.15001 -0.786582
0.225746 0.650983 2.34058
-1.05324 0.314083 -2.62301
-0.164887 0.15001 -0.403403
-0.851529 0.304856 -1.21835
-0.875842 0.30599 -2.62586
0.17723 0.301184 -1.35676
-1.88776 0.15001 -2.6912
-2.14186 0.15001 -1.83295
-2.67904 0.15001 -2.22837
-1.85295 0.15001 -1.22393
0.473025 0.15001 -1.11827
-2.60073 0.280511 1.31744
-1.81541 0.15001 -1.85671
-1.55374 0.304803 -1.67727
-0.276848 0.15001 -2.46334
-1.98288 0.15001 -2.84999
-1.80859 0.15001 -2.84999
-2.68694 0.15001 -2.56859
-2.40153 0.286695 -1.99892
-1.54826 0.15001 -2.22366
-0.70024 0.30473 -2.2692
-1.97662 0.295615 -1.31254
-2.58531 0.15001 0.545442
-1.88592 0.299346 2.33851
-2.18826 0.15001 -0.337956
-2.64055 0.312073 -1.66195
-0.558177 0.311516 -1.32324
-1.39476 0.15001 -2.14578
-2.74566 0.303367 -2.26391
-1.9209 0.331659 -0.757915
-2.59263 0.310026 -1.31419
-2.08405 0.15001 -1.35129
-1.24147 0.15001 -0.0188987
-2.39867 0.15001 0.740555
-2.42848 0.303473 1.28248
-1.47527 0.303035 -1.29014
-2.69914 0.247809 -2.84999
-1.25118 0.287565 -2.75573
-1.36218 0.15001 -1.96888
-2.10432 0.15001 -1.67402
-2.09478 0.15001 -1.51132
-1.99269 0.15001 -0.602367
-2.01224 0.15001 -1.20991
-1.88067 0.299327 0.957504
-2.54511 0.15001 0.948204
-1.98253 0.15001 -1.91726
-2.06123 0.302571 -2.18156
-1.86675 0.30381 -1.67428
-2.81611 0.30841 -2.09118
-1.95371 0.15001 -1.74968
-2.03207 0.301768 -1.79358
-2.38365 0.32582 -1.28006
-2.55296 0.15001 0.159774
-2.19621 0.15001 0.990012
1.03125 0.314009 2.45023
-2.37264 0.303634 -1.81991
-1.88143 0.15001 -2.37199
-1.18351 0.15001 -2.67204
-1.31153 0.15001 -0.807476
-2.20524 0.297356 -1.7127
-2.55391 0.32029 -1.50098
-2.84433 0.323247 -0.606154
-2.37491 0.15001 0.426318
-2.16347 0.311792 0.2794
-2.35055 0.15001 1.07549
-2.62157 0.15001 -2.73603
-1.53822 0.308351 -2.11428
-2.02099 0.285151 -2.37891
-2.45603 0.15001 -2.09571
-1.50123 0.15001 -1.8793
-2.84999 0.336349 -1.29564
-1.47409 0.15001 -0.814585
-2.71416 0.15001 0.448407
-2.5708 0.15001 0.736939
-1.95636 0.15001 0.211027
-1.7141 0.309314 -2.01759
-1.30966 0.320501 -2.58318
-1.05322 0.15001 -2.00742
-1.36873 0.15001 -2.37907
-2.58405 0.307097 -2.33552
-1.60755 0.15001 -1.45823
-2.18816 0.316343 -1.00723
-1.69153 0.15001 -0.217731
-1.75748 0.310174 1.90968
-1.87494 0.15001 1.14044
-1.53742 0.15001 -2.69405
-0.969921 0.322571 -1.38784
-1.2834 0.15001 -1.46235
-1.41746 0.15001 -1.23089
-1.93677 0.15001 -1.57652
-2.19719 0.315146 -1.52704
-1.89182 0.304467 0.249707
-2.53966 0.15001 0.371506
-2.34441 0.15001 1.24233
-0.956312 0.44221 2.58732
-0.287174 0.305255 -1.97887
-1.80693 0.15001 -2.53264
-1.71077 0.15001 -2.36454
-2.29535 0.15001 -2.37899
-2.52248 0.15001 -1.93903
-1.90483 0.15001 -0.745219
-1.71245 0.15001 -1.01643
-1.4956 0.15001 0.123499
-1.50146 0.15001 0.923656
1.99684 0.15001 1.94942
-0.877299 0.308691 -2.84948
-0.682258 0.311057 -1.58923
-1.14914 0.310549 -2.46832
-0.350304 0.15001 -1.43689
-1.67018 0.15001 -1.95086
-1.14505 0.15001 -0.473793
-2.69378 0.15001 -1.71591
-1.51347 0.15001 -0.201118
-0.393037 0.15001 0.53084
-2.35171 0.31399 0.196398
-2.44481 0.300671 -0.507002
-1.53998 0.15001 -2.39149
-1.25879 0.15001 -2.24041
-1.29964 0.15001 -1.11495
-1.74589 0.15001 -0.703977
-1.69541 0.15001 -1.18145
-0.985021 0.15001 -0.777566
-1.47674 0.15001 0.601645
-1.64853 0.15001 0.586256
-2.26554 0.15001 0.625311
-1.71282 0.15001 -2.69377
-0.641345 0.15001 -2.84999
-1.22919 0.15001 -2.06379
-1.07873 0.15001 -2.51385
-1.77392 0.15001 -1.51912
-1.91434 0.15001 -1.40006
-1.41129 0.15001 -0.0271483
-2.47116 0.300276 0.447036
-2.06346 0.15001 0.343815
-0.822245 0.316558 -0.312768
-1.85735 0.306303 -2.4599
-0.902163 0.15001 -2.38883
0.115906 0.309492 -1.53696
-1.32749 0.15001 -1.79873
-2.56822 0.290947 -1.83029
-1.74429 0.15001 -1.35187
-2.14521 0.15001 0.187613
-1.88455 0.15001 0.380436
-2.47521 1.65489 2.33548
-2.76266 0.289419 -0.19749
-2.05799 0.15001 -2.68327
-1.63506 0.15001 -2.5367
-0.58367 0.15001 -2.4994
-1.68266 0.15001 -2.12131
-1.49173 0.15001 -0.50942
-1.06465 0.15001 -0.320983
-1.66643 0.15001 0.113098
-2.00671 0.15001 0.994242
-1.63658 0.315887 1.25864
-1.96353 0.15001 1.3607
-2.51859 0.295064 -2.72274
-0.940577 0.15001 -2.15038
-1.03468 0.15001 -1.81221
-1.23522 0.15001 -0.634651
-1.57366 0.15001 -0.671284
-2.41205 0.269207 -1.65097
-1.83161 0.15001 -0.559855
-1.14585 0.15001 0.131306
-2.24182 0.15001 0.80864
-0.476611 0.559046 0.944337
-1.32559 0.310409 -2.12056
-1.43342 0.277496 -2.27009
-0.910624 0.15001 -1.92383
-1.53704 0.15001 -1.1249
-1.48072 0.15001 -1.71677
-0.907073 0.15001 -0.937143
-1.41265 0.15001 -0.342687
-2.17821 0.15001 0.475365
1.23495 0.15001 2.84999
0.63993 0.15001 1.34805
-2.25355 0.293319 -2.46497
-1.056 0.318319 -2.28987
-1.1673 0.15001 -1.71069
-1.06927 0.15001 -0.932364
-1.4669 0.15001 -1.55496
-1.63877 0.15001 -0.828118
-1.66372 0.15001 -0.532814
-1.5543 0.15001 -0.96613
-2.50925 0.15001 1.13464
-1.5896 0.320993 0.876766
-1.72876 0.307187 -2.84746
-0.606294 0.15001 -1.26783
-0.969233 0.15001 -1.26786
-1.30775 0.306632 -1.39112
-1.39192 0.15001 -0.971109
-1.22738 0.15001 -0.961591
-1.15654 0.15001 -0.173465
-1.61089 0.15001 0.279811
-2.43 0.15001 0.579505
-1.5768 0.15001 1.36096
-0.964744 0.15001 -2.84999
-1.13208 0.15001 -2.84999
0.28398 0.15001 -2.5274
0.369076 0.292721 -0.22642
-0.151062 0.293767 -0.314634
-1.1504 0.15001 -0.784895
-0.262873 0.15001 -1.29304
-0.85988 0.15001 0.435247
-0.445188 0.307204 -1.47991
1.01686 0.310325 -0.873857
-0.095265 0.15001 -1.3089
-0.586668 0.15001 -2.67825
-1.04852 0.15001 -2.32416
-1.35854 0.15001 -2.69151
-0.707497 0.15001 -0.334549
-1.40397 0.15001 -0.657258
-0.448242 0.15001 0.233904
0.274283 0.15001 -0.616776
-2.03433 0.290784 0.747252
-1.08898 0.302984 -1.64083
-1.4401 0.300566 -2.45692
-1.2973 0.15001 -2.84999
-1.45634 0.15001 -2.54317
-1.31504 0.15001 -1.62789
-0.741773 0.15001 -0.945391
-0.027831 0.15001 -0.710598
0.0295232 0.15001 -0.438313
-1.54145 0.15001 0.440765
-0.74588 0.15001 0.583978
-0.445601 0.15001 0.695539
0.338978 0.30772 -2.66973
-0.260608 0.15001 -2.63494
-0.856367 0.15001 -2.7043
-1.1409 0.15001 -1.5442
-0.775556 0.15001 -1.24998
-0.552964 0.15001 -0.654048
-0.971038 0.15001 0.117142
-1.82316 0.15001 0.550228
-1.40997 0.15001 0.757308
-1.38361 0.446849 2.10511
-1.55939 0.306012 -2.77066
-0.595581 0.15001 -1.88061
-0.846153 0.15001 -1.09692
-0.80221 0.15001 -1.5752
-1.26958 0.15001 -1.29503
-0.576086 0.15001 -0.961948
-0.97484 0.15001 -0.473942
-0.962429 0.15001 0.288238
-1.29291 0.15001 0.875911
-0.896053 0.15001 -0.62721
-1.28363 0.15001 -2.53651
-1.02195 0.15001 -2.69006
-0.269737 0.15001 -1.9086
-0.443674 0.15001 -1.57954
-1.14537 0.15001 -1.18202
-0.607537 0.15001 -0.19322
-1.24029 0.15001 -0.327859
-0.685774 0.15001 0.421396
-1.59978 0.309026 1.68421
-0.263276 0.15001 0.644092
-0.73917 0.15001 -2.41612
-0.360713 0.15001 -1.75034
-0.753216 0.15001 -1.89615
-0.990084 0.15001 -1.47292
-1.11716 0.15001 -1.36233
-0.723963 0.15001 -0.637614
-0.554545 0.306123 -0.418864
-0.625588 0.15001 0.257255
-2.31946 0.312117 0.380792
-1.93539 0.15001 0.678727
-1.88982 0.299674 -2.10082
-1.13292 0.312959 -2.10882
-0.803661 0.15001 -2.25099
-0.565486 0.316775 -1.80947
-0.849099 0.15001 -1.398
-0.0410304 0.15001 -0.28295
-0.973759 0.15001 -0.175228
-1.71208 0.15001 0.420415
-1.69177 0.15001 0.869519
-1.76085 0.15001 0.718336
-0.836935 0.306979 -2.44305
-0.675178 0.275648 -2.00896
-0.594181 0.15001 -2.33278
-0.698476 0.15001 -1.72728
-1.43652 0.15001 -1.39447
-1.1289 0.284914 -1.06031
-0.880237 0.15001 -0.0329472
-1.29849 0.15001 0.614978
-1.37491 0.15001 0.460233
-1.55299 0.15001 1.18377
-0.483183 0.15001 -2.84999
-1.09331 0.304255 -1.91749
-0.947142 0.306193 -1.80257
-1.01025 0.15001 -1.09078
-0.878802 0.312018 -1.59254
-1.04084 0.308363 0.0417925
-1.20366 0.15001 0.465606
-0.678623 0.15001 -0.0277441
-2.10237 0.15001 0.648611
-1.89166 0.15001 0.844374
-0.798615 0.15001 -2.84999
-1.46441 0.15001 -2.84999
0.237537 0.15001 -2.69052
-0.990758 0.15001 -1.64141
-1.32055 0.15001 -0.487129
-0.648827 0.15001 -0.798721
-1.03002 0.15001 0.448295
-0.556967 0.15001 0.10047
-1.55668 0.318229 0.135903
-0.805916 0.15001 0.756304
-0.318284 0.15001 -2.84999
-0.2053 0.15001 -2.06945
-0.453292 0.15001 -0.510846
-0.435685 0.15001 -1.90507
-0.40845 0.15001 -0.981855
-0.628401 0.15001 -0.492524
-0.0962113 0.15001 -0.55743
-1.0051 0.15001 0.738358
0.181983 0.15001 -0.963743
-0.627102 0.15001 0.715478
-0.740675 0.15001 -2.58277
-0.233604 0.285933 -2.75328
-1.1975 0.15001 -2.39582
-0.687371 0.15001 -1.42099
-0.275471 0.15001 -1.59989
-0.446217 0.299088 -0.591455
-0.410814 0.15001 -0.224314
0.120245 0.15001 0.140388
-1.18525 0.15001 0.744283
-1.54681 0.15001 1.73076
-1.06533 0.305322 -2.81359
-0.101173 0.15001 -2.69085
0.184338 0.15001 -2.38117
-0.18169 0.15001 -1.45699
-0.274155 0.15001 -0.538782
0.335693 0.15001 -0.325481
-0.238605 0.15001 -0.244039
-0.56726 0.15001 0.555465
1.2618 0.297306 0.887716
1.46485 0.261705 0.934676
-1.49639 0.308605 -1.48013
-0.0977558 0.15001 -1.92303
0.255606 0.15001 -1.59832
-0.372731 0.15001 -2.06576
0.351235 0.15001 -0.945769
-0.307557 0.15001 -0.833872
-1.12514 0.15001 0.302567
-0.2349 0.304143 0.332936
-0.376253 0.342 -0.375285
0.388356 0.15001 0.701035
-0.131178 0.302991 -1.83403
-0.716824 0.263266 -2.7153
-0.390859 0.311592 -2.84978
0.576334 0.15001 -1.25768
-0.173452 0.15001 -1.14774
0.346345 0.31677 -1.02439
-0.133081 0.15001 0.321539
-1.19786 0.304509 0.617158
-0.0303441 0.304173 0.273678
-1.73109 0.331848 0.364438
-0.630397 0.302146 -2.55884
-0.189 0.15001 -1.75987
-0.242827 0.306534 -1.66953
-0.528934 0.15001 -1.72649
-0.677388 0.15001 -1.10654
0.305005 0.307797 -0.536528
-0.793817 0.15001 0.27902
-0.332544 0.15001 0.368253
0.105954 0.380628 1.02548
-0.0153967 0.15001 0.449519
-0.573095 0.314129 -2.85
-0.434848 0.299414 -1.67207
-0.069148 0.313475 -1.56742
0.159621 0.15001 -1.45509
-0.520503 0.15001 -1.42332
-1.06486 0.15001 -0.0280449
0.177646 0.15001 -0.0199579
-2.00036 0.15001 0.507789
-0.616695 0.30741 0.398268
-0.640481 0.31818 2.84999
-0.895712 0.286515 -2.0306
-0.202962 0.311274 -2.42705
-0.786232 0.15001 -2.06817
0.637398 0.15001 -1.08443
-0.509643 0.15001 -1.1236
-0.803171 0.15001 -0.478481
0.463538 0.15001 -0.19244
-0.0592102 0.15001 0.168237
-1.10253 0.15001 0.599352
0.0933314 0.15001 0.58609
-0.475004 0.309891 -2.47578
-0.426403 0.15001 -2.37524
-0.506267 0.302864 -2.28865
0.0759215 0.15001 -1.30582
-0.526472 0.15001 -0.349719
-0.78702 0.15001 -0.17748
0.240319 0.15001 0.274496
-0.91824 0.15001 0.59575
-0.797716 0.309728 0.518449
-0.200856 0.15001 0.479353
0.00617159 0.15001 -2.84999
-0.108439 0.298225 -2.06352
-0.105806 0.15001 -2.51918
0.561018 0.303084 -1.35704
0.273198 0.15001 -1.89976
-0.140156 0.310348 -0.0647487
-0.480363 0.15001 -0.816528
-0.267166 0.15001 0.206467
-0.380908 0.15001 0.0732155
-1.65669 0.305676 -1.37191
0.173465 0.15001 -2.84999
-0.158345 0.15001 -2.34705
-0.102616 0.15001 -1.61305
0.836484 0.299325 -1.76322
-0.341423 0.15001 -0.383282
0.509047 0.15001 -0.353908
0.221251 0.15001 -0.456989
0.309517 0.15001 0.553062
-0.184302 0.308648 2.67658
0.79731 0.15001 1.43085
0.0557854 0.309943 -1.98267
0.273464 0.310909 -2.84999
0.948381 0.299377 -0.208523
-0.43389 0.15001 -1.27812
1.05695 0.15001 -1.59679
-0.192353 0.15001 0.0429333
0.848066 0.15001 -0.182933
0.363573 0.15001 -0.0519157
0.109185 0.15001 0.933299
0.204667 0.15001 1.2457
1.10028 0.15001 -2.6874
2.2898 0.15001 -1.92023
-0.0224135 0.304579 -2.54436
0.127503 0.30279 -2.14924
0.0406835 0.15001 -0.867753
0.441485 0.15001 -0.65056
0.586214 0.15001 -0.548773
0.0619582 0.15001 0.299932
1.50952 0.15001 1.67817
1.35512 0.15001 2.60401
0.0922102 0.312237 -2.84999
0.409519 0.15001 -2.69402
-0.0135894 0.15001 -1.76491
0.330415 0.15001 -1.43939
0.894964 0.15001 -1.66989
0.827563 0.15001 -0.829129
0.249225 0.15001 -0.177072
0.178205 0.31181 0.361614
0.791974 0.295437 1.10879
1.33341 0.15001 1.71031
-0.585567 0.323099 -1.0236
-0.15723 0.15001 -2.84999
1.00269 0.300461 -1.67626
0.357709 0.15001 -1.74566
0.791994 0.15001 -1.02429
0.515591 0.15001 -0.951576
0.726895 0.15001 -0.0561122
-0.0818077 0.15001 0.603294
2.46552 0.15001 0.126944
1.57377 0.398558 0.91929
0.343112 0.15001 -2.84999
-0.0509562 0.305338 -2.74645
-0.22251 0.30704 -1.3841
0.175136 0.15001 -1.7509
0.459644 0.15001 -1.89082
0.645789 0.15001 -0.213779
0.358366 0.15001 0.396646
0.688839 0.15001 0.857537
-0.126927 0.319043 0.579322
-1.32109 0.323788 2.42575
-0.38397 0.309228 -2.64291
0.621164 0.304199 -1.79151
0.00875442 0.15001 -2.36998
-0.380931 0.15001 -0.674902
0.946278 0.15001 -0.965305
0.242156 0.15001 -1.2828
0.464926 0.15001 0.0865112
0.0647045 0.15001 0.758994
0.932632 0.299552 1.23079
0.636156 0.15001 1.1769
1.24312 0.322173 -2.84999
-0.616011 0.15001 -1.57387
0.011766 0.15001 -2.05719
0.32082 0.311399 -1.62923
0.434697 0.15001 -1.58842
0.2964 0.15001 0.112468
0.505238 0.15001 0.57872
0.566304 0.30299 0.687524
0.576418 0.295116 1.07908
0.884514 0.15001 1.1043
1.17841 0.15001 -2.52889
-0.474297 0.15001 -2.20544
0.0828245 0.15001 -2.52357
-0.00589361 0.314377 -1.27701
-0.339169 0.15001 -1.13544
0.147352 0.15001 -1.13539
0.557861 0.15001 -0.0522602
1.0079 0.15001 0.834598
1.02917 0.15001 1.00245
1.20285 0.328956 0.689304
0.685536 0.314684 -2.79266
-0.0118068 0.15001 -1.46075
1.39025 0.308546 -1.97258
0.444168 0.15001 -2.21398
-0.0601939 0.15001 -1.00264
0.408984 0.15001 -1.28028
-0.235893 0.15001 -0.990263
0.195269 0.317526 -0.257422
1.78357 0.15001 1.48335
1.40302 0.15001 1.53582
0.927563 0.15001 -2.69349
-0.206521 0.15001 -0.693283
0.193028 0.15001 -2.05919
1.30548 0.15001 -1.66315
1.21333 0.15001 -1.51689
0.674387 0.15001 -0.896834
0.916633 0.15001 -0.026046
0.214494 0.310207 0.178466
1.66968 0.15001 1.32982
1.98924 0.308495 2.07278
0.899014 0.296785 -1.5114
0.261504 0.15001 -2.22494
0.64459 0.15001 -2.52952
0.616088 0.15001 -1.56901
1.23769 0.15001 -1.08355
1.30841 0.15001 -1.24588
1.77746 0.15001 -1.10958
1.09414 0.307777 1.10704
-0.425263 0.309619 -2.08975
2.3117 0.443815 1.11042
2.45049 0.281919 -0.903901
0.74148 0.15001 -1.22532
0.670314 0.15001 -0.38686
0.764135 0.15001 -2.03615
0.992489 0.15001 -0.787681
1.10824 0.15001 -0.926279
0.801297 0.15001 0.0999209
0.694634 0.312031 0.948077
1.50366 0.15001 1.39106
-0.00421612 0.15001 0.00548154
0.463404 0.315243 -2.84982
0.367677 0.15001 -2.37405
1.10671 0.297449 -2.24366
0.454841 0.302418 -2.31997
0.694084 0.297634 -0.577854
1.14641 0.296309 -0.144229
1.2736 0.15001 -0.898626
2.24654 0.304192 2.06377
0.54713 0.15001 0.958498
2.66252 0.153762 1.02448
2.10367 0.15001 -1.57734
0.462622 0.15001 -2.53218
0.173356 0.29347 -2.57453
1.28575 0.30678 -1.33967
0.329561 0.15001 -0.780875
0.100222 0.15001 -0.591123
0.633303 0.15001 0.112251
1.09106 0.31106 1.68832
1.34488 0.15001 1.17023
2.33007 0.264699 1.07252
0.515293 0.15001 -2.84999
0.626737 0.15001 -2.20875
0.370112 0.313909 -2.48162
1.06278 0.15001 -1.09953
0.880348 0.15001 -0.655069
0.879814 0.300205 -0.526082
1.77867 0.308379 -0.736814
0.526142 0.15001 0.407939
0.171581 0.15001 0.43791
-1.99463 0.30919 0.410417
0.903037 0.15001 -2.3731
0.0685216 0.15001 -2.69176
1.2666 0.299009 -2.12534
0.0909938 0.15001 -1.90408
0.897538 0.15001 -1.16123
0.402364 0.15001 -0.487294
1.34388 0.15001 0.989222
0.851883 0.15001 0.937726
1.5142 0.15001 1.04722
1.63228 0.243229 2.28098
0.807727 0.317573 -2.66579
1.04868 0.276829 -2.06097
0.54802 0.15001 -2.37492
0.720391 0.15001 -1.71666
0.141514 0.15001 -0.308635
1.23375 0.15001 -0.584473
0.955697 0.15001 -0.475879
0.707233 0.15001 1.02911
1.03967 0.15001 1.17273
-1.57746 0.15001 0.748021
0.914539 0.307608 -2.30396
1.43104 0.306467 -2.76193
0.564021 0.15001 -2.0423
0.505139 0.15001 -1.42866
0.114377 0.307015 -1.80575
0.0669071 0.15001 -0.152771
1.00235 0.15001 -0.300074
0.644186 0.15001 0.285536
1.19679 0.15001 1.08405
0.0161904 0.284735 0.6722
1.2057 0.15001 -2.84999
1.45279 0.15001 -2.68843
0.750943 0.15001 -2.6911
0.978483 0.15001 -2.18923
1.94696 0.15001 -1.06189
1.17448 0.15001 -1.35408
1.41628 0.15001 -0.559065
0.967834 0.15001 0.144283
1.2982 0.15001 1.93318
1.72729 0.15001 1.67117
1.8924 0.15001 -2.84978
0.754745 0.30962 -1.39386
1.28454 0.15001 -1.845
0.308563 0.15001 -1.11081
0.944412 0.15001 -1.99949
2.02983 0.15001 -1.22789
1.33585 0.286352 -1.02015
-0.792913 0.15001 0.111646
1.79172 0.15001 -0.923317
1.99758 0.15001 1.08131
1.0977 0.293117 -1.45627
1.35508 0.15001 -2.51474
0.803941 0.15001 -2.21173
0.580189 0.301372 -1.00122
1.8755 0.15001 -1.31386
2.83999 0.277357 -0.83343
1.13047 0.15001 -0.441649
0.773357 0.15001 -0.522404
0.026566 0.302676 0.097511
-0.895518 0.289632 0.206947
1.37724 0.15001 -2.84999
1.71759 0.15001 -2.84999
1.8905 0.288254 -2.10268
0.989505 0.15001 -1.82031
1.14515 0.295424 -1.02789
0.986615 0.15001 0.313549
0.666537 0.15001 0.502289
1.50974 0.15001 1.21924
1.44834 0.15001 1.85122
0.850062 0.328344 2.84999
2.18728 0.288672 -2.84521
1.54726 0.15001 -2.84999
0.727563 0.15001 -2.375
0.716487 0.292807 -1.61248
1.50333 0.15001 -1.26879
1.96598 0.15001 -1.69598
1.64191 0.15001 0.922127
0.692068 0.15001 0.677837
2.04597 0.15001 1.75407
0.969271 0.15001 2.69523
0.579963 0.15001 -2.69009
1.27533 0.15001 -2.68653
0.377504 0.15001 -2.04904
1.18377 0.290718 -1.63836
1.59816 0.15001 -1.11172
1.05605 0.303458 -0.382711
1.33087 0.15001 0.812839
0.48622 0.15001 1.11272
1.29188 0.15001 0.0903774
0.978472 0.273661 2.02562
1.26123 0.303365 -2.57596
0.8722 0.325443 -2.84999
0.796751 0.15001 -1.52663
0.644978 0.15001 -1.88439
1.16294 0.15001 -0.75848
1.51069 0.302385 -1.65005
1.48729 0.313516 1.12151
1.84545 0.15001 1.31786
1.34395 0.15001 0.632566
2.43896 0.281039 2.09336
1.00447 0.15001 -2.5233
1.5295 0.15001 -2.52386
0.856886 0.298038 -2.12823
0.6686 0.300298 -2.02113
1.02588 0.15001 -1.27074
1.70761 0.290372 -0.997851
2.05264 0.292169 -1.06214
0.0691 0.317707 -0.109252
1.51392 0.15001 0.800787
1.97976 0.15001 1.47536
1.60985 0.31659 -2.84999
1.97285 0.190327 -2.30717
0.710398 0.299102 -2.27267
0.819522 0.305032 -0.930479
0.852648 0.15001 -1.35297
1.41849 0.15001 -1.11581
0.971215 0.319681 0.158596
1.17663 0.15001 0.91159
1.55692 0.304793 0.727707
1.89705 0.15001 1.62447
1.7989 0.307479 -2.84902
1.48596 0.274732 -2.2207
0.523252 0.31036 -1.55858
1.54965 0.283344 -1.83647
0.918547 0.315685 -1.10175
1.34172 0.15001 -0.730809
1.19921 0.302865 0.0375527
1.74067 0.282906 0.836674
1.99928 0.15001 0.865752
1.81874 0.339471 2.17521
2.67115 0.15001 -2.84999
2.29112 0.15001 -2.84999
0.678093 0.15001 -1.39878
1.14817 0.269656 -1.22122
2.70414 0.15001 -1.83101
1.38384 0.293948 -0.850799
0.84332 0.15001 0.771229
0.835222 0.15001 -0.351733
1.00329 0.299094 -0.0241007
1.16795 0.15001 0.742359
1.61651 0.15001 -1.97291
1.45139 0.15001 -2.34976
1.80298 0.15001 -1.64092
1.1278 0.15001 -1.94407
1.92701 0.29802 -1.83464
1.43605 0.15001 -0.949577
1.50462 0.15001 -0.791249
2.50138 0.15001 -0.62484
1.31134 0.15001 0.270668
2.51551 0.15001 2.47573
0.753747 0.301077 -2.47918
0.529014 0.296479 -2.15074
2.68577 0.15001 -1.63031
2.00956 0.15001 -2.1352
0.702682 0.15001 -0.69723
0.935704 0.307687 -1.30713
1.14493 0.15001 0.202324
1.68114 0.15001 -0.779598
2.14003 0.15001 -0.945122
2.72904 0.318495 2.36848
1.02077 0.332452 -0.631745
1.52875 0.30516 -2.40733
1.44631 0.15001 -1.91998
1.36628 0.15001 -1.4105
-0.0580894 0.308638 -0.480355
2.84999 0.15001 -0.944947
2.23016 0.15001 -1.71582
0.748258 0.299776 -0.185308
1.39953 0.15001 -0.0441398
2.68904 0.15001 2.04361
1.47505 0.15001 -2.09523
1.29986 0.15001 -2.02568
1.99065 0.15001 -2.68079
1.45454 0.15001 -1.56427
2.65463 0.193435 -0.9066
2.67952 0.15001 -1.43195
2.5669 0.292739 -0.539039
1.82314 0.15001 0.931223
1.51895 0.15001 -0.156994
2.8495 0.314752 0.10566
2.08269 0.298179 -1.71417
1.3435 0.3004 -2.34762
1.83137 0.15001 -1.82788
1.47105 0.29737 -1.38619
1.92663 0.15001 -1.4994
2.08122 0.15001 -1.39825
1.97695 0.15001 -0.889746
1.58685 0.309218 -0.836121
1.17968 0.314196 0.477647
1.24792 0.15001 2.09765
2.39044 0.298394 -2.83142
1.33192 0.15001 -2.20782
2.11657 0.301868 -2.08737
1.46852 0.15001 -1.7443
0.997351 0.15001 -1.44021
1.28159 0.290412 -0.501189
1.35758 0.15001 -0.232613
1.05669 0.15001 -0.135107
1.6623 0.15001 1.14028
0.528239 0.358687 2.84999
0.829859 0.15001 -2.53801
1.74154 0.282171 -1.90252
1.63089 0.15001 -2.37157
2.54257 0.15001 -1.91705
2.83221 0.430119 -1.82479
1.1816 0.15001 -0.267312
1.48715 0.15001 -0.402716
2.42706 0.15001 -1.28886
1.40455 0.292556 -0.354245
1.67712 0.295751 1.45624
1.25296 0.15001 -2.36601
1.6905 0.226543 -2.52311
1.65567 0.15001 -1.79333
2.56778 0.276014 -2.11539
2.50621 0.15001 -1.62041
2.12371 0.323497 -1.23831
1.23029 0.31308 -0.316056
1.10404 0.15001 0.0326869
0.827303 0.15001 0.433718
2.69335 0.15001 0.113914
1.992 0.303684 -2.84996
1.0786 0.15001 -2.34136
2.22157 0.291288 -1.83636
0.856572 0.300788 -1.94922
1.33606 0.281749 -1.53201
1.54702 0.288408 -0.47995
2.67281 0.15001 -1.24825
0.911914 0.308414 0.423983
1.27648 0.336062 1.42887
0.966128 0.323576 1.82898
2.17937 0.15001 -2.69866
2.49865 0.15001 -2.54357
1.71493 0.294534 -1.69934
1.12937 0.297545 -2.4397
0.422067 0.313464 1.16567
2.659 0.2986 -1.92904
2.67853 0.15001 -2.04141
2.49374 0.15001 -1.44947
2.36392 0.15001 -1.12659
0.806113 0.305445 -0.00325455
2.84999 0.31817 -2.80132
1.95168 0.15001 -1.96353
2.40869 0.15001 -1.78452
0.501088 0.310766 -0.0141381
1.43432 0.306235 -1.20092
-0.134107 0.15001 -0.848066
2.84999 0.15001 -0.584417
1.66113 0.293499 1.0372
0.51038 0.305423 0.865791
2.40122 0.15001 -0.799801
1.63649 0.299745 -1.50851
2.30843 0.15001 -2.28867
2.46618 0.179147 -2.37917
0.326946 0.293284 -2.14591
1.8138 0.15001 -2.62451
1.52633 0.300413 -1.035
1.15818 0.306767 -1.83656
2.08691 0.15001 -1.8225
-0.119179 0.15001 -0.12449
2.10651 0.268013 0.793478
2.36378 0.273011 -2.18076
1.45324 0.300578 -2.58592
2.84999 0.30923 -2.41731
1.74732 0.15001 -1.46246
-1.35359 0.329451 0.148639
2.12587 0.15001 -1.9901
2.84193 0.315948 -1.2284
1.23647 0.15001 -0.0851066
0.373817 0.31555 0.105191
-0.309924 0.15001 -0.0838451
2.07671 0.15001 -2.84999
1.03249 0.3095 -2.73601
0.553981 0.303209 -2.57225
0.640886 0.304 -0.805224
2.62187 0.297594 -2.32155
1.60962 0.15001 -0.939474
2.25434 0.15001 -1.43718
-0.00620835 0.326728 0.447664
2.2394 0.15001 -1.26531
2.4083 0.15001 0.724122
2.79628 0.300777 -2.60068
2.14054 0.15001 -2.34226
2.56656 0.239303 -1.75386
1.67034 0.306129 -2.26948
0.374544 0.320253 -1.41708
2.84999 0.31275 -2.04532
2.84938 0.300009 -1.4238
0.678756 0.305862 -1.16894
1.98177 0.15001 0.522098
1.8629 0.302683 1.448
1.78643 0.15001 -2.02711
0.303867 0.299963 -1.21348
1.62484 0.15001 -1.61629
0.471389 0.305337 -1.97356
2.42402 0.15001 -2.05852
2.51331 0.15001 -1.01636
1.99265 0.300598 -1.36818
1.30448 0.305101 0.170982
1.30984 0.303729 -0.101071
0.0699225 0.284006 -1.04479
2.4198 0.283377 -1.94335
2.30805 0.15001 -2.46928
1.35187 0.299727 -1.76804
0.240382 0.310721 -2.32945
1.57051 0.15001 -1.42967
1.89875 0.276675 -1.17719
1.85037 0.15001 -0.753898
2.27223 0.307509 -0.822708
0.997844 0.15001 0.488734
1.38027 0.330824 2.61629
0.511727 0.297062 -0.45922
2.27755 0.277597 -2.59416
2.84996 0.310963 -2.23218
0.27126 0.316857 -1.95733
2.84999 0.301088 -1.03427
2.12844 0.293934 -0.617063
1.84291 0.306916 -1.55245
1.11022 0.306564 0.310317
2.84999 0.15001 0.214912
1.3363 0.303796 1.81993
1.63442 0.15001 -2.67784
2.84999 0.15001 -2.67926
2.55742 0.272871 -1.3314
1.76824 0.298685 -1.35334
1.66431 0.30005 -1.1793
2.84999 0.307201 -1.62308
2.84998 0.313997 -0.46107
2.84999 0.274671 -0.271856
1.57301 0.32103 -0.3009
0.416243 0.15001 2.33541
