1000 0.1
-2.45406 0.15001 -2.84764
-2.82347 0.15001 -2.81303
-2.6682 0.15001 -2.29638
-2.76208 0.15001 -1.53199
-2.68687 0.15001 -0.991716
-2.67991 0.15001 -0.148076
-2.69462 0.15001 0.28801
-2.73714 0.15001 0.91546
-2.84999 0.15001 1.3382
-2.84999 0.15001 1.93879
-2.63779 0.15001 -2.80807
-2.8126 0.15001 -2.46756
-2.84999 0.15001 -1.88469
-2.84999 0.15001 -0.901034
-2.84999 0.15001 -0.674265
-2.84999 0.15001 -0.0445909
-2.84999 0.15001 0.41198
-2.84999 0.15001 1.06924
-2.84999 0.15001 1.72138
-2.84999 0.15001 2.47661
-1.9205 0.15001 -2.84802
-2.73719 0.15001 -2.64383
-2.84999 0.15001 -2.28539
-2.84623 0.15001 -1.10192
-2.84999 0.15001 -0.235953
-2.84999 0.15001 0.16366
-2.84999 0.15001 0.616738
-2.64459 0.15001 1.38406
-2.68808 0.15001 1.83168
-2.75951 0.15001 2.84999
-2.10654 0.15001 -2.81747
-2.47196 0.15001 -2.38925
-2.84999 0.15001 -1.69755
-2.69263 0.15001 -0.785461
-2.71203 0.15001 -0.365155
-2.68348 0.15001 0.0554378
-2.67678 0.15001 0.516252
-2.7014 0.15001 1.19261
-2.75497 0.15001 1.54741
-2.84999 0.15001 2.28945
-2.36136 0.15001 -2.67976
-2.63065 0.15001 -2.48131
-2.78364 0.15001 -2.11127
-2.81353 0.15001 -1.33063
-2.6925 0.15001 -0.562937
-2.52949 0.15001 0.173415
-2.69052 0.15001 0.731492
-2.59748 0.15001 1.6661
-2.76469 0.15001 2.1179
-2.78761 0.15001 2.65238
-2.27855 0.206586 -2.82983
-2.43032 0.24083 -2.53949
-2.5998 0.15001 -2.12117
-2.67514 0.15001 -1.75889
-2.52183 0.15001 -0.872286
-2.50906 0.15001 -0.240637
-2.52138 0.15001 0.83473
-2.51115 0.15001 1.22154
-2.61003 0.15001 2.00653
-2.63483 0.15001 2.49278
-2.17783 0.159582 -2.64068
-2.32206 0.15001 -2.28724
-2.50297 0.15001 -1.95792
-2.62923 0.15001 -1.39756
-2.53176 0.15001 -0.451773
-2.34324 0.15001 0.0691062
-2.32764 0.15001 0.694556
-2.30115 0.15001 1.26058
-2.25586 0.15001 1.66424
-2.43435 0.15001 2.54025
-2.15716 0.193488 -2.34667
-2.15261 0.15001 -1.8956
-2.38842 0.15001 -1.61028
-2.34677 0.15001 -0.956779
-2.19164 0.15001 -0.264927
-2.20223 0.15001 0.382814
-2.15818 0.15001 0.795741
-2.06535 0.15001 1.66045
-2.1848 0.15001 2.04161
-2.34132 0.15001 2.73191
-2.07307 0.192229 -2.05334
-2.29831 0.15001 -1.77673
-2.2602 0.15001 -1.30674
-2.18541 0.15001 -0.671022
-2.02323 0.15001 -0.169016
-2.01737 0.15001 0.435028
-2.01954 0.15001 0.938415
-2.01783 0.17515 1.48006
-1.99589 0.15001 2.13733
-2.13344 0.15001 2.75707
-1.86604 0.288706 -1.84345
-2.27376 0.223372 -1.48273
-2.16814 0.15001 -1.07087
-2.01639 0.15001 -0.573699
-1.85732 0.240729 0.0962959
-1.86482 0.15001 0.552444
-1.96233 0.173341 1.12644
-1.74596 0.198862 1.71718
-1.81624 0.15001 2.00919
-2.04213 0.15001 2.54936
-1.70035 0.15001 -2.84999
-1.99151 0.15001 -2.67137
-2.2818 0.15001 -2.47828
-2.1866 0.15001 -1.62541
-2.34539 0.15001 -1.14412
-2.19129 0.15001 -0.471512
-2.35809 0.15001 0.500393
-2.32897 0.15001 0.890172
-2.44373 0.15001 1.40116
-2.65954 0.15001 2.29468
-1.80659 0.15001 -2.69867
-2.54744 0.15001 -2.64721
-2.41672 0.15001 -2.12748
-2.57836 0.15001 -1.5903
-2.35511 0.15001 -0.764475
-2.33897 0.15001 -0.130785
-2.52341 0.15001 0.389568
-2.58215 0.15001 1.02691
-2.42668 0.15001 2.04973
-2.59481 0.15001 2.68707
-1.50711 0.15001 -2.84846
-2.05828 0.15001 -2.49413
-2.68298 0.15001 -1.95115
-2.67952 0.15001 -1.19083
-2.5303 0.15001 -0.672934
-2.50759 0.15001 -0.030454
-1.82222 0.15001 0.997594
-1.77772 0.15001 1.18677
-2.1576 0.15001 1.83446
-2.30743 0.15001 2.19914
-1.65856 0.15001 -2.54648
-2.23089 0.15001 -2.12671
-2.48824 0.15001 -1.76937
-2.51575 0.15001 -1.06553
-2.35784 0.15001 -0.36448
-2.18988 0.15001 0.184881
-2.51237 0.15001 0.628799
-2.38647 0.15001 1.07575
-2.42709 0.15001 1.58993
-2.4698 0.15001 2.32085
-1.87223 0.15001 -2.52688
-2.02654 0.15001 -2.22745
-2.32236 0.15001 -1.96341
-2.50189 0.15001 -1.25434
-2.36446 0.15001 -0.566216
-2.36365 0.15001 0.269257
-2.19018 0.15001 1.05336
-1.8906 0.15001 1.34366
-2.3485 0.15001 1.87117
-2.49335 0.15001 2.84999
-1.65092 0.244663 -2.70572
-1.84114 0.15001 -2.25786
-1.96168 0.15001 -1.90998
-2.11556 0.15001 -1.42287
-2.17513 0.15001 -0.870214
-2.17048 0.15001 -0.0268384
-2.15851 0.15001 0.587313
-2.1045 0.15001 1.25172
-2.0024 0.15001 1.94724
-2.28717 0.15001 2.39278
-1.75338 0.209906 -2.40494
-1.72365 0.15001 -2.09457
-2.04375 0.15001 -1.74664
-2.06627 0.15001 -1.23794
-2.02176 0.15001 -0.373499
-2.01933 0.15001 0.101052
-1.98275 0.15001 0.708202
-1.76547 0.288529 1.31415
-1.9147 0.15001 1.77858
-1.9499 0.15001 2.37482
-1.68546 0.24943 -2.23861
-1.76982 0.15001 -1.9142
-2.00573 0.15001 -1.56818
-2.00205 0.15001 -0.969161
-1.85218 0.15001 -0.277259
-1.69383 0.15001 0.246727
-1.80571 0.271573 0.859912
-1.56591 0.285851 1.79273
-1.82112 0.15001 2.21978
-1.95351 0.15001 2.84999
-1.44727 0.15001 -1.84926
-1.70761 0.236933 -1.64821
-1.77006 0.15001 -1.26154
-1.83406 0.15001 -0.679015
-1.68594 0.15001 -0.172852
-1.7456 0.203624 0.415894
-1.45758 0.281979 1.16595
-1.31404 0.291911 1.80198
-1.64629 0.15001 2.30248
-1.69247 0.15001 2.66625
-1.43606 0.15001 -1.6616
-1.71872 0.22791 -1.4248
-1.65921 0.15001 -0.976566
-1.68005 0.15001 -0.377361
-1.53546 0.15001 -0.0455088
-1.60605 0.246365 0.726153
-1.28193 0.296953 1.25575
-1.09583 0.281817 1.74291
-1.47378 0.15001 2.20447
-1.51137 0.15001 2.59198
-1.28041 0.15001 -2.83953
-1.32629 0.15001 -2.6231
-1.40622 0.15001 -2.03235
-1.82728 0.15001 -1.54324
-1.66581 0.15001 -0.574937
-1.36251 0.15001 0.047439
-1.6574 0.15001 0.572865
-1.65024 0.15001 0.884256
-2.20525 0.15001 1.43958
-2.1266 0.15001 2.27855
-1.50753 0.15001 -2.6578
-1.58567 0.15001 -2.35417
-1.90198 0.15001 -2.08442
-1.92804 0.15001 -1.37934
-1.82883 0.15001 -0.877491
-1.85436 0.15001 -0.0728656
-1.7749 0.15001 0.725956
-1.58814 0.15001 1.21207
-1.83354 0.15001 1.54966
-2.23195 0.15001 2.57514
-1.08066 0.15001 -2.84999
-1.20273 0.15001 -2.17358
-1.85219 0.15001 -1.73075
-2.43013 0.15001 -1.42393
-2.00677 0.15001 -0.771399
-1.54014 0.15001 0.381431
-1.22024 0.15001 0.758873
-1.51594 0.284635 0.917033
-1.55525 0.272088 1.34825
-1.5747 0.15001 1.66129
-1.45102 0.15001 -2.47937
-1.58598 0.15001 -1.97226
-1.60534 0.15001 -1.16142
-1.4833 0.15001 -0.653033
-1.5185 0.15001 -0.269348
-1.36141 0.173152 0.436151
-1.46028 0.15001 0.801836
-1.65632 0.222502 1.05632
-1.68639 0.15001 1.40932
-1.6538 0.15001 1.88584
-1.16305 0.176267 -2.69297
-1.55154 0.15001 -2.16044
-1.6261 0.15001 -1.78618
-1.8382 0.15001 -1.07923
-1.84614 0.15001 -0.479854
-1.89748 0.15001 0.270605
-1.26554 0.299376 1.04432
-1.62642 0.273427 1.535
-1.43947 0.15001 1.80379
-1.88602 0.15001 2.66067
-1.39584 0.259906 -2.75131
-1.27249 0.15001 -2.35733
-1.26886 0.15001 -1.79472
-1.57227 0.15001 -1.35105
-1.65627 0.15001 -0.775094
-1.69798 0.15001 0.0562715
-1.54146 0.282407 0.514173
-1.36108 0.278959 1.43585
-1.41185 0.237678 1.63647
-1.72904 0.15001 2.47727
-1.30574 0.267072 -2.48897
-1.22564 0.15001 -1.97968
-1.5837 0.15001 -1.54158
-1.46115 0.15001 -1.03408
-1.49697 0.15001 -0.461037
-1.51794 0.15001 0.165364
-1.35375 0.273914 0.709305
-1.11183 0.27886 1.38705
-1.47452 0.15001 2.00321
-1.47541 0.15001 2.39969
-1.38136 0.16884 -2.21442
-1.2539 0.15001 -1.60876
-1.42548 0.15001 -1.23999
-1.4704 0.15001 -0.843643
-1.36554 0.15001 -0.158355
-1.17354 0.253101 0.225316
-1.21556 0.302261 0.854721
-1.18097 0.269421 2.01212
-1.28392 0.15001 2.32308
-1.35173 0.15001 2.84958
-1.04975 0.206049 -1.99253
-1.20023 0.15001 -1.43247
-1.28132 0.15001 -1.11312
-1.31288 0.15001 -0.543494
-1.2042 0.150621 -0.0614969
-1.10113 0.301827 0.433718
-0.970671 0.284738 1.25975
-0.948948 0.278946 1.871
-1.07742 0.15001 2.32373
-1.21129 0.15001 2.67448
-1.05889 0.15001 -1.6257
-1.26237 0.227764 -1.28038
-1.12161 0.15001 -0.824377
-1.13776 0.15001 -0.434232
-1.0008 0.299276 0.0619978
-1.14506 0.291306 0.644548
-0.800089 0.316935 1.33431
-0.856289 0.289809 2.09245
-0.924359 0.15001 2.19725
-0.958741 0.15001 2.61192
-0.89254 0.15001 -2.84999
-0.98058 0.15001 -2.6738
-0.697889 0.15001 -2.07784
-1.11118 0.15001 -1.02231
-1.1643 0.15001 -0.243601
-1.18648 0.15001 0.379272
-1.44415 0.15001 0.602653
-1.4784 0.15001 1.03897
-1.49034 0.15001 1.48256
-1.64598 0.15001 2.10458
-0.702194 0.15001 -2.83033
-1.08596 0.15001 -2.33524
-1.07634 0.15001 -1.8169
-1.40122 0.15001 -1.46212
-1.29854 0.15001 -0.735873
-1.33658 0.15001 0.247504
-1.15537 0.15001 1.02837
-1.41697 0.15001 1.30026
-1.27831 0.15001 1.54017
-1.74736 0.15001 2.84999
-0.787416 0.15001 -2.64357
-0.694423 0.15001 -2.27228
-0.846167 0.15001 -1.53433
-0.959395 0.15001 -0.714025
-1.01416 0.15001 0.293269
-0.841286 0.15001 0.679757
-1.06108 0.18812 0.878051
-0.96562 0.15001 1.05682
-0.969045 0.15001 1.3925
-1.09989 0.15001 1.88191
-1.15839 0.15001 -2.51065
-0.888963 0.15001 -1.91986
-0.94048 0.15001 -1.12794
-0.911751 0.15001 0.125291
-1.01797 0.15001 0.501514
-1.03389 0.15001 0.699328
-1.31875 0.15001 0.930615
-1.30286 0.15001 1.14615
-1.23515 0.15001 1.35683
-1.29141 0.15001 1.92277
-0.777142 0.15001 -2.45483
-1.01689 0.15001 -2.1626
-1.01265 0.15001 -1.43815
-1.28722 0.15001 -0.925067
-1.32842 0.15001 -0.351304
-1.2298 0.15001 0.567807
-1.06943 0.297913 1.09711
-1.18145 0.302258 1.56907
-1.2237 0.15001 1.72144
-1.53937 0.15001 2.79102
-0.86799 0.286279 -2.7329
-0.892265 0.15001 -2.30636
-0.887157 0.15001 -1.72525
-1.09619 0.15001 -1.2376
-1.1328 0.15001 -0.629366
-1.10285 0.15001 0.0911561
-0.950048 0.286714 0.60345
-0.959763 0.291287 1.52006
-0.950822 0.15001 2.00567
-1.32212 0.15001 2.52242
-0.966566 0.15001 -2.48508
-0.758212 0.27642 -1.95976
-0.866912 0.15001 -1.31576
-0.949435 0.15001 -0.91553
-0.978942 0.15001 -0.300081
-0.910981 0.27624 0.3949
-0.502865 0.275452 0.703468
-0.758475 0.298073 1.14437
-0.703387 0.15001 2.2161
-1.12279 0.15001 2.50919
-0.852269 0.227501 -2.13863
-0.679561 0.15001 -1.64691
-0.783805 0.15001 -1.0218
-0.954689 0.15001 -0.515221
-0.91921 0.15001 -0.0843951
-0.549949 0.26677 0.517832
-0.553588 0.302094 1.11796
-0.742929 0.297663 1.52198
-0.852806 0.15001 2.36904
-0.769782 0.15001 2.84999
-0.526638 0.15001 -1.78339
-0.669915 0.15001 -1.45688
-0.651527 0.219698 -0.907842
-0.793168 0.15001 -0.240301
-0.573458 0.219751 0.0521832
-0.753207 0.293675 0.587369
-0.60987 0.299193 1.30445
-0.709986 0.295132 1.90018
-0.503169 0.15001 2.28431
-0.650794 0.15001 2.68294
-0.493428 0.15001 -1.58171
-0.634835 0.22184 -1.10448
-0.718849 0.15001 -0.61693
-0.701244 0.15001 -0.0689195
-0.688504 0.284164 0.28208
-0.676236 0.319029 0.761302
-0.332653 0.288451 1.11597
-0.557251 0.283052 1.66843
-0.526978 0.15001 2.52312
-0.356684 0.15001 2.84999
-0.501195 0.15001 -2.84037
-0.599429 0.15001 -2.66783
-0.34453 0.15001 -2.09072
-0.787678 0.15001 -0.799659
-0.594274 0.15001 -0.24093
-0.708871 0.15001 0.818262
-0.883547 0.15001 0.874442
-1.0981 0.15001 1.22048
-1.07517 0.15001 1.5682
-1.29908 0.15001 2.12176
-0.335367 0.15001 -2.72304
-0.589342 0.15001 -2.44082
-0.713868 0.15001 -1.83272
-0.679054 0.15001 -1.26711
-0.773347 0.15001 -0.431803
-0.640859 0.15001 0.404375
-0.771732 0.15001 1.03423
-0.85396 0.15001 1.2158
-0.848279 0.15001 1.56396
-1.1554 0.15001 2.84999
-0.14253 0.15001 -2.66274
-0.0329887 0.15001 -2.26287
-0.320483 0.15001 -1.46036
-0.47123 0.15001 -0.588711
-0.554794 0.15001 0.224991
-0.643022 0.15001 0.635805
-0.677742 0.28356 0.950005
-0.656513 0.15001 1.20371
-0.634096 0.15001 1.53473
-0.747411 0.15001 2.03349
-0.505056 0.15001 -2.20844
-0.363167 0.15001 -1.89145
-0.503245 0.15001 -0.996176
-0.724491 0.15001 0.128581
-0.813365 0.15001 0.491951
-0.871324 0.303376 0.779627
-0.88274 0.299417 0.98438
-0.759277 0.15001 1.38753
-0.96342 0.15001 1.72577
-1.10296 0.15001 2.12987
-0.256151 0.15001 -2.51197
-0.523301 0.15001 -2.00625
-0.494165 0.15001 -1.38129
-0.570547 0.15001 -0.752841
-0.816577 0.15001 0.29651
-0.406247 0.15001 0.611032
-0.460214 0.15001 1.17747
-0.81346 0.265757 1.70592
-0.815428 0.15001 1.8539
-0.968103 0.15001 2.80323
-0.4416 0.15001 -2.56556
-0.223818 0.15001 -2.32423
-0.31761 0.15001 -1.66428
-0.325609 0.15001 -0.932761
-0.572865 0.15001 -0.42967
-0.480147 0.292775 0.313874
-0.458827 0.293734 0.933078
-0.397445 0.281852 1.30319
-0.540645 0.15001 2.09629
-0.557577 0.15001 2.84999
-0.407387 0.15001 -2.37703
-0.165367 0.15001 -1.99166
-0.240656 0.15001 -1.27966
-0.366009 0.15001 -0.745209
-0.478468 0.15001 -0.0887557
-0.233122 0.15001 0.444543
-0.0099926 0.15001 0.674005
-0.174528 0.15001 1.05998
-0.159519 0.289308 1.85811
-0.661141 0.15001 2.39746
-0.177165 0.221933 -2.16037
-0.0497641 0.15001 -1.67505
-0.150615 0.15001 -1.03445
-0.159232 0.15001 -0.422301
-0.201318 0.15001 0.119844
-0.0974499 0.292387 0.587642
-0.00537989 0.280074 0.814363
-0.175703 0.266107 1.33591
-0.314865 0.15001 2.23386
-0.241394 0.15001 2.70592
-0.191256 0.158215 -1.80556
-0.0899504 0.15001 -1.40288
-0.0988158 0.281925 -0.908876
-0.366889 0.15001 -0.243577
-0.320021 0.29761 0.162733
-0.307497 0.295391 0.691355
0.0243072 0.254898 1.09884
-0.358445 0.287361 1.71494
-0.138785 0.15001 2.16022
-0.201482 0.15001 2.52664
-0.174762 0.219463 -1.5561
-0.317423 0.198249 -1.11483
-0.199305 0.15001 -0.613949
-0.27336 0.15001 -0.0659067
-0.342412 0.292152 0.493568
-0.236527 0.267199 0.924527
0.0280275 0.299826 1.28897
-0.160704 0.297052 1.65594
-0.13402 0.15001 2.34573
-0.117413 0.15001 2.84999
-0.191193 0.15001 -2.84999
0.208681 0.15001 -2.73337
0.216084 0.15001 -2.15118
-0.181761 0.15001 -0.80719
-0.156556 0.15001 -0.226363
-0.208782 0.15001 0.633483
-0.569635 0.15001 1.01759
-0.521315 0.15001 1.36293
-0.667331 0.15001 1.72974
-0.781221 0.15001 2.54575
0.00836262 0.15001 -2.84999
-0.053315 0.15001 -2.46165
-0.00890034 0.15001 -1.87236
-0.483982 0.15001 -1.19154
-0.356485 0.15001 -0.434612
-0.319991 0.15001 0.274856
-0.524077 0.15001 0.83422
-0.273211 0.15001 1.22726
-0.448696 0.15001 1.5811
-0.42981 0.15001 2.67893
0.417285 0.15001 -2.64719
0.643865 0.15001 -2.27031
0.463799 0.15001 -1.3687
-0.00555846 0.15001 -0.724529
0.0721359 0.15001 -0.139916
-0.0431397 0.15001 0.477138
-0.144786 0.15001 0.813528
-0.074179 0.15001 1.22421
-0.328623 0.15001 1.41462
-0.272537 0.15001 1.80729
0.146658 0.15001 -2.33729
0.359552 0.15001 -2.00492
0.00165233 0.15001 -1.15701
-0.4053 0.15001 0.090716
-0.441728 0.15001 0.422392
-0.337651 0.15001 0.805356
-0.366032 0.15001 1.00029
-0.520949 0.291827 1.47817
-0.468201 0.15001 1.77553
-0.595483 0.15001 1.91216
0.14087 0.15001 -2.5296
0.0242105 0.15001 -2.0738
0.0940747 0.15001 -1.53334
0.0310797 0.15001 -0.919146
-0.112921 0.15001 0.292512
0.145951 0.15001 0.436932
-0.0122029 0.15001 0.951839
-0.327937 0.298239 1.52036
-0.397695 0.15001 1.96005
-0.0550095 0.15001 2.67299
0.0357629 0.203588 -2.67224
0.382385 0.15001 -2.27453
0.307504 0.15001 -1.81027
0.415861 0.15001 -1.13162
0.00571519 0.15001 -0.529756
-0.0747626 0.15001 -0.0205665
0.132597 0.15001 0.817927
0.00187881 0.27663 1.52851
0.00527855 0.15001 2.04087
-0.010966 0.15001 2.49066
0.319583 0.15001 -2.46351
0.559253 0.15001 -1.92863
0.271627 0.15001 -1.41471
0.455423 0.15001 -0.783199
0.0223706 0.15001 -0.330369
0.304424 0.15001 0.329772
0.561204 0.15001 0.628043
0.433533 0.15001 1.09675
0.11268 0.246232 1.92192
0.449009 0.15001 2.84999
0.514706 0.15001 -2.12402
0.288206 0.15001 -1.60879
0.173489 0.15001 -1.04497
0.376679 0.15001 -0.600958
0.265712 0.15001 -0.0622497
0.513158 0.15001 0.440002
0.453643 0.15001 0.781606
0.127376 0.15001 1.22046
0.150991 0.15001 2.39808
0.096132 0.15001 2.84146
0.171457 0.15001 -1.9451
0.089553 0.15001 -1.33375
0.203379 0.15001 -0.827411
0.189141 0.15001 -0.448529
0.111483 0.15001 0.0608902
0.344701 0.15001 0.535125
0.195943 0.292595 0.920516
0.126266 0.15001 1.74933
0.202988 0.15001 2.07774
0.45469 0.15001 2.6421
0.132283 0.15001 -1.73494
0.247136 0.15001 -1.22194
0.1768 0.15001 -0.638877
0.221355 0.15001 -0.260121
0.0846965 0.15001 0.253021
0.289399 0.230086 0.745368
0.28202 0.243162 1.16012
0.20633 0.292178 1.65293
0.319149 0.15001 2.30759
0.282384 0.15001 2.75113
0.363277 0.15001 -2.84999
0.620357 0.15001 -2.64697
0.726621 0.15001 -2.06244
0.904331 0.15001 -1.05383
0.774239 0.15001 -0.249992
0.840186 0.15001 0.257942
0.17099 0.15001 1.03531
-0.140509 0.15001 1.47797
-0.0381286 0.15001 1.85146
-0.362218 0.15001 2.42307
0.55866 0.15001 -2.84538
0.512067 0.15001 -2.45085
0.649966 0.15001 -1.69006
0.346025 0.15001 -0.952895
0.381767 0.15001 -0.400229
0.304465 0.15001 0.135566
0.773744 0.15001 0.733971
0.58496 0.15001 1.24438
0.381781 0.15001 1.29627
0.133459 0.15001 2.62767
0.937075 0.15001 -2.79267
1.25647 0.15001 -2.3122
1.01767 0.15001 -1.54834
0.813082 0.15001 -0.670307
1.12618 0.15001 -0.203545
1.08352 0.15001 -0.00909919
1.15362 0.15001 0.757641
0.952179 0.15001 1.08817
0.702369 0.15001 1.49107
0.0692738 0.15001 2.22462
0.70541 0.15001 -2.46016
0.908391 0.15001 -1.94861
0.768848 0.15001 -1.24161
0.562327 0.15001 -0.481964
0.465152 0.15001 0.0264111
0.170661 0.15001 0.623959
0.325913 0.15001 0.923509
0.0270991 0.15001 1.39249
-0.264952 0.15001 1.61693
-0.20062 0.15001 1.98272
0.822514 0.15001 -2.64099
0.846336 0.15001 -2.24916
0.489686 0.15001 -1.56354
0.690182 0.15001 -0.843259
0.405099 0.15001 -0.202816
0.681748 0.15001 0.357451
0.620406 0.15001 1.05146
0.212384 0.193194 1.37859
-0.0490536 0.15001 1.65667
0.644413 0.15001 2.84999
0.755587 0.15001 -2.8478
1.0544 0.15001 -2.3318
0.964383 0.15001 -1.74972
0.954755 0.15001 -1.2449
0.983566 0.15001 -0.550634
0.885893 0.15001 0.00949511
0.93718 0.15001 0.63974
1.04118 0.15001 1.48722
0.824398 0.15001 1.96072
0.476756 0.15001 2.43314
0.897252 0.15001 -2.45063
0.997856 0.15001 -2.11575
0.86221 0.15001 -1.41846
0.881701 0.15001 -0.854303
0.943691 0.15001 -0.359799
1.00586 0.15001 0.164316
1.09561 0.15001 0.947431
0.862761 0.15001 1.38643
0.454715 0.15001 1.85178
0.97174 0.15001 2.71463
1.15257 0.228019 -2.18418
0.822322 0.15001 -1.60909
0.709252 0.15001 -1.04756
0.7671 0.15001 -0.470548
0.699062 0.15001 -0.0246662
0.897325 0.15001 0.449404
0.795986 0.15001 0.969582
0.707859 0.15001 1.68977
0.854576 0.15001 2.35066
0.840447 0.15001 2.84999
0.748145 0.164091 -1.85258
0.658628 0.15001 -1.43686
0.538457 0.15001 -0.961579
0.58561 0.15001 -0.291767
0.661194 0.15001 0.165291
0.731837 0.15001 0.542992
0.781965 0.15001 1.20076
0.516603 0.15001 1.66614
0.650068 0.15001 2.10714
0.668413 0.15001 2.40857
0.479375 0.187254 -1.75454
0.584332 0.15001 -1.21518
0.615129 0.15001 -0.667078
0.557893 0.225134 -0.120624
0.485206 0.15001 0.247612
0.627753 0.15001 0.857583
0.523172 0.15001 1.43181
0.638341 0.15001 1.90453
0.495006 0.15001 2.22488
0.64875 0.15001 2.65418
1.11545 0.15001 -2.84999
1.21268 0.15001 -2.67795
1.5903 0.15001 -2.16979
1.60588 0.15001 -1.35421
1.83148 0.15001 -0.402404
1.66245 0.15001 0.689259
1.14283 0.15001 1.14075
0.876457 0.15001 1.58663
0.268546 0.15001 1.88741
0.30022 0.15001 2.52184
1.31341 0.15001 -2.84999
1.05808 0.15001 -2.56011
1.29288 0.15001 -1.839
1.39565 0.15001 -0.953512
1.21029 0.15001 -0.596875
1.39795 0.15001 0.110304
1.46651 0.15001 1.00956
1.16513 0.15001 1.63787
0.344773 0.15001 1.50349
0.811199 0.15001 2.55232
1.61904 0.15001 -2.65193
1.7693 0.15001 -2.27266
1.54162 0.15001 -1.56434
1.77361 0.15001 -0.718438
2.11937 0.15001 -0.163057
2.05287 0.15001 0.148097
1.96284 0.15001 0.717286
1.79563 0.15001 1.55251
1.41269 0.15001 1.96222
0.320722 0.15001 1.6951
1.44468 0.15001 -2.33989
1.63434 0.15001 -1.95592
1.28303 0.15001 -1.25596
1.45326 0.15001 -0.563875
1.49726 0.15001 -0.276114
1.64025 0.15001 0.483868
1.73075 0.15001 1.01939
1.47995 0.15001 1.32244
0.142247 0.15001 1.55041
0.396031 0.15001 2.04425
1.2917 0.15001 -2.49781
1.24083 0.15001 -2.0356
1.23837 0.15001 -1.50513
1.06362 0.15001 -0.933553
1.31328 0.15001 -0.227664
1.24576 0.15001 0.41194
1.2784 0.15001 1.00924
1.17316 0.15001 1.99532
1.39052 0.15001 2.34851
1.35084 0.15001 2.66815
1.4124 0.15001 -2.68681
1.63107 0.15001 -2.4091
1.5042 0.15001 -1.79018
1.4432 0.15001 -1.14356
1.66538 0.15001 -0.50813
1.59197 0.15001 0.116741
1.47275 0.15001 0.682758
1.61723 0.15001 1.67117
1.58459 0.15001 2.06825
1.12841 0.15001 2.37798
1.48223 0.188155 -2.51948
1.4379 0.15001 -1.97416
1.41321 0.15001 -1.40687
1.41462 0.15001 -0.762232
1.46671 0.15001 -0.0752355
1.40705 0.15001 0.301077
1.58168 0.15001 1.15923
1.35389 0.15001 1.59823
1.19809 0.15001 2.18914
1.54 0.15001 2.72672
1.38829 0.151575 -2.16045
1.36393 0.15001 -1.65235
1.22672 0.15001 -1.04095
1.33545 0.15001 -0.417982
1.27233 0.15001 -0.0378187
1.28827 0.15001 0.612002
1.32189 0.15001 1.21419
1.26182 0.15001 1.81803
1.27349 0.15001 2.49698
1.3151 0.15001 2.84999
1.09964 0.15001 -1.90047
1.10478 0.15001 -1.36763
1.22916 0.15001 -0.814585
1.1393 0.15001 -0.404391
1.21195 0.15001 0.187613
1.10176 0.15001 0.549038
1.20966 0.15001 1.38365
1.06691 0.15001 1.82503
1.01018 0.15001 2.22931
1.15072 0.15001 2.64957
1.15873 0.15001 -1.69189
1.11761 0.208138 -1.18037
1.04843 0.15001 -0.734331
0.944664 0.180718 -0.168034
1.06236 0.15001 0.347283
0.940981 0.15001 0.833526
1.02364 0.15001 1.2859
0.881438 0.15001 1.77914
0.838684 0.15001 2.15082
0.999626 0.15001 2.52355
1.51987 0.15001 -2.84999
1.81384 0.15001 -2.681
1.95634 0.15001 -2.20931
2.49835 0.15001 -1.32869
2.51054 0.15001 -0.435936
2.42895 0.15001 0.396893
2.10454 0.15001 1.0665
1.77454 0.15001 2.01526
1.74755 0.15001 2.20881
1.11181 0.15001 2.84999
1.71835 0.15001 -2.84999
1.80821 0.15001 -2.48471
2.23268 0.15001 -1.86556
2.30824 0.15001 -1.36686
2.24906 0.15001 -0.768597
2.44157 0.15001 -0.0144202
2.33952 0.15001 0.608019
2.15712 0.15001 1.63034
2.14095 0.15001 2.22453
1.70243 0.15001 2.84999
2.28113 0.15001 -2.84999
2.52649 0.15001 -2.35826
2.56974 0.15001 -1.67059
2.58814 0.15001 -0.895402
2.67274 0.15001 -0.296333
2.65707 0.15001 0.124849
2.66937 0.15001 0.710956
2.47404 0.15001 1.04802
2.52148 0.15001 1.91818
2.62269 0.15001 2.46815
2.1872 0.15001 -2.5882
2.16931 0.15001 -2.18822
2.25628 0.15001 -1.57244
2.23892 0.15001 -1.02051
2.3249 0.15001 -0.377326
2.28551 0.15001 0.262299
2.29052 0.15001 1.10945
2.32863 0.15001 1.53675
2.33119 0.15001 1.93953
2.23088 0.15001 2.53605
2.10601 0.15001 -2.7732
2.35104 0.15001 -2.46179
1.99935 0.15001 -1.81033
1.81842 0.15001 -1.17672
2.06402 0.15001 -0.689853
1.89885 0.15001 0.418011
1.92101 0.15001 1.1202
1.98085 0.15001 1.71218
1.95236 0.15001 2.2575
2.42196 0.15001 2.60009
1.99548 0.15001 -2.61459
2.17382 0.15001 -2.38209
2.05067 0.15001 -1.57655
2.03434 0.15001 -1.08443
2.19082 0.15001 -0.546277
2.26461 0.15001 0.0669816
2.17197 0.15001 0.706161
2.16067 0.15001 1.43186
2.16063 0.15001 2.02606
1.9011 0.15001 2.56309
1.98417 0.15001 -2.40894
2.01573 0.15001 -2.01887
1.91232 0.15001 -1.44048
1.79376 0.15001 -0.965628
1.88327 0.15001 -0.0935544
2.07723 0.15001 0.339414
1.96888 0.15001 0.925469
1.99051 0.15001 1.52209
1.97614 0.15001 2.07226
2.11147 0.15001 2.84999
1.8015 0.15001 -2.07229
1.86878 0.15001 -1.65025
1.64322 0.15001 -1.09253
1.90643 0.15001 -0.576116
1.78099 0.15001 0.0707156
1.81784 0.15001 0.585737
1.76037 0.15001 1.21999
1.7894 0.15001 1.75282
1.65966 0.15001 2.47872
1.90775 0.15001 2.79823
1.81227 0.15001 -1.86843
1.72949 0.15001 -1.50481
1.59421 0.15001 -0.895827
1.68729 0.15001 -0.280195
1.69798 0.15001 0.294876
1.59279 0.15001 0.867034
1.67863 0.15001 1.39402
1.626 0.15001 1.87273
1.56217 0.15001 2.26432
1.73203 0.15001 2.66022
1.68276 0.15001 -1.71158
1.56662 0.270219 -1.21667
1.59054 0.15001 -0.693715
1.66266 0.15001 -0.0854454
1.44477 0.15001 0.490115
1.35152 0.15001 0.831381
1.52184 0.15001 1.5073
1.45076 0.15001 1.77088
1.38838 0.15001 2.15461
1.47757 0.15001 2.52621
1.92819 0.15001 -2.84999
2.64813 0.15001 -2.72121
2.68506 0.15001 -2.0294
2.84999 0.15001 -1.18635
2.84999 0.15001 -0.606843
2.69848 0.15001 0.498236
2.6532 0.15001 1.13566
2.4989 0.15001 1.44913
2.50054 0.15001 2.11192
2.70347 0.15001 2.84999
2.48871 0.15001 -2.84999
2.84999 0.15001 -2.36763
2.84999 0.15001 -1.65331
2.68469 0.15001 -1.2856
2.71887 0.15001 -0.748526
2.79642 0.15001 -0.0114031
2.7263 0.15001 0.956311
2.66185 0.15001 1.34056
2.66402 0.15001 1.79344
2.84999 0.15001 2.61828
2.84999 0.15001 -2.63668
2.84999 0.15001 -1.93334
2.84999 0.15001 -1.40468
2.84999 0.15001 -0.889858
2.84999 0.15001 -0.195547
2.84999 0.15001 0.171831
2.84999 0.15001 0.613224
2.84999 0.15001 1.16279
2.84999 0.15001 1.56967
2.84999 0.15001 1.97067
2.81106 0.15001 -2.84999
2.84999 0.15001 -2.13509
2.67321 0.15001 -1.49897
2.72516 0.15001 -1.03677
2.83868 0.15001 -0.403749
2.84999 0.15001 0.37326
2.84999 0.15001 0.809398
2.84999 0.15001 1.37065
2.84999 0.15001 1.76747
2.84999 0.15001 2.20443
2.70269 0.15001 -2.4986
2.52429 0.15001 -2.1321
2.70177 0.15001 -1.81214
2.55665 0.15001 -1.12675
2.67291 0.15001 -0.535879
2.61344 0.15001 0.324433
2.54919 0.15001 0.867063
2.65693 0.15001 1.56448
2.68959 0.15001 2.07969
2.82216 0.15001 2.41123
2.36381 0.15001 -2.67302
2.68848 0.15001 -2.24617
2.52903 0.15001 -1.91137
2.36916 0.15001 -1.16345
2.53662 0.15001 -0.691002
2.62327 0.15001 -0.0877989
2.5239 0.15001 0.571748
2.49123 0.15001 1.24729
2.50203 0.15001 1.68509
2.60541 0.15001 2.27476
2.52164 0.15001 -2.56198
2.35966 0.15001 -2.02354
2.44403 0.15001 -1.51961
2.39631 0.15001 -0.904332
2.48806 0.15001 -0.238114
2.46736 0.15001 0.190717
2.36409 0.15001 0.804527
2.30765 0.15001 1.30721
2.31639 0.15001 2.14947
2.65914 0.15001 2.65873
2.35888 0.15001 -2.25031
2.3897 0.15001 -1.74846
2.18437 0.15001 -1.21105
2.37664 0.15001 -0.587393
2.30953 0.15001 -0.170218
2.23747 0.15001 0.448613
2.19211 0.15001 0.897916
2.31828 0.15001 1.74189
2.314 0.15001 2.35405
2.50514 0.15001 2.78586
2.18636 0.237132 -2.02346
2.11824 0.15001 -1.39432
2.09599 0.15001 -0.897777
2.12894 0.15001 -0.364164
2.11008 0.238555 -0.00225938
2.06156 0.15001 0.54352
2.07426 0.15001 1.25787
2.14047 0.15001 1.83105
2.07826 0.15001 2.41274
2.26761 0.15001 2.73006
2.15137 0.223249 -1.71575
1.98467 0.183258 -1.26461
1.92531 0.15477 -0.824881
1.96257 0.15001 -0.268762
1.88297 0.15001 0.23063
1.79784 0.15001 0.83142
1.89697 0.15001 1.35533
1.92306 0.15001 1.89197
1.82322 0.15001 2.38924
2.06804 0.15001 2.65999
