1000 0.1
-0.458537 2.36242 -0.443541
-0.531152 2.42904 -0.271195
-0.502693 2.36154 -0.0652296
-0.427524 2.29618 0.122012
-0.478079 2.41793 0.346483
-0.461401 2.3122 0.503961
-0.421372 2.42101 0.701684
-0.461472 2.27178 0.906978
-0.490417 2.41326 1.07906
-0.499588 2.30334 1.26121
-0.449577 2.52323 -0.545911
-0.417 2.5714 -0.284835
-0.432017 2.56114 -0.116526
-0.562191 2.54008 0.0619636
-0.58909 2.58423 0.288026
-0.586 2.47905 0.462201
-0.554826 2.60858 0.633574
-0.547577 2.43075 0.869539
-0.476047 2.59213 1.08102
-0.49012 2.48657 1.33587
-0.53269 2.75871 -0.439339
-0.599756 2.71547 -0.222038
-0.595833 2.77086 -0.0447048
-0.443652 2.77794 0.152808
-0.485184 2.72276 0.316812
-0.40439 2.67843 0.528214
-0.515775 2.77154 0.733645
-0.613222 2.6758 0.901543
-0.532814 2.797 1.05635
-0.543488 2.67583 1.23142
-0.401237 2.9534 -0.475658
-0.55839 3.02421 -0.303488
-0.461359 2.95027 -0.134721
-0.441358 2.93535 0.0833307
-0.565687 2.92478 0.274057
-0.503645 2.99077 0.449814
-0.435254 2.93351 0.630319
-0.429976 2.88733 0.817403
-0.492949 3.01609 1.02528
-0.436679 2.87238 1.28403
-0.439925 3.15932 -0.42855
-0.56933 3.2224 -0.235808
-0.504825 3.14211 -0.0817389
-0.61219 3.13372 0.0944993
-0.534556 3.13483 0.263991
-0.403703 3.10961 0.626327
-0.566223 3.17104 0.732089
-0.588487 3.06549 0.889681
-0.520659 3.21313 1.03077
-0.513488 3.06178 1.20208
-0.475247 3.31985 -0.491331
-0.595581 3.41276 -0.33223
-0.35783 3.29263 -0.0152051
-0.397899 3.38624 0.164094
-0.42478 3.30351 0.333719
-0.401629 3.23337 0.509722
-0.463642 3.39747 0.670979
-0.388782 3.23739 0.867538
-0.587924 3.40166 1.05888
-0.524413 3.26012 1.27367
-0.416019 3.50207 -0.461049
-0.519036 3.60943 -0.250591
-0.540242 3.46472 -0.0744206
-0.44771 3.553 0.0860546
-0.611603 3.50575 0.280973
-0.55998 3.42749 0.472191
-0.532992 3.59377 0.70441
-0.523836 3.41859 0.864155
-0.498937 3.59495 1.01685
-0.46148 3.44466 1.23092
-0.490713 3.67062 -0.448298
-0.469604 3.79905 -0.294984
-0.611414 3.65643 -0.0259444
-0.363044 3.71602 0.169865
-0.486027 3.68348 0.334624
-0.397541 3.63196 0.499188
-0.457688 3.80599 0.635713
-0.609205 3.64013 0.87727
-0.487022 3.80848 1.06469
-0.491881 3.64344 1.30713
-0.526464 3.84797 -0.521695
-0.580796 3.97284 -0.245307
-0.565846 3.83624 -0.0684843
-0.579924 3.95794 0.119447
-0.609351 3.90298 0.297904
-0.634171 3.873 0.485482
-0.586021 3.9839 0.679147
-0.546672 3.82859 0.847976
-0.578109 3.99533 1.02156
-0.565486 3.84892 1.24485
-0.477521 4.08219 -0.470658
-0.484489 4.15817 -0.289296
-0.407234 4.18195 -0.107323
-0.457109 4.12534 0.0891317
-0.423001 4.04369 0.307011
-0.493428 4.03771 0.494473
-0.438141 4.14414 0.709426
-0.452353 4.09477 0.924911
-0.479143 4.19233 1.10558
-0.492625 4.07568 1.29244
-0.262964 2.28724 -0.389077
-0.350267 2.21911 -0.240587
-0.325391 2.21873 -0.0506325
-0.187947 2.38468 0.107577
-0.247531 2.27311 0.266643
-0.277509 2.30461 0.44903
-0.241182 2.36917 0.669815
-0.243936 2.27119 0.812734
-0.276616 2.28892 1.04105
-0.29809 2.24327 1.20995
-0.246102 2.42823 -0.54749
-0.297955 2.5555 -0.411235
-0.298077 2.39255 -0.245828
-0.396588 2.44854 0.0201186
-0.358377 2.43828 0.178409
-0.333161 2.52481 0.575436
-0.427459 2.55495 0.823594
-0.351568 2.48609 0.996329
-0.32401 2.69383 1.1181
-0.236314 2.42464 1.38751
-0.276053 2.66668 -0.559872
-0.42705 2.73619 -0.308415
-0.283302 2.59589 -0.0401583
-0.154081 2.72014 0.167578
-0.329454 2.55278 0.2869
-0.170072 2.58795 0.464257
-0.260508 2.70186 0.623239
-0.203367 2.55651 0.897798
-0.331882 2.86685 1.1453
-0.295562 2.66233 1.34941
-0.229024 2.84441 -0.509539
-0.314625 2.86879 -0.337901
-0.266827 2.74501 -0.141577
-0.280535 2.83408 0.19145
-0.399796 2.84535 0.402493
-0.296938 2.99742 0.539307
-0.256906 2.86813 0.750551
-0.269981 2.73109 0.92532
-0.338957 3.0476 1.22443
-0.229014 2.84998 1.32311
-0.230919 3.12988 -0.591809
-0.36614 3.03643 -0.330081
-0.3052 2.98439 -0.17914
-0.369874 3.04679 -0.0360036
-0.343324 3.04732 0.145334
-0.207084 3.13198 0.608961
-0.420308 3.05225 0.842246
-0.347184 2.91984 0.985189
-0.301269 3.25083 1.2036
-0.252328 3.06237 1.41258
-0.311353 3.31373 -0.593114
-0.261191 3.17332 -0.324981
-0.219886 3.29031 -0.132341
-0.248332 3.47822 0.0825199
-0.282946 3.26163 0.250833
-0.140742 3.34629 0.423927
-0.305978 3.49298 0.648127
-0.205798 3.29482 0.832793
-0.290975 3.42492 1.212
-0.35271 3.25445 1.37594
-0.243923 3.47254 -0.502317
-0.412839 3.3486 -0.340833
-0.393775 3.45374 -0.197092
-0.28427 3.65087 0.0344822
-0.44546 3.51928 0.35399
-0.373924 3.40172 0.475084
-0.373995 3.64709 0.786308
-0.298935 3.45564 1.02212
-0.357231 3.59053 1.20081
-0.272473 3.48351 1.38627
-0.246566 3.69241 -0.431662
-0.297326 3.80987 -0.30608
-0.26332 3.62813 -0.127588
-0.140383 3.78272 0.0434219
-0.337613 3.84043 0.296359
-0.257511 3.70044 0.452878
-0.170761 3.76054 0.661081
-0.194346 3.59297 0.902754
-0.287042 3.8641 1.153
-0.264294 3.72876 1.27426
-0.250297 3.8894 -0.583728
-0.422565 3.99266 -0.344418
-0.378599 3.74141 -0.140153
-0.419828 3.92028 -0.0366159
-0.299648 3.98778 0.174106
-0.320938 3.88399 0.645323
-0.42122 3.9599 0.832254
-0.343943 3.77675 0.952696
-0.366577 4.02936 1.20352
-0.251972 3.87586 1.42068
-0.289212 4.04912 -0.457334
-0.218047 4.14259 -0.257546
-0.205571 4.0454 -0.0927317
-0.250967 4.1532 0.131362
-0.302021 4.20982 0.304377
-0.251628 4.25753 0.478894
-0.262224 4.15237 0.633898
-0.215148 4.01007 0.897281
-0.247909 4.16526 1.00697
-0.287035 4.0639 1.36175
-0.0757678 2.34337 -0.4632
-0.0426065 2.40773 -0.209145
-0.0574096 2.32993 -0.0244291
-0.0180532 2.21907 0.134834
-0.109911 2.44594 0.384246
-0.100789 2.20947 0.502437
-0.104081 2.2469 0.708467
-0.0550206 2.24591 0.911143
-0.096345 2.40372 1.08763
-0.104342 2.29612 1.27452
-0.0865308 2.53261 -0.551372
-0.185761 2.55494 -0.242863
-0.119171 2.6881 -0.0935905
-0.239354 2.55527 0.114997
-0.147731 2.63736 0.305421
0.0299277 2.54482 0.578405
-0.249361 2.56666 0.721908
-0.00485922 2.4911 0.961775
-0.199041 2.55628 1.09838
-0.0541915 2.53122 1.31236
-0.0710935 2.79216 -0.597781
0.0355339 2.61148 -0.244368
-0.0285854 2.86069 -0.0583889
-0.0191298 2.6782 0.0784469
-0.0451064 2.84106 0.262308
-0.00925919 2.72798 0.446929
-0.124923 2.80514 0.592591
0.0396109 2.67619 0.814261
-0.0965227 2.69698 0.940014
-0.131066 2.6926 1.44298
-0.0924889 3.00205 -0.541238
-0.137773 2.86295 -0.23856
-0.112752 3.09078 -0.0717818
-0.11167 2.93798 0.147234
-0.15726 3.06392 0.284172
-0.215961 2.84814 0.414489
-0.105255 3.03129 0.683303
0.0161074 2.86226 0.874729
-0.174597 2.9088 1.03238
-0.0371701 2.86738 1.37119
-0.044311 3.17339 -0.507072
-0.17043 3.03532 -0.252476
-0.0344291 3.22649 -0.155188
-0.247511 3.13529 0.0316621
-0.0853062 3.20834 0.353582
-0.0957237 3.03776 0.449183
-0.232243 3.11454 0.783183
-0.115183 3.05016 0.94172
-0.15231 3.17855 1.08235
-0.0771841 3.08579 1.27329
-0.0702615 3.31963 -0.339084
-0.0723832 3.38941 -0.183155
0.0319593 3.2922 0.012411
-0.130245 3.23726 0.172459
-0.0424705 3.45388 0.33984
0.0758927 3.31004 0.490323
-0.181158 3.30295 0.593488
-0.0242903 3.23056 0.812846
-0.198245 3.31882 0.999642
-0.0649862 3.26786 1.2014
-0.0736932 3.50976 -0.576516
-0.221276 3.55816 -0.349437
-0.218705 3.47175 -0.15583
-0.0909501 3.45479 -0.0120063
-0.284606 3.54374 0.237325
-0.14086 3.45742 0.643436
-0.220736 3.45668 0.81469
-0.0351482 3.44884 0.931413
-0.179242 3.68666 1.05365
-0.0858883 3.41785 1.39877
-0.0261864 3.68379 -0.635781
-0.131234 3.74341 -0.149018
-0.0221532 3.64236 0.0393026
0.0108701 3.69471 0.201915
-0.151066 3.69251 0.330776
0.0137553 3.60607 0.498094
-0.009009 3.86467 0.681535
-0.0255854 3.58218 0.820177
-0.0496833 3.83741 1.05498
-0.0486763 3.61961 1.4178
-0.0604285 3.85705 -0.580021
-0.161637 3.89353 -0.359616
-0.0714621 4.0157 -0.214598
-0.241225 3.94133 0.0276834
-0.113 3.83744 0.201404
-0.100469 3.76401 0.499193
-0.211131 3.9425 0.745707
-0.189059 3.76502 0.848959
-0.185533 3.99551 1.17771
-0.097458 3.78569 1.30478
-0.126034 4.16661 -0.436441
-0.0326308 4.19748 -0.235535
-0.0807361 4.25164 -0.0493482
-0.0451591 4.08114 0.146589
-0.118928 4.0748 0.323589
-0.0379132 4.07782 0.52123
-0.0982713 4.11793 0.718641
-0.049614 4.25123 0.871192
-0.0647138 4.23846 1.06188
-0.108178 4.13835 1.2319
0.0904938 2.35917 -0.464466
0.108311 2.28674 -0.251033
0.09035 2.20759 -0.0835075
0.162837 2.34672 0.14306
0.0449299 2.29945 0.284461
0.18457 2.33021 0.421434
0.0402766 2.37311 0.624512
0.126684 2.22474 0.783465
0.144377 2.39925 0.974359
0.096136 2.22781 1.22004
0.107482 2.55881 -0.55348
-0.0401013 2.48512 -0.388671
0.112679 2.4753 -0.226149
0.042381 2.53347 -0.0833018
-0.0518891 2.46447 0.179781
0.199813 2.52152 0.634602
-0.0890511 2.49955 0.783855
0.163206 2.5603 1.00632
-0.0313173 2.65129 1.17595
0.121349 2.45528 1.37067
0.115026 2.76224 -0.390444
0.175819 2.74076 -0.177386
0.135054 2.70414 0.00287861
0.121305 2.84031 0.190996
0.0664952 2.59565 0.307607
0.162314 2.8322 0.552565
0.0453251 2.7027 0.637078
0.20312 2.81448 0.891595
0.0479891 2.83011 1.03954
0.171776 2.71814 1.27337
0.124939 2.93773 -0.370857
0.0371964 2.86341 -0.215353
0.17076 2.8846 -0.094767
0.216207 3.00531 0.183378
0.120329 2.77296 0.364978
-0.0295913 2.93175 0.57037
0.233595 2.96885 0.617784
0.173678 2.97126 0.786265
-0.0668342 3.02213 1.10406
0.0826313 2.90745 1.2519
0.114373 3.04844 -0.57542
-0.0563104 3.04193 -0.377869
0.12613 3.03053 -0.178608
0.048561 3.06055 -0.00306992
0.0164661 3.06495 0.171584
0.0888609 3.06251 0.413388
0.118606 3.21823 0.73726
0.0587533 3.09307 0.860639
0.0903927 3.19544 1.21263
0.0956648 3.0502 1.38883
0.105094 3.33796 -0.396269
0.0737484 3.42882 -0.254966
0.213348 3.20221 -0.0530529
0.0421838 3.2532 0.17776
0.111542 3.39403 0.244517
0.210066 3.27764 0.612591
-0.014241 3.34853 0.650055
0.187016 3.31365 0.866471
-0.0243705 3.43642 1.11531
0.198699 3.32228 1.29816
0.158439 3.5006 -0.479299
0.0297674 3.61855 -0.333741
0.125793 3.41004 -0.0931651
0.184056 3.4274 0.0658094
-0.0140323 3.52675 0.181574
0.119172 3.48583 0.523639
0.0157811 3.54485 0.667329
0.238095 3.49252 0.817401
0.0199244 3.61601 1.13166
0.0684167 3.4774 1.29716
0.171607 3.69845 -0.411793
0.0391735 3.7343 -0.189784
0.159869 3.58638 -0.0121911
0.174803 3.76494 0.161924
0.0906655 3.75762 0.341669
0.232547 3.66431 0.431347
0.146642 3.84896 0.572234
0.129063 3.64512 0.751003
0.142073 3.70855 0.999323
0.152075 3.68606 1.22791
0.118485 3.95549 -0.569388
-0.0037393 3.90133 -0.419394
0.141387 3.89444 -0.180462
-0.0605985 3.92124 0.0557994
0.107945 3.95019 0.367725
-0.0194063 3.91113 0.523278
0.0512138 4.04011 0.686189
0.00305226 3.81854 0.875611
-0.00543474 4.0002 1.1236
0.0834619 3.86294 1.36399
0.0790093 4.12323 -0.429459
0.141084 4.08247 -0.204154
0.101825 3.97653 -0.0235155
0.168714 4.14079 0.113019
0.0412514 4.21544 0.308405
0.146256 4.18808 0.471633
0.175852 4.20471 0.66312
0.0989136 4.02574 0.915186
0.160989 4.15785 1.10658
0.100587 4.06391 1.29773
0.342275 2.42756 -0.452613
0.320662 2.27939 -0.213858
0.318392 2.47472 -0.0664134
0.340498 2.34767 0.0664887
0.291595 2.21734 0.273272
0.363627 2.26587 0.503962
0.213639 2.39216 0.759354
0.315363 2.24062 0.932607
0.319716 2.40879 1.13467
0.299308 2.28587 1.25859
0.293094 2.57491 -0.600029
0.192666 2.42694 -0.356949
0.258492 2.6063 -0.148786
0.18266 2.53201 0.104922
0.179231 2.48935 0.377415
0.363501 2.5048 0.504016
0.353207 2.5231 0.701673
0.317427 2.44059 0.949108
0.175933 2.54892 1.23705
0.302467 2.48675 1.42556
0.294783 2.71011 -0.483042
0.298236 2.54927 -0.323987
0.295046 2.76423 -0.0319147
0.364662 2.57464 0.0503967
0.285779 2.6103 0.211795
0.282333 2.73537 0.343792
0.198242 2.67837 0.769953
0.353259 2.65185 0.926538
0.207059 2.69374 1.08069
0.342634 2.69079 1.28146
0.273551 2.95522 -0.561592
0.410056 2.81834 -0.399835
0.285524 3.02172 -0.128758
0.379585 2.91884 0.263026
0.252824 2.91919 0.405199
0.401633 2.95295 0.545975
0.340612 2.75942 0.633532
0.369833 2.8317 0.852444
0.21341 2.83332 1.15593
0.314469 2.91765 1.40873
0.28699 3.16061 -0.571747
0.126751 3.10804 -0.413025
0.304199 3.17053 -0.224434
0.359352 3.19908 0.0187595
0.313481 3.06641 0.292952
0.218232 3.19051 0.438536
0.300853 3.25444 0.771071
0.279655 2.99285 0.934546
0.241819 3.21583 1.09556
0.289452 3.09747 1.29538
0.285554 3.32029 -0.419569
0.206055 3.31871 -0.263692
0.292655 3.48085 -0.0816155
0.343198 3.36843 0.149646
0.253988 3.25186 0.26786
0.32731 3.37058 0.400825
0.387656 3.31395 0.57982
0.364017 3.17039 0.954137
0.171483 3.38379 1.04676
0.343692 3.33183 1.16975
0.319467 3.54857 -0.60327
0.337517 3.49092 -0.436697
0.221511 3.60163 -0.278191
0.395277 3.52182 0.0586521
0.198696 3.46907 0.377972
0.32735 3.5432 0.509215
0.374941 3.42123 0.746678
0.301202 3.50293 1.06
0.252457 3.54331 1.26342
0.311476 3.47227 1.43473
0.344989 3.73658 -0.448809
0.256913 3.83985 -0.292729
0.328583 3.76668 -0.105114
0.308206 3.63388 0.199096
0.248743 3.8783 0.272877
0.342526 3.71329 0.64129
0.257826 3.7872 0.796226
0.308982 3.67803 0.959526
0.33043 3.87524 1.11932
0.336593 3.72117 1.26419
0.306168 3.91405 -0.612692
0.155456 3.98369 -0.384292
0.325138 3.96628 -0.175235
0.232721 3.85328 -0.000946946
0.353396 4.02648 0.273099
0.251744 3.8351 0.447836
0.349097 3.93751 0.816505
0.204126 3.87243 0.974141
0.189458 3.99349 1.17254
0.292388 3.90202 1.43744
0.305557 4.06688 -0.448261
0.322751 4.19939 -0.302127
0.250671 4.18662 -0.109671
0.355497 4.10226 0.054739
0.240658 4.17882 0.275964
0.346362 3.98383 0.514542
0.35298 4.12917 0.663669
0.260413 4.11072 0.856285
0.330083 4.2026 1.00172
0.323753 4.10986 1.27503
0.473754 2.29994 -0.462532
0.493136 2.30823 -0.273059
0.429968 2.22426 -0.0762121
0.502813 2.32433 0.188491
0.478803 2.42702 0.364971
0.516552 2.45381 0.55084
0.392426 2.28487 0.706392
0.507611 2.18816 0.876973
0.485619 2.48269 0.999832
0.502064 2.21618 1.25351
0.462752 2.46984 -0.575543
0.617739 2.53242 -0.343334
0.577169 2.43389 -0.145557
0.574016 2.51912 0.0182505
0.554376 2.61146 0.266551
0.510374 2.6604 0.425451
0.595 2.51661 0.702796
0.532378 2.36072 0.795098
0.586747 2.61716 1.09832
0.489703 2.40722 1.37684
0.493006 2.63108 -0.384814
0.479784 2.71348 -0.186383
0.474195 2.70671 0.000853867
0.47303 2.83801 0.138168
0.439653 2.77602 0.307884
0.427189 2.80334 0.47635
0.442435 2.62219 0.591013
0.466428 2.72256 0.739067
0.481476 2.77442 0.958866
0.492241 2.6696 1.21823
0.463918 2.95141 -0.50927
0.512245 2.99702 -0.301406
0.382514 2.89398 -0.206237
0.526025 2.89853 -0.0647296
0.548792 2.97943 0.329686
0.60755 2.96161 0.503045
0.523633 2.90986 0.810606
0.441686 3.02229 1.00848
0.538442 2.82807 1.18815
0.512412 2.95351 1.35885
0.611574 3.09896 -0.411554
0.600658 3.12905 -0.193017
0.436117 3.05121 -0.0389651
0.479795 3.02298 0.136926
0.511378 3.17262 0.359289
0.349114 3.11267 0.506343
0.394126 3.09258 0.673035
0.551312 3.08854 0.832381
0.571704 3.20463 0.971948
0.475633 3.07198 1.15014
0.499415 3.23352 -0.395577
0.411724 3.33029 -0.135744
0.464941 3.32526 0.0365655
0.58475 3.18893 0.149923
0.440453 3.31577 0.27484
0.515995 3.17999 0.559287
0.557957 3.47662 0.649942
0.472286 3.254 0.739581
0.627865 3.36769 1.11473
0.496632 3.22149 1.25414
0.508489 3.42672 -0.563036
0.483308 3.40227 -0.383903
0.646861 3.45373 -0.127986
0.541244 3.62713 0.0988998
0.357003 3.49094 0.262459
0.485609 3.36674 0.439811
0.551991 3.65111 0.662097
0.441529 3.38344 0.890166
0.425021 3.63309 1.06136
0.489805 3.40445 1.33058
0.512393 3.64516 -0.386076
0.373292 3.67381 -0.240977
0.437674 3.61249 -0.0785453
0.437683 3.79694 0.146724
0.548854 3.62689 0.326389
0.517278 3.54357 0.504472
0.535901 3.85482 0.62943
0.431279 3.57983 0.862833
0.502632 3.84617 0.992287
0.493543 3.60444 1.22521
0.49061 3.85944 -0.618629
0.621324 3.91349 -0.29004
0.534202 3.77077 -0.0791341
0.386457 3.91964 0.00153313
0.624972 3.80994 0.318859
0.405857 3.73167 0.445623
0.498156 4.03832 0.633753
0.476989 3.77878 0.798307
0.62892 4.0228 1.07869
0.521064 3.82432 1.36152
0.492185 4.03168 -0.494528
0.49657 4.24909 -0.245185
0.473956 4.05321 -0.0636594
0.522445 4.16938 0.131938
0.542555 3.99461 0.321855
0.519055 4.25952 0.540487
0.525598 4.20703 0.752353
0.462788 3.99978 0.961026
0.486225 4.23289 1.13059
0.493391 4.03687 1.29822
0.700355 2.4261 -0.427817
0.693221 2.38084 -0.239594
0.685279 2.23605 -0.116042
0.674173 2.3677 0.0841436
0.766456 2.35414 0.238978
0.699851 2.28822 0.444152
0.684015 2.35915 0.629254
0.697667 2.27926 0.889778
0.645271 2.38007 1.0928
0.707857 2.30731 1.24358
0.638606 2.60531 -0.55478
0.817394 2.56232 -0.428998
0.722992 2.59771 -0.222352
0.778661 2.52344 -0.0767008
0.646148 2.45991 0.413226
0.640936 2.60087 0.545859
0.848817 2.47745 0.799481
0.708168 2.54236 1.02244
0.809249 2.64473 1.23202
0.664151 2.54776 1.39741
0.732174 2.75724 -0.466982
0.645114 2.70609 -0.32649
0.643411 2.80543 -0.117927
0.650985 2.7284 0.0865172
0.745326 2.56324 0.225866
0.620114 2.78319 0.609549
0.673466 2.70578 0.754217
0.664738 2.73215 0.922897
0.780686 2.86116 1.07632
0.61942 2.74282 1.32309
0.634599 2.92229 -0.405459
0.774873 2.87595 -0.243928
0.685803 3.03805 -0.088638
0.610739 2.91796 0.156879
0.654569 2.72598 0.295415
0.757128 2.91926 0.424049
0.683154 2.98906 0.673584
0.607223 2.92428 0.961868
0.849475 3.03586 1.13072
0.690069 2.92056 1.24197
0.730503 3.16275 -0.578848
0.840872 3.04861 -0.411488
0.772041 3.11861 -0.24336
0.75148 3.20128 0.112764
0.699612 3.26863 0.27569
0.667844 3.08908 0.363808
0.698076 3.13032 0.762934
0.720555 3.09821 1.00781
0.712764 3.24018 1.20111
0.660802 3.11837 1.40898
0.675322 3.39724 -0.461481
0.654724 3.48399 -0.298416
0.611534 3.30194 -0.17823
0.670264 3.34881 0.00822104
0.616872 3.40743 0.335548
0.629412 3.36238 0.537312
0.730862 3.30879 0.66932
0.597349 3.35672 0.925462
0.80519 3.44758 1.10693
0.644372 3.35672 1.3004
0.687976 3.59228 -0.525903
0.787498 3.65236 -0.367998
0.816509 3.45868 -0.216488
0.676763 3.53212 0.0298692
0.819967 3.5003 0.381535
0.660096 3.64106 0.504331
0.702429 3.43038 0.827301
0.691699 3.57775 1.00637
0.763599 3.66925 1.17642
0.720342 3.5039 1.33681
0.680523 3.79936 -0.426132
0.633561 3.72649 -0.216596
0.726063 3.8459 -0.00743733
0.618735 3.8564 0.147921
0.795217 3.79871 0.2761
0.587164 3.79407 0.480494
0.705648 3.73159 0.6574
0.638717 3.69062 0.850017
0.682004 3.78234 1.04542
0.628375 3.72565 1.2802
0.676544 3.98113 -0.587196
0.825512 3.96216 -0.421563
0.758951 3.9415 -0.209278
0.595878 4.01215 0.0385856
0.812771 3.96327 0.363332
0.549442 3.96939 0.482855
0.834585 3.95979 0.825133
0.769142 3.94902 1.01259
0.799268 3.99598 1.20849
0.708368 3.94498 1.42396
0.705072 4.13938 -0.435505
0.66078 4.165 -0.253856
0.677581 4.1069 -0.0786556
0.705642 4.16742 0.170569
0.668071 4.20491 0.344756
0.738052 4.09322 0.48538
0.69826 4.16197 0.660509
0.647624 4.05259 0.825722
0.647327 4.19388 0.999116
0.683031 4.11996 1.27095
0.900483 2.26964 -0.443919
0.816224 2.26855 -0.253451
0.89881 2.23448 -0.0635336
0.789923 2.21964 0.114929
0.939643 2.24492 0.306003
0.875399 2.18172 0.534074
0.824467 2.30486 0.715016
0.878625 2.16757 0.872285
0.881247 2.31638 1.06518
0.897412 2.22173 1.25274
0.858548 2.43079 -0.546375
0.935792 2.43411 -0.36899
0.963134 2.49762 -0.00423058
1.02137 2.57806 0.163149
0.975113 2.45984 0.31712
0.853421 2.35536 0.430118
1.00608 2.52633 0.656618
0.871542 2.35163 0.900132
0.996427 2.50279 1.15152
0.843368 2.4207 1.33412
0.907758 2.68764 -0.607729
0.90674 2.54762 -0.19785
0.819144 2.67886 0.029876
0.873954 2.81647 0.191271
0.897441 2.65475 0.307152
0.753563 2.66724 0.448159
0.830842 2.77519 0.627905
0.860788 2.64832 0.814008
0.88292 2.58761 0.998393
0.898111 2.63256 1.40432
0.79514 2.89981 -0.536748
0.928722 2.73589 -0.267737
0.872685 2.85891 0.015719
0.758698 2.97868 0.206729
0.8957 2.8147 0.379938
1.04044 3.01753 0.480125
0.830423 2.95864 0.571191
0.811755 2.81879 0.784049
0.947134 2.84421 1.02091
0.863945 2.81178 1.29665
0.897992 3.05801 -0.569207
0.993673 2.92785 -0.343728
0.941661 3.05451 -0.0996552
0.891211 3.09577 0.0836025
0.927965 2.98347 0.288005
0.84936 3.13354 0.616976
0.985582 3.04634 0.745214
0.859044 2.95668 0.908044
1.03523 3.02379 1.10796
0.840083 3.01359 1.35425
0.862368 3.23354 -0.407733
0.823743 3.29466 -0.199403
0.807583 3.20614 -0.0435965
0.897496 3.28075 0.133638
0.921473 3.19257 0.33896
0.745968 3.24215 0.458667
0.908636 3.33984 0.593157
0.837171 3.21282 0.77491
0.878623 3.24778 0.965997
0.885222 3.19798 1.22451
0.866372 3.41861 -0.532036
1.04281 3.4313 -0.313603
0.92123 3.44904 -0.0253171
0.818483 3.46836 0.218299
1.06242 3.54469 0.293747
0.959078 3.39686 0.416968
0.981648 3.51597 0.588919
0.899911 3.4137 0.909428
1.00703 3.51631 1.15607
0.90762 3.41412 1.38634
0.864291 3.64491 -0.606371
0.905931 3.59286 -0.194429
0.816994 3.58899 -0.0231651
0.746161 3.64856 0.146982
0.939018 3.66994 0.310662
0.848049 3.58435 0.513212
0.874886 3.66922 0.691254
0.795307 3.56095 0.829498
0.929182 3.66871 1.03558
0.824311 3.63379 1.35322
0.846369 3.83487 -0.546999
0.950447 3.77887 -0.348944
0.855543 3.78004 -0.191053
0.882734 3.79361 0.00175553
0.941155 3.87579 0.195001
0.767757 3.76592 0.503483
0.999097 3.89842 0.74073
0.837036 3.75496 0.918529
0.997991 3.84207 1.09292
0.864488 3.80237 1.27374
0.921763 4.09187 -0.457575
0.907732 4.01471 -0.226832
0.862775 4.25965 -0.0630865
0.925878 4.03011 0.0883322
0.860845 4.12068 0.247144
0.958177 4.00741 0.466057
0.864829 4.09699 0.710839
0.90981 4.21762 0.900249
0.817781 4.15923 1.11388
0.938205 4.04094 1.2868
1.08738 2.4061 -0.436171
1.12449 2.3904 -0.259948
1.08536 2.39493 -0.0704932
0.97798 2.41082 0.145492
1.1497 2.39559 0.331123
1.0214 2.46859 0.486587
1.08836 2.37504 0.658769
1.06127 2.42099 0.836795
1.1244 2.4078 1.02633
1.07451 2.38046 1.2717
1.07195 2.58786 -0.551953
1.11843 2.66032 -0.39488
1.11256 2.57169 -0.227876
1.17722 2.65078 -0.0345417
1.23269 2.55813 0.179359
1.12211 2.61565 0.580722
1.22987 2.61595 0.818097
1.09263 2.59788 1.01931
1.16557 2.66677 1.17337
1.06551 2.58046 1.36712
1.0274 2.79996 -0.435402
1.15647 2.8499 -0.293042
0.941668 2.69832 -0.096388
1.03713 2.83348 0.0466882
1.06602 2.72892 0.211569
0.982588 2.73661 0.510582
1.04031 2.84986 0.774326
0.979096 2.73508 0.899976
1.13129 2.86003 1.13401
1.04586 2.78379 1.26944
1.05893 3.00753 -0.520168
1.21817 3.02918 -0.32794
1.01902 2.91495 -0.169105
1.10421 3.01515 -0.0612679
1.19028 2.84383 0.24391
1.1738 2.81397 0.500504
1.13342 3.03838 0.845656
1.12189 2.92336 0.965754
1.20653 3.05256 1.13219
1.0785 2.98238 1.36847
1.0306 3.21255 -0.503554
1.17894 3.26158 -0.345122
1.07994 3.17591 -0.164433
1.20796 3.20544 0.0835391
1.07475 3.22615 0.247498
1.03913 3.19346 0.620363
1.22817 3.21876 0.726829
1.00316 3.14224 0.962746
1.16813 3.25868 1.19829
1.01089 3.18704 1.35328
1.0558 3.39951 -0.580265
1.20889 3.43121 -0.242066
0.993068 3.32601 -0.178697
1.13432 3.43016 -0.00880249
1.02976 3.38915 0.194805
1.08348 3.37772 0.574103
1.07246 3.47048 0.733372
1.07301 3.37706 0.891429
1.16074 3.46085 1.04328
1.05219 3.38533 1.24474
1.01976 3.59211 -0.488599
1.18988 3.5824 -0.360986
1.06113 3.67652 -0.188807
1.11281 3.60586 0.00242346
1.26123 3.56206 0.316099
1.07287 3.63655 0.511872
1.18049 3.62357 0.843331
1.07472 3.59572 0.992037
1.18595 3.64521 1.16914
1.06765 3.57331 1.3889
1.07156 3.80428 -0.484681
1.15074 3.86332 -0.28753
1.05342 3.82565 -0.0398903
1.00127 3.72664 0.131605
1.11578 3.86158 0.311893
1.00808 3.8566 0.47598
1.05784 3.74556 0.642242
1.03205 3.78221 0.85704
1.1807 3.8605 1.1343
1.05638 3.79385 1.29596
1.02484 3.99231 -0.57695
1.19804 4.0349 -0.363293
1.1818 3.98846 -0.181146
1.13691 4.00093 0.000483425
1.18138 3.99142 0.201073
1.06834 4.00079 0.636345
1.21342 3.98737 0.814049
1.03048 3.97613 0.946878
1.17096 4.02872 1.11943
1.03958 3.9706 1.40818
1.10603 4.18847 -0.48163
1.00767 4.17051 -0.248267
1.05843 4.23034 -0.0582061
1.1085 4.14904 0.162608
1.00419 4.19779 0.328205
1.12928 4.24291 0.478674
1.03077 4.17301 0.641682
1.12271 4.25302 0.841391
1.0023 4.18616 1.03563
1.13405 4.16926 1.29918
1.25678 2.30257 -0.493234
1.21856 2.24544 -0.30076
1.27195 2.28044 -0.103112
1.1999 2.24261 0.0970014
1.27751 2.28861 0.298047
1.21697 2.22739 0.498948
1.26022 2.3087 0.699585
1.24091 2.21931 0.896692
1.25386 2.31123 1.08926
1.27207 2.24962 1.28234
1.33687 2.48672 -0.505472
1.38068 2.42517 -0.234144
1.32019 2.53089 -0.0555136
1.36364 2.46073 0.123071
1.42463 2.48255 0.301235
1.3603 2.40623 0.491036
1.37911 2.53281 0.678734
1.32459 2.40863 0.87613
1.38374 2.53215 1.08294
1.33919 2.43574 1.31997
1.23812 2.66965 -0.523863
1.30662 2.65042 -0.282483
1.43892 2.68736 -0.12732
1.26938 2.71942 0.170168
1.27395 2.68589 0.345455
1.26019 2.67183 0.513111
1.38356 2.74429 0.617642
1.4049 2.61071 0.880995
1.25165 2.73945 1.02873
1.27217 2.63487 1.31508
1.29005 2.86689 -0.460021
1.35058 2.8816 -0.236431
1.35427 2.8512 -0.0499402
1.24829 2.90188 0.0731818
1.41444 2.91658 0.305282
1.33549 2.9353 0.489618
1.22832 2.9079 0.649094
1.27712 2.80026 0.871725
1.39567 2.93575 1.08527
1.31734 2.8355 1.30065
1.22491 3.0786 -0.499428
1.4047 3.0684 -0.253369
1.26384 3.08406 -0.0690915
1.38788 3.05883 0.10158
1.25186 3.07589 0.28571
1.20699 3.07505 0.52349
1.42217 3.09849 0.675247
1.32564 2.99899 0.842562
1.37052 3.13842 1.01786
1.25596 3.0544 1.31317
1.26324 3.2656 -0.545895
1.35862 3.24979 -0.358054
1.19951 3.2659 -0.0766244
1.32438 3.30309 0.185259
1.18709 3.32245 0.321103
1.20214 3.25215 0.484704
1.26411 3.35175 0.631591
1.23441 3.19063 0.906565
1.27293 3.31908 1.06336
1.32831 3.23148 1.30959
1.25936 3.44298 -0.445483
1.37484 3.45383 -0.244352
1.43037 3.44716 -0.0587004
1.29006 3.4639 0.0925232
1.43177 3.46966 0.308874
1.3377 3.41124 0.496653
1.3409 3.50957 0.718589
1.37696 3.39435 0.920372
1.40798 3.51872 1.10715
1.24784 3.43182 1.31419
1.30624 3.6493 -0.501497
1.2677 3.7234 -0.269894
1.3918 3.62718 -0.105882
1.21127 3.66537 0.143956
1.28234 3.74351 0.296094
1.28182 3.65026 0.457564
1.27735 3.68774 0.630974
1.35825 3.60722 0.85642
1.30674 3.73593 1.0573
1.3185 3.63741 1.28267
1.24834 3.85191 -0.56195
1.42243 3.87644 -0.250723
1.30939 3.79883 -0.0907009
1.37151 3.86364 0.0899968
1.43634 3.90658 0.307727
1.31855 3.8292 0.546187
1.42744 3.92967 0.718694
1.2378 3.78475 0.883368
1.41249 3.92383 1.04361
1.27108 3.82543 1.33126
1.29257 4.07579 -0.489587
1.3591 4.06263 -0.286534
1.23106 4.13701 -0.111197
1.2941 4.06317 0.0965835
1.28239 4.12362 0.322328
1.31479 4.04582 0.489666
1.24683 4.11434 0.679442
1.32607 4.0467 0.917722
1.28452 4.15387 1.11885
1.32401 4.05151 1.29828
