1000 0.1
-1.00112 0.82028 -0.559575
-0.969496 0.776152 -0.378498
-1.31197 0.683741 -0.0688545
-0.518111 0.592464 0.570891
-2.57645 0.41981 2.26934
-2.13917 0.151893 2.49612
-1.9818 0.344134 2.83551
0.219739 0.364941 1.61932
-1.46717 0.279842 1.98842
-1.59464 0.542 2.77817
-0.50714 0.841408 -0.701478
-1.10844 0.796716 -0.754857
-1.08366 0.764072 -0.223152
-1.14706 0.802252 -0.401035
-1.64998 0.57551 0.427226
-1.21022 0.554034 0.768617
-1.23627 0.610055 0.406491
-1.12033 0.450147 1.2266
-0.513351 1.68644 2.27492
-0.909949 0.287045 1.81684
-1.25416 0.758809 -0.249106
-1.71634 0.485486 1.03832
-1.28719 0.591552 0.587754
-2.85446 0.180172 2.3934
-1.07521 0.677076 0.321658
-1.11213 0.504892 0.901217
-1.03914 0.612522 0.505628
-1.44381 0.442359 1.29404
-1.89978 0.5069 0.697835
-1.30924 0.374253 1.58636
-0.380632 0.988683 -1.42421
-1.65771 0.741165 -0.313618
-1.26979 0.792849 -0.516641
-1.11249 1.4817 -1.01685
-1.19984 0.688183 0.199581
-2.29041 0.309397 1.96147
-1.5696 0.92767 2.43658
-0.187015 0.204613 2.51092
-0.629659 0.302062 2.43445
-0.406358 0.532668 1.93201
-0.85521 0.868661 -0.661993
-2.84973 0.338446 2.53938
-2.20538 1.57537 -0.702223
-1.83259 0.548413 0.457287
-1.89066 0.705188 -0.0675941
-1.87943 0.205263 2.48079
-1.8004 0.422789 1.3599
-1.55127 0.508479 0.83382
-0.733351 0.584322 0.783664
-1.06575 0.356373 1.76801
-0.292713 0.910327 -0.851448
-1.46632 0.911702 -1.00937
-0.280273 1.1088 -0.167049
-1.06707 0.608585 0.683645
-2.0758 0.631251 0.82633
-0.6209 3.59813 -1.99733
-1.33948 0.527606 0.907274
-2.25124 1.71935 1.99748
-2.16434 0.48414 1.18315
-1.63787 0.35155 1.74997
-1.39886 0.810383 -0.643601
-1.5322 0.903962 1.26073
0.572394 0.236758 2.78164
-0.259948 0.703422 0.0588581
-1.97885 0.621661 0.364375
-1.80314 0.515532 2.82187
-0.78849 0.72005 0.0937313
-0.282559 0.620606 0.563733
-2.13577 1.23924 0.569069
-0.51075 0.44179 1.37022
-1.99693 0.731355 0.738724
-1.30186 0.915734 -0.895886
-1.57046 0.680301 0.279641
-1.93538 0.93981 2.70282
-0.889574 2.43859 0.59195
-0.573597 0.644421 0.415457
-1.52131 0.666873 0.0939308
-1.95951 0.471646 0.990679
0.0762912 2.21268 2.5024
-1.12027 0.24687 2.09424
0.0845008 1.02515 -1.04005
-1.74443 0.442706 2.09879
-1.8705 0.783459 -0.241244
-2.11404 0.290843 2.03442
-2.25611 1.03794 -0.629674
-1.553 0.521461 0.661457
-1.91243 0.15001 2.68184
-2.17226 0.514965 0.846533
-1.38883 0.532028 0.714376
-0.617792 0.495263 1.08246
-0.423849 0.932145 -1.02673
-0.566525 0.81471 -0.536928
-0.870203 0.946839 0.441931
-2.12414 0.93729 1.5936
-1.23963 0.40138 2.84999
-1.53687 1.14634 2.77797
-2.33439 0.16802 2.33666
0.121692 0.300751 1.96665
-2.7542 0.6235 2.34441
-1.6575 0.299982 2.11553
-1.59042 2.44591 -1.23169
-0.914418 0.606602 0.388802
-2.19378 1.85384 1.08243
-0.946903 0.732551 -0.127448
-0.303349 0.662079 0.232046
2.00023 3.75579 1.9873
-0.443214 0.506473 1.01238
-0.94528 0.337758 1.97791
-2.69575 0.552467 2.68297
-0.803503 0.473677 1.21152
-1.10645 0.935454 -0.254999
-0.737107 0.915135 -1.11044
-0.645803 0.75699 -0.227472
-1.98133 0.799518 -0.569416
-2.55765 0.478201 2.48194
-0.939811 0.53381 0.897411
-1.5737 0.46015 1.16265
-0.474192 0.303771 1.83854
-2.51089 0.163989 2.34259
0.443616 0.227827 2.10687
-0.338942 0.941716 -1.19878
-1.39239 0.660444 0.275202
-2.399 2.47746 1.94652
0.251314 0.704237 0.0557864
-0.683982 0.619366 0.620377
1.12044 0.435555 2.50473
0.3231 0.513707 0.819144
-0.373869 0.50594 1.17901
-1.38535 1.19842 2.70723
-2.7217 0.15001 2.57187
0.0602854 0.820005 -0.608975
-0.255828 0.900121 -1.01343
-0.836774 0.805319 -0.238056
0.235506 0.749463 -0.110125
-2.38408 0.469102 2.43167
-0.339702 0.390731 2.46329
0.373095 0.22962 2.67648
-0.583802 0.337736 1.6658
-1.24969 0.15001 2.84999
-1.71581 0.15001 2.36591
0.356858 1.22736 -2.30999
-0.466295 0.893484 -0.851422
-2.202 4.47164 -2.83404
2.58405 3.81701 2.29505
-2.54221 0.859371 -0.926719
-2.66344 0.473688 1.09909
-1.22804 0.498834 1.04381
-1.27732 0.438341 1.27594
-1.08606 0.323368 2.83586
-1.02305 0.15001 2.84572
-0.879805 1.02309 -1.54366
-0.588688 0.940604 -0.442017
0.44723 0.982945 -1.42606
-0.0829505 1.40559 -0.821773
-1.1074 0.719434 0.0423506
-0.975816 0.83113 0.00555627
-1.12424 0.795719 1.29031
-2.45217 0.591879 1.68024
1.05045 0.15001 2.4143
-2.53576 0.15001 2.84999
-2.13475 1.19025 -2.05675
-0.941963 0.675297 0.0505657
-1.29014 0.916815 -1.08125
-2.28587 0.973099 -0.0839219
-1.71297 0.545441 0.629794
-2.69382 0.512359 2.84011
-0.729798 0.39 1.3831
-1.2573 0.20143 2.22916
-2.22168 0.156709 2.65028
-1.81397 0.15001 2.84999
-2.72431 0.366718 2.69329
-0.907738 1.1426 -0.595743
-0.439177 0.714238 0.0939569
-1.37216 5.76671 1.29414
-0.0896836 0.297426 2.41539
0.477807 0.845562 2.64792
-2.36851 0.174356 2.79001
-2.20983 0.261286 2.84792
-0.526899 0.26967 2.05476
-0.228178 0.15001 2.71645
-0.598027 0.993815 -1.33099
-2.15036 0.903922 -0.819107
-2.84999 0.170378 2.67723
-0.948256 0.881704 -0.933855
-0.921952 0.67604 0.781023
-1.01581 0.746644 1.73708
-1.61511 0.400552 1.34722
-0.354825 0.382881 1.45143
-2.84516 0.15001 2.48999
1.19007 0.174074 2.84999
-1.53512 0.888282 -0.709924
-0.355313 0.95613 0.837147
-2.71251 1.06655 -0.744438
-0.525135 0.812297 0.403701
-1.6038 0.48085 2.51526
-1.95733 0.996474 -0.289555
-0.355887 1.39424 -1.33866
1.48146 0.15001 2.81669
0.170787 1.14215 1.50066
-1.95247 0.150073 2.33793
-0.548686 0.761805 -0.381298
-1.82154 0.530016 0.870889
-1.05702 0.557929 1.74392
0.0409595 0.670771 0.191183
-0.874724 0.197626 2.40147
-0.594295 0.485791 1.84344
0.909047 1.34615 1.1822
0.0393667 0.372663 1.61543
2.677 0.539712 2.71067
-0.301418 0.364772 1.63892
0.103373 0.907621 -0.928771
-0.385757 0.631901 0.416284
-0.161048 0.948858 0.346424
-0.626907 0.522373 0.906389
-0.555771 0.589205 0.753041
0.848138 0.432556 1.3445
-2.58419 0.349279 2.58092
-0.151733 0.655795 0.966209
-0.524022 0.158683 2.41352
-1.74868 0.756555 2.71981
-0.624411 0.878146 -0.929134
0.224581 0.770285 -0.287887
-0.197724 0.575681 0.711201
-0.242007 0.755078 -0.115499
-1.68618 1.50785 1.9159
0.946432 0.895132 0.845515
-0.609037 2.87389 -2.08019
1.8818 0.399248 2.61619
-0.787819 0.497991 0.982346
-1.97554 0.15001 2.84999
-0.983383 0.891431 -1.11427
-0.0944323 1.65715 -1.9076
-0.739877 0.878182 -0.513063
-0.48466 0.652167 0.261511
-2.65713 0.536847 0.764396
-0.934699 0.765009 0.197357
-1.09019 0.364073 2.24249
0.0859467 0.382942 1.85877
-0.608959 0.649475 1.59435
0.846801 0.15001 2.53696
0.7638 1.0775 -0.927016
-0.776521 0.662291 0.271402
2.80979 1.35072 -1.41876
-0.55304 0.763885 -0.0807817
-0.052793 0.497759 1.02275
-0.218058 0.644148 0.385094
-0.911236 0.376381 1.476
-2.83204 0.301608 2.84999
-1.37691 0.428367 1.91008
-2.84992 0.361249 2.0207
-2.65145 0.919057 -0.791482
-0.144855 0.736477 -0.282002
0.598439 0.921367 0.308335
-0.389208 0.76321 -0.0608767
-1.96878 3.43135 2.67676
-0.470882 0.668425 0.913409
-0.738744 0.643202 0.457503
-0.257689 0.411288 1.30208
-0.716728 0.197225 2.35912
-1.22208 0.404335 1.44277
0.365418 1.14205 -1.86066
-1.43395 0.741578 -0.184525
-1.70891 0.748633 -0.140533
-0.485361 1.0507 -0.0220184
-2.27449 0.630728 0.463501
-0.967077 0.412931 1.30706
-2.83516 0.690778 2.48595
0.576765 0.551687 2.68057
-1.27595 0.284341 2.02899
-0.588328 0.176238 2.24467
0.6143 0.963275 -1.29604
-2.47173 1.69691 -0.0109717
0.915782 0.293781 2.72702
-1.27448 0.273114 2.76463
-0.852609 0.524607 0.660973
0.154864 0.64339 0.36005
1.67666 1.37499 -0.335153
0.0311812 0.247604 2.1159
-0.954513 0.40242 2.78164
0.448319 0.15001 2.84999
-0.0858952 0.970978 -1.3118
0.843592 1.42803 -2.62814
-0.00628312 0.956251 -1.15986
-2.7104 0.828945 -0.584979
-0.737342 0.764613 -0.0711447
0.453605 0.422642 1.9987
0.778906 0.158854 2.70246
-1.14274 0.15001 2.32755
-2.70227 0.15001 2.83575
0.480371 1.22548 1.70137
0.438828 0.891148 -0.52371
0.873399 0.955474 0.304178
-1.51355 0.582101 1.24486
-0.391591 0.596261 1.69445
-2.84999 0.789256 -0.484402
-2.38609 0.15001 2.55986
-2.69716 0.683936 1.82743
1.06518 0.228492 2.19457
1.6777 0.220731 2.18107
-0.651398 0.361118 2.73409
-0.742796 0.981942 -1.4292
0.0943514 0.737828 0.0113649
-0.132029 0.641337 0.229903
-0.117599 0.497333 0.859721
-0.951056 0.703045 1.47132
0.917281 0.832368 2.11057
-2.70268 0.62633 0.379434
-2.78889 0.304612 1.74986
-0.0783542 0.15001 2.64447
-0.171445 0.250839 2.06073
0.229117 0.86711 -0.701949
-0.283512 0.849566 -0.246481
-2.62264 5.23218 1.72752
-0.456855 0.749907 -0.226983
-1.05046 0.427671 1.62975
1.05904 0.314007 2.65431
-1.01137 0.450691 1.06584
0.247139 0.356086 1.79449
-0.744432 0.327115 1.59267
-0.0990141 0.15001 2.8315
-0.109194 0.859781 -0.605208
2.65911 0.268015 1.97877
-1.78374 0.22844 2.59985
2.10649 1.87699 1.41598
-0.619898 0.717114 0.0821336
1.19105 2.93449 2.32688
-0.0371918 0.605497 0.39093
-1.50322 0.194916 2.24537
-0.339382 0.265344 1.94777
-0.1674 0.413277 1.48334
-0.17452 0.949433 -1.17825
-0.322519 0.855907 -0.54605
-1.4335 0.297703 2.21016
-0.0917142 0.792874 0.476759
-0.64882 0.345229 1.85519
0.0846631 0.490858 0.807129
-0.131658 0.562665 0.533863
-0.682652 1.2268 0.44555
-0.634025 0.460365 1.25276
0.611692 0.766574 1.24137
0.0915922 0.946629 -0.75985
-2.08727 0.616975 0.171717
-0.253009 0.895663 -0.693853
2.44642 2.45654 0.364345
-1.1874 0.611131 1.44451
0.693534 0.511226 0.932679
1.79356 0.151374 2.76602
-1.3159 0.189401 2.59591
1.92773 0.256229 2.52582
-0.267042 0.311511 1.79181
-0.39088 0.815922 -0.397885
-2.84738 0.657062 -0.0230074
2.12786 4.88151 -2.12173
-2.31861 1.15461 -2.01944
0.0247475 0.751176 -0.307143
0.711222 0.385304 2.69979
-2.25241 0.334467 2.7069
-1.42333 0.181247 2.7892
-1.85744 0.261828 2.08597
0.019137 0.590794 2.19994
0.391294 0.912482 -0.724982
-2.71133 0.754356 -0.351189
-0.387022 1.84462 2.11649
-0.115227 0.883946 1.39203
-2.72926 0.710978 1.63442
0.0848671 0.47325 1.11397
-2.66788 0.199542 2.18775
-0.130219 0.349328 1.65329
-2.02268 0.400136 1.44279
-0.0481421 0.161147 2.24057
0.0546037 1.05211 0.28468
0.176648 0.852719 1.31624
0.330668 0.592602 0.380552
-2.68479 0.207419 2.70401
-2.74194 0.375611 2.23427
1.13486 0.787376 0.430064
-1.61955 0.15001 2.66831
-0.502331 0.904022 0.92228
-2.03357 0.24385 2.21698
-0.2596 0.596863 2.78344
-0.0200714 1.00005 -1.57794
0.171318 1.03931 -1.6542
0.647392 1.03066 -1.5284
-1.3369 0.698072 0.0957007
-2.52893 0.888261 -0.636971
-0.793744 0.784322 0.512719
-2.79271 0.366739 1.23127
-0.336822 0.503806 0.819886
-1.76352 0.353268 2.70001
-0.832896 0.15001 2.84999
-2.25354 0.718991 -0.347698
-1.05388 0.745651 0.673118
-2.52418 0.261104 2.19082
-0.874421 0.946962 0.200298
-1.50559 0.489699 0.9996
2.00506 0.649375 2.68104
2.61281 0.427248 2.83173
-1.48785 0.778387 1.82659
1.02484 0.264812 2.0185
-2.11087 0.15001 2.76322
0.739768 0.930316 -1.10295
-0.0727056 0.677848 0.0523302
-1.74744 4.16806 -1.48797
-0.715494 0.762374 0.809982
0.448112 0.549362 0.708705
0.827895 0.567256 0.775838
-1.42725 0.738342 1.1987
0.722351 0.280078 1.79698
0.292605 0.421569 1.44975
0.557777 0.305066 1.73438
-0.076185 0.911666 -1.00053
0.296127 0.826491 -0.550082
0.736534 2.90626 1.17354
-1.10922 1.5084 1.82618
0.0166238 0.598705 2.03054
0.485901 1.39041 1.59895
1.52855 1.33759 1.93361
1.28226 0.781594 1.27994
0.246034 0.220379 2.09463
-0.359673 0.15001 2.35992
-1.83111 0.898464 -0.824582
0.357089 2.08339 -1.16909
0.679463 0.768672 -0.46498
0.585567 0.587371 0.586944
0.386232 0.706288 0.163819
0.142952 0.801348 -0.459663
0.181937 0.505253 0.935546
-2.54109 0.479268 2.84717
-2.84999 0.2314 2.13072
0.215808 0.15001 2.44692
0.313362 0.934547 -0.998728
0.556761 1.13137 -1.07938
-1.20394 1.06779 -1.87443
0.609973 0.487439 1.07789
0.761478 0.188635 2.84999
-0.0766138 0.423847 1.32747
-0.819266 0.845753 0.31005
-0.326514 5.99136 1.36123
-2.84999 0.15001 2.84458
0.953729 0.15001 2.84998
0.201292 0.989419 -1.44711
-0.687159 0.817479 -0.711134
-0.289513 1.98901 -2.76766
-0.170446 0.864868 1.22103
-0.198749 0.538078 1.10583
-0.176545 1.7809 0.632577
0.288916 0.500575 1.74275
0.0735534 0.447078 1.45427
-2.48194 0.589157 1.84848
1.6486 0.32565 2.31835
-0.0622451 0.878507 -0.805974
-2.28975 0.910984 -1.10251
-1.61892 1.33926 -2.83617
0.347819 0.830443 -0.387009
1.88665 3.4277 1.78456
0.0720013 1.08466 -0.660778
1.02514 1.95091 2.24774
0.394584 0.298494 1.8435
-0.785683 0.288746 1.90348
-0.562951 0.169343 2.62378
0.0614331 1.10319 -2.0374
0.520682 1.09488 -1.78202
-0.0572127 1.08149 -1.81029
2.65125 0.704938 0.00508038
-0.390962 0.609457 0.700595
0.100123 0.732822 0.564553
2.84999 0.387904 2.40585
-0.664118 0.250142 2.84999
1.31447 0.225622 2.70314
0.0961569 0.15001 2.83468
2.11119 1.77685 2.10716
-0.18188 0.757152 1.91302
0.163225 0.851386 0.463745
-0.390517 0.960963 0.322597
-0.697565 1.09873 -1.94879
-2.80569 0.483299 2.42442
0.181951 0.896151 1.9839
-1.70118 0.958143 2.36882
0.444233 0.254529 2.26031
2.25129 0.407919 2.40642
0.208436 0.954166 -1.12947
0.262395 0.965913 -0.843291
-1.91958 0.97332 -1.16712
0.404387 0.73119 -0.0200212
0.0629673 0.786077 -0.153917
-0.0760359 0.913842 -0.321322
-0.394705 0.173619 2.73432
-2.19253 0.792057 2.64413
-0.74159 0.218462 2.19484
0.276038 0.15001 2.84999
0.78958 0.944538 -1.26919
-0.616978 1.01636 -1.00561
0.392226 0.723044 1.13708
0.82443 0.9374 0.0354718
-1.08006 0.53074 2.75881
1.08337 0.258174 2.51545
-1.30671 0.15001 2.37894
-2.00446 0.424408 1.23341
0.107434 1.25072 -1.07993
1.3895 0.15001 2.59183
-0.702268 2.3056 0.465475
0.525848 0.826827 -0.374619
1.90825 2.25065 -1.21587
2.2962 0.74553 2.52498
-1.84642 1.34516 0.939549
-0.49187 0.486737 2.80045
-0.152465 0.454988 1.15832
0.528182 0.53511 0.865767
1.36321 0.311234 1.81925
0.157047 1.25662 2.10259
0.455469 0.949948 -1.10657
0.855489 1.17615 -2.43012
0.711969 0.701247 0.0605698
1.28092 0.946181 -0.374768
2.74994 5.87213 0.878814
0.825109 0.739898 1.21695
1.16893 0.288152 1.92286
2.01178 0.598235 1.05114
0.789018 0.229231 2.11423
0.619403 0.24456 2.15809
2.12075 5.21465 0.30882
1.47651 0.356299 1.65353
-1.03597 0.762963 0.950923
0.108068 0.520666 1.93446
0.540222 0.711627 0.0946819
0.213349 0.551429 0.704652
0.0966043 0.628552 0.584713
0.0371497 0.645115 0.900054
1.47998 0.348619 2.46924
0.831583 0.409892 1.52347
0.541901 0.812541 -0.618602
-1.37177 1.19273 -2.31858
0.591792 0.897063 -0.782518
-0.176963 0.848956 -0.442724
0.616191 0.622933 0.416744
1.3191 1.80404 -0.763374
2.51634 0.176437 2.30156
0.253564 0.49727 1.11522
0.553391 0.212323 2.42824
1.07741 0.822916 2.80206
0.855827 1.22457 -1.34242
0.414724 0.752378 -0.188443
1.14562 1.2061 -1.149
1.004 1.23293 0.27918
0.832548 0.499115 1.06656
-1.69107 0.469913 2.63999
-2.71162 0.219691 2.32899
-0.0515972 0.330368 1.79607
1.15235 0.414781 1.14183
0.14645 0.319174 2.20735
0.855575 1.83999 -1.38123
0.308797 0.97557 -1.25946
0.596779 0.76483 -0.23205
-0.295524 0.756113 1.47263
1.89625 1.35177 -1.62308
0.447164 0.906891 0.829875
1.96829 1.02354 0.396903
0.440383 0.588782 0.530358
2.1615 0.206634 2.20043
0.832736 0.349119 1.69247
-0.270975 1.00198 -1.58401
0.449842 0.984835 -0.892894
1.9881 0.877398 -0.790623
-1.35965 0.940804 0.503762
-2.09539 0.910241 -1.23487
0.248102 0.792158 1.14208
0.211872 0.362332 2.39608
-0.479703 0.407473 1.5658
2.37874 0.46178 1.2352
1.58987 0.358263 2.84999
2.84987 0.309611 1.94886
-2.43973 1.00711 -1.35796
-0.218873 0.853183 0.144791
-1.53874 0.794953 0.656737
-2.03927 0.878067 1.72529
1.05113 0.388765 1.69354
1.72017 1.58387 -1.94631
0.167775 0.557586 1.41003
2.84519 0.458997 2.24856
0.384905 0.875356 2.39151
2.55833 0.905553 -1.03231
-0.0887979 0.776361 -0.0940824
0.405401 0.931122 -0.272282
-1.51392 0.341561 2.54077
1.41545 0.845375 -0.395385
2.61913 0.368315 1.39502
0.275922 0.885938 -0.000557078
-0.399246 0.248308 2.18495
2.8479 0.484714 2.5283
-1.28716 1.33153 2.84053
0.511463 0.994123 -0.64674
-1.59774 0.505347 2.10456
0.756089 0.881417 -0.575461
2.53833 0.15001 2.68007
1.30896 0.91722 -0.0720584
0.437979 0.317657 2.55833
1.6009 0.432563 2.15629
-1.80692 0.696031 1.47761
-0.208221 0.18331 2.23751
0.688537 0.364149 2.05734
0.406614 1.09847 0.652697
0.856294 0.833676 -0.444423
0.58885 0.734492 -0.0680348
0.822475 0.683951 0.276935
0.193981 1.23499 0.921489
1.49728 0.814461 1.35774
-0.103936 0.885431 0.0227969
-0.524984 0.29332 2.55191
-1.92985 2.9954 2.65613
0.558573 0.457873 1.23153
0.470224 1.0549 -1.60018
1.2458 0.860327 -0.519013
0.451553 1.49052 -1.06925
2.79479 0.850744 -0.666867
0.690941 1.18669 1.54317
0.473707 0.702532 0.311131
2.14389 0.813377 0.883073
0.988567 0.294818 1.77226
1.33595 0.15001 2.38956
-0.329889 0.15001 2.58443
0.896394 0.858648 -0.63761
-2.63996 1.07604 -2.05829
1.37638 0.792013 -0.172206
-0.00349753 1.14632 0.043309
2.58594 0.631418 1.12444
0.721394 0.221217 2.30213
0.952996 0.858824 1.65068
0.685969 0.415037 1.39011
0.86514 0.26685 1.91312
-0.769118 0.15001 2.57402
1.72182 0.420879 1.80645
2.84934 1.23543 0.448437
0.962691 0.652329 0.471447
2.63568 0.928838 -0.776584
1.58584 0.801266 0.771033
1.60715 1.10859 -0.567328
0.758716 0.456259 1.22229
0.688141 0.555418 2.19653
2.69622 0.15001 2.65149
1.18575 0.328307 1.74062
1.25942 0.998352 -1.44232
1.03916 1.00134 -0.669592
1.15085 0.999242 -0.543977
0.649022 0.746564 0.863637
0.566025 0.853176 0.462622
-1.48708 0.608078 0.47691
0.354257 0.50699 0.997494
-0.625714 1.27173 1.99917
0.962422 0.15001 2.64591
-0.925836 0.567644 2.73735
-0.872622 1.00682 -0.298514
0.963655 0.943886 -1.16701
-0.881816 1.10466 -2.02684
1.38203 0.999489 0.576737
1.41053 0.785489 1.02879
1.0357 0.410041 1.2783
1.50938 0.518743 0.835401
1.49506 0.584004 2.8154
2.5447 1.70854 2.01041
0.362161 0.15001 2.53185
0.101894 0.961096 -1.28574
0.964487 1.15235 -2.07151
1.23024 0.993686 -1.2529
1.36764 0.961621 -1.13258
2.75263 0.775045 0.457947
-0.290127 0.929662 0.607631
1.07543 0.549361 1.41557
-0.218058 0.354277 2.57053
1.84779 1.22344 1.02252
0.206341 0.208606 2.29599
1.6239 0.53968 1.20462
0.911886 0.780113 -0.203664
2.12684 0.249599 2.01051
0.0609591 1.23836 -2.72865
2.84999 0.378717 2.84999
-2.2883 0.613817 1.09334
2.17075 0.585361 2.69909
0.465974 0.419387 1.52178
2.69087 0.391579 2.56152
-1.46804 0.164048 2.36119
1.65985 1.34031 0.493504
1.18866 1.08946 -1.60437
0.778726 0.752597 -0.310994
0.576501 1.38237 0.432887
0.873032 0.488909 2.44953
-2.50721 0.251192 1.89825
1.37829 1.01977 1.88357
2.67421 0.15001 2.84999
1.30882 1.04473 2.72479
1.27073 0.15001 2.19217
0.270529 0.70224 0.900561
-0.775159 1.97061 -0.215121
0.128376 0.530105 2.52378
1.00681 0.901807 1.25229
-0.0120198 0.556332 0.693761
1.69684 0.391838 1.425
2.69731 0.756332 1.6436
-0.575677 1.01021 0.388401
-1.63676 0.203733 2.49946
-2.60556 1.13931 2.77064
2.58471 1.61915 1.6856
-0.154303 1.25 0.864381
0.708379 1.02363 -0.307817
-0.234846 1.29024 -0.115653
2.68202 0.751278 -0.15499
2.76142 0.803654 2.12937
-0.571905 1.44409 1.90537
2.20429 0.331433 2.81458
0.881406 0.281438 2.42412
1.20966 0.42969 1.33099
0.846168 0.913774 -0.951068
1.04244 0.966985 -0.961497
2.16837 0.5032 1.65952
1.67562 0.561687 0.651929
2.58391 1.20104 2.1905
0.494613 0.691724 1.98332
1.56486 0.18379 2.47104
-0.631809 0.49494 2.41926
2.00681 0.73236 1.2527
0.559769 0.305978 1.91512
0.970135 1.30951 -2.67704
1.54784 0.94712 -0.601745
1.08667 0.783141 -0.209551
1.03563 0.76289 -0.0350565
0.888426 0.695038 0.115323
0.907462 0.602236 0.633421
0.224345 0.768427 0.226341
-0.914383 0.260796 2.10314
1.51627 0.426403 1.24831
1.64602 0.15001 2.83376
0.499926 0.606264 1.04495
0.965097 0.924467 -0.798989
1.99532 0.415096 1.27186
0.740815 0.787895 -0.149107
1.12629 0.577207 0.52163
2.75056 0.800189 1.91578
0.992589 0.64691 0.297002
0.864748 0.771523 -0.0361234
0.90956 0.559145 1.26258
0.294068 0.497341 1.28196
0.889446 1.00118 -1.41258
2.38134 0.953939 -0.989438
0.60595 1.08005 -0.804294
1.06043 0.536907 0.691271
2.54813 0.316813 2.51767
2.80692 0.726948 2.77562
0.802729 0.659311 0.9386
1.91693 0.534634 2.76469
2.30619 0.381766 1.61873
1.8638 0.378695 2.34994
0.274502 0.618052 0.578344
0.963638 0.806288 0.457048
1.82468 1.1114 -0.448608
1.18139 0.681449 0.274787
2.43025 1.04713 2.83106
1.95783 0.867241 -0.0703049
1.94883 1.01914 0.0101081
1.40456 0.415245 1.47588
0.673919 0.599359 1.27262
2.32219 0.15001 2.83252
1.7066 0.971925 1.48566
1.93598 0.838556 -0.600935
0.604443 1.00908 -0.022628
1.2918 0.835 0.581131
2.84212 0.553546 0.639665
1.231 0.547376 0.763261
1.61882 0.693135 0.494194
0.927138 0.543992 0.909595
1.96837 0.35552 2.05587
2.22369 0.15001 2.66184
0.65283 0.878482 -0.950609
1.9212 0.610179 0.481043
-0.305218 0.43959 2.31949
0.72902 0.943081 1.33442
2.35673 0.709107 1.67692
1.25883 0.507522 1.58673
1.99684 0.370403 1.63686
2.68106 0.984879 2.30658
0.903093 0.538373 1.45365
1.20961 0.15001 2.54533
0.720805 1.04394 -1.7433
2.20906 0.886975 -0.900795
0.774591 0.932296 -0.764788
0.960356 0.87962 -0.322712
-1.42133 1.00326 -1.42728
2.62703 0.570236 2.48533
1.88466 0.777424 -0.257001
0.664958 0.42138 1.5719
1.72028 0.405813 1.25055
1.01979 0.436441 1.54311
1.94739 0.187228 2.34748
2.40357 0.783216 -0.486122
-2.70103 1.00304 0.528432
1.48897 0.898753 -0.750961
1.9257 0.785126 -0.416421
2.38172 0.15001 2.63086
-1.56056 0.282319 2.78328
1.03838 0.913958 0.669725
-0.708128 0.15001 2.72793
2.54309 0.342276 1.55113
1.54452 0.819652 -0.0960636
2.09479 0.737158 -0.269705
1.27294 0.631445 0.604177
1.39578 0.756256 -0.0131573
2.34214 0.313833 2.6714
0.859007 0.966022 0.575609
2.84794 0.506307 0.837471
1.84161 0.439573 1.1087
1.86269 0.516554 0.937351
1.59626 0.389626 1.55565
1.61758 1.00971 -1.41652
1.68277 0.836488 -0.696384
2.52947 1.14563 -1.9379
1.53739 0.901145 -0.940406
1.809 0.698143 0.124398
0.660925 0.571555 0.762286
1.87829 0.308939 1.86335
0.894308 0.15001 2.25184
2.4817 0.15001 2.84999
1.49988 0.272986 2.01484
0.235337 1.15259 -1.0006
1.66574 0.905332 1.11737
0.0138614 0.694958 1.41378
1.28529 0.901577 -0.701105
2.41471 0.530669 2.84999
2.73897 0.393895 2.73468
1.34002 0.473371 0.931032
1.3334 0.420947 1.20365
2.84999 0.15001 2.52016
0.453897 0.464472 1.35655
1.64626 1.13495 -0.313537
2.85029 0.642364 0.249582
1.69471 0.617961 0.288078
1.15036 0.931482 -1.10356
2.83458 0.285942 2.69754
1.20642 0.608532 0.933907
1.3584 0.679083 0.786337
2.14845 0.451396 1.17107
2.4656 0.315547 1.69619
2.16294 0.15001 2.8495
1.02394 0.900242 -0.525032
2.44194 1.27695 -2.47868
1.68416 1.17948 -2.08893
2.01595 0.660347 0.233072
1.69195 0.772937 -0.266098
2.17909 0.388674 1.40319
2.44654 0.488808 0.768558
2.55109 0.398806 1.99085
2.47539 0.298331 2.1012
0.0369955 0.156319 2.51528
-0.69308 1.12103 -2.13212
2.28714 0.693196 0.0774607
1.10956 0.956943 -0.376042
-0.640893 0.883105 -0.00544984
1.71563 0.734223 -0.0920338
1.42098 0.71895 0.493819
2.84999 0.15001 2.84999
1.04596 0.637051 0.828663
2.83252 0.488587 1.14466
0.987103 0.428926 2.11169
-0.519919 0.928664 -1.1716
1.15318 1.03975 -0.823675
2.82708 0.855541 -0.492007
1.92678 1.185 -0.111548
2.8025 0.743887 -0.319742
1.60929 0.925766 0.559975
2.63979 0.262068 2.16443
2.70919 0.20752 2.31446
0.137589 0.781249 1.62513
2.63825 0.15001 2.48697
2.00861 1.2757 -2.75324
1.68538 0.996893 -1.10448
1.63033 0.699561 0.0551457
1.2007 0.771373 -0.0727134
2.00769 0.546422 0.637371
2.31957 0.845091 2.00013
1.46125 0.841291 0.358303
0.435146 0.567315 1.18098
2.03831 0.387285 1.47853
-0.488122 0.233103 2.84999
0.872232 1.01877 -1.63654
2.65477 1.31328 -2.77977
2.24291 0.755529 -0.411528
1.39822 1.31093 -2.38425
2.18835 1.06042 -0.458521
0.0552329 0.250811 2.35601
2.31688 0.299412 2.0911
2.26054 0.433269 2.06312
1.51694 0.779643 2.21524
1.9962 0.15001 2.84991
0.750058 1.49026 0.98637
-1.79881 0.799887 -0.615145
1.70078 0.229546 2.36954
2.68605 1.035 -1.4102
-1.02955 0.734578 2.74428
1.84044 0.526044 0.747195
-0.926443 0.84305 1.58688
2.05327 1.14401 0.098961
0.795337 0.644249 2.8211
2.52908 0.30508 2.74036
1.51633 0.79788 -0.264686
0.818045 1.02625 -0.427839
1.88829 0.726141 -0.0658895
2.16104 0.833923 1.24277
1.26743 0.697553 0.431691
0.734136 0.662976 0.618393
2.46441 0.561201 2.03577
1.98978 0.158098 2.65833
1.3155 0.262875 2.0181
1.25508 0.345392 1.54766
1.40841 0.8649 -0.563976
1.51497 0.628979 0.36793
2.80193 0.426128 1.88823
2.19367 0.636061 0.240983
2.65816 1.03883 -0.0692336
2.2489 0.806915 0.369176
2.48052 0.15001 2.48931
1.95963 0.238609 2.17358
2.37138 0.390757 1.42219
2.36399 0.341271 2.84999
1.78725 0.882744 -0.838949
2.32548 0.75548 -0.206427
2.62064 0.752245 -0.361551
1.26056 0.849423 0.256003
1.0816 0.72024 0.130985
2.75306 0.254447 2.52847
2.18704 0.56065 0.738822
2.29148 0.461374 1.06409
2.14953 0.684368 1.83972
2.84484 0.15001 2.68486
1.77216 0.851165 -0.497788
1.99024 0.733968 0.0576063
2.11518 0.599927 0.466474
1.6241 0.784318 -0.432528
2.51802 0.663481 0.144206
1.68245 0.500877 0.869461
0.643049 0.665058 0.235673
1.47183 0.620168 0.649634
1.98758 0.502906 1.07244
1.83838 0.342351 1.66926
1.43506 0.992601 -1.36197
2.29431 0.616717 0.411184
1.7703 0.834843 2.83644
1.86564 0.641834 0.308209
1.27006 0.715551 0.122446
1.85281 0.285916 2.84199
1.21677 0.64078 1.47425
2.26323 0.555225 0.574138
2.36307 0.641072 0.709835
2.0925 0.15001 2.47169
1.28904 0.833598 -0.912804
2.00896 0.894739 -0.984156
0.904917 0.94297 2.47689
2.36374 0.643167 0.229427
2.77485 0.890386 -0.858218
0.782304 0.666943 0.454132
1.19408 0.877645 0.0842949
1.23742 0.295851 2.29918
1.69447 0.354291 1.78682
2.83282 0.276845 2.16755
1.76072 0.973944 -1.28575
2.43524 0.717871 -0.0545623
2.66542 0.584186 0.530694
1.3652 0.694624 0.289664
2.47672 0.595126 0.483592
2.18417 0.493071 0.906677
1.86218 0.386294 1.39723
1.63141 0.47347 1.0694
2.2607 0.294654 1.84491
1.77984 0.180974 2.54378
2.13121 0.806479 -0.6234
1.41586 0.819525 0.139643
2.11621 0.693469 -0.0705877
1.24825 0.817804 -0.282
1.54123 1.1882 1.66666
2.16723 0.289122 2.66939
1.02167 0.530993 1.04814
2.62693 0.30612 1.79688
2.25226 0.157912 2.40747
2.02023 0.275989 1.78359
0.265102 1.01209 -0.114928
2.50868 0.857553 2.84308
1.8078 0.665361 1.76537
2.83968 0.569196 2.80759
2.641 0.654525 0.307367
2.79472 0.430934 1.41319
2.48158 0.513055 1.08963
1.47505 0.444638 1.07556
2.84935 0.357209 1.61027
2.84999 0.245738 2.39434
1.796 0.896256 -1.05439
2.60821 0.814804 0.803785
-2.8172 1.48805 -0.773968
2.5115 0.800648 -0.641995
2.10461 0.38916 2.57127
1.53366 0.713286 0.206036
1.92552 0.808019 0.690036
2.00284 0.532027 0.814306
2.66584 0.556072 0.711166
1.8005 0.250556 2.02255
