700 0.1
-2.25629 0.150229 -1.62319
-2.07822 0.299097 -2.3167
-2.07841 0.299209 -2.31799
-2.46221 0.299749 -1.86962
-2.0612 0.251854 -0.569538
-0.638732 0.304006 -2.24638
-2.0784 0.299199 -2.31788
-2.45654 0.298566 -1.87073
-2.45688 0.298385 -1.86808
-2.4623 0.299775 -1.86966
-2.4623 0.299775 -1.86966
0.0351099 0.328891 -0.687517
-2.4623 0.299775 -1.86966
-2.16665 0.424567 -2.33732
-2.73086 0.262411 -2.38283
-0.305699 0.321181 1.2469
0.00419615 0.318258 -0.285955
-2.24588 0.150371 -1.84761
-1.54824 0.291208 -1.31739
-0.451549 0.24352 -0.19736
0.811046 0.150232 -0.167007
-0.0742694 0.243954 -0.681869
-2.46237 0.299795 -1.86969
-2.46274 0.299902 -1.86989
-2.4623 0.299775 -1.86966
-2.46237 0.299795 -1.86969
-2.39531 0.310261 0.147823
-2.09872 0.301443 -1.29577
-2.46237 0.299795 -1.86969
-2.0799 0.300079 -2.33076
-2.4623 0.299775 -1.86966
-2.16517 0.28337 -1.25775
0.811046 0.150232 -0.167007
-2.4623 0.299775 -1.86966
-2.4623 0.299775 -1.86966
-1.70119 0.297287 -0.106597
-2.07538 0.25295 -1.98969
-2.4623 0.299775 -1.86966
-2.4623 0.299775 -1.86966
-2.4623 0.299775 -1.86966
-2.46237 0.299795 -1.86969
-1.1375 0.307398 -2.28069
-2.08563 0.30569 -1.29704
-2.46222 0.299751 -1.86962
-2.1537 0.299307 -2.36485
-2.07839 0.299195 -2.31782
-2.4623 0.299775 -1.86966
-2.36142 0.290015 -1.8258
-1.69751 0.304841 -2.67325
-0.0816427 0.313306 0.608202
-2.46058 0.299316 -1.86905
-0.51296 0.324034 0.993242
-2.4623 0.299775 -1.86966
-2.46237 0.299795 -1.86969
-2.4623 0.299775 -1.86966
-2.45958 0.29906 -1.86876
-0.0816427 0.313306 0.608202
0.119626 0.328718 0.37611
-0.659839 0.305619 -2.25807
-2.0705 0.487467 -2.00744
-2.46235 0.299786 -1.86968
0.811046 0.150232 -0.167007
-2.46208 0.29971 -1.86957
1.24713 0.150555 0.0707135
-0.0817861 0.313314 0.60822
-2.06586 0.480019 -2.02141
-0.0816427 0.313306 0.608202
0.832567 0.308647 -2.46929
-2.31803 0.288165 -1.80927
0.811046 0.150232 -0.167007
0.811046 0.150232 -0.167007
-2.10264 0.299769 -1.29514
1.24713 0.150554 0.0707158
0.0263402 0.298509 0.555075
-1.44085 0.304248 0.595368
-2.4623 0.299775 -1.86966
-2.4623 0.299775 -1.86966
-0.649813 0.305344 -2.25219
-0.153636 0.278216 0.987564
0.811046 0.150232 -0.167007
-2.06345 0.473502 -2.03421
-2.42425 0.291896 -1.85592
-2.0719 0.489157 -2.00422
-2.41458 0.292058 -1.8546
-0.639682 0.304056 -2.24733
-2.4623 0.299775 -1.86966
0.0168031 0.286259 0.535229
-2.46237 0.299795 -1.86969
-0.081777 0.313314 0.608223
-1.06133 0.263966 0.356809
2.37314 0.295473 -1.08564
-0.087187 0.298669 1.03117
0.811046 0.150232 -0.167007
0.811046 0.150232 -0.167007
-0.583911 0.318533 1.13565
1.15758 0.300179 0.880224
-2.63102 0.304716 -1.35708
-0.63967 0.304065 -2.24726
-2.46237 0.299795 -1.86969
-2.4623 0.299775 -1.86966
-2.46237 0.299795 -1.86969
0.811046 0.150232 -0.167007
-2.46237 0.299795 -1.86969
2.37314 0.295473 -1.08564
-0.0816427 0.313306 0.608202
-0.661003 0.305737 -2.25854
0.0321523 0.329502 -0.687936
-2.4623 0.299775 -1.86966
-2.4623 0.299775 -1.86966
0.811046 0.150232 -0.167007
0.811046 0.150232 -0.167007
-1.40182 0.277172 -2.58534
0.811046 0.150232 -0.167007
-0.0816427 0.313306 0.608202
-0.081777 0.313314 0.608223
-0.0816427 0.313306 0.608202
-1.815 0.248194 -1.42218
-0.634621 0.302793 -2.24973
-2.4623 0.299775 -1.86966
-2.4623 0.299775 -1.86966
-2.46237 0.299795 -1.86969
-2.46237 0.299795 -1.86969
0.811046 0.150232 -0.167007
-1.29301 0.288258 1.10234
0.811046 0.150232 -0.167007
0.00260529 0.313334 -1.94884
0.811046 0.150232 -0.167007
-0.0816427 0.313306 0.608202
2.43398 0.516267 -2.36736
-2.1984 0.239394 -1.29995
1.24713 0.150554 0.0707152
-1.43801 0.304078 0.596429
0.811046 0.150232 -0.167007
-2.4623 0.299775 -1.86966
-2.46221 0.299747 -1.86962
0.811046 0.150232 -0.167007
0.811046 0.150232 -0.167007
0.811046 0.150232 -0.167007
-2.39468 0.27054 -0.189794
-0.0817798 0.313314 0.608221
-0.0816427 0.313306 0.608202
-0.0816427 0.313306 0.608202
1.11557 0.2948 -0.104003
-0.663981 0.306015 -2.25974
-1.43801 0.304078 0.596429
-2.45102 0.301823 0.284136
-2.46211 0.299719 -1.86958
0.824147 0.604551 -1.25032
-2.4623 0.299775 -1.86966
-0.160485 0.279761 0.981832
-2.46218 0.29974 -1.86961
0.811046 0.150232 -0.167007
-2.46237 0.299795 -1.86969
-0.597449 0.304856 -1.60029
0.0229817 0.418318 0.693006
-0.0816427 0.313306 0.608202
-0.255397 0.313182 -2.25847
1.24713 0.150554 0.0707152
-2.75459 0.283384 -2.75328
-2.07871 0.299399 -2.3202
0.824147 0.604551 -1.25032
-2.46237 0.299795 -1.86969
0.0312374 0.329583 -0.68807
-2.46237 0.299795 -1.86969
-1.60773 0.305629 -2.67001
0.178418 0.298056 1.43381
-2.31777 0.2671 -0.39505
0.330995 0.277567 -1.32409
-0.0773817 0.313043 0.60898
-0.10837 0.298642 1.2309
-0.228219 0.31271 -0.71248
-1.43801 0.304078 0.596429
-2.08386 0.306172 -1.29726
-2.4623 0.299775 -1.86966
-2.46237 0.299795 -1.86969
-0.417792 0.310664 0.820706
1.83987 0.205631 -0.13162
-2.05084 0.285021 -2.41883
-2.16191 0.269988 -1.27116
-0.0276667 0.317494 0.64119
-1.60113 0.301437 -0.658139
-2.34395 0.288706 -1.81916
-2.04753 0.313052 -0.028565
-0.400249 0.311982 1.32724
-2.16203 0.278183 -1.26273
-2.4623 0.299775 -1.86966
-2.4623 0.299774 -1.86966
-0.0817861 0.313314 0.60822
-0.0799741 0.418624 1.63497
-1.84051 0.297261 -0.947539
-0.0816427 0.313306 0.608202
-0.0816427 0.313306 0.608202
-0.659933 0.305631 -2.25811
-2.26579 0.297862 -1.6792
-1.44085 0.304248 0.595368
-2.694 0.292124 -0.621672
-0.42084 0.318526 1.31657
-2.4623 0.299775 -1.86966
-0.639982 0.304048 -2.24773
1.84197 0.174067 -0.108328
-0.081777 0.313314 0.608223
-0.0816427 0.313306 0.608202
-0.0818201 0.313316 0.608199
-0.666149 0.306151 -2.26074
-0.661165 0.305754 -2.2586
-2.26207 0.291612 -0.286483
0.824147 0.604551 -1.25032
-1.44085 0.304248 0.595368
2.8265 0.311629 -2.63678
-2.4623 0.299775 -1.86966
-0.537658 0.285562 -1.58587
-0.0817861 0.313314 0.60822
-0.0817861 0.313314 0.60822
0.811046 0.150232 -0.167007
-0.586068 0.412675 1.91056
-1.44085 0.304248 0.595368
-2.07842 0.299223 -2.31809
-0.638696 0.304002 -2.24635
0.268841 0.317546 -2.53585
-2.4623 0.299775 -1.86966
0.811046 0.150232 -0.167007
0.811046 0.150232 -0.167007
0.811046 0.150232 -0.167007
0.811046 0.150232 -0.167007
-0.0816427 0.313306 0.608202
-1.81792 0.245698 -1.42056
-0.171693 0.561271 0.918228
-1.44085 0.304248 0.595368
0.811046 0.150232 -0.167007
-2.75459 0.283384 -2.75328
0.811046 0.150232 -0.167007
-2.46221 0.299749 -1.86962
-1.59743 0.304776 -2.67638
-1.48409 0.320349 -2.68071
0.811046 0.150232 -0.167007
-2.46237 0.299795 -1.86969
0.811046 0.150232 -0.167007
0.811046 0.150232 -0.167007
-0.0817861 0.313314 0.60822
-0.081777 0.313314 0.608223
-0.0816427 0.313306 0.608202
-0.663981 0.306015 -2.25974
-0.661994 0.305835 -2.25894
-2.26207 0.291612 -0.286483
-0.133805 0.281276 0.999089
0.811046 0.150232 -0.167007
-2.4623 0.299775 -1.86966
0.811046 0.150232 -0.167007
0.811046 0.150232 -0.167007
0.811046 0.150232 -0.167007
-0.081777 0.313314 0.608223
-2.46215 0.299732 -1.8696
-0.081777 0.313314 0.608223
-1.91463 0.296471 -1.09768
-0.663479 0.305973 -2.25953
-1.48021 0.280033 2.33675
-0.659811 0.305617 -2.25806
0.0313178 0.329574 -0.688058
0.811046 0.150232 -0.167007
-0.221597 0.467225 1.16857
0.811046 0.150232 -0.167007
0.811046 0.150232 -0.167007
-0.0818195 0.313317 0.608199
0.811046 0.150232 -0.167007
0.0161442 0.479983 0.820337
-0.0817861 0.313314 0.60822
1.84217 0.170984 -0.105044
-0.222373 0.477583 1.16944
-0.249997 0.260619 -1.63936
-1.66483 0.301296 -2.66426
-2.46278 0.299914 -1.86991
-2.4623 0.299775 -1.86966
0.811046 0.150232 -0.167007
0.811046 0.150232 -0.167007
0.811046 0.150232 -0.167007
0.811046 0.150232 -0.167007
1.84203 0.173048 -0.107416
-0.120546 0.285942 1.00599
-0.081777 0.313314 0.608223
-0.0799741 0.418624 1.63497
-2.06576 0.479784 -2.02179
-0.662805 0.305911 -2.25926
-2.46265 0.299872 -1.86983
-0.659943 0.305631 -2.25811
1.24713 0.150554 0.0707152
-2.4623 0.299775 -1.86966
-2.46237 0.299795 -1.86969
1.32785 0.28554 -2.55175
0.811046 0.150232 -0.167007
0.811046 0.150232 -0.167007
-0.010344 0.326753 0.657212
0.811046 0.150232 -0.167007
-0.0816427 0.313306 0.608202
-2.12257 0.318204 -0.0747084
-2.75459 0.283384 -2.75328
-0.455362 0.286346 -1.14016
-0.427763 0.29528 -1.09767
-2.75459 0.283384 -2.75328
0.811046 0.150232 -0.167007
0.811046 0.150232 -0.167007
-0.0817861 0.313314 0.60822
-0.0816427 0.313306 0.608202
-0.159249 0.279333 0.982982
-2.75459 0.283384 -2.75328
-0.427763 0.29528 -1.09767
-0.427763 0.29528 -1.09767
0.0714153 0.438223 1.1689
0.742587 0.293746 -2.34574
0.160658 0.292686 -0.181222
0.811046 0.150232 -0.167007
0.811046 0.150232 -0.167007
-0.0817861 0.313314 0.60822
-0.081777 0.313314 0.608223
0.811046 0.150232 -0.167007
-1.48021 0.280033 2.33675
-0.663683 0.305989 -2.25962
0.811048 0.150232 -0.167005
-2.75459 0.283384 -2.75328
-0.427763 0.29528 -1.09767
0.0601918 0.320905 1.09513
0.811046 0.150232 -0.167007
0.811046 0.150232 -0.167007
0.493957 0.285278 -1.38067
-0.135892 0.28042 0.998289
0.632017 0.170291 0.282041
0.811046 0.150232 -0.167007
-1.48021 0.280033 2.33675
-2.06821 0.484232 -2.01337
-1.37748 0.277355 -0.244037
-0.427763 0.29528 -1.09767
-2.70519 0.311889 -2.10777
0.811046 0.150232 -0.167007
0.811046 0.150232 -0.167007
0.811046 0.150232 -0.167007
-0.0817861 0.313314 0.60822
-0.135807 0.280448 0.998332
-0.21098 0.436353 1.17131
-0.213804 0.447558 1.17131
-0.664253 0.306038 -2.25985
-2.75459 0.283384 -2.75328
0.811046 0.150232 -0.167007
0.811046 0.150232 -0.167007
-2.75459 0.283384 -2.75328
-2.35911 0.288239 -1.13901
-2.46222 0.299751 -1.86963
0.811046 0.150232 -0.167007
0.811046 0.150232 -0.167007
0.811046 0.150232 -0.167007
0.0971878 0.299499 0.217514
-0.663218 0.305948 -2.25943
1.24713 0.150554 0.0707156
0.00056182 0.506856 1.21679
-0.070314 0.313464 -1.88207
0.811046 0.150232 -0.167007
-1.32511 0.298018 -0.144922
-0.178415 0.315327 1.34794
0.252692 0.254296 0.246549
0.811046 0.150232 -0.167007
0.811046 0.150232 -0.167007
0.811046 0.150232 -0.167007
-2.46277 0.299909 -1.86989
-2.75459 0.283384 -2.75328
-0.66299 0.305928 -2.25934
-0.427763 0.29528 -1.09767
0.049767 0.328381 -0.682476
-0.427552 0.29539 -1.09745
-1.29301 0.288258 1.10234
-2.4623 0.299775 -1.86966
0.561349 0.15012 0.278425
0.0320893 0.32951 -0.687945
0.811046 0.150232 -0.167007
-0.618278 0.301753 -2.24684
-0.427552 0.29539 -1.09745
0.24645 0.29366 0.31223
0.811046 0.150232 -0.167007
0.811046 0.150232 -0.167007
-1.99993 0.29629 -0.0223325
-2.08935 0.272842 -2.29377
-2.75459 0.283384 -2.75328
-0.427671 0.295329 -1.09757
-2.4623 0.299775 -1.86966
-2.31777 0.2671 -0.39505
0.811046 0.150232 -0.167007
0.811046 0.150232 -0.167007
-0.102092 0.309379 -1.74407
-0.0130228 0.311063 -2.66103
-1.04051 0.278197 0.325267
0.811046 0.150232 -0.167007
0.811046 0.150232 -0.167007
-1.03173 0.279617 0.326621
-0.663636 0.305987 -2.25959
-0.660822 0.305719 -2.25847
-1.48021 0.280033 2.33675
-0.010344 0.326753 0.657212
0.811046 0.150232 -0.167007
2.83009 0.332498 -2.57594
0.811046 0.150232 -0.167007
-2.4623 0.299775 -1.86966
0.811046 0.150232 -0.167007
-0.641429 0.303958 -2.24976
-2.11659 0.323189 1.25218
-0.132312 0.306974 0.62379
1.4319 0.288748 1.0202
0.811046 0.150232 -0.167007
-0.0771385 0.371926 1.30052
0.0367645 0.32846 -0.687249
-2.75459 0.283384 -2.75328
-0.427763 0.29528 -1.09767
-2.00241 0.247563 -0.58897
0.811046 0.150232 -0.167007
0.765683 0.305909 -2.48124
1.3101 0.289461 -2.56195
0.811046 0.150232 -0.167007
-0.104088 0.306285 -1.82273
0.811046 0.150232 -0.167007
0.811046 0.150232 -0.167007
-0.13508 0.280794 0.998888
-2.06726 0.252943 -1.98706
-2.75459 0.283384 -2.75328
-2.13878 0.299622 -1.93034
-0.616065 0.301696 -2.24651
0.811046 0.150232 -0.167007
0.811046 0.150232 -0.167007
0.811046 0.150232 -0.167007
-0.222395 0.563228 1.15872
0.811046 0.150232 -0.167007
-0.20536 0.445969 1.17674
-2.75459 0.283384 -2.75328
-2.75459 0.283384 -2.75328
-0.661569 0.305795 -2.25876
-2.06602 0.480301 -2.02091
0.811046 0.150232 -0.167007
0.811046 0.150232 -0.167007
-1.32511 0.298018 -0.144922
0.811046 0.150232 -0.167007
0.811046 0.150232 -0.167007
0.0312581 0.329581 -0.688066
0.0305612 0.329628 -0.688168
-1.48021 0.280033 2.33675
-2.54663 0.304047 0.348043
-1.48008 0.280136 2.33679
-2.28707 0.253049 -0.401814
-1.48021 0.280033 2.33675
-1.52749 0.319133 0.214874
-0.639226 0.304044 -2.24681
0.811046 0.150232 -0.167007
0.811046 0.150232 -0.167007
1.99392 0.305533 -0.392706
-0.501325 0.305737 -2.29971
1.85171 0.247826 -0.242576
-1.48021 0.280033 2.33675
-2.28707 0.253049 -0.401814
-0.242048 0.392301 0.709981
0.298528 0.150226 -0.179998
-1.43663 0.312876 2.37527
-1.94767 0.316421 1.43816
0.811046 0.150232 -0.167007
-0.675153 0.315365 -1.23677
0.0294353 0.326755 -0.688024
0.811046 0.150232 -0.167007
0.486148 0.285582 -1.37861
-2.75459 0.283384 -2.75328
-0.662141 0.30585 -2.25899
-2.27375 0.262764 -0.40857
0.680865 0.424779 0.146501
1.7848 0.27269 -2.24051
-0.807007 0.704235 -1.80582
-2.64873 0.389378 -2.75528
-1.26275 0.298626 0.0413029
-0.65537 0.328964 -2.78156
0.736684 0.402123 -2.81738
-1.1218 0.245202 -1.32561
-2.29997 0.351905 -1.40345
-1.8455 0.369885 -2.84204
-2.20981 0.301217 -1.11704
-1.96434 0.767514 0.420632
-2.22239 0.313008 0.937791
-2.37564 0.271734 -2.51359
-1.40279 0.360409 -0.0515489
-2.82663 0.332328 -2.3703
0.0457119 0.15001 -0.205246
-2.62731 0.375152 -1.33987
-2.57711 0.320244 -0.973219
0.0750066 0.244668 -1.12456
-1.65314 0.326878 -2.41777
-1.82711 0.419107 1.30911
-0.882152 0.301208 -2.34791
0.310246 0.453049 -2.71852
-0.0105198 0.289509 -1.9624
-2.49357 0.47763 -0.273686
0.681538 0.345916 -2.35302
-0.252413 0.298265 0.668748
-2.11508 1.74596 1.16481
-0.739229 0.761842 1.73851
0.0254889 0.15001 0.288106
-0.456855 0.26984 -1.4297
2.24823 0.15001 -2.13267
-1.85787 0.25373 -1.3617
-0.0325665 0.306125 -0.778122
-2.69109 0.576417 -1.44834
-1.1148 0.310405 -2.04216
0.549883 0.34805 -0.206615
0.951781 0.335779 0.0246823
-2.09437 0.485603 0.186877
0.693199 0.279819 -1.4017
-1.40461 0.363236 -1.21463
-0.792328 0.46301 -1.2901
-2.60194 0.315042 -2.72375
1.07569 0.76737 -1.89131
-2.26675 0.344921 -2.41491
0.120185 0.345541 -2.66368
1.16508 0.15001 -2.34152
0.428926 0.305171 -2.84999
-1.71925 0.738046 -0.324902
-0.832623 0.345971 -2.7225
0.0745409 0.255734 -2.03991
2.27745 0.333763 -0.411699
-0.928001 2.57078 -2.37626
0.500327 2.20484 -1.21291
1.19482 0.285327 -2.24452
-0.308872 0.312467 -2.82669
0.289005 0.30174 -1.41785
1.02779 0.770287 -2.07933
0.019218 0.261484 -2.02576
1.37607 1.73987 -1.90759
-2.81882 0.328189 -1.07204
0.667722 0.320703 -2.1077
1.01157 0.304324 -0.267645
0.711164 0.283855 -2.65515
0.148889 0.292644 -0.228443
-2.84702 0.388703 -2.83769
0.0101451 0.320041 -2.65181
2.84743 0.401582 -1.84391
-2.07435 0.359723 -0.0674719
-2.29095 0.403264 -2.61767
1.13023 0.374949 0.304039
1.04427 0.229135 -1.94825
-1.09133 0.596934 -1.8226
-0.246664 0.298336 -1.67076
-1.17708 0.312458 -1.57319
-2.22696 0.330543 -1.83819
-0.926768 0.15001 0.827211
2.60431 0.607313 -1.82749
-1.76184 0.287868 -1.05699
-1.36859 0.258797 -2.25174
1.10515 0.306488 -0.704381
-0.149957 0.326151 -0.00123702
0.871398 0.238657 -2.50422
-2.84535 0.308829 -1.58222
-1.81541 0.337222 -2.68954
-1.1631 0.313269 -2.36969
1.49824 0.275877 -2.28543
-2.21178 0.287145 -1.43237
-0.707094 0.305255 0.375219
0.0254917 0.15001 0.288097
1.4624 0.552361 -1.84741
-1.3676 0.298246 -0.200834
-1.00689 0.403392 0.308723
-0.309984 0.289254 -0.335602
2.57189 0.461299 -2.16657
1.95738 2.45524 -2.34979
0.385769 0.424168 -0.384064
0.837143 0.406719 -2.82775
0.350579 0.30544 -1.39072
-0.450095 0.318907 -1.36837
-0.584169 0.290796 -2.22696
1.82745 0.15001 -2.71356
-1.53514 0.285574 0.169189
-2.01313 0.285885 2.43878
-0.126779 0.503468 -1.60055
-2.01368 0.483841 -2.36483
2.225 0.568313 -1.8108
-1.73718 0.313519 -0.31323
-1.56127 0.286829 -2.46574
-1.47935 0.421902 -2.13304
0.866006 0.444081 -1.3631
0.280655 0.418574 -2.67655
-2.2821 0.294639 0.985368
1.08926 0.15001 -0.51686
-1.73782 0.43662 -1.24955
-0.622179 0.311921 -2.73105
1.99885 0.318645 -1.30036
0.0230751 0.15001 0.286843
-0.131126 0.34279 -0.322665
-0.935171 0.400458 -2.06341
2.7916 0.307647 0.747608
-2.36487 0.26888 2.16442
2.23955 0.279695 -1.24001
-2.12177 0.313134 1.06874
0.193419 0.29182 -1.08519
-1.97659 0.346454 -0.0332484
-0.413284 0.403658 -0.833776
0.392374 0.783845 -0.697213
0.470081 0.314461 -2.75021
-2.77139 2.89371 -2.33323
0.740634 0.169865 0.122126
-0.96173 1.31571 -0.83768
0.272992 0.316253 -2.74147
-2.12517 0.946146 -1.81735
1.49311 0.317505 1.80231
-2.54732 0.343817 0.837134
1.41964 0.997369 0.819041
-0.975455 1.30459 -0.776991
1.54188 0.42908 -1.7498
-0.289635 0.30371 -0.837515
0.791569 1.19459 0.728941
0.353304 0.373831 -2.04786
-0.63622 0.472116 -0.622872
-2.11657 0.322022 -2.3221
-2.47721 0.254328 -2.20449
-1.88606 0.316918 -2.82176
-1.98267 0.318055 -2.47354
-0.4905 0.486659 -1.953
2.05581 0.537332 -2.82092
-0.476506 0.249117 -1.46551
-1.84703 0.298852 -2.75083
-0.0872161 0.263533 -1.30202
2.81459 0.490966 -2.18932
2.8454 0.909835 -2.26841
-1.80196 0.312764 -0.23367
-0.193019 0.6017 -0.0230586
1.49565 1.18351 -2.47298
0.50032 2.20465 -1.21291
1.15395 0.643826 -2.79591
1.39935 1.48471 -0.176407
-0.919727 0.281643 -2.21303
-0.383219 0.606952 0.589369
-0.565771 0.366866 -2.37071
0.771126 0.893335 -1.95506
2.27836 0.334936 -0.395751
1.12399 0.705558 -2.69719
2.14383 0.15001 -1.632
0.783522 0.348857 -1.89852
2.21399 0.362507 -2.50346
-0.493799 2.70528 -2.3005
-0.44088 0.423065 0.11012
2.84998 0.411587 -1.83713
-2.13071 0.427609 -2.7858
0.489062 0.280649 -1.94374
0.525105 0.38881 -1.0314
1.18005 1.02985 -1.65858
-0.42289 0.272402 -2.19391
2.83289 0.402742 -2.72731
0.970546 1.37094 -2.65889
0.378706 0.335008 -2.42274
2.53876 0.43659 -2.09082
1.75772 0.374477 1.08719
-1.6265 0.610633 -0.590969
-2.83827 0.33345 0.661389
2.49544 0.32598 -1.00609
1.76315 0.279986 0.57074
0.708791 0.516209 -2.84826
-0.207452 0.341865 -1.06438
0.816635 0.312453 -2.75274
0.786318 0.794401 0.825981
1.82381 0.590483 -1.26682
1.25591 0.655234 -2.75207
2.55021 0.440812 -1.46586
-1.42809 0.28631 0.0314404
2.60124 0.324609 -2.79082
-1.03765 0.187388 -1.21146
1.89807 0.426925 -2.15092
-0.795853 0.15001 0.0858069
0.884421 0.522436 -0.0619
-0.555618 0.302991 -2.73864
-0.495895 0.15001 0.8026
0.0230751 0.15001 0.286843
1.41292 0.15001 -2.36181
0.522896 0.300062 -0.0448594
-0.456385 0.369222 0.257969
-1.55481 0.290279 -2.44558
-2.13096 0.577365 -1.05282
0.0230751 0.15001 0.286843
0.0603741 0.15001 0.412353
2.27664 0.415469 -2.39207
0.660211 0.370529 -2.15659
-0.26121 0.274565 -1.50234
0.865043 2.05738 -0.323623
-1.6354 2.94097 0.360418
-0.211457 0.706537 1.08066
0.835428 0.681008 -2.84574
0.0147728 1.82219 -2.29467
-1.58364 0.307378 -2.64172
-2.67299 0.28368 -0.198352
0.598722 0.326243 -2.83869
2.64581 0.40159 -2.57413
0.555443 1.05194 -1.23784
0.519612 0.338004 0.646142
-1.58766 0.40703 -2.35287
2.16906 2.04063 -1.93798
-2.63926 1.05787 -0.486525
-1.621 0.330651 -1.92434
-0.548639 0.322191 -2.70854
2.21506 0.847133 -2.63412
-0.946372 0.310487 -1.091
2.7768 0.337922 -2.78337
-0.339042 0.313521 -0.347783
-1.69979 0.33532 1.0273
0.0254917 0.15001 0.288097
0.0230751 0.15001 0.286843
