1877 0.1
-0.445885 1.54761 -1.76515
-0.44728 1.55394 -1.58295
-0.448633 1.56011 -1.39996
-0.449944 1.56597 -1.2162
-0.451203 1.57176 -1.03168
-0.452411 1.57718 -0.846449
-0.453561 1.58244 -0.660504
-0.454652 1.58719 -0.473881
-0.455686 1.59194 -0.286615
-0.456648 1.5963 -0.0987309
-0.457538 1.60025 0.0897339
-0.458355 1.60386 0.278737
-0.459089 1.60738 0.468234
-0.459745 1.61015 0.658179
-0.460311 1.61288 0.848522
-0.460791 1.6149 1.03918
-0.461177 1.61672 1.23018
-0.461471 1.61806 1.42137
-0.461667 1.61886 1.61276
-0.461761 1.61925 1.80416
-0.444396 1.72864 -1.75868
-0.445757 1.73498 -1.57666
-0.447075 1.74131 -1.39387
-0.448346 1.74725 -1.21034
-0.449573 1.75318 -1.02607
-0.450743 1.75872 -0.841077
-0.451861 1.76387 -0.655399
-0.452918 1.76902 -0.469058
-0.453914 1.77377 -0.282089
-0.454845 1.77812 -0.0945196
-0.455705 1.78208 0.0936096
-0.456487 1.78596 0.28226
-0.457197 1.78921 0.471388
-0.457828 1.79229 0.66095
-0.458372 1.79475 0.850897
-0.45883 1.79704 1.04116
-0.459201 1.7987 1.23171
-0.45948 1.80001 1.42246
-0.459668 1.801 1.61336
-0.459762 1.80147 1.80435
-0.44287 1.90877 -1.75207
-0.444198 1.91522 -1.57024
-0.445484 1.92155 -1.38769
-0.446724 1.92788 -1.20437
-0.447914 1.93382 -1.02034
-0.449051 1.93936 -0.83561
-0.450135 1.94474 -0.650204
-0.451159 1.94973 -0.464165
-0.452121 1.95452 -0.277503
-0.453019 1.95911 -0.0902589
-0.45385 1.96311 0.0975276
-0.454607 1.96691 0.285818
-0.45529 1.97023 0.474574
-0.455893 1.97336 0.663745
-0.456423 1.97577 0.853282
-0.456863 1.97815 1.04314
-0.457217 1.97973 1.23325
-0.457486 1.98119 1.42355
-0.457664 1.9821 1.61405
-0.457754 1.9825 1.80465
-0.441314 2.08793 -1.7453
-0.442608 2.09466 -1.5637
-0.443862 2.10107 -1.38136
-0.445069 2.10732 -1.19829
-0.446227 2.1133 -1.01452
-0.44733 2.1192 -0.830059
-0.448384 2.12458 -0.644945
-0.449375 2.12972 -0.459203
-0.45031 2.13463 -0.272862
-0.451179 2.13898 -0.0859536
-0.451978 2.14326 0.101482
-0.452712 2.14691 0.289408
-0.453365 2.15047 0.477778
-0.453952 2.15336 0.666555
-0.454454 2.15601 0.855681
-0.454879 2.15826 1.04512
-0.455221 2.15997 1.23483
-0.455483 2.16131 1.42471
-0.455651 2.1623 1.61474
-0.455738 2.16274 1.80485
-0.439726 2.26622 -1.73842
-0.440992 2.27326 -1.55705
-0.442212 2.27964 -1.37494
-0.443387 2.28601 -1.19213
-0.444512 2.2923 -1.00861
-0.445588 2.29792 -0.824439
-0.446608 2.30338 -0.639617
-0.447572 2.30869 -0.454182
-0.448475 2.31367 -0.26817
-0.449316 2.31803 -0.081605
-0.45009 2.32239 0.105471
-0.450795 2.32611 0.29302
-0.451431 2.32951 0.481006
-0.451995 2.33268 0.66938
-0.45248 2.33521 0.858095
-0.45289 2.33743 1.0471
-0.453217 2.33925 1.23636
-0.453464 2.34059 1.42582
-0.453633 2.34138 1.61543
-0.453712 2.34182 1.80505
-0.263505 0.631941 -1.79625
-0.264741 0.637442 -1.61324
-0.265949 0.642627 -1.42939
-0.267121 0.647788 -1.2447
-0.268261 0.652735 -1.05917
-0.269365 0.657682 -0.872838
-0.270423 0.662075 -0.685705
-0.271437 0.666666 -0.497806
-0.2724 0.670743 -0.309157
-0.273307 0.674698 -0.119794
-0.274158 0.678616 0.0702543
-0.27494 0.681822 0.260945
-0.275655 0.684988 0.452238
-0.276293 0.687759 0.644075
-0.276855 0.690213 0.836407
-0.279363 0.622821 1.02708
-0.279463 0.623171 1.60841
-0.262508 0.817032 -1.79068
-0.263715 0.822573 -1.6078
-0.26489 0.828114 -1.4241
-0.26603 0.833273 -1.23955
-0.267138 0.838418 -1.05419
-0.268207 0.843563 -0.868034
-0.269233 0.848312 -0.681104
-0.270211 0.852824 -0.493423
-0.271141 0.857098 -0.305006
-0.272014 0.861373 -0.115901
-0.272828 0.864935 0.0738674
-0.273577 0.868497 0.264258
-0.274262 0.871661 0.455223
-0.274873 0.874431 0.646717
-0.275405 0.877123 0.838687
-0.275855 0.879181 1.03107
-0.276221 0.880764 1.22375
-0.279381 0.813832 1.41596
-0.276684 0.883138 1.60999
-0.276778 0.883534 1.80327
-0.261471 1.00129 -1.7849
-0.262646 1.00695 -1.60216
-0.263794 1.01277 -1.4186
-0.264905 1.01823 -1.23422
-0.265978 1.02345 -1.04904
-0.267015 1.0286 -0.863087
-0.268007 1.03339 -0.67637
-0.268951 1.0381 -0.488921
-0.269849 1.04249 -0.300757
-0.27069 1.0468 -0.111923
-0.271472 1.05077 0.0775538
-0.272192 1.05434 0.267631
-0.272847 1.0575 0.458261
-0.273429 1.06027 0.649403
-0.273938 1.06281 0.840993
-0.274366 1.06502 1.03295
-0.274715 1.0666 1.22529
-0.274977 1.06795 1.41782
-0.275155 1.06898 1.61059
-0.275244 1.06937 1.80346
-0.2604 1.18472 -1.77891
-0.261548 1.19066 -1.59633
-0.262661 1.19649 -1.41294
-0.263745 1.20215 -1.22874
-0.264786 1.20769 -1.04375
-0.265793 1.21283 -0.858006
-0.26675 1.2179 -0.671517
-0.267665 1.22273 -0.48431
-0.268528 1.22708 -0.296418
-0.26934 1.23143 -0.107867
-0.270092 1.23539 0.081305
-0.270782 1.23895 0.271057
-0.27141 1.24212 0.461345
-0.271967 1.24517 0.652119
-0.272454 1.24766 0.843328
-0.272862 1.24976 1.03493
-0.273196 1.25162 1.22681
-0.273446 1.25281 1.41894
-0.273614 1.2536 1.61128
-0.273698 1.25411 1.80366
-0.259295 1.36732 -1.77276
-0.260413 1.3733 -1.59032
-0.261499 1.37927 -1.40711
-0.262552 1.38517 -1.22311
-0.263566 1.39071 -1.03834
-0.264539 1.39625 -0.852811
-0.265469 1.4014 -0.66656
-0.266352 1.40616 -0.47961
-0.267185 1.41083 -0.291995
-0.267969 1.41506 -0.103742
-0.268692 1.41914 0.0851132
-0.269357 1.42278 0.274529
-0.269958 1.42594 0.464462
-0.270493 1.42911 0.65486
-0.270955 1.43148 0.845678
-0.271348 1.43382 1.03686
-0.271665 1.43544 1.2283
-0.271905 1.43671 1.42008
-0.272063 1.43774 1.61197
-0.272142 1.43821 1.80396
-0.258159 1.54899 -1.76641
-0.25925 1.55532 -1.58416
-0.260309 1.56146 -1.40114
-0.26133 1.5674 -1.21733
-0.262315 1.5731 -1.03279
-0.26326 1.57849 -0.847498
-0.264163 1.58383 -0.661508
-0.265016 1.58878 -0.474831
-0.265822 1.59353 -0.287503
-0.266574 1.59788 -0.0995559
-0.267272 1.60184 0.0889717
-0.26791 1.6056 0.278044
-0.268489 1.60896 0.467614
-0.269001 1.61193 0.65763
-0.269446 1.6145 0.848052
-0.26982 1.61672 1.0388
-0.270126 1.61846 1.22988
-0.270354 1.61969 1.42117
-0.270505 1.62072 1.61257
-0.270582 1.62119 1.80416
-0.256997 1.72983 -1.75991
-0.25806 1.73656 -1.57785
-0.259089 1.74273 -1.39504
-0.260084 1.74883 -1.21145
-0.261041 1.75465 -1.02713
-0.261959 1.76027 -0.842096
-0.262832 1.76545 -0.656368
-0.263658 1.7706 -0.469973
-0.264437 1.77535 -0.282945
-0.265164 1.77971 -0.0953174
-0.265835 1.78374 0.0928756
-0.266451 1.78762 0.281592
-0.267007 1.79087 0.470795
-0.267499 1.79395 0.660425
-0.267927 1.79653 0.850447
-0.268286 1.7987 1.04077
-0.268575 1.80048 1.23143
-0.268796 1.80187 1.42226
-0.268942 1.80266 1.61326
-0.269016 1.80306 1.80435
-0.255804 1.91007 -1.75326
-0.256841 1.9168 -1.57141
-0.257848 1.92313 -1.3888
-0.258815 1.92927 -1.20545
-0.259745 1.9352 -1.02138
-0.260633 1.94094 -0.836599
-0.261481 1.94625 -0.651144
-0.262283 1.95131 -0.465046
-0.263035 1.95618 -0.278329
-0.263737 1.96073 -0.0910294
-0.264385 1.96469 0.0968192
-0.264979 1.96865 0.285176
-0.265513 1.97193 0.473998
-0.265986 1.97498 0.66324
-0.266396 1.97771 0.852846
-0.266743 1.97973 1.04275
-0.26702 1.98171 1.23295
-0.267232 1.98289 1.42335
-0.267371 1.98377 1.61395
-0.26744 1.98428 1.80455
-0.25459 2.08943 -1.74648
-0.255601 2.09616 -1.56484
-0.256581 2.10257 -1.38246
-0.257523 2.10891 -1.19935
-0.258426 2.11484 -1.01553
-0.25929 2.12078 -0.831019
-0.260111 2.12616 -0.64586
-0.260888 2.13135 -0.460064
-0.261617 2.13621 -0.273661
-0.262295 2.14057 -0.0866969
-0.262923 2.14493 0.100799
-0.263495 2.14865 0.288786
-0.264009 2.15205 0.477226
-0.264464 2.15522 0.666065
-0.26486 2.15775 0.855265
-0.265192 2.15997 1.04478
-0.265459 2.16179 1.23453
-0.265662 2.16313 1.42454
-0.265798 2.16392 1.61464
-0.265862 2.1644 1.80478
-0.253351 2.26776 -1.73957
-0.254337 2.27449 -1.55815
-0.255292 2.28122 -1.37601
-0.25621 2.28755 -1.19315
-0.257088 2.29377 -1.00959
-0.257927 2.29947 -0.825369
-0.258726 2.30501 -0.640503
-0.259478 2.31035 -0.455018
-0.260183 2.31526 -0.268944
-0.260841 2.31977 -0.0823248
-0.261447 2.32397 0.10481
-0.261998 2.32793 0.292426
-0.262495 2.33133 0.480471
-0.262936 2.33426 0.66891
-0.263314 2.33703 0.857695
-0.263636 2.33925 1.0468
-0.263893 2.34099 1.23611
-0.264088 2.34233 1.42563
-0.264217 2.34336 1.61524
-0.264279 2.34376 1.80505
-0.0740965 0.632732 -1.79732
-0.0749827 0.638273 -1.61431
-0.0758472 0.643418 -1.43042
-0.0766895 0.648579 -1.2457
-0.0775076 0.653724 -1.06013
-0.0782992 0.658474 -0.873763
-0.0790598 0.663223 -0.686601
-0.0797876 0.667577 -0.498657
-0.0804803 0.67193 -0.309961
-0.0811339 0.675886 -0.120548
-0.0817436 0.679606 0.0695509
-0.0823089 0.68301 0.260301
-0.0828221 0.686176 0.451651
-0.0832828 0.688946 0.643555
-0.0836854 0.691558 0.835962
-0.084028 0.693695 1.02879
-0.0959771 0.607073 1.21187
-0.0909581 0.677692 1.35198
-0.073381 0.817823 -1.79173
-0.0742449 0.823364 -1.60883
-0.0750878 0.828919 -1.4251
-0.0759078 0.83446 -1.24052
-0.0767018 0.839605 -1.05512
-0.0774687 0.844473 -0.868939
-0.0782045 0.849381 -0.681965
-0.0789077 0.853853 -0.494239
-0.0795737 0.858207 -0.305783
-0.080202 0.862402 -0.116627
-0.0807876 0.866122 0.0731933
-0.0813281 0.869684 0.263639
-0.0818203 0.872848 0.454667
-0.0822594 0.875737 0.646227
-0.0826428 0.878389 0.838257
-0.0829668 0.880368 1.03067
-0.0832303 0.882109 1.2235
-0.08343 0.883534 1.41654
-0.0726383 1.00208 -1.78593
-0.0734812 1.00802 -1.60316
-0.0743025 1.01356 -1.41957
-0.075099 1.0191 -1.23516
-0.0758695 1.02456 -1.04995
-0.0766134 1.02971 -0.863957
-0.0773246 1.03453 -0.677201
-0.0780042 1.03928 -0.489712
-0.0786467 1.04364 -0.301504
-0.0792515 1.04799 -0.11262
-0.0798136 1.05192 0.0769072
-0.0803318 1.05552 0.26704
-0.0808018 1.05869 0.457729
-0.0812205 1.06146 0.648933
-0.0815853 1.06423 0.840587
-0.0818945 1.06621 1.03265
-0.0821456 1.06795 1.22503
-0.0823354 1.06937 1.41766
-0.161873 1.10167 1.78294
-0.0718709 1.18551 -1.77991
-0.0726921 1.19145 -1.5973
-0.0734917 1.1974 -1.41387
-0.0742666 1.20306 -1.22965
-0.0750155 1.20848 -1.04463
-0.0757353 1.21394 -0.858852
-0.0764236 1.21885 -0.672323
-0.0770797 1.22376 -0.485072
-0.0776993 1.22827 -0.297136
-0.0782812 1.23262 -0.108539
-0.0788229 1.23658 0.0806839
-0.0793195 1.24014 0.27049
-0.0797691 1.24335 0.460831
-0.0801692 1.24647 0.651669
-0.0805192 1.24885 0.842942
-0.0808142 1.25122 1.0346
-0.0810517 1.25281 1.22652
-0.0812328 1.25415 1.4188
-0.109135 1.20366 1.58902
-0.118654 1.22138 1.80786
-0.0710794 1.36815 -1.77372
-0.0718808 1.37448 -1.59128
-0.0726588 1.38042 -1.40802
-0.073412 1.38632 -1.224
-0.0741392 1.3919 -1.03918
-0.0748368 1.3972 -0.853623
-0.075504 1.40239 -0.667341
-0.0761372 1.40734 -0.480352
-0.0767365 1.41197 -0.29269
-0.0772967 1.41625 -0.104389
-0.0778168 1.42036 0.0845159
-0.078293 1.42397 0.273985
-0.0787252 1.42725 0.463972
-0.0791093 1.4303 0.654434
-0.0794432 1.43283 0.845312
-0.079724 1.43505 1.03654
-0.0799521 1.43671 1.2281
-0.0801234 1.43821 1.41989
-0.0802391 1.439 1.61183
-0.0802966 1.4394 1.80386
-0.0702662 1.54998 -1.76735
-0.0710472 1.55631 -1.58509
-0.0718054 1.56261 -1.40204
-0.0725375 1.56858 -1.2182
-0.0732438 1.57413 -1.03362
-0.0739203 1.57967 -0.84829
-0.0745665 1.5849 -0.662265
-0.0751787 1.58996 -0.475544
-0.0757569 1.59471 -0.288174
-0.076298 1.59907 -0.100182
-0.0767983 1.60302 0.0883972
-0.0772565 1.60694 0.27752
-0.0776709 1.61015 0.467146
-0.0780394 1.61331 0.65722
-0.0783591 1.61573 0.847701
-0.0786269 1.61806 1.03851
-0.0788458 1.61969 1.22966
-0.0790097 1.62123 1.42098
-0.0791198 1.62202 1.61247
-0.0791742 1.62242 1.80406
-0.0694326 1.73102 -1.76082
-0.0701944 1.73735 -1.57876
-0.0709322 1.74368 -1.39591
-0.0716446 1.7499 -1.21228
-0.0723304 1.75564 -1.02794
-0.0729871 1.76133 -0.842863
-0.0736129 1.76665 -0.6571
-0.0742054 1.77179 -0.470666
-0.0747644 1.77654 -0.283593
-0.0752857 1.78089 -0.0959197
-0.0757681 1.78505 0.0923218
-0.076209 1.78881 0.28109
-0.0766072 1.79225 0.470344
-0.076961 1.79514 0.66003
-0.0772664 1.79791 0.85011
-0.0775255 1.80001 1.04051
-0.0777339 1.80187 1.23117
-0.077891 1.80306 1.42207
-0.0779961 1.80409 1.61316
-0.0780481 1.8046 1.80435
-0.0685804 1.91122 -1.75416
-0.0693225 1.91767 -1.57229
-0.0700417 1.92424 -1.38966
-0.0707349 1.93026 -1.20627
-0.0714009 1.93619 -1.02216
-0.0720385 1.94213 -0.837341
-0.0726445 1.94739 -0.651856
-0.073219 1.9525 -0.465714
-0.0737589 1.95741 -0.278955
-0.0742623 1.96192 -0.0916107
-0.0747273 1.966 0.0962858
-0.0751528 1.96983 0.284689
-0.0755355 1.97336 0.473565
-0.075875 1.97625 0.662859
-0.07617 1.97894 0.852525
-0.0764174 1.98119 1.04254
-0.0766171 1.98289 1.23275
-0.076768 1.98428 1.42325
-0.0768688 1.98527 1.61385
-0.0769189 1.98567 1.80455
-0.067711 2.0903 -1.74736
-0.0684351 2.09703 -1.56569
-0.0691357 2.10376 -1.38328
-0.0698098 2.11009 -1.20014
-0.0704573 2.11603 -1.01629
-0.0710757 2.12189 -0.831741
-0.0716644 2.12731 -0.646543
-0.0722197 2.13257 -0.460707
-0.0727422 2.1374 -0.274267
-0.0732289 2.14191 -0.0872584
-0.0736779 2.14611 0.100284
-0.0740879 2.15007 0.28832
-0.0744571 2.15336 0.476805
-0.0747848 2.1564 0.665704
-0.0750674 2.15918 0.854959
-0.0753055 2.16131 1.04453
-0.0754978 2.16313 1.23433
-0.0756425 2.1644 1.42434
-0.075739 2.16543 1.61455
-0.0757866 2.1659 1.80475
-0.0668248 2.26895 -1.74043
-0.0675316 2.27568 -1.55899
-0.0682131 2.28241 -1.37681
-0.0688698 2.28874 -1.19392
-0.0694994 2.29487 -1.01033
-0.0701004 2.30061 -0.826072
-0.0706712 2.30619 -0.641171
-0.0712098 2.31162 -0.455641
-0.0717163 2.31644 -0.26953
-0.0721863 2.32112 -0.082869
-0.0726204 2.3252 0.104313
-0.0730162 2.32911 0.291975
-0.0733724 2.33268 0.480071
-0.0736878 2.33572 0.668558
-0.0739605 2.33822 0.857393
-0.0741893 2.34059 1.0465
-0.0743742 2.34233 1.23592
-0.0745127 2.34376 1.42551
-0.0746055 2.34455 1.61524
-0.0746525 2.34499 1.80495
0.115451 0.633326 -1.79804
0.114919 0.638669 -1.615
0.114399 0.64421 -1.4311
0.113892 0.649371 -1.24637
0.113401 0.654318 -1.06079
0.112926 0.659265 -0.874391
0.112469 0.663975 -0.687194
0.112031 0.668368 -0.499221
0.111614 0.672719 -0.310503
0.111221 0.676677 -0.121055
0.110854 0.680279 0.0690797
0.110514 0.683801 0.259868
0.110204 0.686967 0.451258
0.109927 0.689738 0.643209
0.109684 0.692508 0.83566
0.109478 0.694487 1.02855
0.109311 0.69607 1.22177
0.107733 0.629997 1.4133
-0.065254 1.51321 1.82673
0.11588 0.818417 -1.79243
0.115361 0.824156 -1.6095
0.114855 0.829711 -1.42575
0.114362 0.834856 -1.24116
0.113886 0.84012 -1.05576
0.113425 0.845146 -0.869533
0.112983 0.849895 -0.682544
0.11256 0.854645 -0.494788
0.112159 0.858998 -0.306303
0.111781 0.863075 -0.117113
0.111429 0.866914 0.0727419
0.111103 0.870476 0.263227
0.110808 0.87364 0.454296
0.110544 0.876648 0.645895
0.110313 0.879181 0.837975
0.110118 0.88116 1.03048
0.109959 0.883138 1.22334
0.109838 0.884326 1.41643
0.0234611 1.00972 1.51988
0.0691138 1.37708 1.85584
0.116326 1.00271 -1.78661
0.11582 1.00841 -1.60383
0.115327 1.01435 -1.42021
0.114848 1.01989 -1.23579
0.114385 1.02504 -1.05056
0.113939 1.03022 -0.864541
0.113511 1.03533 -0.67776
0.113103 1.04008 -0.490237
0.112716 1.04443 -0.302006
0.112354 1.04879 -0.113089
0.112015 1.05271 0.0764738
0.111703 1.05631 0.266642
0.111421 1.05948 0.457375
0.111169 1.06233 0.648616
0.110949 1.06502 0.84032
0.110763 1.067 1.03243
0.110612 1.06898 1.22484
0.110497 1.07017 1.41751
0.0673544 1.11563 1.549
0.112189 1.24863 1.8372
0.116786 1.18627 -1.78058
0.116293 1.19224 -1.59795
0.115813 1.19819 -1.41451
0.115348 1.20373 -1.23026
0.114898 1.20927 -1.04522
0.114466 1.21454 -0.859411
0.114052 1.21956 -0.672862
0.113659 1.22443 -0.485586
0.113286 1.22906 -0.297618
0.112936 1.23341 -0.108988
0.112611 1.23737 0.0802681
0.112313 1.24093 0.270109
0.112042 1.24426 0.460492
0.111801 1.24727 0.651367
0.111591 1.24972 0.842685
0.111414 1.25201 1.03435
0.11127 1.25364 1.22642
0.111161 1.25518 1.41861
0.101593 1.2057 1.5919
0.10646 1.22431 1.80529
0.117262 1.36894 -1.77437
0.11678 1.37492 -1.5919
0.116313 1.38113 -1.40864
0.115861 1.38683 -1.22459
0.115425 1.39261 -1.03975
0.115005 1.39783 -0.854172
0.114605 1.40306 -0.667861
0.114224 1.40813 -0.480847
0.113865 1.41273 -0.293155
0.113527 1.41708 -0.104822
0.113216 1.42119 0.0841164
0.112929 1.42476 0.27362
0.112669 1.42816 0.463646
0.112439 1.43109 0.654147
0.112238 1.43378 0.845069
0.112069 1.43584 1.03632
0.111932 1.43774 1.2279
0.111828 1.439 1.41979
0.111759 1.4398 1.61177
0.111724 1.44027 1.80386
0.117749 1.55077 -1.768
0.117281 1.55711 -1.58572
0.116825 1.56312 -1.40264
0.116386 1.56914 -1.21877
0.115962 1.57492 -1.03417
0.115556 1.58047 -0.848824
0.115168 1.58561 -0.662765
0.1148 1.59076 -0.476018
0.114453 1.5955 -0.288621
0.114129 1.59986 -0.100598
0.113828 1.60382 0.0880127
0.113552 1.60777 0.27717
0.113304 1.61098 0.466832
0.113082 1.61411 0.656947
0.11289 1.61668 0.847464
0.112729 1.61886 1.03832
0.112597 1.62072 1.22949
0.112498 1.62202 1.42088
0.112433 1.62281 1.61247
0.1124 1.62329 1.80406
0.11825 1.73169 -1.76146
0.117793 1.73814 -1.57936
0.117349 1.74447 -1.39649
0.116922 1.75049 -1.21285
0.11651 1.75635 -1.02847
0.116117 1.76201 -0.843377
0.115741 1.76744 -0.657585
0.115385 1.77258 -0.471121
0.115049 1.77733 -0.284025
0.114736 1.78169 -0.0963192
0.114446 1.78592 0.0919518
0.114182 1.7896 0.280754
0.113942 1.79316 0.47004
0.11373 1.79605 0.659767
0.113546 1.7987 0.849878
0.11339 1.801 1.04034
0.113265 1.80266 1.23107
0.113171 1.80409 1.42197
0.113108 1.80504 1.61306
0.113076 1.80543 1.80428
0.11876 1.9117 -1.75477
0.118315 1.91838 -1.57287
0.117883 1.92483 -1.39021
0.117467 1.93105 -1.20681
0.117068 1.93698 -1.02267
0.116686 1.94284 -0.837846
0.116322 1.94815 -0.652331
0.115977 1.95329 -0.466159
0.115653 1.95824 -0.279375
0.115351 1.96271 -0.091999
0.115071 1.96691 0.0959287
0.114816 1.97063 0.284368
0.114586 1.97419 0.473273
0.114381 1.9772 0.662602
0.114205 1.97973 0.852307
0.114056 1.9821 1.04235
0.113936 1.98377 1.23265
0.113845 1.98527 1.42315
0.113785 1.98606 1.61375
0.113755 1.98646 1.80455
0.119282 2.0911 -1.74795
0.118847 2.09782 -1.56627
0.118428 2.10455 -1.38384
0.118023 2.11084 -1.20067
0.117634 2.11682 -1.0168
0.117263 2.12264 -0.832226
0.11691 2.1281 -0.646998
0.116576 2.1334 -0.461137
0.116263 2.13819 -0.27467
0.115971 2.14278 -0.0876331
0.115701 2.14691 0.0999396
0.115456 2.15086 0.288006
0.115234 2.15431 0.476528
0.115037 2.15728 0.665457
0.114867 2.15997 0.854746
0.114724 2.1623 1.04433
0.114609 2.16392 1.23424
0.114522 2.16543 1.42424
0.114464 2.1663 1.61445
0.114435 2.16669 1.80475
0.119814 2.26954 -1.741
0.11939 2.27647 -1.55955
0.118981 2.2832 -1.37735
0.118587 2.28953 -1.19443
0.118209 2.29563 -1.01083
0.117849 2.3014 -0.826542
0.117506 2.30702 -0.641611
0.117182 2.31245 -0.456062
0.116879 2.31724 -0.269926
0.116597 2.32199 -0.0832302
0.116336 2.32611 0.103981
0.116099 2.32991 0.291672
0.115885 2.33347 0.479801
0.115696 2.33663 0.668326
0.115532 2.33925 0.85719
0.115394 2.34138 1.04638
0.115284 2.34336 1.23581
0.1152 2.34455 1.42543
0.115144 2.3455 1.61514
0.115117 2.34601 1.80495
0.305071 0.633524 -1.7984
0.304898 0.639065 -1.61534
0.304725 0.644328 -1.43145
0.304576 0.649648 -1.24669
0.304403 0.654516 -1.06111
0.304255 0.659621 -0.874698
0.304106 0.664173 -0.687491
0.303958 0.668764 -0.499508
0.303809 0.673076 -0.31077
0.303686 0.677073 -0.121311
0.303562 0.680635 0.068844
0.303478 0.606485 0.259223
0.303145 0.556499 0.636492
0.303166 0.692904 0.835511
0.303117 0.694883 1.0284
0.303043 0.696505 1.22167
0.354218 0.967398 1.55709
0.305219 0.818615 -1.79277
0.305046 0.824393 -1.60986
0.304873 0.829909 -1.42609
0.304725 0.835252 -1.24147
0.304561 0.840397 -1.05607
0.304403 0.845542 -0.86984
0.304257 0.850291 -0.682831
0.304131 0.85504 -0.495065
0.303987 0.859394 -0.306562
0.303859 0.863431 -0.117357
0.30376 0.867309 0.0725161
0.303636 0.870871 0.26302
0.303537 0.874036 0.454108
0.303463 0.877123 0.645732
0.303389 0.879576 0.837837
0.303315 0.881595 1.03038
0.303265 0.883534 1.22325
0.303223 0.884722 1.41634
0.283591 0.638442 1.60882
0.432391 0.972432 1.74638
0.305368 1.00287 -1.78693
0.305195 1.00881 -1.60415
0.305046 1.01463 -1.42055
0.304873 1.02017 -1.2361
0.304725 1.02543 -1.05085
0.304576 1.03058 -0.864833
0.304438 1.03572 -0.678037
0.304304 1.04047 -0.490504
0.30418 1.04482 -0.302253
0.304057 1.04919 -0.113321
0.30395 1.05307 0.0762574
0.303834 1.05671 0.266444
0.30376 1.05988 0.457195
0.303661 1.06277 0.648458
0.303587 1.06542 0.840181
0.303537 1.06744 1.0323
0.303488 1.06937 1.22474
0.303438 1.07056 1.4175
0.303439 0.989786 1.61052
0.34034 0.945634 1.8511
0.305516 1.18639 -1.7809
0.305368 1.19264 -1.59828
0.305195 1.19847 -1.41483
0.305046 1.20413 -1.23056
0.304898 1.20967 -1.04551
0.304749 1.21481 -0.859698
0.304626 1.21996 -0.673134
0.304482 1.22475 -0.485844
0.304363 1.22946 -0.297858
0.304255 1.23381 -0.109213
0.304141 1.23777 0.0800604
0.304044 1.24133 0.26992
0.303958 1.24469 0.460326
0.303884 1.24766 0.651219
0.303809 1.25023 0.842551
0.303748 1.25241 1.03424
0.30371 1.25411 1.22632
0.303661 1.25558 1.4186
0.303636 1.25637 1.61108
0.303636 1.25676 1.80366
0.305674 1.36914 -1.77469
0.305516 1.37527 -1.59223
0.305368 1.38137 -1.40895
0.305219 1.38715 -1.22489
0.305071 1.39289 -1.04004
0.304922 1.39823 -0.854444
0.304799 1.40337 -0.668123
0.304675 1.40853 -0.481094
0.304551 1.41308 -0.293386
0.304452 1.41747 -0.105039
0.304349 1.42159 0.0839169
0.304255 1.42515 0.273439
0.304156 1.42864 0.463485
0.304081 1.43148 0.654004
0.30402 1.43426 0.844941
0.303958 1.43623 1.03621
0.303908 1.43821 1.22785
0.303884 1.4394 1.41969
0.303859 1.44027 1.6117
0.303859 1.44083 1.80386
0.305838 1.55097 -1.76831
0.305689 1.55742 -1.58601
0.305541 1.56344 -1.40293
0.305392 1.56946 -1.21907
0.305244 1.57532 -1.03444
0.30512 1.58086 -0.849091
0.304997 1.58601 -0.663017
0.304873 1.59115 -0.476256
0.304749 1.5959 -0.288846
0.30465 1.60025 -0.100805
0.304551 1.60425 0.0878212
0.304452 1.60817 0.276996
0.304378 1.61141 0.466676
0.304304 1.6145 0.656809
0.30423 1.61719 0.847345
0.30418 1.61925 1.03822
0.304131 1.62123 1.22939
0.304106 1.62242 1.4208
0.304081 1.62329 1.61237
0.304081 1.6238 1.80406
0.306011 1.73193 -1.76176
0.305862 1.73854 -1.57966
0.305714 1.74487 -1.39678
0.305566 1.75081 -1.21313
0.305425 1.75674 -1.02875
0.305294 1.76236 -0.843634
0.30517 1.76783 -0.657833
0.305054 1.77298 -0.471353
0.304947 1.77773 -0.284241
0.304848 1.78208 -0.0965208
0.304749 1.78636 0.0917672
0.30465 1.79 0.280585
0.304576 1.79356 0.469892
0.304502 1.79653 0.659634
0.304452 1.7991 0.849769
0.304403 1.80147 1.04026
0.304354 1.80306 1.23097
0.304329 1.8046 1.42197
0.304304 1.80543 1.61306
0.304304 1.80583 1.80426
0.306164 1.91205 -1.75506
0.306031 1.91878 -1.57317
0.305887 1.92515 -1.3905
0.305739 1.93144 -1.20709
0.305615 1.93738 -1.02294
0.305491 1.94324 -0.838093
0.305368 1.94854 -0.652569
0.305244 1.95369 -0.466381
0.305145 1.95867 -0.27958
0.305046 1.96311 -0.092192
0.304947 1.96734 0.0957511
0.304873 1.97102 0.284206
0.304799 1.97458 0.47313
0.304725 1.97767 0.662478
0.304675 1.98016 0.852198
0.304626 1.9825 1.04225
0.304576 1.98428 1.23255
0.304551 1.98567 1.42305
0.304527 1.98646 1.61375
0.304527 1.98693 1.80455
0.306332 2.09149 -1.74824
0.306209 2.09822 -1.56655
0.30606 2.10487 -1.38411
0.305937 2.11116 -1.20094
0.305793 2.11722 -1.01704
0.305679 2.12303 -0.832473
0.305566 2.1285 -0.647226
0.305442 2.1338 -0.461355
0.305343 2.13859 -0.274873
0.305244 2.14322 -0.0878199
0.30517 2.1473 0.0997678
0.305071 2.15126 0.287852
0.305002 2.15478 0.47639
0.304947 2.15775 0.665333
0.304895 2.16036 0.854642
0.304848 2.16274 1.04423
0.304799 2.1644 1.23414
0.304774 2.1659 1.42424
0.304749 2.16669 1.61445
0.304749 2.16709 1.80475
0.306518 2.26982 -1.74129
0.306382 2.27687 -1.55982
0.306233 2.28359 -1.37761
0.30611 2.28993 -1.19469
0.305986 2.29598 -1.01107
0.305862 2.3018 -0.826774
0.305763 2.30742 -0.641833
0.30564 2.31284 -0.456264
0.305541 2.31764 -0.270116
0.305467 2.32239 -0.0834107
0.305368 2.32658 0.103815
0.305294 2.33034 0.291523
0.305219 2.33386 0.479667
0.30517 2.33703 0.668207
0.305096 2.33972 0.857091
0.305071 2.34182 1.04631
0.305021 2.34376 1.23572
0.304997 2.34499 1.42533
0.304972 2.34601 1.61514
0.304972 2.34653 1.80495
0.494795 0.655622 -1.80083
0.494983 0.661096 -1.61757
0.495161 0.666296 -1.43347
0.495332 0.671533 -1.24853
0.495494 0.676343 -1.06278
0.49565 0.681348 -0.876202
0.495797 0.685883 -0.688847
0.495953 0.690419 -0.500718
0.49609 0.694681 -0.311843
0.496237 0.69863 -0.122254
0.496359 0.702149 0.0680166
0.496464 0.705668 0.258933
0.50445 0.71573 0.448967
0.496671 0.711568 0.642509
0.49675 0.71427 0.835088
0.496823 0.716226 1.02806
0.497294 0.720177 1.60862
0.494648 0.840892 -1.79527
0.494819 0.846601 -1.61215
0.49499 0.852036 -1.42818
0.495161 0.857314 -1.24338
0.495332 0.862397 -1.0578
0.495479 0.867481 -0.871403
0.495626 0.872171 -0.684242
0.495772 0.876863 -0.496325
0.495919 0.881164 -0.307686
0.496041 0.885113 -0.118352
0.496163 0.888984 0.0716442
0.496261 0.892503 0.262262
0.496359 0.895631 0.453458
0.496457 0.898642 0.645181
0.49653 0.901105 0.837381
0.496603 0.903099 1.03001
0.49666 0.904934 1.22299
0.465936 0.917345 1.42509
0.496763 0.906957 1.6095
0.49673 0.907439 1.80313
0.494501 1.02533 -1.7895
0.494673 1.03119 -1.60651
0.494844 1.03694 -1.42271
0.495002 1.04241 -1.23807
0.495161 1.04763 -1.05265
0.495308 1.05271 -0.866462
0.495455 1.05779 -0.679506
0.495601 1.06248 -0.491823
0.495723 1.06679 -0.303431
0.495846 1.07109 -0.114365
0.495968 1.07492 0.0753408
0.496065 1.07852 0.265647
0.496163 1.08164 0.456506
0.496237 1.0845 0.647879
0.496315 1.08712 0.839697
0.496383 1.08911 1.03191
0.496432 1.09103 1.22444
0.496533 1.09211 1.41727
0.496505 1.09302 1.61026
0.496505 1.09357 1.80332
0.494355 1.20905 -1.78354
0.494519 1.21523 -1.60071
0.494673 1.22097 -1.41705
0.494844 1.22657 -1.2326
0.49499 1.23204 -1.04737
0.495137 1.23712 -0.861388
0.495274 1.24221 -0.674658
0.495406 1.24694 -0.487219
0.495528 1.25159 -0.299086
0.49565 1.25589 -0.110304
0.495753 1.2598 0.0790975
0.495868 1.26332 0.26908
0.495943 1.26664 0.459599
0.496041 1.26958 0.650602
0.496112 1.27208 0.842039
0.496163 1.27427 1.03382
0.496212 1.27595 1.226
0.496249 1.2774 1.41838
0.496273 1.27819 1.61095
0.496285 1.27858 1.80362
0.494184 1.39196 -1.7774
0.494355 1.39806 -1.59472
0.494501 1.40409 -1.41125
0.49466 1.4098 -1.227
0.494812 1.41547 -1.04197
0.494941 1.42075 -0.856198
0.495088 1.42583 -0.669707
0.49521 1.43092 -0.482517
0.495332 1.43541 -0.29467
0.495455 1.43971 -0.10618
0.495552 1.44382 0.0829077
0.49565 1.44734 0.272556
0.495748 1.45078 0.46272
0.495821 1.45359 0.653353
0.495894 1.45633 0.844399
0.495943 1.45829 1.03578
0.495992 1.46024 1.22752
0.496017 1.46141 1.41945
0.496041 1.46227 1.61155
0.496065 1.46278 1.80381
0.494013 1.57406 -1.7711
0.494184 1.58043 -1.58859
0.49433 1.58638 -1.40531
0.494477 1.59228 -1.22124
0.494624 1.59811 -1.03643
0.49477 1.60358 -0.850899
0.494892 1.60866 -0.664668
0.495015 1.61375 -0.477747
0.495137 1.61844 -0.290183
0.495239 1.62274 -0.102
0.495357 1.62669 0.0867646
0.495433 1.63056 0.276069
0.495528 1.63377 0.465873
0.495601 1.63682 0.656124
0.495674 1.63948 0.846775
0.495723 1.64151 1.03776
0.495772 1.64343 1.22903
0.495797 1.64464 1.42056
0.495821 1.64546 1.61222
0.495821 1.64601 1.80401
0.493854 1.75524 -1.76463
0.494013 1.76177 -1.58231
0.494159 1.76803 -1.39922
0.494306 1.7739 -1.21539
0.494445 1.77976 -1.03081
0.494575 1.78532 -0.845513
0.494697 1.79071 -0.659536
0.494819 1.79579 -0.472898
0.494941 1.80049 -0.285635
0.495039 1.80479 -0.0977675
0.495137 1.80901 0.0906634
0.495235 1.81261 0.279617
0.495308 1.81613 0.46905
0.495381 1.81906 0.658915
0.495445 1.8216 0.849169
0.495503 1.82395 1.03978
0.495528 1.82551 1.2306
0.495577 1.82704 1.4217
0.495599 1.82786 1.6129
0.495601 1.82825 1.8042
0.493671 1.9356 -1.75802
0.493842 1.94225 -1.57589
0.493986 1.94854 -1.39302
0.49411 1.95476 -1.2094
0.494257 1.96063 -1.02507
0.494379 1.96637 -0.840039
0.494501 1.97161 -0.654335
0.494624 1.97674 -0.467991
0.494721 1.98166 -0.281031
0.494841 1.98605 -0.0934872
0.494917 1.99023 0.0945986
0.495015 1.99387 0.283193
0.495088 1.99739 0.472251
0.495161 2.00044 0.661726
0.49521 2.0029 0.851569
0.495264 2.00521 1.04174
0.495308 2.00697 1.23216
0.495332 2.00834 1.42278
0.495357 2.00912 1.61359
0.495381 2.00955 1.8045
0.4935 2.11529 -1.75127
0.493646 2.12194 -1.56936
0.493793 2.12851 -1.38672
0.493939 2.13472 -1.20333
0.494062 2.14071 -1.01925
0.494184 2.14646 -0.834482
0.494306 2.15186 -0.649067
0.494428 2.15709 -0.463025
0.494526 2.16183 -0.276381
0.494624 2.1664 -0.0891702
0.494721 2.17043 0.0985675
0.494795 2.17434 0.286795
0.494868 2.17782 0.475469
0.494941 2.18075 0.664551
0.49499 2.18333 0.853984
0.495039 2.18568 1.0437
0.495088 2.18732 1.23372
0.495112 2.18881 1.42395
0.495137 2.18959 1.61427
0.495137 2.18998 1.80469
0.493328 2.29388 -1.74441
0.493475 2.30084 -1.56272
0.493597 2.30749 -1.38029
0.493744 2.31374 -1.19717
0.493866 2.31973 -1.01334
0.493988 2.32548 -0.828861
0.49411 2.33103 -0.643734
0.494208 2.33639 -0.457996
0.494306 2.34112 -0.271681
0.494404 2.34581 -0.084813
0.494501 2.34992 0.102566
0.494575 2.35367 0.290421
0.494648 2.35715 0.47871
0.494721 2.36028 0.667385
0.49477 2.36294 0.856403
0.494819 2.36501 1.04575
0.494853 2.36693 1.23529
0.494892 2.36814 1.42502
0.494892 2.36916 1.61496
0.494917 2.36966 1.80489
0.684555 0.655426 -1.80046
0.685093 0.660705 -1.61723
0.685596 0.666179 -1.43313
0.686119 0.671262 -1.2482
0.686608 0.676108 -1.06244
0.687087 0.681035 -0.875895
0.687537 0.685649 -0.688548
0.687977 0.690028 -0.500435
0.688377 0.694329 -0.311574
0.688773 0.698239 -0.122
0.68915 0.701758 0.0682538
0.689492 0.705277 0.259151
0.690067 0.711157 0.642699
0.690323 0.71384 0.835235
0.690287 0.716267 1.0277
0.6867 0.724448 1.22636
0.829594 0.836596 1.40199
0.689522 0.720069 1.60756
0.684115 0.840657 -1.79493
0.684653 0.846366 -1.61179
0.685142 0.85184 -1.42783
0.685631 0.856923 -1.24306
0.686119 0.862124 -1.05748
0.686559 0.86709 -0.871105
0.687009 0.87178 -0.683949
0.687439 0.876472 -0.496046
0.68783 0.880773 -0.307422
0.688221 0.884761 -0.118106
0.688563 0.888593 0.0718714
0.688905 0.892112 0.26247
0.689198 0.89524 0.453646
0.689443 0.898173 0.645347
0.689687 0.900714 0.837522
0.689883 0.902669 1.03011
0.69022 0.904481 1.22277
0.733973 0.939123 1.43034
0.690193 0.906551 1.60956
0.683676 1.02517 -1.78916
0.684164 1.0308 -1.60619
0.684673 1.03667 -1.42237
0.685142 1.04214 -1.23776
0.685631 1.04723 -1.05235
0.68607 1.05232 -0.866168
0.686505 1.0574 -0.679223
0.686901 1.06209 -0.491549
0.687292 1.06639 -0.303177
0.687634 1.0707 -0.114129
0.687977 1.07453 0.0755583
0.688314 1.07812 0.265844
0.688563 1.08125 0.456689
0.688837 1.08403 0.648036
0.689052 1.08672 0.839834
0.689247 1.08868 1.03204
0.689394 1.0906 1.22454
0.689455 1.09174 1.41729
0.68959 1.09259 1.61026
0.683236 1.20889 -1.78322
0.683724 1.21484 -1.60037
0.684194 1.2207 -1.41675
0.684653 1.22617 -1.2323
0.685093 1.23165 -1.04708
0.685533 1.23681 -0.8611
0.685958 1.24181 -0.674384
0.686359 1.24659 -0.486955
0.686706 1.2512 -0.298844
0.687048 1.2555 -0.110078
0.68739 1.25941 0.0793065
0.687683 1.26293 0.269271
0.687977 1.26617 0.459771
0.688216 1.26919 0.650753
0.688416 1.27161 0.84217
0.688592 1.27388 1.03395
0.688724 1.27544 1.2261
0.688856 1.27697 1.4184
0.688905 1.27779 1.61095
0.688954 1.27819 1.80362
0.682747 1.39181 -1.77708
0.683236 1.39771 -1.5944
0.683676 1.40386 -1.41093
0.68415 1.40945 -1.22669
0.68457 1.4152 -1.04168
0.684995 1.42036 -0.855924
0.685386 1.42548 -0.669448
0.685777 1.43053 -0.482273
0.686119 1.43502 -0.294438
0.686461 1.43932 -0.105963
0.686804 1.44343 0.0831083
0.687077 1.44695 0.272738
0.687341 1.45031 0.462884
0.687571 1.4532 0.653495
0.687781 1.45586 0.844526
0.687928 1.4579 1.03589
0.688074 1.45973 1.22757
0.688172 1.46102 1.41955
0.688236 1.46181 1.61163
0.68827 1.46227 1.80381
0.682258 1.57383 -1.77077
0.682722 1.58012 -1.58829
0.683187 1.58603 -1.40501
0.683627 1.59201 -1.22096
0.684032 1.59772 -1.03616
0.684458 1.60319 -0.850636
0.684849 1.60827 -0.664414
0.685191 1.61336 -0.477512
0.685533 1.61805 -0.289956
0.685875 1.62235 -0.101789
0.686168 1.62626 0.0869576
0.686461 1.63017 0.276245
0.686706 1.6333 0.466032
0.686901 1.63643 0.656266
0.687097 1.63897 0.846897
0.687292 1.64112 1.03787
0.68739 1.64292 1.22913
0.687488 1.64425 1.42063
0.687586 1.64503 1.61232
0.687586 1.64546 1.80401
0.681769 1.755 -1.76432
0.682209 1.76138 -1.582
0.682649 1.76764 -1.39893
0.683089 1.77359 -1.2151
0.68348 1.77937 -1.03054
0.683871 1.78496 -0.845259
0.684262 1.79032 -0.659291
0.684604 1.7954 -0.472674
0.684946 1.8001 -0.285418
0.685274 1.8044 -0.0975647
0.685552 1.80854 0.0908492
0.685826 1.81222 0.279785
0.68607 1.81574 0.469204
0.686266 1.81855 0.659052
0.686461 1.82121 0.849282
0.686608 1.82344 1.03986
0.686755 1.82512 1.23069
0.686843 1.82649 1.4217
0.686901 1.82747 1.61291
0.686926 1.82786 1.80423
0.681232 1.93521 -1.75771
0.681672 1.94186 -1.5756
0.682112 1.94823 -1.39274
0.682551 1.95437 -1.20913
0.682942 1.96023 -1.02481
0.683333 1.96602 -0.83979
0.683676 1.97122 -0.654101
0.684018 1.97631 -0.467766
0.68436 1.98123 -0.280821
0.684653 1.98566 -0.0932941
0.684946 1.98976 0.0947778
0.685191 1.99348 0.283356
0.685435 1.997 0.472395
0.685631 1.99997 0.661853
0.685787 2.00247 0.851682
0.685938 2.00482 1.04184
0.68607 2.00642 1.23226
0.686168 2.00794 1.42287
0.686217 2.00873 1.61359
0.686266 2.00912 1.8045
0.680733 2.1149 -1.75098
0.681139 2.12155 -1.56907
0.681574 2.12819 -1.38643
0.681965 2.13437 -1.20307
0.682356 2.14031 -1.01899
0.682747 2.14607 -0.834247
0.683089 2.15146 -0.648842
0.683431 2.15666 -0.462806
0.683724 2.16143 -0.276178
0.684018 2.16593 -0.0889809
0.684311 2.17004 0.0987402
0.684555 2.17395 0.28695
0.684751 2.17735 0.475611
0.684946 2.18024 0.664673
0.685142 2.18294 0.854091
0.685288 2.18521 1.04379
0.685386 2.18685 1.23382
0.685484 2.18834 1.42395
0.685533 2.1892 1.61427
0.685582 2.18959 1.80469
0.680205 2.29357 -1.74412
0.680596 2.30045 -1.56243
0.681036 2.3071 -1.38002
0.681427 2.31335 -1.1969
0.681794 2.31934 -1.0131
0.68216 2.32509 -0.828627
0.682503 2.3306 -0.643514
0.68282 2.33596 -0.457791
0.683138 2.34073 -0.271486
0.683402 2.34542 -0.0846321
0.683676 2.34945 0.102732
0.68392 2.35324 0.290574
0.684115 2.35676 0.478842
0.684311 2.35989 0.667503
0.684458 2.36243 0.856506
0.684604 2.36458 1.04583
0.684702 2.3665 1.23539
0.6848 2.36771 1.42512
0.684849 2.36865 1.61496
0.684897 2.36916 1.80489
0.874233 0.65484 -1.79976
0.875113 0.660314 -1.61653
0.875953 0.665397 -1.43244
0.876799 0.67048 -1.24755
0.877615 0.675561 -1.06181
0.878397 0.680253 -0.875269
0.879169 0.684945 -0.687947
0.879883 0.689246 -0.499863
0.880582 0.693547 -0.311036
0.881232 0.697457 -0.121495
0.881818 0.701094 0.0687238
0.882405 0.704495 0.259584
0.882895 0.707626 0.451036
0.883624 0.710955 0.643242
0.883773 0.71291 0.835538
0.884116 0.715053 1.02845
0.947229 0.951414 1.69949
0.90012 0.726718 1.80757
0.873509 0.84011 -1.79422
0.874379 0.845584 -1.61111
0.87522 0.851058 -1.42718
0.876022 0.856532 -1.24241
0.876823 0.861615 -1.05685
0.877566 0.866386 -0.870499
0.878299 0.871232 -0.683372
0.879013 0.87569 -0.495499
0.879668 0.879991 -0.306906
0.880303 0.884057 -0.117621
0.88089 0.887811 0.0723216
0.881427 0.89133 0.262882
0.881916 0.894458 0.454015
0.882356 0.897273 0.645675
0.882732 0.899932 0.837806
0.88304 0.901887 1.03032
0.883314 0.903572 1.22323
0.872414 0.908433 1.40964
0.866004 0.945882 1.64054
0.883736 0.906196 1.80318
0.872776 1.02454 -1.78849
0.873607 1.03041 -1.60551
0.874438 1.03588 -1.42173
0.87522 1.04136 -1.23713
0.876002 1.04673 -1.05175
0.876735 1.05181 -0.865582
0.877424 1.05662 -0.678671
0.878104 1.06131 -0.491022
0.878739 1.06561 -0.302678
0.879355 1.06991 -0.113663
0.879912 1.07375 0.0759902
0.88043 1.0773 0.26624
0.88089 1.08047 0.457043
0.88132 1.08321 0.648348
0.881672 1.0859 0.840103
0.881975 1.0879 1.03226
0.882229 1.08958 1.22473
0.882156 1.09116 1.41739
0.882554 1.09181 1.61036
0.882607 1.09221 1.80339
0.871994 1.20819 -1.78255
0.872825 1.21405 -1.59974
0.873607 1.21992 -1.4161
0.874389 1.22547 -1.23169
0.875122 1.23087 -1.04649
0.875855 1.23622 -0.860538
0.87654 1.24107 -0.673851
0.87718 1.24592 -0.486447
0.87781 1.25042 -0.298365
0.878397 1.25472 -0.10963
0.878935 1.25863 0.079721
0.879423 1.26215 0.26965
0.879863 1.26528 0.460113
0.880254 1.2684 0.651051
0.880601 1.27075 0.842425
0.880895 1.27306 1.03419
0.881134 1.27466 1.22621
0.88133 1.27591 1.41857
0.881432 1.27697 1.61105
0.88151 1.2774 1.80362
0.871212 1.39102 -1.77642
0.872019 1.39728 -1.59378
0.872776 1.40316 -1.41032
0.873553 1.4089 -1.2261
0.874262 1.41449 -1.0411
0.874971 1.4197 -0.855376
0.875611 1.42482 -0.668925
0.876246 1.42974 -0.481784
0.876838 1.43428 -0.293974
0.877419 1.4385 -0.105531
0.877913 1.44257 0.0835067
0.878397 1.44617 0.273101
0.878837 1.44937 0.463209
0.879223 1.45242 0.653783
0.879541 1.45485 0.844771
0.879814 1.45711 1.03611
0.880059 1.45872 1.22776
0.880205 1.46024 1.41965
0.880347 1.46102 1.61171
0.880401 1.46141 1.80381
0.870425 1.57308 -1.77015
0.871193 1.57934 -1.58765
0.871945 1.58552 -1.40442
0.872679 1.59142 -1.22038
0.873363 1.59693 -1.03561
0.874047 1.60241 -0.850108
0.874682 1.60753 -0.66391
0.875313 1.61257 -0.477033
0.87587 1.61727 -0.289511
0.876408 1.62157 -0.101373
0.876916 1.62548 0.0873405
0.877371 1.62931 0.276594
0.877771 1.63252 0.466344
0.878153 1.63564 0.65654
0.878456 1.63799 0.847131
0.878739 1.64034 1.03806
0.878935 1.6419 1.22933
0.87912 1.64343 1.42072
0.879228 1.64425 1.61232
0.879277 1.64464 1.80401
0.869599 1.75434 -1.7637
0.870332 1.7606 -1.58141
0.871066 1.76686 -1.39836
0.871799 1.77296 -1.21454
0.872478 1.77859 -1.02999
0.873118 1.78426 -0.844746
0.873754 1.78954 -0.658808
0.87434 1.79462 -0.472214
0.874878 1.79931 -0.284985
0.875416 1.80361 -0.0971651
0.875895 1.80768 0.0912182
0.876334 1.81143 0.280122
0.876735 1.8148 0.469502
0.877077 1.81769 0.659311
0.877371 1.82043 0.849512
0.87763 1.82246 1.04004
0.877854 1.82434 1.2308
0.878006 1.82551 1.42182
0.878104 1.82649 1.613
0.878153 1.827 1.8043
0.86872 1.93474 -1.75712
0.869462 1.94111 -1.57502
0.870186 1.94761 -1.39217
0.87087 1.95359 -1.20858
0.871554 1.95945 -1.02429
0.87219 1.96528 -0.839291
0.872776 1.97048 -0.653632
0.873363 1.97552 -0.467327
0.8739 1.98037 -0.280406
0.874389 1.98487 -0.0929068
0.874849 1.98886 0.0951333
0.875269 1.9927 0.283678
0.87566 1.99614 0.472684
0.876002 1.99899 0.662107
0.876295 2.00169 0.851897
0.87654 2.00388 1.04203
0.876735 2.0056 1.23236
0.876882 2.00693 1.42297
0.87698 2.00794 1.61369
0.877028 2.00834 1.8045
0.867879 2.11412 -1.75039
0.868573 2.12076 -1.5685
0.869296 2.12741 -1.38588
0.869941 2.13367 -1.20253
0.870601 2.13953 -1.01849
0.871212 2.14529 -0.833759
0.871799 2.15064 -0.648382
0.872346 2.15584 -0.462375
0.872874 2.16065 -0.27577
0.873363 2.16503 -0.0886082
0.873803 2.16926 0.0990831
0.874208 2.17313 0.287261
0.874585 2.17637 0.475887
0.874917 2.17942 0.664917
0.875181 2.18216 0.854301
0.875416 2.18419 1.04399
0.875611 2.18607 1.23392
0.875758 2.18728 1.42405
0.875855 2.1883 1.61437
0.875904 2.18881 1.80469
0.866994 2.29302 -1.74354
0.867693 2.29967 -1.56189
0.868377 2.30632 -1.37949
0.869013 2.31257 -1.19639
0.869648 2.3186 -1.01261
0.870235 2.32431 -0.828158
0.870821 2.32978 -0.64307
0.871359 2.3351 -0.457371
0.871848 2.33995 -0.271095
0.872336 2.34452 -0.0842717
0.872757 2.34855 0.103063
0.873158 2.35246 0.290873
0.873509 2.35598 0.479111
0.873803 2.35891 0.667737
0.874096 2.36145 0.856706
0.874316 2.3638 1.04594
0.874487 2.36548 1.23548
0.874634 2.36693 1.42521
0.874731 2.36771 1.61505
0.87478 2.3681 1.80489
1.06373 0.654058 -1.79868
1.06501 0.659415 -1.61548
1.06618 0.664615 -1.43143
1.06735 0.669698 -1.24656
1.06849 0.674505 -1.06085
1.0696 0.679432 -0.87435
1.07063 0.683772 -0.687063
1.07165 0.688269 -0.499018
1.07261 0.692374 -0.310232
1.07351 0.696284 -0.120744
1.07431 0.700077 0.0694223
1.07508 0.703322 0.260224
1.07586 0.70645 0.451618
1.07644 0.709187 0.643554
1.07703 0.711533 0.835973
1.07752 0.713801 1.02884
1.07778 0.715488 1.22147
1.23823 0.855603 1.33066
1.07986 0.717106 1.61149
1.07909 0.722579 1.80135
1.06276 0.839328 -1.79319
1.06393 0.844802 -1.61011
1.0651 0.850276 -1.42619
1.06628 0.855359 -1.24147
1.06735 0.860442 -1.05593
1.06843 0.865525 -0.869604
1.06941 0.870218 -0.682517
1.07038 0.874595 -0.494687
1.07136 0.878818 -0.306136
1.07224 0.88308 -0.116899
1.07302 0.886638 0.0729917
1.07377 0.890157 0.263496
1.07444 0.893285 0.45457
1.07507 0.896022 0.646164
1.07556 0.898603 0.838221
1.07605 0.900714 1.03069
1.07636 0.902287 1.22348
1.16997 1.01419 1.34976
1.07942 0.90456 1.61689
1.07693 0.905015 1.80323
1.06176 1.02376 -1.78746
1.06291 1.02928 -1.60453
1.06403 1.0351 -1.42076
1.06513 1.04046 -1.2362
1.06618 1.04567 -1.05085
1.06725 1.05075 -0.864717
1.06823 1.05545 -0.677845
1.06918 1.06014 -0.49024
1.07009 1.06444 -0.301938
1.07087 1.06874 -0.112968
1.07165 1.07257 0.0766332
1.07238 1.07609 0.266828
1.07302 1.0793 0.457571
1.07361 1.08203 0.648813
1.0741 1.08446 0.840509
1.07456 1.08672 1.03255
1.07488 1.08829 1.22501
1.08673 1.11926 1.40049
1.07561 1.09125 1.61166
1.0754 1.09103 1.80342
1.0607 1.20737 -1.78156
1.06178 1.21327 -1.59877
1.06295 1.21898 -1.41517
1.06403 1.22461 -1.23077
1.06501 1.23001 -1.04561
1.06601 1.23517 -0.859697
1.06696 1.24013 -0.67305
1.06789 1.2449 -0.485689
1.06872 1.24924 -0.297651
1.06955 1.25354 -0.108963
1.07028 1.25745 0.0803382
1.07097 1.26097 0.270213
1.07161 1.2641 0.460614
1.07214 1.26703 0.651501
1.07263 1.26958 0.842811
1.07302 1.27157 1.03451
1.07341 1.27349 1.22649
1.07361 1.27466 1.41873
1.0738 1.27544 1.61114
1.0739 1.27591 1.80362
1.05956 1.39013 -1.77546
1.0607 1.39611 -1.59283
1.06178 1.40198 -1.40942
1.06282 1.40785 -1.22522
1.06383 1.41332 -1.04025
1.06481 1.41876 -0.85456
1.06569 1.4238 -0.668148
1.06657 1.42857 -0.481051
1.06744 1.43315 -0.293282
1.0682 1.43733 -0.104887
1.06892 1.44132 0.0841004
1.0696 1.44499 0.273642
1.07019 1.44812 0.463698
1.07067 1.45117 0.654213
1.07116 1.45359 0.845137
1.07155 1.45582 1.03643
1.07185 1.4575 1.22797
1.0721 1.45872 1.41984
1.07224 1.45969 1.61183
1.07234 1.4602 1.80391
1.05846 1.57207 -1.76919
1.05953 1.57832 -1.58675
1.06061 1.58442 -1.40352
1.06158 1.59029 -1.21952
1.06256 1.59584 -1.03478
1.06354 1.60124 -0.849321
1.06442 1.60647 -0.663162
1.06528 1.6114 -0.47632
1.06608 1.61609 -0.288844
1.06678 1.62039 -0.100754
1.0675 1.6243 0.0879119
1.06813 1.62798 0.277113
1.06872 1.63134 0.466809
1.06921 1.6342 0.65695
1.06968 1.63682 0.847483
1.07 1.63893 1.03834
1.07032 1.64073 1.22952
1.07058 1.6419 1.42092
1.07067 1.64288 1.61242
1.07077 1.64339 1.80411
1.05728 1.75317 -1.76279
1.05836 1.75977 -1.58052
1.05934 1.76588 -1.39749
1.06035 1.77194 -1.21371
1.06129 1.77761 -1.0292
1.06222 1.7832 -0.843984
1.06305 1.78837 -0.658079
1.06393 1.79345 -0.47153
1.06471 1.79814 -0.284343
1.0654 1.80244 -0.0965664
1.06608 1.80635 0.0917682
1.06667 1.81026 0.280621
1.06725 1.81339 0.469947
1.06774 1.81652 0.659707
1.06813 1.81902 0.849844
1.06852 1.82121 1.04028
1.06882 1.82293 1.23108
1.06901 1.82434 1.42199
1.06914 1.82512 1.6131
1.06921 1.82551 1.8043
1.05611 1.93365 -1.75622
1.05716 1.94029 -1.57414
1.05816 1.94655 -1.39134
1.05912 1.95253 -1.20778
1.06002 1.9584 -1.02351
1.0609 1.96415 -0.838553
1.06178 1.96931 -0.652928
1.06256 1.97431 -0.466662
1.06327 1.97912 -0.279785
1.06401 1.9837 -0.0923301
1.06461 1.98761 0.0956637
1.0652 1.99152 0.284159
1.06579 1.99473 0.473114
1.06621 1.99778 0.662483
1.06666 2.0004 0.852219
1.06696 2.00247 1.04226
1.06725 2.00435 1.23255
1.06745 2.0056 1.42307
1.0676 2.00638 1.61378
1.06764 2.00689 1.8045
1.05494 2.11318 -1.74951
1.05591 2.11986 -1.56766
1.05689 2.12624 -1.38506
1.0578 2.13249 -1.20175
1.05875 2.13836 -1.01773
1.05954 2.14415 -0.833045
1.06041 2.14947 -0.647698
1.06119 2.15463 -0.46173
1.06188 2.15948 -0.275176
1.06256 2.16378 -0.088051
1.06315 2.16808 0.0995951
1.06373 2.17172 0.287726
1.06422 2.17512 0.4763
1.06471 2.17825 0.665279
1.0651 2.18071 0.854604
1.0654 2.18294 1.04425
1.06569 2.1847 1.23412
1.06588 2.18607 1.42424
1.06603 2.18685 1.61447
1.06608 2.18724 1.80473
1.05367 2.29185 -1.74269
1.05464 2.2985 -1.56106
1.05562 2.30514 -1.37869
1.0565 2.3114 -1.19563
1.05738 2.3175 -1.01188
1.05824 2.32313 -0.827459
1.05904 2.32861 -0.642405
1.05973 2.33385 -0.456755
1.06046 2.33877 -0.270516
1.06109 2.34319 -0.0837328
1.06168 2.34738 0.103558
1.06227 2.35129 0.291319
1.06276 2.35457 0.479511
1.06318 2.35754 0.668089
1.06354 2.36028 0.857004
1.0639 2.36239 1.04624
1.06413 2.36419 1.23568
1.06432 2.36548 1.42532
1.06445 2.36646 1.61505
1.06452 2.36693 1.80499
1.25308 0.652885 -1.79727
1.25464 0.658359 -1.61411
1.25621 0.663442 -1.43008
1.25767 0.668525 -1.24523
1.25914 0.673215 -1.05958
1.26051 0.677907 -0.873128
1.26188 0.682599 -0.68589
1.26315 0.6869 -0.497903
1.26435 0.691084 -0.309176
1.26549 0.694916 -0.119749
1.26657 0.69863 0.0703445
1.26755 0.701758 0.26107
1.26847 0.704886 0.452383
1.26931 0.707623 0.644228
1.27058 0.711922 1.02932
1.2711 0.713871 1.22275
1.27093 0.726183 1.6375
1.2165 0.773798 1.80989
1.25181 0.838155 -1.7918
1.25337 0.843629 -1.60875
1.25484 0.849103 -1.42488
1.25631 0.854186 -1.2402
1.25767 0.859269 -1.05469
1.25904 0.864079 -0.868421
1.26034 0.868732 -0.681383
1.26158 0.873344 -0.493607
1.26276 0.877606 -0.305117
1.26386 0.881555 -0.115946
1.26491 0.885074 0.0738761
1.26588 0.888593 0.264306
1.26671 0.891721 0.455301
1.26746 0.894458 0.646809
1.26813 0.896804 0.838778
1.26872 0.899033 1.03118
1.26922 0.900648 1.22398
1.18281 1.06157 1.36566
1.26973 0.902506 1.61012
1.26985 0.903138 1.80333
1.25054 1.02255 -1.78613
1.252 1.02806 -1.60321
1.25347 1.03369 -1.41949
1.25485 1.03901 -1.23496
1.25621 1.04442 -1.04964
1.25758 1.04931 -0.863573
1.25882 1.05427 -0.676745
1.26002 1.05873 -0.489194
1.26112 1.06311 -0.300955
1.26217 1.06718 -0.112051
1.26318 1.07105 0.0774825
1.26413 1.07449 0.267604
1.26491 1.07769 0.458273
1.26569 1.08047 0.649433
1.26628 1.08281 0.841037
1.26686 1.08493 1.03304
1.26724 1.08673 1.2253
1.24864 1.10861 1.42159
1.26784 1.08868 1.61065
1.26794 1.08907 1.80352
1.24917 1.206 -1.78023
1.25064 1.21198 -1.59749
1.252 1.21757 -1.41393
1.25337 1.22312 -1.22958
1.25474 1.22852 -1.04446
1.25601 1.2336 -0.858593
1.25718 1.23869 -0.671989
1.25836 1.24338 -0.484687
1.25944 1.24768 -0.296703
1.26051 1.25198 -0.108079
1.26146 1.25589 0.0811548
1.26233 1.25941 0.270958
1.26313 1.26254 0.461286
1.26383 1.26528 0.652087
1.26442 1.26793 0.843314
1.26494 1.26997 1.0349
1.2654 1.27153 1.22678
1.26569 1.27302 1.41896
1.26588 1.27388 1.61124
1.26598 1.27427 1.80372
1.24777 1.38868 -1.77417
1.24917 1.39493 -1.59158
1.25054 1.4008 -1.4082
1.25191 1.40644 -1.22405
1.25318 1.41195 -1.03914
1.25443 1.41723 -0.853485
1.25562 1.42231 -0.667121
1.2567 1.42701 -0.480073
1.25777 1.43166 -0.292368
1.25875 1.43577 -0.104036
1.25966 1.43968 0.0848853
1.26051 1.44339 0.274359
1.26129 1.44656 0.46434
1.26197 1.44933 0.654776
1.26256 1.45203 0.845621
1.26305 1.45399 1.03684
1.26344 1.45578 1.22834
1.26373 1.45711 1.42004
1.26393 1.4579 1.61193
1.26403 1.45829 1.80391
1.24633 1.57074 -1.76796
1.2477 1.57699 -1.58553
1.24907 1.58302 -1.40234
1.25034 1.5888 -1.2184
1.25161 1.59459 -1.03369
1.25279 1.59987 -0.84828
1.25396 1.60511 -0.662165
1.25503 1.60984 -0.475386
1.25601 1.61453 -0.287964
1.25699 1.61883 -0.0999351
1.25787 1.62274 0.0886678
1.25866 1.62626 0.277802
1.25943 1.62974 0.467425
1.26006 1.63252 0.657488
1.26061 1.63514 0.847948
1.2611 1.63721 1.03871
1.26149 1.63889 1.22981
1.26178 1.64034 1.42111
1.26197 1.64112 1.61261
1.26207 1.64151 1.80411
1.24487 1.75199 -1.76155
1.2462 1.75825 -1.57933
1.24751 1.76451 -1.39633
1.24878 1.77038 -1.2126
1.24995 1.77624 -1.02813
1.25112 1.78172 -0.842967
1.25224 1.7868 -0.657121
1.25327 1.79188 -0.470616
1.25425 1.79658 -0.283492
1.25523 1.80088 -0.0957758
1.25605 1.80479 0.0924965
1.25682 1.8085 0.281283
1.25756 1.81183 0.47054
1.25816 1.8148 0.660225
1.25871 1.8173 0.850294
1.25914 1.81949 1.04067
1.25953 1.82121 1.23135
1.25982 1.82242 1.42219
1.26002 1.8234 1.6132
1.2601 1.82391 1.8043
1.2433 1.93228 -1.75501
1.24467 1.93873 -1.57299
1.24594 1.94499 -1.39022
1.24712 1.95124 -1.20671
1.24831 1.95707 -1.02248
1.24946 1.96258 -0.837571
1.25054 1.96782 -0.651989
1.25152 1.97275 -0.465782
1.25249 1.97748 -0.278961
1.25337 1.98201 -0.0915652
1.25424 1.98605 0.0963664
1.25494 1.98972 0.284797
1.25562 1.99309 0.473686
1.25623 1.9961 0.662987
1.25679 1.99856 0.852645
1.25718 2.00087 1.04262
1.25758 2.00247 1.23285
1.25783 2.00384 1.42327
1.25798 2.00482 1.61388
1.25806 2.00521 1.80459
1.24177 2.11177 -1.74835
1.2431 2.11842 -1.56653
1.24428 2.12467 -1.38398
1.24552 2.13093 -1.2007
1.24663 2.1368 -1.01674
1.24775 2.14267 -0.832087
1.24878 2.14791 -0.646799
1.24976 2.15299 -0.46088
1.25073 2.15788 -0.274377
1.25157 2.16222 -0.0873117
1.2524 2.16636 0.100273
1.25308 2.17004 0.288343
1.25376 2.17356 0.476853
1.25435 2.17637 0.665763
1.25484 2.17903 0.85502
1.25523 2.18118 1.04458
1.25559 2.18294 1.23441
1.25582 2.18419 1.42443
1.25601 2.18517 1.61457
1.25611 2.18568 1.80479
1.24018 2.29028 -1.74155
1.24145 2.2972 -1.55995
1.2427 2.30358 -1.37763
1.24384 2.30983 -1.19461
1.24497 2.31606 -1.0109
1.24604 2.32157 -0.826535
1.24702 2.32704 -0.64153
1.248 2.33221 -0.455924
1.24888 2.33721 -0.269741
1.24975 2.34151 -0.0830168
1.25049 2.34581 0.104213
1.25122 2.34945 0.291911
1.25181 2.35285 0.480039
1.2524 2.35598 0.668554
1.25288 2.3584 0.857405
1.25327 2.36067 1.04653
1.25357 2.36239 1.23594
1.25386 2.3638 1.42551
1.25399 2.36458 1.61525
1.25406 2.36497 1.80499
