1000 0.1
-1.34702 0.15001 -0.769924
-2.69344 0.15001 -1.30057
-0.810177 0.15001 -1.44317
-0.372005 0.15001 0.495182
-2.33055 0.15001 0.0610858
-2.58451 0.15001 -1.50313
-2.16805 0.15001 0.785694
-2.84999 0.15001 2.45307
-1.83712 0.15001 -1.04218
-2.27552 0.15001 0.43074
-1.93036 0.15001 -2.30802
-2.54223 0.15001 -1.34217
-2.00756 0.15001 -1.04588
-0.956212 0.15001 0.476156
-2.00965 0.15001 -0.389521
-1.5422 0.15001 -1.32536
-2.84999 0.15001 -1.29763
-1.22823 0.15001 -0.920436
-1.47622 0.15001 2.30837
-2.68391 0.15001 1.8422
-2.69833 0.15001 -0.873638
-2.19655 0.15001 0.167144
0.989378 0.15001 -0.0522589
-0.297024 0.15001 1.76827
-0.792741 0.15001 -1.0796
2.47637 0.15001 1.55862
-2.79059 0.15001 -2.48175
-2.54787 0.15001 0.320482
-2.4608 0.15001 0.468079
-1.9924 0.15001 2.84999
-2.83487 0.15001 -1.1267
-0.76413 0.15001 -0.451739
-1.6597 0.15001 -2.61627
-0.465538 0.15001 0.836402
-2.67295 0.15001 -1.14288
-2.34294 0.15001 1.23977
-1.4153 0.15001 0.912464
-2.08587 0.15001 0.321337
-2.74701 0.15001 0.133236
-1.20359 0.15001 -0.0857707
-2.4414 0.15001 -0.92941
0.158669 0.15001 0.587991
-2.62919 0.15001 -2.45193
-1.447 0.15001 1.95013
1.6279 0.15001 1.24255
-0.680296 0.15001 1.85923
-0.49201 0.15001 0.665358
-2.04025 0.15001 0.880549
-1.11044 0.15001 0.0626449
-2.51027 0.15001 1.43488
-1.4684 0.15001 0.131542
-2.84981 0.15001 -2.28675
-2.02 0.15001 -1.63938
-2.02449 0.15001 -0.218752
-1.39913 0.15001 -1.19262
-0.676084 0.274586 1.98514
-0.895559 0.15001 2.13415
-0.572754 0.15001 2.0773
-2.49457 0.15001 2.84999
-1.56542 0.15001 1.59026
-2.36068 0.15001 -1.80016
-1.91955 0.15001 -1.21275
-1.98047 0.15001 -0.727246
0.412645 0.15001 0.390036
-0.815804 0.15001 1.97262
-2.84999 0.15001 0.463082
-2.64221 0.15001 0.749601
-2.84353 0.15001 -0.62061
-1.80189 0.15001 2.84999
-2.50562 0.15001 0.858054
-0.500527 0.15001 -0.86848
-2.84999 0.15001 -1.59699
-1.75252 0.15001 -1.74897
-2.55698 0.15001 -0.317393
-0.442484 0.15001 -1.04392
-0.408961 0.3017 1.98359
1.30974 0.189502 0.376601
-1.69021 0.15001 2.27744
-2.55955 0.15001 0.0806076
-2.84999 0.15001 1.41761
-1.9095 0.15001 0.0155905
-1.40864 0.15001 -0.91379
-2.05348 0.15001 2.13648
-2.66093 0.15001 -1.94271
-1.65036 0.431882 -2.11017
-2.84999 0.15001 -0.790184
-2.2089 0.15001 -1.37107
-2.84999 0.15001 1.97376
-1.7266 0.15001 -0.4945
-2.84999 0.15001 -0.247506
-0.676274 0.15001 0.895162
-1.85701 0.15001 1.09573
-1.20082 0.15001 1.01839
-0.920553 0.15001 -2.04272
-2.38935 0.15001 -0.610628
-2.04128 0.15001 -2.16565
-1.73211 0.15001 -1.3654
-2.07787 0.15001 0.0583001
-2.219 0.15001 2.66024
-1.7072 0.15001 1.75047
-2.73958 0.15001 -1.4622
-1.06131 0.15001 -0.29183
-0.647064 0.15001 -0.618493
-1.25802 0.15001 -1.08835
-2.44779 0.15001 -2.84992
-0.510712 0.15001 1.90419
-1.34799 0.15001 1.47508
-0.408139 0.15001 2.51326
-0.597482 0.15001 2.51924
-1.2893 0.15001 1.83651
-2.17894 0.15001 -0.75612
2.37459 0.15001 1.13094
-1.81952 0.15001 -2.7156
-1.58557 0.15001 2.16587
-1.16106 0.15001 -0.434516
-0.806929 0.15001 1.19614
-2.54865 0.15001 2.24114
0.0894492 0.307302 2.84999
-1.76331 0.15001 0.389047
-2.40302 0.15001 2.6587
-1.07421 0.15001 -2.00178
-2.26156 0.15001 -1.63926
-1.4456 0.351242 -1.70156
-0.302771 0.15001 1.94156
-0.00873269 0.15001 0.550284
-0.0282804 0.295283 2.47293
-0.499258 0.15001 2.36661
-1.74977 0.15001 2.04364
-2.30939 0.15001 2.84999
-0.747708 0.15001 2.84999
0.467991 0.303486 0.322704
-2.788 0.15001 -2.10739
0.00773368 0.15001 1.25079
-1.02824 0.15001 -0.132013
-0.180064 0.295309 1.51116
-0.646551 0.15001 0.736407
-1.32749 0.15001 2.84779
-2.33133 0.15001 -0.803653
-1.48432 0.15001 2.84999
-2.08945 0.261515 1.47001
-1.84133 0.15001 -1.55694
-2.84999 0.15001 -2.84607
-1.31155 0.15001 -2.28628
-2.08889 0.15001 1.90067
-0.0469672 0.295299 2.0706
-2.84999 0.15001 -1.94534
-2.84999 0.15001 1.00365
-2.70127 0.15001 1.09945
-1.34934 0.15001 2.4255
-2.14852 0.15001 0.62889
-1.26988 0.15001 -0.5709
-2.81272 0.15001 -1.77422
2.54729 0.306322 2.10822
-1.62594 0.15001 -0.156464
-2.37063 0.15001 0.614982
-2.01 0.15001 1.03253
-1.30081 0.15001 0.782469
-0.799135 0.343566 -1.7253
-0.383196 0.308879 2.66557
-0.548085 0.15001 2.84999
-1.42991 0.15001 2.12569
-0.632021 0.15001 1.42189
-2.06404 0.15001 0.49236
-1.42916 0.15001 -0.63894
-1.721 0.15001 -0.317703
-0.724026 0.15001 2.17154
-1.04316 0.15001 1.98511
-0.634387 0.15001 2.71306
-2.42761 0.15001 1.87006
-2.84446 0.15001 2.84999
-2.28009 0.15001 -1.94673
-1.63931 0.15001 -2.10213
1.97101 0.15001 0.596143
-1.91528 0.15001 -1.40957
-1.61017 0.15001 0.818149
-1.11569 0.15001 1.16751
-1.11693 0.15001 1.79255
-2.20997 0.15001 0.940817
-0.187284 0.316009 2.66766
-0.101627 0.306569 2.84809
-2.03163 0.15001 1.60471
-0.905625 0.15001 0.856755
-0.978794 0.15001 -1.04516
-0.897831 0.15001 -0.0340164
-2.63188 0.15001 -2.28571
-2.33042 0.15001 2.24311
-1.84688 0.15001 1.2742
-1.12826 0.15001 0.69673
-1.81286 0.15001 1.89102
-0.954777 0.15001 2.30361
-2.02783 0.15001 -1.97555
-0.0477367 0.15001 -1.02307
-1.66131 0.15001 -0.988015
-1.51565 0.15001 -2.27839
-2.23593 0.15001 -0.951668
2.684 0.15001 2.60064
-0.444407 0.15001 0.35102
-0.629707 0.30932 2.82194
1.74224 0.15001 -1.46073
-2.37593 0.15001 1.68095
-2.76764 0.15001 -2.70015
-0.937183 0.15001 -1.88499
0.0869785 0.15001 1.41237
-2.84999 0.15001 0.279712
-2.77166 0.15001 0.630097
0.0277779 0.15001 2.00067
-0.380565 0.15001 2.10328
-0.125356 0.15001 2.39064
-0.301826 0.15001 2.69571
-0.475945 0.15001 2.66827
-1.60656 0.15001 1.94668
-1.801 0.15001 -0.838685
0.306786 0.15001 -1.25224
0.0551463 0.15001 1.57981
-0.184612 0.298797 2.31603
-1.68549 0.15001 2.65968
-2.21369 0.15001 1.55947
0.797707 0.15001 1.95776
2.15514 0.291233 -0.886983
-1.97833 0.15001 2.29034
0.0113701 0.15001 -1.18611
-0.250104 0.152183 1.58294
-1.54482 0.15001 0.464387
-0.0877317 0.150313 1.4338
-2.25453 0.262656 0.239285
-2.26239 0.15001 1.85759
-1.33381 0.15001 1.64244
2.15169 0.15001 1.66021
-2.25568 0.15001 2.48902
-2.84999 0.15001 1.60536
-0.745605 0.15001 -0.113907
0.237073 0.15001 1.32967
-1.75326 0.15001 2.50698
-1.67378 0.15001 1.18297
-0.557767 0.15001 1.7411
0.178517 0.297804 2.22314
-2.5697 0.15001 1.98093
-2.84973 0.15001 2.29086
-2.34612 0.15001 0.787144
-2.19028 0.346098 -0.121132
2.68317 0.15001 1.39462
-1.65329 0.15001 -2.41277
-2.37555 0.15001 -1.32901
0.142027 0.297853 1.26699
0.190132 0.15001 -1.13647
-1.26198 0.15001 2.20631
-2.55561 0.15001 -0.708423
2.7873 0.15001 2.06587
-1.74045 0.15001 -0.0224612
-0.377347 0.15001 2.84994
-0.537358 0.15001 0.984873
-0.115863 0.356801 -1.03618
-2.50473 0.15001 -1.65138
-1.98759 0.15001 -2.46837
2.8496 0.15001 0.739612
-2.72058 0.15001 2.55411
-0.238862 0.317032 2.09391
2.36353 0.15001 -0.411889
-1.79806 0.15001 1.60745
-2.42588 0.15001 2.08328
-0.967647 0.15001 -1.52126
-0.08943 0.15001 -1.8613
-2.67509 0.15001 2.7874
-0.168839 0.16934 1.24247
0.657389 0.15001 -0.459383
-1.28257 0.15001 0.226255
-0.405999 0.305153 2.18194
-0.931372 0.15001 -0.545179
-0.934467 0.15001 -0.845014
0.204315 0.549448 2.84777
-2.25935 0.15001 -2.53148
-0.414922 0.15001 1.64011
2.41033 0.15001 1.38607
0.0130535 0.15001 0.786725
0.0563891 0.443856 2.34233
-0.205416 0.314352 1.91341
-2.59013 0.15001 -1.006
-1.4437 0.15001 1.23244
-2.13553 0.15001 1.34496
0.0187058 0.473453 2.813
-0.0603074 0.15001 0.935008
-1.04464 0.15001 0.986948
0.558393 0.15001 -0.628869
-2.68719 0.15001 0.398193
-0.581457 0.15001 1.58043
2.64808 0.15001 0.234633
-1.90361 0.15001 1.44965
-2.84999 0.15001 0.801885
-1.41789 0.15001 -0.442228
-0.44399 0.446906 2.84933
0.109083 0.15001 0.298434
0.230427 0.15001 -1.4418
0.244934 0.15001 0.41941
-0.860264 0.15001 -0.280988
-0.932051 0.15001 0.125758
-0.627266 0.15001 1.17353
-0.350613 0.15001 1.17523
-1.26245 0.15001 2.04679
0.357961 0.519463 2.66407
-0.170535 0.511419 2.84606
-0.840698 0.15001 -0.695903
-1.66129 0.15001 -0.733498
-0.780498 0.15001 0.549014
-0.1023 0.323767 1.68849
-0.121467 0.15001 1.89323
-0.00846529 0.288578 1.87623
-0.178709 0.15001 2.07111
0.0660476 0.15001 2.31785
0.505791 0.15001 2.20006
-2.53237 0.15001 1.22017
-1.31776 0.15001 -2.84999
-2.62986 0.15001 -2.84764
-0.676927 0.15001 0.24318
1.97087 0.15001 0.112937
-0.4436 0.270902 1.79239
-0.803919 0.15001 1.43189
0.153464 0.2914 2.56122
-1.64666 0.15001 1.02615
-0.0124582 0.15001 2.84999
-0.201872 0.15001 2.84999
-1.33346 0.15001 -1.60295
0.280903 0.15001 1.50101
-0.519761 0.15001 -0.0303291
0.229429 0.391387 -0.685749
-1.64309 0.15001 0.170009
0.196753 0.15001 2.04652
2.14475 0.15001 -0.115853
-2.73542 0.15001 2.0928
1.28886 0.290996 -1.30044
0.294874 0.295664 2.63774
0.304505 0.151494 1.02415
0.158984 0.150171 1.15255
-2.80115 0.15001 -0.427101
-0.693616 0.15001 -0.777648
-0.29992 0.15001 0.638211
2.83375 0.15001 -2.12933
-1.18376 0.15001 2.35473
2.21685 0.15001 1.97093
0.273973 0.294464 2.84148
1.81365 0.15001 -0.443804
1.01125 0.15001 -0.514521
-2.00372 0.15001 -2.67713
0.0846735 0.294961 1.69185
-2.84999 0.15001 1.78788
-0.012009 0.29938 2.26307
1.67453 0.268083 -0.6706
-2.56061 0.15001 1.7207
1.9704 0.15001 1.70017
-2.84999 0.15001 2.66793
-2.39744 0.15001 1.02394
0.577641 0.15001 -0.884057
0.347814 0.407367 1.44813
-1.61236 0.15001 -1.89339
2.30605 0.15001 1.57771
0.991483 0.15001 -1.96099
-1.05302 0.15001 1.46727
2.06787 0.15001 -0.700042
0.52489 1.08774 1.17697
0.885204 0.159327 2.48605
2.50985 0.15001 0.975898
-1.45312 0.15001 -2.1231
-1.8317 0.15001 -2.51116
-0.579858 0.15001 -2.12646
2.34615 0.15001 -0.205276
-2.34022 0.15001 1.43763
0.695946 0.15001 0.48876
-2.12271 0.15001 -1.83063
2.35834 0.15001 0.6138
-1.90063 0.15001 2.71929
-1.3435 0.15001 1.08588
0.429393 0.298967 1.25734
0.31594 0.406037 1.72987
-0.157144 0.15001 1.085
-2.2185 0.15001 1.10899
-0.282213 0.353596 1.75645
0.321216 0.348416 2.37511
2.46258 0.297563 2.767
-2.69079 0.15001 0.915386
-2.43013 0.15001 0.208179
0.36517 0.452359 2.84444
-0.48576 0.15001 -0.678394
-2.25066 0.15001 -2.35787
-2.60754 0.15001 -2.61544
-0.609095 0.15001 -0.438392
-0.724722 0.15001 0.397296
-0.265257 0.318327 2.49007
-1.30291 0.15001 2.68502
-0.517494 0.313922 2.3274
-2.16006 0.15001 2.31168
-2.59246 0.15001 2.45548
-1.85519 0.15001 -0.148235
-0.677435 0.15001 -1.32025
2.51119 0.15001 0.754557
-0.740045 0.15001 -0.927583
-2.06992 0.15001 2.60554
0.490378 0.406038 1.8369
0.449297 0.426349 2.50446
0.174348 0.456608 2.50556
-2.50016 0.15001 -0.492504
0.179795 0.412846 2.70443
-0.733292 0.15001 -2.84718
2.15084 0.15001 0.877629
0.414962 0.151755 1.36673
0.0303237 0.15001 1.77166
1.37748 0.15001 2.53106
0.340796 0.151019 1.92325
-1.05294 0.15001 2.46506
-1.00729 0.15001 2.84999
-1.06094 0.15001 2.65118
0.983899 0.15001 2.06658
-2.27638 0.15001 -2.84999
-0.182059 0.15001 -0.303277
0.598962 0.15001 1.42149
0.704942 0.15001 1.57196
0.169722 0.151643 1.87403
-0.114258 0.15001 1.68143
0.573455 0.15001 0.0877695
2.27399 0.15001 2.81762
-1.59215 0.15001 2.44679
0.170752 0.15001 2.84999
0.616918 0.15001 -0.19835
0.491622 0.15001 0.571105
2.43731 0.15001 1.73051
2.84918 0.15001 -0.359354
-0.336192 0.15001 -2.08212
-0.302274 0.15001 0.950513
0.0878749 0.15001 2.4835
1.27258 0.15001 0.54951
0.56075 0.15001 2.00963
-0.954298 0.15001 1.6091
-1.69756 0.15001 -2.84987
0.444626 0.15001 0.899369
-0.562908 0.15001 -2.6499
-1.50197 0.150916 0.673218
1.67502 0.15001 -1.29539
0.729691 0.15001 -0.685042
2.84744 0.15001 0.0307429
0.580388 0.154348 1.67309
-2.78655 0.326524 -2.67025
0.600014 0.180672 0.840663
-2.57937 0.15001 -2.11704
-0.628179 0.15001 -1.14051
-1.30431 0.15001 1.31295
0.126937 0.15001 -0.353931
-1.06676 0.15001 0.286112
2.84999 0.15001 1.12343
2.68431 0.15001 -0.649533
-1.1604 0.15001 1.61888
-1.6408 0.15001 2.82983
0.469751 0.298832 2.84707
-1.04652 0.15001 -2.71757
2.38472 0.35361 0.774015
1.85706 0.15001 0.240033
0.345504 0.284152 1.60087
0.55765 0.15001 -1.06231
0.357144 0.341787 2.1648
2.40765 0.15001 -0.969871
2.17622 0.15001 1.43485
0.0154336 0.323404 2.66721
-0.176209 0.26071 0.100031
-1.83483 0.15001 -1.98701
-0.907799 0.15001 -1.70987
1.46314 0.15001 0.290028
0.041281 0.442632 2.13419
0.498184 0.390993 2.31192
1.79019 0.15001 1.33691
2.24243 0.179758 1.26407
-0.90561 0.15001 0.283562
0.704348 0.564469 2.84999
0.564307 0.446003 2.84814
0.580865 0.319266 1.05137
0.425414 0.15001 -2.29899
2.20488 0.15001 -2.64518
-1.56148 0.312281 0.345276
0.0180315 0.309098 1.5033
2.51831 0.15001 -0.411026
1.58458 0.15001 -2.17131
-0.122192 0.439185 2.52914
0.821651 0.60638 2.53895
-1.91424 0.15001 2.55667
-1.19746 0.15001 -0.744386
0.00965532 0.15001 -0.531447
-0.0301594 0.15001 -0.742624
-0.932348 0.15001 1.29359
-2.54423 0.15001 0.615758
-1.44392 0.15001 2.57979
0.295146 0.42156 1.91173
0.745438 0.686377 2.70059
0.573664 0.544504 2.422
-0.297567 0.315951 2.84999
-0.263944 0.15001 -0.47783
1.04703 0.15001 0.319145
0.126105 0.15001 0.980175
-2.04994 0.15001 2.43328
-0.258432 0.15001 1.38411
-0.819625 0.15001 1.74682
-1.97403 0.15001 0.199955
0.5974 0.375793 -2.55664
-2.67487 0.15001 -0.57869
-2.21725 0.15001 2.06327
-0.754144 0.15001 -1.74458
0.749178 0.15001 0.943866
0.723143 0.151236 1.28146
0.447709 0.15001 1.5576
0.706816 0.15001 1.78938
2.37165 0.15001 -2.60768
0.94251 0.15001 1.87366
1.2175 0.15001 2.56131
2.03064 0.15001 1.52713
-0.104984 0.15001 2.70896
-2.41997 0.15001 -2.32597
1.02973 0.150137 1.13364
0.847626 0.15001 1.65122
1.00181 0.15001 2.3532
-1.81152 0.15001 0.138216
-0.290077 0.15001 2.35388
0.171021 0.15001 -2.10139
-1.21346 0.15001 2.53284
0.610225 0.15001 2.35291
0.372987 0.15001 2.84999
-1.87393 0.15001 2.16392
0.546623 0.15001 1.24026
0.841939 0.15001 1.14076
0.416362 0.15001 1.73247
-0.243661 0.15001 2.52604
-0.907118 0.15001 0.655962
0.433396 0.15001 2.69712
1.44144 0.15001 -0.153752
2.84999 0.15001 -1.76939
0.560753 0.15001 2.84999
0.832465 0.15001 0.619217
2.48677 0.15001 -0.0626142
-0.103785 0.334424 -0.305644
0.258814 0.15001 2.48212
0.52542 0.15001 1.84719
-2.17812 0.180082 -0.293652
-1.77692 0.15001 0.58658
1.3734 0.15001 -1.05009
-2.12864 0.309812 -0.931671
0.408123 0.15001 2.36884
-0.630972 0.15001 -2.36748
0.659484 0.15008 1.10202
1.59285 0.15001 0.977902
2.37009 0.15001 -0.721504
1.677 0.15001 -1.06978
0.824265 0.15001 -2.05762
2.61579 0.15001 -1.26629
2.50378 0.15001 2.07548
1.51241 0.15001 -0.292851
-0.625278 0.464754 2.74705
0.347445 0.15001 -0.430659
1.32155 0.15001 -2.53299
-1.80223 0.15001 -2.18688
-1.83398 0.15001 2.36455
2.59431 0.274315 -1.68654
0.835952 0.465032 1.86712
1.50816 0.15001 -1.59048
-1.2519 0.15001 -0.298788
0.150317 0.292867 2.40023
-1.72219 0.288166 -1.98296
0.150379 0.15001 -2.84486
0.301298 0.15001 -1.98735
-0.250521 0.15001 0.790743
-0.152689 0.15001 -1.24352
0.88949 0.535531 2.37235
2.08365 0.15001 1.3079
2.37838 0.15001 0.842339
2.10627 0.15001 2.6583
2.37345 0.160783 2.23756
-0.0733138 0.15001 2.54758
0.738507 0.308188 1.18011
2.82903 0.15001 -2.49728
0.548513 0.305887 1.57902
0.62072 0.287717 1.91444
-2.57085 0.15001 2.6412
0.75148 0.421684 2.51017
0.232925 0.15001 0.853444
2.84977 0.15001 1.52132
0.942361 0.462224 2.66572
0.765688 0.346491 2.67959
-0.190131 0.15001 0.261497
-2.00818 0.15001 1.19533
1.88517 0.15001 -2.84463
0.126255 0.429944 1.80781
2.84999 0.15001 -2.30937
-2.36688 0.15001 -1.49501
0.599782 0.489073 2.65086
0.71257 0.455491 2.30109
-0.487723 0.15001 1.29939
-1.16824 0.15001 2.84999
0.449574 0.15001 0.187854
1.23281 0.15001 0.105964
-2.82981 0.15001 1.23451
1.99042 0.15001 -1.17535
2.64445 0.15001 1.95062
0.641127 0.503567 1.96684
2.13969 0.15001 0.0870311
2.50582 0.15001 2.62349
-1.57341 0.15001 -0.569954
0.452931 0.611575 2.84319
0.147879 0.15001 0.105286
-1.50741 0.15001 1.76209
0.799767 0.150111 1.44277
-1.08022 0.15001 -1.81837
-0.00675924 0.15001 2.16749
1.20954 0.15001 2.3883
0.666635 0.15001 2.16042
0.802855 0.15001 2.27466
-0.884755 0.15001 2.74582
0.500077 0.15001 2.53082
-1.25802 0.15001 -2.11693
1.9366 0.15001 1.26366
-0.126 0.15001 -0.106036
1.31609 0.287337 1.2276
1.57108 0.15001 -0.77466
0.251546 0.15001 2.69591
0.703172 0.15001 2.55124
2.84647 0.15001 -1.04809
1.60534 0.300028 2.84985
0.941413 0.15001 2.84999
-1.12797 0.15001 -1.18513
1.06669 0.150751 0.870379
0.48453 0.15001 1.07286
1.01813 0.294615 1.43169
0.971998 0.15001 1.50996
-0.154738 0.347171 1.2276
2.11264 0.15001 -2.84999
0.248045 0.15001 2.28174
1.06637 0.15001 -1.71315
0.744621 0.15001 2.84985
0.828555 0.299541 0.85317
1.27423 0.15001 1.36419
0.988853 0.291019 1.2373
-1.92313 0.15001 0.705682
2.39125 0.15001 0.295096
-0.756156 0.15001 2.36955
2.28684 0.15001 -0.0377918
-2.71416 0.851714 -1.93248
1.46845 0.466914 2.84009
1.61192 0.434751 2.74636
0.583086 0.15001 -1.5794
-1.22314 0.15001 -1.74347
-1.27933 0.15001 0.535953
0.769163 0.309263 1.79518
1.66703 0.297703 1.65848
-0.757218 0.15001 1.59452
2.67901 0.15001 -0.837753
2.57581 0.15001 0.389903
1.10875 0.15001 2.2197
0.849416 0.287637 2.82868
0.169502 0.15001 -0.553509
0.918799 0.15001 0.785622
1.58879 0.15001 0.787095
1.63756 0.314011 -2.67058
0.256622 0.15001 1.73096
1.39084 0.15001 0.727934
2.81608 0.15001 0.258272
0.693364 0.296735 2.39573
0.905238 0.627846 2.80756
1.23152 0.364116 2.84877
1.66067 0.281466 1.39264
-1.94651 0.15001 -2.84999
0.471743 0.15001 -1.97222
0.758236 0.372443 1.41197
1.05693 0.449925 1.63553
2.40103 0.15001 1.93602
0.4367 0.15001 -0.294744
1.08807 0.553108 2.46535
2.4368 0.15001 0.102551
1.0449 0.308991 2.84733
0.80842 0.319861 1.59728
1.16026 0.319291 1.55373
0.622238 0.474481 1.55967
0.348764 0.15001 1.19402
-0.405264 0.15001 -0.194252
0.152251 0.328909 2.02475
2.68401 0.15001 0.849942
1.05697 0.320631 2.59885
1.81467 0.15001 -1.74476
-0.902969 0.15001 2.53543
-0.419353 0.15001 -1.68766
-1.52903 0.15001 -2.83593
-0.362374 0.15001 -2.2677
1.89736 0.15001 -0.733643
2.1446 0.15001 -1.18848
0.932742 0.342066 2.4395
1.16766 0.15001 -2.33885
1.29064 0.15001 -1.95171
0.82553 0.15001 0.256589
0.860937 0.45853 2.84822
-0.256466 0.15001 -1.0521
-1.1566 0.15001 -1.37724
0.741062 0.15001 0.755203
0.909432 0.216815 -0.76579
-2.08561 0.15001 -1.23053
-2.6807 0.15001 1.3969
0.854491 0.15001 -1.41013
-1.7584 0.15001 0.916651
0.327521 0.517261 2.07625
0.59756 0.734716 2.83896
-2.21367 0.15001 -2.11883
0.515432 0.15001 -1.41568
0.548725 0.15001 -2.54898
1.31303 0.301475 1.67216
1.96999 0.15001 -0.534372
1.41144 0.302741 2.11493
-0.765776 0.15001 2.62479
2.30743 0.15001 -0.554851
0.615201 0.15001 2.68976
1.61739 0.150714 2.67407
-0.938548 0.15001 -2.33413
0.7003 0.15001 -1.16511
1.64233 0.15001 1.48059
1.73985 0.15001 1.96581
2.69764 0.15001 -1.42427
1.39795 0.15001 2.00094
1.72646 0.15001 2.51186
1.28291 0.15001 2.70517
1.83357 0.150319 2.67179
1.51425 0.15001 2.84999
2.31965 0.15001 -2.84974
2.83794 0.15001 -1.95121
1.20906 0.15001 2.05143
0.906341 0.15001 1.30982
0.770226 0.15001 -1.58668
-2.24622 0.326516 -2.44754
1.69209 0.15001 2.17989
0.0866751 0.15001 2.6576
0.354232 0.15001 2.13135
1.33534 0.15001 2.84999
-0.870091 0.15001 -1.22657
-0.488127 0.15001 -1.23621
1.32084 0.15001 1.56075
1.38025 0.15001 1.73124
1.26688 0.15001 -0.923754
1.57292 0.15001 2.04074
2.24532 0.15001 -2.0635
1.31376 0.150163 2.16965
0.81178 0.15001 -2.2752
0.818379 0.15001 -2.79283
1.89023 0.15001 -0.9314
0.389777 0.15001 -1.07133
1.55228 0.623725 1.98563
-1.08081 0.15001 2.14859
-0.685308 0.15001 0.0652493
2.44435 0.15001 2.84999
1.03818 0.15001 -2.842
1.62285 0.150155 2.35255
2.84999 0.15001 1.70825
1.1262 0.15001 2.84924
1.21262 0.15001 1.1874
1.42466 0.150522 1.25175
-0.448271 0.15001 -0.508958
2.5074 0.15001 -0.839285
1.41587 0.15001 -1.80389
1.16035 0.347797 1.77028
1.86971 0.15001 2.11499
1.75186 0.15001 -0.621433
1.81186 0.295989 2.2112
1.22801 0.312674 2.66696
-0.580637 0.15001 0.50931
-0.807554 0.26785 -0.534392
0.958997 0.315633 1.73563
1.47645 0.294061 1.56192
1.68237 0.15001 1.78161
2.71511 0.15001 -1.65342
1.16283 0.41216 2.21713
2.59482 0.15001 -0.241755
-2.46131 0.15001 -1.96232
1.06392 0.15001 2.51604
-1.12858 0.15001 -1.58066
-0.0572469 0.15001 0.391505
2.57319 0.15001 1.15621
1.05404 0.282617 1.9051
2.42674 0.15001 -2.07855
0.78207 0.305573 2.13632
-1.68178 0.525632 -2.51157
0.937344 0.317592 2.25347
1.87298 0.314701 1.94271
1.06643 0.495789 2.83475
0.431654 0.15001 -2.68906
1.09109 0.301947 1.05152
2.3317 0.15001 -1.91215
0.308071 0.15001 -0.105863
2.55727 0.15001 -1.57696
0.865971 0.456237 2.05003
1.33383 0.456914 2.63086
1.13395 0.537012 2.65213
2.84924 0.15001 1.88364
-1.13633 0.15001 1.32944
1.75117 0.15001 -2.01698
0.509266 0.15001 -1.72856
0.941979 0.434543 1.34826
1.15284 0.344372 1.31133
-0.631473 0.15001 -0.263202
0.996155 0.511093 2.18548
0.444778 0.15001 -0.0329336
2.84999 0.15001 -0.170474
1.12447 0.15001 -0.822074
1.07063 0.725444 2.84161
0.255911 0.15001 -2.5971
2.69766 0.15001 -2.61995
1.4691 0.15001 1.4298
1.55409 0.150446 1.64432
2.84186 0.15001 -2.67979
1.50128 0.150134 2.20818
2.03358 0.15001 -1.78287
1.36934 0.15001 2.3304
2.83936 0.15001 1.30782
0.888704 0.15001 2.6533
2.07629 0.15001 -1.96344
-1.51295 0.15001 -2.5377
0.46879 0.15001 -2.84999
0.0697508 0.15001 -2.61771
0.88264 0.15001 -2.45698
2.28556 0.15001 2.49501
2.43901 0.15001 -1.17442
2.74935 0.15001 0.583758
2.81082 0.375679 -2.29675
2.63408 0.15001 2.78722
-1.37914 0.15001 -1.84313
-0.788294 0.15001 1.03075
1.14657 0.15001 1.4942
2.05357 0.15001 -2.1847
0.952382 0.15001 0.133344
1.51177 0.151689 1.84719
1.53705 0.15001 2.5021
2.22866 0.15001 -1.7742
0.875398 0.15001 -0.263122
1.40705 0.301345 2.83775
0.92149 0.181275 0.975172
-0.364237 0.15001 0.157416
-1.46222 0.15001 -0.253422
1.18812 0.15001 1.00753
-0.427242 0.15001 1.47189
1.80866 0.15001 2.32631
0.639136 0.667469 -1.1722
-0.123769 0.15001 -2.38341
-1.34248 0.15001 -2.58597
1.71191 0.15001 2.84309
-1.84528 0.15001 -0.608398
1.94089 0.15001 -0.200055
-0.0179066 0.15001 -2.8476
2.14963 0.15001 -0.291515
-0.10451 0.15001 -2.64509
0.881857 0.467737 0.0283518
0.516292 0.15001 -1.24971
1.69919 0.316244 2.65948
2.49123 0.15001 2.36899
2.10563 0.15001 2.84999
-0.476365 0.15001 -2.00955
-1.68791 0.405616 2.7459
1.08439 0.15473 1.32091
1.56687 0.15001 -1.91583
-2.32075 0.339359 -2.79378
-0.50203 0.15001 -2.84808
1.91173 0.152581 2.47488
1.30215 0.316226 2.45932
2.13227 0.15001 1.05655
1.93657 0.15001 2.84933
-1.49679 0.15001 -1.50948
0.308919 0.15001 -2.81859
2.13676 0.15001 -2.48798
-1.41338 0.15001 -2.41058
0.855065 0.15001 -1.76303
-0.663812 0.15001 -1.5007
2.59701 0.15001 0.623695
1.14773 0.15001 -2.05767
-1.3496 0.345607 0.678101
2.18807 0.15001 2.26973
-2.7422 0.15001 -0.0344435
0.293983 0.185597 -1.64871
1.35938 0.153848 1.07506
0.122524 0.15001 -0.949353
1.30505 0.15001 -1.62285
1.00198 0.319745 2.07884
0.145159 0.15001 -0.748434
2.39703 0.197988 -1.58391
0.00982852 0.15001 -1.73337
1.25166 0.56553 2.83867
-1.45203 0.15001 0.295189
-1.10371 0.15001 -2.2262
0.999789 0.15001 -2.2485
-0.31525 0.15001 -2.84999
1.74202 0.15001 -0.847354
0.524058 0.523643 2.13193
1.50978 0.15001 0.0853456
2.61938 0.15001 1.77082
0.0736604 0.15001 -1.91303
2.09433 0.15001 2.10203
0.321641 0.15001 -0.599186
-0.876301 0.15001 -2.60555
1.98183 0.15001 0.88231
2.25473 0.15001 -0.883569
-2.67729 0.15001 -0.181234
1.41354 0.15001 -1.40843
-2.44222 0.15001 2.38757
-0.289191 0.15001 -1.84142
-2.66591 0.15001 1.57714
1.43213 0.15001 -2.07285
-2.11672 0.15001 -2.80666
1.77591 0.15001 0.396164
2.19034 0.15001 -2.28477
1.37284 0.15001 -1.21815
1.77603 0.15001 -0.163661
2.69167 0.15001 -1.85607
2.40601 0.15001 -2.28542
1.76855 0.15001 1.60288
2.84327 0.15001 2.67898
2.67063 0.15001 2.21502
-0.71831 0.15001 -2.54715
0.844213 0.15001 -0.453135
1.44823 0.15001 -2.84986
0.946057 0.15001 -1.17707
0.581183 0.15001 -2.18782
-0.0118802 0.15001 -1.40088
-0.40882 0.15001 -1.46436
2.29432 0.15001 -1.09719
2.53314 0.15001 -2.53451
1.85193 0.15001 1.82719
-1.19589 0.15001 -2.41635
-1.35322 0.15001 0.00791232
2.8392 0.15001 -0.536681
2.67462 0.15001 -0.0570888
1.24375 0.15001 -0.123644
2.52624 0.15001 -1.9186
1.41613 0.15001 -0.866673
2.84999 0.15001 -0.708715
2.8439 0.15001 2.84999
2.18897 0.15001 0.594425
2.55229 0.15001 -2.84629
-0.321117 0.15001 -1.23028
-0.162747 0.15001 -0.888084
0.110976 0.15001 -2.30376
1.11892 0.284925 0.392456
2.12695 0.15001 -0.485349
1.63262 0.15001 0.526344
1.6034 0.316344 2.49227
2.11548 0.15001 2.4901
1.65352 0.15001 -2.84721
0.634174 0.15001 -2.84649
0.70362 0.15001 -2.40413
-1.17649 0.15001 -2.6151
-1.55845 0.15001 -1.68421
0.647101 0.15001 -1.96882
1.59423 0.304495 2.17004
2.82742 0.15001 0.918073
2.84999 0.15001 -1.51897
-0.0990998 0.15001 -2.18924
2.50462 0.15001 -0.590282
1.64048 0.15001 -2.68893
1.8238 0.15001 -1.15239
1.32627 0.304675 1.44317
1.0509 0.15001 -0.246252
1.59459 0.286799 1.92335
2.43941 0.276088 2.47302
0.376775 0.15001 0.705561
1.4364 0.271447 2.64996
-0.642556 0.15001 -1.96415
2.69037 0.15001 2.4221
1.26626 0.15001 -2.7983
2.83734 0.15001 -2.8483
0.281282 0.15001 0.232009
2.84999 0.15001 -0.877063
1.99093 0.15001 -2.64404
-0.372476 0.15001 -2.59362
1.48311 0.277964 2.35592
1.941 0.15001 -2.47742
1.20914 0.15001 -1.39258
2.28057 0.15001 1.79535
-0.83191 0.741375 2.51851
0.813167 0.15001 -0.900047
-0.940116 0.15001 -2.84999
1.756 0.15001 -2.52571
-0.955012 0.15001 1.84303
1.38849 0.304679 1.86518
2.23218 0.312769 -1.21124
1.93925 0.15001 -1.49405
1.52666 0.15001 -1.20562
2.70092 0.15001 1.04172
1.67325 0.372716 1.51282
-2.14521 0.15001 2.80533
2.15614 0.15001 -1.44637
-1.96215 0.15001 1.9933
0.900486 0.15001 0.470168
1.20296 0.39889 1.97672
2.84999 0.15001 2.28976
1.12188 0.383525 2.40255
1.20913 0.15001 -0.469989
2.80075 0.15001 -1.23147
-0.384342 0.15001 -2.43553
1.33274 0.15001 -2.24701
1.30116 0.15001 0.8579
1.89768 0.15001 -2.2652
-1.9491 0.15001 1.7604
2.64453 0.15001 1.5798
2.03993 0.15001 -0.887405
0.326157 0.15001 -2.4393
1.64332 0.15001 -2.32991
2.83794 0.15001 0.436137
