1900 0.1
-0.464793 3.57413 -1.8472
-0.4657 3.57824 -1.65878
-0.466581 3.58226 -1.46985
-0.467434 3.58607 -1.28042
-0.468253 3.58983 -1.09049
-0.469038 3.59336 -0.9001
-0.469787 3.59679 -0.709244
-0.470496 3.59988 -0.517947
-0.471169 3.60297 -0.326232
-0.471795 3.6058 -0.134114
-0.472374 3.60837 0.0583811
-0.472905 3.61072 0.251227
-0.473383 3.61301 0.444394
-0.47381 3.61481 0.637852
-0.474178 3.61659 0.831569
-0.474491 3.6179 1.02549
-0.474742 3.61909 1.21963
-0.474933 3.61996 1.41391
-0.47506 3.62048 1.6083
-0.475121 3.62073 1.8027
-0.463824 3.76177 -1.84299
-0.464709 3.76589 -1.6547
-0.465567 3.77001 -1.46589
-0.466394 3.77387 -1.27661
-0.467192 3.77774 -1.08684
-0.467954 3.78134 -0.896604
-0.468681 3.78469 -0.705922
-0.469368 3.78804 -0.514809
-0.470017 3.79113 -0.323287
-0.470622 3.79396 -0.131374
-0.471182 3.79654 0.0609027
-0.47169 3.79906 0.253519
-0.472152 3.80117 0.446445
-0.472563 3.80318 0.639654
-0.472917 3.80478 0.833114
-0.473214 3.80627 1.02678
-0.473456 3.80735 1.22063
-0.473638 3.8082 1.41461
-0.47376 3.80884 1.60869
-0.473821 3.80915 1.80283
-0.462831 3.94882 -1.83869
-0.463695 3.95302 -1.65052
-0.464532 3.95714 -1.46187
-0.465338 3.96126 -1.27272
-0.466112 3.96512 -1.08311
-0.466853 3.96873 -0.893047
-0.467558 3.97223 -0.702542
-0.468224 3.97547 -0.511625
-0.46885 3.97859 -0.320303
-0.469434 3.98158 -0.128602
-0.469975 3.98418 0.0634517
-0.470467 3.98665 0.255834
-0.470911 3.98881 0.448518
-0.471304 3.99085 0.641473
-0.471649 3.99242 0.834665
-0.471935 3.99396 1.02807
-0.472165 3.99499 1.22163
-0.472341 3.99595 1.41532
-0.472456 3.99654 1.60914
-0.472514 3.99679 1.80303
-0.461819 4.13525 -1.83429
-0.46266 4.13963 -1.64626
-0.463476 4.1438 -1.45775
-0.464262 4.14787 -1.26877
-0.465015 4.15176 -1.07933
-0.465733 4.1556 -0.889436
-0.466418 4.1591 -0.699121
-0.467064 4.16245 -0.508397
-0.467672 4.16564 -0.317284
-0.468237 4.16847 -0.125801
-0.468757 4.17125 0.0660248
-0.469235 4.17362 0.258169
-0.469659 4.17594 0.450602
-0.470041 4.17782 0.643301
-0.470367 4.17954 0.836226
-0.470644 4.18101 1.02935
-0.470866 4.18212 1.22266
-0.471037 4.18299 1.41607
-0.471146 4.18364 1.60959
-0.471203 4.18392 1.80315
-0.460786 4.32112 -1.82982
-0.46161 4.3257 -1.64194
-0.462403 4.32985 -1.45358
-0.463167 4.33399 -1.26476
-0.4639 4.33809 -1.07548
-0.4646 4.34174 -0.88578
-0.465263 4.3453 -0.695655
-0.46589 4.34875 -0.50513
-0.466478 4.35199 -0.314231
-0.467025 4.35482 -0.122972
-0.467529 4.35766 0.0686198
-0.467987 4.36008 0.260519
-0.468401 4.36229 0.452703
-0.468768 4.36435 0.645139
-0.469083 4.366 0.837797
-0.46935 4.36744 1.03064
-0.469563 4.36863 1.22366
-0.469724 4.3695 1.4168
-0.469833 4.37002 1.61004
-0.469885 4.3703 1.80328
-0.276256 2.62905 -1.86744
-0.277061 2.63263 -1.6785
-0.277846 2.63601 -1.489
-0.278609 2.63936 -1.29896
-0.279351 2.64258 -1.10838
-0.280069 2.6458 -0.917268
-0.280757 2.64866 -0.725639
-0.281417 2.65164 -0.533512
-0.282043 2.6543 -0.340897
-0.282634 2.65687 -0.147817
-0.283187 2.65942 0.0457077
-0.283696 2.66151 0.239651
-0.284161 2.66357 0.433986
-0.284576 2.66537 0.628675
-0.284942 2.66697 0.823686
-0.285249 2.66846 1.01899
-0.2855 2.66949 1.21448
-0.28569 2.67026 1.41024
-0.285817 2.67078 1.60605
-0.285881 2.67106 1.802
-0.275607 2.81934 -1.86382
-0.276393 2.82295 -1.67496
-0.277157 2.82655 -1.48556
-0.277899 2.82991 -1.29561
-0.27862 2.83326 -1.10513
-0.279315 2.8366 -0.914142
-0.279983 2.83969 -0.722646
-0.280619 2.84263 -0.530661
-0.281224 2.84541 -0.338197
-0.281792 2.84819 -0.145285
-0.282322 2.85051 0.0480584
-0.282809 2.85282 0.241807
-0.283255 2.85488 0.435929
-0.283652 2.85669 0.630394
-0.283998 2.85844 0.82517
-0.284291 2.85978 1.02021
-0.28453 2.86081 1.21545
-0.28471 2.86168 1.4109
-0.284831 2.86235 1.6065
-0.284892 2.86261 1.80212
-0.274933 3.00909 -1.86005
-0.275698 3.01277 -1.67129
-0.276444 3.01656 -1.48198
-0.277167 3.02011 -1.29214
-0.277865 3.02351 -1.10179
-0.27854 3.02686 -0.910924
-0.279185 3.02997 -0.719566
-0.2798 3.03304 -0.527732
-0.280384 3.03589 -0.335432
-0.280931 3.0387 -0.142697
-0.28144 3.04128 0.0504568
-0.281908 3.0436 0.244001
-0.282334 3.04566 0.437905
-0.282713 3.04746 0.632142
-0.283044 3.04911 0.82667
-0.283323 3.05055 1.02144
-0.283549 3.05158 1.21645
-0.28372 3.05246 1.41159
-0.283836 3.05313 1.60689
-0.283894 3.05338 1.80225
-0.274236 3.1983 -1.85616
-0.274983 3.20216 -1.66749
-0.275707 3.20595 -1.4783
-0.276412 3.20963 -1.28858
-0.27709 3.21324 -1.09834
-0.277745 3.21659 -0.907618
-0.278367 3.21988 -0.716408
-0.278963 3.22302 -0.524732
-0.279525 3.22586 -0.332609
-0.280052 3.22869 -0.140058
-0.280542 3.23126 0.0528973
-0.280991 3.23358 0.24623
-0.281399 3.23564 0.439912
-0.281762 3.23762 0.633909
-0.282079 3.23924 0.828189
-0.282344 3.24061 1.02272
-0.282561 3.24182 1.21745
-0.282724 3.24259 1.41232
-0.282833 3.24311 1.60734
-0.282888 3.24344 1.80238
-0.273517 3.38696 -1.85215
-0.274244 3.39085 -1.66358
-0.274951 3.39474 -1.4745
-0.275636 3.39858 -1.28491
-0.276296 3.40218 -1.09482
-0.276929 3.40579 -0.904239
-0.277534 3.40913 -0.713183
-0.278108 3.41223 -0.521674
-0.278651 3.41526 -0.329732
-0.279161 3.41802 -0.137375
-0.279631 3.42067 0.0553749
-0.280064 3.42304 0.248488
-0.280455 3.4251 0.441939
-0.280802 3.42716 0.635692
-0.281103 3.42871 0.829718
-0.281359 3.43022 1.02398
-0.281565 3.43128 1.21841
-0.281721 3.4321 1.41306
-0.281824 3.43277 1.60779
-0.281876 3.43308 1.80258
-0.272778 3.57503 -1.84803
-0.273488 3.57915 -1.65958
-0.274177 3.58314 -1.47062
-0.274841 3.587 -1.28115
-0.275482 3.59071 -1.09121
-0.276097 3.59421 -0.900782
-0.276684 3.59769 -0.709897
-0.277239 3.60091 -0.518565
-0.277764 3.604 -0.326809
-0.278253 3.60683 -0.134651
-0.278707 3.6094 0.0578853
-0.279122 3.61185 0.250775
-0.279499 3.61404 0.44399
-0.279832 3.61597 0.637494
-0.280122 3.61764 0.831263
-0.280365 3.61909 1.02524
-0.280564 3.62022 1.21944
-0.280712 3.62102 1.41378
-0.28081 3.62169 1.60818
-0.28086 3.62199 1.8027
-0.272022 3.76255 -1.8438
-0.272714 3.76692 -1.65547
-0.273383 3.77094 -1.46665
-0.27403 3.7749 -1.27733
-0.274653 3.77869 -1.08753
-0.27525 3.78235 -0.897267
-0.275818 3.78572 -0.706553
-0.276356 3.78907 -0.515404
-0.276863 3.79216 -0.323843
-0.277336 3.79499 -0.131893
-0.277772 3.79762 0.0604251
-0.278173 3.80014 0.253085
-0.278535 3.80225 0.446059
-0.278855 3.80426 0.639313
-0.279133 3.80593 0.832821
-0.279367 3.80735 1.02652
-0.279555 3.80851 1.22045
-0.279698 3.80941 1.41448
-0.279793 3.80993 1.60863
-0.279842 3.81018 1.80283
-0.271246 3.94967 -1.83947
-0.271921 3.95405 -1.65128
-0.272575 3.95817 -1.4626
-0.273205 3.96216 -1.27342
-0.27381 3.96602 -1.08379
-0.274388 3.96976 -0.893691
-0.27494 3.97321 -0.703154
-0.275461 3.9765 -0.512198
-0.27595 3.97967 -0.32084
-0.276407 3.98263 -0.129103
-0.276829 3.98521 0.0629909
-0.277215 3.98778 0.255416
-0.277563 3.98992 0.448143
-0.27787 3.9919 0.641144
-0.278137 3.99368 0.834382
-0.278363 3.99499 1.02782
-0.278543 3.99628 1.22144
-0.278681 3.99705 1.41519
-0.278771 3.99762 1.60908
-0.278816 3.99795 1.80296
-0.270456 4.13623 -1.83506
-0.271114 4.14061 -1.647
-0.271752 4.14478 -1.45847
-0.272365 4.1489 -1.26946
-0.272952 4.15276 -1.07998
-0.273514 4.15663 -0.890061
-0.274048 4.16013 -0.699716
-0.274553 4.1635 -0.508957
-0.275028 4.16667 -0.317804
-0.275469 4.1695 -0.126285
-0.275878 4.17233 0.06558
-0.27625 4.17475 0.257764
-0.276584 4.17697 0.450243
-0.27688 4.17903 0.642982
-0.277138 4.18068 0.835956
-0.277354 4.18212 1.02914
-0.277527 4.1833 1.22247
-0.277659 4.18418 1.41597
-0.277748 4.18469 1.60953
-0.27779 4.185 1.80311
-0.26965 4.32212 -1.83056
-0.270292 4.3265 -1.64265
-0.270913 4.33088 -1.45427
-0.27151 4.335 -1.26542
-0.272081 4.33904 -1.07612
-0.272627 4.34275 -0.886385
-0.273147 4.34635 -0.696231
-0.273636 4.34983 -0.505674
-0.274095 4.35302 -0.314735
-0.274523 4.35596 -0.12344
-0.274917 4.35869 0.06819
-0.275276 4.36126 0.260133
-0.275599 4.36348 0.452355
-0.275886 4.36538 0.644833
-0.276132 4.36718 0.837536
-0.276341 4.36863 1.03045
-0.276509 4.36976 1.2235
-0.276636 4.37063 1.41667
-0.27672 4.3713 1.60991
-0.27676 4.37156 1.80328
-0.0831471 2.62957 -1.86814
-0.0837237 2.63317 -1.67919
-0.0842861 2.63652 -1.48967
-0.0848341 2.63988 -1.29961
-0.0853664 2.64322 -1.109
-0.0858814 2.64631 -0.91787
-0.0863762 2.6494 -0.726222
-0.0868498 2.65224 -0.534066
-0.0873004 2.65507 -0.34142
-0.0877257 2.65764 -0.148308
-0.0881224 2.66006 0.0452501
-0.0884901 2.66228 0.239232
-0.088824 2.66434 0.433605
-0.0891238 2.66614 0.628337
-0.0893857 2.66784 0.823397
-0.0896086 2.66923 1.01873
-0.0897888 2.67026 1.21429
-0.089926 2.67106 1.41007
-0.0900178 2.67175 1.60599
-0.090064 2.67206 1.80193
-0.0826816 2.81986 -1.8645
-0.0832437 2.82346 -1.67562
-0.0837921 2.82708 -1.48621
-0.0843256 2.83068 -1.29624
-0.0848422 2.83403 -1.10574
-0.0853411 2.83719 -0.914732
-0.0858198 2.84039 -0.723206
-0.0862773 2.8433 -0.531192
-0.0867106 2.84613 -0.338702
-0.0871194 2.84886 -0.145757
-0.0875004 2.85128 0.0476198
-0.087852 2.8536 0.241404
-0.0881723 2.85566 0.435566
-0.0884579 2.85754 0.630075
-0.0887074 2.85926 0.82489
-0.0889182 2.86055 1.01996
-0.0890896 2.86168 1.21529
-0.0892195 2.86261 1.41076
-0.0893068 2.86312 1.60637
-0.0893499 2.86338 1.80212
-0.0821984 3.0096 -1.86072
-0.0827468 3.01347 -1.67194
-0.0832811 3.01707 -1.48261
-0.0837993 3.02068 -1.29275
-0.0843006 3.02423 -1.10238
-0.0847846 3.02758 -0.91149
-0.0852473 3.03072 -0.720107
-0.0856895 3.03381 -0.528247
-0.0861075 3.03664 -0.335918
-0.086501 3.03947 -0.14315
-0.0868667 3.04203 0.0500361
-0.0872038 3.04437 0.243616
-0.0875096 3.04643 0.437559
-0.087782 3.04823 0.631836
-0.0880194 3.05004 0.826406
-0.0882205 3.05132 1.02124
-0.0883839 3.05246 1.21629
-0.0885074 3.05338 1.41149
-0.0885895 3.0539 1.60682
-0.0886309 3.05416 1.80225
-0.0816991 3.19881 -1.85681
-0.0822334 3.20268 -1.66813
-0.0827537 3.20654 -1.4789
-0.0832578 3.21023 -1.28917
-0.083745 3.21375 -1.09892
-0.0842133 3.21731 -0.908169
-0.0846611 3.2205 -0.716933
-0.085088 3.22369 -0.525227
-0.0854911 3.22663 -0.333076
-0.0858697 3.22946 -0.140495
-0.0862222 3.23203 0.0524932
-0.0865452 3.23435 0.245861
-0.0868377 3.23644 0.439577
-0.087098 3.23847 0.633616
-0.0873258 3.24002 0.827938
-0.0875177 3.24156 1.02251
-0.0876722 3.24259 1.21725
-0.08779 3.24347 1.41223
-0.0878685 3.24414 1.60727
-0.0879079 3.24439 1.80238
-0.0811842 3.3875 -1.85278
-0.0817056 3.39162 -1.66421
-0.0822117 3.39549 -1.4751
-0.0827018 3.39932 -1.28549
-0.0831749 3.40295 -1.09537
-0.0836287 3.4064 -0.904767
-0.0840628 3.40978 -0.713692
-0.0844748 3.413 -0.522157
-0.0848647 3.41601 -0.330184
-0.0852292 3.41879 -0.137795
-0.0855676 3.42147 0.0549863
-0.0858774 3.42381 0.248134
-0.0861586 3.42595 0.441621
-0.0864084 3.42793 0.635415
-0.0866257 3.42958 0.82948
-0.0868084 3.43102 1.02377
-0.0869568 3.4321 1.21828
-0.0870683 3.43308 1.41294
-0.0871435 3.4336 1.6077
-0.0871809 3.43386 1.80251
-0.0806551 3.57567 -1.84864
-0.0811632 3.57979 -1.66018
-0.0816565 3.58388 -1.47121
-0.0821329 3.58777 -1.28172
-0.0825923 3.59138 -1.09175
-0.0830325 3.59498 -0.901297
-0.0834529 3.59838 -0.710389
-0.0838512 3.60168 -0.519028
-0.0842274 3.60477 -0.327245
-0.0845794 3.6076 -0.135058
-0.0849049 3.61018 0.0575115
-0.0852031 3.61273 0.250435
-0.0854726 3.61481 0.443685
-0.0857124 3.61687 0.637227
-0.0859204 3.61844 0.831035
-0.0860946 3.61996 1.02505
-0.086237 3.62102 1.2193
-0.0863437 3.62202 1.41365
-0.0864153 3.62254 1.60811
-0.0864507 3.62279 1.80264
-0.0801128 3.76332 -1.84439
-0.0806084 3.76744 -1.65606
-0.0810884 3.77156 -1.46722
-0.0815519 3.7756 -1.27787
-0.0819981 3.77933 -1.08806
-0.0824254 3.78304 -0.897766
-0.0828325 3.78649 -0.707029
-0.0832179 3.78984 -0.515855
-0.0835817 3.79293 -0.324265
-0.0839208 3.79576 -0.132285
-0.0842346 3.79847 0.0600649
-0.0845215 3.80091 0.252758
-0.0847806 3.80315 0.445766
-0.0850107 3.80503 0.639055
-0.0852095 3.80684 0.832602
-0.0853781 3.8082 1.02635
-0.0855137 3.80941 1.22028
-0.0856158 3.81018 1.41436
-0.0856842 3.81085 1.60856
-0.085718 3.81119 1.80283
-0.0795583 3.95042 -1.84006
-0.0800411 3.95462 -1.65185
-0.0805091 3.95889 -1.46315
-0.0809601 3.96281 -1.27396
-0.0813934 3.96667 -1.0843
-0.0818082 3.97053 -0.894174
-0.0822025 3.97396 -0.703617
-0.0825762 3.97728 -0.512633
-0.0829275 3.98047 -0.321248
-0.083255 3.98341 -0.129482
-0.0835575 3.98606 0.0626438
-0.0838343 3.98856 0.2551
-0.0840834 3.99085 0.447862
-0.0843042 3.99273 0.640897
-0.0844962 3.99448 0.834173
-0.0846571 3.99595 1.02767
-0.084787 3.99705 1.22131
-0.0848852 3.99795 1.41513
-0.0849508 3.9986 1.60901
-0.0849834 3.99885 1.80296
-0.0789927 4.1368 -1.83563
-0.0794638 4.14118 -1.64756
-0.0799196 4.14555 -1.459
-0.0803582 4.14967 -1.26997
-0.0807794 4.15354 -1.08048
-0.0811817 4.15735 -0.89053
-0.0815648 4.16087 -0.700161
-0.0819261 4.1643 -0.509376
-0.082266 4.16744 -0.318198
-0.0825827 4.17038 -0.12665
-0.0828748 4.17311 0.0652449
-0.0831415 4.17568 0.257461
-0.0833817 4.17782 0.44997
-0.0835949 4.1798 0.642747
-0.0837788 4.1816 0.835756
-0.0839337 4.18299 1.02897
-0.0840588 4.18418 1.22234
-0.084153 4.185 1.41584
-0.0842157 4.18567 1.60946
-0.0842467 4.18598 1.80309
-0.0784161 4.3229 -1.83112
-0.078876 4.32727 -1.6432
-0.0793194 4.33165 -1.45479
-0.0797466 4.33577 -1.26592
-0.0801562 4.33976 -1.0766
-0.0805473 4.34349 -0.886842
-0.0809186 4.34713 -0.696665
-0.0812691 4.35065 -0.50608
-0.0815986 4.35379 -0.315116
-0.0819043 4.35683 -0.123794
-0.0821868 4.35948 0.0678663
-0.0824443 4.36203 0.259839
-0.082676 4.36435 0.452094
-0.0828812 4.36633 0.644604
-0.0830586 4.36796 0.83734
-0.0832075 4.3695 1.03026
-0.0833278 4.37063 1.22337
-0.0834179 4.37156 1.4166
-0.0834783 4.37208 1.60991
-0.0835088 4.37236 1.80322
0.110052 2.62995 -1.8686
0.109706 2.63343 -1.67964
0.109368 2.63704 -1.49012
0.109038 2.64039 -1.30005
0.108719 2.64361 -1.10943
0.10841 2.64683 -0.918278
0.108112 2.64989 -0.726608
0.107827 2.65275 -0.534433
0.107556 2.65558 -0.341773
0.1073 2.65816 -0.148638
0.107061 2.6605 0.0449435
0.10684 2.66279 0.23895
0.106639 2.66485 0.433349
0.106459 2.66666 0.628112
0.106301 2.66846 0.8232
0.106167 2.66975 1.01857
0.106058 2.67078 1.21416
0.105975 2.67175 1.40998
0.10592 2.67232 1.60592
0.105892 2.67258 1.80193
0.110331 2.82024 -1.86495
0.109994 2.82398 -1.67606
0.109664 2.82759 -1.48663
0.109344 2.83094 -1.29666
0.109034 2.83436 -1.10616
0.108734 2.83763 -0.915118
0.108447 2.84072 -0.723583
0.108172 2.84381 -0.531549
0.107911 2.84664 -0.33904
0.107665 2.8493 -0.146074
0.107436 2.85179 0.047326
0.107224 2.85411 0.241135
0.107032 2.85617 0.435325
0.10686 2.85813 0.62986
0.10671 2.85978 0.824707
0.106583 2.86106 1.01983
0.106479 2.86235 1.21519
0.106401 2.86312 1.41069
0.106348 2.86364 1.60637
0.106322 2.8639 1.80206
0.110622 3.01002 -1.86117
0.110292 3.01372 -1.67237
0.109972 3.01759 -1.48303
0.10966 3.02119 -1.29317
0.109359 3.02454 -1.10277
0.109069 3.02791 -0.91187
0.108791 3.03123 -0.72047
0.108525 3.03432 -0.528588
0.108273 3.03716 -0.336245
0.108037 3.03999 -0.143455
0.107817 3.04254 0.0497542
0.107614 3.04489 0.243358
0.107431 3.04695 0.437329
0.107267 3.0488 0.63163
0.107123 3.05055 0.826232
0.107003 3.05184 1.0211
0.106904 3.05313 1.21616
0.10683 3.0539 1.41139
0.10678 3.05441 1.60676
0.106755 3.0547 1.80225
0.110921 3.1993 -1.85725
0.1106 3.20319 -1.66854
0.110288 3.20706 -1.47932
0.109985 3.21066 -1.28957
0.109693 3.21427 -1.0993
0.109412 3.21769 -0.908532
0.109142 3.22096 -0.717284
0.108886 3.22413 -0.525562
0.108644 3.22714 -0.33339
0.108416 3.22997 -0.140787
0.108205 3.23255 0.0522226
0.108011 3.23487 0.245613
0.107835 3.23703 0.439356
0.107678 3.23899 0.63342
0.107541 3.24058 0.827771
0.107426 3.24208 1.02235
0.107333 3.24313 1.21719
0.107262 3.24414 1.41211
0.107214 3.24465 1.60721
0.107191 3.24491 1.80238
0.111231 3.38802 -1.8532
0.110917 3.39191 -1.66461
0.110614 3.39595 -1.4755
0.110319 3.39966 -1.28588
0.110035 3.40342 -1.09574
0.109763 3.40682 -0.905124
0.109502 3.41021 -0.71403
0.109254 3.41351 -0.522479
0.109021 3.4165 -0.330487
0.108801 3.41933 -0.138077
0.108598 3.42201 0.0547264
0.108412 3.42433 0.247898
0.108243 3.42654 0.441408
0.108093 3.42845 0.635229
0.107962 3.4302 0.829322
0.107852 3.43154 1.02363
0.107763 3.43277 1.21815
0.107695 3.4336 1.41288
0.10765 3.43411 1.60766
0.107628 3.43442 1.80251
0.111548 3.57618 -1.84906
0.111243 3.5803 -1.66059
0.110947 3.58422 -1.4716
0.110661 3.58813 -1.28209
0.110385 3.59189 -1.09211
0.110121 3.5955 -0.901644
0.109868 3.59885 -0.710715
0.109629 3.60219 -0.519337
0.109403 3.60528 -0.327537
0.109192 3.60812 -0.135329
0.108997 3.61069 0.0572614
0.108817 3.61327 0.250207
0.108655 3.61535 0.443481
0.108511 3.61739 0.63705
0.108386 3.61906 0.83088
0.108281 3.62048 1.02493
0.108196 3.62169 1.21918
0.108132 3.62254 1.41358
0.108089 3.62305 1.60811
0.108067 3.62336 1.80264
0.111873 3.76376 -1.8448
0.111576 3.76795 -1.65645
0.111287 3.77207 -1.4676
0.111009 3.77599 -1.27824
0.110741 3.7798 -1.0884
0.110486 3.78348 -0.898101
0.110241 3.78701 -0.707345
0.110009 3.79036 -0.516151
0.109791 3.79345 -0.324547
0.109587 3.79628 -0.132545
0.109399 3.79903 0.0598242
0.109227 3.80143 0.252539
0.109071 3.80375 0.445568
0.108933 3.80562 0.638885
0.108813 3.80735 0.832451
0.108712 3.80884 1.02625
0.10863 3.80993 1.22021
0.108569 3.81085 1.41429
0.108528 3.81147 1.6085
0.108507 3.81173 1.80279
0.112206 3.95073 -1.84045
0.111915 3.95508 -1.65223
0.111635 3.95928 -1.46351
0.111364 3.96332 -1.27431
0.111104 3.96718 -1.08463
0.110856 3.97099 -0.894502
0.110619 3.97444 -0.703926
0.110395 3.97779 -0.512923
0.110184 3.98101 -0.321521
0.109987 3.98392 -0.129734
0.109805 3.98665 0.0624116
0.109639 3.98907 0.25489
0.109489 3.99139 0.447672
0.109357 3.99334 0.640729
0.109242 3.99499 0.834031
0.109145 3.99654 1.02755
0.109067 3.99762 1.22124
0.109008 3.9986 1.41506
0.108968 3.99911 1.60895
0.108949 3.99937 1.80296
0.112545 4.13731 -1.83602
0.112262 4.14169 -1.64793
0.111989 4.14607 -1.45936
0.111726 4.15016 -1.27031
0.111473 4.15405 -1.08081
0.111232 4.15784 -0.890846
0.111002 4.16139 -0.700457
0.110785 4.16484 -0.509656
0.110581 4.16796 -0.31846
0.110391 4.17094 -0.126894
0.110215 4.17362 0.065021
0.110055 4.1762 0.257258
0.109911 4.17844 0.44979
0.109783 4.18037 0.642586
0.109672 4.18212 0.835618
0.10958 4.18364 1.02884
0.109505 4.18469 1.22227
0.109448 4.18567 1.41577
0.10941 4.18624 1.6094
0.109392 4.1865 1.80309
0.112891 4.32328 -1.8315
0.112615 4.32779 -1.64356
0.112349 4.33216 -1.45514
0.112092 4.33628 -1.26626
0.111847 4.34025 -1.07693
0.111613 4.34401 -0.887148
0.111389 4.34767 -0.696952
0.111179 4.35119 -0.506353
0.110982 4.35431 -0.315373
0.110798 4.3574 -0.124029
0.110628 4.36008 0.0676502
0.110474 4.36255 0.259642
0.110335 4.36487 0.451919
0.110212 4.36693 0.644453
0.110105 4.36863 0.837208
0.110016 4.37002 1.03017
0.109944 4.3713 1.2233
0.109889 4.37208 1.41654
0.109853 4.37269 1.60985
0.109835 4.37303 1.80322
0.303299 2.63008 -1.86884
0.303186 2.63369 -1.67986
0.303074 2.63711 -1.49034
0.302977 2.64057 -1.30025
0.302865 2.64374 -1.10964
0.302768 2.64706 -0.918478
0.302671 2.65002 -0.726801
0.302575 2.65301 -0.534619
0.302478 2.65582 -0.341947
0.302398 2.65842 -0.148805
0.302317 2.66073 0.0447902
0.302243 2.66305 0.238809
0.302173 2.66511 0.433223
0.302124 2.66694 0.627999
0.30206 2.66872 0.823104
0.302028 2.67 1.01848
0.301979 2.67106 1.2141
0.301963 2.67206 1.40991
0.301947 2.67258 1.60589
0.301931 2.67284 1.80193
0.303396 2.82037 -1.86518
0.303283 2.82413 -1.67629
0.30317 2.82772 -1.48685
0.303074 2.8312 -1.29686
0.302968 2.83454 -1.10636
0.302865 2.83789 -0.915317
0.30277 2.84098 -0.723769
0.302688 2.84407 -0.531729
0.302594 2.8469 -0.339209
0.302511 2.84953 -0.146232
0.302446 2.85205 0.0471792
0.302366 2.85437 0.241001
0.302301 2.85643 0.435203
0.302253 2.85844 0.629754
0.302205 2.86003 0.824617
0.302157 2.86135 1.01976
0.302124 2.86261 1.21513
0.302097 2.86338 1.41063
0.302076 2.8639 1.60631
0.302076 2.86423 1.80206
0.303492 3.01012 -1.86138
0.30338 3.01398 -1.67258
0.303283 3.01777 -1.48325
0.30317 3.02137 -1.29337
0.303074 3.0248 -1.10296
0.302977 3.02814 -0.91206
0.302887 3.03149 -0.720651
0.3028 3.03458 -0.528762
0.30272 3.03741 -0.336406
0.302639 3.04025 -0.143607
0.30257 3.04277 0.0496134
0.302494 3.04514 0.243229
0.302446 3.0472 0.437211
0.302382 3.04908 0.631527
0.302334 3.05081 0.826142
0.302301 3.05212 1.02101
0.302269 3.05338 1.21609
0.302237 3.05416 1.41139
0.302221 3.0547 1.60676
0.302221 3.05506 1.80219
0.303589 3.19938 -1.85745
0.303492 3.20345 -1.66876
0.30338 3.20724 -1.47953
0.303283 3.21092 -1.28976
0.303186 3.21453 -1.09949
0.30309 3.21787 -0.908719
0.303009 3.22122 -0.717461
0.302916 3.22434 -0.52573
0.302839 3.2274 -0.333546
0.302768 3.23023 -0.140934
0.302694 3.23281 0.0520876
0.302631 3.23512 0.24549
0.302575 3.23731 0.439249
0.302527 3.23924 0.633323
0.302478 3.24092 0.827684
0.302438 3.24233 1.02227
0.302414 3.24344 1.21712
0.302382 3.24439 1.4121
0.302366 3.24491 1.60721
0.302366 3.24517 1.80238
0.303692 3.38815 -1.85341
0.303589 3.39214 -1.66482
0.303492 3.3961 -1.4757
0.303396 3.39986 -1.28607
0.303299 3.4036 -1.09593
0.303203 3.40707 -0.905301
0.303122 3.41042 -0.7142
0.303042 3.41377 -0.52264
0.302961 3.41673 -0.330636
0.302897 3.41959 -0.138218
0.302829 3.42227 0.0545966
0.302768 3.42459 0.24778
0.302704 3.42685 0.441304
0.302655 3.42871 0.635135
0.302615 3.43051 0.829239
0.302575 3.4318 1.02356
0.302543 3.43308 1.21812
0.302527 3.43386 1.41281
0.302511 3.43442 1.60761
0.302511 3.43478 1.80251
0.303798 3.57631 -1.84926
0.303701 3.58051 -1.66078
0.303605 3.58442 -1.47179
0.303508 3.58834 -1.28229
0.303412 3.59215 -1.09228
0.303331 3.59576 -0.901818
0.303251 3.5991 -0.710879
0.30317 3.60245 -0.519492
0.30309 3.60554 -0.327683
0.303026 3.60837 -0.135463
0.302961 3.61097 0.0571367
0.302897 3.61352 0.250094
0.302849 3.61563 0.44338
0.3028 3.61764 0.63696
0.302752 3.61939 0.830803
0.30272 3.62073 1.02487
0.302688 3.62202 1.21912
0.302671 3.62279 1.41353
0.302655 3.62336 1.60805
0.302655 3.62369 1.80264
0.303911 3.76391 -1.845
0.303814 3.76821 -1.65665
0.303718 3.77233 -1.46778
0.303621 3.77619 -1.27843
0.303529 3.78005 -1.08858
0.303444 3.78371 -0.898268
0.303364 3.78727 -0.707506
0.303288 3.79061 -0.516302
0.303219 3.7937 -0.324687
0.303154 3.79654 -0.132676
0.30309 3.79932 0.059704
0.303026 3.80169 0.252429
0.302977 3.804 0.445472
0.302929 3.80593 0.638798
0.302897 3.80761 0.83238
0.302865 3.80915 1.02619
0.302832 3.81018 1.22015
0.302816 3.81119 1.41429
0.3028 3.81173 1.6085
0.3028 3.81199 1.80277
0.30401 3.95096 -1.84064
0.303924 3.95534 -1.65242
0.30383 3.95948 -1.4637
0.303734 3.96358 -1.27449
0.303653 3.96744 -1.0848
0.303573 3.97125 -0.894663
0.303492 3.9747 -0.704081
0.303412 3.97805 -0.513067
0.303347 3.98129 -0.321655
0.303283 3.98418 -0.12986
0.303219 3.98693 0.0622959
0.30317 3.98933 0.254785
0.303122 3.99165 0.447578
0.303074 3.99365 0.640649
0.303042 3.99528 0.83396
0.303009 3.99679 1.02749
0.302977 3.99795 1.22118
0.302961 3.99885 1.415
0.302945 3.99937 1.60895
0.302945 3.99968 1.80296
0.30412 4.13757 -1.8362
0.304039 4.14195 -1.64812
0.303943 4.14628 -1.45954
0.303862 4.15037 -1.27049
0.303769 4.15431 -1.08097
0.303695 4.15809 -0.891007
0.303621 4.16165 -0.700605
0.303541 4.1651 -0.509797
0.303476 4.16821 -0.318592
0.303412 4.17123 -0.127015
0.303364 4.17388 0.0649093
0.303299 4.17645 0.257156
0.303254 4.17874 0.4497
0.303219 4.18068 0.642506
0.303185 4.18238 0.83555
0.303154 4.18392 1.02878
0.303122 4.185 1.22221
0.303106 4.18598 1.41577
0.30309 4.1865 1.6094
0.30309 4.18675 1.80309
0.304241 4.32346 -1.83168
0.304152 4.32804 -1.64374
0.304056 4.33242 -1.45532
0.303975 4.33654 -1.26643
0.303895 4.34048 -1.07708
0.303814 4.34427 -0.887299
0.30375 4.34792 -0.697096
0.303669 4.35145 -0.506485
0.303605 4.35457 -0.315497
0.303557 4.35766 -0.124147
0.303492 4.36039 0.0675424
0.303444 4.36283 0.259545
0.303396 4.36512 0.451832
0.303364 4.36718 0.644376
0.303315 4.36893 0.837144
0.303299 4.3703 1.03013
0.303267 4.37156 1.22324
0.303251 4.37236 1.41648
0.303235 4.37303 1.60985
0.303235 4.37336 1.80322
0.496636 2.64538 -1.87127
0.496757 2.64892 -1.68209
0.496873 2.65228 -1.49237
0.496983 2.65567 -1.3021
0.497087 2.65878 -1.11131
0.497188 2.66201 -0.919985
0.497283 2.66495 -0.728157
0.497384 2.66788 -0.53583
0.497473 2.67063 -0.34302
0.497568 2.67318 -0.14975
0.497647 2.67546 0.0439621
0.497714 2.67773 0.238091
0.497789 2.67975 0.43261
0.497852 2.68155 0.627481
0.497899 2.68329 0.822679
0.497947 2.68456 1.01813
0.497978 2.68557 1.21384
0.49801 2.68658 1.40973
0.498026 2.68708 1.60579
0.498041 2.68734 1.8019
0.496541 2.83585 -1.86767
0.496651 2.83954 -1.67859
0.496762 2.84306 -1.48895
0.496873 2.84647 -1.29877
0.496983 2.84975 -1.10809
0.497078 2.85304 -0.916882
0.497173 2.85607 -0.725181
0.497267 2.8591 -0.53299
0.497362 2.86188 -0.340333
0.497441 2.86444 -0.147227
0.49752 2.86694 0.0463067
0.497583 2.86921 0.240243
0.497647 2.87124 0.434552
0.49771 2.87318 0.629203
0.497757 2.87477 0.824161
0.497804 2.87606 1.0194
0.497836 2.8773 1.21485
0.497868 2.87806 1.41043
0.497883 2.87856 1.60619
0.497891 2.87887 1.80202
0.496446 3.02578 -1.86395
0.496557 3.02957 -1.67494
0.496667 3.03329 -1.48541
0.49677 3.03683 -1.29534
0.496873 3.04019 -1.10476
0.496967 3.04348 -0.913689
0.497062 3.04676 -0.72212
0.497157 3.0498 -0.530081
0.497236 3.05258 -0.337583
0.497315 3.05536 -0.14465
0.497394 3.05783 0.0486959
0.497457 3.06016 0.24243
0.49752 3.06218 0.436522
0.497568 3.06403 0.630946
0.497618 3.06572 0.825658
0.497662 3.06701 1.02062
0.497694 3.06825 1.2158
0.497725 3.069 1.41118
0.497741 3.06954 1.60663
0.497741 3.06989 1.80215
0.496351 3.21525 -1.86009
0.496457 3.21924 -1.67119
0.496557 3.22296 -1.48175
0.496667 3.22657 -1.2918
0.496762 3.23011 -1.10135
0.496857 3.23339 -0.910409
0.496945 3.23668 -0.718986
0.49703 3.23974 -0.527105
0.497109 3.24274 -0.334775
0.497188 3.24552 -0.142026
0.497255 3.24805 0.0511241
0.497329 3.25033 0.244649
0.497378 3.25247 0.438522
0.497441 3.25437 0.632706
0.497487 3.25599 0.827171
0.49752 3.2574 1.02186
0.497552 3.25849 1.21681
0.497575 3.25942 1.41188
0.497591 3.25993 1.60708
0.497599 3.26019 1.80234
0.496241 3.40419 -1.85612
0.496351 3.40814 -1.66732
0.496446 3.41203 -1.478
0.496549 3.41572 -1.28818
0.496647 3.41939 -1.09786
0.49673 3.4228 -0.907055
0.496825 3.42608 -0.715786
0.496904 3.42937 -0.524066
0.496983 3.43227 -0.331921
0.497062 3.43505 -0.13936
0.497125 3.43771 0.0535868
0.497188 3.43998 0.246896
0.497252 3.44221 0.440539
0.497299 3.44403 0.634485
0.497346 3.4458 0.828697
0.497378 3.44706 1.02312
0.49741 3.44832 1.21779
0.497425 3.44908 1.41257
0.497441 3.44964 1.60747
0.497457 3.44997 1.80246
0.49613 3.59261 -1.85205
0.496241 3.59673 -1.66336
0.496336 3.60057 -1.47416
0.49643 3.60438 -1.28446
0.496525 3.60815 -1.09428
0.49662 3.61169 -0.90363
0.496699 3.61497 -0.712529
0.496778 3.61826 -0.520983
0.496857 3.62129 -0.329021
0.496923 3.62407 -0.136659
0.496999 3.62662 0.0560796
0.497048 3.62913 0.249167
0.497109 3.6312 0.442576
0.497157 3.63317 0.636276
0.497204 3.63489 0.830233
0.497236 3.6362 1.02441
0.497267 3.63744 1.21877
0.497283 3.63822 1.41329
0.497299 3.63875 1.6079
0.497299 3.63911 1.80259
0.496027 3.78043 -1.84787
0.49613 3.78465 -1.6593
0.496225 3.7887 -1.47023
0.49632 3.79249 -1.28068
0.49641 3.79628 -1.09065
0.496493 3.79987 -0.900149
0.496572 3.80335 -0.709212
0.496651 3.80664 -0.517849
0.49673 3.80967 -0.326081
0.496794 3.81245 -0.133923
0.496857 3.81518 0.0585996
0.49692 3.81751 0.25146
0.496967 3.81978 0.44463
0.497015 3.82168 0.63808
0.497056 3.82332 0.83178
0.497094 3.82484 1.02571
0.497109 3.82585 1.21978
0.497141 3.82683 1.41403
0.497155 3.82736 1.60834
0.497157 3.82762 1.80272
0.495909 3.96772 -1.8436
0.49602 3.97202 -1.65515
0.496113 3.97609 -1.46622
0.496193 3.98011 -1.27681
0.496288 3.9839 -1.08694
0.496367 3.98761 -0.896611
0.496446 3.991 -0.705851
0.496525 3.99431 -0.514677
0.496588 3.99749 -0.323106
0.496666 4.00032 -0.131156
0.496715 4.00303 0.0611432
0.496778 4.00538 0.253771
0.496825 4.00765 0.446699
0.496873 4.00962 0.639896
0.496904 4.01122 0.833332
0.496939 4.01271 1.02698
0.496967 4.01384 1.22079
0.496983 4.01473 1.41472
0.496999 4.01523 1.60878
0.497015 4.01551 1.80291
0.495798 4.15458 -1.83924
0.495893 4.15888 -1.65093
0.495988 4.16312 -1.46215
0.496083 4.16714 -1.27289
0.496162 4.17101 -1.08317
0.496241 4.17472 -0.893019
0.49632 4.17821 -0.702445
0.496399 4.1816 -0.511468
0.496462 4.18465 -0.3201
0.496525 4.18761 -0.128366
0.496588 4.19021 0.0637083
0.496636 4.19274 0.256099
0.496683 4.19499 0.448779
0.49673 4.19689 0.641722
0.496762 4.19855 0.834892
0.496794 4.20007 1.02824
0.496825 4.20113 1.2218
0.496841 4.20209 1.41548
0.496857 4.2026 1.60923
0.496857 4.20285 1.80303
0.495688 4.34073 -1.8348
0.495783 4.34523 -1.64663
0.495862 4.34953 -1.45799
0.495956 4.35357 -1.2689
0.496035 4.35744 -1.07936
0.496114 4.36115 -0.889386
0.496193 4.36474 -0.698999
0.496257 4.3682 -0.508217
0.49632 4.37126 -0.317062
0.496383 4.37429 -0.12555
0.496446 4.37695 0.0662924
0.496493 4.37937 0.258443
0.496541 4.38162 0.450874
0.496588 4.38364 0.643554
0.49662 4.38536 0.836456
0.496651 4.3867 1.02957
0.496674 4.38794 1.22281
0.496699 4.38872 1.41617
0.496699 4.38938 1.60967
0.496715 4.38971 1.80316
0.690017 2.64526 -1.87103
0.690365 2.64867 -1.68187
0.69069 2.65221 -1.49214
0.691028 2.65549 -1.30189
0.691344 2.65863 -1.11109
0.691654 2.66181 -0.919785
0.691944 2.66479 -0.727964
0.692229 2.66762 -0.535647
0.692488 2.6704 -0.342846
0.692744 2.67293 -0.149585
0.692987 2.67521 0.0441153
0.693208 2.67748 0.238232
0.693398 2.6795 0.432736
0.693587 2.68127 0.627595
0.693745 2.68302 0.822774
0.693871 2.6843 1.01823
0.693988 2.68531 1.2139
0.694061 2.68625 1.40979
0.694124 2.68683 1.60581
0.694156 2.68708 1.8019
0.689733 2.8357 -1.86745
0.690081 2.83939 -1.67835
0.690397 2.84293 -1.48872
0.690712 2.84622 -1.29856
0.691028 2.84958 -1.10788
0.691313 2.85279 -0.91669
0.691603 2.85582 -0.724992
0.691881 2.85885 -0.53281
0.692134 2.86163 -0.340163
0.692387 2.86421 -0.147068
0.692608 2.86669 0.0464536
0.692829 2.86896 0.240377
0.693019 2.87098 0.434674
0.693177 2.87288 0.62931
0.693334 2.87452 0.824252
0.693461 2.87578 1.01946
0.693556 2.87702 1.21491
0.69365 2.87781 1.41049
0.693685 2.87831 1.60626
0.693714 2.87856 1.80202
0.689449 3.02568 -1.86373
0.689765 3.02932 -1.67473
0.690093 3.03311 -1.48519
0.690397 3.03665 -1.29514
0.690712 3.03994 -1.10457
0.690997 3.04323 -0.913499
0.691278 3.04651 -0.721937
0.691534 3.04954 -0.529904
0.691787 3.05232 -0.337419
0.692008 3.0551 -0.144498
0.692229 3.05758 0.0488366
0.692447 3.05991 0.242558
0.692608 3.06193 0.436641
0.692785 3.06372 0.631047
0.692924 3.06547 0.825747
0.69305 3.06673 1.02071
0.693145 3.06797 1.21586
0.693208 3.06875 1.41118
0.693271 3.06926 1.60663
0.6933 3.06951 1.80221
0.689165 3.21515 -1.85988
0.68948 3.21899 -1.67097
0.689784 3.22278 -1.48155
0.690081 3.22632 -1.29161
0.690365 3.22986 -1.10116
0.690649 3.23319 -0.910223
0.690924 3.23643 -0.718809
0.691183 3.23951 -0.526934
0.691407 3.24249 -0.334619
0.691629 3.24527 -0.14188
0.69185 3.2478 0.0512591
0.692039 3.25007 0.244773
0.692229 3.25217 0.438632
0.692384 3.25412 0.632804
0.692513 3.25568 0.827257
0.692627 3.25715 1.02194
0.692712 3.25816 1.21687
0.692797 3.25915 1.41189
0.692829 3.25968 1.60708
0.692861 3.25993 1.80234
0.688849 3.40409 -1.85592
0.689165 3.40791 -1.66711
0.689449 3.41188 -1.4778
0.689755 3.41549 -1.28798
0.690027 3.41921 -1.09767
0.690302 3.42254 -0.906878
0.690554 3.42586 -0.715619
0.690807 3.42912 -0.523908
0.691028 3.43202 -0.331771
0.691249 3.4348 -0.13922
0.691471 3.43746 0.0537165
0.691648 3.43973 0.247014
0.691818 3.4419 0.440645
0.691967 3.44377 0.634576
0.692102 3.44549 0.828779
0.692197 3.44681 1.0232
0.692292 3.44799 1.21782
0.692355 3.44883 1.41264
0.692396 3.44933 1.60752
0.692418 3.44964 1.80246
0.688533 3.59246 -1.85184
0.688833 3.59652 -1.66316
0.689133 3.60034 -1.47397
0.689417 3.60421 -1.28428
0.689679 3.6079 -1.0941
0.689954 3.61143 -0.90346
0.690207 3.61472 -0.712365
0.690428 3.61801 -0.520831
0.690649 3.62104 -0.328874
0.69087 3.62382 -0.136522
0.69106 3.62635 0.0562044
0.691249 3.62887 0.249281
0.691407 3.63089 0.442679
0.691534 3.63292 0.636367
0.69166 3.63456 0.830311
0.691787 3.63595 1.02448
0.69185 3.63711 1.21883
0.691913 3.63797 1.41333
0.691976 3.63848 1.60796
0.691976 3.63875 1.80259
0.688217 3.78028 -1.84767
0.688501 3.7844 -1.6591
0.688785 3.78844 -1.47004
0.68907 3.79228 -1.28049
0.689322 3.79603 -1.09047
0.689575 3.79964 -0.899985
0.689828 3.8031 -0.709054
0.690049 3.80639 -0.517704
0.69027 3.80942 -0.325941
0.690482 3.8122 -0.133792
0.690662 3.81488 0.0587196
0.690839 3.81725 0.251569
0.690997 3.81953 0.444729
0.691123 3.82135 0.638168
0.691249 3.82307 0.831853
0.691344 3.82451 1.02577
0.691439 3.82559 1.21984
0.691496 3.82648 1.41403
0.691534 3.82711 1.60835
0.69155 3.82736 1.80274
0.687869 3.96747 -1.8434
0.688154 3.97177 -1.65496
0.688438 3.97589 -1.46604
0.688722 3.97985 -1.27663
0.688975 3.98364 -1.08677
0.689228 3.98738 -0.89645
0.689449 3.99075 -0.705699
0.68967 3.99403 -0.514532
0.689891 3.99722 -0.32297
0.690081 4.00007 -0.131032
0.69027 4.00272 0.0612589
0.690428 4.00513 0.253876
0.690586 4.0074 0.446792
0.690712 4.00932 0.639978
0.690814 4.01094 0.833404
0.690911 4.01245 1.02704
0.690997 4.01349 1.22085
0.69106 4.01448 1.41478
0.691092 4.01498 1.60878
0.691123 4.01523 1.80291
0.687547 4.15433 -1.83905
0.687809 4.15862 -1.65074
0.68809 4.16292 -1.46196
0.688343 4.16691 -1.27272
0.688596 4.17075 -1.08301
0.688849 4.17447 -0.892867
0.68907 4.17796 -0.7023
0.689291 4.18132 -0.511325
0.68948 4.1844 -0.319969
0.68967 4.18731 -0.128244
0.68986 4.18996 0.0638199
0.690017 4.19249 0.2562
0.690144 4.19469 0.448871
0.69027 4.19656 0.641801
0.690397 4.1983 0.834962
0.690491 4.19977 1.02831
0.690554 4.20083 1.22186
0.690618 4.20179 1.41548
0.690649 4.20235 1.60923
0.690681 4.2026 1.80303
0.687206 4.34053 -1.83461
0.687459 4.34498 -1.64645
0.687743 4.34927 -1.45782
0.687996 4.35332 -1.26873
0.688233 4.35718 -1.0792
0.68847 4.3609 -0.889234
0.688691 4.36446 -0.698857
0.688896 4.36792 -0.508084
0.689101 4.37101 -0.316936
0.689272 4.37404 -0.125433
0.689449 4.37664 0.0664002
0.689607 4.3791 0.258541
0.689733 4.38137 0.450959
0.68986 4.38339 0.64363
0.689954 4.38503 0.836522
0.690049 4.38642 1.02962
0.690112 4.38766 1.22287
0.690175 4.38845 1.41624
0.690207 4.38905 1.60967
0.690239 4.38938 1.80316
0.883346 2.64488 -1.87057
0.883914 2.64842 -1.68142
0.884458 2.6517 -1.4917
0.885004 2.65499 -1.30146
0.885532 2.65827 -1.11068
0.886037 2.66131 -0.919381
0.886536 2.66434 -0.727576
0.886997 2.66712 -0.535277
0.887449 2.6699 -0.342499
0.887869 2.67243 -0.149259
0.888248 2.67478 0.0444191
0.888628 2.67698 0.238511
0.888943 2.679 0.432989
0.889253 2.68077 0.627819
0.889512 2.68241 0.822967
0.889733 2.6838 1.01839
0.889901 2.68481 1.21403
0.890049 2.68557 1.40989
0.890138 2.68622 1.60588
0.890175 2.68655 1.8019
0.882878 2.83535 -1.867
0.88344 2.83889 -1.67792
0.883984 2.84242 -1.4883
0.884502 2.84596 -1.29815
0.88502 2.84925 -1.10748
0.8855 2.85233 -0.916298
0.885974 2.85547 -0.724619
0.886435 2.85835 -0.532456
0.886858 2.86113 -0.33983
0.887269 2.86375 -0.146755
0.887648 2.86618 0.0467445
0.887996 2.86846 0.240644
0.888312 2.87048 0.434913
0.888596 2.8723 0.629522
0.888839 2.87402 0.824436
0.889038 2.87528 1.0196
0.889215 2.87637 1.21501
0.889348 2.8773 1.41058
0.88942 2.87781 1.60626
0.88948 2.87806 1.80209
0.882404 3.02528 -1.8633
0.882941 3.02907 -1.6743
0.883478 3.03261 -1.48478
0.883984 3.03614 -1.29473
0.884489 3.03961 -1.10418
0.884963 3.0429 -0.91312
0.885408 3.04601 -0.72158
0.885848 3.04904 -0.529563
0.886258 3.05182 -0.337097
0.886656 3.0546 -0.144197
0.887016 3.05708 0.0491157
0.887351 3.05938 0.242814
0.887648 3.06142 0.43687
0.887926 3.06319 0.63125
0.888154 3.06494 0.82592
0.88835 3.06622 1.02085
0.888514 3.06731 1.21599
0.888631 3.06825 1.41129
0.888722 3.06875 1.6067
0.888754 3.069 1.80221
0.881899 3.21469 -1.85945
0.882436 3.21848 -1.67056
0.882941 3.22227 -1.48114
0.883447 3.22586 -1.29122
0.883921 3.22935 -1.10078
0.884394 3.23281 -0.90986
0.884837 3.23595 -0.718465
0.885251 3.23908 -0.526606
0.885658 3.24199 -0.334309
0.886037 3.24477 -0.14159
0.886385 3.24729 0.051527
0.886701 3.24957 0.245017
0.886985 3.25159 0.438853
0.887238 3.25361 0.632997
0.887462 3.25513 0.827421
0.887651 3.25662 1.0221
0.887806 3.25766 1.21694
0.887933 3.25846 1.412
0.887999 3.25915 1.60714
0.888049 3.25942 1.80234
0.881393 3.40359 -1.85549
0.881915 3.40763 -1.66671
0.882404 3.41143 -1.4774
0.882906 3.41514 -1.2876
0.883365 3.41875 -1.0973
0.883823 3.42212 -0.906524
0.884236 3.42543 -0.715281
0.884647 3.42861 -0.523592
0.885029 3.43154 -0.331471
0.885405 3.43427 -0.138941
0.885724 3.4369 0.0539739
0.886037 3.43922 0.247249
0.886321 3.4413 0.440855
0.886571 3.44327 0.634763
0.886776 3.44484 0.828937
0.886953 3.4463 1.02334
0.887111 3.44734 1.21794
0.887206 3.44832 1.4127
0.887298 3.44883 1.60757
0.887332 3.44908 1.80246
0.880885 3.59198 -1.85144
0.881381 3.59602 -1.66275
0.881867 3.60001 -1.47359
0.882341 3.60383 -1.28391
0.882783 3.60739 -1.09375
0.883226 3.61093 -0.903118
0.883636 3.61424 -0.712039
0.884044 3.6175 -0.520521
0.884404 3.62053 -0.328586
0.884751 3.62331 -0.136253
0.88508 3.62584 0.056452
0.885374 3.62832 0.249506
0.885633 3.63039 0.442881
0.885879 3.63241 0.636544
0.886075 3.63393 0.830463
0.886258 3.63544 1.0246
0.886385 3.63645 1.21895
0.886505 3.63744 1.41339
0.886574 3.63797 1.60796
0.886606 3.63822 1.80259
0.880351 3.77985 -1.84727
0.880825 3.78389 -1.65871
0.881299 3.78794 -1.46967
0.881772 3.79188 -1.28013
0.882212 3.79552 -1.09012
0.882625 3.79918 -0.899653
0.883036 3.8026 -0.708741
0.883415 3.80588 -0.517407
0.883763 3.80891 -0.325661
0.88411 3.81169 -0.133533
0.88442 3.81432 0.0589581
0.884704 3.81675 0.251786
0.884963 3.81892 0.444922
0.885184 3.82079 0.638335
0.885374 3.82256 0.832002
0.885541 3.82388 1.02588
0.885686 3.82509 1.21991
0.885784 3.82585 1.4141
0.885848 3.82648 1.6084
0.885879 3.82681 1.80278
0.879782 3.96717 -1.84301
0.880262 3.97129 -1.65459
0.88073 3.97548 -1.46567
0.881172 3.97935 -1.27628
0.881614 3.98314 -1.08643
0.882025 3.9869 -0.896127
0.882404 3.99027 -0.705396
0.882783 3.99353 -0.514248
0.883131 3.99666 -0.322701
0.883447 3.99957 -0.130781
0.883744 4.00214 0.0614887
0.884015 4.00462 0.254085
0.884268 4.00684 0.446979
0.884489 4.00869 0.640142
0.884679 4.01043 0.833543
0.884837 4.01185 1.02717
0.884963 4.01296 1.22091
0.885058 4.01382 1.41485
0.885121 4.01448 1.60885
0.885153 4.01473 1.80291
0.879239 4.15382 -1.83867
0.879687 4.15812 -1.65037
0.880155 4.16242 -1.46161
0.880572 4.16646 -1.27237
0.880998 4.17025 -1.08269
0.881393 4.17396 -0.892551
0.881772 4.17743 -0.702003
0.882126 4.18079 -0.511047
0.882467 4.1839 -0.319705
0.882783 4.18673 -0.128003
0.883068 4.18946 0.0640416
0.88333 4.19196 0.256401
0.883573 4.19406 0.449049
0.883788 4.19603 0.641959
0.883958 4.1978 0.835097
0.88411 4.19911 1.02843
0.884236 4.20032 1.22192
0.884331 4.20111 1.41554
0.884394 4.20176 1.60929
0.884426 4.20209 1.80303
0.878667 4.34018 -1.83424
0.879119 4.34447 -1.6461
0.879561 4.34877 -1.45748
0.879972 4.35281 -1.2684
0.880382 4.3567 -1.07888
0.880762 4.36039 -0.888931
0.881141 4.36393 -0.698569
0.881488 4.36737 -0.507813
0.881804 4.3705 -0.316683
0.88212 4.37346 -0.1252
0.882392 4.37606 0.0666143
0.882651 4.37859 0.258735
0.882878 4.38086 0.451133
0.883068 4.38276 0.643782
0.883257 4.3844 0.836652
0.883399 4.38592 1.0297
0.88351 4.38701 1.22294
0.883605 4.38794 1.41629
0.883668 4.38845 1.60973
0.883699 4.3887 1.80316
1.07656 2.64437 -1.86988
1.07738 2.64784 -1.68074
1.07814 2.6512 -1.49104
1.0789 2.65448 -1.30082
1.07964 2.65759 -1.11006
1.08035 2.66078 -0.918787
1.08101 2.66358 -0.727004
1.08168 2.66649 -0.534731
1.0823 2.66914 -0.341979
1.08288 2.67167 -0.148774
1.0834 2.67412 0.0448706
1.0839 2.67622 0.238925
1.08439 2.67824 0.433363
1.08477 2.68001 0.628151
1.08515 2.68152 0.823251
1.08547 2.68299 1.01864
1.0857 2.68405 1.21422
1.08588 2.68481 1.41005
1.08601 2.68531 1.60594
1.08607 2.68557 1.80196
1.07593 2.83484 -1.86633
1.07669 2.83838 -1.67726
1.07744 2.84192 -1.48766
1.0782 2.8452 -1.29753
1.0789 2.84849 -1.10688
1.07959 2.85178 -0.91572
1.08023 2.85481 -0.724066
1.08086 2.85764 -0.531932
1.08149 2.86037 -0.339332
1.08206 2.86312 -0.146288
1.08256 2.86542 0.0471776
1.08305 2.8677 0.24104
1.08348 2.86972 0.435271
1.08389 2.87149 0.629838
1.0842 2.87316 0.824704
1.08452 2.87452 1.01984
1.08472 2.87553 1.21516
1.0849 2.87634 1.41071
1.08503 2.877 1.60638
1.08509 2.8773 1.80209
1.07528 3.02477 -1.86263
1.07603 3.02834 -1.67366
1.07675 3.0321 -1.48415
1.07746 3.03556 -1.29413
1.07814 3.03893 -1.1036
1.07883 3.04222 -0.912561
1.07947 3.04525 -0.721046
1.08008 3.04828 -0.529057
1.08067 3.05106 -0.336618
1.08117 3.05384 -0.143747
1.08168 3.05632 0.0495313
1.08215 3.05859 0.243194
1.08256 3.06066 0.437211
1.08294 3.06243 0.63155
1.08326 3.064 0.826183
1.08355 3.06547 1.02104
1.08376 3.06648 1.21616
1.08395 3.06729 1.41139
1.08406 3.06794 1.60676
1.0841 3.06825 1.80221
1.0746 3.21416 -1.85882
1.0753 3.21798 -1.66994
1.07605 3.22167 -1.48054
1.07675 3.22531 -1.29062
1.07738 3.22879 -1.10021
1.07803 3.23213 -0.909316
1.07864 3.23534 -0.717947
1.07925 3.23842 -0.526116
1.07978 3.24123 -0.333848
1.08032 3.24401 -0.141159
1.08079 3.24654 0.051926
1.08124 3.24881 0.245382
1.08165 3.25083 0.439177
1.08199 3.25273 0.633287
1.08231 3.25437 0.827671
1.08256 3.25566 1.0223
1.08281 3.2569 1.21712
1.08294 3.25766 1.41211
1.08307 3.25816 1.6072
1.08313 3.25846 1.80234
1.07386 3.40301 -1.85487
1.0746 3.40687 -1.6661
1.0753 3.41067 -1.47682
1.07597 3.41446 -1.28703
1.07662 3.418 -1.09675
1.07726 3.42151 -0.905996
1.07782 3.42477 -0.714778
1.07839 3.42785 -0.523118
1.07895 3.43081 -0.331024
1.07945 3.43351 -0.138525
1.07991 3.43609 0.0543575
1.08035 3.43847 0.247598
1.08073 3.44049 0.441171
1.08105 3.44246 0.635041
1.08136 3.44403 0.829174
1.08161 3.44547 1.02355
1.0818 3.44655 1.21808
1.08197 3.44734 1.41283
1.08206 3.44797 1.60765
1.08212 3.4483 1.80253
1.07315 3.59132 -1.85082
1.07384 3.59536 -1.66217
1.07454 3.5993 -1.47301
1.07517 3.6031 -1.28335
1.0758 3.60668 -1.09321
1.07643 3.61017 -0.90261
1.077 3.61356 -0.711556
1.07756 3.61674 -0.52006
1.07808 3.61977 -0.328155
1.07853 3.62255 -0.135853
1.07899 3.62508 0.0568212
1.0794 3.62746 0.249841
1.07978 3.62963 0.443181
1.0801 3.63148 0.63681
1.0804 3.63317 0.830691
1.08061 3.63453 1.02478
1.08082 3.6357 1.21908
1.08098 3.63645 1.41352
1.08105 3.63709 1.60802
1.08111 3.63741 1.80265
1.07239 3.77909 -1.84668
1.07309 3.78336 -1.65814
1.07372 3.78731 -1.46911
1.07437 3.79122 -1.2796
1.07498 3.79489 -1.0896
1.07558 3.7985 -0.89916
1.07612 3.80184 -0.708271
1.07669 3.80512 -0.516964
1.07719 3.80816 -0.325246
1.07763 3.81094 -0.133146
1.07808 3.81346 0.0593137
1.07846 3.81599 0.252109
1.07883 3.81801 0.445209
1.07915 3.82003 0.638591
1.0794 3.82165 0.832216
1.07966 3.82307 1.02604
1.07985 3.82418 1.22009
1.07997 3.82509 1.41422
1.08005 3.82559 1.60847
1.0801 3.82585 1.80278
1.07163 3.96646 -1.84243
1.07231 3.97075 -1.65402
1.07296 3.9748 -1.46513
1.07358 3.97867 -1.27576
1.07416 3.98246 -1.08593
1.07473 3.98617 -0.89565
1.0753 3.98951 -0.704941
1.0758 3.99274 -0.513818
1.07626 3.99585 -0.3223
1.07674 3.99881 -0.130408
1.07713 4.00133 0.0618315
1.07751 4.00386 0.254395
1.07789 4.00593 0.447257
1.07816 4.00791 0.640386
1.07845 4.0096 0.833752
1.07864 4.01094 1.02731
1.07883 4.01215 1.22104
1.07896 4.01296 1.41491
1.07906 4.01347 1.60891
1.07909 4.01379 1.80291
1.07087 4.15322 -1.8381
1.07151 4.15754 -1.64983
1.07214 4.16166 -1.46108
1.07272 4.1657 -1.27186
1.07334 4.16949 -1.08219
1.07385 4.17323 -0.89209
1.07441 4.17667 -0.701561
1.07492 4.18 -0.51063
1.07536 4.18314 -0.319321
1.0758 4.18592 -0.127643
1.07618 4.1887 0.0643725
1.07656 4.19105 0.256701
1.07688 4.19325 0.449316
1.07719 4.19527 0.642193
1.07744 4.19686 0.835293
1.07763 4.1983 1.0286
1.07782 4.19944 1.22205
1.07795 4.20032 1.41567
1.07804 4.20083 1.60935
1.07808 4.20108 1.80306
1.07005 4.33942 -1.83369
1.07068 4.34371 -1.64556
1.07132 4.34801 -1.45696
1.07188 4.35205 -1.26791
1.07245 4.356 -1.07841
1.07301 4.35964 -0.888479
1.07353 4.36317 -0.69814
1.07397 4.36656 -0.507415
1.07444 4.36974 -0.316309
1.07485 4.3726 -0.124852
1.07523 4.3753 0.0669339
1.07561 4.37783 0.259023
1.07593 4.37995 0.451392
1.0762 4.38188 0.644009
1.07643 4.38364 0.836844
1.07667 4.38501 1.02989
1.07681 4.38617 1.22306
1.07694 4.38701 1.41636
1.07702 4.38764 1.60973
1.07707 4.38794 1.80322
1.26967 2.64362 -1.86897
1.27068 2.64715 -1.67985
1.2717 2.65044 -1.49017
1.27264 2.65372 -1.29997
1.27359 2.65676 -1.10924
1.27448 2.65979 -0.917997
1.27536 2.66282 -0.726246
1.27618 2.6656 -0.534011
1.27696 2.66831 -0.341297
1.2777 2.67078 -0.148131
1.27839 2.67318 0.0454667
1.27902 2.67521 0.239472
1.27962 2.67723 0.433857
1.28016 2.679 0.628587
1.2806 2.68051 0.82363
1.28098 2.68178 1.01895
1.2813 2.68296 1.21447
1.28155 2.6838 1.41019
1.28168 2.6843 1.60607
1.28177 2.68456 1.80196
1.26885 2.83408 -1.86543
1.26986 2.83762 -1.67639
1.27081 2.84116 -1.48681
1.27176 2.84445 -1.29671
1.27264 2.84773 -1.10608
1.27353 2.85084 -0.914955
1.27437 2.85385 -0.723333
1.27517 2.85683 -0.531234
1.27593 2.85958 -0.338673
1.27664 2.86214 -0.145672
1.27732 2.86441 0.0477493
1.27794 2.86669 0.241564
1.27848 2.86871 0.435743
1.27897 2.87048 0.630255
1.2794 2.87199 0.825064
1.27978 2.87343 1.02016
1.2801 2.87452 1.21542
1.28029 2.87528 1.41087
1.28048 2.87578 1.60645
1.28054 2.87604 1.80215
1.26803 3.02399 -1.86177
1.26898 3.02755 -1.6728
1.26993 3.03119 -1.48333
1.27082 3.03463 -1.29333
1.2717 3.03812 -1.10282
1.27258 3.04128 -0.911822
1.27338 3.04449 -0.720335
1.27416 3.04737 -0.528381
1.27487 3.0502 -0.335983
1.27555 3.05283 -0.143155
1.2762 3.05533 0.0500802
1.27681 3.05756 0.243695
1.27732 3.05963 0.437664
1.27782 3.06142 0.631951
1.2782 3.06294 0.826524
1.27858 3.0643 1.02136
1.27883 3.06547 1.21636
1.27909 3.06622 1.41156
1.27921 3.06673 1.60689
1.27928 3.06698 1.80228
1.26715 3.21328 -1.85796
1.26809 3.21714 -1.66911
1.26898 3.22076 -1.47974
1.26986 3.22435 -1.28985
1.27075 3.22783 -1.09947
1.27157 3.23112 -0.908602
1.27233 3.2344 -0.717261
1.27309 3.23744 -0.525469
1.27379 3.24022 -0.333235
1.27448 3.243 -0.140588
1.27509 3.24552 0.0524538
1.27565 3.2478 0.245863
1.27617 3.24982 0.439612
1.27662 3.25159 0.633666
1.277 3.25331 0.827996
1.27734 3.25462 1.02256
1.27763 3.25563 1.21731
1.27782 3.25659 1.41226
1.27795 3.25715 1.60727
1.27801 3.2574 1.8024
1.26624 3.40207 -1.85404
1.26715 3.40611 -1.66529
1.26803 3.40991 -1.47603
1.26892 3.41355 -1.28627
1.26974 3.41711 -1.09603
1.27055 3.42052 -0.905301
1.27132 3.42381 -0.714115
1.27201 3.42684 -0.522486
1.27271 3.42985 -0.330433
1.27334 3.4325 -0.137974
1.27393 3.43503 0.054865
1.27448 3.43743 0.248061
1.27498 3.43948 0.441586
1.27542 3.44127 0.635404
1.2758 3.44302 0.829487
1.27612 3.44428 1.02381
1.27637 3.44544 1.21832
1.27656 3.4463 1.41295
1.27669 3.44681 1.60771
1.27675 3.44706 1.80253
1.26531 3.59046 -1.85002
1.2662 3.5945 -1.66138
1.26708 3.59839 -1.47224
1.2679 3.60213 -1.28262
1.26873 3.60588 -1.0925
1.26948 3.60929 -0.901937
1.27024 3.61267 -0.710912
1.27094 3.61573 -0.519457
1.27157 3.61876 -0.327587
1.2722 3.62154 -0.135324
1.27277 3.62407 0.0573098
1.27328 3.62635 0.250287
1.27378 3.62859 0.443579
1.27418 3.63039 0.637157
1.27454 3.63208 0.830991
1.27485 3.63342 1.02502
1.27511 3.63451 1.21927
1.2753 3.63544 1.41365
1.27542 3.63595 1.60815
1.27549 3.6362 1.80265
1.26437 3.77833 -1.84588
1.26523 3.78238 -1.65737
1.26607 3.78642 -1.46836
1.26689 3.79021 -1.27888
1.26765 3.794 -1.08892
1.26841 3.79754 -0.898503
1.26913 3.80083 -0.707652
1.2698 3.80411 -0.516374
1.27043 3.80715 -0.324696
1.27106 3.80993 -0.132636
1.27159 3.81245 0.0597844
1.27209 3.81485 0.252537
1.27257 3.817 0.445593
1.27296 3.81892 0.638926
1.27331 3.82054 0.832507
1.27359 3.82195 1.02628
1.27384 3.82307 1.22026
1.27403 3.82385 1.41434
1.27416 3.82448 1.60853
1.27421 3.82481 1.80278
1.26336 3.96557 -1.84166
1.26424 3.96974 -1.65327
1.26506 3.97379 -1.46441
1.26582 3.97783 -1.27507
1.26659 3.9816 -1.08526
1.26734 3.98516 -0.895015
1.26803 3.98855 -0.704335
1.26866 3.99173 -0.513249
1.26929 3.99479 -0.321768
1.26986 3.99772 -0.129914
1.27043 4.00032 0.0622857
1.27087 4.0027 0.254808
1.27132 4.00487 0.447626
1.27171 4.00682 0.640711
1.27207 4.00841 0.834027
1.27233 4.0099 1.02755
1.27258 4.01094 1.22123
1.27274 4.01182 1.41504
1.27284 4.01245 1.60897
1.2729 4.01271 1.80297
1.26236 4.15231 -1.83735
1.26322 4.1566 -1.6491
1.26399 4.16065 -1.46038
1.26479 4.16469 -1.27119
1.2655 4.16848 -1.08155
1.26623 4.17227 -0.891471
1.26689 4.17566 -0.70098
1.26753 4.17894 -0.510081
1.26816 4.1821 -0.318804
1.2687 4.18491 -0.127165
1.26923 4.18759 0.064811
1.26967 4.18996 0.2571
1.27012 4.19224 0.449673
1.27049 4.19406 0.642505
1.27081 4.19577 0.835562
1.27106 4.19716 1.02881
1.2713 4.1983 1.22224
1.27144 4.19911 1.41579
1.27157 4.19974 1.60941
1.27163 4.20007 1.8031
1.26133 4.33841 -1.83296
1.26215 4.34288 -1.64485
1.26296 4.347 -1.45628
1.2637 4.35104 -1.26725
1.26443 4.35506 -1.07778
1.26512 4.35862 -0.887882
1.26576 4.36216 -0.697574
1.26639 4.3655 -0.506878
1.26696 4.36873 -0.315808
1.26752 4.37151 -0.124389
1.268 4.37429 0.0673576
1.26847 4.37664 0.259406
1.26885 4.37884 0.451733
1.26923 4.38086 0.644309
1.26955 4.38243 0.837103
1.2698 4.3839 1.03007
1.26999 4.38501 1.22323
1.27018 4.38592 1.41649
1.27026 4.38642 1.60986
1.27031 4.38668 1.80322
