1000 0.1
-1.53394 0.15001 -2.15116
-2.84999 0.15001 -1.9889
-1.95113 0.15001 -1.11935
-1.23383 0.15001 -2.11761
-2.71427 0.15001 -0.561448
-2.84353 0.15001 -0.98566
-2.84999 0.15001 1.39634
-2.6775 0.15001 2.83246
-2.61333 0.15001 0.363845
-2.50204 0.15001 1.20923
-0.99791 0.15001 -1.42606
-1.76411 0.15001 -1.29832
-2.68893 0.15001 -2.04604
-1.62626 0.15001 -1.74337
-1.70486 0.15001 -0.4037
-2.66367 0.15001 -1.05187
-2.84971 0.15001 -1.15707
-1.68246 0.15001 -0.14981
-1.1603 0.15001 -0.0627686
-2.8139 0.15001 2.66628
-2.83964 0.15001 -2.32546
-2.84999 0.15001 -1.8159
-0.146956 0.15001 -1.87825
-0.255212 0.15001 1.75237
-1.22182 0.15001 -2.53171
-0.508398 0.325563 -1.17231
-2.76702 0.15001 -1.29784
-2.73905 0.15001 1.52413
-2.63437 0.192421 0.824234
-2.84999 0.15001 2.84999
-2.51989 0.15001 -2.01241
-1.85021 0.15001 -2.27499
-2.58636 0.15001 -1.5293
-2.10221 0.15001 -2.04511
-2.10051 0.15001 -1.301
-0.70524 0.15001 1.19733
-1.63511 0.15001 0.464431
-2.24668 0.15001 1.52272
-2.80588 0.15001 0.943442
-1.45053 0.194289 0.488097
-2.83459 0.15001 -2.15584
-0.919512 0.15001 -0.793654
-2.5033 0.15001 -1.26533
-1.47474 0.15001 -1.82892
-1.58716 0.15001 -0.277799
-0.77528 0.15001 1.80729
-0.254486 0.15001 -1.0481
-2.84999 0.15001 1.65072
-2.81771 0.15001 0.638662
-1.55289 0.151427 1.35186
-0.7307 0.15001 -2.44067
-2.82416 0.15001 -2.84999
-2.19265 0.15001 -0.857596
-2.48763 0.15001 -0.719393
-1.53294 0.15001 -1.606
-0.658157 0.255587 2.0893
-0.87178 0.15001 2.16525
-0.519653 0.15001 2.08549
-2.61428 0.15001 2.67392
-1.36132 0.15001 2.84999
-2.62594 0.15001 -1.37569
-1.4416 0.15001 -2.36059
-2.07774 0.15001 -0.988029
-0.108704 0.15001 -0.485718
-0.797457 0.15001 2.00468
-2.46204 0.15001 0.485133
-2.29479 0.15001 1.72799
-2.84649 0.15001 -0.432665
-2.41874 0.15001 2.53509
-2.84999 0.15001 1.99561
-1.30361 0.15001 -1.24511
-2.05524 0.15001 -2.84764
-1.61556 0.15001 -2.32885
-1.96143 0.15001 -1.84901
-1.7037 0.15001 -2.13081
-0.43996 0.264452 1.96824
-2.07049 0.18111 -1.55414
-1.84706 0.15001 1.09181
-2.09408 0.15001 0.256794
-2.83711 0.15001 2.48064
-1.60445 0.15001 -1.37548
-2.54117 0.15001 -2.18544
-1.05272 0.15001 0.201128
-2.2162 0.15001 -1.62316
-2.27267 0.181214 -0.712866
-2.83684 0.15001 -1.61162
-1.85487 0.15001 0.0294214
-2.17857 0.15001 1.91084
-2.3804 0.15001 0.975812
-2.84414 0.171716 0.0816493
-0.310472 0.15001 -1.20276
-1.76783 0.15001 -0.556804
-2.84999 0.15001 0.467401
-0.512408 0.15001 -1.96097
-2.30354 0.15001 -1.47858
-1.77679 0.15001 -2.45535
-1.93865 0.15001 -2.4176
-2.6555 0.15001 1.80677
-1.01294 0.15001 2.84999
-2.55667 0.176569 1.94694
-2.35177 0.15001 -2.55426
-2.46869 0.15001 -2.67154
-1.31588 0.15001 -1.71592
-1.49081 0.15001 -2.68976
-2.17175 0.152846 -1.15465
-0.648562 0.15001 1.92246
-2.42598 0.15001 1.6223
-0.328081 0.15001 2.5529
-0.530652 0.15001 2.54507
-1.69076 0.15001 1.69595
-1.92746 0.15001 -1.31307
-0.821984 0.15001 -1.09037
-2.29468 0.15001 -2.7452
-0.364962 0.15001 -0.75688
-2.26752 0.15001 -1.84255
-2.20979 0.190552 0.449429
-1.10679 0.15001 2.68135
0.0344243 0.382736 2.84999
-2.02541 0.15001 0.989034
-1.41825 0.15001 2.69144
-0.839 0.15001 -2.04949
-1.77487 0.15001 -1.79996
0.385612 0.303812 2.20539
-0.299965 0.15001 1.92823
-0.60865 0.15001 1.04344
-0.0294345 0.320459 2.40526
-0.415325 0.15001 2.40903
-0.935148 0.15001 2.58111
-2.79722 0.165622 2.27659
-0.706734 0.15001 2.84999
-1.13755 0.330487 -2.72965
-2.64775 0.15001 -2.63954
-0.03895 0.150588 1.27009
-2.44055 0.15001 -2.32686
-0.162535 0.329716 1.5943
-2.47685 0.15001 0.724766
-1.78746 0.15001 2.493
-1.94197 0.15001 -0.539095
-2.48982 0.15001 2.84999
-0.427307 0.287091 2.84999
-2.29293 0.15001 -2.3948
-2.6461 0.15001 -2.84999
0.119411 0.15001 -2.61451
-1.60804 0.15001 -1.0177
-0.143625 0.327938 2.08122
-2.09055 0.15001 -0.674794
-2.84434 0.15001 1.81528
-2.75711 0.15001 1.1772
-1.2687 0.15001 0.977041
-1.72535 0.15001 0.93327
-2.70253 0.15001 -2.48417
-2.84999 0.15001 -2.51159
-1.42092 0.278301 -2.29112
-1.78319 0.15001 0.539567
-2.81029 0.15001 -0.0862277
-2.39704 0.15001 2.08131
-2.45708 0.15001 0.0630104
0.506367 0.312288 1.21379
-0.401604 0.438464 2.58779
-0.515667 0.15001 2.84999
0.203382 0.15001 0.218086
-0.597623 0.15001 -1.76874
-0.690845 0.15001 -1.42605
-2.3839 0.15001 -2.16054
-1.02758 0.15001 -1.05159
-0.708182 0.15001 2.23133
-1.33718 0.15001 0.749606
-0.611973 0.152549 2.70047
-2.58068 0.167719 2.46408
-2.32561 0.15001 2.76423
-1.72233 0.15001 -2.84879
-1.64738 0.15001 -2.6379
0.857983 0.313805 1.44012
-2.47728 0.15001 -1.66081
-2.25248 0.15001 1.11825
-1.60746 0.15001 1.13433
-1.96352 0.15001 2.63308
-1.19531 0.196257 2.07391
-0.212098 0.507111 2.68427
-0.11025 0.50501 2.84952
-1.05847 0.15001 -0.632356
-1.78982 0.15001 -1.95837
-2.84357 0.15001 -2.68457
-1.15734 0.15001 -1.79562
-2.12784 0.15001 -2.37325
-2.54559 0.15001 2.2249
-2.01081 0.15001 0.646648
-2.71344 0.15001 0.192838
-2.5764 0.15001 1.54766
-0.982952 0.15001 2.30632
-2.02456 0.15001 -2.21055
-0.946738 0.15001 -2.2209
-2.53788 0.15001 -2.51367
-2.62109 0.15001 -0.837999
-1.70172 0.15001 -1.51107
-1.50846 0.316113 -2.65716
-1.4023 0.15001 0.202402
-0.545706 0.403114 2.81092
1.79805 0.15001 -1.68577
-1.76103 0.15001 2.66341
-2.46453 0.15001 -2.84637
-1.58163 0.15001 -2.49081
0.0595932 0.153752 1.42059
-2.56586 0.15001 1.04102
-1.36813 0.15001 2.04792
-0.000448746 0.15001 2.00958
-0.34673 0.15001 2.10885
-0.157087 0.15001 2.54136
-0.236786 0.15001 2.7026
-0.424579 0.15001 2.69649
-0.756815 0.15001 -0.808406
-0.908599 0.15001 -2.38642
-0.76055 0.15001 -2.19038
0.18345 0.15001 1.66925
-0.228637 0.431192 2.3114
-0.561259 0.15001 2.32397
-0.757921 0.15001 2.50431
-0.0614012 0.15001 2.68086
-2.75401 0.31829 2.64485
-0.858367 0.15001 2.76034
-2.19888 0.15001 -2.20277
-0.14265 0.15001 1.62422
-1.76418 0.15001 1.52244
-0.0971431 0.238822 1.44637
-0.381485 0.321492 2.33688
-1.19049 0.153199 2.43082
-1.10517 0.15001 1.12941
1.86341 0.311286 1.21456
-1.65439 0.15001 2.7991
-1.27679 0.15001 2.59036
-0.599775 0.15001 -2.09931
0.203598 0.15001 1.33061
-0.591684 0.15001 -0.326431
-1.90669 0.15001 -0.890769
-0.520879 0.15001 1.75992
0.131523 0.461361 2.22099
-0.24415 0.15001 2.31533
-2.11081 0.271153 2.00936
-2.0572 0.15001 1.52595
0.0638421 0.268963 2.71943
0.38935 0.321887 -2.83311
-2.18102 0.15001 -2.53174
-2.60434 0.15001 -2.34594
0.0921836 0.303557 1.32895
-1.61456 0.15001 -1.99738
1.58821 0.264626 -0.38357
-1.74979 0.15001 -0.783656
2.49094 0.4921 2.18215
-1.697 0.15001 2.08439
-0.324208 0.15001 2.84999
-2.47485 0.15001 -1.82754
-0.623972 0.233599 -0.929102
-1.32882 0.15001 -0.801599
-2.84999 0.15001 -1.44377
2.82833 0.30182 1.68242
-1.56515 0.15001 1.56677
-0.275883 0.286647 2.17998
1.50342 0.15001 1.02063
-2.17048 0.15001 1.31536
-0.772987 0.421718 2.18391
-1.23753 0.15001 -2.35765
-0.42781 0.15001 -1.82353
-2.28287 0.308803 -0.96504
-0.215613 0.15001 1.31296
-1.37242 0.15001 -2.19236
-1.52299 0.150432 0.818976
-0.474157 0.31984 2.14997
-1.41707 0.15001 -1.12298
-2.36499 0.15001 -1.12528
0.210485 0.699082 2.84999
-1.20041 0.15001 -2.84705
-0.365956 0.206543 1.61702
2.12581 0.15001 2.091
-1.54181 0.15001 0.0808621
-0.0442836 0.496098 2.29406
-0.10551 0.413269 1.92231
-1.76874 0.15001 -1.13046
-2.00427 0.15001 2.41636
-2.20143 0.15001 2.40914
0.0523893 0.597506 2.84999
-1.04639 0.15001 -1.21761
-1.0409 0.15001 -2.51195
-1.17782 0.15001 -1.56777
-0.575614 0.15001 -0.509124
-0.667769 0.15001 -1.92427
0.288442 0.15001 0.617777
-1.2834 0.15001 0.389605
-2.35861 0.289218 1.95462
-2.19096 0.15001 0.806925
-0.406882 0.595171 2.84999
0.0722131 0.15001 -1.74942
-0.428545 0.15001 -1.6319
-0.0051992 0.15001 -1.92207
-1.44998 0.15001 -0.625957
-1.48407 0.15001 0.338443
-1.23387 0.15001 -0.2697
-1.92046 0.15001 0.857674
-0.0708971 0.15001 0.235725
0.332189 0.6538 2.69528
-0.216476 0.665434 2.84931
-1.88869 0.15001 -2.10006
-0.99972 0.15001 -2.05531
-0.812271 0.15001 -1.83481
-0.131949 0.283448 1.76564
-0.123054 0.15001 1.88886
0.00708682 0.280735 1.86604
-0.172938 0.15001 2.06454
0.106459 0.1554 2.36832
0.0222697 0.15001 2.51736
-1.57363 0.15001 2.41884
-1.3156 0.15001 -2.69222
-1.55597 0.15001 -2.84999
-0.273281 0.15001 -1.7739
0.512919 0.15001 0.394624
-0.384834 0.259082 1.79712
-1.02602 0.174533 1.91652
1.33196 0.300827 2.30263
-1.59962 0.156999 2.60249
0.024652 0.15001 2.84999
-0.147327 0.15001 2.84999
-0.149379 0.15001 -2.84999
0.234518 0.15001 1.51314
-0.609838 0.15001 -1.61331
1.09053 0.286664 1.19349
-1.8217 0.15001 1.36659
0.203425 0.15001 2.03666
2.18857 0.354321 1.78427
-0.073842 0.15001 2.37225
1.10422 0.306044 2.16686
0.598431 0.302512 2.84999
0.297023 0.15001 1.00162
0.122274 0.160988 1.17218
-1.94499 0.15001 -0.72495
-1.29341 0.15001 -1.89998
-1.19341 0.15001 -1.03109
2.81498 0.227682 0.696166
0.207753 0.15001 2.23856
1.40074 0.332498 1.99542
0.20185 0.459808 2.84999
0.570948 0.303199 1.99748
0.457162 0.15001 -1.30527
-2.31959 0.15001 -1.99985
0.0632747 0.302433 1.70336
-1.1786 0.15001 0.666701
-0.0852939 0.327564 2.24648
-0.137887 0.349184 -0.297422
-2.06204 0.15001 2.23622
2.41371 0.347628 1.29971
-2.23647 0.15001 2.15557
-0.166709 0.318109 2.6838
0.271093 0.15001 -2.69794
0.312465 0.459265 1.44525
-0.527318 0.15001 -2.84999
1.40933 0.474048 2.1526
2.08303 0.15001 0.393628
-1.99347 0.15001 1.81782
0.415702 0.28113 0.732013
1.30288 0.173734 -0.49444
0.470512 0.648859 2.57766
2.57852 0.154466 2.4002
-1.82386 0.15001 -2.60373
-0.45084 0.15001 -2.67341
-0.0726049 0.15001 -2.3063
2.66665 0.397813 2.22756
-0.998632 0.15001 0.752287
-0.682244 0.15001 0.139601
-2.65285 0.15001 -1.83449
-1.0265 0.15001 -0.199786
-2.35918 0.15001 2.30324
-1.26769 0.227735 2.23575
0.464695 0.453367 1.32166
0.310918 0.53532 1.66183
-0.238506 0.15001 -1.59031
-1.70975 0.15001 2.29816
-0.258703 0.411032 1.75768
0.242347 0.521347 2.36163
0.527897 0.297653 1.84008
-1.55803 0.15001 2.20383
-1.96393 0.15001 2.08107
0.348139 0.56578 2.84999
0.518624 0.15001 -2.15414
-2.12178 0.15001 -1.7761
-1.88599 0.15001 -2.84999
-1.36166 0.15001 -1.5363
-1.41014 0.15001 -2.02566
-0.220179 0.391621 2.50858
-1.85766 0.160809 2.84999
-0.553936 0.315304 2.35804
-2.68029 0.181517 2.12326
-0.694635 0.15001 1.61646
-1.40229 0.15001 -0.356508
-1.11373 0.15001 -2.69863
-1.86572 0.15001 -1.67114
-0.442427 0.15001 -2.27414
-0.918123 0.15001 1.72713
0.433848 0.583137 1.90721
0.395907 0.512749 2.50598
0.169349 0.581724 2.52316
-1.80914 0.15001 -0.255478
0.172438 0.561451 2.70628
1.18597 0.15001 -2.07843
-0.225344 0.15001 -0.883188
0.365309 0.15001 1.38949
-0.00511142 0.15001 1.75626
1.0196 0.15001 2.05941
0.289782 0.15001 1.85752
-0.0946652 0.15001 2.20726
0.217882 0.15001 2.52264
0.613356 0.15001 2.38736
0.586744 0.15001 2.55312
-1.02773 0.15001 -2.84999
-0.30044 0.15001 -2.60326
0.573605 0.15001 1.43168
0.594931 0.15001 1.63198
0.122335 0.15001 1.88077
0.0184264 0.15001 1.58041
1.97519 0.196706 -0.093201
2.30731 0.343423 2.46378
0.356808 0.15001 2.65576
0.194382 0.15001 2.84999
0.263735 0.15001 -2.53612
0.552322 0.15001 0.908113
1.08063 0.329008 2.01462
2.67376 0.342316 0.382551
1.74533 0.159221 -0.903989
0.126064 0.211666 -0.457338
0.166218 0.15001 2.68489
0.0263997 0.159156 0.0651275
0.579831 0.15001 2.71142
-1.46546 0.15001 1.01572
-0.102819 0.15001 -2.50178
0.35379 0.15001 0.833082
1.29076 0.15001 -1.65914
-0.85104 0.15001 1.01277
1.65812 0.15001 0.0282689
0.808559 0.152049 -0.997392
2.29798 0.170697 2.65978
0.43492 0.275819 2.76898
0.00916332 0.62502 2.39703
0.0722212 0.342188 2.00861
-0.624984 0.15001 -2.27865
0.470316 0.15001 -2.00668
-0.431747 0.15001 -0.326767
-0.057544 0.15001 -1.62574
-1.55995 0.15001 -1.2151
1.92168 0.551087 1.84867
2.1699 0.15001 0.582163
-0.334354 0.20924 0.809236
-2.16589 0.242384 1.68232
0.495827 0.440291 2.84999
0.914253 0.15001 -2.19093
2.02181 0.442954 -2.82861
0.511602 0.15001 -1.72377
0.338136 0.289987 1.55624
2.32641 0.15001 1.94424
0.317187 0.45947 2.17633
1.90127 0.284251 1.80534
1.37514 0.405362 1.76354
-0.0294496 0.431675 2.61991
0.906317 0.385254 2.62756
-2.12425 0.15001 -2.69403
-0.356496 0.15001 -2.12456
0.0175685 0.15001 -0.932331
-0.00147069 0.495356 2.08556
0.391253 0.621119 2.3007
2.71543 0.320528 0.973286
-1.87004 0.310192 0.252855
-1.8558 0.15001 0.260144
0.686208 0.682118 2.84999
0.526397 0.610516 2.83916
0.602871 0.447218 1.03022
1.45251 0.15001 -1.77475
2.067 0.15001 -2.01443
1.36362 0.351354 -2.50113
0.0319737 0.366773 1.53227
2.76213 0.250034 2.0633
2.67954 0.15001 -1.01617
-0.104667 0.546696 2.48376
0.847156 0.770553 2.59533
-1.51751 0.240731 2.84999
-1.43113 0.15001 -1.3703
-0.974749 0.15001 -1.77371
1.02154 0.15001 -2.47496
-0.487911 0.15001 -2.44789
-1.75772 0.15001 -0.950237
-1.32948 0.15001 1.4641
0.253667 0.62516 1.85336
0.699923 0.820033 2.71076
0.535694 0.684264 2.41569
-0.287632 0.43847 2.84987
-0.579861 0.15001 -2.58871
-0.662666 0.15001 -0.0487829
0.119371 0.179167 0.992541
-0.985376 0.15001 0.501968
-0.255055 0.15001 1.48668
-2.61576 0.164102 0.568972
-2.46548 0.313636 -0.664497
0.492975 0.832146 1.70605
-2.49624 0.15001 -0.258004
-2.045 0.15001 2.84999
0.0814197 0.15001 -2.23625
0.736715 0.15001 1.00905
0.700141 0.15001 1.30375
0.443802 0.15001 1.54177
0.676723 0.15001 1.79098
2.84994 0.15001 0.10217
0.850795 0.15001 1.95204
0.307064 0.15001 2.37129
1.2684 0.15728 0.677022
0.733988 0.15001 2.6585
-1.17028 0.15001 -1.33956
1.02741 0.15001 1.11087
0.788209 0.15001 1.64613
1.01606 0.15001 1.70911
-1.41534 0.150726 1.81047
0.38953 0.15001 1.99424
2.26879 0.15001 0.331623
0.433454 0.15001 2.48515
0.980484 0.15001 2.70385
0.358657 0.15001 2.84999
0.00341332 0.201913 0.673968
0.488065 0.15001 1.26612
0.840868 0.15001 1.17799
0.361983 0.15001 1.69685
0.347383 0.15001 2.15946
-0.808483 0.15001 0.583973
0.471711 0.15001 2.28921
1.96742 0.160106 2.10906
2.70818 0.15307 1.37535
0.522845 0.15001 2.84999
0.694799 0.15001 0.802601
-0.442341 0.15001 0.0227458
-2.32737 0.393326 -0.0866097
0.746174 0.15001 2.50014
0.501608 0.15001 1.79255
2.19019 0.470671 -1.07896
0.379313 0.319514 1.36167
1.38357 0.243277 0.484372
1.27838 0.283841 1.4642
0.954836 0.15001 2.38049
0.197319 0.15001 -2.38524
0.622929 0.15001 1.14513
1.44806 0.258977 0.0972901
2.02546 0.20362 1.44641
2.84999 0.15001 1.75333
1.65022 0.15001 0.745278
2.81096 0.350922 1.88623
2.47828 0.228229 2.51784
1.83625 0.15001 0.203839
0.0519426 0.306096 2.55277
0.312874 0.15001 -1.85632
1.22193 0.15001 -0.637203
-1.99716 0.15001 -2.58233
-0.446043 0.231541 0.156314
1.86516 0.312873 -0.574784
0.77631 0.601771 1.87455
1.4723 0.215354 0.29337
-1.9622 0.15001 -0.138406
0.127757 0.416314 2.44492
1.00458 0.36923 1.69108
1.50335 0.15001 -2.70866
0.588789 0.15001 -2.54526
0.505045 0.15001 -1.04259
1.44704 0.15001 -0.719368
0.854277 0.675839 2.37128
2.03566 0.301554 2.19959
2.5387 0.15001 2.22724
2.84999 0.295192 2.29375
0.198038 0.372743 1.653
0.424583 0.427151 2.66216
0.621046 0.44668 1.21621
2.84999 0.15001 -2.0479
0.481112 0.426769 1.54086
0.602571 0.498629 1.89959
0.130485 0.574206 0.609573
0.704484 0.606942 2.51094
-0.88398 0.15001 0.187814
2.39157 0.15001 2.31426
0.93402 0.650371 2.70239
0.725249 0.549553 2.70336
-1.4061 0.15001 -2.53318
-2.6044 0.35404 0.542578
1.99478 0.15001 -2.84502
0.100578 0.475609 1.75307
1.9362 0.15001 -1.14049
-2.4731 0.15001 -0.953942
0.518766 0.750183 2.71095
0.675261 0.643846 2.30525
-0.905085 0.15001 -0.957398
-1.1881 0.172827 2.84977
0.869749 0.15001 -1.26626
-0.645389 0.15001 -1.04941
-2.70018 0.302749 1.44709
2.55996 0.15001 -1.60462
1.88597 0.15001 2.66545
0.597968 0.707023 1.92391
1.6123 0.41143 -1.46078
2.62497 0.464711 2.5976
-2.33631 0.178443 1.38469
0.400471 0.761102 2.84955
-0.880169 0.15001 -1.26486
-0.568215 0.15001 0.872786
0.74494 0.15001 1.48274
-0.27911 0.15001 -1.96032
0.57886 0.15001 1.94755
1.15599 0.15001 1.92661
0.712111 0.15001 2.05541
0.833846 0.15001 2.15848
0.516375 0.15001 2.11059
1.1584 0.15001 2.7021
0.692842 0.15001 -2.84793
0.90665 0.15001 -1.90551
-0.654336 0.15001 0.373705
1.31878 0.304157 1.21483
1.70714 0.257205 -0.101799
1.17964 0.15001 2.12418
0.89686 0.15001 2.55775
2.64562 0.183418 1.53626
1.52973 0.307601 2.84955
0.87303 0.15001 2.84999
-0.200085 0.15001 -2.71148
1.03944 0.203611 0.919204
0.458327 0.15001 1.07885
0.976627 0.438699 1.4549
0.856217 0.15001 1.78888
2.53337 0.267212 -2.2014
1.91609 0.15001 -0.494083
0.777835 0.15001 2.33686
2.29753 0.15001 0.0842398
0.702967 0.15001 2.84999
0.768148 0.293607 0.896283
1.19833 0.15001 1.38
0.916827 0.293218 1.26508
-0.165275 0.15001 -0.102189
1.66907 0.165802 1.05322
0.0695503 0.15001 2.15797
-1.30995 0.334008 -2.08616
-1.98209 0.290063 -1.80361
1.42678 0.472299 2.84964
0.962218 0.289428 2.84999
2.16706 0.15001 -2.83184
0.0508188 0.15001 -2.84999
0.42276 0.15001 -0.693278
0.731322 0.42156 1.77462
1.60171 0.300767 1.64838
-1.42822 0.15001 -0.951887
2.48607 0.15001 1.60317
0.86309 0.15001 -0.152518
1.14838 0.290925 2.84999
0.766872 0.319486 2.84999
-0.91976 0.15001 -2.72637
0.873531 0.15001 0.86342
0.141254 0.15001 -0.686592
-1.15286 0.267814 -1.19192
0.231569 0.322596 2.59148
2.02447 0.15001 1.05608
1.44751 0.15001 -0.0589146
0.663017 0.317317 2.48819
0.836145 0.787784 2.84762
1.24178 0.431363 2.84868
1.2976 0.17906 -2.31817
0.499419 0.15001 -2.84999
1.82223 0.15001 -2.6598
0.792365 0.514612 1.41525
1.05121 0.581199 1.60641
2.30291 0.15001 2.47695
1.46234 0.15001 -0.286277
1.06115 0.704675 2.43109
1.76383 0.15001 1.75959
1.05515 0.438053 2.84426
0.798588 0.518874 1.61595
1.14893 0.406152 1.55517
0.608565 0.566735 1.5681
0.318771 0.150753 1.19694
-0.523 0.15001 -1.33109
0.173054 0.553631 2.02658
2.42977 0.15001 1.76687
1.08712 0.55722 2.6158
2.38094 0.15001 0.543903
0.844172 0.247113 2.71997
2.80319 0.15001 -2.67834
0.516328 0.15001 -2.684
1.52908 0.15001 -2.43685
1.55654 0.15001 -1.34189
2.70496 0.15001 0.392958
0.899145 0.571963 2.52871
2.22504 0.15001 -0.546942
2.54642 0.185737 0.65552
0.659615 0.15001 -0.17297
0.84311 0.57648 2.84999
-0.87857 0.15001 -2.56352
-0.735848 0.15001 -2.63813
-0.114057 0.15001 -0.310232
2.84998 0.323684 -2.77664
-0.882258 0.15001 -0.0639553
-2.22089 0.152043 2.57629
1.9228 0.15001 -1.39939
-2.84504 0.156806 -0.765791
0.333251 0.665925 2.07318
0.564709 0.882072 2.84807
-1.37825 0.15001 -2.84908
2.03309 0.15001 -2.5671
0.786571 0.15001 -1.79949
1.15732 0.252362 1.66693
0.796123 0.15001 -0.365829
1.34346 0.256152 2.13192
0.650217 0.15001 2.21645
1.68519 0.15001 1.26582
1.05757 0.15001 2.53668
1.52589 0.15001 2.7028
0.0528327 0.15001 -2.4467
1.74073 0.15001 -2.21368
1.54688 0.15001 1.56584
1.61719 0.15001 1.95043
2.26956 0.15001 1.0375
1.30876 0.150877 1.98887
1.60917 0.15001 2.53664
1.22007 0.15001 2.53103
1.71142 0.15001 2.68608
1.43333 0.15001 2.84999
2.33995 0.15001 -2.84999
2.11468 0.15001 -2.39365
0.923432 0.15001 1.54344
0.872153 0.15001 1.36017
1.39318 0.15001 -1.53067
2.82601 0.484915 -1.86359
1.6209 0.150235 2.14794
0.997915 0.15001 1.88774
1.14315 0.15001 2.34657
1.25117 0.15001 2.84999
-0.348543 0.15001 -2.80935
0.288246 0.15001 -2.07435
1.27318 0.15001 1.57919
1.25486 0.15001 1.78061
1.1834 0.15001 -1.83586
1.46772 0.15001 2.04832
2.73144 0.15001 -0.800991
1.2892 0.15001 2.25066
2.46956 0.15001 1.14385
1.83334 0.15001 0.738137
0.8427 0.15001 -1.60687
0.0667528 0.15001 -2.07189
2.32362 0.335871 -1.93386
-1.24506 0.477585 -0.418499
-1.16217 0.15001 -0.869717
2.36657 0.285288 2.84999
2.80753 0.15001 1.05734
1.49849 0.15001 2.39898
2.73268 0.15001 2.4994
1.06032 0.15001 2.84999
1.19498 0.15001 1.18973
1.34532 0.15001 1.28507
0.376031 0.176379 -0.485553
2.84954 0.15001 -1.87149
1.93704 0.23636 -2.73775
1.20045 0.441928 1.74786
1.77983 0.15001 2.06537
2.646 0.15001 1.71307
1.7431 0.263994 2.20993
1.29929 0.36819 2.677
-0.350656 0.15001 -1.37037
-0.944056 0.428217 -1.86675
0.913396 0.510539 1.76175
1.41664 0.289309 1.57814
1.57819 0.15001 1.76386
2.84989 0.173203 0.496984
1.15152 0.48605 2.25942
2.77965 0.521031 2.30198
-0.512798 0.405184 -0.11478
1.00303 0.16605 2.22347
0.272157 0.15001 -2.84999
0.318969 0.15001 -1.18346
2.40922 0.15001 1.43388
1.04375 0.455957 1.88849
2.70549 0.333857 -0.412378
0.824438 0.466273 2.13531
1.74091 0.298391 -1.5922
0.95435 0.49947 2.33206
2.46972 0.194706 0.371304
1.04062 0.607049 2.84999
1.68014 0.15001 -2.84988
0.998617 0.378732 1.08765
0.0672602 0.15001 -1.35473
-0.0385342 0.15001 -2.67938
2.18872 0.223934 1.58553
0.813897 0.687912 2.06633
1.28259 0.59523 2.65644
1.14136 0.711988 2.72534
2.84999 0.157302 2.63856
-1.87292 0.15001 1.65793
2.61997 0.15001 -1.45249
1.11205 0.15001 -1.16042
0.957264 0.484646 1.26609
1.13858 0.513777 1.36223
1.87907 0.333916 -0.156451
0.974936 0.661046 2.19816
0.729947 0.15001 -1.96471
2.30527 0.15001 2.1415
1.25059 0.15001 0.334673
1.0224 0.795147 2.84999
2.51223 0.15001 -2.84998
2.68163 0.15001 -2.81333
1.40272 0.15001 1.45602
1.41189 0.15001 1.6936
2.20447 0.15001 -0.217187
1.46343 0.150028 2.22609
2.83362 0.15001 0.277346
1.33008 0.15001 2.41182
2.22038 0.15001 2.28237
1.32836 0.15001 2.68367
2.74443 0.15001 -2.49097
0.769937 0.15001 -2.629
1.66116 0.15001 -2.66642
1.10689 0.15001 -2.67752
2.67813 0.15001 -1.76974
1.85193 0.15001 2.30337
2.65552 0.15001 0.0721743
2.84999 0.15001 2.15872
-0.521729 0.541925 -1.70141
1.98107 0.15001 2.84999
0.260456 0.15001 -2.2467
-0.591982 0.15001 -0.746241
1.0975 0.150043 1.52557
2.34113 0.15001 -1.98678
0.317867 0.15001 -0.18688
1.4336 0.151712 1.86935
1.43059 0.15001 2.55756
2.58253 0.222039 1.26123
1.07225 0.15001 -1.69611
1.34659 0.296612 2.84999
0.89647 0.233821 1.03071
0.629978 0.15001 -1.8293
-0.105542 0.15001 -1.26192
1.18815 0.15001 1.00358
0.587622 0.15001 -1.48772
1.66371 0.15001 2.35032
0.758812 0.166001 -2.47067
2.53325 0.15001 -1.14046
-0.235765 0.15001 -2.34232
1.61525 0.15001 2.84999
-0.839397 0.15001 -1.49451
-2.27613 0.312544 -1.29347
2.07684 0.15001 -2.18866
1.91769 0.15001 1.25787
2.25254 0.163957 -2.14181
2.08326 0.297391 -0.842146
2.5063 0.15001 0.177984
1.65883 0.318929 2.71503
2.69841 0.290053 2.64912
2.54515 0.296596 2.76992
0.393971 0.15001 -2.36904
2.49746 0.376361 -1.19612
1.03798 0.15001 1.30698
1.35521 0.15001 -1.17538
2.08527 0.208864 -1.10364
2.16839 0.15001 -1.80082
1.78741 0.150967 2.50798
1.29688 0.432017 2.40256
2.05622 0.15001 2.32538
1.80312 0.15001 2.84999
-0.669634 0.15001 -2.78176
1.73629 0.15001 -1.93964
1.86076 0.15001 -2.33935
0.921774 0.15001 -2.84999
2.48641 0.167415 -0.41376
2.07396 0.15001 -0.38339
2.65638 0.15001 1.9761
2.14482 0.15001 -0.0212239
2.83195 0.231822 -1.02738
2.20729 0.349256 2.82948
-1.87991 0.15001 -1.48923
-0.194615 0.316196 -2.60256
1.34827 0.15001 1.09342
1.63076 0.15001 -0.758782
1.81476 0.15001 0.50896
1.00441 0.49853 2.07454
1.0325 0.15001 -0.434665
1.80622 0.306871 -2.1819
-0.204943 0.15001 -2.19174
1.23389 0.601818 2.84999
-0.744561 0.15001 -0.181762
2.39085 0.15001 -2.28821
0.936397 0.15001 -2.69455
1.42702 0.15001 -1.97064
1.87952 0.15001 1.64539
0.531011 0.663898 2.11507
2.52101 0.184799 -0.0992501
1.96359 0.15001 2.48688
2.50308 0.393699 -1.73349
2.50477 0.204932 1.91667
1.71135 0.15001 -2.50086
0.436104 0.15001 -2.52462
0.184081 0.15001 -1.09012
1.69155 0.15001 -1.45562
-2.33391 0.15001 -0.549432
2.69902 0.15001 0.576727
-2.14148 0.15001 2.7214
0.883091 0.15001 -1.42179
-1.81959 0.15001 1.84413
2.11009 0.15001 1.2634
-0.816525 0.15001 -2.84999
0.550518 0.15001 -2.35119
1.91291 0.15001 -0.834871
0.896524 0.15001 -1.11848
1.69768 0.15001 -0.351017
1.44008 0.15001 0.619214
2.27754 0.15001 -1.43345
2.14983 0.15001 1.89275
2.64891 0.15001 2.84983
2.12889 0.15001 2.75548
2.84999 0.15001 -2.21162
2.55507 0.15001 -2.37922
0.762696 0.15001 -2.12588
1.84228 0.15001 -2.07801
1.24552 0.15001 -1.04448
1.95926 0.15001 -1.65165
2.15034 0.15001 -1.32215
2.84999 0.15001 0.855277
2.6503 0.15001 0.814071
2.44996 0.15001 2.76578
1.38363 0.15001 -2.83986
-1.08518 0.15001 -2.33109
0.752179 0.348632 1.06713
1.72014 0.15001 1.51134
1.54189 0.15001 0.447697
2.84999 0.15001 -1.18938
2.17942 0.15001 0.865749
2.84999 0.15001 1.96195
2.84999 0.15001 2.84999
2.68599 0.15001 2.16808
2.84999 0.15001 -2.84999
1.21007 0.15001 -2.53648
2.36507 0.15001 -2.66571
1.99444 0.15001 -1.8716
1.87157 0.60903 -2.27289
2.30166 0.15001 1.20814
2.38672 0.15001 0.837804
1.57077 0.417089 2.51046
2.79108 0.301929 2.84999
2.27881 0.15001 -0.761735
1.88079 0.15001 -2.50907
2.51281 0.15001 -1.824
-0.106537 0.15001 -2.06137
-0.330107 0.15001 -2.45716
1.55616 0.187025 -1.03602
1.60479 0.371185 2.21825
2.84965 0.291619 -1.51734
2.84999 0.15001 1.26331
2.84433 0.15001 -0.530659
1.50412 0.15001 1.28282
2.58007 0.15001 -2.58013
2.84999 0.15001 -2.37161
1.32872 0.425361 1.37354
0.300827 0.15001 -1.55705
1.58541 0.441854 2.03322
1.38778 0.309911 -2.35904
-1.06662 0.15001 0.360901
1.50908 0.432411 2.68926
1.38393 0.15001 -2.57651
2.26709 0.15001 2.84999
1.1668 0.15001 -2.84655
2.84999 0.15001 -1.64098
0.151599 0.15001 -1.50439
1.87336 0.15001 0.898971
2.67097 0.15001 -2.23194
1.55884 0.15001 -2.18271
1.48153 0.423327 2.34008
2.84999 0.15001 -0.353881
2.12836 0.15001 -1.62451
2.84999 0.15001 2.37093
0.308071 0.260569 -1.43903
0.844409 0.15001 -0.739011
1.13553 0.15001 -1.44311
1.64544 0.15001 -1.80006
-2.2743 0.15001 0.246099
1.40309 0.506151 1.96279
2.59985 0.16309 -1.29414
2.84986 0.15001 -1.36909
2.65309 0.15001 -0.529323
1.92306 0.15001 1.89296
-0.529177 0.304934 -0.575157
-1.62971 0.294387 -0.352269
2.62015 0.15001 -2.01775
0.586817 0.15001 -0.735918
0.470493 0.15001 0.657845
1.20437 0.534337 1.98547
2.84999 0.312489 2.47061
1.15595 0.540445 2.43723
2.03622 0.15001 1.5965
2.84856 0.15001 1.51866
2.20029 0.15001 -2.59404
2.34989 0.15001 -1.59291
0.512989 0.15001 -0.247591
2.42222 0.15001 -0.6186
-0.762732 0.317928 -1.06397
2.10084 0.15001 2.59634
2.13066 0.15001 -0.925025
1.97717 0.15001 0.646473
2.83861 0.15001 -0.1314
2.24117 0.15001 1.74032
