1900 0.1
-0.460881 3.22254 -1.83023
-0.461889 3.22712 -1.64309
-0.462867 3.23158 -1.45539
-0.463815 3.23582 -1.26713
-0.464725 3.24 -1.07832
-0.465598 3.24392 -0.888999
-0.466429 3.24772 -0.69916
-0.467218 3.25115 -0.50883
-0.467965 3.25459 -0.318035
-0.468661 3.25773 -0.126793
-0.469305 3.2606 0.0648679
-0.469895 3.2632 0.256919
-0.470426 3.26575 0.449326
-0.4709 3.26775 0.642057
-0.471309 3.26972 0.835077
-0.471656 3.27118 1.02832
-0.471935 3.2725 1.22182
-0.472148 3.27347 1.41545
-0.472289 3.27404 1.60923
-0.472357 3.27433 1.803
-0.459804 3.40882 -1.82555
-0.460788 3.4134 -1.63855
-0.461741 3.41798 -1.45099
-0.46266 3.42227 -1.2629
-0.463547 3.42656 -1.07427
-0.464393 3.43056 -0.885116
-0.465201 3.43428 -0.695469
-0.465965 3.43801 -0.505343
-0.466685 3.44144 -0.314763
-0.467358 3.44459 -0.123749
-0.46798 3.44745 0.0676697
-0.468545 3.45025 0.259466
-0.469058 3.4526 0.451606
-0.469514 3.45483 0.64406
-0.469907 3.4566 0.836793
-0.470238 3.45826 1.02976
-0.470506 3.45946 1.22292
-0.470708 3.46041 1.41624
-0.470844 3.46112 1.60966
-0.470912 3.46147 1.80315
-0.458701 3.59444 -1.82077
-0.459661 3.5991 -1.63391
-0.460591 3.60368 -1.44652
-0.461487 3.60826 -1.25858
-0.462347 3.61255 -1.07012
-0.46317 3.61655 -0.881164
-0.463953 3.62045 -0.691714
-0.464693 3.62405 -0.501806
-0.465389 3.62751 -0.311448
-0.466038 3.63083 -0.120669
-0.466639 3.63372 0.0705019
-0.467186 3.63647 0.262037
-0.467679 3.63887 0.453909
-0.468116 3.64113 0.646081
-0.468498 3.64288 0.838517
-0.468817 3.64459 1.03119
-0.469072 3.64574 1.22403
-0.469267 3.6468 1.41702
-0.469396 3.64745 1.61016
-0.46946 3.64774 1.80336
-0.457576 3.77937 -1.81588
-0.458512 3.78423 -1.62918
-0.459418 3.78886 -1.44195
-0.460291 3.79338 -1.25419
-0.461128 3.7977 -1.06592
-0.461925 3.80197 -0.877151
-0.462687 3.80586 -0.687912
-0.463404 3.80958 -0.498219
-0.46408 3.81313 -0.308093
-0.464707 3.81627 -0.117557
-0.465285 3.81936 0.0733608
-0.465816 3.822 0.264633
-0.466288 3.82457 0.456225
-0.466712 3.82666 0.648112
-0.467075 3.82858 0.840251
-0.467383 3.83021 1.03262
-0.467629 3.83144 1.22518
-0.467819 3.83241 1.41786
-0.46794 3.83312 1.61066
-0.468003 3.83344 1.80351
-0.456428 3.96366 -1.81091
-0.457344 3.96875 -1.62438
-0.458225 3.97336 -1.43731
-0.459075 3.97797 -1.24973
-0.459888 3.98251 -1.06165
-0.460666 3.98658 -0.873089
-0.461403 3.99053 -0.684061
-0.4621 3.99436 -0.494589
-0.462753 3.99796 -0.304701
-0.463361 4.00111 -0.114413
-0.463921 4.00426 0.0762442
-0.46443 4.00695 0.267243
-0.46489 4.00941 0.458558
-0.465298 4.0117 0.650154
-0.465648 4.01353 0.841997
-0.465945 4.01513 1.03405
-0.466181 4.01645 1.22629
-0.46636 4.01742 1.41867
-0.466481 4.01799 1.61115
-0.466539 4.01831 1.80365
-0.273618 2.28355 -1.85271
-0.274512 2.28752 -1.665
-0.275384 2.29127 -1.47667
-0.276232 2.295 -1.28773
-0.277056 2.29858 -1.0982
-0.277854 2.30216 -0.908075
-0.278619 2.30533 -0.717377
-0.279352 2.30865 -0.526125
-0.280048 2.3116 -0.33433
-0.280704 2.31446 -0.142019
-0.281319 2.31729 0.0507863
-0.281884 2.31961 0.244056
-0.282401 2.3219 0.437762
-0.282862 2.3239 0.631861
-0.283268 2.32567 0.826318
-0.28361 2.32733 1.0211
-0.283889 2.32848 1.21609
-0.2841 2.32934 1.41137
-0.284241 2.32991 1.60672
-0.284313 2.33022 1.80222
-0.272897 2.47276 -1.84869
-0.27377 2.47677 -1.66106
-0.274619 2.48077 -1.47284
-0.275443 2.4845 -1.28401
-0.276245 2.48822 -1.09459
-0.277017 2.49194 -0.904603
-0.277759 2.49537 -0.714051
-0.278465 2.49864 -0.522956
-0.279138 2.50173 -0.33133
-0.279769 2.50482 -0.139206
-0.280357 2.50739 0.0533982
-0.280899 2.50997 0.246452
-0.281394 2.51225 0.439921
-0.281836 2.51426 0.633771
-0.282221 2.5162 0.827967
-0.282546 2.51769 1.02246
-0.282811 2.51884 1.21717
-0.283011 2.51981 1.41211
-0.283145 2.52055 1.60722
-0.283213 2.52084 1.80236
-0.272148 2.66138 -1.8445
-0.272997 2.66547 -1.65698
-0.273827 2.66967 -1.46887
-0.27463 2.67362 -1.28016
-0.275406 2.6774 -1.09087
-0.276155 2.68112 -0.901026
-0.276872 2.68458 -0.710629
-0.277555 2.68798 -0.519702
-0.278204 2.69116 -0.328258
-0.278812 2.69428 -0.13633
-0.279377 2.69714 0.0560631
-0.279898 2.69972 0.24889
-0.280372 2.70201 0.442116
-0.280792 2.70401 0.635713
-0.28116 2.70584 0.829633
-0.28147 2.70744 1.02382
-0.281722 2.70859 1.21828
-0.281911 2.70956 1.41288
-0.28204 2.71031 1.60765
-0.282104 2.71059 1.8025
-0.271374 2.84939 -1.84018
-0.272203 2.85368 -1.65277
-0.273008 2.85789 -1.46477
-0.273791 2.86199 -1.2762
-0.274544 2.86599 -1.08705
-0.275272 2.86971 -0.897354
-0.275964 2.87337 -0.70712
-0.276625 2.87686 -0.516369
-0.27725 2.88001 -0.325122
-0.277836 2.88316 -0.133398
-0.27838 2.88602 0.0587748
-0.278879 2.88859 0.251366
-0.279333 2.89088 0.444346
-0.279735 2.89308 0.637676
-0.280087 2.89489 0.831321
-0.280382 2.8964 1.02525
-0.280624 2.89775 1.21938
-0.280804 2.89861 1.41369
-0.280926 2.89918 1.60815
-0.280987 2.89955 1.80265
-0.270574 3.0368 -1.83573
-0.271383 3.04112 -1.64842
-0.272168 3.04544 -1.46056
-0.272929 3.0497 -1.27213
-0.273663 3.05371 -1.08313
-0.274365 3.05771 -0.893599
-0.275038 3.06143 -0.703537
-0.275676 3.06487 -0.512971
-0.276279 3.06825 -0.321924
-0.276845 3.07131 -0.130416
-0.277368 3.07426 0.0615277
-0.277849 3.07689 0.253876
-0.278283 3.07918 0.446599
-0.278669 3.08147 0.639658
-0.279004 3.08318 0.83302
-0.279288 3.08487 1.02664
-0.279517 3.08604 1.22046
-0.27969 3.08696 1.41451
-0.279805 3.0877 1.60866
-0.279862 3.08805 1.80286
-0.269754 3.22354 -1.83114
-0.270542 3.22812 -1.64397
-0.271308 3.23255 -1.45625
-0.272046 3.23685 -1.26795
-0.272758 3.24097 -1.07912
-0.273441 3.24486 -0.889758
-0.274093 3.24872 -0.699886
-0.27471 3.2523 -0.509516
-0.275293 3.25573 -0.318677
-0.275837 3.25888 -0.12739
-0.276341 3.26174 0.064317
-0.276802 3.26446 0.256417
-0.277221 3.26689 0.448877
-0.277591 3.26904 0.64166
-0.277913 3.2709 0.834737
-0.278183 3.2725 1.02805
-0.278405 3.27376 1.2216
-0.278569 3.27464 1.41531
-0.278678 3.27539 1.60908
-0.278734 3.27573 1.803
-0.268913 3.40968 -1.82644
-0.269682 3.41454 -1.63941
-0.270426 3.41901 -1.45183
-0.271145 3.42341 -1.2637
-0.271837 3.42762 -1.07503
-0.2725 3.43168 -0.885852
-0.273131 3.43543 -0.69617
-0.273729 3.43915 -0.506005
-0.274292 3.44258 -0.315382
-0.274818 3.44573 -0.124326
-0.275302 3.44865 0.067139
-0.275747 3.45145 0.258983
-0.27615 3.4538 0.451177
-0.276506 3.45603 0.643681
-0.276815 3.45789 0.836468
-0.277074 3.45946 1.02947
-0.277283 3.46075 1.22272
-0.277443 3.46175 1.41609
-0.277548 3.46232 1.60959
-0.277602 3.46261 1.80315
-0.268051 3.59538 -1.82164
-0.268801 3.60025 -1.63475
-0.269528 3.60482 -1.44733
-0.270227 3.60926 -1.25936
-0.2709 3.61355 -1.07087
-0.271542 3.6177 -0.881879
-0.272155 3.62153 -0.692393
-0.272734 3.62519 -0.502443
-0.273278 3.62871 -0.312045
-0.273786 3.632 -0.121226
-0.274254 3.63486 0.0699898
-0.274684 3.63773 0.261573
-0.27507 3.6401 0.453493
-0.275411 3.6423 0.645716
-0.275708 3.64428 0.838202
-0.275958 3.64574 1.03091
-0.276159 3.64717 1.22382
-0.276313 3.64803 1.41688
-0.276413 3.64865 1.61009
-0.276463 3.64903 1.80329
-0.267173 3.78045 -1.81673
-0.267905 3.78532 -1.63001
-0.268613 3.78995 -1.44274
-0.269294 3.79453 -1.25495
-0.269947 3.79882 -1.06665
-0.270571 3.80311 -0.877845
-0.271164 3.807 -0.688574
-0.271726 3.81075 -0.498841
-0.272253 3.81427 -0.308671
-0.272743 3.81742 -0.118094
-0.273198 3.82056 0.0728666
-0.273611 3.82325 0.264183
-0.273983 3.82571 0.455826
-0.274312 3.828 0.647758
-0.274598 3.82983 0.839951
-0.274837 3.83144 1.03237
-0.27503 3.83275 1.22496
-0.275177 3.83373 1.41774
-0.275275 3.8343 1.61059
-0.275322 3.83464 1.80346
-0.266277 3.96478 -1.81174
-0.266991 3.96964 -1.62517
-0.267681 3.9745 -1.43808
-0.268345 3.97908 -1.25047
-0.268979 3.98357 -1.06236
-0.269586 3.98769 -0.873761
-0.270163 3.9917 -0.684701
-0.270707 3.99556 -0.495193
-0.271216 3.99911 -0.305261
-0.271692 4.00237 -0.114934
-0.27213 4.0054 0.0757666
-0.272529 4.00826 0.266814
-0.272888 4.01072 0.458172
-0.273207 4.01284 0.649814
-0.27348 4.01484 0.841707
-0.273713 4.01645 1.03383
-0.273899 4.01771 1.22611
-0.27404 4.01868 1.41853
-0.274133 4.01942 1.61102
-0.274177 4.01971 1.80365
-0.0812746 2.28412 -1.85349
-0.0819152 2.28813 -1.66577
-0.0825402 2.29185 -1.47741
-0.083149 2.29558 -1.28846
-0.0837404 2.29929 -1.09889
-0.0843126 2.30273 -0.908744
-0.0848625 2.30616 -0.718024
-0.0853887 2.30931 -0.52674
-0.0858893 2.31246 -0.334912
-0.0863619 2.31532 -0.142565
-0.0868026 2.31801 0.0502779
-0.0872112 2.32047 0.243591
-0.0875823 2.32275 0.437338
-0.0879153 2.32476 0.631486
-0.0882063 2.32665 0.825996
-0.088454 2.32819 1.02081
-0.0886542 2.32934 1.21588
-0.0888067 2.33022 1.41119
-0.0889086 2.33099 1.60665
-0.08896 2.33134 1.80215
-0.0807574 2.47334 -1.84945
-0.0813819 2.47734 -1.66181
-0.0819912 2.48136 -1.47356
-0.082584 2.48536 -1.28472
-0.083158 2.48908 -1.09527
-0.0837123 2.4926 -0.905257
-0.0842443 2.49615 -0.714674
-0.0847525 2.49938 -0.523546
-0.085234 2.50253 -0.331891
-0.0856882 2.50556 -0.139731
-0.0861115 2.50825 0.0529108
-0.0865022 2.51082 0.246005
-0.0868581 2.51311 0.439518
-0.0871755 2.5152 0.633417
-0.0874526 2.51712 0.827656
-0.0876869 2.51855 1.02217
-0.0878773 2.51981 1.21699
-0.0880217 2.52084 1.41196
-0.0881187 2.52141 1.60708
-0.0881665 2.5217 1.80236
-0.0802205 2.66195 -1.84525
-0.0808298 2.66624 -1.65771
-0.0814235 2.67024 -1.46957
-0.0819992 2.67425 -1.28084
-0.0825562 2.6782 -1.09153
-0.083094 2.68192 -0.901656
-0.0836081 2.68541 -0.71123
-0.0840994 2.68884 -0.520274
-0.0845639 2.69199 -0.328798
-0.0850011 2.69514 -0.136834
-0.0854074 2.69797 0.0555956
-0.0857821 2.70058 0.248462
-0.0861218 2.70287 0.441732
-0.0864244 2.70487 0.635373
-0.0866882 2.70687 0.82934
-0.0869117 2.7083 1.0236
-0.0870932 2.70956 1.2181
-0.0872304 2.71059 1.41277
-0.0873216 2.71116 1.60758
-0.0873677 2.71145 1.8025
-0.0796657 2.84996 -1.8409
-0.0802594 2.85425 -1.65347
-0.0808374 2.85855 -1.46545
-0.0813975 2.86264 -1.27685
-0.0819389 2.86656 -1.08768
-0.0824592 2.87051 -0.897965
-0.0829568 2.87406 -0.707703
-0.0834311 2.87761 -0.516919
-0.083879 2.88087 -0.32564
-0.0842997 2.88402 -0.133883
-0.0846913 2.88688 0.0583257
-0.0850503 2.88945 0.250957
-0.0853752 2.89177 0.443974
-0.0856645 2.89403 0.637351
-0.0859175 2.89575 0.831043
-0.0861307 2.89746 1.02501
-0.0863024 2.89861 1.21917
-0.0864334 2.89958 1.41359
-0.0865206 2.90032 1.60808
-0.0865644 2.90061 1.80265
-0.0790935 3.0374 -1.83642
-0.0796729 3.04198 -1.64912
-0.0802352 3.04627 -1.46122
-0.0807797 3.05053 -1.27277
-0.0813054 3.05457 -1.08374
-0.0818097 3.0584 -0.894185
-0.0822921 3.06215 -0.704102
-0.0827498 3.06573 -0.513508
-0.083183 3.06908 -0.322427
-0.083588 3.07217 -0.130884
-0.083964 3.07514 0.0610958
-0.0843082 3.07775 0.253483
-0.0846207 3.08012 0.446245
-0.0848983 3.08232 0.63935
-0.0851397 3.08415 0.832756
-0.0853426 3.08576 1.02641
-0.0855076 3.08696 1.22031
-0.0856314 3.08805 1.41438
-0.085715 3.08862 1.60856
-0.0857566 3.0889 1.80279
-0.0785057 3.22426 -1.83182
-0.0790703 3.22883 -1.64465
-0.0796183 3.23338 -1.4569
-0.0801476 3.2377 -1.26858
-0.0806581 3.24171 -1.07972
-0.0811472 3.24572 -0.89033
-0.0816143 3.24949 -0.700433
-0.0820569 3.25316 -0.510031
-0.0824749 3.25659 -0.319162
-0.082866 3.25974 -0.127842
-0.0832277 3.2626 0.0639016
-0.0835589 3.26543 0.256039
-0.0838585 3.26775 0.448539
-0.0841249 3.27004 0.641364
-0.084356 3.27178 0.834483
-0.0845496 3.27347 1.02784
-0.0847078 3.27464 1.22144
-0.0848263 3.27576 1.41516
-0.0849059 3.27633 1.60901
-0.0849452 3.27662 1.80293
-0.0779031 3.41054 -1.8271
-0.0784538 3.41511 -1.64007
-0.0789871 3.41969 -1.45246
-0.0795021 3.42418 -1.2643
-0.0799979 3.42833 -1.07562
-0.0804726 3.43245 -0.886407
-0.080925 3.43629 -0.696699
-0.0813533 3.44001 -0.506505
-0.0817574 3.44344 -0.31585
-0.0821342 3.44659 -0.124761
-0.0824829 3.44959 0.0667388
-0.0828017 3.45231 0.25862
-0.0830896 3.4548 0.450851
-0.0833453 3.45689 0.643395
-0.0835661 3.45889 0.836225
-0.0837534 3.46041 1.02928
-0.0839041 3.46175 1.22253
-0.0840176 3.46261 1.41596
-0.0840936 3.46335 1.60951
-0.0841312 3.46373 1.80315
-0.077287 3.59621 -1.82229
-0.0778235 3.60088 -1.63539
-0.0783434 3.60563 -1.44794
-0.0788445 3.60997 -1.25995
-0.079326 3.61427 -1.07144
-0.0797869 3.61856 -0.882416
-0.080225 3.62236 -0.692908
-0.0806403 3.62605 -0.502925
-0.0810305 3.6296 -0.312497
-0.0813944 3.63286 -0.121646
-0.0817306 3.63581 0.0696042
-0.0820381 3.63858 0.261222
-0.0823148 3.64113 0.45318
-0.0825603 3.64322 0.645441
-0.0827735 3.64516 0.83797
-0.0829523 3.6468 1.03075
-0.0830967 3.64803 1.22368
-0.0832058 3.64903 1.41681
-0.0832787 3.64974 1.61001
-0.0833149 3.65003 1.80329
-0.0766585 3.78108 -1.81737
-0.077182 3.78595 -1.63062
-0.0776885 3.79081 -1.44334
-0.0781758 3.79539 -1.25553
-0.0786438 3.79968 -1.0672
-0.0790908 3.80391 -0.878367
-0.0795164 3.80783 -0.689067
-0.0799178 3.81164 -0.499306
-0.0802956 3.81513 -0.309109
-0.0806474 3.81839 -0.1185
-0.080972 3.82142 0.0724944
-0.0812683 3.82428 0.263846
-0.0815352 3.82666 0.455522
-0.0817721 3.82886 0.647497
-0.0819764 3.83086 0.839729
-0.0821486 3.83241 1.03219
-0.0822876 3.83373 1.22482
-0.0823922 3.83464 1.4176
-0.0824619 3.83538 1.61051
-0.0824963 3.83573 1.80343
-0.0760179 3.96563 -1.81236
-0.0765289 3.9705 -1.62578
-0.0770215 3.97536 -1.43866
-0.0774963 3.97994 -1.25103
-0.0779513 3.98437 -1.06289
-0.0783859 3.98852 -0.874269
-0.0787985 3.99256 -0.685184
-0.0791878 3.99648 -0.495644
-0.079554 3.99997 -0.305684
-0.0798937 4.00334 -0.115327
-0.0802075 4.00629 0.075407
-0.0804936 4.00912 0.266488
-0.0807511 4.0117 0.457882
-0.0809791 4.0139 0.64956
-0.0811763 4.0157 0.841489
-0.0813417 4.01742 1.03362
-0.0814753 4.01868 1.22596
-0.0815755 4.01971 1.41844
-0.0816425 4.02028 1.61102
-0.0816765 4.0206 1.80358
0.111169 2.28455 -1.854
0.110785 2.28841 -1.66627
0.110409 2.29242 -1.47791
0.110043 2.29615 -1.28894
0.109688 2.29972 -1.09936
0.109344 2.3033 -0.909198
0.109014 2.3067 -0.718454
0.108697 2.30988 -0.527148
0.108396 2.31303 -0.335303
0.108111 2.31589 -0.142931
0.107846 2.31849 0.0499372
0.107601 2.32104 0.243278
0.107377 2.32333 0.437054
0.107176 2.32533 0.631236
0.107001 2.32733 0.825778
0.106852 2.32876 1.02064
0.106731 2.32991 1.21574
0.106639 2.33099 1.41109
0.106578 2.33162 1.60658
0.106547 2.33191 1.80215
0.111479 2.47377 -1.84995
0.111104 2.47791 -1.66229
0.110738 2.48193 -1.47404
0.110382 2.48565 -1.28517
0.110038 2.48945 -1.09573
0.109705 2.49309 -0.905686
0.109385 2.49652 -0.715092
0.10908 2.49995 -0.523943
0.10879 2.5031 -0.332267
0.108516 2.50605 -0.140082
0.108262 2.50882 0.0525845
0.108027 2.5114 0.245706
0.107813 2.51369 0.43925
0.107622 2.51586 0.633178
0.107455 2.51769 0.827452
0.107314 2.51912 1.02203
0.107199 2.52055 1.21687
0.107112 2.52141 1.41187
0.107054 2.52198 1.60708
0.107025 2.52227 1.80229
0.111802 2.66241 -1.84574
0.111436 2.66653 -1.65819
0.11108 2.67082 -1.47003
0.110734 2.67482 -1.2813
0.110399 2.67854 -1.09197
0.110077 2.68229 -0.902078
0.109767 2.68598 -0.711634
0.109472 2.68941 -0.520653
0.109192 2.69256 -0.329161
0.10893 2.69571 -0.137173
0.108685 2.69855 0.0552824
0.10846 2.70115 0.248175
0.108256 2.70344 0.441476
0.108074 2.7055 0.635144
0.107915 2.70744 0.829147
0.107781 2.70888 1.02345
0.107672 2.71031 1.21795
0.107588 2.71116 1.41266
0.107533 2.71174 1.60751
0.107506 2.71205 1.8025
0.112135 2.85051 -1.84138
0.111778 2.85483 -1.65394
0.111431 2.85912 -1.46591
0.111095 2.86313 -1.2773
0.11077 2.86714 -1.08811
0.110458 2.87094 -0.898369
0.110158 2.87457 -0.708093
0.109874 2.87809 -0.517291
0.109604 2.88144 -0.325989
0.109352 2.88459 -0.134208
0.109116 2.88745 0.0580251
0.108901 2.89002 0.250682
0.108705 2.89243 0.443729
0.108531 2.8946 0.637133
0.108379 2.89637 0.830857
0.108251 2.89803 1.02483
0.108147 2.89921 1.2191
0.108069 2.90032 1.41345
0.108016 2.9009 1.60801
0.10799 2.90118 1.80265
0.112479 3.03797 -1.83689
0.11213 3.04229 -1.64957
0.111793 3.04679 -1.46167
0.111466 3.05091 -1.2732
0.11115 3.05508 -1.08416
0.110847 3.05886 -0.894582
0.110558 3.06264 -0.704478
0.110282 3.0663 -0.513865
0.110023 3.06962 -0.322763
0.109779 3.07277 -0.131197
0.109554 3.07574 0.060807
0.109346 3.07832 0.25322
0.109158 3.08078 0.446009
0.108992 3.0829 0.639143
0.108847 3.08484 0.83258
0.108724 3.08633 1.02626
0.108626 3.0877 1.22017
0.10855 3.08862 1.41431
0.1085 3.08919 1.60851
0.108475 3.08953 1.80279
0.112831 3.22483 -1.83229
0.112492 3.22941 -1.6451
0.112163 3.23376 -1.45733
0.111845 3.2381 -1.26899
0.111539 3.24229 -1.08012
0.111245 3.24629 -0.890716
0.110965 3.25001 -0.700794
0.110699 3.25373 -0.510375
0.110448 3.25716 -0.319485
0.110213 3.26031 -0.128143
0.109996 3.26317 0.0636238
0.109797 3.26603 0.255786
0.109617 3.26835 0.448312
0.109457 3.27061 0.641167
0.109318 3.27247 0.834311
0.109201 3.27404 1.0277
0.109107 3.27539 1.22132
0.109035 3.27633 1.41509
0.108988 3.2769 1.60901
0.108964 3.27725 1.80293
0.113192 3.41102 -1.82756
0.112862 3.41569 -1.6405
0.112542 3.42026 -1.45289
0.112233 3.42461 -1.26471
0.111935 3.42885 -1.076
0.111651 3.43294 -0.886779
0.111379 3.43686 -0.69705
0.111121 3.44058 -0.506834
0.110879 3.44401 -0.316163
0.110652 3.44716 -0.12505
0.110443 3.45022 0.0664713
0.110252 3.45288 0.258377
0.110078 3.45546 0.450631
0.109926 3.45755 0.643205
0.109792 3.45946 0.836056
0.10968 3.46112 1.02916
0.109589 3.46232 1.22246
0.109521 3.46335 1.41588
0.109476 3.46404 1.60944
0.109453 3.46433 1.8031
0.113562 3.59656 -1.82272
0.113239 3.60139 -1.63581
0.112928 3.60605 -1.44834
0.112627 3.61055 -1.26035
0.112338 3.61484 -1.07181
0.112062 3.61907 -0.88278
0.111799 3.62291 -0.693252
0.11155 3.62663 -0.503247
0.111315 3.6302 -0.312801
0.111097 3.63343 -0.121927
0.110895 3.63647 0.0693461
0.110711 3.63916 0.260989
0.110544 3.64173 0.452969
0.110396 3.64391 0.645255
0.110269 3.64574 0.837812
0.110161 3.64745 1.03061
0.110074 3.64865 1.2236
0.110009 3.64974 1.41674
0.109965 3.65031 1.60994
0.109943 3.6506 1.80329
0.113939 3.78165 -1.8178
0.113624 3.78652 -1.63104
0.113321 3.79138 -1.44374
0.113029 3.79593 -1.2559
0.112748 3.80025 -1.06756
0.112479 3.80446 -0.878718
0.112224 3.8084 -0.689396
0.111983 3.81224 -0.499617
0.111756 3.8157 -0.3094
0.111545 3.81902 -0.118771
0.11135 3.822 0.0722455
0.111173 3.82486 0.263619
0.111012 3.82735 0.455322
0.11087 3.82949 0.647318
0.110747 3.83144 0.839576
0.110644 3.83312 1.03204
0.110561 3.8343 1.22475
0.110498 3.83538 1.41752
0.110456 3.83601 1.61044
0.110435 3.8363 1.80343
0.114323 3.96606 -1.81277
0.114017 3.97107 -1.62618
0.113721 3.97593 -1.43905
0.113436 3.98051 -1.2514
0.113163 3.98492 -1.06325
0.112903 3.98909 -0.874609
0.112655 3.99316 -0.685502
0.112421 3.99708 -0.495948
0.112202 4.00054 -0.305971
0.111998 4.00397 -0.115588
0.111809 4.00695 0.0751669
0.111638 4.00969 0.266269
0.111483 4.01227 0.457687
0.111346 4.01456 0.649392
0.111228 4.01645 0.841342
0.111129 4.01799 1.03352
0.111048 4.01942 1.22589
0.110988 4.02028 1.41838
0.110947 4.02097 1.61094
0.110928 4.02134 1.80358
0.303666 2.28469 -1.85427
0.303541 2.2887 -1.66651
0.303415 2.2925 -1.47816
0.303308 2.29635 -1.28917
0.303183 2.29987 -1.0996
0.303076 2.30356 -0.90942
0.302968 2.30685 -0.718668
0.302861 2.31017 -0.527355
0.302754 2.31328 -0.335496
0.302664 2.31617 -0.143116
0.302575 2.31875 0.0497668
0.302493 2.32132 0.243121
0.302414 2.32361 0.436915
0.30236 2.32564 0.63111
0.302289 2.32762 0.825671
0.302253 2.32905 1.02053
0.302199 2.33022 1.21566
0.302182 2.33134 1.41102
0.302164 2.33191 1.60655
0.302146 2.3322 1.80215
0.303773 2.47391 -1.8502
0.303648 2.47809 -1.66255
0.303523 2.48207 -1.47428
0.303415 2.48593 -1.2854
0.303297 2.48965 -1.09595
0.303183 2.49337 -0.905908
0.303077 2.49681 -0.715299
0.302986 2.50024 -0.524143
0.302882 2.50339 -0.332455
0.30279 2.5063 -0.140258
0.302718 2.50911 0.0524213
0.302629 2.51168 0.245557
0.302557 2.51397 0.439114
0.302503 2.5162 0.63306
0.30245 2.51798 0.827352
0.302396 2.51944 1.02196
0.30236 2.52084 1.21681
0.30233 2.5217 1.41181
0.302307 2.52227 1.60701
0.302307 2.52264 1.80229
0.30388 2.66252 -1.84598
0.303755 2.66681 -1.65842
0.303648 2.67102 -1.47027
0.303523 2.67502 -1.28152
0.303415 2.67883 -1.09218
0.303308 2.68255 -0.902289
0.303208 2.68627 -0.711834
0.303111 2.6897 -0.520846
0.303022 2.69285 -0.32934
0.302933 2.696 -0.137341
0.302856 2.6988 0.0551259
0.302772 2.70144 0.248032
0.302718 2.70373 0.441346
0.302646 2.70581 0.63503
0.302593 2.70773 0.829047
0.302557 2.70919 1.02335
0.302521 2.71059 1.21788
0.302486 2.71145 1.41265
0.302468 2.71205 1.60751
0.302468 2.71245 1.80243
0.303988 2.85059 -1.84161
0.30388 2.85511 -1.65418
0.303755 2.85932 -1.46614
0.303648 2.86342 -1.27751
0.303541 2.86742 -1.08832
0.303433 2.87114 -0.898577
0.303344 2.87486 -0.70829
0.30324 2.87832 -0.517477
0.303154 2.88173 -0.326162
0.303076 2.88487 -0.134371
0.302993 2.88773 0.0578751
0.302924 2.89031 0.250545
0.302861 2.89274 0.443609
0.302807 2.89489 0.637026
0.302754 2.89675 0.83076
0.302709 2.89832 1.02475
0.302682 2.89955 1.21903
0.302646 2.90061 1.41345
0.302629 2.90118 1.60801
0.302629 2.90147 1.80265
0.304102 3.03812 -1.83712
0.303988 3.04255 -1.6498
0.30388 3.04696 -1.46189
0.303773 3.05113 -1.27341
0.303666 3.05528 -1.08436
0.303558 3.05914 -0.894779
0.303469 3.06286 -0.704667
0.30338 3.06659 -0.514044
0.30329 3.06988 -0.322929
0.303219 3.07305 -0.131353
0.303144 3.07603 0.0606629
0.303076 3.0786 0.253088
0.303004 3.08112 0.445893
0.30295 3.08318 0.639039
0.302906 3.08518 0.832487
0.302861 3.08662 1.02618
0.302825 3.08805 1.22013
0.302807 3.0889 1.41423
0.30279 3.08953 1.60845
0.30279 3.08993 1.80279
0.30422 3.22497 -1.83252
0.304113 3.22964 -1.64531
0.304005 3.23398 -1.45754
0.303898 3.23834 -1.26921
0.303791 3.24257 -1.08032
0.303701 3.24658 -0.890909
0.303612 3.2503 -0.700976
0.303523 3.25402 -0.510546
0.303433 3.25745 -0.319648
0.303362 3.2606 -0.128293
0.30329 3.26349 0.0634852
0.303219 3.26632 0.25566
0.303165 3.26866 0.4482
0.303111 3.2709 0.641067
0.303058 3.27284 0.834225
0.303022 3.27433 1.02763
0.302986 3.27576 1.22124
0.302968 3.27662 1.41504
0.30295 3.27725 1.60894
0.30295 3.27762 1.80293
0.304345 3.4112 -1.82778
0.304238 3.41597 -1.64072
0.304131 3.42055 -1.45309
0.304023 3.42484 -1.26492
0.303921 3.42913 -1.0762
0.303827 3.4332 -0.886965
0.303737 3.43715 -0.697228
0.303653 3.44087 -0.507002
0.303576 3.4443 -0.316319
0.303505 3.44745 -0.125196
0.303433 3.45054 0.0663378
0.303362 3.45317 0.258254
0.303308 3.45574 0.450524
0.303254 3.45789 0.643109
0.303219 3.45975 0.835978
0.303183 3.46147 1.0291
0.303147 3.46261 1.22239
0.303129 3.46373 1.41588
0.303111 3.46433 1.60944
0.303111 3.46461 1.80308
0.304456 3.59681 -1.82294
0.304359 3.60168 -1.63603
0.304256 3.60628 -1.44855
0.304148 3.61083 -1.26055
0.304059 3.61512 -1.07201
0.30397 3.61936 -0.882959
0.30388 3.62319 -0.693423
0.303791 3.62691 -0.503408
0.303719 3.63052 -0.31295
0.303648 3.63372 -0.122066
0.303576 3.63678 0.0692177
0.303523 3.63944 0.260872
0.303469 3.64202 0.452865
0.303415 3.64425 0.645165
0.30338 3.64605 0.837734
0.303344 3.64774 1.03054
0.303308 3.64903 1.22353
0.30329 3.65003 1.41667
0.303272 3.6506 1.60994
0.303272 3.65094 1.80329
0.304578 3.78194 -1.818
0.304488 3.7868 -1.63124
0.304381 3.79161 -1.44394
0.304292 3.79616 -1.2561
0.304188 3.80054 -1.06774
0.304106 3.80474 -0.878896
0.304023 3.80869 -0.689561
0.303934 3.81252 -0.499775
0.303862 3.81599 -0.309547
0.303791 3.81933 -0.118906
0.303737 3.82228 0.0721214
0.303666 3.82514 0.263507
0.303616 3.82769 0.455222
0.303576 3.82983 0.647229
0.303539 3.83172 0.8395
0.303505 3.83344 1.03197
0.303469 3.83464 1.22468
0.303451 3.83573 1.41752
0.303433 3.8363 1.61044
0.303433 3.83659 1.80343
0.304712 3.96626 -1.81298
0.304613 3.97136 -1.62638
0.304506 3.97622 -1.43924
0.304417 3.9808 -1.25158
0.304327 3.98518 -1.06342
0.304238 3.98938 -0.874777
0.304166 3.99344 -0.685663
0.304077 3.99736 -0.496095
0.304005 4.00083 -0.306108
0.303952 4.00426 -0.115719
0.30388 4.00729 0.0750471
0.303827 4.01001 0.266161
0.303773 4.01256 0.457591
0.303737 4.01484 0.649307
0.303684 4.01679 0.841271
0.303666 4.01831 1.03347
0.30363 4.01971 1.22582
0.303612 4.0206 1.41831
0.303594 4.02134 1.61094
0.303594 4.02171 1.80358
0.496255 2.3014 -1.8567
0.49639 2.30534 -1.66874
0.496518 2.30908 -1.48018
0.496642 2.31285 -1.29102
0.496758 2.31631 -1.10127
0.49687 2.31991 -0.910926
0.496976 2.32318 -0.720024
0.497088 2.32644 -0.528566
0.497187 2.32951 -0.33657
0.497292 2.33235 -0.144061
0.49738 2.33488 0.0489389
0.497456 2.33741 0.242403
0.497538 2.33966 0.436301
0.497609 2.34166 0.630592
0.497661 2.3436 0.825247
0.497714 2.34501 1.02019
0.497749 2.34613 1.2154
0.497784 2.34726 1.41083
0.497802 2.34782 1.60644
0.49782 2.3481 1.80211
0.496149 2.4908 -1.85269
0.496272 2.4949 -1.66484
0.496395 2.49881 -1.47637
0.496518 2.50261 -1.28731
0.496642 2.50627 -1.09769
0.496747 2.50993 -0.907473
0.496853 2.5133 -0.716711
0.496958 2.51668 -0.525404
0.497064 2.51977 -0.333579
0.497151 2.52261 -0.141253
0.497239 2.5254 0.051549
0.49731 2.52793 0.244798
0.49738 2.53018 0.438464
0.49745 2.53235 0.632509
0.497503 2.53412 0.826896
0.497556 2.53556 1.02159
0.497591 2.53693 1.21653
0.497626 2.53778 1.41161
0.497644 2.53834 1.60689
0.497653 2.53868 1.80225
0.496044 2.67959 -1.84854
0.496167 2.68381 -1.66078
0.49629 2.68794 -1.47244
0.496404 2.69188 -1.28349
0.496518 2.69563 -1.09398
0.496624 2.69929 -0.903917
0.496729 2.70295 -0.713303
0.496835 2.70632 -0.522165
0.496923 2.70942 -0.330517
0.497011 2.71251 -0.138384
0.497099 2.71527 0.0542087
0.497169 2.71786 0.247234
0.497239 2.72011 0.440657
0.497292 2.72216 0.63445
0.497348 2.72405 0.828563
0.497398 2.72548 1.02296
0.497433 2.72686 1.21758
0.497468 2.7277 1.41244
0.497486 2.72829 1.60739
0.497486 2.72869 1.80239
0.495938 2.86787 -1.84425
0.496056 2.87231 -1.65661
0.496167 2.87645 -1.46836
0.49629 2.88047 -1.27955
0.496395 2.88441 -1.09018
0.496501 2.88807 -0.900267
0.496599 2.89172 -0.709815
0.496694 2.89513 -0.518853
0.496782 2.89848 -0.327391
0.49687 2.90157 -0.135463
0.496944 2.90438 0.0569117
0.497027 2.90692 0.249704
0.497081 2.90931 0.442883
0.497151 2.91142 0.636409
0.497202 2.91322 0.830247
0.497239 2.91479 1.02434
0.497275 2.916 1.21871
0.497301 2.91704 1.41322
0.497319 2.91761 1.60788
0.497327 2.91789 1.8026
0.495815 3.05556 -1.83984
0.495938 3.05995 -1.6523
0.496044 3.06429 -1.46419
0.496158 3.0684 -1.27552
0.496267 3.07248 -1.08629
0.49636 3.07628 -0.896532
0.496466 3.07993 -0.706252
0.496554 3.08359 -0.51547
0.496642 3.08683 -0.324214
0.496729 3.08992 -0.132495
0.4968 3.09287 0.0596531
0.49687 3.09541 0.252204
0.49694 3.09788 0.445128
0.496993 3.09991 0.638388
0.497046 3.10188 0.831946
0.497081 3.10328 1.02574
0.497116 3.10469 1.2198
0.497134 3.10553 1.414
0.497151 3.10615 1.60831
0.497169 3.10652 1.80274
0.495692 3.24267 -1.8353
0.495815 3.24726 -1.64789
0.495921 3.25153 -1.45992
0.496026 3.25578 -1.27138
0.496132 3.25997 -1.08231
0.496237 3.26391 -0.89272
0.496325 3.26757 -0.702627
0.496413 3.27123 -0.512037
0.496501 3.2746 -0.320985
0.496575 3.2777 -0.129488
0.496659 3.28054 0.0624283
0.496714 3.28332 0.254733
0.496782 3.28563 0.447396
0.496835 3.28783 0.640382
0.496888 3.28974 0.833655
0.496923 3.2912 1.02717
0.496958 3.29258 1.22089
0.496976 3.29345 1.41479
0.496993 3.29404 1.60879
0.496993 3.29444 1.80288
0.495578 3.42912 -1.83065
0.495692 3.43382 -1.64337
0.495798 3.43832 -1.45554
0.495903 3.44254 -1.26717
0.496003 3.44676 -1.07827
0.496096 3.45076 -0.888845
0.496184 3.45464 -0.698934
0.496272 3.4583 -0.508549
0.49636 3.46167 -0.317713
0.496431 3.46477 -0.126442
0.496501 3.46781 0.0652335
0.496571 3.4704 0.257285
0.496624 3.47293 0.449682
0.496677 3.47504 0.64239
0.496722 3.47687 0.835378
0.496765 3.47855 1.02862
0.496782 3.47968 1.22201
0.496817 3.48078 1.41561
0.496833 3.48137 1.60928
0.496835 3.48165 1.80303
0.495446 3.61498 -1.82589
0.495569 3.61976 -1.63875
0.495673 3.62429 -1.45108
0.495762 3.62876 -1.26286
0.495868 3.63298 -1.07414
0.495956 3.63712 -0.884906
0.496044 3.64089 -0.695193
0.496132 3.64458 -0.505018
0.496202 3.64812 -0.3144
0.496288 3.65127 -0.123363
0.496343 3.65428 0.068065
0.496413 3.6569 0.259859
0.496466 3.65943 0.451986
0.496518 3.66163 0.644412
0.496554 3.6634 0.837105
0.496592 3.66506 1.03003
0.496624 3.66632 1.22314
0.496642 3.66731 1.41639
0.496659 3.66787 1.60978
0.496677 3.66818 1.80324
0.495323 3.80035 -1.82104
0.495428 3.80514 -1.63406
0.495534 3.80986 -1.44654
0.495639 3.81434 -1.2585
0.495727 3.81864 -1.06995
0.495815 3.82278 -0.880908
0.495903 3.82666 -0.691402
0.495991 3.83043 -0.501445
0.496061 3.83383 -0.311054
0.496132 3.83712 -0.120257
0.496202 3.84002 0.0709206
0.496255 3.84284 0.26245
0.496307 3.84534 0.454301
0.49636 3.84745 0.646445
0.496395 3.84931 0.838842
0.496431 3.85099 1.03144
0.496466 3.85218 1.22427
0.496483 3.85325 1.41723
0.496501 3.85381 1.61027
0.496501 3.85409 1.80338
0.4952 3.98494 -1.8161
0.495305 3.98995 -1.62927
0.495393 3.99473 -1.44192
0.495499 3.99923 -1.25406
0.495587 4.00354 -1.0657
0.495674 4.00767 -0.876864
0.495762 4.01167 -0.687565
0.495833 4.01552 -0.497826
0.495903 4.01892 -0.307673
0.495973 4.0223 -0.117121
0.496044 4.02525 0.0737972
0.496096 4.02796 0.265059
0.496149 4.03046 0.456633
0.496202 4.03271 0.648485
0.496237 4.03462 0.840583
0.496272 4.03611 1.03292
0.496297 4.03749 1.22539
0.496325 4.03836 1.41801
0.496325 4.0391 1.61076
0.496343 4.03946 1.80352
0.688887 2.30126 -1.85643
0.689274 2.30506 -1.6685
0.689636 2.309 -1.47993
0.690013 2.31265 -1.29078
0.690364 2.31614 -1.10103
0.690709 2.31969 -0.910705
0.691033 2.32301 -0.719809
0.691349 2.32616 -0.528362
0.691637 2.32925 -0.336376
0.691922 2.33207 -0.143878
0.692193 2.3346 0.0491095
0.692439 2.33713 0.24256
0.69265 2.33938 0.436442
0.692861 2.34135 0.630719
0.693037 2.34329 0.825352
0.693178 2.34473 1.0203
0.693308 2.34585 1.21547
0.693389 2.34689 1.4109
0.693459 2.34754 1.60647
0.693494 2.34782 1.80211
0.688571 2.49063 -1.85245
0.688958 2.49473 -1.66458
0.689309 2.49867 -1.47612
0.689661 2.50233 -1.28708
0.690013 2.50607 -1.09745
0.690329 2.50964 -0.907258
0.690653 2.51302 -0.7165
0.690962 2.5164 -0.525204
0.691244 2.51949 -0.333389
0.691525 2.52236 -0.141076
0.691771 2.52512 0.0517124
0.692017 2.52765 0.244948
0.692228 2.5299 0.438599
0.692404 2.53201 0.632628
0.69258 2.53384 0.826998
0.692721 2.53525 1.02166
0.692826 2.53662 1.2166
0.692932 2.5375 1.41168
0.69297 2.53806 1.60696
0.693002 2.53834 1.80225
0.688254 2.67948 -1.8483
0.688606 2.68353 -1.66055
0.688972 2.68775 -1.47219
0.689309 2.69169 -1.28327
0.689661 2.69535 -1.09376
0.689978 2.69901 -0.903706
0.690291 2.70266 -0.713099
0.690575 2.70604 -0.521968
0.690857 2.70914 -0.330335
0.691103 2.71223 -0.138214
0.691349 2.71499 0.0543652
0.691592 2.71758 0.247376
0.691771 2.71983 0.440788
0.691968 2.72182 0.634562
0.692123 2.72376 0.828661
0.692263 2.72517 1.02306
0.692369 2.72655 1.21765
0.692439 2.72742 1.41245
0.69251 2.72798 1.60739
0.692541 2.72827 1.80246
0.687938 2.86775 -1.84402
0.68829 2.87203 -1.65636
0.688627 2.87625 -1.46815
0.688958 2.88019 -1.27934
0.689274 2.88413 -1.08997
0.689591 2.88784 -0.90006
0.689897 2.89144 -0.709618
0.690185 2.89487 -0.518663
0.690435 2.89819 -0.327217
0.690681 2.90129 -0.1353
0.690927 2.9041 0.057062
0.691138 2.90663 0.249841
0.691349 2.90897 0.443006
0.691521 2.91114 0.636518
0.691666 2.91288 0.830342
0.691792 2.91451 1.02443
0.691887 2.91564 1.21878
0.691982 2.91673 1.41324
0.692017 2.91733 1.60788
0.692052 2.91761 1.8026
0.687586 3.05545 -1.8396
0.687938 3.0597 -1.65207
0.688254 3.06412 -1.46396
0.688595 3.06815 -1.2753
0.688898 3.07228 -1.08609
0.689204 3.07599 -0.896335
0.689485 3.07968 -0.706066
0.689767 3.08331 -0.515294
0.690013 3.08654 -0.324047
0.690259 3.08964 -0.132339
0.690505 3.09259 0.0597975
0.690702 3.09512 0.252336
0.690892 3.09754 0.445246
0.691057 3.09963 0.63849
0.691208 3.10154 0.832037
0.691314 3.103 1.02583
0.691419 3.10432 1.21983
0.69149 3.10525 1.41407
0.691535 3.10582 1.60837
0.69156 3.10615 1.80274
0.687235 3.2425 -1.83507
0.687569 3.24703 -1.64767
0.687903 3.25128 -1.4597
0.688219 3.25558 -1.27118
0.688511 3.25969 -1.08211
0.688817 3.26363 -0.89253
0.689098 3.26729 -0.702444
0.689345 3.27095 -0.511869
0.689591 3.27432 -0.320822
0.689837 3.27742 -0.129336
0.690048 3.28023 0.0625672
0.690259 3.28304 0.254859
0.690435 3.28529 0.447511
0.690575 3.28754 0.640484
0.690716 3.28937 0.833743
0.690857 3.29092 1.02725
0.690927 3.29221 1.22096
0.690997 3.29317 1.41484
0.691068 3.29373 1.60886
0.691068 3.29404 1.80288
0.686883 3.42895 -1.83043
0.687199 3.43354 -1.64315
0.687516 3.43804 -1.45533
0.687832 3.44232 -1.26696
0.688114 3.44648 -1.07807
0.688395 3.45051 -0.888662
0.688676 3.45436 -0.698758
0.688923 3.45802 -0.508387
0.689169 3.46139 -0.317557
0.689404 3.46449 -0.126296
0.689605 3.46747 0.0653671
0.689802 3.47011 0.257406
0.689978 3.47265 0.449793
0.690118 3.47467 0.642489
0.690259 3.47658 0.835459
0.690364 3.47819 1.02868
0.69047 3.4794 1.22209
0.690533 3.48038 1.41561
0.690575 3.48109 1.60929
0.690593 3.48137 1.80305
0.686496 3.6147 -1.82567
0.686813 3.61948 -1.63854
0.687129 3.62407 -1.45087
0.687446 3.62848 -1.26267
0.687727 3.6327 -1.07395
0.688008 3.63687 -0.884727
0.688254 3.64061 -0.695024
0.688501 3.64427 -0.504856
0.688747 3.64781 -0.314249
0.688958 3.65099 -0.123224
0.689169 3.65395 0.0681939
0.689345 3.65662 0.259975
0.68952 3.65915 0.452089
0.689661 3.66129 0.644504
0.689774 3.66309 0.837186
0.689883 3.66478 1.0301
0.689978 3.66593 1.22321
0.690048 3.66703 1.41646
0.690083 3.66759 1.60978
0.690118 3.66787 1.80324
0.686137 3.80007 -1.82083
0.686429 3.80485 -1.63384
0.686742 3.80964 -1.44634
0.687024 3.81408 -1.25831
0.687305 3.81836 -1.06976
0.687586 3.8225 -0.880739
0.687832 3.82638 -0.69124
0.688079 3.83012 -0.501287
0.68829 3.83355 -0.310908
0.688501 3.83679 -0.12012
0.688712 3.83974 0.0710448
0.688887 3.84255 0.262562
0.689028 3.845 0.454403
0.689169 3.84708 0.646533
0.689309 3.84903 0.838919
0.689415 3.85066 1.03151
0.689485 3.85184 1.22434
0.689556 3.85291 1.41723
0.689591 3.85353 1.61027
0.689626 3.85381 1.80338
0.685758 3.98471 -1.81589
0.686039 3.98967 -1.62907
0.686355 3.99445 -1.44172
0.686637 3.99895 -1.25387
0.6869 4.00325 -1.06552
0.687164 4.00739 -0.876695
0.68741 4.01136 -0.687407
0.687639 4.01521 -0.497679
0.687868 4.01864 -0.307532
0.688057 4.02202 -0.116991
0.688254 4.02492 0.0739172
0.68843 4.02765 0.265169
0.688571 4.03018 0.456728
0.688712 4.03243 0.648569
0.688817 4.03426 0.840657
0.688923 4.0358 1.03297
0.688993 4.03718 1.22546
0.689063 4.03805 1.41808
0.689098 4.03873 1.61076
0.689134 4.0391 1.80352
0.88146 2.30084 -1.85592
0.882093 2.30478 -1.66799
0.882698 2.30843 -1.47944
0.883306 2.31209 -1.29031
0.883894 2.31575 -1.10057
0.884456 2.31912 -0.910254
0.885012 2.3225 -0.719377
0.885525 2.32559 -0.52795
0.886028 2.32869 -0.335989
0.886496 2.3315 -0.143515
0.886918 2.33412 0.0494476
0.88734 2.33657 0.242871
0.887692 2.33882 0.436723
0.888036 2.34079 0.630968
0.888325 2.34262 0.825567
0.888571 2.34416 1.02047
0.888757 2.34529 1.21561
0.888923 2.34613 1.41101
0.889021 2.34686 1.60654
0.889063 2.34723 1.80211
0.88094 2.49023 -1.85194
0.881566 2.49417 -1.66409
0.882171 2.49811 -1.47566
0.882747 2.50205 -1.28662
0.883324 2.50571 -1.097
0.883859 2.50914 -0.906822
0.884386 2.51263 -0.716085
0.884899 2.51583 -0.52481
0.885371 2.51893 -0.333018
0.885828 2.52185 -0.140727
0.88625 2.52456 0.0520363
0.886637 2.52709 0.245245
0.886988 2.52934 0.438865
0.887305 2.53136 0.632864
0.887576 2.53328 0.827202
0.887797 2.53468 1.02182
0.887994 2.53589 1.21671
0.888142 2.53693 1.41177
0.888223 2.5375 1.60696
0.88829 2.53778 1.80232
0.880412 2.67903 -1.84782
0.88101 2.68325 -1.66006
0.881608 2.68718 -1.47173
0.882171 2.69112 -1.28281
0.882733 2.69498 -1.09333
0.883261 2.69864 -0.903284
0.883757 2.7021 -0.712702
0.884245 2.70548 -0.521589
0.884703 2.70857 -0.329976
0.885146 2.71167 -0.13788
0.885547 2.71442 0.0546759
0.885919 2.71698 0.247661
0.88625 2.71926 0.441043
0.886559 2.72123 0.634787
0.886813 2.72317 0.828855
0.887031 2.72461 1.02321
0.887213 2.72582 1.21779
0.887344 2.72686 1.41257
0.887446 2.72742 1.60746
0.887481 2.7277 1.80246
0.87985 2.86725 -1.84354
0.880447 2.87147 -1.65591
0.88101 2.87569 -1.46768
0.881573 2.87968 -1.2789
0.8821 2.88356 -1.08955
0.882628 2.88742 -0.899655
0.88312 2.89091 -0.709235
0.883581 2.8944 -0.518297
0.884034 2.89763 -0.326872
0.884456 2.90073 -0.134977
0.884843 2.90354 0.0573603
0.885195 2.90607 0.250114
0.885511 2.90832 0.443252
0.885793 2.91057 0.636732
0.886042 2.91226 0.830525
0.886253 2.91392 1.0246
0.886426 2.91507 1.21886
0.886566 2.91597 1.41336
0.88664 2.91673 1.60795
0.886697 2.91704 1.8026
0.879287 3.05489 -1.83913
0.879867 3.05939 -1.65162
0.880412 3.06362 -1.46352
0.880971 3.06775 -1.27488
0.881481 3.07177 -1.08567
0.881991 3.07552 -0.895942
0.882452 3.0792 -0.70569
0.882909 3.08275 -0.514942
0.883335 3.08601 -0.323713
0.883753 3.08905 -0.132029
0.884108 3.09197 0.0600841
0.884456 3.09456 0.252597
0.884773 3.09687 0.44548
0.885051 3.09906 0.638698
0.885279 3.10081 0.832213
0.885476 3.10244 1.02598
0.885652 3.10359 1.21998
0.885758 3.10469 1.41414
0.88586 3.10525 1.60843
0.885898 3.10553 1.80274
0.878721 3.24197 -1.83462
0.879273 3.24647 -1.64721
0.879814 3.25091 -1.45928
0.880342 3.25516 -1.27076
0.880834 3.25913 -1.08172
0.881327 3.26307 -0.892151
0.881784 3.26675 -0.702082
0.882237 3.27038 -0.511524
0.882638 3.27376 -0.320502
0.883025 3.27685 -0.129037
0.883391 3.27967 0.0628428
0.883718 3.28242 0.25511
0.884006 3.28473 0.447736
0.884281 3.28698 0.640681
0.884499 3.28867 0.833912
0.884703 3.29036 1.02738
0.884843 3.29148 1.2211
0.884977 3.29258 1.41491
0.885054 3.29317 1.60886
0.885089 3.29345 1.80288
0.878126 3.42847 -1.82998
0.878654 3.43298 -1.64272
0.879181 3.43748 -1.45492
0.879709 3.44187 -1.26656
0.880198 3.44592 -1.07768
0.880658 3.45 -0.888293
0.881116 3.4538 -0.69841
0.881538 3.45745 -0.508056
0.881924 3.46083 -0.317245
0.882311 3.46392 -0.126009
0.882656 3.46685 0.0656326
0.882972 3.46955 0.257648
0.883261 3.47197 0.450007
0.883507 3.47405 0.642675
0.883718 3.47602 0.835624
0.883904 3.47748 1.02881
0.884066 3.47884 1.22216
0.884175 3.47968 1.4157
0.884245 3.48038 1.60935
0.884281 3.48075 1.8031
0.877493 3.61436 -1.82524
0.878028 3.61895 -1.63813
0.878548 3.62362 -1.45046
0.879041 3.62792 -1.26227
0.879533 3.63214 -1.07358
0.87999 3.63633 -0.884368
0.880412 3.64007 -0.694686
0.880834 3.6437 -0.50454
0.881221 3.64719 -0.31395
0.881573 3.65043 -0.122945
0.881903 3.6533 0.0684497
0.882206 3.65606 0.260208
0.882487 3.65853 0.452297
0.882733 3.66058 0.644687
0.882944 3.66253 0.83734
0.88312 3.6641 1.03024
0.883261 3.66534 1.22328
0.883366 3.6663 1.41653
0.883437 3.66703 1.60985
0.883472 3.66731 1.80324
0.876889 3.79951 -1.8204
0.877388 3.80429 -1.63344
0.877908 3.80907 -1.44594
0.878373 3.81358 -1.25792
0.878847 3.8178 -1.0694
0.879287 3.82193 -0.880387
0.879709 3.82579 -0.690909
0.880103 3.82953 -0.500977
0.880483 3.83299 -0.310615
0.880834 3.83614 -0.119852
0.881151 3.83918 0.0712916
0.881443 3.84196 0.262786
0.881713 3.8443 0.454602
0.881953 3.84649 0.646709
0.882142 3.84846 0.839071
0.882311 3.84993 1.03165
0.882452 3.85128 1.22441
0.882557 3.85215 1.4173
0.882628 3.85288 1.61034
0.882663 3.85325 1.80338
0.876252 3.98432 -1.81547
0.876755 3.9891 -1.62867
0.877247 3.99389 -1.44134
0.877704 3.99839 -1.2535
0.878162 4.00272 -1.06517
0.878584 4.00683 -0.876357
0.879006 4.01077 -0.687087
0.879392 4.01459 -0.497376
0.879744 4.01808 -0.307251
0.880096 4.02137 -0.116732
0.880398 4.02427 0.0741555
0.880687 4.02708 0.265384
0.88094 4.02961 0.456921
0.881151 4.03172 0.648738
0.881362 4.03355 0.840801
0.88152 4.03524 1.03306
0.881643 4.03645 1.22553
0.881749 4.03749 1.41814
0.881819 4.03805 1.61083
0.881854 4.03834 1.80352
1.07391 2.30027 -1.85515
1.07482 2.30413 -1.66724
1.07566 2.30787 -1.47871
1.07651 2.31153 -1.2896
1.07733 2.31499 -1.09988
1.07813 2.31853 -0.909593
1.07886 2.32166 -0.71874
1.0796 2.32489 -0.527342
1.08029 2.32785 -0.335411
1.08094 2.33066 -0.142974
1.08152 2.33339 0.0499503
1.08207 2.33572 0.243332
1.08263 2.33797 0.43714
1.08305 2.33994 0.631337
1.08347 2.34163 0.825883
1.08382 2.34326 1.02075
1.08408 2.34444 1.21583
1.08428 2.34529 1.41118
1.08442 2.34585 1.60661
1.08449 2.34613 1.80218
1.0732 2.48967 -1.8512
1.07405 2.49361 -1.66337
1.07489 2.49755 -1.47494
1.07574 2.5012 -1.28593
1.07651 2.50486 -1.09634
1.07728 2.50852 -0.906179
1.07799 2.5119 -0.71547
1.07869 2.51505 -0.524226
1.07939 2.51808 -0.332464
1.08003 2.52115 -0.140208
1.08059 2.52371 0.0525184
1.08113 2.52624 0.245686
1.08161 2.52849 0.439264
1.08207 2.53046 0.633215
1.08242 2.53232 0.827501
1.08277 2.53384 1.02209
1.08299 2.53496 1.21688
1.08319 2.53586 1.41192
1.08333 2.5366 1.6071
1.0834 2.53693 1.80232
1.07249 2.67846 -1.84707
1.07332 2.68243 -1.65935
1.07412 2.68662 -1.47104
1.07491 2.69048 -1.28214
1.07566 2.69422 -1.09269
1.07644 2.69788 -0.902662
1.07714 2.70126 -0.712108
1.07782 2.70463 -0.521026
1.07848 2.70773 -0.329443
1.07904 2.71082 -0.137379
1.0796 2.71358 0.0551385
1.08012 2.71611 0.248084
1.08059 2.71842 0.441423
1.08101 2.72039 0.635121
1.08136 2.72213 0.829147
1.08169 2.72376 1.02342
1.08192 2.72489 1.21799
1.08214 2.72579 1.41268
1.08226 2.72652 1.60753
1.0823 2.72686 1.80246
1.07173 2.86666 -1.84283
1.0725 2.8709 -1.65521
1.07334 2.87501 -1.46701
1.07412 2.87906 -1.27824
1.07482 2.88295 -1.08892
1.07555 2.88666 -0.89905
1.07623 2.89023 -0.708658
1.0769 2.89366 -0.517752
1.07749 2.89679 -0.326359
1.07809 2.89988 -0.134497
1.07862 2.9027 0.0578044
1.07911 2.90523 0.250519
1.07958 2.90748 0.443612
1.07996 2.90959 0.637056
1.08031 2.91142 0.830803
1.08059 2.91285 1.02483
1.08087 2.91423 1.21906
1.08101 2.91507 1.41348
1.08115 2.91564 1.60802
1.08122 2.91597 1.8026
1.0709 3.05424 -1.83844
1.07173 3.05855 -1.65094
1.0725 3.06277 -1.46288
1.07325 3.06699 -1.27424
1.07398 3.07093 -1.08506
1.07468 3.07484 -0.895354
1.07531 3.07847 -0.705131
1.07595 3.0819 -0.514415
1.07657 3.08519 -0.323215
1.07712 3.0882 -0.131565
1.07763 3.09107 0.0605112
1.07813 3.09372 0.252987
1.07855 3.09597 0.445831
1.0789 3.09816 0.639007
1.07925 3.09991 0.832477
1.07953 3.10151 1.02621
1.07974 3.10272 1.22012
1.07993 3.10359 1.41428
1.08003 3.1043 1.60851
1.0801 3.10466 1.80281
1.07011 3.24124 -1.83393
1.07088 3.24574 -1.64657
1.07166 3.25013 -1.45863
1.07236 3.25435 -1.27014
1.07306 3.25834 -1.08112
1.07377 3.26222 -0.891584
1.0744 3.26599 -0.701544
1.07502 3.26954 -0.51101
1.07559 3.27292 -0.320022
1.0761 3.27601 -0.128591
1.07661 3.27882 0.0632538
1.07707 3.28147 0.255484
1.07749 3.28389 0.44807
1.07785 3.28594 0.640977
1.07818 3.28783 0.834165
1.07841 3.28935 1.02759
1.07865 3.29064 1.22124
1.07883 3.29148 1.41505
1.0789 3.29219 1.60893
1.07897 3.29255 1.80295
1.06926 3.42763 -1.82932
1.07004 3.43238 -1.64208
1.07074 3.43678 -1.45429
1.07147 3.44114 -1.26597
1.07215 3.44522 -1.07711
1.07282 3.44924 -0.887744
1.07341 3.45295 -0.697886
1.07405 3.45661 -0.507564
1.07461 3.45999 -0.316783
1.0751 3.46308 -0.125578
1.07559 3.46589 0.0660284
1.07602 3.46871 0.258008
1.07644 3.47096 0.450327
1.07679 3.47321 0.64296
1.07707 3.47501 0.835863
1.07735 3.47658 1.02898
1.07756 3.47782 1.22236
1.0777 3.47884 1.41583
1.0778 3.4794 1.60943
1.07785 3.47968 1.8031
1.06842 3.61357 -1.8246
1.06917 3.61835 -1.63749
1.0699 3.62286 -1.44987
1.07059 3.62716 -1.2617
1.07123 3.63138 -1.07301
1.07187 3.63552 -0.883837
1.0725 3.63923 -0.69418
1.07306 3.64283 -0.504062
1.07358 3.64629 -0.313504
1.0741 3.64958 -0.12253
1.07454 3.6524 0.0688313
1.07496 3.65521 0.260553
1.07538 3.65752 0.452606
1.07569 3.65971 0.644958
1.07601 3.6616 0.837573
1.07623 3.66309 1.03041
1.07644 3.66444 1.22342
1.07658 3.66534 1.4166
1.07668 3.6659 1.60992
1.07672 3.66627 1.80324
1.06758 3.79883 -1.81977
1.06828 3.80365 -1.63283
1.06898 3.80823 -1.44535
1.06964 3.81273 -1.25736
1.07032 3.81695 -1.06886
1.07089 3.82112 -0.879874
1.07152 3.82494 -0.690417
1.07208 3.82866 -0.500513
1.07257 3.83215 -0.310188
1.07306 3.83524 -0.119451
1.07348 3.83833 0.0716599
1.07391 3.84095 0.26312
1.07426 3.8434 0.454899
1.07461 3.84565 0.646969
1.07489 3.84742 0.839289
1.0751 3.84903 1.03184
1.07531 3.85029 1.22455
1.07545 3.85128 1.41744
1.07556 3.85184 1.61041
1.07559 3.85212 1.8034
1.06666 3.98348 -1.81486
1.06737 3.98826 -1.62808
1.06807 3.99304 -1.44077
1.0687 3.99754 -1.25295
1.06933 4.00193 -1.06464
1.06995 4.00598 -0.875854
1.07053 4.00992 -0.686608
1.07102 4.01369 -0.496933
1.07155 4.01724 -0.306834
1.07201 4.02042 -0.116344
1.07243 4.02343 0.0745113
1.07285 4.02624 0.265705
1.0732 4.0286 0.45721
1.07351 4.03074 0.648991
1.07377 4.03271 0.841015
1.07403 4.03423 1.03327
1.07419 4.03552 1.22567
1.07433 4.03645 1.41822
1.07442 4.03715 1.61083
1.07447 4.03749 1.80359
1.26624 2.29943 -1.85414
1.26737 2.30337 -1.66625
1.26849 2.30703 -1.47774
1.26955 2.31068 -1.28864
1.2706 2.31406 -1.09897
1.27159 2.31744 -0.908714
1.27257 2.32081 -0.717896
1.27348 2.32391 -0.52654
1.27435 2.32692 -0.334651
1.27517 2.32967 -0.142259
1.27595 2.33235 0.0506138
1.27665 2.3346 0.24394
1.27731 2.33685 0.43769
1.27792 2.33882 0.631823
1.27841 2.34051 0.826305
1.27883 2.34191 1.0211
1.27918 2.34323 1.21611
1.27946 2.34416 1.41135
1.2796 2.34473 1.60675
1.27971 2.34501 1.80218
1.26533 2.48883 -1.8502
1.26645 2.49276 -1.66239
1.26751 2.4967 -1.474
1.26856 2.50036 -1.28502
1.26955 2.50402 -1.09545
1.27053 2.50748 -0.905328
1.27147 2.51083 -0.714654
1.27236 2.51415 -0.523449
1.2732 2.51721 -0.331731
1.274 2.52005 -0.139522
1.27475 2.52259 0.0531548
1.27545 2.52512 0.246269
1.27604 2.52737 0.43979
1.27659 2.52934 0.63368
1.27707 2.53103 0.827902
1.27749 2.53263 1.02244
1.27785 2.53384 1.21716
1.27806 2.53468 1.4121
1.27827 2.53525 1.60717
1.27834 2.53553 1.80239
1.26441 2.67759 -1.84612
1.26547 2.68156 -1.6584
1.26652 2.68561 -1.47012
1.26751 2.68944 -1.28125
1.26849 2.69332 -1.09181
1.26948 2.69684 -0.901839
1.27037 2.70041 -0.711316
1.27123 2.70362 -0.520273
1.27203 2.70677 -0.328736
1.27278 2.7097 -0.13672
1.27351 2.71248 0.0557496
1.27419 2.71496 0.248642
1.27475 2.71727 0.441928
1.27531 2.71926 0.635568
1.27574 2.72095 0.829526
1.27616 2.72247 1.02377
1.27644 2.72376 1.21822
1.27672 2.72461 1.41287
1.27686 2.72517 1.60767
1.27693 2.72545 1.80253
1.26343 2.86567 -1.84188
1.26448 2.86998 -1.65429
1.26547 2.874 -1.46612
1.26645 2.87799 -1.27738
1.26744 2.88188 -1.08809
1.26835 2.88553 -0.898256
1.26919 2.88919 -0.707895
1.27004 2.89257 -0.517031
1.27082 2.89566 -0.325677
1.27159 2.89876 -0.133862
1.27227 2.90157 0.058392
1.27289 2.9041 0.251055
1.27347 2.90635 0.444096
1.27398 2.90832 0.637478
1.2744 2.91024 0.831165
1.27477 2.9117 1.02511
1.2751 2.91282 1.21927
1.27531 2.91389 1.41365
1.27545 2.91451 1.60809
1.27552 2.91479 1.80267
1.26242 3.0532 -1.83752
1.26343 3.0577 -1.65004
1.26441 3.06192 -1.462
1.2654 3.06598 -1.2734
1.26631 3.06995 -1.08426
1.26721 3.07374 -0.894581
1.26807 3.0774 -0.704392
1.26884 3.08078 -0.513711
1.26962 3.08412 -0.322557
1.27032 3.08708 -0.130953
1.27097 3.08989 0.0610761
1.27159 3.09256 0.253502
1.27215 3.09484 0.446294
1.27264 3.09684 0.639412
1.27306 3.09878 0.832825
1.27341 3.10019 1.02651
1.2737 3.10148 1.22039
1.27391 3.10244 1.41442
1.27405 3.103 1.60858
1.27412 3.10328 1.80281
1.26139 3.24028 -1.83304
1.26237 3.24478 -1.64569
1.26336 3.24911 -1.45778
1.26427 3.25328 -1.26933
1.26519 3.25744 -1.08033
1.26603 3.26124 -0.890835
1.26687 3.26501 -0.700826
1.26765 3.26841 -0.510339
1.26835 3.27179 -0.319389
1.26905 3.27488 -0.128002
1.26969 3.2777 0.0637977
1.27026 3.28023 0.255979
1.27081 3.28273 0.448513
1.27126 3.28473 0.641364
1.27166 3.28662 0.834499
1.27201 3.28811 1.02785
1.27229 3.28932 1.22145
1.2725 3.29036 1.41519
1.27264 3.29092 1.60907
1.27271 3.2912 1.80295
1.26033 3.42679 -1.82844
1.26129 3.43129 -1.64122
1.26223 3.43579 -1.45346
1.26315 3.44001 -1.26516
1.26399 3.44423 -1.07634
1.26483 3.44817 -0.887013
1.26564 3.45183 -0.697197
1.26638 3.45548 -0.506907
1.26708 3.45886 -0.316171
1.26779 3.46196 -0.125009
1.26838 3.46477 0.0665524
1.26893 3.46744 0.258484
1.26946 3.46983 0.450755
1.2699 3.47197 0.643333
1.27029 3.47377 0.836187
1.2706 3.47535 1.02926
1.27088 3.47658 1.22256
1.27109 3.47746 1.41597
1.27123 3.47816 1.6095
1.27129 3.47853 1.8031
1.25921 3.61259 -1.82373
1.26019 3.61723 -1.63666
1.26111 3.62173 -1.44906
1.26195 3.62623 -1.26092
1.26281 3.63042 -1.07227
1.26364 3.63439 -0.88313
1.26441 3.63816 -0.693505
1.26511 3.64171 -0.503429
1.26582 3.64511 -0.312911
1.26645 3.64837 -0.12198
1.26708 3.65127 0.0693369
1.26758 3.65392 0.261013
1.26807 3.65634 0.453018
1.2685 3.6585 0.64532
1.26891 3.66028 0.837879
1.26919 3.66194 1.03067
1.26948 3.66309 1.22363
1.26966 3.66407 1.41674
1.26976 3.66478 1.60999
1.26983 3.66506 1.80331
1.2581 3.79782 -1.81893
1.25906 3.8026 -1.63202
1.25991 3.80711 -1.44457
1.2608 3.81161 -1.2566
1.2616 3.81583 -1.06814
1.26241 3.82005 -0.879185
1.26315 3.82382 -0.68977
1.26385 3.82748 -0.499901
1.26455 3.83099 -0.309613
1.26516 3.83411 -0.118919
1.26575 3.8371 0.0721481
1.26624 3.83974 0.263564
1.26673 3.84227 0.455297
1.26715 3.8443 0.647317
1.26751 3.84621 0.839588
1.26779 3.84776 1.03207
1.26805 3.84903 1.22476
1.26821 3.84993 1.41758
1.26835 3.85063 1.61048
1.26842 3.85099 1.80345
1.25696 3.98235 -1.81405
1.25787 3.98733 -1.62728
1.25877 3.99192 -1.44001
1.25959 3.99642 -1.25222
1.2604 4.00089 -1.06394
1.26118 4.00486 -0.87519
1.26188 4.0088 -0.685979
1.26258 4.01251 -0.496335
1.26322 4.01611 -0.306277
1.26384 4.01921 -0.115829
1.26438 4.0223 0.0749829
1.2649 4.02492 0.266131
1.26533 4.02736 0.457589
1.26575 4.02961 0.649325
1.2661 4.03136 0.841304
1.26638 4.03299 1.03348
1.26659 4.03423 1.22586
1.2668 4.03524 1.41836
1.26689 4.0358 1.61097
1.26694 4.03609 1.80359
