874 0.1
-2.7451 0.30889 -1.96071
-2.80725 0.308274 -2.70521
-2.80732 0.308272 -2.7051
-2.84967 0.299143 -2.6133
-2.75368 0.311945 -1.9429
0.228928 0.346328 -2.83043
-2.80733 0.308271 -2.7051
-2.82665 0.309599 -2.58077
-2.85046 0.287349 -2.63553
-2.84354 0.29296 -2.6234
-2.84354 0.29296 -2.6234
-0.793912 0.312271 -1.83214
-2.84354 0.29296 -2.6234
-2.33652 0.318458 -2.65579
-1.86351 0.30949 -2.18986
-0.936635 0.300388 -2.58928
-0.659516 0.284202 -1.91378
-2.33383 0.309344 -2.61369
-2.3301 0.302556 -2.44216
-2.80761 0.308255 -2.70469
-2.32966 0.301151 -2.46229
-0.385805 0.299142 -2.51968
-2.80748 0.308262 -2.70489
0.258231 0.302856 -2.63517
-2.84355 0.292953 -2.62341
-2.83059 0.30426 -2.59729
0.25816 0.302823 -2.63502
-2.84354 0.29296 -2.6234
-2.84355 0.292953 -2.62341
-1.91065 0.297073 -1.83675
-2.38767 0.299045 -2.20552
-2.84355 0.292953 -2.62341
-2.80821 0.308216 -2.7038
-2.84354 0.29296 -2.6234
-2.8072 0.308277 -2.70528
-0.385805 0.299142 -2.51968
-2.84354 0.29296 -2.6234
-2.84354 0.29296 -2.6234
0.258163 0.302824 -2.63503
-0.395668 0.295645 -2.51289
-1.51812 0.150276 -2.71971
-2.84354 0.29296 -2.6234
-2.84354 0.29296 -2.6234
-2.84354 0.29296 -2.6234
-2.84355 0.292953 -2.62341
-2.33413 0.285772 -2.54085
0.258231 0.302856 -2.63517
-2.03591 0.299869 -2.71793
0.25816 0.302823 -2.63502
-2.84227 0.295268 -2.62004
-2.28583 0.315238 -2.65829
-2.80829 0.308209 -2.70369
-2.84354 0.29296 -2.6234
0.25816 0.302823 -2.63502
0.258552 0.344748 -2.78007
-2.75104 0.294587 -2.77196
-0.205252 0.309167 -2.59531
-0.535765 0.293541 -2.56614
-2.04674 0.150242 -1.45834
-2.84815 0.291815 -2.63014
-2.16278 0.303433 -1.67553
-2.84354 0.29296 -2.6234
0.258163 0.302824 -2.63503
-2.84355 0.292953 -2.62341
-2.84354 0.29296 -2.6234
-2.83917 0.295719 -2.67541
-0.535765 0.293541 -2.56614
-0.652135 0.28292 -1.91687
0.245766 0.336592 -2.79002
-0.427925 0.293521 -2.50535
-2.36317 0.297227 -2.76629
-2.67182 0.150594 0.00246702
0.258326 0.302903 -2.63537
-2.85048 0.302295 -2.6062
-0.385805 0.299142 -2.51968
-2.84969 0.298752 -2.61419
-0.564663 0.304908 -2.59333
-0.535329 0.293321 -2.5657
-2.36341 0.296686 -2.7681
-0.535765 0.293541 -2.56614
0.248232 0.342797 -2.79693
-2.67182 0.150594 0.00246702
-2.83459 0.298512 -2.68507
0.258326 0.302903 -2.63537
-0.385805 0.299142 -2.51968
-0.385805 0.299142 -2.51968
-2.03738 0.292752 -2.73827
-0.427908 0.293521 -2.50536
-0.495208 0.288531 -2.51682
-2.04674 0.150242 -1.45834
-2.67182 0.150594 0.00246702
-2.84354 0.29296 -2.6234
-2.84354 0.29296 -2.6234
0.229993 0.346442 -2.83002
-0.949147 0.301191 -2.58582
-0.385805 0.299142 -2.51968
-2.36337 0.29693 -2.76722
-2.83323 0.298988 -2.68261
0.258351 0.302915 -2.63541
-2.36306 0.297154 -2.76659
-2.33156 0.302035 -2.4074
-2.67182 0.150594 0.00246702
0.231007 0.345906 -2.82705
-2.84354 0.29296 -2.6234
-0.566053 0.305295 -2.59432
-2.84355 0.292953 -2.62341
-0.535338 0.293326 -2.56571
-0.144296 0.305618 -1.63625
0.258351 0.302915 -2.63541
-0.494852 0.288628 -2.51673
-0.385805 0.299142 -2.51968
-0.385805 0.299142 -2.51968
-0.89295 0.317638 -1.50003
-0.679627 0.283119 -2.6384
-2.37437 0.302866 -2.29426
-2.67182 0.150594 0.00246702
0.231023 0.345961 -2.82712
-2.84355 0.292953 -2.62341
-2.84354 0.29296 -2.6234
-2.84355 0.292953 -2.62341
-0.385805 0.299142 -2.51968
-2.84355 0.292953 -2.62341
0.258351 0.302915 -2.63541
-0.535765 0.293541 -2.56614
0.24556 0.336505 -2.79026
0.258163 0.302824 -2.63503
-0.812828 0.307392 -1.79315
-2.84354 0.29296 -2.6234
-2.84354 0.29296 -2.6234
-0.385805 0.299142 -2.51968
-0.385805 0.299142 -2.51968
-0.847448 0.294655 -2.12995
-0.385805 0.299142 -2.51968
-0.535765 0.293541 -2.56614
-0.535338 0.293326 -2.56571
-0.535765 0.293541 -2.56614
-1.88156 0.300735 -2.77453
0.247255 0.337468 -2.78872
-2.84354 0.29296 -2.6234
-2.84354 0.29296 -2.6234
-2.84355 0.292953 -2.62341
-2.84355 0.292953 -2.62341
-0.385805 0.299142 -2.51968
-1.00822 0.150231 -1.56753
-0.385805 0.299142 -2.51968
0.2016 0.301745 -2.56142
-0.385805 0.299142 -2.51968
-0.535765 0.293541 -2.56614
0.258192 0.302838 -2.63509
-1.88131 0.300719 -2.77453
-0.427889 0.29352 -2.50536
-2.04674 0.150242 -1.45834
-0.385805 0.299142 -2.51968
-2.84354 0.29296 -2.6234
-2.85032 0.301459 -2.6084
-0.385805 0.299142 -2.51968
-0.385805 0.299142 -2.51968
-0.385805 0.299142 -2.51968
-0.71776 0.311931 -1.48739
-0.53533 0.293322 -2.5657
-0.535765 0.293541 -2.56614
-0.535765 0.293541 -2.56614
0.698564 0.450035 -1.37377
0.245371 0.336441 -2.7905
-0.496045 0.309979 -0.841064
-2.04674 0.150242 -1.45834
-0.712398 0.311328 -1.4876
-2.84966 0.299434 -2.61262
0.25816 0.302823 -2.63502
-2.84354 0.29296 -2.6234
-0.981077 0.31401 -2.54921
-2.84967 0.298821 -2.61404
-0.385805 0.299142 -2.51968
-2.84355 0.292953 -2.62341
-0.666324 0.30717 -1.50307
-0.530615 0.290915 -2.56048
-0.535765 0.293541 -2.56614
0.220863 0.326735 -2.82046
-0.427903 0.293521 -2.50536
-0.622732 0.471669 -1.00987
-1.29866 0.150219 -1.87154
-0.58157 0.299697 -1.10683
-2.8074 0.308267 -2.705
0.25816 0.302823 -2.63502
-2.84355 0.292953 -2.62341
-0.841636 0.292945 -1.73922
-2.84355 0.292953 -2.62341
-0.804307 0.309542 -2.18297
-0.796912 0.314405 -1.52816
-0.725398 0.312749 -1.48758
0.260223 0.321446 -2.7413
-0.492588 0.289249 -2.51605
-0.541968 0.308958 -1.11693
-0.661507 0.307428 -1.50891
-2.04674 0.150242 -1.45834
-2.36726 0.309664 -2.29638
-2.84354 0.29296 -2.6234
-2.84355 0.292953 -2.62341
-0.508953 0.287259 -2.51389
-0.975379 0.310853 -2.53357
-2.29964 0.318029 -2.66501
-2.80715 0.308279 -2.70537
-0.533987 0.292646 -2.56423
-0.780108 0.315632 -1.50674
-2.83134 0.299188 -2.68999
-0.625467 0.301478 -1.09928
-0.922945 0.291438 -1.96707
-2.80718 0.308277 -2.70532
-2.84354 0.29296 -2.6234
-2.85065 0.300296 -2.61066
-0.535329 0.293321 -2.5657
-0.765927 0.31574 -1.49791
-0.351728 0.31226 -2.54504
-0.535765 0.293541 -2.56614
-0.535765 0.293541 -2.56614
0.245717 0.336573 -2.79008
-2.37347 0.302638 -2.29661
-2.04674 0.150242 -1.45834
-0.810027 0.308245 -1.56501
-0.922779 0.291467 -1.96703
-2.84354 0.29296 -2.6234
0.230926 0.345698 -2.82684
-0.444515 0.296779 -2.50947
-0.535338 0.293326 -2.56571
-0.535765 0.293541 -2.56614
-0.535702 0.293509 -2.56608
0.239844 0.339396 -2.80502
-0.838988 0.294221 -2.09856
0.245519 0.336492 -2.79031
-0.810025 0.308217 -1.56518
0.25816 0.302823 -2.63502
-2.04674 0.150242 -1.45834
0.262313 0.304994 -2.64448
-2.84354 0.29296 -2.6234
-1.92923 0.294174 -1.83043
-0.535329 0.293321 -2.5657
-0.535329 0.293321 -2.5657
-0.385805 0.299142 -2.51968
-0.804406 0.311173 -1.55666
-2.04674 0.150242 -1.45834
-2.80832 0.308205 -2.70367
0.228926 0.346385 -2.83043
0.257176 0.321303 -2.74889
-2.84354 0.29296 -2.6234
-0.385805 0.299142 -2.51968
-0.385805 0.299142 -2.51968
-0.385805 0.299142 -2.51968
-0.385805 0.299142 -2.51968
-0.535765 0.293541 -2.56614
-1.88083 0.300836 -2.77385
-0.892112 0.317643 -1.49967
-0.515172 0.283702 -2.54137
-2.04674 0.150242 -1.45834
-0.385805 0.299142 -2.51968
-1.29866 0.150219 -1.87154
-0.385805 0.299142 -2.51968
-2.85048 0.301879 -2.60712
-0.847798 0.295734 -2.13326
-0.847708 0.29528 -2.13194
-0.385805 0.299142 -2.51968
-2.84355 0.292953 -2.62341
-0.385805 0.299142 -2.51968
-0.385805 0.299142 -2.51968
-0.535329 0.293321 -2.5657
-0.535338 0.293326 -2.56571
-0.535765 0.293541 -2.56614
0.245371 0.336441 -2.7905
0.245454 0.336465 -2.79039
-0.810025 0.308217 -1.56518
-0.976741 0.311882 -2.53833
-0.385805 0.299142 -2.51968
-2.84354 0.29296 -2.6234
-0.385805 0.299142 -2.51968
-0.385805 0.299142 -2.51968
0.259271 0.303362 -2.63737
-0.385805 0.299142 -2.51968
-0.535338 0.293326 -2.56571
-2.84438 0.30261 -2.60604
-0.535338 0.293326 -2.56571
-2.37037 0.303292 -2.30482
0.245392 0.336448 -2.79048
-1.05722 0.319929 -1.39692
0.245836 0.336727 -2.79012
0.0709478 0.229454 -1.7448
-0.803036 0.310744 -1.8119
-0.385805 0.299142 -2.51968
-0.593956 0.408564 -0.989701
-0.385805 0.299142 -2.51968
-0.385805 0.299142 -2.51968
-0.535699 0.293507 -2.56608
-0.385805 0.299142 -2.51968
-0.511328 0.283959 -2.52298
-0.535329 0.293321 -2.5657
-0.553294 0.30123 -2.58363
-0.541253 0.296192 -2.57195
-0.174025 0.335915 -1.34549
-0.228844 0.311838 -2.61069
-2.83142 0.304841 -2.5972
-2.84354 0.29296 -2.6234
-0.385805 0.299142 -2.51968
-0.385805 0.299142 -2.51968
-0.385805 0.299142 -2.51968
-0.385805 0.299142 -2.51968
-0.446965 0.296836 -2.50978
-1.22505 0.286317 -1.89012
-0.535338 0.293326 -2.56571
-0.723066 0.31249 -1.48745
-2.36341 0.296686 -2.7681
0.245424 0.336512 -2.79053
0.225188 0.340711 -2.82698
-2.83444 0.304761 -2.59905
0.245697 0.336565 -2.7901
-0.427903 0.293521 -2.50536
-2.84354 0.29296 -2.6234
-2.84355 0.292953 -2.62341
0.286432 0.339176 -2.69546
-0.385805 0.299142 -2.51968
-0.385805 0.299142 -2.51968
0.0557764 0.15021 -1.70166
-0.385805 0.299142 -2.51968
-0.535765 0.293541 -2.56614
-1.72915 0.203968 -1.26504
-1.29866 0.150219 -1.87154
-0.714899 0.292719 -2.3131
-0.64123 0.150228 -1.67683
-1.29866 0.150219 -1.87154
-0.385805 0.299142 -2.51968
-0.385805 0.299142 -2.51968
-0.535329 0.293321 -2.5657
-0.535765 0.293541 -2.56614
-0.541717 0.296406 -2.57242
-1.29866 0.150219 -1.87154
-0.64123 0.150228 -1.67683
-0.415598 0.297806 -1.693
-0.64123 0.150228 -1.67683
-0.977229 0.313726 -2.56322
0.285782 0.3412 -2.70466
-0.932921 0.297718 -1.96549
-0.385805 0.299142 -2.51968
-0.385805 0.299142 -2.51968
-0.535329 0.293321 -2.5657
-0.535338 0.293326 -2.56571
-0.385805 0.299142 -2.51968
-1.05722 0.319929 -1.39692
0.245393 0.336449 -2.79048
-0.505125 0.283734 -2.52645
-1.29866 0.150219 -1.87154
-0.64123 0.150228 -1.67683
0.071821 0.244403 -1.75939
-0.385805 0.299142 -2.51968
-0.385805 0.299142 -2.51968
0.255152 0.336204 -2.77169
-0.962218 0.309265 -2.57186
-0.975165 0.310607 -2.53238
-0.385805 0.299142 -2.51968
-1.05722 0.319929 -1.39692
-2.36235 0.298442 -2.76279
-0.490596 0.320713 -1.63637
-0.64123 0.150228 -1.67683
-2.34407 0.299616 -2.7745
-0.385805 0.299142 -2.51968
-0.385805 0.299142 -2.51968
-0.385805 0.299142 -2.51968
-0.535329 0.293321 -2.5657
-0.962164 0.309242 -2.57193
-0.81523 0.29434 -2.01776
-0.538772 0.295019 -2.56938
0.245345 0.336455 -2.79058
-1.29866 0.150219 -1.87154
-0.385805 0.299142 -2.51968
-0.385805 0.299142 -2.51968
-1.29866 0.150219 -1.87154
-2.80778 0.308244 -2.70444
-2.85048 0.302158 -2.60663
-0.385805 0.299142 -2.51968
-0.385805 0.299142 -2.51968
-0.385805 0.299142 -2.51968
-0.911022 0.30321 -2.07368
0.245404 0.336456 -2.79047
-0.427885 0.293519 -2.50536
-0.976122 0.313018 -2.54936
0.199866 0.303962 -2.55903
-0.385805 0.299142 -2.51968
0.189628 0.307863 -2.54807
-0.807776 0.308353 -1.56824
0.254677 0.343135 -2.7906
-0.385805 0.299142 -2.51968
-0.385805 0.299142 -2.51968
-0.385805 0.299142 -2.51968
-2.83407 0.304829 -2.59872
-1.29866 0.150219 -1.87154
0.245404 0.336456 -2.79047
-0.641227 0.150228 -1.67683
-0.452183 0.290345 -1.73508
-0.641194 0.150228 -1.67684
-1.00822 0.150231 -1.56753
-2.84354 0.29296 -2.6234
-0.499032 0.288273 -2.53132
-0.810163 0.308445 -1.79802
-0.385805 0.299142 -2.51968
0.25085 0.342273 -2.7988
-0.641194 0.150228 -1.67684
-0.509789 0.284603 -2.53854
-0.385805 0.299142 -2.51968
-0.385805 0.299142 -2.51968
-0.892871 0.298918 -2.52057
-1.48152 0.285919 -2.05213
-1.29866 0.150219 -1.87154
-0.641226 0.150228 -1.67683
0.473979 0.574342 -1.32264
-2.84354 0.29296 -2.6234
-0.705157 0.310473 -1.48816
-0.385805 0.299142 -2.51968
-0.385805 0.299142 -2.51968
0.191744 0.307738 -2.55027
1.17286 0.31744 -2.64867
-0.359941 0.307958 -2.53822
-0.385805 0.299142 -2.51968
-0.385805 0.299142 -2.51968
-0.360237 0.307866 -2.53797
0.24538 0.336443 -2.79049
0.245572 0.336514 -2.79025
-1.05722 0.319929 -1.39692
0.0557806 0.15021 -1.70166
-0.385805 0.299142 -2.51968
0.286669 0.335185 -2.67516
-0.385805 0.299142 -2.51968
-2.84354 0.29296 -2.6234
-0.385805 0.299142 -2.51968
0.251682 0.342477 -2.79705
-0.796458 0.314402 -1.52561
-0.510438 0.284567 -2.53923
-0.679411 0.283133 -2.63852
-0.871827 0.150293 -0.49263
-0.385805 0.299142 -2.51968
-0.777811 0.315738 -1.50524
-0.702114 0.313507 -1.4952
-1.29866 0.150219 -1.87154
-0.64123 0.150228 -1.67683
-0.69795 0.150233 -1.94102
-0.385805 0.299142 -2.51968
0.224019 0.339843 -2.82746
1.73765 0.284142 -2.2226
-0.385805 0.299142 -2.51968
0.194849 0.305125 -2.55337
-0.385805 0.299142 -2.51968
-0.385805 0.299142 -2.51968
-0.958861 0.30697 -2.57978
-0.768241 0.301549 -2.51711
-1.29866 0.150219 -1.87154
-0.734333 0.291876 -2.30821
0.251137 0.342345 -2.79821
-0.385805 0.299142 -2.51968
-0.385805 0.299142 -2.51968
-0.385805 0.299142 -2.51968
-0.976391 0.312529 -2.54382
-0.385805 0.299142 -2.51968
-0.543601 0.298405 -2.54285
-1.29866 0.150219 -1.87154
-1.29866 0.150219 -1.87154
0.245482 0.336476 -2.79035
-2.36243 0.298476 -2.76264
-0.385805 0.299142 -2.51968
-0.385805 0.299142 -2.51968
0.189628 0.307863 -2.54807
-0.385805 0.299142 -2.51968
-0.385805 0.299142 -2.51968
-0.843022 0.292801 -1.73626
-0.793323 0.312304 -1.8338
-1.05722 0.319929 -1.39692
-0.800079 0.313546 -1.54311
-1.05719 0.31992 -1.39687
-0.8935 0.31763 -1.50027
-1.05722 0.319929 -1.39692
-0.588335 0.29765 -1.56558
0.251354 0.342398 -2.79775
-0.385805 0.299142 -2.51968
-0.385805 0.299142 -2.51968
-0.609858 0.25301 -2.32963
0.260985 0.34425 -2.77734
-0.549817 0.299894 -2.58037
-1.05722 0.319929 -1.39692
-0.8935 0.31763 -1.50027
0.285595 0.14974 -1.46958
0.28649 0.149759 -1.52323
-1.05601 0.319594 -1.39479
-1.01531 0.150216 -1.10313
-0.385805 0.299142 -2.51968
-0.0291329 0.303421 -2.56333
-0.667184 0.307589 -1.50391
-0.385805 0.299142 -2.51968
0.223089 0.327443 -2.81745
-1.29866 0.150219 -1.87154
0.24544 0.336521 -2.79051
-0.89353 0.31763 -1.50029
-2.84347 0.408728 -0.742512
-0.760786 0.325476 -2.46439
-2.49477 0.266926 -2.06351
-2.25125 1.67115 -1.13065
-0.378523 0.466175 -2.81231
-0.299212 2.34778 -1.67367
-1.39244 0.324909 -1.5278
-2.14269 0.580163 -2.47032
1.80452 0.299936 -2.79805
-0.290512 0.717449 -2.78573
-0.241676 0.587267 -1.99872
-1.74586 1.43078 -2.10668
-2.55529 0.508008 -2.46138
-0.356506 0.293765 -1.90823
-2.48805 0.15001 -0.56473
-2.72673 0.249199 -1.00014
1.01359 2.68154 -2.54245
-1.53696 0.15001 -1.64623
-1.27281 0.549677 -1.24087
-2.41552 0.463011 -2.54495
-1.8813 0.267624 -2.57248
-0.699387 0.293007 -2.6458
-2.69716 0.15607 -2.22573
2.57697 0.328703 -2.83615
-0.199146 1.70841 -2.70212
-2.78773 0.503269 0.684952
-1.44573 0.387354 -2.5704
-2.19032 1.06761 -2.44693
-2.19416 0.303434 -2.72523
0.288701 0.396771 -1.69553
-0.0509622 0.545512 -2.20289
-0.652634 1.3162 -2.84651
0.190217 0.469839 -2.60115
-0.0625509 0.312878 -2.48561
1.02188 0.537412 -2.72159
-1.78897 1.1494 0.086091
1.17982 0.320367 -2.74489
-0.700789 0.455685 -1.69538
-1.54346 0.391597 -2.82234
-2.31928 0.348319 -2.73355
-2.73363 0.316585 -2.43406
-0.468088 0.536297 -2.14502
-2.7659 0.360988 -2.32517
0.431672 0.291171 -2.404
-0.63873 0.307443 -2.07936
2.40285 2.00957 -0.4366
-2.51789 0.297732 -2.68344
0.279771 0.372596 -2.81612
-2.53764 2.01891 -0.598534
-1.93172 2.89401 -2.67922
-1.25819 0.299572 -0.372015
-2.38889 0.310621 -2.63666
-0.525954 0.54467 -1.87477
-2.48294 1.42087 -0.652857
-1.39854 0.30724 -2.74148
-0.747666 0.336405 -2.63
-0.248868 1.64661 -1.95471
1.97571 0.275303 -1.83802
-2.42948 0.265518 -2.11201
-1.40634 0.279809 -2.66105
-2.60016 0.46254 -1.83185
-1.57172 0.287683 -2.33292
-0.212611 0.300038 -2.24167
-1.83426 0.555188 -1.51098
0.011136 0.39811 -2.54313
-0.583886 0.309002 -2.48314
-0.630252 0.455154 -2.37102
2.75832 0.311729 -2.83687
-0.925561 0.487845 -0.763587
-0.352997 0.306377 -1.36382
1.68684 0.354938 -2.40627
-2.35774 0.384 -2.18579
0.836477 0.280201 -2.26692
-1.34711 0.889899 -1.69554
-2.21812 0.452534 -2.28907
-0.123742 0.305522 -2.11863
2.57991 0.298831 -2.80953
-0.522731 1.18523 -2.3626
-2.52458 0.15001 -0.923235
-0.69567 0.350074 -1.52756
-1.75922 0.439892 -1.83549
-0.979767 0.233588 -1.92397
-2.54068 0.440609 -0.282921
-1.20279 0.345346 -1.76842
-0.0288686 0.506625 -1.5106
-0.538297 0.347982 -2.3703
-2.47274 5.34955 -1.03332
0.597967 0.15001 -1.19321
1.7776 0.311344 -2.39698
1.02603 0.404533 0.884564
-0.47843 0.15001 -1.73144
-0.0541554 0.233182 -2.84999
0.341737 0.323686 -2.70052
0.947268 1.4117 -2.49414
-0.0124793 0.230405 -0.279411
0.870512 0.596805 -0.808894
-1.74128 0.311661 -2.53728
1.89909 0.227629 -2.48494
-0.779698 0.243326 -0.139376
2.66057 0.455525 -2.3385
1.83802 0.405362 -2.7085
1.76995 0.4804 -2.18868
-0.485642 0.640815 -2.34811
1.93688 0.312805 -1.88855
0.177963 0.294127 -2.60559
-1.87036 0.864065 -1.74099
0.19406 0.40852 0.977321
0.89259 0.71589 -2.80762
1.66484 0.388583 1.17881
1.90042 0.190339 -2.10462
-0.812855 0.328095 -2.61692
1.70876 0.272501 -1.86832
-2.02296 0.37794 -2.41446
0.996113 0.291618 -2.63392
-2.1609 0.831687 -2.339
2.69726 0.446032 -2.53846
0.27886 0.323438 -2.5784
-0.451382 0.914906 -1.83414
-0.867724 0.797735 -2.32129
-0.678817 0.722377 -2.48652
-1.07409 0.266125 -2.72263
-1.4649 0.36135 -1.46328
1.71055 0.278396 -2.78217
0.0356723 0.267857 -2.22424
-0.373953 0.15001 -0.662863
0.387461 0.598251 1.36881
2.3332 0.327885 -2.41067
-0.981748 1.05154 -2.49522
-0.655371 0.30062 -2.52658
-2.84 0.322385 -1.10301
1.75255 0.1534 0.606145
-0.60678 0.383489 -2.39178
-0.674546 0.632787 -1.85997
-1.3705 1.6427 -1.30628
2.34424 0.260242 -2.7163
-1.98756 0.454199 -2.0657
-1.74771 0.729314 -2.84113
0.433639 0.594052 1.5143
-1.52973 0.361133 -1.17751
-0.282104 0.581309 -2.13973
-1.8428 0.328489 -2.11752
1.75405 1.82063 -1.84538
2.1349 0.289982 -2.31876
1.6974 0.292456 -1.20326
2.1942 0.262825 -2.77841
-1.89459 1.13353 -2.35928
-0.777443 0.319864 -1.56827
-0.315625 0.429121 -1.28344
0.48499 0.823094 -1.8303
2.48026 0.233298 -1.80536
2.45988 0.94813 -2.29946
-0.780429 0.367425 -1.28368
-2.55075 0.366872 -2.58168
0.207463 0.15001 -2.69951
2.40185 0.822054 -2.70201
-1.03728 0.686035 -1.11111
0.380524 0.310243 -2.83562
0.213022 0.15001 -2.70591
2.64374 0.318296 -2.54118
0.21738 0.584458 1.47829
0.350277 0.827278 -2.30745
-0.922417 0.527065 -1.99191
-1.3347 0.398459 -1.32198
0.252647 0.436882 -2.05658
2.35191 0.504317 -2.50267
-0.325728 0.276247 -2.4404
0.855605 0.635338 -2.35534
1.95209 0.410161 -1.85265
-0.837839 0.404727 -2.63126
0.140584 0.930361 -1.57956
2.7461 0.686942 1.3474
0.195259 0.511084 -2.6271
-2.57948 0.796927 -2.63346
0.706025 0.156844 0.299226
-0.446424 3.76162 -2.62239
1.70767 0.422413 -2.66777
1.33923 0.48647 -2.49766
-1.61376 0.323009 -2.58032
0.176504 0.320647 -2.15997
0.252357 0.47708 -1.55881
2.43694 1.24889 -2.04622
0.113032 0.183915 0.491557
-0.692405 0.15001 -1.94583
2.38722 0.560027 -2.24764
2.30555 0.526301 -1.19162
-2.70121 0.312799 -2.84672
1.58065 0.21098 -2.07713
2.33637 0.317965 -2.31429
-0.24181 1.5089 -1.03373
-2.75231 0.289133 -2.42072
2.51182 0.987562 -2.74685
2.61882 1.02392 -2.18038
2.04238 0.22778 -0.680396
2.05509 0.423132 -1.91066
0.874544 0.15001 -1.47989
0.123817 0.32241 -2.47812
-2.37476 0.322557 -2.24854
1.78659 0.15001 -1.52912
2.29027 0.316347 -2.81529
-0.651829 1.30898 -2.84428
2.4825 0.846125 -2.79707
0.66596 0.15001 -1.71828
1.64485 0.495895 -2.42458
1.5422 0.15001 -1.93808
-1.00632 0.434617 -2.58568
0.84799 0.376278 -2.35893
-0.478433 0.15001 -1.73144
2.35871 0.317946 -2.05821
-0.136417 0.153928 -0.519052
0.497832 0.691508 -0.830829
1.40359 0.419831 -2.84918
0.375475 0.273633 -2.84436
-0.236427 0.584289 -2.02368
2.69354 0.150976 -1.4371
-0.413942 0.299227 -0.294561
0.287077 0.89135 -1.44169
1.44937 0.685415 -2.16168
0.203009 0.619621 -0.649413
0.847748 0.15001 -1.45319
-1.69506 0.341432 -1.21575
-0.273889 0.331594 -2.84708
0.0991 0.15001 -1.27133
1.70294 0.343113 -2.03432
1.62189 0.332518 -1.16454
2.64309 1.31439 -2.10049
2.6186 0.37343 -2.58763
1.7132 0.15001 -1.24317
1.75469 2.93532 -2.06303
0.505986 1.33097 -2.42925
2.44387 0.301554 -2.47863
0.0539456 0.298154 -2.46725
0.82929 0.344637 -1.74741
-0.0117021 0.354184 -1.75803
-0.73516 0.479321 -2.16622
-0.766878 0.435454 -1.98335
2.72914 1.62069 -2.75611
-0.447724 3.77785 -2.61987
-0.79193 0.305737 -2.3095
1.73931 0.302218 -2.18325
0.330159 0.374845 -0.732141
0.56349 0.15001 0.381724
1.25454 0.43099 -0.0774398
1.82544 0.293177 -1.42657
0.275985 0.290967 -1.03648
0.162117 0.351015 -1.78424
2.84852 0.315684 -2.66593
2.44992 0.296326 -2.48787
0.709275 0.61167 -2.78671
1.99544 0.160927 -2.39172
1.87698 0.318102 -1.59289
-0.121654 0.900027 -1.61217
1.82779 0.25577 -2.16204
-0.291727 0.15001 -1.43728
0.744133 0.15001 -0.851794
1.5374 0.383712 -1.55812
0.628345 0.594464 -1.72497
2.84999 0.287747 -1.64982
0.757363 0.529326 -0.958326
0.389 0.172257 -1.18218
2.64183 0.15001 -0.400515
2.5582 0.15001 -1.29901
0.580081 1.09817 -2.76274
0.55342 0.344059 -2.45593
-1.03602 0.571105 0.0223565
-0.0478271 0.603154 -2.84743
1.92147 0.404899 1.0366
1.67786 0.297534 -2.82293
1.80046 1.00345 -2.74553
0.031875 0.537285 -2.8497
2.18195 1.55604 0.490394
0.860633 0.15001 0.295883
1.28343 0.276336 0.441085
1.68134 0.15001 -1.36514
0.0472851 0.383444 -1.04647
2.52956 0.566553 -2.64061
0.502162 0.15001 -2.19347
0.440731 0.703316 -1.17839
2.25723 0.167272 -1.5136
0.471528 0.826388 -1.51961
-1.62417 0.296475 -1.62207
1.88316 0.416093 -2.61237
-1.1956 1.16314 -1.78592
2.21822 1.98537 -2.53699
-1.00594 0.299657 -1.76855
-0.042636 0.454006 -0.308109
-0.259134 0.15001 -2.39722
-0.837841 0.554253 -1.72899
1.5709 0.230349 -2.0583
0.756626 0.451749 -2.84783
0.856181 0.890518 -0.601609
0.486275 0.79009 -2.43029
0.593649 0.351621 -1.03023
0.910943 0.415434 -1.60572
1.83567 0.454271 -1.15009
1.79071 0.15001 0.565065
1.94942 0.197675 -0.956218
1.53974 0.163895 -2.00187
0.483308 0.4097 -2.19432
-1.34095 0.826763 -1.31264
0.64775 0.15001 -0.492976
-0.297816 0.365639 -1.62936
1.55875 0.478379 -2.63763
0.84163 0.7939 -1.46362
-0.423022 1.75326 -2.45777
0.987067 0.252165 -2.62633
1.55007 0.515886 -1.67023
-0.130473 0.15001 -0.52707
2.37527 2.00866 -2.687
2.2974 0.38326 -2.32791
1.29291 0.66385 -2.38381
0.9901 0.310823 -2.16195
-1.87428 0.579161 -2.29657
-1.33731 0.556201 -1.15885
0.0949768 0.15001 -1.27183
-1.44634 0.320989 -1.91382
1.90334 0.222299 -2.47642
1.34415 0.224044 -0.832148
1.76092 0.356815 -2.22703
1.20515 0.150803 -0.973253
1.16993 0.359239 -2.80082
0.792807 0.15001 -0.00498138
-1.53792 0.350477 -1.8604
-2.03465 0.31225 -0.745171
-1.64815 0.15001 -1.07672
1.83694 0.577797 -1.21819
1.30376 0.15001 -0.822362
1.07067 0.15001 0.638061
0.874545 0.15001 -1.47989
2.05034 0.15001 -0.987177
1.87788 0.268941 -2.63527
2.04454 0.580055 0.440674
1.67631 0.344093 -2.40636
1.75583 0.509037 -2.59104
0.597019 1.30822 -2.84999
0.506472 0.196175 -0.859055
0.232321 0.383323 -2.13565
-0.649314 0.787289 -2.68332
0.874545 0.15001 -1.47989
-0.291349 0.15001 -1.02749
0.950769 0.505041 -2.71692
1.80528 0.156392 -1.53897
1.04861 0.350535 -2.80155
0.779946 0.276677 -2.61118
2.55739 0.18596 -0.862207
-0.0358905 0.323893 -1.16609
0.288325 1.2826 -0.753083
0.570731 0.219951 -2.24177
1.01908 0.299575 -2.48964
2.05745 0.301961 -2.32208
0.722242 0.185791 0.288702
1.45655 1.26082 -2.58891
-1.30091 0.329709 -2.26959
-0.461206 0.462293 -2.5835
0.0420578 0.688123 -2.74753
0.961187 0.755336 -2.74225
0.930115 0.31037 -1.46407
1.63819 0.51489 -2.50945
0.771113 0.430482 -1.13819
0.158388 0.42916 -2.57099
0.87459 0.368027 -2.49088
1.14708 0.244616 -0.874443
-0.0982384 0.306484 -2.21216
1.74727 3.02321 -2.08998
0.061607 0.627904 -1.12946
2.71143 0.279432 -1.84243
-2.36553 1.07861 -1.77664
1.06862 0.208993 -1.1307
2.63659 0.93094 1.52277
1.67495 0.452319 -1.12289
2.81157 0.290857 -2.57639
2.61329 0.624392 0.0367513
-0.0603737 0.385691 -0.633979
0.0277093 0.385002 0.0270813
1.56177 0.364462 -0.962906
0.207366 0.15001 -2.69939
1.5231 0.394218 -1.65759
0.138902 0.15001 -1.15813
1.45713 0.15001 -1.28738
1.84272 0.268267 -2.6583
