1000 0.1
-1.39562 0.15001 -0.75025
-2.39987 0.15001 -0.950033
-0.672618 0.15001 -1.2443
-0.576811 0.15001 0.712357
-2.17725 0.15001 0.0102173
-2.66564 0.15001 -1.84511
-1.79968 0.15001 0.723659
-2.84991 0.15001 2.5402
-1.71634 0.15001 -0.696462
-2.15226 0.15001 0.386424
-1.6929 0.15001 -1.79507
-2.65664 0.15001 -1.66011
-1.88825 0.15001 -0.720199
-0.751909 0.15001 0.664686
-2.18325 0.15001 -0.404586
-1.01096 0.15001 -1.06514
-2.84481 0.15001 -1.30678
-0.941525 0.15001 -0.517744
-1.57749 0.15001 2.46443
-2.67143 0.15001 1.61914
-2.78984 0.15001 -0.749477
-1.95312 0.15001 0.154002
1.12093 0.15001 -0.285693
-0.266478 0.15001 1.75565
-0.888479 0.15001 -1.57553
2.59581 0.15001 1.76846
-2.84999 0.15001 -2.42229
-2.32659 0.15001 0.0823144
-2.1196 0.15001 0.207986
-2.11425 0.15001 2.84999
-2.67877 0.15001 -1.15271
-0.391341 0.15001 -0.282898
-1.39124 0.15001 -2.30499
-0.475115 0.15001 0.850634
-2.54426 0.15001 -1.05715
-2.23183 0.15001 0.892995
-1.08788 0.15001 0.980377
-1.60656 0.15001 0.796349
-2.76212 0.15001 0.179439
-1.26463 0.15001 -0.18562
-1.98461 0.15001 -0.899229
0.277739 0.15001 0.854908
-2.27283 0.15001 -2.68301
-1.73305 0.15001 1.87879
1.55884 0.15001 1.03796
-0.695704 0.15001 1.84246
-0.334416 0.15001 0.669346
-1.42389 0.15001 0.88347
-0.936511 0.15001 -0.0196194
-2.36596 0.15001 1.21452
-1.58842 0.15001 -0.16783
-2.80064 0.15001 -1.98227
-1.89711 0.15001 -1.68991
-1.73872 0.15001 -0.284019
-1.35471 0.15001 -1.00029
-0.661162 0.269556 1.99528
-0.896578 0.15001 2.1349
-0.557003 0.15001 2.10699
-2.67752 0.15001 2.8467
-2.22963 0.15001 1.6471
-2.24511 0.15001 -1.73019
-1.8417 0.15001 -1.16235
-1.90036 0.15001 -0.257836
0.34203 0.15001 0.426816
-0.790699 0.15001 1.98856
-2.84814 0.15001 0.760414
-2.50936 0.15001 0.574131
-2.84091 0.15001 -0.935934
-1.88305 0.15001 2.84999
-2.40251 0.15001 0.235118
-0.134272 0.15001 -0.77823
-2.69188 0.15001 -1.4976
-2.1975 0.15001 -1.21253
-2.84566 0.15001 -0.434902
-0.269057 0.15001 -0.87742
-0.415651 0.307385 1.98571
1.15641 0.150221 0.456659
-1.76699 0.15001 2.52094
-2.36961 0.15001 -0.402325
-2.83925 0.15001 1.32366
-2.00438 0.15001 -0.104506
-1.68734 0.15001 -0.85437
-2.43812 0.15001 2.4047
-2.47559 0.15001 -1.81109
-1.93814 0.621221 -2.74794
-2.84999 0.15001 -1.12175
-2.13079 0.15001 -1.54719
-2.84999 0.15001 1.86708
-1.53956 0.15001 -0.645932
-2.84675 0.15001 -0.179696
-0.952125 0.15001 1.26573
-1.39889 0.15001 1.34681
-0.940807 0.15001 1.05478
-1.18076 0.15001 -1.92963
-2.4542 0.15001 -0.771212
-1.77024 0.15001 -2.21128
-1.268 0.15001 -1.13749
-2.31799 0.15001 -0.216619
-2.37056 0.15001 2.71944
-1.88922 0.15001 1.64233
-2.5265 0.15001 -1.46098
-0.82546 0.15001 -0.336546
-0.608647 0.15001 -0.86024
-1.22169 0.15001 -0.777069
-2.52799 0.15001 -2.83135
-0.502023 0.15001 1.9373
-1.51705 0.15001 1.68845
-0.387309 0.15001 2.5081
-0.572541 0.15001 2.51478
-1.59839 0.15001 2.05656
-2.55485 0.15001 -0.415152
2.12956 0.15001 1.48056
-1.78063 0.15001 -2.57302
-1.99449 0.15001 1.91895
-0.508306 0.15001 -0.405368
-1.02996 0.15001 1.68003
-2.84999 0.15001 2.21829
0.0792179 0.301157 2.84999
-1.65589 0.15001 0.338606
-2.47716 0.15001 2.84999
-1.33843 0.15001 -1.77111
-2.32684 0.15001 -1.39131
-0.620908 0.465219 -1.1514
-0.316585 0.15001 1.93146
0.169232 0.15001 0.684402
-0.0472772 0.292203 2.44507
-0.479661 0.15001 2.3423
-2.1071 0.15001 2.05677
-2.28081 0.15001 2.84999
-0.712377 0.15001 2.84999
0.677642 0.287848 -0.903594
-2.52066 0.15001 -1.99062
0.016356 0.15001 1.2428
-0.97864 0.15001 0.339481
-0.179074 0.307439 1.50403
-0.456034 0.15001 1.32325
-1.19212 0.15001 2.84999
-2.19335 0.15001 -0.901302
-1.34582 0.15001 2.84999
-2.37503 0.43366 0.676215
-2.06933 0.15001 -1.05182
-2.84999 0.15001 -2.84258
-1.30503 0.15001 -1.53916
-2.17624 0.15001 1.87806
-0.054497 0.288501 2.07173
-2.84999 0.15001 -1.80948
-2.65438 0.15001 1.04241
-2.65794 0.15001 0.879869
-1.40796 0.15001 2.45254
-1.96271 0.15001 0.614381
-1.39357 0.15001 0.0786404
-2.83362 0.15001 -1.59813
2.68337 0.283171 1.5632
-1.38444 0.15001 0.240443
-2.57919 0.15001 0.215961
-2.10306 0.15001 0.700262
-1.05515 0.15001 0.480628
-1.26331 0.285545 -1.70745
-0.403645 0.313159 2.6535
-0.536576 0.15001 2.84981
-1.7123 0.15001 2.35946
-0.66626 0.15001 1.40754
-1.50386 0.15001 0.336851
-1.13515 0.15001 -0.583344
-1.92045 0.15001 -0.53049
-0.722389 0.15001 2.16454
-1.54223 0.15001 2.27679
-0.646633 0.155123 2.69553
-2.69971 0.15001 1.44045
-2.84999 0.15001 2.84999
-2.06464 0.15001 -1.69856
-1.71847 0.15001 -1.62384
1.83781 0.15001 1.26102
-1.52291 0.15001 -0.865167
-1.32222 0.15001 0.690435
-1.38953 0.15001 1.06439
-1.33639 0.15001 2.23196
-2.33923 0.15001 0.415092
-0.205002 0.307212 2.68112
-0.109143 0.306913 2.84999
-2.00038 0.15001 1.35128
-0.788954 0.15001 0.842106
-0.708962 0.15001 -0.469549
-0.649328 0.15001 -0.0462999
-2.83082 0.15001 -2.16135
-2.52265 0.15001 2.23022
-1.86773 0.15001 1.47779
-1.39422 0.15001 0.517282
-2.07428 0.15001 1.74607
-0.919868 0.15001 2.29603
-2.23316 0.15001 -2.26973
0.0584241 0.15001 -0.376617
-1.82211 0.15001 -0.946838
-1.45282 0.15001 -1.90626
-2.07335 0.15001 -0.762409
2.59864 0.15001 2.45831
-0.267542 0.15001 0.262096
-0.636199 0.314668 2.82939
2.01588 0.15001 -1.62193
-2.19245 0.15001 1.34356
-2.74081 0.15001 -2.65215
-0.787469 0.15001 -1.84703
0.0867624 0.15001 1.41093
-2.82316 0.15001 0.00276481
-2.52952 0.15001 0.408372
0.00867765 0.15001 1.98839
-0.380055 0.15001 2.0961
-0.140648 0.15001 2.36459
-0.295773 0.15001 2.67317
-0.476256 0.15001 2.67446
-1.68629 0.15001 1.70907
-2.41864 0.15001 -0.553376
0.201165 0.15001 -1.58549
0.183471 0.15001 1.71412
-0.22345 0.308641 2.31244
-1.73335 0.15001 2.713
-2.03615 0.15001 0.932774
1.24756 0.15001 1.91541
1.97907 0.268399 -1.91416
-2.01382 0.15001 2.21418
-0.0200017 0.15001 -1.23241
-0.232303 0.15001 1.57106
-1.68393 0.15001 -0.00423348
-0.0982826 0.15001 1.44378
-1.52961 0.381984 -0.276427
-2.37216 0.15001 1.71969
-1.54742 0.15001 1.88852
2.34487 0.15001 1.6094
-2.70022 0.15001 2.22179
-2.84999 0.15001 1.51043
-0.297383 0.15001 0.0706134
0.239495 0.15001 1.321
-1.9034 0.15001 2.60942
-1.25395 0.15001 1.41375
-0.562966 0.15001 1.72984
0.163984 0.315893 2.21616
-2.49964 0.15001 1.57199
-2.84379 0.15001 2.04158
-2.19769 0.15001 0.565658
-1.32208 0.253061 -0.0940133
2.35589 0.15001 1.40796
-1.622 0.15001 -2.08444
-2.63479 0.15001 -0.840872
0.125691 0.283058 1.26473
0.424344 0.15001 -1.11233
-1.74412 0.15001 2.13685
-2.58873 0.15001 -0.627889
2.83861 0.15001 2.19744
-1.83542 0.15001 0.0364215
-0.367951 0.15001 2.84621
-0.465517 0.15001 1.07923
1.12152 0.457988 -0.688646
-2.40644 0.15001 -1.57214
-1.64608 0.15001 -2.35179
2.81271 0.15001 0.855958
-2.61564 0.15001 2.36004
-0.243006 0.30291 2.10234
2.46546 0.15001 -0.0704264
-2.33034 0.15001 1.51268
-2.34895 0.15001 1.90909
-1.1219 0.15001 -1.2176
-0.374354 0.15001 -1.68412
-2.67443 0.15001 2.50849
-0.152308 0.150279 1.2782
1.02975 0.15001 -0.12112
-1.19473 0.15001 0.0687455
-0.413575 0.289236 2.2023
-0.399348 0.15001 -0.676158
-1.20049 0.15001 -0.403941
0.199759 0.531081 2.84811
-2.0306 0.15001 -2.64367
-0.403453 0.159949 1.6294
2.32699 0.15001 1.82247
-0.164633 0.15001 0.632597
0.0739893 0.441483 2.32757
-0.207046 0.320752 1.91001
-2.25431 0.15001 -1.06771
-1.46474 0.15001 1.51543
-1.68284 0.15001 0.959475
0.0146638 0.464684 2.81962
-0.118739 0.15001 0.870774
-1.08141 0.15001 1.15971
0.3622 0.15001 -0.920188
-2.84999 0.15001 0.574234
-0.698568 0.15001 1.58743
2.70835 0.15001 0.106877
-1.83977 0.15001 1.19452
-2.84999 0.15001 0.988843
-1.71223 0.15001 -0.530595
-0.458989 0.41409 2.84332
0.0150409 0.15001 -0.07631
0.279383 0.15001 -1.79598
-0.0782072 0.15001 0.313364
-0.868034 0.15001 0.175424
-1.18422 0.15001 0.247039
-1.12005 0.15001 1.33004
-0.317881 0.15001 1.01109
-1.84885 0.15001 2.00533
0.35898 0.475578 2.6662
-0.17492 0.484733 2.84562
-0.721508 0.15001 -0.702171
-2.07678 0.15001 -0.592274
-0.716914 0.15001 1.25418
-0.113759 0.27158 1.6935
-0.137305 0.15001 1.88014
-0.013859 0.294747 1.87541
-0.178338 0.15001 2.05112
0.0445972 0.15001 2.3418
0.82455 0.15001 2.10705
-2.42068 0.15001 0.883655
-1.20862 0.15001 -2.83546
-2.69087 0.15001 -2.84999
-0.585445 0.15001 0.313168
1.85402 0.15001 0.330819
-0.42433 0.230525 1.80572
-0.850055 0.15001 1.47771
0.225938 0.290724 2.58527
-1.23928 0.15001 0.919561
-0.0145738 0.15001 2.84999
-0.199279 0.15001 2.84854
-1.61734 0.15001 -1.37359
0.259423 0.15001 1.49691
-0.0970543 0.15001 0.145675
-0.279784 0.313235 -0.739901
-1.77358 0.15001 0.232068
0.178196 0.15001 2.03871
1.89521 0.15001 0.146581
-2.51666 0.15001 1.80664
2.01128 0.29329 -2.43082
0.431562 0.312984 2.68632
0.289749 0.150625 1.02138
0.184938 0.15001 1.15434
-2.84999 0.15001 -0.597181
-0.871921 0.15001 -1.27285
-0.307914 0.15001 0.488469
2.80662 0.15001 -2.16744
-1.25096 0.15001 2.36631
2.35725 0.15001 2.08404
0.26627 0.294844 2.83613
1.6587 0.15001 -0.24544
1.25765 0.15001 -0.604614
-1.9687 0.15001 -2.13649
0.0590618 0.30595 1.71787
-2.83174 0.15001 1.69326
-0.0203169 0.294483 2.2611
2.51698 0.301982 -1.2396
-2.67046 0.15001 1.2126
2.11507 0.15001 1.77816
-2.84999 0.15001 2.69673
-2.50325 0.15001 0.74506
0.311614 0.15001 -0.730176
0.375313 0.394363 1.43843
-2.01033 0.15001 -1.21815
1.79589 0.15001 1.48012
0.513576 0.15001 -2.08094
-1.36632 0.15001 1.87131
1.96579 0.15001 -0.875818
1.28821 0.259413 0.180184
0.465207 0.150201 2.49488
2.61816 0.15001 0.890812
-1.49802 0.15001 -1.73774
-1.45318 0.15001 -2.77833
-0.874304 0.15001 -2.17586
2.05502 0.15001 0.0141169
-2.06115 0.15001 1.1084
0.902671 0.15001 0.423464
-1.80229 0.15001 -1.4863
2.36508 0.15001 0.316891
-2.00782 0.15001 2.72873
-1.18611 0.15001 1.58262
0.44682 0.299111 1.26825
0.314939 0.39495 1.73405
0.0113971 0.15001 1.05976
-2.29886 0.15001 0.714698
-0.289717 0.329345 1.71884
0.317655 0.32831 2.36803
2.00584 0.406155 2.59524
-2.66455 0.15001 0.710059
-2.43748 0.15001 -0.0691837
0.366622 0.444021 2.84999
-0.0358602 0.15001 -0.557834
-2.32445 0.15001 -2.49727
-2.56402 0.15001 -2.54741
-0.339843 0.15001 -0.480687
-0.571932 0.15001 0.545014
-0.272082 0.294261 2.49423
-1.31264 0.15001 2.6314
-0.541909 0.318084 2.34354
-2.43935 0.15001 2.57505
-2.83835 0.15001 2.3812
-1.60279 0.15001 -0.391713
-0.775334 0.15001 -1.08442
2.53431 0.15001 0.217557
-1.0224 0.15001 -1.40124
-2.0817 0.15001 2.46025
0.48216 0.397729 1.82278
0.453344 0.401556 2.50956
0.176163 0.459094 2.51169
-2.47177 0.15001 -0.252838
0.166816 0.409128 2.71393
-0.504524 0.15001 -2.57758
2.74268 0.15001 0.495253
0.405617 0.15001 1.36168
0.00248798 0.15001 1.75707
1.36267 0.15001 2.5063
0.324967 0.15001 1.95873
-1.04136 0.15001 2.45541
-0.874506 0.15001 2.84486
-1.14414 0.15001 2.67052
0.653019 0.15001 2.46942
-2.36044 0.15001 -2.8444
0.343893 0.15001 -0.172051
0.6248 0.15001 1.41682
0.704135 0.15001 1.56444
0.141146 0.151049 1.87176
0.00275039 0.15001 1.58666
0.728806 0.15001 0.472267
2.37076 0.15001 2.73729
-1.45912 0.15001 2.75511
0.173518 0.15001 2.84968
1.34184 0.15001 0.08533
0.658635 0.15001 0.634871
2.21258 0.15001 1.95407
2.84682 0.15001 -0.352967
-0.485536 0.15001 -1.84339
-0.163703 0.15001 1.09513
0.280048 0.15001 2.47292
1.42134 0.15001 0.454014
1.06792 0.15001 1.97253
-0.973822 0.15001 1.9907
-2.03204 0.15001 -2.81518
0.447934 0.151569 0.88199
-0.959147 0.15001 -2.77061
-1.49181 0.15001 0.652912
1.90604 0.15001 -1.46182
0.652826 0.15001 -0.116586
2.67382 0.15001 -0.0687521
0.555516 0.15001 1.67405
-2.30834 0.323444 -2.62785
0.506497 0.293911 0.756081
-2.74693 0.15001 -2.30968
-0.217524 0.15001 -0.627083
-1.27027 0.15001 1.73525
0.412882 0.15001 -0.58609
-0.953546 0.15001 0.779372
2.84999 0.15001 1.46248
2.84764 0.15001 -0.724948
-1.43818 0.15001 2.10487
-1.59962 0.15001 2.84999
0.467252 0.285551 2.84999
-0.745557 0.15001 -2.80264
1.7521 0.453222 2.64992
2.19278 0.15001 0.563444
0.316615 0.305221 1.58333
0.943107 0.15001 -1.14747
0.348869 0.310388 2.16902
2.60302 0.15001 -1.16941
1.62326 0.15001 1.2413
-0.0108535 0.302649 2.67943
-0.117883 0.32522 0.174786
-2.15402 0.15001 -2.04348
-0.747435 0.15001 -1.67247
2.1224 0.15001 0.720825
0.039457 0.431045 2.13529
0.499245 0.368336 2.30141
1.87648 0.15001 1.87501
2.50175 0.15001 1.61913
-0.626668 0.15001 0.122422
0.696124 0.551266 2.84833
0.561254 0.432156 2.84746
0.575078 0.302134 1.04146
0.257101 0.15001 -2.26067
1.83575 0.15001 -2.32413
-2.28462 0.333405 2.10738
0.00242315 0.306986 1.48406
2.38765 0.15001 -1.06118
1.31791 0.15001 -2.07911
-0.124492 0.426206 2.53749
0.817593 0.59342 2.53401
-2.20134 0.15001 2.3184
-1.39389 0.15001 -0.293927
0.131633 0.15001 -0.192694
0.674354 0.15001 -0.484344
-1.14708 0.15001 1.94749
-2.71992 0.15001 0.361432
-1.54248 0.15001 2.62469
0.297778 0.366759 1.92037
0.730199 0.653814 2.68495
0.573864 0.52482 2.4149
-0.300351 0.315097 2.84999
-0.178475 0.15001 -0.0314161
1.13437 0.15001 0.102374
0.120755 0.152158 0.910825
-2.28652 0.15001 2.4842
-0.300278 0.15001 1.39541
-0.896763 0.15001 1.82086
-1.68584 0.15001 0.585804
-0.28301 0.31358 -2.56709
-2.71416 0.15001 -0.302499
-2.449 0.15001 2.0706
-0.262426 0.15001 -1.48375
0.731319 0.15001 0.960812
0.732807 0.15001 1.28112
0.465764 0.15001 1.52054
0.704034 0.15001 1.79122
2.18566 0.15001 -2.65258
1.1446 0.15001 1.6603
1.16662 0.15001 2.26552
2.00321 0.15001 1.62184
-0.0775837 0.15001 2.68594
-2.59389 0.15001 -2.36254
1.0239 0.15001 1.13227
0.837617 0.15001 1.68019
1.03115 0.15001 2.71427
-1.99256 0.15001 0.432386
-0.29787 0.15001 2.25247
-0.155642 0.15001 -2.13437
-1.19452 0.15001 2.51346
0.373218 0.15001 2.28035
0.356198 0.15001 2.84999
-1.85409 0.15001 2.2711
0.54504 0.15001 1.2473
0.835518 0.15001 1.13195
0.350686 0.15001 1.65132
-0.125664 0.15001 2.52614
-1.12251 0.15001 0.759681
0.484592 0.15001 2.67387
1.43025 0.15001 -0.140521
2.80984 0.15001 -1.80726
0.562211 0.15001 2.84999
0.858614 0.15001 0.597676
2.60497 0.15001 -0.230896
0.156285 0.252599 1.60102
0.533002 0.15001 2.09552
0.553568 0.15001 1.85794
-2.02338 0.251759 -0.353414
-1.61053 0.15001 0.14961
1.02578 0.15001 -0.947143
-0.566324 0.303439 -2.82374
0.682081 0.15001 2.24914
-0.668572 0.15001 -2.13368
0.654028 0.152398 1.11532
2.05379 0.15001 1.32503
2.2858 0.15001 -0.353334
1.82722 0.15001 -1.25247
0.122589 0.15001 -2.05342
2.45106 0.15001 -1.57284
2.42559 0.15001 2.57787
1.9835 0.15001 -0.379698
-1.97427 0.388169 2.59144
0.446503 0.15001 0.0209936
0.804851 0.15001 -2.70703
-2.06161 0.15001 -1.89547
-1.92101 0.15001 2.42659
2.27295 0.28342 -1.43488
0.842161 0.448705 1.86235
1.70369 0.15001 -1.34526
-1.03576 0.15001 -0.348383
0.141677 0.282333 2.40548
-1.9202 0.255539 -2.50221
0.0250411 0.15001 -2.81583
0.107098 0.15001 -1.86736
-0.296764 0.15001 0.838576
-0.334692 0.15001 -1.04297
0.8894 0.499736 2.36932
2.33206 0.15001 1.07539
2.83406 0.15001 0.676508
1.96452 0.15001 2.69085
2.4929 0.15001 2.34477
0.0795285 0.15001 2.52864
0.738894 0.307906 1.1755
2.75539 0.15001 -2.58277
0.52475 0.310272 1.59151
0.593503 0.300672 1.93568
-2.63969 0.15001 2.67645
0.750093 0.42149 2.52967
-0.00290903 0.15001 0.71755
2.84999 0.15001 1.62414
0.914564 0.435554 2.65919
0.75771 0.312792 2.67261
-0.428622 0.15001 0.362947
-1.62518 0.15001 1.28991
1.88737 0.15001 -2.50255
0.124008 0.432454 1.8068
2.84999 0.15001 -2.39237
-2.65648 0.15001 -1.32972
0.596771 0.443445 2.65101
0.712716 0.43141 2.28033
-0.311741 0.15001 1.19683
-1.03414 0.15001 2.84999
0.48579 0.15001 0.562375
1.87259 0.15001 -0.147252
-2.84999 0.15001 1.15661
1.93987 0.15001 -1.14756
2.48428 0.15001 1.89435
0.647306 0.47294 1.96162
2.0956 0.15001 0.211731
2.51732 0.15001 2.84235
-1.40918 0.15001 -0.471694
0.447344 0.607688 2.84746
0.272146 0.15001 0.00840067
-1.67332 0.15001 1.51172
0.830481 0.150791 1.45513
-0.986567 0.15001 -1.94804
-0.109788 0.15001 2.20489
1.13578 0.15001 2.11424
1.02234 0.15001 1.77541
1.07997 0.15001 2.44942
-0.745959 0.15001 2.56601
0.0522691 0.15001 2.15975
-1.51737 0.15001 -1.53766
2.16193 0.15001 1.17673
-0.260007 0.15001 -0.173021
1.3331 0.287327 1.21244
1.69928 0.15001 -0.888737
0.295131 0.15001 2.69136
0.201022 0.15001 2.26022
2.82378 0.15001 -1.47784
1.59786 0.304095 2.84999
0.939195 0.15001 2.84999
-0.987354 0.15001 -0.6881
1.0578 0.151166 0.865023
0.476217 0.15001 1.05665
0.999099 0.25793 1.439
0.971486 0.15001 1.56833
-1.21901 0.296017 0.0801098
1.86784 0.15001 -2.80271
0.686464 0.15001 1.99575
0.273807 0.15001 -2.00719
0.737862 0.15001 2.84736
0.798367 0.299654 0.865036
1.2874 0.15001 1.34754
0.977494 0.307255 1.21053
-1.5758 0.15001 1.12653
2.35725 0.15001 0.492316
-0.729217 0.15001 2.38675
2.23288 0.15001 -0.00500278
-2.49529 0.277063 -1.58801
1.46438 0.469975 2.83646
2.11244 0.300294 2.69421
0.707951 0.15001 -1.63509
-0.947753 0.15001 -1.7768
-0.784909 0.15001 0.458871
0.745389 0.31738 1.76499
1.6688 0.284564 1.63741
-0.852773 0.15001 1.65376
2.71363 0.15001 -1.35211
2.13203 0.15001 0.410486
0.81187 0.15001 2.34192
0.840206 0.288091 2.83335
0.162874 0.15001 -0.591675
0.912219 0.151597 0.768964
1.59638 0.15001 0.567505
0.088794 0.312494 -2.11547
0.401674 0.15001 1.8079
1.44862 0.15001 0.925258
2.84999 0.15001 -0.00248281
0.694116 0.308723 2.40722
0.895582 0.633075 2.80189
1.21074 0.337166 2.84911
2.61891 0.353618 2.61568
-2.19125 0.15001 -2.84999
-0.0331399 0.15001 -1.99055
0.712536 0.336717 1.39429
1.0481 0.443797 1.64016
2.63016 0.15001 2.00039
0.456004 0.15001 -0.285613
1.07988 0.539243 2.45788
2.5451 0.15001 0.0618969
1.02722 0.304071 2.82873
0.820907 0.311695 1.56817
1.15879 0.307424 1.57128
0.636928 0.456318 1.56442
0.364044 0.152324 1.18815
-0.471631 0.15001 -0.0911049
0.128731 0.322615 1.99603
2.84999 0.15001 1.08338
1.04795 0.311395 2.59212
1.75839 0.15001 -1.53786
-0.904362 0.15001 2.65024
-0.0889033 0.15001 -1.62897
-1.80661 0.15001 -2.84783
-0.568164 0.15001 -1.99023
1.81975 0.15001 -0.459203
2.19178 0.15001 -1.40308
0.930081 0.319582 2.44046
0.993585 0.15001 -2.52513
0.757993 0.15001 -2.14183
1.26689 0.15001 0.729282
0.863379 0.461273 2.84999
0.0597503 0.15001 -0.712276
-1.05756 0.15001 -0.868989
0.67764 0.15001 0.805801
1.02735 0.48244 -1.08854
-2.4984 0.15001 -1.21289
-2.25214 0.15001 1.06199
1.58308 0.15001 -1.54328
-1.85972 0.15001 0.98609
0.333108 0.500461 2.07508
0.594491 0.72569 2.84023
-2.13926 0.15001 -2.44977
0.459914 0.15001 -1.45131
0.490123 0.15001 -2.29355
1.32677 0.312174 1.66421
2.10932 0.15001 -0.784932
1.43168 0.275764 2.10303
-0.880588 0.15001 2.46893
2.50395 0.15001 -0.583557
0.701369 0.15001 2.64508
1.59239 0.15001 2.66443
-0.730723 0.15001 -2.30257
1.30703 0.15001 -1.50457
1.61787 0.15001 1.49284
1.72371 0.15001 1.95094
2.64276 0.15001 -1.79996
1.38394 0.15001 1.99214
1.71062 0.15001 2.50033
1.39927 0.15001 2.69685
1.79937 0.15001 2.67314
1.51868 0.15001 2.84999
2.04644 0.15001 -2.77121
2.84999 0.15001 -1.96479
0.954523 0.15001 2.2379
0.913118 0.15001 1.29586
0.738555 0.15001 -1.27532
-2.06291 0.423178 -2.18661
1.68766 0.15001 2.16323
0.133318 0.15001 2.68251
0.918201 0.15001 1.90415
1.30418 0.15001 2.84906
-1.39919 0.15001 -1.40455
-0.51786 0.15001 -1.413
1.33464 0.15001 1.54145
1.38548 0.15001 1.73984
1.52696 0.15001 -0.819214
1.55333 0.15001 2.04119
1.7799 0.15001 -2.02109
1.29845 0.15001 2.15272
0.967478 0.15001 -2.35296
0.894776 0.15001 -2.84999
1.7046 0.15001 -0.695286
0.13157 0.15001 -0.872806
1.67785 0.50746 2.78445
-1.09667 0.15001 2.28264
-0.442475 0.15001 0.18462
2.68175 0.15001 2.84999
1.20709 0.15001 -2.84999
1.62991 0.15001 2.34163
2.84997 0.15001 1.82406
1.12953 0.150652 2.84999
1.20643 0.15001 1.18909
1.44246 0.15001 1.24182
-0.0658194 0.15001 -0.234822
2.23836 0.15001 -0.543818
0.965091 0.15001 -2.18324
1.161 0.333526 1.7686
1.86961 0.15001 2.13027
1.49062 0.15001 -0.33685
1.81532 0.301206 2.20895
1.23834 0.310576 2.66592
-0.615663 0.15001 1.02788
-2.65882 0.320209 1.3229
0.949327 0.304264 1.72245
1.48145 0.28799 1.55378
1.67588 0.15001 1.77527
2.62323 0.15001 -2.00363
1.18073 0.401172 2.21999
2.67329 0.15001 -0.800994
-2.54398 0.15001 -2.15391
1.21757 0.15001 2.62672
-1.51742 0.15001 -1.24855
0.0904118 0.15001 0.52037
2.49774 0.15001 1.13456
1.04953 0.298756 1.9066
2.21597 0.15001 -2.45104
0.758681 0.3198 2.14612
-2.4091 0.21833 -2.22801
0.936461 0.31584 2.25541
1.59573 0.496641 2.03709
1.06859 0.483161 2.84999
0.680771 0.15001 -2.59553
1.08598 0.309192 1.04441
2.46286 0.15001 -2.40226
0.907056 0.15001 0.132919
2.2993 0.15001 -1.8838
0.86342 0.455533 2.05157
1.34977 0.439399 2.63086
1.12896 0.504145 2.66234
2.83534 0.15001 2.01416
-1.24474 0.15001 1.17964
1.57817 0.15001 -1.70232
-0.327481 0.15001 -1.86446
0.918956 0.419085 1.35149
1.14337 0.316575 1.32956
-0.789536 0.15001 -0.146792
1.00457 0.486742 2.1772
0.345569 0.15001 0.21837
2.84999 0.15001 -0.16606
0.844253 0.15001 -0.760827
1.07327 0.680106 2.83123
0.393543 0.15001 -2.68356
2.6682 0.15001 -2.32727
1.46194 0.15001 1.4208
1.53882 0.150328 1.65647
2.84999 0.15001 -2.82448
1.49447 0.15001 2.21507
1.87097 0.15001 -1.80256
1.34241 0.151389 2.33278
2.62655 0.15001 1.49017
0.84468 0.15001 2.49619
2.12136 0.15001 -1.94673
-1.43302 0.15001 -2.07104
0.233818 0.15001 -2.84032
0.16512 0.15001 -2.39663
0.645294 0.15001 -2.7724
2.20874 0.15001 2.66132
2.38276 0.15001 -1.30499
2.84999 0.15001 0.383215
2.55191 0.464599 -1.72884
2.63262 0.15001 2.62876
-1.1124 0.15001 -1.52379
-0.779394 0.15001 1.02361
1.15418 0.152248 1.48005
1.69985 0.15001 -1.84487
1.56332 0.15001 0.264235
1.51225 0.15001 1.86279
1.52972 0.151963 2.50391
2.41169 0.15001 -2.11296
0.568453 0.15001 0.242544
1.39878 0.295845 2.84683
0.911135 0.15001 0.969697
0.105502 0.15001 0.120401
-1.10332 0.15001 -0.0755182
1.16166 0.15001 1.01239
-0.512738 0.15001 1.49201
1.8109 0.153753 2.31906
0.988353 0.223789 -1.83457
-0.500185 0.15001 -2.22133
-1.21736 0.15001 -2.4876
1.70518 0.15001 2.83981
-2.15913 0.15001 -0.244338
2.06095 0.15001 -0.604519
-0.0602504 0.15001 -2.53488
2.14978 0.15001 -0.237639
-0.0656811 0.15001 -2.31379
-0.703705 0.337367 -0.457306
0.518377 0.15001 -1.296
1.68383 0.280189 2.70589
2.25095 0.15001 2.46205
2.15737 0.15001 2.84999
-0.628991 0.15001 -1.77047
-2.13017 0.460754 2.0983
1.08566 0.151686 1.31628
1.30944 0.15001 -1.70573
-1.02525 0.363432 -2.76874
-0.40412 0.15001 -2.84952
1.88273 0.15001 2.51548
1.29532 0.296274 2.47473
2.37014 0.15001 0.911325
1.88813 0.15001 2.84999
-1.66225 0.15001 -1.15791
0.229087 0.15001 -2.6163
1.98368 0.15001 -2.15324
-1.20702 0.15001 -2.29422
0.377923 0.15001 -2.153
-0.545607 0.15001 -1.59252
2.37229 0.15001 0.129097
1.39853 0.15001 -2.50235
0.616845 0.395346 1.23618
2.30217 0.15001 2.25439
-2.6155 0.15001 -0.112217
0.821697 0.505267 -0.53503
1.35337 0.15001 1.08504
0.272297 0.15001 -1.39607
1.25917 0.15001 -1.8794
0.996249 0.319189 2.08249
-0.0016244 0.15001 -1.0491
2.23962 0.512793 -1.90287
-0.20878 0.15001 -1.18539
1.25647 0.557259 2.84602
-0.733301 0.15001 0.259718
-1.2618 0.15001 -2.12024
1.19552 0.15001 -2.39364
-0.156917 0.15001 -2.84999
1.66781 0.15001 -1.07763
0.529002 0.523856 2.14207
1.90183 0.15001 0.686932
2.53022 0.15001 2.16379
-0.175893 0.15001 -1.91218
2.00865 0.15001 2.38326
0.819229 0.15001 -0.416394
-1.1035 0.15001 -2.14523
2.58718 0.15001 0.528013
2.29782 0.15001 -0.871453
-2.58318 0.15001 0.0502063
0.621958 0.15001 -1.91632
-2.68196 0.15001 1.81171
-0.521481 0.15001 -1.14481
-2.47127 0.15001 1.06461
1.54061 0.15001 -2.08809
-1.8955 0.15001 -2.31022
2.46253 0.15001 0.717143
2.20934 0.15001 -2.21553
1.31408 0.15001 -1.24601
1.67289 0.15001 0.398274
2.5884 0.15001 -2.18306
2.43143 0.15001 -2.55564
2.01637 0.15001 2.01103
2.78375 0.15001 2.7027
2.70328 0.15001 2.28161
-0.857078 0.15001 -2.49097
1.22175 0.15001 -0.863388
1.53344 0.15001 -2.84882
0.74231 0.15001 -0.999942
0.737294 0.15001 -2.34072
0.0302257 0.15001 -1.52633
-0.698638 0.15001 -1.45739
2.13865 0.15001 -1.20775
2.45445 0.15001 -2.72759
2.1556 0.15001 2.10623
-1.0321 0.15001 -2.53382
-1.30672 0.15001 0.38479
2.81278 0.15001 -0.542522
2.53863 0.15001 -0.412723
1.58901 0.15001 0.101081
2.47377 0.15001 -1.84682
1.50761 0.15001 -1.16528
2.8406 0.15001 -0.892357
2.84999 0.15001 2.84999
2.02101 0.15001 1.04518
2.29315 0.15001 -2.84986
-0.609291 0.15001 -1.01788
-0.226014 0.15001 -0.344094
-0.320534 0.15001 -2.24767
1.13081 0.747295 1.82964
2.4419 0.15001 -0.256092
1.99084 0.15001 0.829751
1.62332 0.31691 2.48936
2.07318 0.15001 2.55351
1.71048 0.15001 -2.84999
0.481044 0.15001 -2.82577
0.816419 0.15001 -2.47877
-1.13536 0.15001 -2.66096
-1.82141 0.15001 -1.32945
0.479196 0.15001 -1.63515
1.60034 0.30849 2.20655
2.79578 0.15001 1.28624
2.84999 0.15001 -1.64134
-0.377343 0.15001 -2.07938
2.75517 0.15001 -1.03263
1.11241 0.15001 -2.63589
1.84287 0.15001 -1.005
1.30685 0.300979 1.45573
0.981359 0.15001 -0.399452
1.60615 0.287259 1.91787
2.71524 0.262091 1.73764
0.325149 0.15001 0.681226
1.48063 0.296576 2.63429
-0.789144 0.15001 -2.02489
2.77484 0.15001 2.53266
1.37254 0.15001 -2.83236
2.63592 0.15001 -2.84932
0.200486 0.15001 0.34386
2.84999 0.15001 -1.24186
2.06219 0.15001 -2.50382
-0.242225 0.15001 -2.70569
1.4821 0.262928 2.36298
1.3298 0.15001 -2.66606
1.24495 0.15001 -1.02637
2.12404 0.15001 2.26092
-1.738 0.47468 2.12332
0.538227 0.15001 -0.989206
-0.565977 0.15001 -2.84999
1.66844 0.15001 -2.35112
-1.20747 0.15001 2.10126
1.37221 0.287594 1.85911
2.32772 0.37065 -1.148
2.10886 0.15001 -1.77402
1.46784 0.15001 -1.3649
2.66343 0.15001 1.06484
1.12478 0.660254 2.06171
-2.15992 0.15001 2.63256
2.26127 0.15001 -1.61863
-2.29321 0.15001 2.1898
1.5082 0.15001 0.757895
1.21445 0.36457 1.99194
2.84999 0.15001 2.38667
1.12145 0.35376 2.40696
1.58758 0.15001 -0.549718
2.59353 0.15001 -1.48146
-0.690082 0.15001 -2.52839
0.967717 0.15001 -2.69998
1.7777 0.15001 0.983402
1.61361 0.15001 -2.70435
-2.4944 0.15001 1.37598
2.62183 0.15001 1.24139
2.06989 0.15001 -1.02086
-0.543194 0.15001 -2.40166
1.73896 0.15001 -2.18251
2.83977 0.15001 0.21831
