2000 0.1
-2.45627 0.294508 -2.00956
-2.70542 0.15001 -0.997297
-2.84999 0.15001 -0.918362
-2.84999 0.15001 -0.599831
-2.84999 0.15001 -0.105583
-2.84999 0.15001 0.393464
-2.84999 0.15001 2.3328
-2.84999 0.15001 1.78772
-2.84999 0.15001 2.50678
-2.84999 0.15001 2.84999
-1.99344 0.15001 -1.48417
-2.56089 0.15001 -1.8636
-2.84999 0.15001 -0.76028
-2.69718 0.15001 -0.680492
-2.84999 0.15001 -0.270786
-2.84999 0.15001 0.225519
-2.84999 0.15001 0.735792
-2.84999 0.15001 1.61791
-2.70264 0.15001 2.2366
-2.69403 0.15001 2.84999
-2.84999 0.15001 -1.86693
-2.27145 0.15001 -1.65655
-2.56601 0.15001 -1.54834
-2.48588 0.296837 -0.6881
-2.70206 0.15001 -0.356002
-2.77839 0.302182 1.53317
-2.84999 0.15001 1.44798
-2.84999 0.15001 1.09149
-2.84999 0.15001 2.15609
-2.84999 0.441126 2.84999
-2.56417 0.15001 -1.70554
-2.7066 0.15001 -1.31167
-2.4761 0.296972 -0.499336
-2.7 0.15001 -0.191923
-2.70042 0.15001 -0.519615
-1.19707 0.304944 -0.277817
-2.70514 0.15001 0.649858
-2.84999 0.15001 0.914518
-2.57902 0.15001 2.34788
-2.38003 0.15001 2.84999
-1.85043 0.15001 -1.73385
-1.99491 0.15001 -1.64709
-2.46409 0.295085 -1.0614
-2.84999 0.15001 -0.436112
-2.40525 0.15001 -0.369498
-2.84999 0.306151 0.304367
-2.67728 0.304924 1.08414
-2.81854 0.450893 2.02464
-1.90833 0.292916 2.6208
-2.84999 0.31117 2.43504
-1.79584 0.15001 -0.431094
-2.70526 0.15001 -1.78811
-2.14751 0.299128 -0.46767
-2.54554 0.15001 -0.601782
-2.55249 0.15001 -0.441945
-2.46582 0.301762 -0.311636
-2.77868 0.305178 0.468336
-2.37318 0.318838 2.4444
-2.74881 0.27968 2.58785
-2.53804 0.15001 2.84999
-1.75933 0.296645 -0.975232
-2.84999 0.15001 -1.0759
-2.84999 0.15001 -1.23313
-2.39415 0.15001 -0.530491
-2.69757 0.15001 0.141146
-2.55309 0.15001 0.223264
-2.55712 0.317895 2.50106
-2.69173 0.283655 2.35848
-2.84999 0.309479 2.24519
-2.52872 0.15001 2.17498
-2.41736 0.15001 -1.77427
-2.10223 0.15001 -0.727017
-2.40189 0.15001 -0.849103
-1.26018 0.300747 -0.454568
-2.80094 0.298429 -0.523602
-2.42746 0.303352 2.13439
-2.84999 0.15001 1.27144
-2.84999 0.301627 1.17565
-2.84999 0.305649 1.36197
-2.29066 0.320412 2.75893
-1.39708 0.298529 -0.769299
-1.06807 0.310643 -0.125592
-2.56139 0.15001 -1.23479
-2.24367 0.15001 -0.635707
-2.40556 0.15001 -0.205047
-2.84999 0.316554 -0.00995707
-2.64451 0.308608 1.3321
-2.84999 0.309036 0.999604
-2.5912 0.300313 2.71339
-2.06246 0.15001 2.84999
-2.48029 0.298627 -0.878002
-1.61958 0.15001 -0.335995
-2.64175 0.299808 -0.429131
-1.75523 0.15001 -0.00384176
-2.63943 0.296476 -0.606498
-2.31893 0.295865 -0.590626
-2.84999 0.313085 1.69664
-2.62689 0.30256 2.14015
-2.71887 0.315801 2.84999
-2.24752 0.296314 2.5825
-2.84999 0.15001 -2.51201
-2.84999 0.15001 -1.54992
-2.55901 0.15001 -1.07488
-2.54848 0.15001 -0.761575
-2.84999 0.15001 0.0602694
-2.70443 0.15001 0.310172
-2.70335 0.15001 1.1798
-2.55778 0.15001 1.084
-2.66618 0.15001 2.66868
-1.66728 0.15001 2.69883
-2.70219 0.15001 -2.10015
-2.2437 0.15001 -0.967226
-1.4182 0.15001 0.561247
-2.11497 0.15001 -0.221832
-2.70434 0.15001 -0.0259054
-2.55477 0.15001 0.567807
-2.55841 0.15001 0.910017
-2.39994 0.15001 1.34165
-2.7012 0.15001 1.70302
-2.31765 0.15001 2.69511
-2.48008 0.296757 -1.82213
-2.26821 0.15001 -2.1694
-1.95257 0.15001 -0.468096
-2.25564 0.15001 -0.30397
-2.40749 0.15001 0.134827
-2.558 0.15001 0.737768
-2.70511 0.15001 1.00002
-2.7063 0.15001 1.88126
-2.84999 0.15001 2.6768
-2.22243 0.15001 2.84999
-0.470137 0.297351 0.0251969
-2.00127 0.300323 -0.362768
-2.09761 0.15001 -0.384349
-2.55196 0.15001 -0.279696
-2.11162 0.15001 0.129874
-2.55375 0.15001 0.0511015
-2.70084 0.15001 0.479405
-2.69816 0.15001 1.52919
-1.99093 0.15001 2.69603
-2.51979 0.15001 2.51839
-2.84999 0.15001 -1.70868
-2.84999 0.15001 -1.39113
-2.70259 0.15001 -0.83992
-2.39673 0.15001 -0.690545
-2.55368 0.15001 -0.114456
-2.40616 0.15001 0.304371
-2.70522 0.15001 0.823809
-2.70302 0.15001 1.35631
-2.48668 0.15001 2.68674
-2.84999 0.309751 2.73157
-2.84999 0.15001 -2.0265
-1.08967 0.15001 -0.00722527
-1.96212 0.15001 0.0436182
-1.96858 0.15001 0.401018
-2.40471 0.15001 -0.0365125
-2.26173 0.15001 0.0467496
-2.80338 0.301656 -0.344119
-2.55365 0.15001 1.26307
-2.55343 0.15001 1.97213
-2.34767 0.15001 2.53216
-1.83147 0.15001 -1.24513
-2.4221 0.15001 -1.61973
-2.55303 0.15001 -0.918994
-2.24222 0.15001 -0.469914
-1.94726 0.15001 -0.293833
-2.30491 0.298526 -0.221403
-2.64805 0.303804 0.895785
-2.81321 0.286696 2.06934
-2.44875 0.306449 2.84999
-1.74256 0.15001 2.84999
-1.65831 0.15001 -0.511374
-2.24801 0.15001 -0.802073
-1.96304 0.15001 -0.643556
-1.98798 0.15001 -0.124841
-1.82329 0.15001 0.486705
-1.97398 0.15001 0.223548
-1.82928 0.15001 0.310625
-2.40511 0.15001 1.70139
-2.40759 0.15001 1.16746
-1.99093 0.15001 2.52806
-2.40217 0.15001 -1.00446
-2.09787 0.15001 -0.552501
-1.5877 0.15001 -0.018113
-1.50026 0.15001 0.125972
-1.66703 0.15001 -0.163934
-2.18503 0.305945 1.13618
-2.14519 0.303867 0.205302
-2.40474 0.15001 1.88133
-2.40041 0.15001 2.05375
-2.84999 0.294224 1.8753
-2.31865 0.304568 0.110287
-1.4325 0.305181 -0.109225
-2.05846 0.300899 0.0318977
-2.58741 0.304497 0.496414
-1.813 0.15001 0.654203
-2.3511 0.306215 1.24102
-2.45448 0.305026 1.40141
-2.55617 0.15001 0.392638
-2.42197 0.302183 2.63065
-2.29012 0.302653 2.28594
-2.60118 0.29353 -2.27978
-2.41585 0.15001 -1.93192
-1.42044 0.15001 0.282202
-1.78739 0.15001 1.51031
-2.40573 0.15001 0.64763
-2.11061 0.15001 1.00388
-2.10489 0.15001 1.17332
-2.39823 0.15001 1.51735
-2.69509 0.15001 2.0652
-0.925203 0.15001 2.84999
-2.84999 0.15001 -2.18647
-1.33947 0.15001 -0.163563
0.323673 0.15001 1.439
-1.81716 0.15001 1.67139
-2.41116 0.15001 0.475209
-1.9474 0.15001 1.44235
-1.94456 0.15001 1.26957
-2.10712 0.15001 1.51989
-1.82856 0.15001 2.69659
-1.58078 0.15001 2.84999
-2.61753 0.294189 -1.93539
-2.26171 0.15001 -1.13033
-1.83469 0.15001 -0.138431
-1.53908 0.15001 0.664167
-2.12151 0.15001 -0.0388777
-2.40838 0.15001 0.817462
-2.55526 0.15001 1.79304
-2.41704 0.15001 2.37219
-2.16776 0.15001 2.53059
-1.25495 0.15001 2.84999
-1.70641 0.15001 -2.14032
-0.955157 0.15001 1.94155
-1.29153 0.15001 1.93358
-1.37885 0.15001 0.722088
-1.71686 0.311777 0.808157
-1.96629 0.15001 0.578924
-1.26869 0.15001 2.54697
-1.96836 0.15001 1.61349
-2.10264 0.15001 2.07827
-1.53323 0.15001 2.3951
-0.30617 0.31772 0.435647
-2.12533 0.15001 -1.39103
-1.33669 0.15001 0.135241
-1.38447 0.15001 1.78111
-2.2594 0.15001 -0.132315
-2.25715 0.15001 0.216477
-2.25915 0.15001 0.562899
-2.54967 0.15001 1.43596
-1.90178 0.15001 2.84999
-2.57907 0.427287 2.84999
-1.73976 0.301069 -0.592627
-1.17192 0.15001 0.136979
-1.65155 0.15001 1.09097
-1.51551 0.15001 0.429748
-1.81652 0.15001 0.835293
-2.1158 0.15001 0.311271
-2.25351 0.15001 1.2531
-2.25008 0.15001 1.42803
-2.24681 0.15001 1.98048
-2.07922 0.15001 2.37944
-1.72008 0.30439 0.609099
-2.41949 0.15001 -1.15812
-1.50572 0.15001 -0.16493
-1.66169 0.15001 0.556647
-1.82804 0.15001 0.143816
-2.11032 0.15001 0.485952
-2.41086 0.15001 0.991384
-2.61914 0.307714 1.70067
-2.25123 0.15001 2.38253
-1.09138 0.15001 2.84999
-1.67395 0.15001 -0.678764
-1.08595 0.15001 0.291565
-2.5154 0.305392 0.115227
-1.66461 0.15001 0.13195
-1.79812 0.15001 1.17884
-1.96239 0.15001 0.749753
-1.94442 0.322647 1.58944
-2.2583 0.15001 0.735875
-1.88977 0.15001 2.10816
-2.13693 0.31609 2.84999
-2.50031 0.304624 2.30297
-2.1022 0.15001 -0.893768
-1.83175 0.317194 -0.435756
-1.33235 0.15001 0.424881
-1.68628 0.15001 0.393596
-2.11182 0.15001 0.658074
-2.59376 0.311777 1.52391
-2.26076 0.15001 1.79156
-2.68215 0.314869 1.93421
-1.41791 0.15001 2.84999
-2.46151 0.297872 -0.121429
-1.9841 0.299311 -0.54747
-2.62662 0.300969 -0.03988
-2.46848 0.306944 0.355377
-1.90304 0.308414 0.143731
-2.66627 0.316797 0.689358
-2.2351 0.321228 1.76406
-2.1766 0.15001 2.22978
-2.70662 0.423352 2.48912
-1.7377 0.314052 2.68199
-0.964163 0.281703 -2.06611
-2.10856 0.15001 -1.06288
-1.58248 0.15001 0.272396
-0.0788035 0.15001 1.76365
-1.18592 0.15001 2.3926
-0.844418 0.15001 2.38212
-1.09754 0.15001 2.54422
-0.842962 0.15001 2.69423
-0.674922 0.15001 2.36862
-0.756835 0.15001 2.84999
-1.57186 0.299522 -0.690005
-1.4325 0.15001 -0.309856
-0.167099 0.15001 1.41174
0.193733 0.15001 1.71811
-2.1106 0.15001 0.832297
-1.55389 0.312208 2.24009
-1.9539 0.15001 1.09741
-2.11302 0.15001 1.87447
-2.10901 0.15001 1.70488
-1.5049 0.15001 2.69922
-2.31606 0.292758 -1.90971
2.25056 0.299345 1.96946
-1.63628 0.15001 1.27076
-0.257227 0.15001 1.6981
0.18085 0.15001 1.89188
0.00679942 0.15001 1.91785
-1.10211 0.15001 2.24159
-1.81406 0.15001 2.53042
-1.44168 0.15001 2.54393
-0.416447 0.15001 2.84999
1.0327 0.15001 0.141135
-1.21268 0.15001 1.76609
-0.715316 0.15001 1.71459
0.345806 0.15001 1.79166
-1.36592 0.15001 2.09124
-1.46205 0.15001 1.94167
-1.44938 0.15001 2.24523
-1.80899 0.15001 1.95327
-2.25467 0.15001 1.61158
-1.01215 0.15001 2.69738
2.61056 0.286278 -1.11676
-1.96302 0.15001 -0.815843
0.0426011 0.15001 1.6414
-0.377162 0.15001 1.81708
-0.802229 0.15001 2.02753
-1.01574 0.15001 2.39104
-1.62409 0.15001 2.2495
-1.35859 0.15001 2.3942
-1.71163 0.15001 2.39622
-1.48556 0.308093 2.80327
-1.16824 0.15001 0.448318
-2.0196 0.305711 0.342445
-1.21345 0.15001 0.754304
-1.1939 0.15001 2.08785
-1.53996 0.15001 2.09895
-2.30466 0.309115 0.79772
-2.19666 0.303039 1.32856
-2.01708 0.30241 1.01987
-1.71422 0.15001 2.10219
-2.34791 0.15001 2.21539
-1.53693 0.308133 1.09653
-1.81437 0.15001 -0.586653
-1.42014 0.15001 -0.017489
-1.73277 0.15001 1.80737
-1.02325 0.15001 2.08986
-2.05564 0.302697 1.44054
-1.48639 0.31544 2.4429
-0.927976 0.15001 2.54138
-2.00114 0.15001 2.2295
-1.67034 0.313351 2.84999
-1.80245 0.307751 0.402604
-1.24918 0.15001 0.283846
-0.827353 0.15001 0.42795
-2.21055 0.306052 0.634927
-0.496737 0.305478 0.784009
-1.96161 0.15001 0.924626
-1.93892 0.15001 1.79381
-1.87556 0.30874 1.15604
-2.44802 0.301929 1.79447
-0.852774 0.311916 2.84999
-1.89669 0.312106 2.43942
-1.50585 0.15001 0.995847
-2.50828 0.325074 1.96949
-1.86583 0.299101 -0.234279
-2.08404 0.312526 2.66776
-1.63011 0.304085 2.05316
-2.13412 0.301211 1.60616
-1.97775 0.15001 1.96623
-1.83134 0.312687 1.73656
-1.26056 0.324049 2.84977
-2.63687 0.307058 0.271823
-1.56753 0.15001 1.79566
-1.71768 0.306577 0.99975
-2.05659 0.306516 -0.168427
-2.06238 0.303117 0.747715
-1.17365 0.311411 1.05712
-2.481 0.307368 0.685832
-1.87498 0.311558 1.39896
-2.23906 0.272661 2.10979
-1.61893 0.15001 2.54118
-0.336759 0.303285 -0.127861
-0.627008 0.292458 -0.255282
0.530426 0.15001 0.865949
0.455726 0.15001 1.32996
0.498633 0.15001 1.68361
0.267993 0.15001 2.24595
0.37367 0.15001 2.39383
0.192532 0.15001 2.39712
-0.501128 0.15001 2.3865
-0.0750713 0.15001 2.84999
-1.5554 0.306439 0.906307
-0.906079 0.298313 -1.39311
0.178843 0.15001 1.53569
0.364324 0.15001 0.808061
0.504542 0.15001 1.86193
0.097361 0.15001 2.23976
-0.0877508 0.15001 2.21651
0.0276133 0.15001 2.08576
-0.576181 0.15001 2.22501
-0.673039 0.15001 2.6949
-1.12716 0.303038 1.80374
-0.365879 0.306746 0.623747
0.706009 0.319195 1.49686
0.530489 0.303484 1.39909
0.621601 0.15001 1.39214
0.197443 0.15001 2.0682
-0.548985 0.306835 2.00449
-0.343132 0.306325 1.90547
-0.754127 0.15001 2.20476
0.25885 0.15001 2.84999
-1.30467 0.15001 1.60702
-1.80778 0.15001 1.00796
-0.209901 0.15001 1.87236
-0.784626 0.295874 1.17276
0.353224 0.15001 1.95998
-0.512055 0.298145 1.5658
-0.441541 0.302956 1.31506
-0.757849 0.15001 2.53757
-0.765669 0.310873 2.67629
-0.586814 0.15001 2.53661
0.0721207 0.15001 -1.9723
-1.00154 0.15001 0.440637
0.595222 0.15001 0.548683
0.0765864 0.302742 1.51059
0.685068 0.291927 2.42359
-0.363612 0.304172 1.46668
0.27877 0.324891 2.84999
-0.465271 0.15001 2.0927
-0.880085 0.288289 2.10403
-0.15541 0.15001 2.70009
-0.473753 0.15001 1.47102
-1.48821 0.15001 1.65197
-0.231239 0.15001 1.05785
-0.502786 0.15001 1.92926
-0.670141 0.15001 1.8888
-0.32702 0.15001 1.99389
-0.935249 0.293949 1.81822
-0.134943 0.15001 2.02848
-2.32764 0.300415 1.93731
-0.500149 0.15001 2.6969
0.489583 0.15001 0.390836
-0.205989 0.308566 0.730261
-1.07896 0.3045 1.99292
-0.382123 0.15001 1.19976
-0.118874 0.305451 1.48463
0.337538 0.15001 1.61349
-0.862781 0.302603 1.51263
-1.18678 0.305253 2.28724
-0.419651 0.299264 2.31855
-0.585392 0.15001 2.84999
-1.5589 0.299637 1.52777
-0.545629 0.15001 1.76072
-1.79267 0.15001 1.34639
-0.634997 0.301046 1.77683
-1.74768 0.313822 1.5732
-1.26824 0.311804 2.04636
-1.37046 0.307582 2.27823
-2.09124 0.307762 2.26811
-0.859257 0.30718 2.49512
-0.24841 0.15001 2.84999
-2.28575 0.309036 1.49631
-1.66207 0.15001 0.91787
-0.831152 0.15001 1.83626
-1.88389 0.309119 0.900427
-0.292991 0.15001 1.52763
-1.27614 0.15001 2.24046
-1.14901 0.309632 2.63535
-2.1354 0.311377 1.95368
-0.326415 0.15001 2.69825
0.018636 0.311139 2.84999
-1.67593 0.15001 0.746912
-1.65334 0.15001 1.62375
-1.70649 0.302309 -0.0836846
-1.71741 0.310123 1.88503
-1.3583 0.305822 2.61387
-0.924808 0.15001 2.22731
-1.89754 0.301575 2.2383
-0.787897 0.297348 2.29936
-2.08991 0.306518 2.46817
-0.242195 0.15001 2.54396
-0.532065 0.15001 -2.1024
0.00546803 0.318592 2.13621
0.902659 0.15001 1.1852
1.12888 0.15001 0.504113
1.03301 0.15001 1.30631
1.20669 0.15001 2.12137
0.495154 0.15001 2.05717
0.276342 0.15001 2.54379
0.684556 0.15001 2.69726
0.424431 0.15001 2.84999
1.77496 0.296227 -1.65386
0.931644 0.15001 0.630588
0.0800983 0.301752 0.91769
0.240829 0.15001 1.10049
0.824646 0.15001 1.63067
0.960804 0.15001 1.8885
0.817676 0.15001 1.98734
0.320931 0.308439 2.46338
-0.152802 0.15001 2.38392
-0.325598 0.15001 2.39321
2.68099 0.312508 1.33335
0.909521 0.15001 0.268017
0.408646 0.15001 1.1611
0.954571 0.15001 1.51366
0.982764 0.15001 1.70558
1.11505 0.15001 1.58334
0.601192 0.15001 2.19148
0.925288 0.15001 2.33857
0.763528 0.15001 2.84999
1.09751 0.15001 2.84999
2.28338 0.304136 -0.793
-0.0641653 0.15001 1.12811
0.13099 0.15001 1.36883
0.270975 0.15001 1.27156
0.817164 0.15001 1.80297
1.03035 0.15001 2.17539
0.220829 0.302856 1.62873
0.560111 0.15001 2.37534
0.85208 0.15001 2.69095
0.183534 0.15001 2.69394
0.135229 0.303035 0.358245
1.12464 0.15001 -1.30519
-0.0819731 0.15001 0.960516
0.747513 0.15001 1.26479
1.27159 0.299909 1.41675
1.12027 0.308974 2.08172
0.854196 0.15001 2.1738
0.628011 0.15001 2.53734
0.257618 0.29693 1.94716
-0.0497164 0.304218 1.65781
-1.12449 0.15001 1.92693
-0.454123 0.15001 0.872519
-1.99928 0.296144 2.08379
0.344701 0.306977 0.0549326
0.545189 0.299057 1.58786
1.56877 0.304746 1.69823
-0.771745 0.299026 1.92049
0.755161 0.274748 2.59
0.442117 0.15001 2.23789
-0.398157 0.15001 2.24361
-0.598444 0.15001 1.59142
-0.794946 0.15001 0.737417
-0.126706 0.15001 1.58995
-0.204979 0.15001 1.23547
0.363265 0.306489 2.28105
0.652848 0.15001 1.76699
-1.05785 0.311707 2.47635
0.878588 0.301064 2.46168
-0.0736563 0.15001 2.54572
0.66815 0.311703 2.83915
-1.52684 0.312425 1.29378
-0.42391 0.15001 1.63859
-1.04876 0.31984 2.84999
-0.488141 0.305333 2.48788
-0.913391 0.304472 1.33138
-0.799667 0.306496 1.68518
-0.296275 0.306354 1.62288
-0.601746 0.306012 2.31691
-0.0637267 0.308285 2.29466
0.0935961 0.15001 2.84999
-2.03938 0.298619 1.77652
-1.39428 0.302678 1.6555
-1.6271 0.306065 1.71452
0.840025 0.325864 1.20539
0.583291 0.315796 1.7747
0.433151 0.316361 1.89083
1.22304 0.308713 1.58898
1.73798 0.15001 1.51483
0.351116 0.15001 2.69566
0.595539 0.15001 2.84999
0.143042 0.311401 2.35147
0.505964 0.30723 0.496484
-0.447989 0.30184 1.73089
-1.04757 0.309741 2.17222
0.380891 0.303216 1.51393
0.0386842 0.308846 1.32402
0.454578 0.15001 2.54463
0.307843 0.313506 2.65207
0.134175 0.314186 2.71667
0.918918 0.313939 2.68075
0.371928 0.282253 -0.206895
-1.02702 0.294349 -1.53489
0.579318 0.15001 1.21088
1.7321 0.15001 0.510227
1.35356 0.15001 0.906625
1.32889 0.15001 1.34936
1.61844 0.15001 1.39335
1.36945 0.15001 1.82228
1.15833 0.15001 2.28976
0.931664 0.15001 2.84999
1.09486 0.30799 -1.19956
0.777698 0.15001 1.06514
0.794109 0.302802 0.300677
1.56345 0.15001 0.470818
1.19607 0.15001 1.23764
1.16171 0.15001 1.4153
1.12488 0.15001 1.82967
0.787365 0.15001 2.4641
1.07447 0.15001 2.43809
1.31976 0.15001 2.69363
1.69251 0.286212 -1.46501
-0.874467 0.291033 0.677573
1.82678 0.15001 0.211343
1.65789 0.15001 0.154269
1.18649 0.15001 0.848511
1.74804 0.15001 1.27793
1.76153 0.285106 1.38969
1.17815 0.15001 2.58584
1.60141 0.15001 2.35106
1.25952 0.15001 2.84999
1.872 0.15001 -0.328759
0.5915 0.15001 1.03366
-0.10459 0.318372 1.17271
1.06603 0.15001 1.12724
0.999464 0.15001 0.79286
1.59912 0.299881 1.49743
1.22466 0.15001 1.03475
1.2933 0.15001 1.53103
1.0339 0.15001 2.69017
1.50231 0.15001 2.69074
-0.00813902 0.30288 -1.01485
1.4196 0.15001 -0.254069
1.20019 0.15001 0.187026
0.881195 0.15001 0.924814
0.893652 0.304306 0.798706
1.63392 0.301193 1.25747
1.23743 0.300225 1.85415
1.24455 0.15001 1.7029
1.42643 0.313436 1.89992
1.50773 0.31078 2.84999
0.491383 0.15001 0.694306
0.466978 0.301775 -0.539772
-0.281052 0.15001 0.881524
-0.034088 0.309486 2.64729
1.01612 0.302346 1.20641
0.938487 0.266151 1.04499
1.45997 0.15001 1.46904
1.25269 0.15001 1.95092
1.13776 0.317451 2.3956
0.821491 0.299115 2.27677
0.943033 0.250693 2.05896
1.13749 0.362954 1.31727
-0.477583 0.315756 2.84999
0.561869 0.308745 2.02038
1.05336 0.15001 0.958411
1.54349 0.389593 1.02619
0.924535 0.304078 1.61259
1.29287 0.294359 2.56235
1.66574 0.31585 2.75602
1.32174 0.31362 2.84999
1.36483 0.15001 0.235297
0.0818771 0.302002 1.97967
-0.849689 0.301973 0.958021
0.028325 0.297577 -0.0865249
0.743095 0.294357 1.68484
1.28484 0.307497 1.21903
1.40781 0.3047 1.54346
1.30546 0.314593 2.04948
0.564548 0.305039 2.28424
1.01636 0.300079 2.26626
2.41159 0.292589 2.45813
1.05248 0.28571 1.46629
-0.0549459 0.302595 0.0992972
0.558068 0.301936 0.761463
1.22727 0.296708 0.644431
1.44682 0.308008 1.35891
1.9637 0.296011 1.67547
1.47467 0.321451 2.6498
1.2594 0.15001 2.4313
1.04134 0.313574 2.84999
-0.679158 0.314163 1.0046
-0.406016 0.15001 1.03425
0.737985 0.301132 0.66917
0.106755 0.305816 1.10927
0.775403 0.304584 0.960217
0.695138 0.312593 1.31106
1.05587 0.305624 1.90475
0.0146011 0.15001 2.69771
1.23191 0.301037 2.22712
0.482644 0.310864 2.84999
2.84999 0.15001 -1.14111
2.52948 0.15001 -1.01952
1.68389 0.15001 -0.513543
1.89603 0.15001 0.555253
2.32743 0.15001 0.998193
2.22764 0.15001 1.30594
1.72289 0.15001 1.69663
1.58376 0.15001 1.59387
1.72605 0.15001 1.87838
1.59588 0.15001 2.84999
2.22259 0.15001 -1.03141
0.348812 0.15001 -0.811238
1.32836 0.15001 -0.616556
2.01057 0.15001 -0.226181
1.65175 0.15001 0.812897
1.47618 0.15001 1.03771
1.35378 0.15001 1.1609
1.3782 0.15001 2.07445
1.33117 0.15001 2.24407
1.67749 0.15001 2.68913
1.24034 0.286243 -0.910612
0.775389 0.15001 -1.01814
2.14651 0.15001 0.0921968
1.85131 0.15001 0.381816
2.00448 0.15001 0.900196
2.08734 0.15001 1.20183
1.88319 0.15001 1.41773
2.05062 0.15001 1.73591
1.95273 0.15001 2.54699
1.42617 0.15001 2.84999
0.842303 0.15001 -1.47953
2.17568 0.15001 -0.282672
1.40486 0.15001 0.406248
1.69217 0.15001 0.331482
1.30593 0.15001 0.720047
1.56726 0.30622 0.204647
1.91929 0.15001 1.24294
1.4229 0.15001 1.65384
1.3251 0.307513 2.38446
1.76624 0.15001 2.53924
0.912956 0.15001 -0.367514
1.46424 0.304576 2.26828
0.542903 0.15001 -0.596363
1.62173 0.15001 0.642995
2.84999 0.309623 0.530393
1.96795 0.15001 1.07269
2.04737 0.15001 1.55142
1.80511 0.15001 2.04191
1.69195 0.15001 2.19652
2.02289 0.304145 2.84999
0.188029 0.30363 2.16748
1.5892 0.15001 -0.202798
0.819964 0.15001 0.761196
1.33329 0.304042 -0.0315154
1.29407 0.15001 0.543083
1.35988 0.305097 0.781651
1.71315 0.307305 0.873658
1.56012 0.15001 1.78124
2.06605 0.289332 2.35691
1.6831 0.301088 2.29664
2.84999 0.30892 -0.125695
0.988859 0.15001 -0.0325531
1.60273 0.306287 -0.552127
1.36272 0.302385 1.7209
1.47525 0.15001 0.781396
1.90883 0.326071 1.26648
2.30196 0.301751 1.44639
2.09793 0.292581 1.85581
2.1041 0.15001 2.45127
1.76527 0.15001 2.84999
1.04373 0.15001 -0.527544
0.40123 0.15001 0.988727
0.730696 0.300996 -0.0277294
1.79703 0.15001 0.0403136
1.37756 0.307444 0.14567
1.79288 0.15001 0.701598
1.46961 0.291829 1.16922
2.25874 0.301418 1.73287
2.55689 0.313652 1.92285
1.48758 0.15001 1.94294
0.503292 0.301619 2.4563
0.590977 0.308505 -0.187695
0.214077 0.300962 -0.112356
2.84968 0.425489 0.320469
1.53576 0.298052 0.0181548
0.874742 0.29664 0.517867
1.51379 0.262156 0.907344
1.89367 0.303782 2.0881
1.99903 0.15001 1.90503
1.83418 0.312788 2.84999
1.17723 0.265203 2.7251
0.961366 0.300013 0.0578334
1.48537 0.298816 -0.16806
1.33929 0.302135 0.325476
0.593335 0.312267 0.939928
1.1325 0.301836 1.01514
1.76273 0.311472 1.75896
1.77292 0.15001 2.36284
1.65989 0.304722 2.54862
1.0607 0.288209 2.56341
2.84999 0.15001 -2.04254
0.481488 0.15001 -0.932954
1.87738 0.15001 -0.514373
1.92275 0.15001 -0.0730677
2.84999 0.15001 0.985072
2.5389 0.15001 1.69556
2.50566 0.15001 1.8692
2.39235 0.15001 2.17597
2.55009 0.15001 2.24527
2.12351 0.15001 2.84999
2.03181 0.15001 -1.32161
1.58897 0.15001 -0.851899
1.50398 0.15001 -0.560075
1.70493 0.15001 -0.33589
2.534 0.15001 1.01569
2.19123 0.15001 0.84631
2.21681 0.15001 1.83263
1.88551 0.15001 1.60337
1.868 0.15001 2.21013
2.21454 0.15001 2.69001
2.30843 0.15001 -2.55985
2.84999 0.15001 -2.36556
2.36639 0.15001 -0.750376
2.84997 0.298007 0.208102
2.69488 0.15001 1.08281
2.38197 0.15001 1.39197
2.69219 0.15001 1.61034
2.84999 0.29723 2.32547
2.39796 0.15001 2.70581
2.84999 0.396926 2.68266
-1.72964 0.311584 2.31476
1.69519 0.15001 -0.98426
0.874142 0.15001 -0.532721
2.32158 0.15001 0.612668
2.51396 0.15001 0.644411
2.51198 0.15001 1.19264
2.01675 0.278426 0.55509
2.36289 0.15001 1.57335
2.06842 0.15001 2.23475
1.93972 0.15001 2.84999
1.05952 0.307488 -0.991713
1.64079 0.15001 -1.74314
2.21338 0.15001 -0.664602
2.67077 0.15001 0.178077
2.6656 0.298421 0.781687
2.63519 0.308834 1.72208
1.96267 0.301803 1.47224
2.26937 0.312575 2.19218
2.51685 0.296106 2.60742
2.40112 0.293991 2.84999
2.84999 0.15001 -0.399359
0.457572 0.302757 -1.2324
0.829978 0.15001 -0.693148
1.01241 0.301537 -0.135986
2.30092 0.15001 0.410663
2.3658 0.15001 0.799158
2.53117 0.15001 1.52026
2.46325 0.299503 0.739979
2.43712 0.304033 2.26583
1.49635 0.298268 2.46043
2.84999 0.15001 -1.88081
2.04783 0.15001 -0.577555
0.99672 0.15001 -0.693518
1.36884 0.15001 -0.443039
2.68803 0.15001 0.701694
2.62765 0.309601 -0.538643
2.11352 0.304829 1.32117
1.09077 0.302948 0.810065
2.25352 0.315971 2.38212
2.2098 0.303254 2.84998
1.13974 0.15001 -0.997067
2.46347 0.295004 1.62086
1.53081 0.15001 0.287016
2.52148 0.310458 -0.0302888
2.01159 0.15001 0.420685
2.57308 0.307313 0.43177
-0.14979 0.320662 0.936712
2.73049 0.300357 1.91381
2.12943 0.30317 1.58324
2.30323 0.297919 2.62703
2.43176 0.307162 -0.648029
0.768692 0.15001 -0.227621
2.7005 0.15001 -0.508297
2.66128 0.306622 0.592631
2.55476 0.294606 0.169182
2.06903 0.300239 1.00913
1.54955 0.300282 0.724699
2.41752 0.294336 2.06387
1.88888 0.30912 2.2815
2.10265 0.272112 2.58149
0.571119 0.15001 -0.431062
2.41483 0.303639 -0.183831
1.95338 0.308023 -0.562778
0.637857 0.302899 0.177027
2.2592 0.293362 -0.356939
1.71624 0.30419 0.612383
1.78601 0.15001 1.10635
1.50695 0.287382 2.07571
1.70476 0.303092 2.07995
0.851668 0.311168 2.84999
2.84999 0.15001 -1.55111
2.84999 0.15001 -0.04781
2.84999 0.15001 0.460667
2.84999 0.15001 0.806178
2.84999 0.15001 0.630907
2.69658 0.15001 1.43456
2.84999 0.15001 1.8777
2.69412 0.15001 2.13996
2.84999 0.15001 2.67259
2.58545 0.15001 2.68224
2.51707 0.15001 -0.837702
2.21066 0.15001 -0.852122
2.51768 0.15001 -0.230102
2.19542 0.15001 -0.4719
2.42024 0.15001 0.280092
2.68681 0.15001 1.25704
2.21042 0.15001 1.47832
2.52417 0.15001 2.05158
2.71288 0.15001 2.54793
2.30286 0.15001 2.84999
2.84999 0.15001 -0.956419
2.84999 0.15001 -0.224655
2.84999 0.15001 0.122599
2.84999 0.15001 1.52576
2.84999 0.15001 1.70041
2.84999 0.15001 2.05078
2.84999 0.15001 2.23365
2.84999 0.15001 2.42666
2.84999 0.15001 2.84999
2.68021 0.15001 2.84999
1.7148 0.15001 -1.33412
2.58995 0.29029 -0.76025
2.52551 0.15001 -0.473039
1.40909 0.301393 -0.560233
1.80172 0.307093 1.57001
2.40494 0.27791 1.26904
2.84999 0.28801 1.08252
2.67236 0.15001 1.96086
2.14794 0.15001 1.99076
2.22882 0.15001 2.31959
2.52267 0.15001 -0.652256
2.66887 0.15001 -0.331846
2.84999 0.15001 0.292089
2.65748 0.15001 0.515175
2.84999 0.15001 1.17156
2.39821 0.305747 1.84467
2.84999 0.306972 1.44279
2.70478 0.15001 2.32789
2.84999 0.273192 2.54933
2.49172 0.15001 2.84999
2.84999 0.15001 -0.599448
1.62519 0.15001 -0.682793
2.84999 0.307114 -1.04608
2.84999 0.310553 0.7167
2.69442 0.15001 0.899676
2.21373 0.306432 0.55195
2.54506 0.192369 1.35506
2.34979 0.15001 1.96683
2.84999 0.311449 1.78992
2.68622 0.422706 2.84999
2.84999 0.15001 -1.33594
2.84999 0.302497 -0.687806
1.77201 0.302386 -1.22647
2.76802 0.29707 -0.304242
2.84999 0.305912 0.899764
2.84999 0.304433 1.26406
2.84177 0.297563 2.14593
2.7193 0.26504 2.70728
2.8498 0.423769 2.45041
2.84999 0.323154 2.84999
2.84999 0.15001 -0.78087
1.43636 0.15001 -0.915426
2.54083 0.15001 0.820859
2.51207 0.277936 -0.355273
2.6207 0.307498 0.95415
2.84999 0.15001 1.34841
1.34196 0.292981 1.02778
2.84914 0.306967 1.61657
1.84903 0.279677 2.45753
2.51313 0.416915 2.75027
1.75613 0.15001 -0.797956
0.631663 0.303474 -1.55201
0.706642 0.15001 -0.556452
0.0577619 0.294394 -1.5549
2.2691 0.27474 0.734194
2.15183 0.15001 0.672032
1.69276 0.298412 1.07735
2.59964 0.301471 2.36657
2.58176 0.287974 2.84999
2.32202 0.448888 2.84999
0.0635553 0.15001 -0.752306
0.738954 0.309788 -0.624054
1.74916 0.314959 0.0958778
1.68552 0.308005 -0.135995
2.15665 0.15001 0.500442
2.57901 0.15001 0.325614
2.37311 0.311266 1.09183
2.63681 0.303285 1.50943
2.61367 0.305615 2.10939
2.09791 0.286537 2.11081
-0.447446 0.281893 -0.314002
-2.60934 0.290091 -1.16336
-2.69388 0.15001 -2.55438
-2.70008 0.15001 -2.40497
-2.5457 0.15001 -2.18903
-2.10528 0.15001 -2.42067
-2.69609 0.15001 -2.2535
-1.01559 0.290628 -0.877881
1.2359 0.15001 -2.54446
-1.17024 0.15001 -0.450113
-2.32067 0.285028 -1.7345
-0.876338 0.290035 -2.7967
-2.01573 0.286661 -2.73955
-0.403358 0.15001 -0.42302
-2.75422 0.29059 -1.71762
-1.63499 0.289526 -1.26104
-1.1078 0.15001 -0.681859
-1.23573 0.283766 0.869629
-1.82107 0.15001 -0.91234
2.05525 0.15001 1.37867
-1.34243 0.15001 2.69899
-0.00192718 0.15001 1.47315
-1.32556 0.291412 -1.30724
-0.208796 0.15001 -2.70418
-0.799502 0.281476 -2.16239
-2.40366 0.251742 -2.73583
-2.36887 0.299372 1.05803
-0.0233242 0.15001 -0.297538
-1.91907 0.288313 -1.06666
-2.78386 0.291232 -0.16544
0.435763 0.15001 -1.71553
-2.12329 0.284994 -2.59624
0.443904 0.262594 -2.42363
-1.2358 0.15001 -2.41412
-2.33783 0.15001 -2.84999
-2.18388 0.296821 0.440618
-1.15583 0.15001 -2.25978
-2.1374 0.15001 -1.56637
-0.175128 0.300369 -0.83405
-0.525062 0.15001 -0.534839
-1.69649 0.292593 -2.65329
-2.16998 0.286713 -1.14387
-1.42748 0.292697 -2.49431
-0.622828 0.288613 -1.55607
-0.466114 0.2739 -1.81821
-0.984084 0.299175 -1.05689
-0.38696 0.15001 0.547213
-2.44146 0.286353 -2.1854
-2.26092 0.15001 1.08013
-0.0457523 0.295181 2.46453
-1.10416 0.15001 -1.02063
-1.15118 0.276903 -2.12558
-1.56521 0.15001 -1.90208
-1.81865 0.281476 -2.45856
-2.20037 0.290693 -2.76872
-1.26268 0.15001 -1.42777
-1.97913 0.15001 -1.31992
-2.7088 0.15001 -1.62946
-1.41402 0.15001 -1.6654
-0.673183 0.296392 0.221652
-1.71675 0.15001 -2.45306
-2.24786 0.284745 -2.44313
-2.60491 0.282653 -2.44855
-2.78685 0.288797 -2.4277
-1.38957 0.15001 -0.85503
-2.40919 0.15001 -2.09565
-2.14111 0.288913 -0.64465
-1.43532 0.291223 -0.950827
-0.594221 0.15001 0.962872
-0.398904 0.29771 2.65256
-2.33237 0.288949 -0.769164
-2.13352 0.15001 -2.07496
-0.847962 0.15001 -1.86741
-0.0973445 0.15001 -1.96839
-1.79482 0.288771 -1.6567
-2.27018 0.15001 -1.82877
-1.55707 0.15001 -1.57997
-2.63517 0.292987 -0.795447
-2.31933 0.289611 -0.94469
-1.49574 0.299434 0.196641
-2.24154 0.289521 -2.07811
-2.77903 0.282226 -2.60588
-0.215153 0.15001 0.5274
-1.50488 0.289442 -1.82915
-2.1335 0.15001 -1.73594
-1.91427 0.288745 -0.717055
-1.1904 0.15001 1.13098
-2.51396 0.289901 -1.32404
-2.78888 0.292058 -0.703487
-1.95155 0.307975 2.84795
-1.39197 0.15001 -2.70865
-1.96884 0.15001 -1.15269
-1.76599 0.289083 -1.8879
-1.84569 0.15001 -1.41216
-1.95663 0.289213 -1.89606
-2.26036 0.15001 -1.298
-1.54324 0.283992 -0.265226
-2.26612 0.15001 -1.4665
-1.09167 0.15001 0.606512
-2.3022 0.29397 0.293507
-0.414182 0.15001 2.54442
-2.50114 0.15001 -2.84999
-2.25385 0.15001 -2.35265
-1.12308 0.15001 -1.51964
-1.56472 0.15001 -2.07193
-1.67751 0.15001 -1.00714
-1.24887 0.15001 -0.769508
-1.00409 0.15001 -0.147876
-1.67595 0.15001 -0.843672
-2.31291 0.28678 -0.406654
-1.41282 0.265929 -0.564531
-1.49897 0.28994 -2.65472
-2.84999 0.15001 -2.84999
-0.880005 0.15001 -2.42415
1.14768 0.294699 0.264907
-2.53654 0.15001 -2.51908
-1.92753 0.15001 -2.46671
-1.38146 0.294077 0.971728
-1.21082 0.15001 0.968011
-2.84999 0.298219 0.638529
2.55834 0.298776 1.11943
-2.15429 0.15001 2.69586
-2.84999 0.15001 -2.68089
-0.212986 0.297575 2.63483
-1.26813 0.15001 -1.59257
-2.27231 0.15001 -1.99654
-1.41676 0.15001 -1.82653
-1.17223 0.15001 -0.159146
-1.41033 0.15001 -1.50366
-1.87804 0.298883 0.713245
-1.04279 0.15001 -2.13416
1.15058 0.299047 -0.305827
-2.84999 0.15001 -2.34679
-2.39135 0.15001 -2.43676
-1.95326 0.289477 -1.72139
-2.55639 0.15001 -2.02359
-2.33915 0.280326 -1.21584
-2.39791 0.15001 -2.27024
-0.269906 0.299748 2.45311
1.88503 0.274443 -0.184321
-1.11418 0.15001 -1.35468
-0.794324 0.288074 -1.64062
-1.76538 0.290815 -2.06832
-2.67027 0.15001 -2.84999
-1.32741 0.27374 -2.03391
-1.34226 0.15001 -0.459549
-2.56559 0.15001 -1.39211
-2.70865 0.15001 -1.46984
-1.47162 0.15001 1.33488
-0.112375 0.285879 0.475631
-1.77629 0.15001 -0.281625
-2.5242 0.15001 -2.68687
-2.43171 0.29192 -2.36055
-1.70667 0.15001 -1.97819
-0.714339 0.15001 -2.70818
-2.70555 0.15001 -1.94445
-2.34622 0.282778 -1.39281
-1.14854 0.15001 -2.01351
-0.575768 0.15001 0.271115
-1.49663 0.15001 1.16858
-0.504472 0.287413 1.00606
-0.858041 0.295481 -0.0487684
-2.42293 0.15001 -1.46685
-1.9954 0.15001 -2.15004
-2.15745 0.290483 -1.82855
-1.99469 0.15001 -1.81435
-2.7692 0.291376 -1.08554
-0.8252 0.282286 -0.285542
-1.353 0.15001 1.06715
-2.6261 0.291327 -0.979667
-2.26891 0.286182 -2.25946
-2.76673 0.275508 -2.78156
-1.8367 0.15001 -2.84999
-2.00323 0.289402 -2.43135
-1.70259 0.15001 -1.65596
-2.11491 0.15001 -1.22637
-0.674478 0.15001 -0.150469
-0.666526 0.15001 0.12881
-2.03174 0.291696 1.24188
-1.25678 0.15001 0.591151
-1.93355 0.276829 -2.58978
-2.6879 0.15001 -2.70317
-1.85029 0.15001 -2.04926
-2.54367 0.15001 -2.35298
-1.99388 0.15001 -1.98344
-2.13178 0.15001 -1.90794
-1.33729 0.298865 0.294311
-1.09457 0.15001 -0.302711
-2.09832 0.15001 1.34543
-2.77217 0.296883 0.141927
-2.60061 0.286019 -2.10987
-2.44677 0.28973 -2.53667
-1.92688 0.15001 -2.70096
-1.82531 0.15001 -2.34895
-1.85236 0.15001 -1.89276
-1.96442 0.15001 -0.985464
-0.932666 0.15001 -0.291272
-0.649644 0.15001 0.430183
-2.84999 0.15001 0.559364
-2.81555 0.295045 0.819923
-2.38521 0.15001 -2.59786
-2.1024 0.15001 -2.71062
-1.40092 0.15001 -2.419
-1.53051 0.15001 -0.773402
-1.2496 0.15001 -0.594834
-1.02591 0.15001 1.17799
-0.680271 0.289207 2.47347
-1.79239 0.289413 -1.34743
-2.41727 0.15001 -1.3128
-0.689844 0.291466 2.1365
-0.795081 0.15001 -2.56543
-1.30619 0.15001 -2.84999
-2.08036 0.291135 -0.981446
-1.42105 0.15001 -2.14424
-1.40447 0.15001 -1.34393
-0.911878 0.287935 -0.520789
-1.91973 0.292282 -0.893072
-0.522918 0.15001 1.30568
-1.60056 0.296932 0.440146
0.0793328 0.15001 0.647661
2.40806 0.290718 0.374843
-0.367987 0.288328 -2.30938
-1.32557 0.15001 -2.27616
-0.83272 0.299132 0.502515
-1.00016 0.15001 -0.452084
-1.0061 0.15001 0.14255
-1.20237 0.282975 1.56026
-0.822791 0.15001 1.38795
-2.70475 0.15001 -1.15474
-1.39893 0.296023 1.4157
0.561729 0.15001 -2.33687
0.732864 0.274157 1.88558
-1.98328 0.15001 -2.31357
-1.5612 0.15001 -2.43178
-0.234708 0.15001 0.228567
-2.15932 0.289974 -0.821233
-1.61199 0.287752 -1.98907
-2.22483 0.29468 -0.0531226
0.940241 0.15001 2.54264
-0.664419 0.301542 2.84999
2.47481 0.15001 0.467376
-2.00514 0.15001 -2.84999
-0.536415 0.15001 -2.41063
-1.55971 0.15001 -1.74028
-0.669317 0.15001 -0.797026
0.101731 0.15001 -0.419556
-0.355725 0.15001 -0.244809
-0.923648 0.15001 -0.00142552
-1.11225 0.15001 1.62292
-0.58663 0.292343 2.64126
0.269257 0.15001 -0.350736
-2.26416 0.15001 -2.70349
-1.07562 0.15001 -2.42034
-1.70535 0.15001 -1.81575
-0.671603 0.15001 -1.12876
-1.30312 0.15001 1.41446
-1.81968 0.15001 -0.747888
-0.836648 0.15001 -0.158337
-0.919097 0.15001 0.287614
0.48518 0.15001 1.50501
-1.21172 0.289648 -0.681255
-1.65734 0.15001 -2.84999
-1.42871 0.15001 -1.98653
-1.54369 0.15001 -1.26173
-1.94346 0.287832 -2.07387
-1.52782 0.15001 -0.611511
-0.480847 0.295812 0.294184
-1.51706 0.15001 0.827768
0.0561145 0.15001 0.84365
-0.165684 0.299491 2.84999
-0.71808 0.15001 -0.3032
-2.22437 0.15001 -2.53802
-2.04257 0.15001 -2.56922
-1.3921 0.15001 -1.1838
-1.6952 0.15001 -1.33472
-0.758189 0.15001 -0.00895257
-1.50392 0.15001 -0.454316
-1.49892 0.307829 0.62572
-2.84999 0.15001 1.97504
-1.70789 0.293791 2.50115
0.739195 0.15001 -2.84999
-1.91698 0.289585 -2.26149
-2.09124 0.289656 -2.17427
-1.50061 0.15001 -2.27994
-1.82237 0.15001 -1.07817
-0.401307 0.15001 0.249571
-1.38664 0.15001 -0.685446
-1.62133 0.15001 1.44784
-1.35598 0.15001 0.885507
-0.650254 0.15001 1.42562
-1.93322 0.289435 -1.24312
-1.6422 0.15001 -2.58655
-1.84879 0.15001 -2.20219
-1.55667 0.15001 -1.42153
-1.53413 0.15001 -1.10044
-0.836529 0.15001 -0.412628
-0.499617 0.15001 0.118805
-0.745033 0.15001 0.283161
-1.08593 0.15001 0.85423
-0.692987 0.15001 1.24843
-2.12995 0.15001 -2.24954
-1.05131 0.15001 -2.70862
-1.56239 0.15001 -2.71797
-0.184599 0.15001 -0.239783
-1.7036 0.15001 -1.49604
-1.73778 0.291375 -0.7814
-0.666189 0.295052 -2.77914
-2.27809 0.283325 -1.55956
1.53376 0.15001 -0.387268
-0.631255 0.15001 2.05677
1.6986 0.15001 -2.70531
-1.81629 0.15001 -2.57945
-1.68219 0.15001 -1.17109
-0.80992 0.15001 -0.563821
-0.479729 0.15001 0.408676
1.23787 0.297109 -2.74689
-2.2621 0.15001 0.392756
-2.63062 0.295721 -0.250452
-0.339733 0.15001 1.36228
-1.1378 0.15001 1.45688
-1.29128 0.297355 0.671729
-2.17416 0.15001 -2.84999
-0.518078 0.15001 -0.195595
-1.24579 0.15001 -1.10169
-1.04488 0.15001 1.01488
0.24257 0.15001 -0.521533
-2.26267 0.15001 0.906748
-1.79748 0.15001 2.24953
-0.322992 0.289831 0.973381
0.516249 0.15001 2.70443
-2.29049 0.290664 -2.61277
-0.297027 0.15001 -2.56055
-0.321956 0.290652 -1.57911
-0.848134 0.15001 -2.02629
-1.39045 0.15001 -1.02198
-1.45063 0.15001 1.49749
-1.09225 0.295589 0.184652
-1.07865 0.294704 1.25265
0.394195 0.292358 1.70757
-0.366068 0.288185 2.11761
-1.22263 0.15001 -2.70747
-0.96143 0.290671 -1.71048
-1.6134 0.29187 -1.07583
-0.882067 0.275569 -2.30958
0.484815 0.291564 0.270052
0.0427749 0.15001 0.32414
-1.54735 0.293185 -2.34968
1.08356 0.294017 -2.3181
-0.817809 0.15001 -1.04344
-2.19775 0.29933 0.953375
-2.58344 0.280053 -2.78782
-0.772712 0.15001 -2.28411
0.604269 0.289266 -2.13756
-0.884964 0.15001 -2.70366
-1.24971 0.15001 -0.938646
-0.663412 0.15001 -0.632765
-1.00543 0.280298 1.64839
-0.312997 0.299726 -0.959301
-1.11184 0.295219 0.381125
-0.269989 0.294945 0.142901
-1.14313 0.15001 -2.56553
-1.66624 0.15001 -2.29637
-1.26184 0.15001 -2.12444
-1.25185 0.15001 -1.26465
0.404481 0.15001 -0.468355
-0.912894 0.15001 0.579824
-2.68616 0.15001 2.48158
-0.954378 0.302313 2.65748
-2.51852 0.296214 1.17087
-1.71929 0.260061 0.247493
-1.59717 0.263638 -2.18752
-0.887716 0.15001 -2.17476
-1.31063 0.15001 -2.56051
-0.834719 0.15001 0.141623
-0.57497 0.15001 0.599612
-1.36179 0.29968 1.15958
-1.44923 0.299097 2.06404
-1.22423 0.294894 1.36872
-1.77355 0.28851 -1.16115
-0.0375792 0.15001 1.30118
-1.47656 0.15001 -2.84999
-0.972643 0.15001 -2.55754
0.939183 0.293728 -1.96922
-0.530266 0.15001 -0.878381
-0.0787832 0.15001 -0.118792
-0.95973 0.15001 -0.951049
-0.914314 0.15001 0.884918
-1.32957 0.15001 1.23908
0.318127 0.300072 1.08919
-2.43131 0.294758 1.60894
-0.985425 0.287224 -2.45618
-1.21101 0.292613 -0.865992
-1.4749 0.290726 -1.19956
-0.997301 0.15001 -1.95546
-0.843684 0.15001 -1.70673
-0.579761 0.15001 -0.021837
-0.97658 0.15001 0.731353
-1.25012 0.29826 -0.0936644
-0.958801 0.15001 1.51604
-1.90609 0.287047 1.8972
-1.74226 0.15001 -2.71828
-0.115716 0.15001 -2.84999
-1.28278 0.15001 -1.9253
0.741413 0.277402 -0.804076
-1.27212 0.15001 -1.75672
0.982818 0.15001 -2.69509
-0.441824 0.15001 0.707359
-1.59053 0.292993 -0.875869
0.718845 0.229345 2.10578
-1.93067 0.292114 -1.53503
0.395328 0.15001 -2.30023
-0.197348 0.295026 -2.0111
-0.782499 0.290131 -2.46
-0.0411136 0.15001 -2.41846
-0.815871 0.15001 -0.878981
-1.25505 0.15001 -0.0118105
-0.519683 0.15001 -1.05135
-1.25653 0.296003 2.45558
0.403492 0.295754 0.889997
0.390552 0.15001 0.246135
0.815269 0.15001 -2.69182
-2.60324 0.278166 -2.61904
-1.13598 0.15001 -2.84999
-0.675673 0.293917 0.0277428
0.568398 0.302293 -0.783191
-0.338382 0.15001 0.0811188
-0.741734 0.15001 0.575994
2.22682 0.15001 2.13943
0.958989 0.257009 -0.826023
0.642078 0.15001 1.96563
-2.10621 0.288655 -1.48408
1.15316 0.296138 -2.57811
-0.0216602 0.29371 -1.91934
-0.208634 0.15001 -2.40908
1.29021 0.15001 -0.116981
-0.306807 0.15001 0.386717
0.111961 0.287362 0.5478
-1.49027 0.292096 -1.38402
1.59582 0.296854 -2.09723
-0.893902 0.15001 1.67625
1.50043 0.15001 -2.41179
-2.66351 0.290476 -1.56002
0.0447872 0.15001 -2.56328
-0.555833 0.15001 -0.355421
-0.325479 0.281104 -0.507332
-0.610246 0.15001 0.77899
0.495857 0.280147 1.08267
-0.240294 0.292004 1.33809
0.233343 0.157946 0.928852
-1.55608 0.292501 2.62114
-1.4772 0.15001 -2.56976
2.36653 0.15001 -1.78037
1.85339 0.15001 -2.40936
-1.12575 0.15001 -1.68513
-0.702073 0.15001 -1.95921
0.166554 0.298409 -0.945919
-0.962012 0.15001 -1.11895
1.07095 0.15001 0.320909
-0.774174 0.15001 1.55105
-0.717762 0.15001 1.07853
0.577595 0.295824 2.64971
1.23735 0.15001 0.366983
-1.61188 0.290402 -2.50661
-1.10753 0.15001 -0.853051
-0.975503 0.15001 -1.44918
0.0839221 0.15001 -0.586743
-0.389613 0.15001 -0.954402
-0.00533581 0.15001 0.490519
1.10241 0.15001 -0.832836
-2.35635 0.29856 0.525235
-0.417938 0.15001 -0.0660188
-0.965164 0.15001 -2.84999
-0.700508 0.15001 -2.42455
-0.676649 0.15001 -0.466494
-0.813691 0.15001 -0.719101
-0.246052 0.15001 -0.386502
-1.16513 0.15001 1.29304
1.16576 0.15001 -0.665223
1.50921 0.15001 2.19407
0.0176785 0.15001 2.38916
-0.132397 0.15001 -2.55763
-0.794572 0.15001 -2.84999
-0.277465 0.15001 -2.25892
-0.375516 0.15001 -0.611216
0.265891 0.15001 -1.69633
-0.241343 0.15001 -0.880091
-0.128899 0.15001 0.802186
-0.919031 0.300103 0.12793
1.45879 0.15001 -0.0704833
-1.69659 0.288497 1.37537
-1.31411 0.289994 -2.64608
-0.554728 0.294499 -2.61054
-0.962425 0.15001 -0.613545
-0.446009 0.15001 -2.25815
-0.00648479 0.15001 -1.82024
-0.833407 0.15001 -1.53914
-0.88101 0.15001 1.05305
0.212365 0.15001 0.280189
0.727084 0.15001 2.30339
-0.960703 0.295903 2.33242
-0.284136 0.15001 -2.84999
0.152538 0.296159 -2.2041
0.753172 0.15001 -2.37302
-0.453236 0.15001 -2.84999
-0.688905 0.15001 -1.62953
-1.02636 0.292796 -0.362281
-1.26487 0.15001 -0.311161
0.251707 0.15001 0.598474
1.32135 0.15001 0.0602213
2.24225 0.288402 0.933603
0.948656 0.294424 -2.60824
0.885092 0.287857 -1.06104
1.59025 0.15001 -2.56591
-0.610032 0.15001 -2.26213
0.950231 0.293113 -0.468618
2.20337 0.15001 1.65465
-0.132379 0.15001 0.369432
-1.81405 0.292229 2.05155
-1.63402 0.15001 1.95219
-1.03372 0.15001 1.77966
1.41088 0.15001 -2.84999
0.570804 0.15001 -2.84999
0.134119 0.15001 -2.70737
-1.13715 0.15001 -1.85175
-0.15113 0.285371 -0.365026
-0.156331 0.15001 -1.17881
-0.963136 0.15001 -0.780645
-1.04756 0.29209 1.45358
-0.748755 0.15001 0.903402
0.567421 0.15001 0.213476
0.557444 0.15001 -2.50445
0.300765 0.15001 -2.429
0.151662 0.301685 -1.99936
0.398029 0.15001 -2.55924
0.0369916 0.15001 -0.922474
0.643061 0.15001 -0.10044
-0.00839792 0.297107 -1.73295
2.33396 0.15001 -0.210206
-0.995989 0.15001 1.34564
0.776307 0.15001 1.46618
0.305841 0.281527 -1.09259
1.37342 0.289138 -1.0888
0.962157 0.15001 -2.38042
-0.699473 0.15001 -1.7933
-0.0933639 0.280791 -1.43682
-0.0694184 0.15001 0.19632
0.323018 0.15001 0.40463
0.506599 0.15001 -1.87695
-0.255217 0.15001 2.15235
0.363614 0.268255 0.675916
-1.84916 0.15001 -1.57303
-1.06046 0.291353 -2.63141
-0.62354 0.15001 -2.84999
-0.0185479 0.15001 -1.51212
-0.702916 0.15001 -2.12452
0.857506 0.15001 0.0978525
0.654999 0.15001 0.727632
-0.865133 0.15001 1.22317
-0.519691 0.284594 0.507588
1.85555 0.15001 2.69552
0.493758 0.15001 -2.17081
-0.375946 0.15001 -2.70572
0.128543 0.15001 -2.42165
-0.628087 0.15001 -2.56688
-0.234408 0.15001 -0.709158
-0.402451 0.15001 -1.65654
0.254843 0.15001 -0.182454
2.12751 0.15001 -2.54859
-1.70002 0.292551 1.1887
2.40141 0.15001 2.36321
-0.519883 0.15001 -0.707456
0.221732 0.15001 -2.28379
0.310159 0.15001 -2.70575
-0.46301 0.15001 -2.5603
-0.426723 0.15001 -1.96817
0.0970134 0.15001 0.156414
0.590044 0.15001 -1.06361
1.94785 0.15001 2.37005
-1.48562 0.292019 1.83808
1.87882 0.15001 1.77567
-0.0396201 0.15001 -2.70277
-0.372805 0.15001 -2.41265
-1.5885 0.292252 -2.80496
-0.671539 0.15001 -0.964875
-0.262214 0.15001 -1.05075
-0.269321 0.15001 0.694024
0.417203 0.15001 0.54607
0.154361 0.30406 2.53138
1.42634 0.288663 0.504702
-0.174702 0.298354 2.10147
-0.990939 0.15001 -1.78697
0.0557494 0.15001 -2.26792
-0.263257 0.15001 -1.95758
-0.103265 0.290909 -2.17138
-0.217537 0.15001 -0.544765
-0.530626 0.15001 -1.21895
0.161632 0.15001 0.452046
-1.30782 0.293987 1.83131
-1.17811 0.15001 2.69653
0.907137 0.298176 1.792
1.24089 0.15001 -2.84999
0.718838 0.15001 -2.53934
2.26431 0.29041 -1.52038
-0.0176734 0.15001 -2.11738
0.0844063 0.15001 -0.164513
-0.280249 0.289396 -1.75674
-0.651359 0.294928 1.34081
-0.136348 0.292867 -2.75192
1.30588 0.289472 -0.216066
0.142989 0.252235 -0.289279
2.52857 0.15001 -1.70169
1.9063 0.15001 -1.95534
0.307316 0.289332 0.507582
-0.362033 0.15001 -1.49364
0.43032 0.15001 -1.11771
0.33893 0.15001 -0.0388116
1.12146 0.15001 -0.172074
2.71885 0.227636 0.365105
1.45266 0.15001 0.609207
0.742698 0.15001 -0.393606
2.26667 0.15001 -0.0432919
1.41315 0.15001 -2.55522
0.149932 0.15001 -2.12449
0.678179 0.15001 -1.90113
-0.529017 0.15001 -1.5492
0.0246509 0.298521 -0.458221
2.69128 0.15001 -2.2973
0.414656 0.15001 -2.01666
0.475096 0.15001 -0.137401
0.084537 0.15001 1.01803
-0.980099 0.15001 -1.61513
0.906075 0.15001 -2.84999
1.13748 0.15001 -2.09006
0.37357 0.15001 -1.54957
1.027 0.15001 -1.47883
0.319804 0.15001 -0.985704
0.221183 0.15001 -0.694277
2.72785 0.251226 0.0502302
1.8445 0.15001 -1.06953
1.43363 0.15001 2.37749
2.38591 0.15001 -1.33026
0.198613 0.15001 -1.54386
0.223197 0.15001 -2.84999
-0.187784 0.15001 -2.11267
0.40171 0.301799 -1.82667
-0.291897 0.291229 1.15381
2.44033 0.15001 -0.0641549
0.546517 0.26435 0.000648777
0.741732 0.15001 0.227025
0.654071 0.278714 -1.32378
0.588843 0.15001 -2.03713
0.482022 0.15001 -2.70346
2.28041 0.27228 -1.25801
0.262279 0.15001 -1.38448
0.0877351 0.15001 -1.67116
0.159677 0.15001 -1.04324
1.78655 0.284198 -0.940207
2.68784 0.15001 -0.149953
0.0977914 0.15001 1.19793
2.21094 0.262897 1.16427
-0.356497 0.15001 -2.11368
-0.468215 0.29549 -2.76831
1.3271 0.15001 -2.40384
0.760964 0.15001 -2.06895
0.163994 0.15001 -0.0109179
1.43801 0.257326 -1.34743
0.947209 0.15001 -0.200835
2.54565 0.15001 -1.86737
0.662538 0.15001 -1.44514
-2.46396 0.295701 0.888949
0.811133 0.286764 -1.66441
1.05535 0.15001 -2.53886
1.22201 0.15001 -2.24178
0.100756 0.15001 -1.40409
-0.375708 0.15001 -1.16264
1.15661 0.15001 0.00381656
2.32831 0.249016 0.0791174
-0.20282 0.290858 1.76919
-1.93762 0.302213 0.52409
-0.102516 0.283342 1.91507
1.74124 0.15001 -1.94803
-0.543823 0.15001 -2.70838
-0.0515374 0.294192 -2.57594
-0.353617 0.15001 -1.81455
-0.683468 0.15001 -1.46488
-0.254508 0.15001 -0.0876156
0.82993 0.15001 -0.860663
1.65963 0.295614 -0.793969
-1.53237 0.15001 -0.937458
1.39897 0.15001 2.54414
1.07321 0.15001 -2.84999
-0.175768 0.15001 -1.81186
0.851512 0.15001 -1.93052
-0.820327 0.15001 -1.20793
0.000281792 0.15001 -1.10418
-0.712729 0.290106 0.807642
1.53869 0.15001 -1.06496
-0.00389844 0.15001 0.0252788
0.675434 0.15001 0.0666086
-1.90321 0.15001 2.37756
0.0190655 0.292803 -2.35485
1.50434 0.15001 -2.71102
-0.538615 0.15001 -1.38426
-0.0523484 0.15001 -1.32638
2.69102 0.157487 -0.693535
1.32655 0.15001 -2.69824
0.431407 0.15001 -0.299545
1.20515 0.15001 -0.482954
0.378435 0.15001 -0.636451
1.08242 0.15001 -0.351934
1.88325 0.263721 -1.38034
0.760317 0.29903 -1.91461
-0.966824 0.15001 -1.28398
1.11882 0.15001 -1.62521
-0.825747 0.15001 -1.37433
-0.284332 0.280533 -1.40188
-0.242932 0.15001 -1.65686
0.810929 0.15001 0.409232
0.19038 0.295034 0.165147
1.12941 0.15001 0.677776
1.02426 0.275358 -1.71068
0.397447 0.15001 -2.84999
1.40259 0.15001 -1.95866
0.676399 0.15001 -2.21353
0.609794 0.15001 -1.74128
-0.113585 0.15001 -0.985164
1.89623 0.15001 -0.894129
0.968077 0.15001 0.460995
2.43847 0.252887 0.921199
1.87034 0.282238 1.02074
0.051309 0.15001 -2.84999
-0.111054 0.15001 -2.2667
1.40304 0.15001 -2.25434
2.45004 0.277061 -1.43019
2.12145 0.278298 -1.07779
-0.172 0.15001 0.061844
0.0955743 0.15001 -1.23959
1.62626 0.15001 2.03715
1.46718 0.294101 -0.819475
0.94325 0.291296 -1.51834
1.10575 0.289137 -1.40585
0.243607 0.15001 -1.98928
-1.10667 0.15001 -1.18863
1.04421 0.15001 -1.94511
2.69038 0.15001 -1.6252
0.711805 0.15001 -1.17348
2.35154 0.15001 -1.1493
1.81355 0.15001 0.921506
-0.456448 0.280817 -1.4456
2.37295 0.15001 1.7505
0.951747 0.15001 -1.79943
2.31445 0.15001 -2.84999
1.12758 0.15001 -1.79687
1.27326 0.297479 -1.5491
2.05904 0.15001 -0.956833
-1.32977 0.291191 -1.10474
1.63326 0.15001 -0.027102
-0.0426861 0.28035 -1.20919
-0.236502 0.259652 2.2787
-0.0762307 0.293468 0.287649
1.97503 0.15001 -1.80265
1.83673 0.15001 -2.1086
1.22543 0.15001 -1.9457
-0.0803066 0.15001 -1.66395
-0.190352 0.15001 -1.49871
0.880366 0.15001 -1.1656
0.230591 0.288329 1.40029
1.6114 0.275171 1.90422
2.5069 0.15001 -2.55115
-1.39848 0.301211 0.471054
0.336059 0.15001 -1.85462
1.66995 0.15001 -2.11664
0.646995 0.15001 -2.69231
1.58233 0.28525 -0.966819
2.51596 0.15001 -1.19984
0.254206 0.15001 -1.18882
1.61986 0.292204 -0.34374
-0.563205 0.306316 1.18918
0.648568 0.15001 1.58732
2.26518 0.15001 2.51115
1.49943 0.292951 -2.84999
1.14425 0.15001 -2.39273
1.43411 0.309181 -1.91301
2.75837 0.294963 -2.08134
0.545819 0.15001 -1.5809
2.3698 0.15001 -0.566627
2.09195 0.280424 -1.42089
0.0681116 0.2494 1.79204
0.698211 0.279737 0.468137
2.69286 0.15001 1.78714
1.15171 0.15001 -2.69363
0.884029 0.15001 -2.53055
0.318397 0.15001 -2.15097
1.2995 0.15001 -1.6343
-0.0688235 0.15001 -0.462193
-0.0909077 0.15001 0.639858
0.132546 0.288153 -1.14872
0.0973384 0.15001 2.54335
1.76897 0.252129 -0.637678
1.88543 0.256134 0.807965
1.96021 0.15001 -2.84999
2.07348 0.15001 -1.95515
1.57703 0.15001 -1.96303
0.922626 0.15001 -1.63272
0.952759 0.15001 -1.32333
-0.560354 0.15001 -1.88591
1.77391 0.15001 -2.55665
0.494125 0.15001 -1.41539
1.2518 0.15001 -0.302936
1.09907 0.277297 1.71356
2.1834 0.15001 -2.09725
1.30638 0.15001 -1.01475
2.31199 0.15001 -2.25975
1.87221 0.15001 -1.24464
2.35873 0.15001 -1.51636
2.84967 0.304764 -1.64183
2.268 0.288281 -0.552791
1.28793 0.15001 -0.80629
0.2996 0.305368 -2.09482
1.08172 0.15001 2.0045
1.97559 0.15001 0.119886
2.03601 0.15001 -2.39511
2.14918 0.15001 -1.79663
1.55308 0.15001 -1.26743
1.69634 0.15001 -1.16291
-0.0760948 0.15001 -0.636442
1.40182 0.277619 -1.71883
-2.54939 0.15001 1.6112
2.4209 0.280989 0.558196
1.57829 0.15001 2.52675
2.69509 0.274655 -1.3505
0.782232 0.15001 -1.76862
0.721388 0.15001 -1.60713
-0.54885 0.15001 -1.72127
2.21237 0.15001 -1.36177
2.05455 0.15001 -0.763108
0.505256 0.287175 -2.60009
1.48634 0.15001 1.28361
0.650017 0.15001 0.370199
2.33948 0.15001 1.17269
1.78864 0.15001 -2.84999
1.95472 0.15001 -2.54818
1.93011 0.15001 -2.25997
1.0317 0.282488 0.613197
0.647432 0.15001 -0.893812
2.40685 0.15001 -2.70065
0.561568 0.15001 -1.25249
-0.155679 0.289414 -0.0454611
-0.62581 0.292126 -1.37327
1.48782 0.15001 0.11177
2.59703 0.15001 -2.70523
1.67243 0.15001 -2.41551
2.54725 0.15001 -2.37657
1.04597 0.15001 -1.13928
2.84999 0.281076 -1.45285
2.56404 0.15001 -1.36482
1.63602 0.295636 0.421006
-0.00529477 0.297649 -0.826976
0.503922 0.15001 -0.760154
0.68085 0.267311 1.13606
1.87637 0.304484 -2.84995
2.25043 0.15001 -1.65735
2.49628 0.15001 -2.21218
2.00617 0.15001 -1.13016
1.95017 0.275729 -1.01558
-1.89007 0.278696 -0.0412823
2.68537 0.15001 -0.879246
2.09957 0.15001 -0.0773372
-0.0933315 0.15001 -0.805068
2.57031 0.15001 2.43968
1.6109 0.15001 -2.84999
2.04672 0.15001 -2.70113
1.60747 0.295469 -2.70335
2.01366 0.15001 -2.11356
0.942413 0.15001 -2.08123
2.37009 0.15001 -0.935758
0.855754 0.15001 -2.23158
0.960977 0.15001 -0.976056
-0.552366 0.15001 1.13357
1.98399 0.15001 2.07859
2.67978 0.15001 -2.13357
2.68047 0.15001 -2.84999
1.80249 0.15001 -1.78534
2.13196 0.15001 -2.25447
1.76532 0.15001 -0.161356
0.193597 0.15001 -0.866547
1.89793 0.15001 -0.689301
0.855434 0.289193 -0.266823
1.97465 0.239507 0.271575
1.1679 0.297387 0.0879171
1.31574 0.15001 -1.80411
2.40266 0.15001 -1.94333
1.49031 0.15001 -1.81233
1.40489 0.15001 -1.18362
0.781422 0.15001 -1.32151
-0.180542 0.292043 -1.0846
2.09783 0.290725 -0.865121
2.27144 0.15001 0.207429
0.602437 0.15001 -0.267695
1.42638 0.291577 -0.366125
2.7441 0.269778 -2.74348
2.38892 0.15001 -2.41515
2.35273 0.15001 -2.09884
2.70473 0.15001 -1.05507
1.97995 0.15001 -1.48823
1.21392 0.281918 -1.73332
1.22313 0.15001 -1.16244
1.57358 0.290206 -1.16324
2.35799 0.287207 -1.04198
1.78885 0.274113 -0.43728
2.75905 0.306126 -2.28601
1.75493 0.15001 -2.26654
1.49285 0.15001 -2.10942
2.69347 0.15001 -1.96249
1.26764 0.291309 -2.3353
2.05335 0.15001 -1.65106
0.391378 0.296974 -0.913258
2.69362 0.15001 -1.23174
1.4533 0.15001 -0.733417
-1.09348 0.258999 -0.549678
1.66544 0.15001 -1.57794
-0.986982 0.15001 -2.29407
2.21882 0.15001 -2.70136
2.84999 0.15001 -2.84999
-0.521634 0.288155 -2.20437
0.391249 0.15001 -1.28338
-0.611767 0.274626 -2.02665
2.60028 0.15001 -0.000757223
2.07425 0.268259 0.792257
2.84999 0.395133 2.00394
2.13398 0.15001 -2.84999
2.84999 0.300785 -2.45057
2.15537 0.15001 -1.51754
2.84999 0.15001 -1.71737
2.24063 0.15001 -1.93948
0.766628 0.15001 0.579149
-1.83813 0.284939 -2.7504
0.375025 0.292374 1.27614
1.63684 0.282305 -1.85893
2.43622 0.15001 2.54373
2.21725 0.15001 -2.40519
2.84999 0.15001 -2.52852
1.30181 0.15001 -1.3258
1.55998 0.15001 -1.4414
0.275654 0.15001 0.120251
1.57747 0.15001 -2.26198
1.86342 0.256526 1.91173
2.03225 0.15001 -0.400645
0.35587 0.284875 -1.42066
2.12506 0.15001 0.289138
-0.380527 0.15001 -0.788189
1.91672 0.291111 -2.15621
2.84999 0.15001 -2.6876
2.53344 0.15001 -1.53452
1.20613 0.15001 -1.4719
-0.219246 0.15001 -1.33067
-0.882363 0.291269 -2.60706
2.11096 0.28851 -0.666913
-1.01939 0.306875 0.910983
2.14931 0.15001 1.03028
2.00754 0.297444 -1.22786
2.63042 0.268283 -2.58505
2.84999 0.15001 -2.20373
1.88117 0.15001 -1.63459
2.83539 0.29044 -1.23457
1.99014 0.280823 0.0138358
-0.680762 0.15001 -1.29541
2.472 0.15001 0.115732
0.454756 0.15001 0.0851917
0.666042 0.15001 -0.721656
0.217952 0.15001 -2.56697
1.87534 0.15001 -2.69809
1.0374 0.15001 -2.22799
2.69351 0.15001 -1.79097
2.71001 0.15001 -1.4569
0.163968 0.15001 -1.82984
0.204114 0.15001 0.761394
0.703129 0.15001 0.900023
0.818087 0.15001 -0.0681848
1.92518 0.288473 -0.787582
1.80499 0.15001 -1.47845
2.68896 0.15001 -2.47336
1.31597 0.15001 -2.10096
2.7788 0.295524 -0.868334
-0.386049 0.15001 -1.32723
-0.0165662 0.277345 0.757402
2.35506 0.15001 -0.389925
1.60589 0.15001 1.16201
0.347791 0.219521 2.11415
2.03651 0.15001 2.70033
2.49559 0.15001 -2.84999
2.53677 0.15001 -2.04318
2.84699 0.31182 -1.82485
2.15916 0.15001 -1.20032
2.84999 0.290507 -0.496513
1.38913 0.15001 -1.48383
1.49006 0.15001 -1.6321
1.98129 0.15001 0.703253
0.886875 0.208569 1.35868
1.64655 0.15001 0.985687
