2000 0.1
-2.45236 0.294093 -2.03026
-2.70008 0.15001 -0.961586
-2.84999 0.15001 -0.880063
-2.84999 0.15001 -0.5494
-2.84999 0.15001 -0.0373441
-2.84999 0.15001 0.476169
-2.84999 0.15001 2.36144
-2.84999 0.15001 1.85988
-2.84999 0.15001 2.52459
-2.84999 0.15001 2.84999
-1.94891 0.15001 -1.39938
-2.55544 0.15001 -1.86682
-2.84999 0.15001 -0.715568
-2.68875 0.15001 -0.631656
-2.84999 0.15001 -0.208593
-2.84999 0.15001 0.30433
-2.84999 0.15001 0.822662
-2.84999 0.15001 1.68983
-2.68719 0.15001 2.32453
-2.57138 0.15001 2.84999
-2.84999 0.15001 -1.86004
-2.24441 0.15001 -1.5499
-2.54944 0.15001 -1.53378
-2.47443 0.295946 -0.646046
-2.69612 0.15001 -0.292484
-2.77947 0.295023 1.60033
-2.84999 0.15001 1.52119
-2.84999 0.15001 1.1709
-2.84999 0.15001 2.19661
-2.84999 0.320792 2.84999
-2.55247 0.15001 -1.69828
-2.6984 0.15001 -1.2877
-2.47941 0.29632 -0.460634
-2.69413 0.15001 -0.12314
-2.69168 0.15001 -0.463227
-1.07155 0.284501 -0.192733
-2.69619 0.15001 0.737465
-2.84999 0.15001 0.994929
-2.54446 0.15001 2.43014
-2.22617 0.15001 2.84999
-1.80747 0.15001 -1.66278
-1.9493 0.15001 -1.56974
-2.45265 0.293045 -1.02873
-2.84999 0.15001 -0.380075
-2.38143 0.15001 -0.291075
-2.84999 0.308277 0.386935
-2.64761 0.305708 1.14877
-2.65817 0.304325 1.87774
-1.7268 0.306703 2.56549
-2.84999 0.315442 2.46421
-1.75862 0.15001 -0.304889
-2.69991 0.15001 -1.7805
-2.16441 0.297296 -0.451847
-2.53244 0.15001 -0.546141
-2.53581 0.15001 -0.377018
-2.43935 0.299141 -0.219666
-2.78857 0.302356 0.559568
-2.10006 0.280372 2.43933
-2.65878 0.308341 2.65765
-2.40086 0.15001 2.84999
-1.71279 0.29392 -0.903166
-2.84999 0.15001 -1.04355
-2.84999 0.15001 -1.20662
-2.37809 0.15001 -0.461597
-2.68461 0.15001 0.21967
-2.5305 0.15001 0.307106
-2.2965 0.29159 2.47583
-2.67106 0.290167 2.43482
-2.84999 0.30888 2.28219
-2.53072 0.15001 2.24673
-2.40822 0.15001 -1.78429
-2.06419 0.15001 -0.632269
-2.38204 0.15001 -0.796813
-1.10408 0.293822 -0.401568
-2.79374 0.295334 -0.472012
-2.47056 0.304024 2.17307
-2.84999 0.15001 1.34884
-2.84876 0.306798 1.25807
-2.84999 0.307008 1.43802
-2.12395 0.312254 2.84999
-1.38903 0.294676 -0.72866
-0.929364 0.301323 -0.0338736
-2.54546 0.15001 -1.20621
-2.221 0.15001 -0.544549
-2.38102 0.15001 -0.121007
-2.84999 0.30752 0.0521176
-2.64566 0.303328 1.33448
-2.84999 0.307706 1.07619
-2.40454 0.305663 2.68091
-1.89001 0.15001 2.84999
-2.46115 0.293436 -0.844651
-1.60624 0.15001 -0.220794
-2.6355 0.296582 -0.366144
-1.59358 0.15001 0.124857
-2.63155 0.295274 -0.55588
-2.32052 0.295636 -0.550106
-2.84999 0.308959 1.76531
-2.65123 0.304473 2.24329
-2.67419 0.293238 2.84999
-2.03331 0.304902 2.65644
-2.84999 0.15001 -2.51677
-2.84999 0.15001 -1.53394
-2.54637 0.15001 -1.04081
-2.53281 0.15001 -0.712688
-2.84999 0.15001 0.134497
-2.69407 0.15001 0.391727
-2.69783 0.15001 1.26118
-2.54361 0.15001 1.17959
-2.68952 0.15001 2.7324
-1.4982 0.15001 2.69513
-2.7034 0.15001 -2.10504
-2.22855 0.15001 -0.877936
-1.28649 0.15001 0.659083
-2.07028 0.15001 -0.12289
-2.69512 0.15001 0.0478836
-2.53757 0.15001 0.655733
-2.53215 0.15001 1.00435
-2.35999 0.15001 1.45156
-2.68844 0.15001 1.78763
-2.12989 0.15001 2.69763
-2.51325 0.293753 -1.7906
-2.2488 0.15001 -2.16979
-1.91417 0.15001 -0.381882
-2.22505 0.15001 -0.208175
-2.37035 0.15001 0.222567
-2.53375 0.15001 0.829127
-2.69565 0.15001 1.0828
-2.68764 0.15001 1.96493
-2.84999 0.15001 2.68673
-2.05496 0.15001 2.84999
-0.212097 0.302317 0.121509
-2.00794 0.298674 -0.3549
-2.07032 0.15001 -0.291985
-2.53826 0.15001 -0.20836
-2.05035 0.15001 0.216717
-2.53125 0.15001 0.134406
-2.69283 0.15001 0.564571
-2.67822 0.15001 1.61322
-1.82646 0.15001 2.57939
-2.51044 0.15001 2.68015
-2.84999 0.15001 -1.69721
-2.84999 0.15001 -1.37003
-2.69941 0.15001 -0.797605
-2.376 0.15001 -0.630096
-2.53604 0.15001 -0.035612
-2.37776 0.15001 0.39571
-2.68777 0.15001 0.910399
-2.69408 0.15001 1.43971
-2.31879 0.15001 2.69678
-2.84999 0.321292 2.65159
-2.84999 0.15001 -2.02384
-0.938013 0.15001 0.0781484
-1.89791 0.15001 0.126462
-1.89797 0.15001 0.471745
-2.37581 0.15001 0.0513919
-2.21274 0.15001 0.13404
-2.80761 0.298223 -0.293835
-2.53782 0.15001 1.35585
-2.52535 0.15001 2.06597
-2.2172 0.15001 2.55357
-1.78622 0.15001 -1.15525
-2.40142 0.15001 -1.61623
-2.54462 0.15001 -0.875781
-2.22279 0.15001 -0.376046
-1.91256 0.15001 -0.214224
-2.26942 0.300262 -0.127033
-2.60271 0.307141 0.958147
-2.79844 0.299959 2.11294
-2.30785 0.308661 2.84999
-1.56555 0.15001 2.84999
-1.60221 0.15001 -0.39035
-2.22171 0.15001 -0.712941
-1.91117 0.15001 -0.550134
-1.90805 0.15001 -0.0447068
-1.74816 0.15001 0.56494
-1.89474 0.15001 0.299352
-1.74104 0.15001 0.385982
-2.35588 0.15001 1.80372
-2.37918 0.15001 1.27671
-1.89317 0.15001 2.41706
-2.39229 0.15001 -0.959022
-2.067 0.15001 -0.462108
-1.44099 0.15001 0.061541
-1.38806 0.15001 0.222585
-1.58221 0.15001 -0.0508624
-2.12302 0.300673 1.17503
-2.14452 0.299946 0.212105
-2.36349 0.15001 1.97946
-2.37223 0.15001 2.16197
-2.84999 0.307418 1.94218
-2.31052 0.299855 0.125519
-1.31441 0.291082 0.134104
-1.96225 0.301615 0.0535121
-2.59951 0.302469 0.561676
-1.73552 0.15001 0.738888
-2.28368 0.302718 1.28176
-2.44633 0.298291 1.40272
-2.53715 0.15001 0.479725
-2.21885 0.302404 2.65933
-2.29358 0.294936 2.28921
-2.60829 0.286777 -2.30276
-2.41196 0.15001 -1.94991
-1.2765 0.15001 0.356858
-1.70375 0.15001 1.6075
-2.37504 0.15001 0.745179
-2.05974 0.15001 1.08788
-2.06244 0.15001 1.26163
-2.35001 0.15001 1.62819
-2.68625 0.15001 2.14396
-0.741106 0.15001 2.84999
-2.84999 0.15001 -2.18758
-1.18342 0.15001 -0.116551
0.545246 0.15001 1.42144
-1.71796 0.15001 1.78467
-2.38153 0.15001 0.569548
-1.87508 0.15001 1.5228
-1.89151 0.15001 1.35033
-2.03044 0.15001 1.60977
-1.67212 0.15001 2.67285
-1.39964 0.15001 2.84999
-2.60881 0.292332 -1.94651
-2.23588 0.15001 -1.04252
-1.74693 0.15001 0.0347516
-1.43361 0.15001 0.744216
-2.05798 0.15001 0.0467855
-2.37084 0.15001 0.922938
-2.52362 0.15001 1.88822
-2.39826 0.15001 2.53545
-2.03397 0.15001 2.53241
-1.06938 0.15001 2.84999
-1.70775 0.15001 -2.11579
-0.701716 0.15001 1.98318
-1.06206 0.15001 1.91607
-1.27194 0.15001 0.831555
-1.64412 0.305161 0.890435
-1.90515 0.15001 0.648768
-1.06243 0.15001 2.54277
-1.87146 0.15001 1.69726
-2.04978 0.15001 2.14199
-1.32893 0.15001 2.3947
-0.126987 0.302098 0.482373
-2.09617 0.15001 -1.30744
-1.21358 0.15001 0.199042
-1.20374 0.15001 1.72442
-2.22453 0.15001 -0.037086
-2.20769 0.15001 0.305975
-2.21925 0.15001 0.654812
-2.51746 0.15001 1.53112
-1.72797 0.15001 2.84999
-2.49157 0.311083 2.84999
-1.68887 0.298512 -0.535454
-1.02968 0.15001 0.218551
-1.58706 0.15001 1.18497
-1.43261 0.15001 0.562701
-1.74003 0.15001 0.913508
-2.05218 0.15001 0.38786
-2.2126 0.15001 1.3555
-2.19354 0.15001 1.53043
-2.20073 0.15001 2.04749
-2.0483 0.15001 2.32684
-1.65476 0.303455 0.600653
-2.39276 0.15001 -1.12299
-1.39463 0.15001 -0.101599
-1.58338 0.15001 0.652601
-1.74249 0.15001 0.211157
-2.06348 0.15001 0.561142
-2.38267 0.15001 1.09803
-2.62169 0.301953 1.70063
-2.21179 0.15001 2.38771
-0.905605 0.15001 2.84999
-1.60014 0.15001 -0.558931
-0.937788 0.15001 0.371523
-2.47598 0.300099 0.215188
-1.58085 0.15001 0.297945
-1.74393 0.15001 1.26052
-1.89524 0.15001 0.823434
-1.81341 0.301323 1.60211
-2.21472 0.15001 0.829581
-1.73628 0.15001 2.14043
-1.93508 0.320033 2.84999
-2.4826 0.303165 2.35873
-2.06752 0.15001 -0.799892
-1.85183 0.298043 -0.450295
-1.20264 0.15001 0.513653
-1.59468 0.15001 0.47899
-2.05909 0.15001 0.738112
-2.61246 0.29981 1.51289
-2.1931 0.15001 1.87448
-2.62515 0.301538 2.05725
-1.23361 0.15001 2.84999
-2.43203 0.299208 -0.0256751
-2.00879 0.296403 -0.544415
-2.60754 0.301024 0.0689453
-2.43838 0.303331 0.464384
-1.84495 0.302048 0.208083
-2.61017 0.303501 0.760644
-2.28726 0.297137 1.71863
-2.20696 0.15001 2.21882
-2.51999 0.283913 2.54385
-1.65852 0.312981 2.84999
-0.917451 0.269405 -2.01718
-2.08022 0.15001 -0.968669
-1.43964 0.15001 0.39062
0.152862 0.15001 1.7513
-0.975524 0.15001 2.39093
-0.608996 0.15001 2.35797
-0.883856 0.15001 2.53574
-0.655286 0.15001 2.68985
-0.432696 0.15001 2.36897
-0.576745 0.15001 2.84999
-1.54015 0.295112 -0.63373
-1.29425 0.15001 -0.237322
0.0755263 0.15001 1.41729
0.412189 0.15001 1.72218
-2.05183 0.15001 0.913065
-1.29495 0.312931 2.19735
-1.90189 0.15001 1.17508
-2.03894 0.15001 1.96355
-2.03028 0.15001 1.7875
-1.32107 0.15001 2.69749
-2.35518 0.29417 -1.87387
2.24195 0.301656 1.9466
-1.56251 0.15001 1.36328
-0.0122641 0.15001 1.70323
0.397913 0.15001 1.90299
0.224075 0.15001 1.90564
-0.903756 0.15001 2.24018
-1.6851 0.15001 2.47934
-1.23604 0.15001 2.54558
-0.246864 0.15001 2.84999
1.13003 0.15001 0.205282
-0.942687 0.15001 1.78887
-0.473492 0.15001 1.73366
0.560345 0.15001 1.79214
-1.1705 0.15001 2.07277
-1.24028 0.15001 1.90608
-1.24511 0.15001 2.23955
-1.71694 0.15001 1.96763
-2.1884 0.15001 1.70351
-0.819411 0.15001 2.69627
2.6097 0.304439 -1.00514
-1.91336 0.15001 -0.720519
0.27295 0.15001 1.63439
-0.12366 0.15001 1.83153
-0.540907 0.15001 2.03838
-0.786845 0.15001 2.36855
-1.42202 0.15001 2.25321
-1.15489 0.15001 2.39046
-1.52124 0.15001 2.40241
-1.28607 0.316065 2.8436
-1.02981 0.15001 0.521181
-1.96144 0.303995 0.360334
-1.02345 0.15001 0.814026
-0.992387 0.15001 2.08241
-1.34605 0.15001 2.09876
-2.26981 0.30505 0.760214
-2.1309 0.305848 1.39074
-1.97418 0.304932 1.05375
-1.55963 0.15001 2.05836
-2.38264 0.15001 2.35023
-1.48486 0.307689 1.20971
-1.75597 0.15001 -0.47343
-1.27678 0.15001 0.0307581
-1.56656 0.15001 1.8738
-0.809365 0.15001 2.10751
-1.97608 0.301763 1.50269
-1.26749 0.308532 2.4687
-0.71173 0.15001 2.52356
-1.89842 0.15001 2.23234
-1.474 0.310549 2.84999
-1.78705 0.304629 0.459414
-1.10939 0.15001 0.367643
-0.684469 0.15001 0.522753
-2.11172 0.301563 0.652761
-0.306846 0.301141 0.808128
-1.89741 0.15001 1.00035
-1.87563 0.15001 1.87813
-1.80011 0.300163 1.1788
-2.45595 0.298349 1.80625
-0.672608 0.313412 2.84999
-1.63369 0.288959 2.3629
-1.43546 0.15001 1.09227
-2.45492 0.302924 1.989
-1.80462 0.300687 -0.0538226
-1.91349 0.298987 2.51708
-1.31979 0.29816 1.99906
-2.08636 0.3027 1.68729
-1.89145 0.15001 2.05675
-1.66823 0.305023 1.87873
-1.03994 0.309892 2.78081
-2.61079 0.303543 0.357002
-1.37656 0.15001 1.77807
-1.63433 0.300687 1.09071
-1.97608 0.299177 -0.140455
-1.99619 0.302258 0.816124
-1.14979 0.30197 1.19249
-2.43557 0.301247 0.656376
-1.81032 0.303956 1.38931
-2.28635 0.298103 2.10182
-1.41098 0.15001 2.54348
-0.211236 0.301742 -0.140021
-0.367418 0.299417 -0.0158495
0.719499 0.15001 0.821461
0.693517 0.15001 1.32509
0.698825 0.15001 1.68925
0.56133 0.15001 2.22363
0.644839 0.15001 2.38305
0.46988 0.15001 2.37445
-0.255302 0.15001 2.38464
0.0798069 0.15001 2.84999
-1.47196 0.304914 0.986567
-0.863256 0.298353 -1.29848
0.404358 0.15001 1.52544
0.516628 0.15001 0.760749
0.707982 0.15001 1.87546
0.375791 0.15001 2.22792
0.201225 0.15001 2.21067
0.291527 0.15001 2.06108
-0.316159 0.15001 2.22959
-0.490947 0.15001 2.69279
-0.853692 0.303825 1.75591
-0.0919647 0.307333 0.676359
0.950332 0.303153 1.43858
0.673602 0.306125 1.41265
0.849127 0.15001 1.41598
0.45806 0.15001 2.0842
-0.328605 0.306784 1.9571
-0.120565 0.299002 1.93772
-0.488022 0.15001 2.20728
0.408145 0.15001 2.84999
-1.02012 0.15001 1.63285
-1.74201 0.15001 1.08853
0.0427768 0.15001 1.8798
-0.571974 0.308529 1.08512
0.563152 0.15001 1.96048
-0.317786 0.304042 1.52548
-0.222773 0.296825 1.22526
-0.543236 0.15001 2.52477
-0.588558 0.301845 2.62145
-0.372241 0.15001 2.52965
0.168014 0.15001 -1.96406
-0.855847 0.15001 0.523894
0.775395 0.15001 0.556447
0.34106 0.304327 1.44325
0.933316 0.283919 2.40792
-0.167531 0.307435 1.41001
0.489412 0.311008 2.84999
-0.199882 0.15001 2.10694
-0.651082 0.296871 2.08024
0.000485166 0.15001 2.69497
-0.221715 0.15001 1.49313
-1.35686 0.15001 1.60762
-0.000435925 0.15001 1.08906
-0.245106 0.15001 1.9461
-0.421874 0.15001 1.90311
-0.0575815 0.15001 2.01619
-0.654897 0.304124 1.78521
0.116855 0.15001 2.04197
-2.28395 0.297535 1.90905
-0.324683 0.15001 2.69487
0.711296 0.15001 0.366545
0.0974459 0.306611 0.623483
-0.775372 0.304601 1.93343
-0.130075 0.15001 1.20507
0.150653 0.309155 1.44503
0.550708 0.15001 1.60541
-0.646576 0.30628 1.43956
-0.966666 0.310588 2.28116
-0.190658 0.308292 2.31409
-0.410327 0.15001 2.84999
-1.45724 0.302039 1.60141
-0.298343 0.15001 1.78295
-1.72548 0.15001 1.43044
-0.373332 0.303669 1.72837
-1.64143 0.301683 1.69104
-0.96376 0.305493 1.91158
-1.09021 0.302078 2.13802
-2.10614 0.297385 2.23976
-0.662825 0.302712 2.43739
-0.0837302 0.15001 2.84999
-2.29217 0.3011 1.51742
-1.58518 0.15001 1.00264
-0.590157 0.15001 1.85761
-1.83432 0.303076 0.92246
-0.0555902 0.15001 1.53623
-1.07491 0.15001 2.23619
-0.962839 0.303644 2.60129
-2.10585 0.302734 2.0274
-0.160013 0.15001 2.70114
0.149762 0.312732 2.84999
-1.5829 0.15001 0.828538
-1.53952 0.15001 1.70197
-1.51958 0.30119 0.0175644
-1.50742 0.302593 1.97067
-1.20958 0.309529 2.65563
-0.657252 0.15001 2.18577
-1.78255 0.303942 2.22756
-0.575554 0.301468 2.26193
-1.93697 0.302565 2.33047
0.048021 0.15001 2.53575
-0.489004 0.15001 -2.06293
0.307656 0.302851 2.15343
1.04848 0.15001 1.16999
1.30622 0.15001 0.454971
1.18201 0.15001 1.27739
1.39245 0.15001 2.11455
0.704439 0.15001 2.06027
0.562126 0.15001 2.53652
0.833391 0.15001 2.68929
0.574084 0.15001 2.84999
2.0085 0.308543 -1.72587
1.16622 0.15001 0.562525
0.276917 0.307195 0.928824
0.445882 0.15001 1.04292
0.991013 0.15001 1.69343
1.17205 0.15001 1.81918
1.11347 0.15001 1.98595
0.551947 0.303002 2.43312
0.10493 0.15001 2.36185
-0.0747673 0.15001 2.41939
2.66922 0.307001 1.3212
0.997672 0.15001 0.311967
0.601783 0.15001 1.09378
1.15262 0.15001 1.45265
1.14907 0.15001 1.64254
1.28676 0.15001 1.54861
0.86715 0.15001 2.12758
1.13107 0.15001 2.28006
0.898831 0.15001 2.84999
1.21427 0.15001 2.84999
2.44963 0.305407 -0.755645
0.170782 0.15001 1.13618
0.382046 0.15001 1.35135
0.523481 0.15001 1.24316
0.999937 0.15001 1.86421
1.21425 0.15001 2.12958
0.380718 0.303462 1.63364
0.819846 0.15001 2.38779
1.00624 0.15001 2.68698
0.329427 0.15001 2.68936
0.418556 0.303914 0.172727
1.2619 0.15001 -1.33495
0.115618 0.15001 0.965219
0.892552 0.15001 1.24481
1.40268 0.307205 1.36878
1.30127 0.304942 2.07177
1.03752 0.15001 2.13643
0.917044 0.15001 2.53452
0.459201 0.304397 1.82614
0.185276 0.308426 1.64111
-0.880565 0.15001 1.95045
-0.23055 0.15001 0.87999
-1.94885 0.30169 2.13306
0.594882 0.306033 0.109923
0.737587 0.303366 1.59346
1.76924 0.306823 1.67218
-0.52103 0.302881 1.92711
1.02439 0.294003 2.56771
0.73463 0.15001 2.23421
-0.129817 0.15001 2.25935
-0.348668 0.15001 1.61569
-0.677515 0.15001 0.832639
0.110727 0.15001 1.58279
0.0444222 0.15001 1.25245
0.649735 0.30758 2.26873
0.845701 0.15001 1.77599
-0.855684 0.30185 2.43643
1.12788 0.307975 2.40979
0.215286 0.15001 2.52274
0.836416 0.306833 2.7736
-1.4762 0.301994 1.40981
-0.178879 0.15001 1.65998
-0.850504 0.309335 2.79118
-0.277409 0.307095 2.48414
-0.704473 0.301217 1.24758
-0.539091 0.312613 1.62846
0.00185484 0.308882 1.58841
-0.379706 0.306544 2.29251
0.203358 0.302667 2.30512
0.24407 0.15001 2.84999
-1.91271 0.302795 1.78475
-1.10038 0.296348 1.56728
-1.47547 0.29889 1.78863
0.955745 0.304639 1.15421
0.740495 0.303901 1.78346
0.620344 0.31624 1.92208
1.36037 0.312524 1.55943
1.89805 0.15001 1.5504
0.495237 0.15001 2.69662
0.738093 0.15001 2.84999
0.361586 0.304998 2.42052
0.718886 0.302937 0.476993
-0.176546 0.305708 1.75071
-0.893234 0.306392 2.08989
0.522209 0.306715 1.51632
0.257929 0.303494 1.21142
0.736477 0.15001 2.53746
0.645854 0.303992 2.60227
0.321595 0.306071 2.78146
1.13288 0.271123 2.72171
0.652772 0.296572 -0.228739
-0.957555 0.294615 -1.46618
0.751105 0.15001 1.16402
1.88991 0.15001 0.397316
1.47457 0.15001 0.888381
1.48779 0.15001 1.32374
1.78314 0.15001 1.42193
1.51578 0.15001 1.79514
1.31354 0.15001 2.26994
1.05767 0.15001 2.84999
1.34373 0.303582 -1.27702
0.90015 0.15001 1.06644
0.850464 0.311171 0.348917
1.75212 0.15001 0.495302
1.35488 0.15001 1.207
1.31857 0.15001 1.37829
1.34461 0.15001 1.81901
1.04722 0.15001 2.42854
1.22748 0.15001 2.42238
1.44025 0.15001 2.69444
1.82378 0.303252 -1.56592
-0.87397 0.305993 0.628868
1.86888 0.15001 0.224079
1.71234 0.15001 0.147848
1.33116 0.15001 0.807389
1.83501 0.15001 1.25988
1.90938 0.314191 1.43455
1.34115 0.15001 2.54818
1.77351 0.15001 2.38392
1.37456 0.15001 2.84999
1.96154 0.15001 -0.229282
0.739598 0.15001 0.989876
0.113741 0.305549 1.0714
1.21274 0.15001 1.10286
1.17774 0.15001 0.737529
1.72413 0.305841 1.4904
1.37705 0.15001 1.03193
1.44844 0.15001 1.4938
1.26424 0.15001 2.69503
1.61084 0.15001 2.69514
0.186147 0.304071 -0.997407
1.50196 0.15001 -0.288645
1.26724 0.15001 0.105294
1.05822 0.15001 0.998115
1.13717 0.297621 0.85172
1.76233 0.306452 1.304
1.36586 0.307808 1.89395
1.40423 0.15001 1.66392
1.54654 0.305223 1.88409
1.72221 0.307166 2.75146
0.65505 0.15001 0.668619
0.475859 0.304207 -0.538966
-0.0520653 0.15001 0.922692
0.0855873 0.306562 2.64055
1.07929 0.306013 1.29015
1.1335 0.305409 1.05751
1.61499 0.15001 1.45854
1.45999 0.15001 1.95651
1.32226 0.301284 2.39424
1.02711 0.305482 2.24777
1.12283 0.30657 2.09009
1.25698 0.303269 1.21333
-0.301155 0.317666 2.84999
0.786402 0.306484 2.02999
1.21384 0.15001 0.928167
1.6802 0.291235 0.896833
1.10417 0.301842 1.56249
1.42602 0.308129 2.54423
1.90142 0.313593 2.65562
1.51118 0.323362 2.84999
1.42223 0.15001 0.176212
0.411628 0.303378 2.00242
-0.76543 0.3035 0.784363
0.239444 0.303472 -0.168501
0.923043 0.308057 1.64133
1.44601 0.30806 1.18236
1.54075 0.30517 1.52101
1.48076 0.303374 2.05411
0.839692 0.295699 2.24205
1.21916 0.305398 2.24432
2.46414 0.297431 2.49418
1.22348 0.306648 1.4118
0.0859587 0.295447 0.0679463
0.758994 0.298862 0.67688
1.45219 0.309094 0.603893
1.58159 0.306889 1.33277
2.09032 0.305321 1.8183
1.60484 0.303808 2.58927
1.42214 0.15001 2.4004
1.25843 0.317506 2.84999
-0.43983 0.301166 0.948354
-0.176071 0.15001 1.04126
0.960819 0.29655 0.756297
0.470569 0.29715 1.13925
0.962999 0.297981 0.959068
0.817494 0.299439 1.29762
1.18267 0.304681 1.91489
0.164447 0.15001 2.69011
1.4066 0.302963 2.22804
0.669827 0.313164 2.84999
2.84999 0.15001 -1.12657
2.53107 0.15001 -0.946085
1.78573 0.15001 -0.479657
2.05314 0.15001 0.470605
2.37803 0.15001 1.00537
2.28044 0.15001 1.30919
1.84466 0.15001 1.73277
1.7337 0.15001 1.59197
1.809 0.15001 1.90681
1.69989 0.15001 2.84999
2.37288 0.15001 -1.02091
0.491348 0.15001 -0.804842
1.45812 0.15001 -0.641052
2.11664 0.15001 -0.152389
1.79128 0.15001 0.822643
1.59925 0.15001 0.996564
1.52686 0.15001 1.15253
1.57451 0.15001 2.09288
1.50094 0.15001 2.24923
1.78025 0.15001 2.69307
1.34891 0.30021 -0.932719
0.927372 0.15001 -1.01783
2.13618 0.15001 0.0191236
2.02645 0.15001 0.299631
2.09978 0.15001 0.830174
2.17828 0.15001 1.17461
1.95545 0.15001 1.38949
2.1364 0.15001 1.76555
2.03057 0.15001 2.5425
1.53687 0.15001 2.84999
0.998053 0.15001 -1.4992
2.26057 0.15001 -0.246522
1.59534 0.15001 0.42907
1.73169 0.15001 0.322882
1.47381 0.15001 0.709197
1.6322 0.306879 0.148749
2.00671 0.15001 1.22322
1.56777 0.15001 1.62523
1.51681 0.308093 2.38436
1.86194 0.15001 2.54073
1.04441 0.15001 -0.313296
1.58935 0.304613 2.20189
0.685914 0.15001 -0.589807
1.77425 0.15001 0.661882
2.84999 0.312964 0.513977
2.0429 0.15001 1.05582
2.07841 0.15001 1.52749
1.92588 0.15001 2.04435
1.85327 0.15001 2.21987
2.0882 0.307092 2.78859
0.466092 0.306221 2.255
1.66442 0.15001 -0.207591
1.03667 0.15001 0.829651
1.36882 0.30688 -0.0832614
1.45996 0.15001 0.530661
1.48487 0.30743 0.802434
1.86287 0.310225 0.776756
1.68034 0.15001 1.76085
2.07126 0.309827 2.30623
1.77379 0.305281 2.17306
2.84999 0.311005 -0.197437
1.10373 0.15001 0.032923
1.71347 0.305047 -0.57549
1.57804 0.307803 1.70532
1.62334 0.15001 0.796685
1.90571 0.305178 1.18597
2.31887 0.303002 1.52595
2.27896 0.299048 1.75954
2.19892 0.15001 2.54448
1.86315 0.15001 2.84999
1.14988 0.15001 -0.598884
0.572618 0.15001 0.920339
0.88489 0.308696 0.0166846
1.84541 0.15001 0.048444
1.44709 0.304789 0.0884508
1.91602 0.15001 0.569284
1.64098 0.313079 1.13697
2.46541 0.307881 1.63867
2.46358 0.311854 1.99666
1.63591 0.15001 1.93106
0.747097 0.308862 2.42302
0.627142 0.30454 -0.415602
0.505656 0.3052 -0.103938
2.77841 0.298453 0.347282
1.59077 0.305266 -0.0362933
1.05826 0.305197 0.409287
1.66954 0.300608 0.705884
1.96142 0.294358 2.15061
2.12854 0.15001 1.93323
1.91139 0.318181 2.84999
1.3743 0.311497 2.71655
1.01863 0.303525 0.217738
1.5595 0.305918 -0.218597
1.44092 0.310993 0.28001
0.791604 0.309654 0.875526
1.32029 0.295061 0.926971
1.90689 0.307203 1.80735
1.94144 0.15001 2.38826
1.7821 0.308168 2.51136
1.23948 0.299603 2.56882
2.84999 0.15001 -1.9934
0.63576 0.15001 -0.922997
1.94942 0.15001 -0.39973
1.97934 0.15001 -0.0515427
2.84999 0.15001 0.972051
2.55405 0.15001 1.66955
2.55472 0.15001 1.84518
2.43239 0.15001 2.1075
2.55226 0.15001 2.24476
2.19352 0.15001 2.84999
2.06669 0.15001 -1.17608
1.74932 0.15001 -0.820628
1.62419 0.15001 -0.54941
1.80561 0.15001 -0.306306
2.54591 0.15001 0.975024
2.28452 0.15001 0.864875
2.27466 0.15001 1.85545
2.0014 0.15001 1.68066
2.02097 0.15001 2.23977
2.28202 0.15001 2.69762
2.33431 0.15001 -2.54311
2.84999 0.15001 -2.33707
2.38591 0.15001 -0.681859
2.84999 0.309219 0.184327
2.69872 0.15001 1.05872
2.4094 0.15001 1.40775
2.7038 0.15001 1.58586
2.84999 0.312965 2.13431
2.452 0.15001 2.70074
2.84999 0.417236 2.69262
-1.42889 0.301135 2.36224
1.74845 0.15001 -0.990088
1.01634 0.15001 -0.488769
2.38019 0.15001 0.588133
2.54629 0.15001 0.634366
2.54133 0.15001 1.14633
2.16218 0.308347 0.467629
2.40477 0.15001 1.57663
2.19599 0.15001 2.22729
2.02808 0.15001 2.84999
1.16989 0.300726 -1.09168
1.68761 0.15001 -1.79846
2.23865 0.15001 -0.588037
2.70364 0.15001 0.195509
2.65808 0.30959 0.772085
2.65142 0.306292 1.68371
2.13572 0.304875 1.44859
2.2539 0.305509 2.29403
2.65263 0.305967 2.5079
2.44122 0.309397 2.84999
2.84999 0.15001 -0.439032
0.68531 0.29217 -1.12641
0.988036 0.15001 -0.670312
1.18098 0.304236 -0.141149
2.36096 0.15001 0.421753
2.403 0.15001 0.750652
2.55678 0.15001 1.49562
2.47929 0.304938 0.699708
2.43787 0.311735 2.31679
1.69696 0.307122 2.34893
2.84999 0.15001 -1.82277
2.09416 0.15001 -0.495345
1.13106 0.15001 -0.767964
1.47732 0.15001 -0.464378
2.70255 0.15001 0.710004
2.65553 0.305824 -0.432264
2.2281 0.314206 1.27447
1.28727 0.306202 0.724949
2.2715 0.307887 2.47828
2.26046 0.307652 2.84999
1.27349 0.15001 -1.04282
2.50014 0.308683 1.42914
1.5758 0.15001 0.247629
2.63224 0.30954 0.0202963
2.18535 0.15001 0.369275
2.60103 0.304416 0.399462
0.0768315 0.305422 0.879037
2.65493 0.304837 1.86633
2.13553 0.28757 1.63856
2.35819 0.298907 2.64231
2.48624 0.307137 -0.535725
0.909227 0.15001 -0.201729
2.69961 0.15001 -0.526192
2.63278 0.310092 0.584467
2.61367 0.302538 0.214832
2.08865 0.30451 1.1443
1.82197 0.306708 0.572563
2.33866 0.298484 2.13298
1.88069 0.30429 2.32215
2.11668 0.305352 2.60118
0.718248 0.15001 -0.424052
2.44342 0.309794 -0.100424
2.03911 0.308981 -0.44201
0.787342 0.306276 0.173363
2.29149 0.308945 -0.319629
1.96302 0.304143 0.460852
1.88178 0.15001 1.09633
1.66452 0.303696 2.02779
1.84815 0.306615 1.99551
1.00463 0.317823 2.84999
2.84999 0.15001 -1.47683
2.84999 0.15001 -0.0949272
2.84999 0.15001 0.448455
2.84999 0.15001 0.795584
2.84999 0.15001 0.619906
2.7022 0.15001 1.40769
2.84999 0.15001 1.84947
2.69345 0.15001 2.13201
2.84999 0.15001 2.67438
2.63072 0.15001 2.69747
2.53841 0.15001 -0.775364
2.22643 0.15001 -0.75601
2.55949 0.15001 -0.262467
2.24894 0.15001 -0.416986
2.43941 0.15001 0.171935
2.70022 0.15001 1.23251
2.24586 0.15001 1.47889
2.56783 0.15001 2.01943
2.72723 0.15001 2.55263
2.36084 0.15001 2.84999
2.84999 0.15001 -0.955421
2.84999 0.15001 -0.269555
2.84999 0.15001 0.102149
2.84999 0.15001 1.49761
2.84999 0.15001 1.67444
2.84999 0.15001 2.03399
2.84999 0.15001 2.20274
2.84999 0.15001 2.42971
2.84999 0.15001 2.84999
2.69247 0.15001 2.84999
1.76553 0.15001 -1.32751
2.62893 0.310095 -0.668425
2.55072 0.15001 -0.434882
1.51346 0.305411 -0.582838
1.95158 0.311728 1.61889
2.43917 0.287023 1.2573
2.84999 0.309134 1.05564
2.70975 0.15001 1.93862
2.26531 0.15001 2.05108
2.27952 0.15001 2.39382
2.54523 0.15001 -0.606433
2.70264 0.15001 -0.353275
2.84999 0.15001 0.27819
2.69551 0.15001 0.538571
2.84999 0.15001 1.14598
2.4647 0.307341 1.81847
2.84999 0.307802 1.41107
2.727 0.15001 2.3026
2.84999 0.287635 2.54705
2.52825 0.15001 2.84999
2.84999 0.15001 -0.613211
1.77555 0.15001 -0.649858
2.84999 0.310974 -1.04399
2.84999 0.309218 0.697364
2.70413 0.15001 0.886709
2.25299 0.307504 0.177302
2.54998 0.15001 1.31678
2.41338 0.15001 1.93974
2.84999 0.309093 1.76809
2.72161 0.450068 2.84999
2.84999 0.15001 -1.29855
2.84999 0.310157 -0.702536
1.85667 0.30961 -1.3499
2.62443 0.308547 -0.172995
2.84999 0.309111 0.877407
2.84999 0.308504 1.23315
2.68522 0.304161 2.04697
2.73428 0.284961 2.70359
2.84999 0.29058 2.32292
2.84999 0.320191 2.84999
2.84999 0.15001 -0.785305
1.58152 0.15001 -0.88313
2.55802 0.15001 0.806125
2.49443 0.306847 -0.326494
2.63461 0.304521 0.955747
2.84999 0.15001 1.32114
1.49493 0.294681 1.00229
2.84999 0.308571 1.58966
1.98101 0.307572 2.47663
2.54593 0.306013 2.66236
1.91996 0.15001 -0.74377
0.6627 0.299215 -1.44107
0.852757 0.15001 -0.543004
0.200427 0.299266 -1.56379
2.29274 0.306067 0.646716
2.23322 0.15001 0.705427
1.87099 0.303244 0.984022
2.63164 0.305334 2.32131
2.61835 0.305664 2.84999
2.33787 0.437342 2.75305
0.188674 0.15001 -0.751863
0.953857 0.301222 -0.576325
1.98274 0.301231 0.208772
1.78908 0.304374 -0.0271792
2.2188 0.15001 0.535061
2.55005 0.15001 0.292697
2.46852 0.297202 1.0693
2.67521 0.306436 1.50305
2.53764 0.302878 2.15971
2.1549 0.312006 2.12478
-0.247627 0.296751 -0.34677
-2.60253 0.28758 -1.1276
-2.69001 0.15001 -2.57642
-2.69089 0.15001 -2.42026
-2.54776 0.15001 -2.20521
-2.07863 0.15001 -2.42114
-2.70216 0.15001 -2.26412
-0.905444 0.28962 -0.771367
1.28455 0.15001 -2.54866
-0.987792 0.15001 -0.410852
-2.3574 0.287245 -1.69694
-0.755325 0.288541 -2.75499
-1.96048 0.286039 -2.74112
-0.206373 0.15001 -0.424781
-2.7515 0.287809 -1.69428
-1.57227 0.288119 -1.17953
-0.997338 0.15001 -0.59113
-1.13268 0.15001 0.934817
-1.76105 0.15001 -0.813428
2.12008 0.15001 1.35271
-1.15017 0.15001 2.6971
0.243114 0.15001 1.46639
-1.26907 0.289269 -1.19117
-0.162409 0.15001 -2.69366
-0.662624 0.286973 -2.19045
-2.36124 0.261612 -2.75301
-2.2875 0.292415 1.07091
0.12213 0.15001 -0.30029
-1.86961 0.286086 -0.986301
-2.79052 0.290701 -0.117338
0.551552 0.15001 -1.6787
-2.09201 0.250483 -2.57209
0.519724 0.251836 -2.43416
-1.18787 0.15001 -2.39899
-2.27428 0.15001 -2.84999
-2.12817 0.291252 0.448755
-1.10051 0.15001 -2.2524
-2.09437 0.15001 -1.47908
0.0821926 0.294982 -0.733417
-0.370783 0.15001 -0.484036
-1.63374 0.28712 -2.63591
-2.03419 0.287423 -1.06468
-1.35481 0.286832 -2.48595
-0.497215 0.285583 -1.55111
-0.331942 0.279352 -1.65627
-0.922791 0.289633 -0.952155
-0.157396 0.15001 0.580175
-2.45079 0.286273 -2.20972
-2.22415 0.15001 1.18016
0.272275 0.290478 2.59891
-1.02002 0.15001 -0.934537
-1.09401 0.288375 -2.0609
-1.53385 0.15001 -1.84569
-1.71527 0.287126 -2.48792
-2.1402 0.2864 -2.75439
-1.19866 0.15001 -1.35379
-1.94478 0.15001 -1.23171
-2.70041 0.15001 -1.61534
-1.36217 0.15001 -1.59635
-0.481416 0.280984 0.407594
-1.68193 0.15001 -2.40373
-2.27047 0.285523 -2.44114
-2.60252 0.280908 -2.47627
-2.78109 0.285101 -2.43787
-1.30072 0.15001 -0.743426
-2.4053 0.15001 -2.11742
-2.16294 0.288285 -0.634221
-1.4023 0.288304 -0.909554
-0.356499 0.15001 0.998289
-0.229734 0.301871 2.6711
-2.31959 0.288347 -0.732239
-2.14111 0.15001 -1.98255
-0.782816 0.15001 -1.8066
-0.0131924 0.15001 -1.94703
-1.74531 0.286759 -1.59136
-2.25611 0.15001 -1.71125
-1.50326 0.15001 -1.49933
-2.62183 0.287866 -0.752069
-2.30095 0.28734 -0.932952
-1.4995 0.276268 0.203174
-2.28486 0.225824 -2.02497
-2.7811 0.284146 -2.61612
0.00827079 0.15001 0.624495
-1.49731 0.28736 -1.76657
-2.09824 0.15001 -1.64811
-1.85026 0.288222 -0.627783
-1.07693 0.15001 1.27066
-2.44592 0.287031 -1.20728
-2.78464 0.288569 -0.651809
-1.80749 0.252787 2.72701
-1.35822 0.15001 -2.69923
-1.93214 0.15001 -1.0626
-1.66932 0.273068 -1.85046
-1.79948 0.15001 -1.32455
-1.88861 0.279065 -1.85152
-2.24166 0.15001 -1.21232
-1.49586 0.268045 -0.166434
-2.24675 0.15001 -1.38409
-0.943021 0.15001 0.669382
-2.3094 0.289295 0.319191
-0.201766 0.15001 2.54216
-2.43721 0.15001 -2.84999
-2.23333 0.15001 -2.35243
-1.05897 0.15001 -1.45266
-1.51549 0.15001 -2.06472
-1.6123 0.15001 -0.901176
-1.14863 0.15001 -0.666853
-0.849965 0.15001 -0.0603088
-1.60266 0.15001 -0.728505
-2.32516 0.290248 -0.369647
-1.3395 0.291149 -0.479142
-1.45164 0.286697 -2.63569
-2.84999 0.15001 -2.84999
-0.835233 0.15001 -2.39824
1.19636 0.295107 0.288489
-2.52565 0.15001 -2.5381
-1.84707 0.15001 -2.42526
-1.32334 0.287577 1.1143
-1.11583 0.15001 1.10051
-2.84999 0.2985 0.733419
2.6474 0.294503 1.14185
-1.95437 0.15001 2.69245
-2.84999 0.15001 -2.6817
-0.0776317 0.270993 2.55397
-1.21115 0.15001 -1.52397
-2.26405 0.15001 -1.87408
-1.37852 0.15001 -1.768
-1.01994 0.15001 -0.0781605
-1.35254 0.15001 -1.4257
-1.82961 0.291359 0.71712
-1.00729 0.15001 -2.10368
1.14516 0.293331 -0.330622
-2.84999 0.15001 -2.35187
-2.37441 0.15001 -2.46055
-1.91185 0.286369 -1.66077
-2.55394 0.15001 -2.0352
-2.29387 0.286659 -1.11537
-2.38688 0.15001 -2.28648
0.118751 0.291604 2.46181
2.0091 0.295359 -0.140611
-1.04448 0.15001 -1.28301
-0.673751 0.288111 -1.63558
-1.73586 0.287559 -2.01779
-2.60051 0.15001 -2.84999
-1.25702 0.249322 -1.99303
-1.28276 0.15001 -0.400788
-2.54884 0.15001 -1.3694
-2.70036 0.15001 -1.45079
-1.37958 0.15001 1.43202
0.0747396 0.295345 0.434877
-1.75369 0.15001 -0.134256
-2.51759 0.15001 -2.70309
-2.43932 0.285218 -2.38739
-1.65382 0.15001 -1.95922
-0.669488 0.15001 -2.69606
-2.70318 0.15001 -1.9437
-2.29301 0.28619 -1.29839
-1.10052 0.15001 -1.96013
-0.369569 0.15001 0.372718
-1.42163 0.15001 1.26268
-0.271131 0.294438 1.04111
-0.67345 0.290986 0.00953189
-2.40127 0.15001 -1.45261
-2.02641 0.15001 -2.09473
-2.18671 0.288418 -1.76371
-1.95275 0.15001 -1.74983
-2.75992 0.288726 -1.04961
-0.571796 0.285074 -0.165786
-1.25545 0.15001 1.20498
-2.61071 0.287751 -0.94582
-2.28065 0.283546 -2.26037
-2.72459 0.266659 -2.84999
-1.77975 0.15001 -2.84999
-1.96403 0.271063 -2.424
-1.65155 0.15001 -1.57519
-2.09016 0.15001 -1.13872
-0.457125 0.15001 -0.0444186
-0.489973 0.15001 0.2591
-1.96261 0.290667 1.27865
-1.11861 0.15001 0.672324
-1.86939 0.283061 -2.5826
-2.70141 0.15001 -2.73375
-1.82497 0.15001 -1.98956
-2.53298 0.15001 -2.37128
-1.97807 0.15001 -1.92182
-2.10777 0.15001 -1.81489
-1.12347 0.287626 0.256934
-0.953786 0.15001 -0.233517
-2.04498 0.15001 1.43463
-2.77798 0.291667 0.218674
-2.60744 0.285311 -2.12482
-2.43976 0.285326 -2.57521
-1.86956 0.15001 -2.69776
-1.77722 0.15001 -2.27236
-1.79321 0.15001 -1.83149
-1.91822 0.15001 -0.892848
-0.776416 0.15001 -0.199779
-0.503391 0.15001 0.522513
-2.84999 0.15001 0.646897
-2.78524 0.291281 0.904058
-2.36404 0.15001 -2.63066
-2.04123 0.15001 -2.69659
-1.35518 0.15001 -2.39105
-1.44867 0.15001 -0.647508
-1.14067 0.15001 -0.494153
-0.783447 0.15001 1.18147
-0.46874 0.294231 2.46044
-1.73249 0.287342 -1.26373
-2.39418 0.15001 -1.2896
-0.452196 0.294675 2.11095
-0.752872 0.15001 -2.54779
-1.27075 0.15001 -2.84999
-2.01626 0.286139 -0.890635
-1.34834 0.15001 -2.09458
-1.33769 0.15001 -1.25792
-0.720596 0.283417 -0.321313
-1.86302 0.286449 -0.805601
-0.261484 0.15001 1.32646
-1.51595 0.297165 0.439447
0.304061 0.15001 0.554772
2.42774 0.273461 0.310818
-0.32017 0.288665 -2.28641
-1.27368 0.15001 -2.2474
-0.677102 0.297469 0.607039
-0.82202 0.15001 -0.355523
-0.847557 0.15001 0.220154
-0.921924 0.285489 1.57447
-0.566062 0.15001 1.40039
-2.69855 0.15001 -1.12566
-1.28217 0.28093 1.51067
0.659255 0.15001 -2.39613
0.905596 0.296383 1.85445
-1.94864 0.15001 -2.29935
-1.51905 0.15001 -2.38967
-0.088442 0.15001 0.276153
-2.16579 0.287682 -0.810274
-1.51839 0.275342 -1.95424
-2.15001 0.292336 0.0243289
1.13986 0.15001 2.57493
-0.489144 0.301974 2.84999
2.53205 0.15001 0.463767
-1.94585 0.15001 -2.84999
-0.49009 0.15001 -2.3841
-1.51161 0.15001 -1.66837
-0.557581 0.15001 -0.718472
0.250508 0.15001 -0.415775
-0.177816 0.15001 -0.252085
-0.75213 0.15001 0.0747592
-0.82851 0.15001 1.6561
-0.407521 0.292173 2.63727
0.414654 0.15001 -0.363011
-2.20914 0.15001 -2.69625
-1.01759 0.15001 -2.40261
-1.65928 0.15001 -1.73927
-0.592225 0.15001 -1.06262
-1.03524 0.15001 1.45259
-1.75469 0.15001 -0.64212
-0.642842 0.15001 -0.0877843
-0.763765 0.15001 0.366935
0.69628 0.15001 1.50502
-1.22991 0.291955 -0.630186
-1.61043 0.15001 -2.84999
-1.39404 0.15001 -1.93616
-1.47864 0.15001 -1.16442
-1.93121 0.273892 -2.02971
-1.4466 0.15001 -0.472668
-0.262657 0.288238 0.319812
-1.42452 0.15001 0.916289
0.228656 0.15001 0.839082
-0.0334929 0.298038 2.78064
-0.472272 0.15001 -0.209472
-2.21655 0.15001 -2.52612
-1.96017 0.15001 -2.54793
-1.32169 0.15001 -1.08867
-1.64034 0.15001 -1.24106
-0.577571 0.15001 0.0739971
-1.45105 0.15001 -0.297507
-1.37975 0.296635 0.661376
-2.84999 0.15001 2.02932
-1.55803 0.237269 2.55511
0.775004 0.15001 -2.84999
-1.98871 0.276481 -2.20138
-2.14293 0.266687 -2.11586
-1.44571 0.15001 -2.22826
-1.76951 0.15001 -0.984852
-0.201539 0.15001 0.40795
-1.2975 0.15001 -0.571261
-1.52699 0.15001 1.53152
-1.27857 0.15001 1.01825
-0.390277 0.15001 1.44778
-1.88352 0.287917 -1.16369
-1.60425 0.15001 -2.54799
-1.87503 0.15001 -2.14528
-1.4972 0.15001 -1.33185
-1.46484 0.15001 -0.992765
-0.629091 0.15001 -0.269247
-0.260792 0.15001 0.215696
-0.595825 0.15001 0.382408
-0.958226 0.15001 0.974235
-0.4334 0.15001 1.27996
-2.1033 0.15001 -2.24632
-1.01374 0.15001 -2.70056
-1.52612 0.15001 -2.69645
-0.0139853 0.15001 -0.193733
-1.64953 0.15001 -1.40755
-1.70158 0.288714 -0.723713
-0.575249 0.289289 -2.74712
-2.31125 0.285228 -1.48427
1.64691 0.15001 -0.379533
-0.369027 0.15001 2.06699
1.7227 0.15001 -2.69814
-1.7697 0.15001 -2.56508
-1.62307 0.15001 -1.07353
-0.672544 0.15001 -0.439442
-0.32702 0.15001 0.536831
1.30524 0.295911 -2.7519
-2.22266 0.15001 0.477677
-2.59751 0.291084 -0.122829
-0.0911545 0.15001 1.37039
-0.864395 0.15001 1.48801
-1.14962 0.272308 0.799372
-2.11061 0.15001 -2.84999
-0.311645 0.15001 -0.141727
-1.16777 0.15001 -1.0132
-0.950571 0.15001 1.1446
0.383989 0.15001 -0.529724
-2.21456 0.15001 1.00513
-1.59217 0.15001 2.23698
-0.131493 0.29455 0.873708
0.663166 0.15001 2.69457
-2.2617 0.287023 -2.61462
-0.241634 0.15001 -2.53997
-0.181135 0.274862 -1.53378
-0.78706 0.15001 -1.96843
-1.31006 0.15001 -0.916443
-1.18175 0.15001 1.55396
-0.938568 0.290693 0.265604
-0.906194 0.29561 1.23068
0.580312 0.294206 1.69397
-0.0846441 0.279514 2.13448
-1.18457 0.15001 -2.70055
-0.873176 0.287305 -1.64018
-1.56288 0.288169 -0.996293
-0.830228 0.284962 -2.28513
0.632446 0.29632 0.293368
0.252812 0.15001 0.382646
-1.44172 0.284804 -2.32528
1.19348 0.294725 -2.29376
-0.729564 0.15001 -0.960082
-2.15803 0.291536 0.919193
-2.53003 0.290535 -2.80463
-0.741163 0.15001 -2.2508
0.628871 0.276042 -2.25998
-0.843288 0.15001 -2.69947
-1.16055 0.15001 -0.840591
-0.534884 0.15001 -0.547207
-0.733339 0.291899 1.61056
-0.157199 0.293064 -0.959127
-0.82535 0.294121 0.440614
0.0187578 0.294931 0.251698
-1.1032 0.15001 -2.54946
-1.60927 0.15001 -2.24803
-1.18156 0.15001 -2.10651
-1.18067 0.15001 -1.18393
0.549739 0.15001 -0.473707
-0.76963 0.15001 0.675597
-2.67071 0.15001 2.55479
-0.770933 0.290194 2.61213
-2.44609 0.290899 1.18941
-1.67503 0.291667 0.298543
-1.59359 0.275917 -2.13175
-0.839961 0.15001 -2.12081
-1.27148 0.15001 -2.54797
-0.662557 0.15001 0.223909
-0.43283 0.15001 0.67462
-1.31187 0.275992 1.31887
-1.14361 0.293264 1.95874
-1.10963 0.291492 1.37991
-1.72136 0.286693 -1.08465
0.213398 0.15001 1.30077
-1.44086 0.15001 -2.84999
-0.927676 0.15001 -2.54765
1.09048 0.296936 -2.03701
-0.420679 0.15001 -0.826411
0.151448 0.15001 -0.131665
-0.865981 0.15001 -0.86154
-0.781593 0.15001 0.972784
-1.21023 0.15001 1.38307
0.461584 0.296781 0.933339
-2.45429 0.288708 1.61879
-0.926014 0.285876 -2.44024
-1.10055 0.289346 -0.759362
-1.41564 0.288265 -1.09128
-0.942537 0.15001 -1.89641
-0.771242 0.15001 -1.64131
-0.409108 0.15001 0.119671
-0.855679 0.15001 0.822474
-1.15605 0.29079 -0.0210545
-0.693915 0.15001 1.52128
-1.82471 0.28969 1.97796
-1.69208 0.15001 -2.7068
-0.0777788 0.15001 -2.84999
-1.23904 0.15001 -1.86279
0.912077 0.28162 -0.778632
-1.22385 0.15001 -1.69438
1.03053 0.15001 -2.70066
-0.270067 0.15001 0.713299
-1.55068 0.288535 -0.815455
0.968416 0.258836 2.0201
-1.88583 0.286514 -1.47752
0.514693 0.15001 -2.29
-0.121032 0.287448 -1.9717
-0.742051 0.286986 -2.44634
0.028088 0.15001 -2.3949
-0.714048 0.15001 -0.785574
-1.10928 0.15001 0.0655139
-0.438783 0.15001 -0.999269
-1.06593 0.293914 2.43924
0.613671 0.285151 0.797244
0.509098 0.15001 0.151581
0.856945 0.15001 -2.70062
-2.60937 0.275513 -2.6506
-1.09951 0.15001 -2.84999
-0.551916 0.286344 0.176502
0.744694 0.295234 -0.952743
-0.118438 0.15001 0.0996191
-0.59994 0.15001 0.674324
2.36376 0.15001 2.25159
1.1223 0.274696 -0.890747
0.854043 0.15001 1.95678
-2.14774 0.285994 -1.40073
1.1946 0.294094 -2.59573
0.00398099 0.291816 -1.83024
-0.147401 0.15001 -2.38917
1.37107 0.15001 -0.179302
-0.0337403 0.15001 0.45129
0.262333 0.297192 0.482874
-1.42513 0.289515 -1.27689
1.62441 0.294652 -2.06075
-0.647082 0.15001 1.68886
1.54584 0.15001 -2.39923
-2.64825 0.287896 -1.53725
0.101127 0.15001 -2.54717
-0.340139 0.15001 -0.314384
-0.142337 0.293242 -0.606149
-0.403141 0.15001 0.837875
0.631535 0.29475 0.994307
-0.0430507 0.295737 1.26902
0.394386 0.15001 0.879675
-1.40254 0.29538 2.65376
-1.43888 0.15001 -2.54217
2.39355 0.15001 -1.71799
1.89569 0.15001 -2.39504
-1.06981 0.15001 -1.62241
-0.623097 0.15001 -1.91229
0.371967 0.29413 -0.943605
-0.880613 0.15001 -1.03593
1.28911 0.15001 0.279475
-0.520229 0.15001 1.56517
-0.48122 0.15001 1.1117
0.833206 0.293622 2.58154
1.44287 0.15001 0.354542
-1.53714 0.287349 -2.47909
-1.00576 0.15001 -0.763012
-0.905525 0.15001 -1.38162
0.220386 0.15001 -0.586938
-0.284616 0.15001 -0.936815
0.134219 0.15001 0.506029
1.25972 0.15001 -0.877618
-2.27652 0.291474 0.561071
-0.27433 0.15001 0.0264957
-0.927841 0.15001 -2.84999
-0.658684 0.15001 -2.39343
-0.503853 0.15001 -0.379655
-0.694857 0.15001 -0.612014
-0.0439776 0.15001 -0.362531
-0.910766 0.15001 1.32044
1.2915 0.15001 -0.703166
1.67941 0.15001 2.23524
0.286356 0.15001 2.37042
-0.0710185 0.15001 -2.5427
-0.756563 0.15001 -2.84999
-0.223949 0.15001 -2.23443
-0.239459 0.15001 -0.592499
0.374722 0.15001 -1.68028
-0.131075 0.15001 -0.869671
0.0613222 0.15001 0.792598
-0.753024 0.29405 0.191485
1.52896 0.15001 -0.109822
-1.63893 0.281804 1.50173
-1.27199 0.286485 -2.64943
-0.417265 0.289586 -2.63515
-0.838765 0.15001 -0.518052
-0.400547 0.15001 -2.22896
0.100767 0.15001 -1.80964
-0.759662 0.15001 -1.47672
-0.650078 0.15001 1.07234
0.377099 0.15001 0.264864
0.949204 0.15001 2.28309
-0.770517 0.270573 2.24229
-0.244632 0.15001 -2.84999
0.233905 0.284702 -2.27704
0.840734 0.15001 -2.40034
-0.415886 0.15001 -2.84999
-0.604989 0.15001 -1.56612
-0.907318 0.292336 -0.325642
-1.12884 0.15001 -0.298581
0.476421 0.15001 0.596045
1.39826 0.15001 -0.00228523
2.20634 0.29625 0.820691
0.943838 0.294245 -2.64894
0.925038 0.29378 -1.11205
1.63539 0.15001 -2.54739
-0.569795 0.15001 -2.23216
1.21965 0.293781 -0.529828
2.25418 0.15001 1.65084
0.0881563 0.15001 0.329495
-1.47889 0.274461 2.15002
-1.41191 0.15001 1.94504
-0.764855 0.15001 1.8194
1.46065 0.15001 -2.84999
0.603464 0.15001 -2.84999
0.176519 0.15001 -2.6989
-1.08371 0.15001 -1.79282
0.0654421 0.293325 -0.376397
-0.0294169 0.15001 -1.16366
-0.852196 0.15001 -0.685504
-0.832953 0.29534 1.40262
-0.541429 0.15001 0.941737
0.674276 0.15001 0.198745
0.599658 0.15001 -2.55301
0.384251 0.15001 -2.40563
0.146146 0.292083 -2.07716
0.435814 0.15001 -2.55889
0.158008 0.15001 -0.917981
0.778299 0.15001 -0.0876944
0.221497 0.294208 -1.75669
2.41737 0.15001 -0.173104
-0.738906 0.15001 1.35248
0.998228 0.15001 1.52336
0.509943 0.296977 -1.06757
1.46903 0.271614 -1.1039
1.01691 0.15001 -2.39903
-0.627151 0.15001 -1.73527
0.0870695 0.267886 -1.39033
0.0442374 0.15001 0.157921
0.544751 0.15001 0.321848
0.633317 0.15001 -1.83068
0.0276503 0.15001 2.18981
0.584536 0.291137 0.609782
-1.7965 0.15001 -1.49289
-1.02032 0.286697 -2.5993
-0.586356 0.15001 -2.84999
0.113949 0.15001 -1.51196
-0.662156 0.15001 -2.08458
0.968264 0.15001 0.137767
0.854574 0.15001 0.711004
-0.605882 0.15001 1.23569
-0.273517 0.292377 0.616247
1.94814 0.15001 2.69621
0.632131 0.15001 -2.13245
-0.328979 0.15001 -2.6938
0.215607 0.15001 -2.38969
-0.581017 0.15001 -2.54393
-0.104447 0.15001 -0.700714
-0.30558 0.15001 -1.55042
0.44868 0.15001 -0.191351
2.15897 0.15001 -2.5441
-1.64545 0.284922 1.30287
2.4535 0.15001 2.39498
-0.399336 0.15001 -0.654328
0.336366 0.15001 -2.24995
0.344965 0.15001 -2.70218
-0.411386 0.15001 -2.53648
-0.370423 0.15001 -1.93167
0.211578 0.15001 0.205437
0.757394 0.15001 -1.05025
2.11211 0.15001 2.38811
-1.2697 0.291198 1.80171
1.97457 0.15001 1.86046
0.00679185 0.15001 -2.69948
-0.319529 0.15001 -2.38642
-1.53613 0.287152 -2.79103
-0.576392 0.15001 -0.890466
-0.152981 0.15001 -1.05096
-0.106131 0.15001 0.755798
0.61097 0.15001 0.498353
0.458941 0.291155 2.60393
1.63963 0.291791 0.52104
0.118739 0.293691 2.13739
-0.930444 0.15001 -1.72304
0.123371 0.15001 -2.25118
-0.202808 0.15001 -1.9175
-0.0439245 0.289652 -2.14056
-0.0736214 0.15001 -0.530853
-0.45648 0.15001 -1.17255
0.418165 0.15001 0.432937
-1.07835 0.258591 1.76668
-0.983395 0.15001 2.69434
1.07554 0.284608 1.76393
1.29031 0.15001 -2.84999
0.765896 0.15001 -2.54973
2.31769 0.291743 -1.49129
0.0511811 0.15001 -2.10017
0.285778 0.15001 -0.248388
-0.195001 0.276691 -1.78773
-0.463949 0.293654 1.37908
-0.105058 0.29415 -2.76546
1.34279 0.295993 -0.269249
0.481364 0.293023 -0.294595
2.54323 0.15001 -1.63721
1.9416 0.15001 -1.93343
0.514087 0.288236 0.435748
-0.204317 0.15001 -1.4114
0.589408 0.15001 -1.0863
0.476546 0.15001 -0.0191357
1.21056 0.15001 -0.247685
2.69671 0.15001 0.370666
1.61337 0.15001 0.611961
0.882438 0.15001 -0.372949
2.42833 0.15001 -0.0018423
1.45836 0.15001 -2.54608
0.233388 0.15001 -2.11898
0.81299 0.15001 -1.82776
-0.448874 0.15001 -1.46
0.275097 0.295377 -0.50907
2.69551 0.15001 -2.2567
0.541725 0.15001 -1.98039
0.612089 0.15001 -0.137121
0.28131 0.15001 1.01077
-0.916301 0.15001 -1.55049
0.94672 0.15001 -2.84999
1.18279 0.15001 -2.1013
0.466121 0.15001 -1.53089
1.16652 0.15001 -1.48799
0.465644 0.15001 -0.967524
0.355533 0.15001 -0.696326
2.84841 0.293289 -0.00247158
1.89929 0.15001 -1.08454
1.60068 0.15001 2.39161
2.38835 0.15001 -1.37191
0.296565 0.15001 -1.52505
0.260094 0.15001 -2.84999
-0.130858 0.15001 -2.08194
0.534433 0.291376 -1.77647
-0.0832434 0.298099 1.06866
2.57016 0.15001 -0.0874259
0.692761 0.295518 -0.045709
0.838279 0.15001 0.250395
0.795793 0.284931 -1.28732
0.717603 0.15001 -1.97902
0.515263 0.15001 -2.70582
2.41955 0.293861 -1.28211
0.391108 0.15001 -1.35589
0.197685 0.15001 -1.66669
0.285998 0.15001 -1.02793
1.7942 0.291402 -1.0855
2.70833 0.15001 -0.179888
0.348002 0.15001 1.18152
2.2794 0.277551 1.08997
-0.305867 0.15001 -2.08413
-0.322462 0.289931 -2.79601
1.36731 0.15001 -2.39923
0.827508 0.15001 -2.10754
0.31542 0.15001 -0.0792345
1.62554 0.283061 -1.50965
1.07707 0.15001 -0.139851
2.54083 0.15001 -1.81274
0.738003 0.15001 -1.38172
-2.43497 0.291879 0.845516
0.771964 0.291572 -1.59329
1.10774 0.15001 -2.5487
1.27775 0.15001 -2.24977
0.222848 0.15001 -1.37695
-0.304811 0.15001 -1.11402
1.23933 0.15001 -0.070899
2.44074 0.298854 0.0871561
0.022893 0.29778 1.78238
-1.95102 0.291511 0.554652
0.131224 0.29418 1.93772
1.7777 0.15001 -1.94402
-0.497529 0.15001 -2.69499
0.0187081 0.291572 -2.60274
-0.309653 0.15001 -1.76621
-0.607444 0.15001 -1.39963
-0.14276 0.15001 -0.0795943
0.988941 0.15001 -0.858547
1.94845 0.298382 -0.650373
-1.45424 0.15001 -0.819716
1.51868 0.15001 2.5433
1.11871 0.15001 -2.84999
-0.0823173 0.15001 -1.79492
0.914187 0.15001 -1.96219
-0.74399 0.15001 -1.13392
0.129723 0.15001 -1.09259
-0.537904 0.254482 0.794826
1.58948 0.15001 -1.05217
0.17951 0.15001 0.0372814
0.805277 0.15001 0.0806472
-1.74664 0.15001 2.31931
0.134938 0.287659 -2.45087
1.54932 0.15001 -2.69886
-0.342266 0.15001 -1.3021
0.104177 0.15001 -1.26307
2.6979 0.15001 -0.697507
1.37752 0.15001 -2.69656
0.582816 0.15001 -0.307257
1.31932 0.15001 -0.533673
0.521032 0.15001 -0.640482
1.17942 0.15001 -0.425857
2.00388 0.291585 -1.47133
0.812195 0.290911 -1.94141
-0.894648 0.15001 -1.20833
1.24785 0.15001 -1.64125
-0.754879 0.15001 -1.30746
-0.140127 0.290778 -1.33776
-0.170532 0.15001 -1.65331
1.01679 0.15001 0.488198
0.285876 0.29443 0.0155178
1.32071 0.15001 0.632876
1.08421 0.295661 -1.76073
0.430622 0.15001 -2.84999
1.43715 0.15001 -1.94743
0.750218 0.15001 -2.25558
0.72855 0.15001 -1.68459
-0.000589503 0.15001 -0.979982
1.90445 0.15001 -0.913442
1.15255 0.15001 0.383917
2.43439 0.260417 0.883243
2.06845 0.28037 0.946848
0.0910429 0.15001 -2.84999
-0.0520791 0.15001 -2.24252
1.45498 0.15001 -2.25343
2.63123 0.299598 -1.42549
2.25154 0.297806 -1.01763
0.015347 0.15001 -0.0159469
0.271004 0.15001 -1.21174
1.75251 0.15001 2.07372
1.52625 0.285713 -0.778154
1.10123 0.292644 -1.56027
1.22493 0.297157 -1.41879
0.353565 0.15001 -1.98678
-1.03055 0.15001 -1.10924
1.08944 0.15001 -1.94999
2.69206 0.15001 -1.55107
0.853445 0.15001 -1.18942
2.37825 0.15001 -1.19401
1.93871 0.15001 0.917217
-0.32937 0.270934 -1.42452
2.40458 0.15001 1.75099
0.992165 0.15001 -1.80997
2.33179 0.15001 -2.84999
1.17177 0.15001 -1.79901
1.39885 0.298335 -1.54616
2.21939 0.15001 -0.926603
-1.25588 0.289136 -1.00995
1.68848 0.15001 -0.031095
0.159869 0.292743 -1.19217
-0.00360206 0.27527 2.30841
0.221832 0.297718 0.289168
2.08759 0.15001 -1.6841
1.88642 0.15001 -2.09266
1.26238 0.15001 -1.94997
0.0202152 0.15001 -1.65923
-0.0617102 0.15001 -1.51217
1.02005 0.15001 -1.16979
0.493631 0.294915 1.33017
1.72563 0.291345 1.85142
2.50721 0.15001 -2.54277
-1.32793 0.26643 0.478291
0.452214 0.15001 -1.83513
1.71134 0.15001 -2.09972
0.68712 0.15001 -2.70179
1.66063 0.292276 -0.933561
2.53762 0.15001 -1.11602
0.416817 0.15001 -1.12602
1.7628 0.294256 -0.215392
-0.403434 0.293824 1.18468
0.843578 0.15001 1.59552
2.36907 0.15001 2.54402
1.54206 0.296017 -2.80032
1.19209 0.15001 -2.40053
1.56343 0.296223 -1.8696
2.73741 0.290894 -1.99549
0.652404 0.15001 -1.53792
2.39667 0.15001 -0.512497
2.15843 0.296497 -1.34397
0.288637 0.255822 1.79012
0.910284 0.259705 0.573412
2.70238 0.15001 1.76147
1.20249 0.15001 -2.7002
0.936238 0.15001 -2.54799
0.457346 0.15001 -2.12798
1.42167 0.15001 -1.64806
0.0898336 0.15001 -0.473576
0.180155 0.15001 0.671446
0.328298 0.295435 -1.12727
0.38803 0.15001 2.5254
1.93326 0.15001 -0.567882
1.94027 0.15001 0.740931
1.98503 0.15001 -2.84999
2.08495 0.15001 -1.85396
1.60812 0.15001 -1.9513
1.07431 0.15001 -1.65354
1.08355 0.15001 -1.33469
-0.480915 0.15001 -1.81132
1.81035 0.15001 -2.54667
0.569069 0.15001 -1.39646
1.34071 0.15001 -0.360314
1.26597 0.260161 1.70985
2.23135 0.15001 -2.11013
1.43247 0.15001 -0.983219
2.34485 0.15001 -2.23827
1.91384 0.15001 -1.25189
2.39607 0.15001 -1.54693
2.78208 0.29495 -1.57608
2.2957 0.294993 -0.507799
1.4227 0.15001 -0.812034
0.345463 0.280776 -2.12324
1.2839 0.15001 1.97387
2.00183 0.15001 0.120644
2.06652 0.15001 -2.39652
2.23901 0.15001 -1.77944
1.60655 0.15001 -1.37117
1.72304 0.15001 -1.16376
0.0565683 0.15001 -0.640338
1.52437 0.291099 -1.68343
-2.51661 0.15001 1.71265
2.43603 0.292846 0.509607
1.69165 0.15001 2.54039
2.59564 0.294954 -1.20555
0.901631 0.15001 -1.66822
0.830744 0.15001 -1.51696
-0.451189 0.15001 -1.64591
2.22081 0.15001 -1.26609
2.07001 0.15001 -0.833508
0.585892 0.295688 -2.6545
1.65894 0.15001 1.29491
0.868029 0.15001 0.420717
2.37162 0.15001 1.17198
1.8074 0.15001 -2.84999
1.98297 0.15001 -2.54678
1.98048 0.15001 -2.23882
1.26248 0.294122 0.538089
0.811659 0.15001 -0.880984
2.42084 0.15001 -2.69638
0.68797 0.15001 -1.2245
0.052831 0.293063 -0.120026
-0.485895 0.243463 -1.31884
1.5549 0.15001 0.0699517
2.59483 0.15001 -2.70024
1.72237 0.15001 -2.39752
2.59265 0.15001 -2.39098
1.18627 0.15001 -1.18612
2.84999 0.297782 -1.39087
2.53914 0.15001 -1.28914
1.61926 0.294294 0.338392
0.270312 0.296566 -0.783364
0.659378 0.15001 -0.756564
0.792395 0.294478 1.07537
1.88833 0.297157 -2.80787
2.2409 0.15001 -1.60887
2.52596 0.15001 -2.20216
2.06106 0.15001 -1.00436
2.00027 0.294741 -0.901623
-1.68499 0.294535 0.103374
2.68665 0.15001 -0.866922
2.27583 0.15001 -0.0776575
0.026375 0.15001 -0.810524
2.61825 0.15001 2.417
1.63546 0.15001 -2.84999
2.07258 0.15001 -2.69771
1.5408 0.294843 -2.60193
2.06639 0.15001 -2.05176
1.00704 0.15001 -2.10376
2.37981 0.15001 -0.851705
0.924801 0.15001 -2.25203
1.10321 0.15001 -1.00875
-0.302921 0.15001 1.16038
2.09183 0.15001 2.09133
2.68762 0.15001 -2.08577
2.67929 0.15001 -2.84999
1.93085 0.15001 -1.76373
2.15351 0.15001 -2.25283
1.82511 0.15001 -0.129351
0.324921 0.15001 -0.862604
2.07656 0.15001 -0.664099
0.99747 0.296563 -0.201186
2.15497 0.15001 0.194138
1.2032 0.297924 0.0536469
1.34428 0.15001 -1.80005
2.38681 0.15001 -1.89243
1.51691 0.15001 -1.79167
1.54207 0.15001 -1.21288
0.911012 0.15001 -1.35036
0.0097544 0.292532 -1.07194
2.27549 0.295596 -0.831093
2.28944 0.15001 0.0924154
0.747417 0.15001 -0.256455
1.55127 0.29378 -0.404037
2.72861 0.262411 -2.72317
2.42391 0.15001 -2.38773
2.39636 0.15001 -2.07037
2.69533 0.15001 -1.03659
2.06117 0.15001 -1.346
1.27938 0.294548 -1.73051
1.36791 0.15001 -1.18365
1.65827 0.281687 -1.2629
2.43659 0.292836 -1.08784
1.84885 0.295155 -0.41032
2.79793 0.296071 -2.24352
1.80644 0.15001 -2.24728
1.53051 0.15001 -2.10241
2.69392 0.15001 -1.90125
1.37343 0.292957 -2.20206
2.08915 0.15001 -1.51383
0.589483 0.294145 -0.823704
2.69335 0.15001 -1.207
1.61361 0.15001 -0.716063
-0.94734 0.289492 -0.511671
1.78787 0.15001 -1.66399
-0.930888 0.15001 -2.25906
2.2469 0.15001 -2.69599
2.84999 0.15001 -2.84999
-0.478805 0.285899 -2.16185
0.521941 0.15001 -1.24421
-0.49828 0.268002 -1.93988
2.71712 0.15001 0.00178612
2.0413 0.294728 0.720159
2.84999 0.296764 1.94762
2.15882 0.15001 -2.84999
2.72936 0.250487 -2.41622
2.23371 0.15001 -1.434
2.84999 0.15001 -1.64991
2.22412 0.15001 -1.94812
1.02057 0.15001 0.658451
-1.78126 0.285635 -2.743
0.648028 0.282859 1.20837
1.81836 0.26767 -1.8196
2.5391 0.15001 2.55746
2.24925 0.15001 -2.3923
2.84999 0.15001 -2.50719
1.43348 0.15001 -1.34706
1.73805 0.15001 -1.49866
0.345146 0.15001 0.0944248
1.62993 0.15001 -2.24899
2.02992 0.283072 1.98222
2.10525 0.15001 -0.32365
0.467672 0.290371 -1.42841
2.30896 0.15001 0.264107
-0.264353 0.15001 -0.762549
2.07865 0.281365 -2.16349
2.84999 0.15001 -2.67753
2.54179 0.15001 -1.46075
1.33703 0.15001 -1.49119
-0.0414693 0.15001 -1.34394
-0.840624 0.287604 -2.59867
2.17084 0.296719 -0.66123
-0.843365 0.276175 1.06391
2.19863 0.15001 1.00282
2.01095 0.292722 -1.09953
2.58246 0.295482 -2.59803
2.84999 0.15001 -2.16313
1.93929 0.15001 -1.59207
2.78676 0.293702 -1.21593
2.2023 0.298835 -0.147053
-0.606781 0.15001 -1.23312
2.57688 0.15001 0.0877357
0.639653 0.15001 0.0321652
0.821192 0.15001 -0.710185
0.269393 0.15001 -2.54808
1.89728 0.15001 -2.69881
1.09978 0.15001 -2.25019
2.69319 0.15001 -1.72591
2.69873 0.15001 -1.37816
0.27879 0.15001 -1.82864
0.352184 0.15001 0.715423
0.88065 0.15001 0.889779
0.942725 0.15001 -0.0327184
1.83809 0.294107 -0.81064
1.90321 0.15001 -1.429
2.6861 0.15001 -2.55492
1.3572 0.15001 -2.0981
2.78286 0.291901 -0.873999
-0.183272 0.15001 -1.23497
0.257416 0.295194 0.736714
2.40435 0.15001 -0.342636
1.70796 0.15001 1.13688
0.586054 0.271208 2.09828
2.11489 0.15001 2.69671
2.50498 0.15001 -2.84999
2.54406 0.15001 -1.99022
2.78032 0.295595 -1.7727
2.21826 0.15001 -1.09842
2.84999 0.300321 -0.517604
1.51 0.15001 -1.50498
1.61612 0.15001 -1.63855
2.07793 0.15001 0.638864
1.01872 0.15001 1.35088
1.76466 0.15001 0.979968
