2000 0.1
-2.44355 0.29101 -2.00517
-2.69576 0.15001 -0.925389
-2.84999 0.15001 -0.846431
-2.84999 0.15001 -0.513743
-2.84999 0.15001 -0.00342924
-2.84999 0.15001 0.505412
-2.84999 0.15001 2.3735
-2.84999 0.15001 1.87047
-2.84999 0.15001 2.53406
-2.84999 0.15001 2.84999
-1.95558 0.15001 -1.43527
-2.54956 0.15001 -1.842
-2.84999 0.15001 -0.681309
-2.6927 0.15001 -0.594432
-2.84999 0.15001 -0.174145
-2.84999 0.15001 0.334989
-2.84999 0.15001 0.844712
-2.84999 0.15001 1.70021
-2.702 0.15001 2.30129
-2.68014 0.15001 2.84999
-2.84999 0.15001 -1.84107
-2.23697 0.15001 -1.63047
-2.54779 0.15001 -1.5084
-2.47494 0.295227 -0.590742
-2.6986 0.15001 -0.259049
-2.79382 0.30039 1.61364
-2.84999 0.15001 1.53141
-2.84999 0.15001 1.18616
-2.84999 0.15001 2.20622
-2.84999 0.463994 2.84999
-2.55097 0.15001 -1.67471
-2.701 0.15001 -1.25878
-2.47085 0.297474 -0.407327
-2.69682 0.15001 -0.0907592
-2.69622 0.15001 -0.427368
-1.1315 0.302169 -0.166612
-2.69361 0.15001 0.758339
-2.84999 0.15001 1.01475
-2.56624 0.15001 2.39534
-2.32708 0.15001 2.84999
-1.79132 0.15001 -1.69191
-1.94507 0.15001 -1.62123
-2.44275 0.294016 -1.02357
-2.84999 0.15001 -0.344999
-2.38823 0.15001 -0.272367
-2.84999 0.308712 0.420498
-2.63092 0.304626 1.18591
-2.67341 0.306978 1.87804
-1.78243 0.300821 2.62476
-2.84999 0.319334 2.48629
-1.7619 0.15001 -0.303732
-2.69898 0.15001 -1.75787
-2.14564 0.299228 -0.417468
-2.53835 0.15001 -0.514139
-2.54258 0.15001 -0.347377
-2.4615 0.299727 -0.217991
-2.78491 0.303556 0.590451
-2.21827 0.303382 2.49906
-2.69404 0.306434 2.60232
-2.50764 0.15001 2.84999
-1.72291 0.292297 -0.918854
-2.84999 0.15001 -1.01101
-2.84999 0.15001 -1.17681
-2.38381 0.15001 -0.439746
-2.68852 0.15001 0.247567
-2.53962 0.15001 0.333409
-2.40531 0.297998 2.52813
-2.67342 0.298677 2.41626
-2.84999 0.310887 2.30229
-2.54035 0.15001 2.22239
-2.40087 0.15001 -1.75456
-2.06655 0.15001 -0.645516
-2.38124 0.15001 -0.775039
-1.17502 0.285531 -0.373222
-2.79928 0.296678 -0.431138
-2.4544 0.300179 2.16316
-2.84999 0.15001 1.36026
-2.84999 0.309238 1.27108
-2.84999 0.306001 1.4482
-2.23783 0.306715 2.8466
-1.37751 0.293946 -0.679546
-1.03251 0.301357 -0.00154869
-2.55456 0.15001 -1.17826
-2.22608 0.15001 -0.546827
-2.38795 0.15001 -0.104655
-2.84999 0.308159 0.0875953
-2.67508 0.307509 1.35784
-2.84999 0.310576 1.09455
-2.53339 0.276741 2.69389
-1.97217 0.15001 2.84999
-2.47823 0.29406 -0.772991
-1.59694 0.15001 -0.220347
-2.63193 0.300258 -0.31401
-1.61711 0.15001 0.152737
-2.63391 0.296223 -0.502549
-2.31051 0.294241 -0.501875
-2.84999 0.307258 1.78304
-2.6429 0.305101 2.23681
-2.77914 0.303192 2.84999
-2.13996 0.305073 2.66891
-2.84999 0.15001 -2.51635
-2.84999 0.15001 -1.50922
-2.54833 0.15001 -1.01181
-2.53516 0.15001 -0.680753
-2.84999 0.15001 0.166565
-2.69781 0.15001 0.418587
-2.69488 0.15001 1.27275
-2.53835 0.15001 1.18897
-2.66791 0.15001 2.68294
-1.54609 0.15001 2.70284
-2.6986 0.15001 -2.08243
-2.22889 0.15001 -0.89173
-1.28688 0.15001 0.651078
-2.07696 0.15001 -0.122438
-2.69705 0.15001 0.0782551
-2.53505 0.15001 0.676705
-2.53368 0.15001 1.01838
-2.36968 0.15001 1.44339
-2.69473 0.15001 1.78751
-2.22783 0.15001 2.70689
-2.45623 0.293121 -1.82523
-2.22642 0.15001 -2.16395
-1.92038 0.15001 -0.386821
-2.22963 0.15001 -0.205258
-2.38461 0.15001 0.240118
-2.52961 0.15001 0.847026
-2.69386 0.15001 1.09998
-2.69395 0.15001 1.95971
-2.84999 0.15001 2.69243
-2.14479 0.15001 2.84999
-0.237823 0.299388 0.118097
-1.98574 0.298777 -0.312954
-2.07462 0.15001 -0.296277
-2.5435 0.15001 -0.180039
-2.07142 0.15001 0.226308
-2.53709 0.15001 0.159075
-2.69283 0.15001 0.589121
-2.69085 0.15001 1.61598
-1.88162 0.15001 2.68351
-2.5251 0.15001 2.57021
-2.84999 0.15001 -1.67518
-2.84999 0.15001 -1.34285
-2.69511 0.15001 -0.761611
-2.38308 0.15001 -0.606411
-2.54138 0.15001 -0.01021
-2.38678 0.15001 0.413735
-2.68834 0.15001 0.928357
-2.69447 0.15001 1.44649
-2.41291 0.15001 2.70081
-2.84999 0.327057 2.6834
-2.84999 0.15001 -2.00831
-0.95498 0.15001 0.0496067
-1.91897 0.15001 0.138919
-1.92054 0.15001 0.495425
-2.38286 0.15001 0.0658638
-2.22892 0.15001 0.147294
-2.81073 0.301315 -0.256044
-2.53658 0.15001 1.35946
-2.53321 0.15001 2.04845
-2.30389 0.15001 2.56311
-1.78493 0.15001 -1.17955
-2.40006 0.15001 -1.59239
-2.53884 0.15001 -0.845247
-2.2257 0.15001 -0.37777
-1.91708 0.15001 -0.212557
-2.28936 0.296584 -0.124425
-2.62974 0.303583 1.00765
-2.80108 0.303992 2.13081
-2.42134 0.308302 2.84999
-1.62903 0.15001 2.84999
-1.6152 0.15001 -0.400154
-2.22193 0.15001 -0.716886
-1.91978 0.15001 -0.560054
-1.91912 0.15001 -0.0376042
-1.755 0.15001 0.585318
-1.92113 0.15001 0.318709
-1.76959 0.15001 0.41179
-2.37353 0.15001 1.77992
-2.37627 0.15001 1.274
-1.95136 0.15001 2.52211
-2.39246 0.15001 -0.941642
-2.07242 0.15001 -0.472142
-1.4788 0.15001 0.0640685
-1.41927 0.15001 0.226523
-1.61135 0.15001 -0.0426064
-2.11229 0.302462 1.17902
-2.14234 0.303388 0.283819
-2.37795 0.15001 1.94803
-2.37062 0.15001 2.11612
-2.84999 0.308756 1.95959
-2.35075 0.303442 0.149629
-1.34381 0.297677 0.164007
-1.97744 0.30171 0.067349
-2.59532 0.303357 0.608366
-1.73462 0.15001 0.754222
-2.27321 0.303346 1.27775
-2.44925 0.304451 1.38742
-2.54014 0.15001 0.504443
-2.32654 0.306668 2.68676
-2.28842 0.305907 2.32032
-2.59007 0.282145 -2.27868
-2.39685 0.15001 -1.91896
-1.30038 0.15001 0.358597
-1.69502 0.15001 1.58765
-2.37267 0.15001 0.758266
-2.05962 0.15001 1.09509
-2.06139 0.15001 1.2678
-2.3631 0.15001 1.61166
-2.69168 0.15001 2.13041
-0.763742 0.15001 2.84999
-2.84999 0.15001 -2.17657
-1.23712 0.15001 -0.0950083
0.48323 0.15001 1.45332
-1.74984 0.15001 1.74953
-2.38316 0.15001 0.586139
-1.86735 0.15001 1.52889
-1.88283 0.15001 1.35622
-2.05314 0.15001 1.60837
-1.7132 0.15001 2.69369
-1.45438 0.15001 2.84999
-2.60461 0.291105 -1.92576
-2.24018 0.15001 -1.06582
-1.76462 0.15001 0.0493364
-1.42935 0.15001 0.753971
-2.07428 0.15001 0.0514277
-2.36684 0.15001 0.929586
-2.53792 0.15001 1.87475
-2.40953 0.15001 2.44036
-2.12916 0.15001 2.54112
-1.10762 0.15001 2.84999
-1.63454 0.15001 -2.14121
-0.769021 0.15001 2.00003
-1.14376 0.15001 1.93368
-1.26823 0.15001 0.830279
-1.63751 0.306285 0.901714
-1.90524 0.15001 0.6674
-1.11472 0.15001 2.554
-1.90815 0.15001 1.69732
-2.07662 0.15001 2.12735
-1.39924 0.15001 2.402
-0.200919 0.297915 0.484051
-2.09212 0.15001 -1.33491
-1.22689 0.15001 0.20298
-1.2424 0.15001 1.7748
-2.23106 0.15001 -0.0308893
-2.22778 0.15001 0.319778
-2.21937 0.15001 0.667388
-2.52836 0.15001 1.52978
-1.80088 0.15001 2.84999
-2.60303 0.310886 2.84999
-1.71935 0.296991 -0.558473
-1.04397 0.15001 0.198303
-1.57881 0.15001 1.19503
-1.44079 0.15001 0.570923
-1.73698 0.15001 0.923939
-2.0751 0.15001 0.40269
-2.21351 0.15001 1.35406
-2.20483 0.15001 1.52257
-2.21919 0.15001 2.03743
-2.06372 0.15001 2.37587
-1.65884 0.308473 0.665907
-2.40504 0.15001 -1.10438
-1.42891 0.15001 -0.101607
-1.58421 0.15001 0.666996
-1.77164 0.15001 0.231168
-2.07367 0.15001 0.577078
-2.38047 0.15001 1.10179
-2.63185 0.307614 1.70487
-2.23803 0.15001 2.39886
-0.936139 0.15001 2.84999
-1.61954 0.15001 -0.574342
-0.940706 0.15001 0.344408
-2.51099 0.305169 0.253423
-1.61986 0.15001 0.324053
-1.7435 0.15001 1.25714
-1.89474 0.15001 0.839186
-1.80301 0.289148 1.63412
-2.21043 0.15001 0.839407
-1.79906 0.15001 2.17599
-2.05805 0.310014 2.84999
-2.48195 0.297348 2.34757
-2.07428 0.15001 -0.817391
-1.82906 0.299229 -0.408594
-1.20109 0.15001 0.497886
-1.61038 0.15001 0.496225
-2.05709 0.15001 0.750082
-2.62106 0.303414 1.52568
-2.21514 0.15001 1.86664
-2.63457 0.304656 2.05435
-1.28027 0.15001 2.84999
-2.4434 0.299355 -0.0175606
-1.99005 0.299964 -0.508205
-2.61478 0.303359 0.0952548
-2.43294 0.302763 0.500165
-1.87903 0.302955 0.23105
-2.63991 0.305539 0.820233
-2.27646 0.302324 1.76949
-2.2149 0.15001 2.22677
-2.5457 0.401621 2.5544
-1.70753 0.304951 2.807
-0.842895 0.274979 -2.01903
-2.08591 0.15001 -0.991993
-1.4643 0.15001 0.399162
0.0919385 0.15001 1.7842
-1.04346 0.15001 2.40205
-0.666432 0.15001 2.3869
-0.936468 0.15001 2.54143
-0.677651 0.15001 2.69667
-0.49054 0.15001 2.39554
-0.589343 0.15001 2.84999
-1.5578 0.295777 -0.647101
-1.32422 0.15001 -0.240739
0.0120932 0.15001 1.44017
0.365094 0.15001 1.74228
-2.05245 0.15001 0.922898
-1.42027 0.305077 2.21372
-1.90431 0.15001 1.18344
-2.05695 0.15001 1.95344
-2.05508 0.15001 1.78535
-1.36882 0.15001 2.70265
-2.29479 0.28915 -1.89513
2.19555 0.317854 1.94261
-1.54864 0.15001 1.37042
-0.0697059 0.15001 1.72831
0.354684 0.15001 1.91859
0.173935 0.15001 1.93314
-0.970235 0.15001 2.25469
-1.75324 0.15001 2.52193
-1.29042 0.15001 2.55031
-0.23724 0.15001 2.84999
1.17907 0.15001 0.22591
-1.00741 0.15001 1.81758
-0.529139 0.15001 1.76221
0.518195 0.15001 1.81308
-1.2342 0.15001 2.09499
-1.32726 0.15001 1.94828
-1.31702 0.15001 2.25383
-1.74489 0.15001 2.00276
-2.20898 0.15001 1.69503
-0.848934 0.15001 2.69684
2.63431 0.302139 -1.00532
-1.92382 0.15001 -0.739925
0.212812 0.15001 1.67019
-0.19089 0.15001 1.85289
-0.616537 0.15001 2.06849
-0.848818 0.15001 2.38454
-1.50564 0.15001 2.26527
-1.22007 0.15001 2.39775
-1.58026 0.15001 2.43117
-1.33246 0.31573 2.82248
-1.02365 0.15001 0.49396
-1.97645 0.302603 0.395263
-1.08106 0.15001 0.803583
-1.05908 0.15001 2.09582
-1.4109 0.15001 2.11463
-2.3045 0.300557 0.844749
-2.14268 0.298695 1.43269
-1.98483 0.305905 1.04034
-1.61926 0.15001 2.13232
-2.37884 0.15001 2.28059
-1.47436 0.299447 1.19853
-1.76898 0.15001 -0.478869
-1.3151 0.15001 0.0570179
-1.63413 0.15001 1.86988
-0.870123 0.15001 2.12763
-1.97307 0.297064 1.53928
-1.35835 0.306711 2.47562
-0.759335 0.15001 2.53815
-1.95637 0.15001 2.24258
-1.52733 0.312718 2.84999
-1.81124 0.301683 0.5025
-1.11994 0.15001 0.348249
-0.669029 0.15001 0.501819
-2.14674 0.302211 0.74222
-0.385606 0.286394 0.793636
-1.89829 0.15001 1.01095
-1.87964 0.15001 1.87643
-1.80826 0.302943 1.19445
-2.46935 0.301816 1.79898
-0.6816 0.308928 2.84999
-1.72724 0.293093 2.41749
-1.42157 0.15001 1.10483
-2.46947 0.305088 1.97874
-1.81113 0.297567 -0.0417176
-1.96475 0.300242 2.62135
-1.41785 0.302242 2.01032
-2.10318 0.303554 1.69489
-1.91787 0.15001 2.0539
-1.73285 0.305336 1.83187
-1.11193 0.311017 2.78056
-2.61421 0.303273 0.419354
-1.45039 0.15001 1.83013
-1.6419 0.300679 1.10159
-1.98588 0.298045 -0.124204
-1.98978 0.303102 0.844753
-1.13704 0.308749 1.16897
-2.46964 0.302851 0.750569
-1.81087 0.302167 1.4274
-2.23945 0.301418 2.13751
-1.46402 0.15001 2.55704
-0.149981 0.299155 -0.149922
-0.386039 0.27305 -0.0852465
0.692226 0.15001 0.889153
0.622914 0.15001 1.34419
0.663923 0.15001 1.69942
0.500863 0.15001 2.23524
0.585338 0.15001 2.38156
0.403301 0.15001 2.3887
-0.313218 0.15001 2.40493
0.103817 0.15001 2.84999
-1.47303 0.304152 1.00223
-0.840083 0.297941 -1.30901
0.348027 0.15001 1.56451
0.503385 0.15001 0.814414
0.68194 0.15001 1.87185
0.3194 0.15001 2.24219
0.132941 0.15001 2.23289
0.234885 0.15001 2.09091
-0.384936 0.15001 2.25294
-0.502982 0.15001 2.70005
-0.926528 0.305322 1.78296
-0.166204 0.306007 0.695576
0.896506 0.305022 1.43536
0.589279 0.302611 1.43309
0.785218 0.15001 1.4254
0.407104 0.15001 2.08841
-0.39672 0.305267 2.01397
-0.210228 0.292438 1.96677
-0.559652 0.15001 2.23689
0.436073 0.15001 2.84999
-1.08834 0.15001 1.66868
-1.7423 0.15001 1.09285
-0.0243189 0.15001 1.90397
-0.647671 0.301648 1.08074
0.537029 0.15001 1.98028
-0.398098 0.305125 1.55106
-0.302515 0.302629 1.24863
-0.586135 0.15001 2.54497
-0.601907 0.305643 2.65541
-0.408092 0.15001 2.55139
0.229546 0.15001 -1.93954
-0.845962 0.15001 0.496223
0.770462 0.15001 0.605018
0.271095 0.304634 1.48606
0.877741 0.291674 2.4014
-0.247159 0.305977 1.43471
0.514533 0.311263 2.84999
-0.27759 0.15001 2.11796
-0.73511 0.291268 2.11188
0.0304925 0.15001 2.69983
-0.284304 0.15001 1.51154
-1.39381 0.15001 1.66791
-0.0631308 0.15001 1.10072
-0.319843 0.15001 1.9615
-0.487833 0.15001 1.93048
-0.123484 0.15001 2.04182
-0.72178 0.304841 1.82158
0.0577096 0.15001 2.05992
-2.28545 0.302725 1.95821
-0.32356 0.15001 2.70226
0.687714 0.15001 0.407263
0.0275518 0.290982 0.722241
-0.855004 0.307069 1.96414
-0.203334 0.15001 1.21424
0.0899707 0.303959 1.51331
0.504704 0.15001 1.63208
-0.716071 0.306605 1.47062
-1.06891 0.305472 2.29327
-0.27602 0.306647 2.30732
-0.410597 0.15001 2.84999
-1.41565 0.300231 1.57343
-0.360316 0.15001 1.79981
-1.71715 0.15001 1.4207
-0.453012 0.304192 1.83447
-1.61428 0.315511 1.66551
-1.04582 0.297285 1.96782
-1.23144 0.304428 2.18766
-2.09541 0.283087 2.263
-0.743445 0.305139 2.44236
-0.0677256 0.15001 2.84999
-2.27658 0.30756 1.56614
-1.58028 0.15001 1.01782
-0.650229 0.15001 1.88439
-1.81585 0.305753 0.963717
-0.115125 0.15001 1.55485
-1.14293 0.15001 2.24607
-1.02175 0.306589 2.61139
-2.10394 0.314467 1.99716
-0.146228 0.15001 2.70246
0.185395 0.311143 2.84999
-1.57978 0.15001 0.841802
-1.5699 0.15001 1.7084
-1.50474 0.297852 -0.0358377
-1.62421 0.291903 1.9957
-1.26722 0.304065 2.64169
-0.731803 0.15001 2.22542
-1.8555 0.299836 2.2817
-0.649186 0.303424 2.2856
-2.03862 0.306548 2.45093
-0.05413 0.15001 2.55493
-0.422059 0.15001 -2.06227
0.224645 0.302319 2.18604
1.05605 0.15001 1.17213
1.33575 0.15001 0.523562
1.19594 0.15001 1.27307
1.37905 0.15001 2.11502
0.69707 0.15001 2.0446
0.493384 0.15001 2.53169
0.85909 0.15001 2.68837
0.601405 0.15001 2.84999
1.95667 0.303362 -1.71342
1.09739 0.15001 0.659105
0.188731 0.304929 0.980727
0.416945 0.15001 1.10736
0.969027 0.15001 1.67131
1.16237 0.15001 1.80399
1.10194 0.15001 1.98296
0.494212 0.302017 2.4251
0.0351209 0.15001 2.38163
-0.136322 0.15001 2.41189
2.64885 0.303395 1.284
1.07541 0.15001 0.355109
0.584431 0.15001 1.14969
1.15388 0.15001 1.45111
1.13099 0.15001 1.62351
1.28832 0.15001 1.54379
0.852968 0.15001 2.1109
1.12589 0.15001 2.2889
0.925584 0.15001 2.84999
1.24236 0.15001 2.84999
2.40844 0.313238 -0.844645
0.115653 0.15001 1.16814
0.319414 0.15001 1.3932
0.457382 0.15001 1.27588
0.994063 0.15001 1.8471
1.20138 0.15001 2.13135
0.304601 0.307908 1.66587
0.76046 0.15001 2.38012
1.02469 0.15001 2.69393
0.363189 0.15001 2.69657
0.320332 0.31002 0.251279
1.30315 0.15001 -1.31355
0.078886 0.15001 1.0017
0.884685 0.15001 1.29014
1.42025 0.305586 1.37901
1.29075 0.304723 2.0632
1.02334 0.15001 2.14651
0.870853 0.15001 2.51581
0.444285 0.303178 1.96717
0.0627839 0.307174 1.70641
-0.943549 0.15001 1.97242
-0.337234 0.15001 0.903174
-1.96346 0.303779 2.13148
0.542714 0.291619 0.115424
0.700299 0.305769 1.58749
1.7197 0.305353 1.65905
-0.60178 0.30363 1.96646
0.976726 0.282996 2.56961
0.692501 0.15001 2.21946
-0.204197 0.15001 2.2637
-0.406569 0.15001 1.63725
-0.687409 0.15001 0.813322
0.0514002 0.15001 1.61061
-0.0250571 0.15001 1.26967
0.623926 0.301156 2.28258
0.827006 0.15001 1.7683
-0.944747 0.301794 2.43681
1.11075 0.291584 2.42101
0.120135 0.15001 2.53869
0.85499 0.306487 2.77109
-1.45442 0.300047 1.39023
-0.235889 0.15001 1.67876
-0.869473 0.307456 2.79886
-0.292123 0.308484 2.49419
-0.753839 0.308435 1.2583
-0.565298 0.310604 1.67518
-0.119646 0.306389 1.63837
-0.461833 0.306088 2.30721
0.12055 0.303271 2.34562
0.27127 0.15001 2.84999
-1.9456 0.301507 1.80826
-1.24892 0.306592 1.66915
-1.53207 0.306902 1.83356
0.947083 0.305261 1.23054
0.727135 0.304468 1.77816
0.627983 0.307749 1.93988
1.3824 0.307645 1.56655
1.87865 0.15001 1.51303
0.526522 0.15001 2.69664
0.765281 0.15001 2.84999
0.318628 0.302149 2.34741
0.710132 0.300238 0.498013
-0.271196 0.306237 1.76548
-0.963822 0.302493 2.13151
0.449319 0.301425 1.55487
0.205743 0.311004 1.30017
0.674477 0.15001 2.53081
0.597921 0.295935 2.61598
0.349161 0.304939 2.77579
1.11168 0.306311 2.69293
0.626242 0.300234 -0.200751
-0.929126 0.294602 -1.47794
0.73785 0.15001 1.21866
1.90666 0.15001 0.435436
1.52274 0.15001 0.931914
1.49288 0.15001 1.31265
1.77746 0.15001 1.37836
1.50783 0.15001 1.79482
1.30391 0.15001 2.27411
1.08549 0.15001 2.84999
1.45269 0.303858 -1.23734
0.897522 0.15001 1.11524
0.970583 0.292328 0.387423
1.7501 0.15001 0.491798
1.36599 0.15001 1.19949
1.32787 0.15001 1.37336
1.33348 0.15001 1.81709
1.00038 0.15001 2.40368
1.22788 0.15001 2.43265
1.45182 0.15001 2.69583
1.79233 0.310964 -1.55241
-0.868969 0.300851 0.582826
1.90211 0.15001 0.201208
1.74277 0.15001 0.14875
1.37168 0.15001 0.859471
1.88521 0.15001 1.25321
1.90193 0.304854 1.38942
1.33704 0.15001 2.56937
1.76784 0.15001 2.36937
1.39827 0.15001 2.84999
1.95975 0.15001 -0.27276
0.737112 0.15001 1.04786
0.0223589 0.302766 1.15572
1.21858 0.15001 1.10314
1.2189 0.15001 0.769658
1.7366 0.300146 1.46702
1.37931 0.15001 1.03008
1.45293 0.15001 1.48878
1.20449 0.15001 2.68232
1.62197 0.15001 2.69221
0.177508 0.301816 -1.0192
1.51561 0.15001 -0.279779
1.30785 0.15001 0.125915
1.05295 0.15001 0.998158
1.11873 0.294145 0.878314
1.77476 0.288906 1.25939
1.36746 0.326571 1.80492
1.40113 0.15001 1.66314
1.52352 0.303864 1.89184
1.66764 0.319284 2.84999
0.647658 0.15001 0.724133
0.503889 0.316244 -0.633988
-0.0953036 0.15001 0.929267
0.130303 0.310795 2.6704
1.11165 0.310899 1.31505
1.12238 0.300314 1.09801
1.61629 0.15001 1.43535
1.44694 0.15001 1.95568
1.3104 0.30449 2.39825
1.00648 0.293411 2.26044
1.10888 0.304701 2.09182
1.27724 0.303788 1.20504
-0.301737 0.313946 2.84999
0.794628 0.308809 2.02341
1.21424 0.15001 0.935713
1.65608 0.302607 0.909967
1.06644 0.292658 1.52461
1.42842 0.306467 2.57202
1.80552 0.323547 2.71378
1.47781 0.312 2.84999
1.45508 0.15001 0.208911
0.261321 0.300897 1.99932
-0.7708 0.301872 0.766661
0.307746 0.302677 -0.139318
0.884867 0.306467 1.64183
1.47342 0.296576 1.20226
1.55972 0.303151 1.517
1.47264 0.303069 2.06656
0.807808 0.296484 2.21462
1.20357 0.306502 2.24639
2.46109 0.293112 2.48183
1.2441 0.303447 1.43255
0.151154 0.29574 0.130061
0.752094 0.303697 0.696517
1.42165 0.310107 0.595235
1.60457 0.307705 1.33152
2.03336 0.311061 1.70747
1.6167 0.304952 2.5917
1.40997 0.15001 2.41111
1.20518 0.324227 2.84999
-0.510893 0.308011 0.945172
-0.23359 0.15001 1.03979
0.945143 0.301846 0.757808
0.322043 0.305046 1.14449
0.951553 0.301107 1.0182
0.747085 0.296799 1.32343
1.1729 0.298683 1.90416
0.199325 0.15001 2.69307
1.38506 0.304653 2.229
0.693788 0.313726 2.84999
2.84999 0.15001 -1.15521
2.53012 0.15001 -0.981496
1.78516 0.15001 -0.503263
2.07672 0.15001 0.473347
2.4199 0.15001 0.99113
2.30739 0.15001 1.30069
1.83328 0.15001 1.70692
1.72323 0.15001 1.57133
1.79912 0.15001 1.88494
1.71808 0.15001 2.84999
2.37589 0.15001 -1.05667
0.51843 0.15001 -0.813512
1.45586 0.15001 -0.627168
2.11178 0.15001 -0.201824
1.87031 0.15001 0.796276
1.66806 0.15001 1.00144
1.53678 0.15001 1.11963
1.56094 0.15001 2.0896
1.48504 0.15001 2.25125
1.78887 0.15001 2.68897
1.36124 0.290501 -0.914063
0.949612 0.15001 -0.980209
2.13378 0.15001 -0.0305101
2.02136 0.15001 0.313569
2.16404 0.15001 0.863651
2.21138 0.15001 1.16924
1.98719 0.15001 1.38762
2.1217 0.15001 1.72684
2.02948 0.15001 2.52983
1.5578 0.15001 2.84999
1.02158 0.15001 -1.45751
2.25385 0.15001 -0.295577
1.59602 0.15001 0.43243
1.78088 0.15001 0.318994
1.52975 0.15001 0.760672
1.65903 0.30646 0.178459
2.04835 0.15001 1.21329
1.56352 0.15001 1.61893
1.49663 0.3064 2.39311
1.86208 0.15001 2.53057
1.06172 0.15001 -0.27664
1.57076 0.305815 2.22155
0.715497 0.15001 -0.580427
1.80766 0.15001 0.648062
2.84999 0.311474 0.46849
2.096 0.15001 1.04328
2.11357 0.15001 1.53019
1.91304 0.15001 2.02069
1.84617 0.15001 2.20386
2.10268 0.306115 2.76672
0.416222 0.306879 2.1832
1.67157 0.15001 -0.214118
1.02429 0.15001 0.821444
1.40871 0.304714 -0.0712843
1.49709 0.15001 0.569589
1.48614 0.303723 0.840616
1.90038 0.319839 0.825997
1.67244 0.15001 1.75223
2.05864 0.310287 2.29618
1.7498 0.303196 2.17782
2.84999 0.316769 -0.233566
1.14126 0.15001 0.0588219
1.71089 0.3036 -0.588713
1.53504 0.304737 1.70521
1.69687 0.15001 0.821847
1.95077 0.30455 1.19896
2.3567 0.307989 1.42848
2.20639 0.304344 1.75095
2.1985 0.15001 2.53411
1.87812 0.15001 2.84999
1.16458 0.15001 -0.566477
0.54685 0.15001 0.981362
0.871927 0.30435 0.0124507
1.85787 0.15001 0.0247114
1.45448 0.305463 0.116699
1.96274 0.15001 0.599468
1.66101 0.290384 1.11382
2.37477 0.307855 1.65927
2.51115 0.310028 1.94107
1.62543 0.15001 1.92504
0.693398 0.310462 2.44676
0.59708 0.303005 -0.380151
0.488559 0.304967 -0.0730426
2.79804 0.299474 0.300367
1.60169 0.303046 -0.00480982
1.07511 0.305273 0.559464
1.59918 0.320554 0.70576
1.93533 0.289202 2.13724
2.1164 0.15001 1.89696
1.94063 0.314815 2.84999
1.32943 0.273715 2.72856
1.05004 0.30579 0.0844588
1.57284 0.306374 -0.189867
1.51646 0.294888 0.317058
0.799624 0.300455 0.889781
1.29388 0.304579 0.996799
1.87828 0.305138 1.79776
1.93885 0.15001 2.37298
1.80376 0.316442 2.52283
1.23346 0.293288 2.56228
2.84999 0.15001 -2.01483
0.651685 0.15001 -0.922825
1.947 0.15001 -0.44948
1.98033 0.15001 -0.0912836
2.84999 0.15001 0.935551
2.56503 0.15001 1.64988
2.55941 0.15001 1.82726
2.40505 0.15001 2.07954
2.53849 0.15001 2.20875
2.20215 0.15001 2.84999
2.13132 0.15001 -1.31262
1.73947 0.15001 -0.838123
1.61952 0.15001 -0.554527
1.80434 0.15001 -0.329713
2.56397 0.15001 0.917577
2.33827 0.15001 0.845453
2.26734 0.15001 1.82016
1.9844 0.15001 1.63935
2.02025 0.15001 2.21978
2.28792 0.15001 2.69406
2.3567 0.15001 -2.54238
2.84999 0.15001 -2.35176
2.37644 0.15001 -0.722904
2.84999 0.307492 0.131414
2.70301 0.15001 1.01772
2.43691 0.15001 1.39269
2.71433 0.15001 1.56187
2.84999 0.305701 2.25994
2.4585 0.15001 2.69706
2.84999 0.411921 2.63122
-1.59188 0.303858 2.2883
1.78724 0.15001 -1.00085
1.03546 0.15001 -0.451195
2.40772 0.15001 0.542084
2.56809 0.15001 0.572041
2.55331 0.15001 1.09859
2.12188 0.319813 0.579346
2.4188 0.15001 1.56044
2.19553 0.15001 2.19434
2.04028 0.15001 2.84999
1.2035 0.301775 -1.06438
1.72004 0.15001 -1.78811
2.22946 0.15001 -0.637905
2.70606 0.15001 0.129937
2.67253 0.309664 0.734495
2.66998 0.303603 1.65373
2.07246 0.302258 1.45155
2.24084 0.299217 2.29086
2.63929 0.299457 2.5287
2.4511 0.305979 2.84999
2.84999 0.15001 -0.466657
0.765593 0.290421 -1.12987
1.006 0.15001 -0.626378
1.21592 0.306649 -0.11032
2.37506 0.15001 0.377478
2.43573 0.15001 0.705383
2.57442 0.15001 1.47567
2.51524 0.305905 0.626517
2.41757 0.319335 2.26967
1.68112 0.306413 2.39057
2.84999 0.15001 -1.84683
2.08636 0.15001 -0.55069
1.13395 0.15001 -0.738256
1.48246 0.15001 -0.452084
2.71529 0.15001 0.65133
2.63334 0.305061 -0.610824
2.20713 0.305793 1.28784
1.31295 0.302707 0.799824
2.27235 0.306843 2.47953
2.26638 0.31001 2.84999
1.28477 0.15001 -1.01458
2.51463 0.306538 1.54221
1.6149 0.15001 0.266641
2.60438 0.306259 -0.051255
2.19554 0.15001 0.354829
2.61715 0.319478 0.335176
-0.00348205 0.30562 0.949217
2.66581 0.307808 1.84052
2.21744 0.303782 1.56161
2.35851 0.307242 2.64987
2.44374 0.304412 -0.640089
0.927226 0.15001 -0.165153
2.70051 0.15001 -0.55639
2.6806 0.315847 0.532404
2.63009 0.307278 0.130478
2.11857 0.306655 1.11914
1.83438 0.324876 0.628766
2.29264 0.28377 2.11115
1.86417 0.302632 2.31914
2.11056 0.303571 2.58116
0.741579 0.15001 -0.406141
2.48458 0.308985 -0.222825
2.00891 0.308594 -0.52967
0.890284 0.30048 0.199753
2.30934 0.304866 -0.378296
1.9564 0.31476 0.479072
1.93223 0.15001 1.08815
1.64975 0.303838 2.02486
1.82584 0.304018 1.98765
1.01645 0.315461 2.84999
2.84999 0.15001 -1.49939
2.84999 0.15001 -0.128192
2.84999 0.15001 0.38981
2.84999 0.15001 0.748552
2.84999 0.15001 0.561281
2.70168 0.15001 1.36836
2.84999 0.15001 1.8349
2.69357 0.15001 2.09944
2.84999 0.15001 2.66549
2.64479 0.15001 2.68684
2.52082 0.15001 -0.813309
2.21441 0.15001 -0.805158
2.55283 0.15001 -0.299734
2.24443 0.15001 -0.46624
2.42403 0.15001 0.12524
2.70166 0.15001 1.19493
2.27383 0.15001 1.46781
2.55435 0.15001 2.00636
2.73311 0.15001 2.53052
2.36665 0.15001 2.84999
2.84999 0.15001 -0.982221
2.84999 0.15001 -0.297903
2.84999 0.15001 0.0444373
2.84999 0.15001 1.46253
2.84999 0.15001 1.65529
2.84999 0.15001 2.01352
2.84999 0.15001 2.18354
2.84999 0.15001 2.38015
2.84999 0.15001 2.84999
2.69288 0.15001 2.84999
1.80002 0.15001 -1.31811
2.61291 0.301877 -0.822416
2.55035 0.15001 -0.472803
1.49642 0.31373 -0.583553
1.89431 0.309074 1.58556
2.43163 0.291032 1.25782
2.84999 0.309743 1.01903
2.70372 0.15001 1.92351
2.25215 0.15001 2.00147
2.27965 0.15001 2.38344
2.5409 0.15001 -0.643646
2.69974 0.15001 -0.38405
2.84999 0.15001 0.217234
2.70237 0.15001 0.47203
2.84999 0.15001 1.10982
2.35869 0.308975 1.8475
2.84999 0.308086 1.38004
2.70849 0.15001 2.26785
2.84999 0.270011 2.52004
2.53199 0.15001 2.84999
2.84999 0.15001 -0.641422
1.7635 0.15001 -0.672151
2.84999 0.310857 -1.0734
2.84999 0.305253 0.653945
2.71642 0.15001 0.844046
2.09426 0.302514 0.344768
2.5472 0.15001 1.26939
2.41019 0.15001 1.91001
2.84999 0.30781 1.74602
2.73975 0.461204 2.84999
2.84999 0.15001 -1.32722
2.84999 0.309755 -0.729444
1.85979 0.313847 -1.23895
2.72961 0.321607 -0.394948
2.84999 0.310133 0.837706
2.84999 0.308544 1.20077
2.76607 0.310198 2.09211
2.74406 0.288582 2.70302
2.74376 0.348784 2.39448
2.84999 0.320152 2.84999
2.84999 0.15001 -0.81196
1.57284 0.15001 -0.875864
2.58545 0.15001 0.75021
2.50398 0.314216 -0.426276
2.66109 0.307771 0.920565
2.84999 0.15001 1.28522
1.49273 0.305159 1.02307
2.84999 0.302518 1.56184
1.97633 0.307627 2.45878
2.54436 0.303668 2.68018
1.91066 0.15001 -0.829099
0.788247 0.302809 -1.48929
0.874267 0.15001 -0.515504
0.241138 0.28559 -1.49969
2.33116 0.311534 0.628841
2.27664 0.15001 0.688005
1.896 0.313697 1.01503
2.59129 0.298377 2.3066
2.6318 0.312485 2.84999
2.36407 0.464488 2.8498
0.225529 0.15001 -0.759675
0.966473 0.303868 -0.518022
1.90187 0.309909 0.0994305
1.77656 0.306263 -0.087771
2.2472 0.15001 0.512903
2.56061 0.15001 0.221574
2.49467 0.310756 1.03309
2.68307 0.30342 1.46524
2.57746 0.2982 2.11456
2.11775 0.310213 2.12071
-0.205746 0.289065 -0.336881
-2.60645 0.287504 -1.09536
-2.68292 0.15001 -2.54906
-2.66147 0.15001 -2.39359
-2.53422 0.15001 -2.18081
-2.05544 0.15001 -2.42636
-2.69548 0.15001 -2.24097
-0.907207 0.288079 -0.77381
1.32738 0.15001 -2.54817
-1.0667 0.15001 -0.385967
-2.30512 0.279719 -1.71276
-0.677384 0.288185 -2.75026
-1.91861 0.283963 -2.73664
-0.169614 0.15001 -0.435649
-2.74935 0.287225 -1.67118
-1.57611 0.286255 -1.18969
-0.992506 0.15001 -0.614497
-1.15341 0.253047 0.924076
-1.77541 0.15001 -0.832647
2.14799 0.15001 1.34956
-1.19549 0.15001 2.70211
0.185261 0.15001 1.50117
-1.26635 0.287659 -1.19889
-0.0954324 0.15001 -2.68969
-0.592148 0.289213 -2.19353
-2.35185 0.246364 -2.743
-2.29099 0.293839 1.07766
0.154603 0.15001 -0.298766
-1.88016 0.286152 -1.00472
-2.79164 0.292965 -0.0802482
0.604437 0.15001 -1.67758
-2.07664 0.236182 -2.57701
0.577991 0.253554 -2.43352
-1.11669 0.15001 -2.40132
-2.2591 0.15001 -2.84999
-2.13662 0.292482 0.493188
-1.03298 0.15001 -2.25032
-2.09208 0.15001 -1.54168
0.00705703 0.29307 -0.696692
-0.347951 0.15001 -0.500641
-1.55344 0.287381 -2.66778
-2.03893 0.286391 -1.08587
-1.28398 0.286411 -2.50486
-0.507954 0.283434 -1.5089
-0.353215 0.281937 -1.70031
-0.91942 0.288166 -0.953917
-0.191175 0.15001 0.60056
-2.43395 0.283302 -2.18255
-2.21952 0.15001 1.18258
0.218971 0.292965 2.50591
-1.01795 0.15001 -0.951451
-1.02746 0.286925 -2.05936
-1.49198 0.15001 -1.86737
-1.71697 0.282508 -2.42807
-2.10735 0.283676 -2.74889
-1.18576 0.15001 -1.37181
-1.94266 0.15001 -1.26034
-2.69969 0.15001 -1.59058
-1.34282 0.15001 -1.6163
-0.509768 0.29706 0.283554
-1.61585 0.15001 -2.42906
-2.25526 0.286382 -2.43507
-2.5724 0.281942 -2.44934
-2.75647 0.273417 -2.44214
-1.31162 0.15001 -0.764381
-2.38432 0.15001 -2.08876
-2.15392 0.287346 -0.611267
-1.37103 0.287237 -0.859582
-0.461269 0.15001 1.01354
-0.231614 0.296008 2.66969
-2.3192 0.284591 -0.684763
-2.09629 0.15001 -2.05316
-0.745441 0.15001 -1.80888
0.0554038 0.15001 -1.93376
-1.74774 0.285695 -1.60192
-2.24271 0.15001 -1.80767
-1.49402 0.15001 -1.5271
-2.63231 0.287648 -0.684927
-2.33011 0.286035 -0.870166
-1.52156 0.281332 0.28303
-2.27966 0.28359 -2.07641
-2.76805 0.27691 -2.61925
-0.0104948 0.15001 0.602184
-1.44273 0.287257 -1.79139
-2.09025 0.15001 -1.71294
-1.87866 0.287749 -0.649504
-1.07343 0.15001 1.22192
-2.47817 0.288675 -1.22279
-2.79306 0.288808 -0.607501
-1.88862 0.29304 2.78952
-1.27903 0.15001 -2.70564
-1.93501 0.15001 -1.08794
-1.67534 0.275702 -1.88534
-1.79948 0.15001 -1.35254
-1.87134 0.283617 -1.8923
-2.23517 0.15001 -1.24732
-1.46597 0.271327 -0.220222
-2.22543 0.15001 -1.43618
-0.945429 0.15001 0.648436
-2.32946 0.292644 0.33662
-0.231307 0.15001 2.55509
-2.43392 0.15001 -2.84999
-2.21461 0.15001 -2.34395
-1.03834 0.15001 -1.46574
-1.46591 0.15001 -2.08197
-1.62401 0.15001 -0.922059
-1.15365 0.15001 -0.694001
-0.867965 0.15001 -0.102561
-1.62211 0.15001 -0.747511
-2.29917 0.288462 -0.313258
-1.34924 0.282985 -0.490854
-1.37159 0.285103 -2.66647
-2.84999 0.15001 -2.84999
-0.77007 0.15001 -2.39164
1.33546 0.260352 0.26189
-2.51069 0.15001 -2.52351
-1.81307 0.15001 -2.43964
-1.30747 0.291978 1.09497
-1.10907 0.15001 1.05485
-2.84999 0.299155 0.760032
2.68021 0.296171 1.10465
-2.05268 0.15001 2.69496
-2.84999 0.15001 -2.68511
-0.0537082 0.295459 2.66827
-1.19148 0.15001 -1.53957
-2.24257 0.15001 -1.98086
-1.34188 0.15001 -1.78496
-1.05933 0.15001 -0.0939385
-1.3415 0.15001 -1.44718
-1.83272 0.290666 0.746372
-0.938677 0.15001 -2.09426
1.1645 0.293943 -0.294658
-2.83808 0.15001 -2.34704
-2.35952 0.15001 -2.43881
-1.89225 0.284228 -1.71092
-2.54322 0.15001 -2.01041
-2.31207 0.273841 -1.16294
-2.36665 0.15001 -2.26068
0.000385543 0.29545 2.48933
1.94811 0.296145 -0.172609
-1.03156 0.15001 -1.29701
-0.629218 0.287204 -1.66605
-1.68352 0.284648 -2.06081
-2.6059 0.15001 -2.84999
-1.20158 0.250406 -2.00432
-1.27847 0.15001 -0.409344
-2.54913 0.15001 -1.34346
-2.70044 0.15001 -1.42379
-1.36433 0.15001 1.45422
0.0358377 0.282029 0.501951
-1.75965 0.15001 -0.130767
-2.50094 0.15001 -2.6939
-2.41542 0.287311 -2.35839
-1.61391 0.15001 -1.97467
-0.594661 0.15001 -2.69194
-2.70021 0.15001 -1.92147
-2.30426 0.269659 -1.34463
-1.04999 0.15001 -1.96266
-0.413547 0.15001 0.339614
-1.39997 0.15001 1.27882
-0.347959 0.278359 1.06092
-0.691878 0.290894 -0.0195206
-2.39541 0.15001 -1.42913
-1.95988 0.15001 -2.13684
-2.14233 0.285719 -1.79699
-1.94337 0.15001 -1.79654
-2.75686 0.288257 -0.99594
-0.569902 0.285257 -0.182543
-1.24589 0.15001 1.17996
-2.59303 0.288248 -0.917147
-2.26869 0.285297 -2.25629
-2.73215 0.265804 -2.81187
-1.73571 0.15001 -2.84999
-1.9332 0.267862 -2.42581
-1.64332 0.15001 -1.6089
-2.09077 0.15001 -1.16396
-0.5174 0.15001 -0.0957299
-0.504502 0.15001 0.192906
-1.97124 0.289877 1.3132
-1.11488 0.15001 0.641395
-1.82444 0.273453 -2.57441
-2.68094 0.15001 -2.70819
-1.77453 0.15001 -2.01329
-2.50646 0.15001 -2.34876
-1.94011 0.15001 -1.96832
-2.09104 0.15001 -1.88585
-1.21142 0.293472 0.295775
-0.972077 0.15001 -0.235386
-2.03668 0.15001 1.43865
-2.77873 0.291704 0.253978
-2.59918 0.283315 -2.1028
-2.41211 0.284717 -2.54002
-1.82689 0.15001 -2.69435
-1.71544 0.15001 -2.30261
-1.78541 0.15001 -1.8544
-1.92981 0.15001 -0.915802
-0.789067 0.15001 -0.260812
-0.489683 0.15001 0.508691
-2.84999 0.15001 0.673451
-2.79387 0.291696 0.92849
-2.34865 0.15001 -2.61064
-2.00863 0.15001 -2.70349
-1.28451 0.15001 -2.40769
-1.4664 0.15001 -0.677039
-1.1484 0.15001 -0.527083
-0.853296 0.15001 1.24084
-0.493568 0.294846 2.49559
-1.73457 0.284521 -1.27591
-2.39919 0.15001 -1.26611
-0.537911 0.294425 2.13792
-0.676307 0.15001 -2.5375
-1.19132 0.15001 -2.84999
-2.03367 0.286291 -0.90992
-1.29275 0.15001 -2.10964
-1.32988 0.15001 -1.27929
-0.772723 0.262125 -0.398833
-1.87792 0.287191 -0.828477
-0.329522 0.15001 1.34207
-1.51186 0.292483 0.49891
0.29287 0.15001 0.608183
2.43854 0.269409 0.246511
-0.233257 0.289207 -2.27787
-1.20663 0.15001 -2.25639
-0.676154 0.291518 0.601058
-0.900268 0.15001 -0.388945
-0.856658 0.15001 0.196739
-0.994544 0.280764 1.5996
-0.627531 0.15001 1.43608
-2.70249 0.15001 -1.09203
-1.23578 0.274893 1.47207
0.713966 0.15001 -2.39112
0.902811 0.295321 1.83832
-1.90733 0.15001 -2.3053
-1.44865 0.15001 -2.41288
-0.0762778 0.15001 0.272088
-2.16971 0.287535 -0.796335
-1.50018 0.276632 -1.97873
-2.1824 0.292637 0.0581005
1.09757 0.15001 2.54284
-0.494434 0.299195 2.84999
2.54862 0.15001 0.392469
-1.90985 0.15001 -2.84999
-0.411306 0.15001 -2.37566
-1.49189 0.15001 -1.69599
-0.538222 0.15001 -0.732078
0.286086 0.15001 -0.414136
-0.135494 0.15001 -0.250271
-0.778797 0.15001 0.0421539
-0.891232 0.15001 1.68381
-0.412785 0.295903 2.67548
0.450138 0.15001 -0.363361
-2.18906 0.15001 -2.69262
-0.94763 0.15001 -2.39996
-1.63724 0.15001 -1.77967
-0.576585 0.15001 -1.0708
-1.09554 0.15001 1.49307
-1.77295 0.15001 -0.654593
-0.689592 0.15001 -0.119669
-0.756923 0.15001 0.345699
0.643104 0.15001 1.52329
-1.21131 0.287477 -0.61672
-1.56017 0.15001 -2.84999
-1.34849 0.15001 -1.95379
-1.47707 0.15001 -1.18782
-1.8694 0.27499 -2.07134
-1.46199 0.15001 -0.507633
-0.326126 0.297001 0.338109
-1.42588 0.15001 0.926547
0.211379 0.15001 0.882447
0.00128451 0.30255 2.84999
-0.438022 0.15001 -0.235847
-2.20477 0.15001 -2.51682
-1.93443 0.15001 -2.55341
-1.32078 0.15001 -1.10939
-1.63607 0.15001 -1.26982
-0.607625 0.15001 0.0426528
-1.45624 0.15001 -0.341122
-1.3954 0.293875 0.666017
-2.84999 0.15001 2.03867
-1.61211 0.250134 2.56939
0.82533 0.15001 -2.84999
-1.96129 0.287554 -2.2318
-2.1206 0.278533 -2.16083
-1.38136 0.15001 -2.25144
-1.77836 0.15001 -1.00591
-0.235314 0.15001 0.327336
-1.30994 0.15001 -0.592169
-1.51912 0.15001 1.54174
-1.27348 0.15001 1.00405
-0.453788 0.15001 1.47128
-1.88647 0.285986 -1.1819
-1.53781 0.15001 -2.56961
-1.80265 0.15001 -2.17097
-1.49118 0.15001 -1.35918
-1.4703 0.15001 -1.01528
-0.615102 0.15001 -0.280026
-0.320478 0.15001 0.179599
-0.584298 0.15001 0.351658
-0.980643 0.15001 0.935801
-0.502771 0.15001 1.30611
-2.07341 0.15001 -2.2571
-0.934765 0.15001 -2.69969
-1.45936 0.15001 -2.71399
0.0249801 0.15001 -0.174843
-1.64819 0.15001 -1.43961
-1.72126 0.288063 -0.741029
-0.49268 0.290332 -2.75519
-2.29723 0.269253 -1.52617
1.6475 0.15001 -0.389317
-0.446813 0.15001 2.09468
1.75362 0.15001 -2.69947
-1.71117 0.15001 -2.56575
-1.62688 0.15001 -1.09675
-0.655978 0.15001 -0.451888
-0.314746 0.15001 0.481676
1.35728 0.298571 -2.76572
-2.23256 0.15001 0.493053
-2.60835 0.294115 -0.102497
-0.158407 0.15001 1.38614
-0.920588 0.15001 1.51861
-1.19431 0.276852 0.737226
-2.0874 0.15001 -2.84999
-0.280987 0.15001 -0.162651
-1.16732 0.15001 -1.0333
-0.937144 0.15001 1.09682
0.421632 0.15001 -0.533442
-2.21506 0.15001 1.01215
-1.68987 0.15001 2.30411
-0.209775 0.267754 0.881262
0.692345 0.15001 2.69798
-2.24337 0.286181 -2.6115
-0.169169 0.15001 -2.53145
-0.161667 0.277732 -1.54561
-0.715183 0.15001 -1.96633
-1.31829 0.15001 -0.938504
-1.24326 0.15001 1.58844
-0.955874 0.293378 0.20699
-0.95618 0.285792 1.21662
0.544155 0.295303 1.72516
-0.163018 0.28112 2.15261
-1.1039 0.15001 -2.70212
-0.820839 0.288975 -1.63844
-1.56787 0.28692 -1.00849
-0.769083 0.284921 -2.25847
0.647551 0.286528 0.304168
0.22414 0.15001 0.352879
-1.30039 0.285592 -2.31467
1.23284 0.29758 -2.29632
-0.71722 0.15001 -0.970131
-2.14716 0.294112 0.949531
-2.53036 0.284283 -2.78916
-0.670478 0.15001 -2.25319
0.6783 0.275348 -2.27015
-0.765897 0.15001 -2.69525
-1.16618 0.15001 -0.863507
-0.515437 0.15001 -0.562647
-0.789724 0.291519 1.64918
-0.167919 0.296273 -0.966333
-0.833535 0.297081 0.382785
-0.0293623 0.279399 0.160248
-1.02839 0.15001 -2.54889
-1.54557 0.15001 -2.27771
-1.12109 0.15001 -2.11099
-1.17323 0.15001 -1.20281
0.582479 0.15001 -0.472887
-0.768884 0.15001 0.655947
-2.68876 0.15001 2.51033
-0.835583 0.292935 2.60156
-2.44352 0.294183 1.19368
-1.71889 0.293169 0.325428
-1.49943 0.276318 -2.17931
-0.770128 0.15001 -2.11954
-1.19643 0.15001 -2.5548
-0.676199 0.15001 0.196566
-0.421689 0.15001 0.677339
-1.29351 0.286126 1.29088
-1.23223 0.293185 1.99029
-1.08548 0.282387 1.36953
-1.72779 0.286208 -1.09623
0.146409 0.15001 1.33559
-1.36403 0.15001 -2.84999
-0.853456 0.15001 -2.54475
1.07353 0.294376 -2.01013
-0.399623 0.15001 -0.838769
0.196526 0.15001 -0.134259
-0.857186 0.15001 -0.872239
-0.804337 0.15001 0.952611
-1.20379 0.15001 1.35205
0.44708 0.293721 1.0055
-2.45986 0.291159 1.61646
-0.858523 0.287391 -2.43755
-1.10467 0.288426 -0.780441
-1.41744 0.286428 -1.10291
-0.888532 0.15001 -1.9079
-0.735205 0.15001 -1.64723
-0.428016 0.15001 0.0442646
-0.874169 0.15001 0.799497
-1.22945 0.292031 0.0058415
-0.750881 0.15001 1.55997
-1.84753 0.292388 1.98134
-1.63838 0.15001 -2.7089
-0.014681 0.15001 -2.84999
-1.19618 0.15001 -1.87452
0.944742 0.294003 -0.708455
-1.19213 0.15001 -1.70703
1.07826 0.15001 -2.69825
-0.267815 0.15001 0.751495
-1.56096 0.287021 -0.829095
0.964249 0.246974 2.00711
-1.92009 0.283887 -1.52844
0.5616 0.15001 -2.29041
-0.0421073 0.286652 -1.95806
-0.675797 0.28434 -2.41956
0.0964035 0.15001 -2.38732
-0.699177 0.15001 -0.798302
-1.1368 0.15001 0.0555869
-0.420445 0.15001 -1.00886
-1.15446 0.294981 2.46923
0.603466 0.290849 0.857276
0.56539 0.15001 0.225781
0.908799 0.15001 -2.69933
-2.58987 0.270957 -2.62206
-1.02045 0.15001 -2.84999
-0.53001 0.294843 0.0833776
0.749632 0.295657 -0.929077
-0.142779 0.15001 0.11719
-0.590962 0.15001 0.662389
2.36133 0.15001 2.23656
1.09967 0.278785 -0.860848
0.841706 0.15001 1.93915
-2.10003 0.278051 -1.43982
1.2321 0.295415 -2.59873
0.141615 0.291597 -1.87694
-0.0733482 0.15001 -2.37903
1.39298 0.15001 -0.162183
-0.109915 0.15001 0.449243
0.260031 0.283694 0.463526
-1.42558 0.285806 -1.28417
1.66364 0.296185 -2.06268
-0.701566 0.15001 1.7212
1.58229 0.15001 -2.39986
-2.65025 0.287055 -1.5095
0.16422 0.15001 -2.54258
-0.306202 0.15001 -0.336108
-0.139359 0.289734 -0.551448
-0.504799 0.15001 0.839588
0.628612 0.288474 1.04511
-0.115091 0.295911 1.30053
0.375846 0.15001 0.936351
-1.46047 0.299066 2.67505
-1.36856 0.15001 -2.56252
2.38577 0.15001 -1.78151
1.92462 0.15001 -2.39775
-1.04055 0.15001 -1.63242
-0.547704 0.15001 -1.9277
0.392606 0.290889 -0.969511
-0.872293 0.15001 -1.04556
1.26298 0.15001 0.369056
-0.57698 0.15001 1.59765
-0.567328 0.15001 1.14306
0.783627 0.276179 2.59746
1.43525 0.15001 0.382303
-1.46301 0.286852 -2.50958
-1.00489 0.15001 -0.783353
-0.887152 0.15001 -1.39051
0.25632 0.15001 -0.588
-0.263422 0.15001 -0.945916
0.152471 0.15001 0.516856
1.25569 0.15001 -0.851816
-2.31119 0.294482 0.652072
-0.267391 0.15001 0.00456769
-0.851059 0.15001 -2.84999
-0.578566 0.15001 -2.38999
-0.485916 0.15001 -0.396252
-0.67775 0.15001 -0.626307
-0.00907565 0.15001 -0.362576
-0.977611 0.15001 1.35932
1.29563 0.15001 -0.68169
1.6672 0.15001 2.22549
0.218473 0.15001 2.38828
-0.00278508 0.15001 -2.53485
-0.68354 0.15001 -2.84999
-0.147415 0.15001 -2.22388
-0.21365 0.15001 -0.603521
0.438606 0.15001 -1.66113
-0.103036 0.15001 -0.881235
0.0502054 0.15001 0.833487
-0.763754 0.291847 0.152206
1.54887 0.15001 -0.0992389
-1.62192 0.282004 1.48567
-1.18951 0.286708 -2.65925
-0.354615 0.289676 -2.6209
-0.822131 0.15001 -0.53334
-0.324085 0.15001 -2.22144
0.149999 0.15001 -1.78137
-0.737984 0.15001 -1.48099
-0.742373 0.15001 1.11167
0.393605 0.15001 0.290877
0.893248 0.15001 2.27359
-0.842798 0.28028 2.27069
-0.181023 0.15001 -2.84999
0.284078 0.293533 -2.23048
0.888855 0.15001 -2.39368
-0.349362 0.15001 -2.84999
-0.589402 0.15001 -1.57151
-0.989795 0.295464 -0.31774
-1.15498 0.15001 -0.247061
0.460585 0.15001 0.64145
1.43364 0.15001 0.0200291
2.27944 0.297519 0.911412
0.994743 0.294887 -2.64441
1.0129 0.291151 -1.05435
1.67317 0.15001 -2.54752
-0.496833 0.15001 -2.2297
1.22778 0.295925 -0.484449
2.26591 0.15001 1.63996
0.0492731 0.15001 0.384704
-1.72411 0.298422 2.14546
-1.51735 0.15001 1.98864
-0.827259 0.15001 1.84097
1.49756 0.15001 -2.84999
0.658099 0.15001 -2.84999
0.236974 0.15001 -2.69805
-1.04272 0.15001 -1.79926
0.0851711 0.29397 -0.367827
-0.00728005 0.15001 -1.17488
-0.840746 0.15001 -0.700212
-0.892048 0.292947 1.41286
-0.63017 0.15001 0.975558
0.745181 0.15001 0.251218
0.656499 0.15001 -2.55057
0.439522 0.15001 -2.40878
0.211674 0.290122 -2.04858
0.494702 0.15001 -2.56144
0.193078 0.15001 -0.931821
0.801953 0.15001 -0.0471088
0.336712 0.287449 -1.66903
2.40592 0.15001 -0.213194
-0.796386 0.15001 1.3971
0.95864 0.15001 1.49648
0.538664 0.286901 -1.10665
1.52485 0.290268 -1.06395
1.06454 0.15001 -2.39508
-0.585138 0.15001 -1.75347
0.0609639 0.282268 -1.4023
0.0904888 0.15001 0.215084
0.524432 0.15001 0.395804
0.667632 0.15001 -1.84521
-0.0420134 0.15001 2.20362
0.55078 0.291157 0.683704
-1.80317 0.15001 -1.52104
-0.947994 0.286655 -2.59967
-0.516886 0.15001 -2.84999
0.128234 0.15001 -1.48545
-0.596907 0.15001 -2.09126
1.01783 0.15001 0.17548
0.820465 0.15001 0.781004
-0.677242 0.15001 1.27268
-0.347319 0.277279 0.593932
1.95583 0.15001 2.69153
0.656161 0.15001 -2.146
-0.259759 0.15001 -2.68291
0.268832 0.15001 -2.39258
-0.504393 0.15001 -2.54121
-0.0804585 0.15001 -0.708319
-0.284161 0.15001 -1.58032
0.483546 0.15001 -0.171672
2.17993 0.15001 -2.54736
-1.6453 0.28082 1.30048
2.45218 0.15001 2.38023
-0.375625 0.15001 -0.668945
0.375626 0.15001 -2.25683
0.404524 0.15001 -2.70376
-0.336982 0.15001 -2.52714
-0.310476 0.15001 -1.92784
0.260133 0.15001 0.184986
0.786807 0.15001 -1.02576
2.1115 0.15001 2.37068
-1.3392 0.283862 1.82898
1.96429 0.15001 1.82578
0.070238 0.15001 -2.69658
-0.242952 0.15001 -2.37722
-1.46327 0.283478 -2.82509
-0.559424 0.15001 -0.901665
-0.127615 0.15001 -1.05312
-0.0974077 0.15001 0.753062
0.606323 0.15001 0.555469
0.409809 0.285752 2.60067
1.63019 0.291194 0.528506
0.0416693 0.294458 2.15162
-0.892459 0.15001 -1.7281
0.192858 0.15001 -2.24273
-0.141338 0.15001 -1.92173
0.0354963 0.288177 -2.13114
-0.0361442 0.15001 -0.539963
-0.43707 0.15001 -1.18041
0.369009 0.15001 0.461263
-1.12547 0.276092 1.80439
-1.0205 0.15001 2.69914
1.06721 0.28146 1.73693
1.32963 0.15001 -2.84999
0.820397 0.15001 -2.54757
2.31387 0.287905 -1.52236
0.125774 0.15001 -2.08628
0.325521 0.15001 -0.243585
-0.160198 0.275155 -1.79661
-0.538349 0.295278 1.40557
-0.0382994 0.295177 -2.76704
1.40492 0.298351 -0.26786
0.454551 0.290053 -0.267669
2.5721 0.15001 -1.67615
1.96857 0.15001 -1.93465
0.487171 0.274246 0.512065
-0.197782 0.15001 -1.43024
0.637615 0.15001 -1.09755
0.53297 0.15001 0.000960865
1.23024 0.15001 -0.215848
2.70608 0.15001 0.302581
1.64697 0.15001 0.640302
0.902864 0.15001 -0.341813
2.40552 0.15001 -0.0399119
1.49789 0.15001 -2.54784
0.300257 0.15001 -2.10454
0.837215 0.15001 -1.86544
-0.416053 0.15001 -1.46218
0.326882 0.294427 -0.513424
2.69534 0.15001 -2.27556
0.570769 0.15001 -1.98538
0.646829 0.15001 -0.120744
0.249479 0.15001 1.05583
-0.888162 0.15001 -1.55992
0.993609 0.15001 -2.84999
1.23596 0.15001 -2.09816
0.544813 0.15001 -1.51056
1.19828 0.15001 -1.47565
0.492157 0.15001 -0.993525
0.388134 0.15001 -0.702379
2.80226 0.297417 -0.0433204
1.89003 0.15001 -1.16668
1.59176 0.15001 2.38622
2.39759 0.15001 -1.4529
0.373077 0.15001 -1.50931
0.319168 0.15001 -2.84999
-0.0535052 0.15001 -2.07408
0.5857 0.292572 -1.77481
-0.161224 0.293613 1.11059
2.55264 0.15001 -0.12762
0.692422 0.285541 -0.0229898
0.909679 0.15001 0.301465
0.861253 0.285059 -1.3015
0.743829 0.15001 -2.00454
0.575605 0.15001 -2.70569
2.41445 0.28104 -1.33748
0.435673 0.15001 -1.34519
0.240415 0.15001 -1.62631
0.318059 0.15001 -1.04811
1.86126 0.297384 -1.05283
2.70059 0.15001 -0.212201
0.2843 0.15001 1.22617
2.30384 0.294697 1.10951
-0.232076 0.15001 -2.07599
-0.265917 0.287522 -2.78157
1.41027 0.15001 -2.39859
0.889931 0.15001 -2.09378
0.357056 0.15001 -0.0517593
1.63668 0.293523 -1.42855
1.1007 0.15001 -0.107291
2.55499 0.15001 -1.83778
0.841781 0.15001 -1.40975
-2.45844 0.291503 0.946335
0.845949 0.301334 -1.68985
1.15549 0.15001 -2.54481
1.32309 0.15001 -2.24697
0.264622 0.15001 -1.38569
-0.284494 0.15001 -1.11885
1.27224 0.15001 -0.0458933
2.40517 0.309436 0.0374922
-0.092318 0.29355 1.82377
-1.98475 0.292923 0.610542
0.0694194 0.290726 1.93212
1.80902 0.15001 -1.94653
-0.42516 0.15001 -2.69322
0.0781392 0.291899 -2.59693
-0.264654 0.15001 -1.75917
-0.583332 0.15001 -1.40622
-0.10881 0.15001 -0.0632328
0.982743 0.15001 -0.810572
1.87074 0.282591 -0.720522
-1.46731 0.15001 -0.845442
1.52188 0.15001 2.54321
1.16155 0.15001 -2.84999
-0.0316446 0.15001 -1.79178
0.98392 0.15001 -1.94486
-0.731483 0.15001 -1.1416
0.153164 0.15001 -1.11228
-0.576703 0.289098 0.766233
1.62101 0.15001 -1.02895
0.19527 0.15001 0.0325726
0.852309 0.15001 0.121632
-1.85317 0.15001 2.37915
0.19424 0.29228 -2.44617
1.58559 0.15001 -2.69631
-0.31724 0.15001 -1.30623
0.122798 0.15001 -1.29306
2.69126 0.15001 -0.728744
1.41667 0.15001 -2.6976
0.607764 0.15001 -0.29544
1.32436 0.15001 -0.508477
0.554386 0.15001 -0.64423
1.19359 0.15001 -0.38941
1.95153 0.297783 -1.4216
0.872501 0.281845 -1.97807
-0.882042 0.15001 -1.21852
1.27527 0.15001 -1.62613
-0.737042 0.15001 -1.31414
-0.143698 0.287174 -1.34831
-0.128433 0.15001 -1.65642
0.998805 0.15001 0.504783
0.320435 0.279966 0.0567886
1.37379 0.15001 0.690347
1.16232 0.279264 -1.69837
0.489148 0.15001 -2.84999
1.48387 0.15001 -1.94082
0.800618 0.15001 -2.24065
0.769446 0.15001 -1.7079
0.0330965 0.15001 -0.990398
1.95289 0.15001 -1.01115
1.16764 0.15001 0.506742
2.46981 0.271465 0.829891
2.08653 0.293852 0.922498
0.151804 0.15001 -2.84999
0.0229318 0.15001 -2.23323
1.4926 0.15001 -2.249
2.50472 0.300275 -1.59506
2.29335 0.297433 -1.1067
0.0225455 0.15001 0.0527433
0.286091 0.15001 -1.2216
1.73988 0.15001 2.05976
1.51667 0.293403 -0.777028
1.11186 0.291573 -1.51431
1.27075 0.292708 -1.40006
0.398878 0.15001 -1.9645
-1.02307 0.15001 -1.12398
1.15318 0.15001 -1.9494
2.70567 0.15001 -1.58084
0.894177 0.15001 -1.14945
2.40936 0.15001 -1.21767
1.99053 0.15001 0.917846
-0.311834 0.27961 -1.43966
2.41501 0.15001 1.7332
1.07592 0.15001 -1.79987
2.33857 0.15001 -2.84999
1.23556 0.15001 -1.79166
1.45195 0.295562 -1.52816
2.21152 0.15001 -0.996552
-1.26151 0.287799 -1.01556
1.70041 0.15001 -0.0286843
0.162212 0.293688 -1.20873
-0.0687609 0.280505 2.31486
0.128331 0.293656 0.32111
2.04654 0.15001 -1.77671
1.91189 0.15001 -2.09554
1.31833 0.15001 -1.9431
0.0572418 0.15001 -1.64286
-0.0438827 0.15001 -1.51025
1.05946 0.15001 -1.14335
0.413821 0.295905 1.3589
1.7008 0.29473 1.84321
2.52856 0.15001 -2.55036
-1.32898 0.261972 0.495639
0.49547 0.15001 -1.82393
1.74424 0.15001 -2.10221
0.742527 0.15001 -2.70267
1.68877 0.287115 -0.934615
2.55889 0.15001 -1.15035
0.44652 0.15001 -1.16286
1.71662 0.298413 -0.300106
-0.489039 0.294275 1.20975
0.807316 0.15001 1.59596
2.36984 0.15001 2.53909
1.56564 0.298999 -2.78162
1.23884 0.15001 -2.39755
1.58974 0.295461 -1.88029
2.75536 0.288839 -2.0091
0.719781 0.15001 -1.54914
2.3929 0.15001 -0.5525
2.13824 0.295586 -1.42095
0.233638 0.252414 1.81733
0.885204 0.285375 0.562088
2.70738 0.15001 1.74446
1.24639 0.15001 -2.69974
0.987093 0.15001 -2.54468
0.48488 0.15001 -2.13083
1.45343 0.15001 -1.62801
0.124881 0.15001 -0.474325
0.144524 0.15001 0.692553
0.348463 0.294578 -1.14839
0.308308 0.15001 2.53757
1.92585 0.15001 -0.623699
2.03114 0.178585 0.758173
2.00557 0.15001 -2.84999
2.12724 0.15001 -1.92947
1.64808 0.15001 -1.94742
1.07969 0.15001 -1.62145
1.1346 0.15001 -1.31744
-0.426983 0.15001 -1.80959
1.84074 0.15001 -2.54868
0.672062 0.15001 -1.39243
1.35354 0.15001 -0.336177
1.25416 0.250471 1.68737
2.24507 0.15001 -2.09331
1.44937 0.15001 -0.989883
2.35562 0.15001 -2.26161
1.96718 0.15001 -1.31645
2.42772 0.15001 -1.61603
2.79354 0.298128 -1.61057
2.27175 0.297986 -0.567894
1.42039 0.15001 -0.804253
0.402454 0.29021 -2.08081
1.27212 0.15001 1.97292
2.01638 0.15001 0.0815277
2.09506 0.15001 -2.39767
2.21229 0.15001 -1.7789
1.63541 0.15001 -1.32356
1.72278 0.15001 -1.16297
0.0945928 0.15001 -0.648373
1.54902 0.292629 -1.68368
-2.53344 0.15001 1.70237
2.45582 0.291438 0.439669
1.69377 0.15001 2.53169
2.6159 0.298126 -1.29933
0.934745 0.15001 -1.72931
0.893293 0.15001 -1.57072
-0.441767 0.15001 -1.64114
2.2928 0.15001 -1.32786
2.07262 0.15001 -0.898665
0.696029 0.298798 -2.63445
1.65279 0.15001 1.25567
0.843622 0.15001 0.45289
2.38996 0.15001 1.15622
1.83467 0.15001 -2.84999
2.00904 0.15001 -2.54841
2.00759 0.15001 -2.24666
1.24383 0.255142 0.629207
0.81955 0.15001 -0.859088
2.42478 0.15001 -2.69754
0.756401 0.15001 -1.24415
0.094255 0.269265 -0.0546459
-0.462767 0.242326 -1.32711
1.58344 0.15001 0.0955537
2.59086 0.15001 -2.71009
1.75412 0.15001 -2.3977
2.66155 0.15001 -2.43546
1.21986 0.15001 -1.16807
2.84999 0.301253 -1.42345
2.53716 0.15001 -1.33089
1.69959 0.288939 0.365796
0.153899 0.291572 -0.830802
0.685391 0.15001 -0.75276
0.792353 0.295003 1.12836
1.92805 0.302243 -2.84937
2.27393 0.15001 -1.62804
2.53362 0.15001 -2.22756
2.06346 0.15001 -1.15015
2.07677 0.272294 -1.03249
-1.71405 0.29315 0.135832
2.68301 0.15001 -0.897236
2.2658 0.15001 -0.125158
0.0560183 0.15001 -0.817836
2.61847 0.15001 2.40215
1.66627 0.15001 -2.84999
2.09018 0.15001 -2.69833
1.5942 0.297469 -2.56295
2.07829 0.15001 -2.08948
1.06308 0.15001 -2.1016
2.35648 0.15001 -0.892779
0.974937 0.15001 -2.24715
1.11922 0.15001 -0.973279
-0.380522 0.15001 1.17234
2.08134 0.15001 2.06114
2.70779 0.15001 -2.10997
2.68128 0.15001 -2.84999
1.88319 0.15001 -1.78143
2.18125 0.15001 -2.24908
1.82598 0.15001 -0.154485
0.356782 0.15001 -0.874631
2.06016 0.15001 -0.72663
1.02071 0.293503 -0.173454
2.13767 0.15001 0.193155
1.24303 0.299685 0.0804433
1.39627 0.15001 -1.78819
2.43922 0.15001 -1.94602
1.55786 0.15001 -1.7853
1.55055 0.15001 -1.17741
0.969962 0.15001 -1.29681
-0.00535363 0.291516 -1.07661
2.20156 0.294918 -0.898951
2.26248 0.15001 0.0693845
0.770355 0.15001 -0.23333
1.55943 0.299224 -0.408882
2.72951 0.267234 -2.73193
2.46898 0.15001 -2.3921
2.40943 0.15001 -2.10798
2.70325 0.15001 -1.06621
2.04532 0.15001 -1.46917
1.35224 0.290066 -1.69537
1.38695 0.15001 -1.15493
1.66599 0.297856 -1.2282
2.47746 0.288397 -1.101
1.86517 0.291933 -0.405027
2.79423 0.299686 -2.24758
1.83664 0.15001 -2.24864
1.57244 0.15001 -2.09928
2.69563 0.15001 -1.93337
1.39073 0.299534 -2.16879
2.1157 0.15001 -1.62276
0.560743 0.29488 -0.895637
2.6982 0.15001 -1.24046
1.6007 0.15001 -0.717475
-0.987561 0.260719 -0.492986
1.79222 0.15001 -1.63067
-0.866727 0.15001 -2.2529
2.2583 0.15001 -2.69665
2.84999 0.15001 -2.84999
-0.409916 0.285578 -2.16377
0.582976 0.15001 -1.25531
-0.429661 0.274893 -1.93957
2.70453 0.15001 -0.0427112
2.1915 0.284386 0.759342
2.84999 0.299814 1.9299
2.17204 0.15001 -2.84999
2.8438 0.301817 -2.4358
2.2142 0.15001 -1.47337
2.84999 0.15001 -1.67228
2.28475 0.15001 -1.93005
0.932733 0.15001 0.660967
-1.7346 0.282331 -2.73646
0.566464 0.290603 1.24298
1.8195 0.296737 -1.86405
2.54208 0.15001 2.54945
2.26805 0.15001 -2.40112
2.84999 0.15001 -2.51749
1.46702 0.15001 -1.32456
1.71304 0.15001 -1.4781
0.419948 0.15001 0.122111
1.6635 0.15001 -2.25011
2.00979 0.279261 1.94622
2.10015 0.15001 -0.375131
0.552436 0.277962 -1.38631
2.30279 0.15001 0.230696
-0.239244 0.15001 -0.774038
2.09388 0.294527 -2.18617
2.84999 0.15001 -2.68553
2.55726 0.15001 -1.50174
1.36997 0.15001 -1.47369
-0.0362487 0.15001 -1.34632
-0.761882 0.286492 -2.59042
2.15239 0.293515 -0.716056
-0.84117 0.287626 1.05633
2.25755 0.15001 1.00639
2.0506 0.293832 -1.24615
2.59793 0.298732 -2.60329
2.84999 0.15001 -2.1852
1.95461 0.15001 -1.62029
2.79645 0.294859 -1.24687
2.20555 0.306141 -0.134577
-0.589422 0.15001 -1.23946
2.56213 0.15001 0.04149
0.680707 0.15001 0.089747
0.847743 0.15001 -0.689915
0.329838 0.15001 -2.54977
1.92182 0.15001 -2.70038
1.14976 0.15001 -2.24789
2.70964 0.15001 -1.76144
2.69856 0.15001 -1.40866
0.323066 0.15001 -1.79111
0.337998 0.15001 0.76814
0.885331 0.15001 0.940613
0.973157 0.15001 0.00351706
1.98899 0.304717 -0.874991
1.87699 0.15001 -1.46965
2.70494 0.15001 -2.59595
1.40527 0.15001 -2.09211
2.79123 0.290889 -0.901727
-0.161702 0.15001 -1.23271
0.222593 0.286542 0.768218
2.40251 0.15001 -0.382746
1.76858 0.15001 1.13335
0.578485 0.252345 2.1155
2.12171 0.15001 2.68821
2.506 0.15001 -2.84999
2.56403 0.15001 -2.04636
2.63817 0.299774 -1.86287
2.2342 0.15001 -1.16776
2.84999 0.300933 -0.545269
1.54266 0.15001 -1.47617
1.62685 0.15001 -1.62796
2.1277 0.15001 0.632339
1.03648 0.15001 1.34117
1.82586 0.15001 0.956874
