2000 0.1
-0.955135 0.15001 0.752475
-0.851097 0.15001 1.27057
-1.11361 0.15001 1.3694
-0.963295 0.15001 1.74099
-1.3767 0.15001 1.70864
-1.20703 0.15001 1.7906
-0.675791 0.15001 2.15088
-1.13713 0.15001 2.56079
-0.690067 0.15001 2.47887
-0.688101 0.15001 2.64011
-0.584102 0.15001 0.975129
-1.22937 0.225602 1.16794
-0.980982 0.15001 1.05506
-1.02639 0.163646 1.21765
-0.980964 0.335857 1.87012
-0.545868 0.15001 2.02457
-1.32664 0.170746 2.12352
-1.12105 0.203562 2.78647
-1.31697 0.167773 2.82884
-0.748772 0.15001 2.84999
-0.50846 0.15001 0.516544
-0.886063 0.150873 1.46866
-0.795797 0.227597 1.59134
-0.794831 0.15001 1.76063
-1.14769 0.229309 1.63983
-1.07364 0.176017 1.97329
-0.576896 0.256525 2.15199
-1.17323 0.165539 2.22417
-1.01777 0.309771 2.34156
-0.527095 0.194753 2.56244
-0.722056 0.179521 0.771874
-0.83112 0.157404 0.897281
-0.865148 0.29643 0.995835
-0.987926 0.163415 1.59017
-0.428693 0.33031 1.87664
-0.660274 0.15001 1.88341
-0.778991 0.266511 2.10147
-0.89977 0.15001 2.29757
-0.808857 0.265696 2.54962
-0.901556 0.155102 2.5928
-0.681234 0.281115 0.960816
-0.454401 0.258329 1.42825
-0.631931 0.268942 1.42576
-0.371469 0.340776 1.54347
-0.935654 0.302799 1.46409
-0.590136 0.301098 1.95064
-0.797835 0.156211 2.00446
-0.995032 0.258894 2.68932
-0.604027 0.266863 2.68498
-0.840166 0.23183 2.75199
-0.641159 0.510137 1.03978
-0.549526 0.201013 1.31413
-0.473435 0.395228 1.37911
-0.59154 0.374647 1.76687
-0.341083 0.424972 1.73732
-0.720353 0.380548 2.00866
-0.602982 0.259254 2.32505
-0.6052 0.301155 2.48852
-0.881176 0.38261 2.48697
-0.707461 0.370289 2.83143
-0.520391 0.690252 1.01228
-0.802825 0.323465 1.38769
-0.879085 0.483228 1.51193
-0.74867 0.368027 1.55704
-0.817304 0.323116 1.73143
-0.621704 0.785937 1.98761
-0.833772 0.364776 2.21266
-0.803058 0.55436 2.61269
-0.33988 0.5273 2.84587
-0.54667 0.481846 2.84514
-0.33858 0.691512 0.920259
-0.327316 0.465708 0.998699
-0.722774 0.505728 1.26154
-0.673239 0.802584 1.55727
-0.543842 0.685288 1.82598
-0.566129 0.835715 1.73648
-0.537218 0.662729 2.11079
-0.731132 0.737357 2.17132
-0.499069 0.757707 2.32184
-0.55036 0.574836 2.44833
-0.572377 0.917902 1.09582
-0.621524 0.637202 1.16828
-0.576448 1.19351 1.15219
-0.25569 0.576863 1.69544
-0.819119 0.967566 1.98965
-0.346278 1.10872 2.22197
-0.789785 0.992473 2.35973
-0.536253 0.898538 2.63459
-0.837987 0.906857 2.74556
-0.667156 0.849141 2.84751
-0.503392 1.18628 0.899881
-0.352633 0.813796 1.22657
-0.476156 1.33144 1.39387
-0.745673 1.03882 1.46587
-0.348323 1.22064 1.67444
-0.56165 1.02491 1.79135
-0.659367 1.19615 2.00107
-0.586746 1.09144 2.38243
-0.291769 1.2633 2.49665
-0.550742 1.24464 2.74601
-0.691136 0.15001 0.430509
-0.155906 0.15001 0.499461
-0.282121 0.15001 1.47154
-0.469374 0.15001 1.52413
-0.914484 0.15001 1.89159
-0.399692 0.15001 2.09994
-0.246528 0.15001 2.02201
-0.727142 0.15001 2.29962
-0.553568 0.15001 2.38075
-0.517501 0.15001 2.73047
-0.324148 0.15001 0.466657
-0.379282 0.15001 1.32814
-0.674937 0.15001 1.5202
-0.127573 0.257332 1.50431
-0.5571 0.15001 1.73307
-0.229823 0.264372 1.91969
-0.479756 0.15001 2.23485
-0.336204 0.15001 2.39378
-0.411502 0.260855 2.31472
-0.41465 0.15001 2.84999
-0.202316 0.187821 0.335754
-0.569457 0.174275 0.691279
-0.247324 0.233035 1.16527
-0.367784 0.157779 1.67637
-0.419179 0.153181 1.88626
-0.418992 0.281289 2.03002
-0.243246 0.234709 2.31139
-0.36653 0.284605 2.68268
-0.295749 0.15001 2.66728
-0.620426 0.249209 2.84999
-0.741753 0.195768 1.1334
-0.718561 0.340199 1.24957
-0.330379 0.472315 1.39634
-0.559945 0.231522 1.61319
-0.254002 0.27261 1.61263
-0.452988 0.313096 1.70264
-1.01109 0.22829 2.18343
-0.828731 0.276721 2.33534
-0.251357 0.378543 2.55416
-0.953267 0.184034 2.84999
-0.411871 0.245472 0.656295
-0.116244 0.294067 1.32972
0.0332065 0.436925 1.02294
-0.682275 0.257645 1.77658
-0.264511 0.33907 2.05704
-0.46062 0.517475 2.16586
-0.106282 0.386952 2.1845
-0.382223 0.343243 2.44877
-0.457235 0.392572 2.58582
-0.321734 0.267559 2.84999
-0.223813 0.336557 0.680048
-0.434943 0.189597 1.01774
-0.567331 0.339933 1.17757
-0.565197 0.71783 1.39295
-0.223118 0.430091 1.62884
-0.575243 0.405434 2.12868
-0.698633 0.367724 2.32698
-0.475514 0.416399 2.30176
-0.205175 0.669698 2.48104
-0.459107 0.488076 2.71153
-0.51134 0.306405 0.956948
-0.418864 0.285763 1.25138
-0.271705 0.514124 1.25564
-0.183149 0.484518 1.80298
-0.126451 0.536266 2.17426
-0.592313 0.490474 1.8765
-0.0872733 0.622877 2.06072
-0.286573 0.489708 2.17483
-0.330588 0.754703 2.41553
-0.47712 0.335449 2.84999
-0.0821509 0.792055 1.083
-0.369475 0.288115 0.832685
-0.178792 0.61179 1.43031
-0.478624 1.06427 1.56482
-0.578254 0.528658 1.5282
-0.342731 0.548353 1.81478
-0.401651 0.655921 1.89665
-0.702824 0.366971 2.61237
-0.501568 0.676644 2.66399
-0.321649 0.396959 2.78137
-0.466296 0.464248 1.16208
-0.809341 0.748971 1.4297
-0.346127 0.816697 1.43757
-0.0903481 0.989667 1.68926
-0.417758 0.89166 2.15245
-0.348534 0.620965 2.13387
0.0510565 0.848942 2.51246
-0.226937 0.672469 2.30507
-0.447709 0.972781 2.82249
-0.461497 0.742661 2.84784
-0.0805139 1.02343 0.87644
-0.440004 1.49479 0.991131
-0.241814 0.657574 1.30444
-0.35461 0.885132 1.7751
-0.339613 1.02395 1.94945
-0.421701 1.14194 2.04149
-0.0665166 1.06076 1.98241
-0.308996 0.754658 2.19898
-0.32469 1.09183 2.77963
-0.261264 0.932635 2.84855
-0.0267496 0.15001 0.856849
-0.104847 0.15001 1.00392
-0.114457 0.15001 1.41087
-0.186074 0.15001 1.61085
-0.128472 0.15001 1.76171
-0.276109 0.15001 1.81903
-0.152241 0.15001 2.16721
-0.0798329 0.15001 2.51849
-0.137362 0.15001 2.69554
-0.389469 0.15001 2.53525
0.132158 0.163681 0.406742
-0.554543 0.150935 1.1695
-0.387033 0.15001 1.16221
0.109352 0.400083 1.22674
-0.0834247 0.256879 1.6564
-0.0280295 0.15001 2.07764
-0.28366 0.219799 2.16162
-0.123516 0.15001 2.36275
-0.105167 0.28278 2.57617
-0.228639 0.15001 2.84999
0.00605204 0.202829 0.495961
-0.0953016 0.15452 1.17012
-0.222792 0.156336 1.29542
-0.0792237 0.273155 1.83692
-0.30712 0.428528 1.93781
0.0397961 0.219837 1.96712
0.124335 0.426593 2.21875
-0.248121 0.234594 2.48571
0.0996735 0.274213 2.6061
0.0365578 0.306115 2.84999
0.155611 0.293012 0.584915
-0.183838 0.163669 0.816354
-0.432014 0.15001 0.821118
-0.698376 0.153388 1.349
-0.000290983 0.38159 1.90964
-0.112728 0.282797 2.03364
-0.270578 0.355905 2.2168
-0.122771 0.309231 2.41795
-0.25491 0.496328 2.67207
-0.184424 0.327721 2.70225
-0.30275 0.298659 1.04118
-0.0600678 0.490655 1.61069
0.0364506 0.259705 1.40285
-0.052547 0.454553 1.20244
-0.195589 0.388466 1.48134
-0.204368 0.50561 2.03414
-0.0189727 0.425162 2.06656
0.00391706 0.368264 2.50376
-0.357769 0.519078 2.44414
0.0957932 0.520703 2.66553
-0.197551 0.428366 1.08259
0.0398041 0.583422 1.07237
-0.594618 0.368909 1.56589
-0.198818 0.590869 1.56892
0.219586 0.592831 1.90291
0.232557 0.7252 2.12917
-0.475532 0.49228 1.99358
-0.00896579 0.398381 2.3297
-0.192985 0.603074 2.84624
-0.179137 0.37396 2.84999
-0.221234 0.487126 0.769332
0.105065 0.743534 0.996
-0.233987 0.363093 1.2557
0.0375308 0.611391 1.68248
-0.224463 0.615598 1.88486
-0.633501 0.52623 2.04836
0.125293 0.568759 2.3449
-0.252129 0.385626 2.37226
-0.247461 0.768133 2.84999
0.159598 0.670968 2.84999
-0.138913 0.824308 1.29837
0.191444 0.716618 1.15351
-0.464898 0.449316 1.60895
-0.758027 0.554966 1.59074
0.0105883 0.83766 1.50391
-0.0532251 0.714125 1.94963
-0.201158 0.89224 1.82164
-0.20037 0.76102 1.89173
-0.270354 0.944608 2.5194
0.085419 0.858281 2.82735
-0.232379 0.922598 0.911275
-0.410934 0.960939 1.03749
-0.237011 1.20642 0.961736
0.00931841 1.15711 1.73848
0.152123 0.910074 1.85042
-0.17682 0.841434 2.41503
-0.225605 1.13804 2.34303
0.136799 1.08158 2.59477
0.148345 1.34042 2.47193
-0.382379 0.87088 2.6697
-0.0617517 0.790373 0.882317
-0.0284699 1.35227 1.20482
-0.0612958 1.00388 1.50626
-0.360947 1.10698 1.40992
-0.199191 1.2788 1.7351
-0.243112 1.0834 1.78674
0.0482755 1.39395 2.01666
-0.481144 1.24941 2.3168
0.11088 1.45459 2.73337
-0.0458755 1.18652 2.71697
-0.0375446 0.15001 0.318481
0.0671389 0.15001 1.03933
0.107437 0.15001 1.47045
-0.0217175 0.15001 1.55528
0.188262 0.15001 1.76407
-0.103888 0.15001 1.9295
0.00555898 0.15001 2.25027
0.13602 0.15001 2.36689
0.111998 0.15001 2.52228
0.0362567 0.15001 2.67212
0.237764 0.257584 0.935382
-0.00353591 0.15001 1.302
0.188332 0.15001 1.1639
0.0473406 0.15979 1.69042
-0.25474 0.303415 1.77249
0.157897 0.15001 2.08542
-0.0957888 0.261533 2.25782
0.0628124 0.281579 2.25954
-0.027988 0.272096 2.71317
-0.116672 0.244601 2.84999
0.0812117 0.29261 0.289866
0.205053 0.283097 1.27596
-0.101333 0.296847 1.08033
0.0383683 0.315407 1.56765
0.22731 0.269018 1.68453
0.023233 0.15001 1.83625
0.187269 0.288671 2.16181
0.216194 0.264514 2.48364
0.172932 0.421441 2.39084
0.128468 0.243056 2.75392
-0.113962 0.31269 0.91993
0.33519 0.372344 0.868959
0.0860442 0.638356 1.26801
-0.0326099 0.385717 1.43827
0.0991082 0.278943 1.83012
0.0337461 0.280547 2.10997
0.209778 0.610925 2.23358
0.0152086 0.232082 2.41118
-0.177085 0.519148 2.53106
-0.0273257 0.421587 2.66613
0.203808 0.158478 0.651671
-0.293374 0.161432 0.956318
0.0238297 0.485565 1.77648
-0.0960938 0.387342 1.72631
0.106122 0.365235 1.70627
-0.0684578 0.517725 1.94283
-0.0554102 0.496282 2.44196
0.0863346 0.530084 2.48629
-0.343121 0.62409 2.57673
0.13589 0.387751 2.71628
0.122339 0.175064 0.805781
0.183416 0.536465 1.16439
0.0568724 0.320619 0.813014
0.196095 0.58675 1.75451
0.254825 0.443725 1.75332
0.116252 0.468168 2.00919
-0.172513 0.490695 2.30897
0.0301658 0.538621 2.20602
-0.140376 0.621235 2.67577
-0.0176679 0.450811 2.84999
-0.0725786 0.15001 0.673459
0.295986 0.493169 1.2895
-0.163401 0.47643 1.36137
-0.17314 0.738436 1.56946
-0.00309033 0.715555 1.58569
0.0660632 0.618898 1.98396
0.415037 0.669828 2.38747
-0.0102538 0.7161 2.40953
0.119061 0.524982 2.83178
-0.130715 0.488323 2.76409
0.0822808 0.459644 0.694833
0.209761 0.549367 0.977543
0.173217 0.848116 1.44684
0.14365 0.759449 1.82322
0.476678 0.734297 1.83796
-0.0772918 0.814355 2.07533
-0.0992725 0.611567 2.35614
-0.0413806 0.669265 2.19922
-0.314651 0.674633 2.7377
0.234526 0.713077 2.65488
0.0782371 0.734978 0.664702
0.186531 0.425356 0.836535
0.0183156 1.03187 1.1127
0.206647 0.678722 1.64177
0.341414 1.32313 1.66979
0.0616263 0.945593 2.04388
0.330864 0.755265 2.29871
0.0921187 1.14494 2.34215
0.131308 0.678477 2.45495
-0.0826169 0.858863 2.84239
0.171696 1.09815 0.887135
0.13138 1.36672 1.35894
0.0972532 1.02979 1.44395
-0.0581678 1.47604 1.53032
0.203137 1.45659 1.87795
-0.026172 1.09024 2.21367
-0.0622107 0.894779 2.23296
-0.0935272 1.46003 2.42637
-0.00576898 0.5963 2.59184
0.161582 1.15845 2.82459
0.304868 0.15001 0.52178
0.29331 0.15001 1.02335
0.169812 0.15001 1.33096
0.182749 0.15001 1.60439
0.351193 0.15001 1.66537
0.167226 0.15001 1.91862
0.354816 0.15001 2.13003
0.451475 0.15001 2.48956
0.201501 0.15001 2.66367
-0.0116478 0.15001 2.84999
0.262733 0.15001 0.832692
0.0622745 0.237692 1.19646
0.378713 0.15001 1.18464
0.361963 0.270239 1.57226
0.251696 0.280837 1.86067
0.304053 0.15001 1.98202
0.421318 0.276347 2.18948
0.234188 0.15001 2.23408
0.305113 0.15001 2.54716
0.14615 0.405657 2.54732
0.103456 0.17122 0.128882
0.326202 0.200746 1.35831
0.203967 0.266873 1.5055
0.217698 0.374158 1.40335
0.373294 0.285321 1.73991
0.303571 0.273729 2.06384
0.195285 0.281366 2.32602
0.300788 0.15001 2.38693
0.325325 0.232642 2.70617
0.158894 0.15001 2.84999
0.280719 0.430975 0.445917
0.221145 0.329539 0.726909
0.360317 0.353004 1.32736
0.263554 0.399858 1.17354
0.390216 0.394337 1.85234
0.15896 0.31782 1.9947
0.263993 0.420985 2.07549
0.289471 0.399972 2.23164
0.332355 0.320056 2.36924
0.255108 0.266243 2.84999
0.391889 0.220209 0.843686
0.0546588 0.293707 1.05069
0.191992 0.388903 0.986379
0.542498 0.52171 1.62441
0.113748 0.468819 1.58829
0.153758 0.432701 1.86601
0.324947 0.491094 1.94655
0.268815 0.347978 2.61329
0.369319 0.394519 2.72217
0.193621 0.395691 2.84999
0.418388 0.496567 0.851796
0.448676 0.511639 1.34256
0.0976129 0.472744 1.38975
0.395542 0.495309 1.70759
0.382228 0.608563 1.83709
0.307442 0.757715 1.80709
0.344818 0.554994 2.0945
0.409334 0.541996 2.24081
0.309891 0.503705 2.35151
0.318902 0.631313 2.84999
0.203429 0.660876 0.776326
-0.104859 0.349613 0.773944
0.429175 0.578737 1.14579
-0.0405468 0.533961 1.43836
0.234166 0.523291 1.44885
-0.0837931 0.615076 1.81586
0.521508 0.538188 2.36308
0.116013 0.891367 2.34826
0.49657 0.534519 2.79613
0.22583 0.57796 2.72154
0.212295 0.94973 0.983994
0.34425 0.601615 1.39435
0.411643 0.716577 1.45511
-0.0435325 0.693752 1.38977
0.356535 0.752935 2.05472
0.0687841 0.635665 1.83233
0.162972 0.576357 2.09829
0.412968 0.682972 2.17857
0.442213 0.910937 2.26533
0.471453 0.664932 2.84999
0.27872 0.94462 1.33018
0.141645 0.619739 1.51857
0.00282139 0.898549 1.22084
0.331879 0.941819 1.48901
0.402998 0.736163 1.68872
0.248221 0.867338 1.69997
0.366623 0.839651 2.63954
0.113395 0.811845 2.66318
0.237733 0.79228 2.81146
-0.0170403 1.01886 2.7296
0.398102 1.04542 0.896034
0.29494 1.36384 1.18627
0.147687 1.16933 1.52708
0.469038 1.07623 1.79058
0.423402 0.914808 1.9438
0.0627879 1.15906 1.90838
0.460528 1.19465 2.09974
0.11339 1.30567 2.24829
0.39011 1.26144 2.43896
0.402324 1.17381 2.83239
0.450885 0.15001 0.468415
0.588077 0.15001 0.976455
0.538154 0.15001 1.40527
0.4658 0.15001 1.54549
0.494427 0.15001 1.78598
0.334707 0.15001 1.8226
0.516242 0.15001 2.14949
0.570384 0.15001 2.36948
0.465135 0.15001 2.66317
0.344229 0.15001 2.84999
0.70861 0.15001 0.823954
0.277547 0.260165 1.12611
0.463894 0.233896 1.28797
0.305649 0.15001 1.49657
0.55092 0.239912 1.88439
0.463914 0.15001 1.99879
0.584939 0.316005 2.11213
0.412254 0.15001 2.28032
0.502691 0.282353 2.73849
0.51447 0.15001 2.84999
0.257961 0.18094 0.312765
0.788974 0.241431 1.2116
0.454589 0.281372 1.44643
0.605517 0.256564 1.51038
0.521691 0.350393 1.76451
0.397474 0.250118 1.90661
0.46871 0.256978 2.38177
0.629106 0.15001 2.715
0.414221 0.282341 2.56524
0.404643 0.297381 2.84999
0.383223 0.15936 0.684475
0.536607 0.156484 0.828338
0.56001 0.274704 1.13467
0.266379 0.38878 1.59762
0.586261 0.366993 1.95501
0.441507 0.333693 2.0267
0.626481 0.404674 2.25926
0.858299 0.44153 2.35834
0.593378 0.314191 2.62168
0.51935 0.404588 2.84999
0.483904 0.342659 0.914092
0.436129 0.226708 1.03098
0.512218 0.382368 1.28438
0.536252 0.416095 1.45765
0.367305 0.436074 1.47895
0.478079 0.48886 2.0029
0.46306 0.421379 2.15812
0.339619 0.428338 2.49126
0.510577 0.379909 2.46918
0.462601 0.438179 2.60894
0.426732 0.323226 0.709746
0.466541 0.454351 1.04739
1.06897 0.466015 0.940229
0.613865 0.659833 1.95088
0.433857 0.646813 1.98632
0.556003 0.700213 2.33973
0.460302 0.401279 2.31607
0.961572 0.484151 2.48608
0.379897 0.572786 2.66156
0.336934 0.470052 2.84999
0.629825 0.257212 0.750057
0.326954 0.669814 1.06362
0.72071 0.431763 1.31071
0.519425 0.708613 1.58893
0.710498 0.520123 1.65622
0.260074 0.534275 1.61113
0.662043 0.466501 2.40033
0.226533 0.5393 2.56718
0.658696 0.665866 2.63628
0.693245 0.477502 2.84999
0.3837 0.82699 0.817218
0.577849 0.5121 1.25365
0.441803 0.825418 1.14346
0.350396 0.646962 1.57517
0.781653 0.761009 1.95991
0.68217 0.724232 2.25308
0.588751 0.664201 2.48982
0.834874 0.896982 2.11366
0.647363 0.836263 2.13375
0.594265 0.878549 2.74106
0.840556 0.790363 0.96994
0.416956 0.852837 0.985791
0.221273 1.14365 1.04015
0.431278 1.12552 1.15159
0.584959 1.05756 2.04981
0.32091 0.891135 2.11427
0.437392 1.0713 2.4149
0.397857 0.787463 2.80966
0.389697 0.689508 2.55723
0.291239 1.0444 2.70691
0.520581 0.999461 0.732024
0.480075 1.35105 0.957224
0.514764 1.02004 1.5176
0.50066 1.26782 1.71868
0.724109 1.0173 1.9554
0.282494 1.17351 1.93645
0.568241 1.53299 2.24889
0.389316 1.29994 2.26138
0.450128 1.13344 2.59415
0.602786 1.27837 2.65221
0.738801 0.15001 0.194313
0.536781 0.15001 0.63905
0.693305 0.15001 1.32868
0.77212 0.15001 1.47342
0.657188 0.15001 1.60112
0.683607 0.15001 1.8631
0.676392 0.15001 2.16785
0.878918 0.15001 2.42423
0.711298 0.15001 2.44079
0.748001 0.15001 2.58424
0.849353 0.15001 0.729319
0.573223 0.15001 1.22331
0.909761 0.15001 1.04138
0.512625 0.23043 1.6601
1.15032 0.15001 1.74929
0.611832 0.189488 2.02221
0.729342 0.28387 2.18114
0.578794 0.244563 2.25317
0.739341 0.25726 2.70128
0.700109 0.15001 2.84999
0.471227 0.168982 0.297586
0.684531 0.36449 1.16756
0.614694 0.285704 1.3461
0.857752 0.296503 1.52483
0.740183 0.288714 1.62555
0.647634 0.241504 1.74943
0.744943 0.388618 2.05492
0.59141 0.207531 2.51912
0.723238 0.31674 2.52125
0.625107 0.28351 2.8499
0.804893 0.408898 1.05508
1.18285 0.430455 1.39628
0.710491 0.378599 1.45822
0.45856 0.382442 1.61183
0.758058 0.427135 1.89477
0.721993 0.280468 1.92523
0.614447 0.472196 2.12347
0.641762 0.303617 2.38534
0.799763 0.394148 2.6391
0.634638 0.405468 2.73328
0.705157 0.187828 0.63604
0.41311 0.343689 1.15383
0.865557 0.398403 1.23957
0.620613 0.389931 1.59749
0.676185 0.395615 1.75099
1.00846 0.411849 1.85948
0.535935 0.606369 2.11317
1.11243 0.509487 2.50508
0.465741 0.564133 2.50727
0.622733 0.457433 2.5558
0.641206 0.294856 0.984819
0.771769 0.310621 0.838407
0.982761 0.475372 1.37543
0.51081 0.570463 1.47071
0.517259 0.493392 1.83906
0.636987 0.507933 1.9693
0.770422 0.590269 1.93039
0.704246 0.627204 2.38677
0.555666 0.557876 2.66143
0.841729 0.392597 2.84999
1.00462 0.377196 0.819701
0.74449 0.587168 1.34028
0.767178 0.695904 1.47917
0.631639 0.687324 1.76048
1.10463 0.562846 1.40185
0.495839 0.621205 1.72351
0.749032 0.540653 2.52233
0.296501 0.611989 2.45878
1.20288 0.676481 2.62054
0.624419 0.63956 2.84989
0.545924 0.49456 0.746178
0.865872 0.562237 1.4277
0.626901 0.658554 1.49148
0.415863 0.917356 1.70516
0.983628 0.673983 1.7832
0.594405 0.803997 1.98703
0.805427 0.703178 2.13955
0.805598 0.680429 2.51654
0.774328 0.631248 2.83675
0.837977 0.80594 2.84999
1.06213 1.00075 1.21907
0.609815 0.660737 1.30812
0.66183 0.834606 1.15834
0.870083 0.794314 1.42947
0.523318 0.957422 1.21069
0.866616 1.44199 1.91812
0.839352 0.709055 2.33647
0.717727 1.11738 2.37612
0.429914 0.806904 2.45324
0.706878 0.997864 2.7672
0.759115 1.17448 1.23993
0.631868 1.30072 1.46525
0.58744 1.04439 1.67119
0.639148 1.52067 1.53901
0.838204 1.31001 1.71504
0.5763 1.31623 2.013
0.613381 1.00506 2.23434
0.699626 1.1604 2.07327
0.64309 0.791855 2.55721
0.655154 1.17926 2.82321
0.839845 0.15001 0.354797
0.699473 0.15001 1.11322
0.958492 0.15001 1.19045
0.893769 0.15001 1.58518
0.88505 0.15001 1.87818
1.3298 0.15001 1.72278
0.844822 0.15001 2.18936
1.04147 0.15001 2.35596
1.02509 0.15001 2.62836
1.07886 0.15001 2.84999
1.0682 0.15001 0.454619
0.948267 0.15001 0.879214
1.25874 0.15001 1.28309
0.886807 0.15001 1.33235
0.95214 0.188428 1.72919
0.75921 0.15001 2.00222
1.12729 0.216563 1.93396
0.748628 0.190067 2.30793
0.874879 0.15001 2.69228
1.01994 0.292717 2.84999
0.603325 0.15001 0.449098
0.787264 0.230704 1.0021
0.980627 0.197547 1.4583
0.783034 0.15001 1.71748
0.818692 0.286093 1.78552
0.841543 0.241078 2.06703
0.986646 0.222853 2.13479
1.0153 0.212202 2.49126
0.873994 0.239443 2.56957
0.902841 0.156053 2.84999
1.13175 0.328724 0.423075
0.983118 0.175373 0.60565
1.07159 0.270759 1.34771
0.775917 0.267687 1.37288
1.16247 0.363251 1.69749
0.893744 0.316649 1.93602
1.23934 0.353498 2.23187
0.89357 0.263562 2.27563
1.07068 0.582553 2.64154
1.40911 0.247805 2.84999
0.803295 0.16494 0.514789
1.00037 0.438442 1.53006
0.887225 0.366212 1.39038
0.838343 0.45052 1.58158
0.832166 0.447532 1.75947
1.34147 0.286449 1.92788
0.802363 0.407953 2.21803
0.847565 0.303414 2.42518
1.07095 0.525083 2.28714
0.791495 0.25726 2.84999
1.10946 0.558401 1.09515
0.805531 0.576572 0.874488
0.895843 0.616528 1.56866
0.92367 0.554075 1.69824
0.802818 0.626431 1.77973
0.892824 0.473707 1.99582
0.780817 0.560785 2.26696
1.00862 0.322403 2.37435
0.966498 0.446567 2.69948
1.16386 0.357834 2.84999
1.08997 0.490899 0.783657
0.48503 0.702252 0.909286
0.836591 0.532195 1.15
0.661541 0.543696 1.80724
1.19144 0.429536 1.55368
0.736262 0.564097 2.08856
0.976898 0.405782 2.23826
0.719698 0.534192 2.69145
1.19456 0.859321 2.67099
0.892245 0.525875 2.82219
0.712761 0.57027 0.63974
1.28979 0.559506 1.12085
1.12464 0.7628 1.40268
1.37987 0.774809 1.41833
1.08221 0.821286 1.5775
0.94687 0.546848 1.86012
0.936326 0.630727 1.99081
0.887734 0.542341 2.13561
0.792311 0.726615 2.69338
0.954699 0.640965 2.74688
0.960551 0.836423 0.688972
0.998418 1.24329 1.11591
0.834376 0.662515 1.06284
0.797973 0.917152 1.79017
0.555982 0.955325 1.8523
1.09119 0.647415 2.11441
0.884527 1.36218 2.41795
0.944204 0.73074 2.5498
1.08482 0.841666 2.55137
0.92127 0.861111 2.63213
0.765347 0.925665 0.746836
0.982324 1.52027 1.06613
0.813075 0.9828 1.35367
1.22419 1.02931 1.71452
1.09075 1.08974 1.96104
0.961214 0.934195 2.03501
0.803603 1.45999 2.09763
1.05868 1.52508 2.29474
0.832641 1.26643 2.84578
1.01543 0.951286 2.82909
1.11469 0.15001 0.835773
1.06221 0.15001 1.01633
1.14111 0.15001 1.41801
1.06627 0.15001 1.60763
1.52778 0.15001 1.80705
1.34724 0.15001 2.02254
0.999496 0.15001 1.99372
1.30879 0.15001 2.44865
1.23679 0.15001 2.58798
1.18381 0.15001 2.72718
1.19851 0.210456 1.00061
1.43113 0.15001 1.37242
1.29333 0.224583 1.44294
1.22426 0.217557 1.60643
1.271 0.15001 1.87902
1.30073 0.184989 2.16563
1.15253 0.15001 2.09707
1.10004 0.236174 2.24559
1.44544 0.15001 2.32313
1.55248 0.198696 2.57144
1.31111 0.189434 0.698206
1.02551 0.287912 0.94384
1.25551 0.276242 1.12814
1.01764 0.291327 1.59068
1.06618 0.279213 1.80308
1.08024 0.357463 2.10791
1.16258 0.247631 2.50299
1.07642 0.273259 2.67082
0.913414 0.298298 2.74111
1.28315 0.15001 2.84999
1.35377 0.422823 1.06443
1.12879 0.305971 1.48225
1.60658 0.155049 1.28782
1.35035 0.436418 1.36883
1.50909 0.398777 1.97213
0.956054 0.36277 1.70965
1.44444 0.29675 2.27303
1.15843 0.392702 2.40153
1.30113 0.260617 2.66845
1.67713 0.302839 2.84226
1.1613 0.162251 0.627602
1.10616 0.15001 1.23568
1.36509 0.249828 1.27429
1.07444 0.506761 1.70979
1.56403 0.265368 2.06847
0.910475 0.367678 2.10408
1.39832 0.300641 2.12421
0.973764 0.35281 2.56346
1.52338 0.244013 2.74139
1.12213 0.416696 2.67142
1.27531 0.305002 0.911307
0.926979 0.285658 0.735702
1.2838 0.380397 1.24006
1.47802 0.296352 1.38278
0.732938 0.672897 1.63724
1.78469 0.232389 2.05784
1.10136 0.502697 2.01034
1.22301 0.519441 2.27666
0.867143 0.542939 2.63006
1.38954 0.403097 2.66
1.57575 0.409019 1.05755
0.924374 0.300082 1.08411
1.39013 0.496472 1.53372
0.683921 0.520422 1.50061
1.32863 0.372089 1.6284
1.25159 0.715928 1.96821
1.22875 0.566433 2.12494
0.878583 0.58307 2.40723
1.44133 0.868389 2.6761
1.02541 0.446924 2.84999
0.965868 0.730558 0.894563
1.00669 0.323092 1.21849
0.913718 1.04598 1.50351
1.70526 0.700514 1.66378
1.13435 0.671875 1.76779
1.44533 0.843036 1.78709
1.19061 0.932905 1.9366
1.29322 0.50368 2.714
0.959896 1.20852 2.58598
1.32787 0.542837 2.84999
1.17031 0.976519 1.55826
1.10361 0.459693 1.25092
1.09771 1.23926 1.41048
0.973231 1.08155 1.7691
0.616081 0.81751 1.82676
1.02989 1.07763 2.4025
0.972697 0.628059 2.22585
1.30778 0.654952 2.47228
1.08949 1.34146 2.57127
0.994175 0.758769 2.84959
1.02838 1.25983 0.726728
1.24416 1.14841 1.21105
0.866955 1.2814 1.28594
1.35522 1.27966 1.43359
1.18011 1.38129 1.71304
1.40513 1.35506 1.89331
0.893249 1.17318 1.99694
1.24671 1.03612 2.16135
1.06949 1.41481 2.74685
1.26583 0.988272 2.77495
1.67756 0.15001 0.879505
1.38206 0.15001 1.13145
1.91429 0.15001 1.60032
1.38949 0.15001 1.54437
1.79939 0.15001 1.75806
1.50173 0.15001 1.97919
1.53259 0.15001 2.17628
1.23901 0.15001 2.29944
1.94213 0.15001 2.64596
1.52897 0.15001 2.84999
1.27911 0.216071 0.398211
1.85932 0.158027 0.897449
1.96626 0.202011 1.06351
1.96986 0.242964 1.25064
2.06618 0.162956 1.81738
1.99768 0.168104 2.28807
2.11717 0.15001 2.44061
2.09936 0.238127 2.59508
1.97894 0.15586 2.833
1.72409 0.15001 2.84999
1.82332 0.201278 0.653114
1.82421 0.169683 1.44509
1.56583 0.151531 1.44433
1.53863 0.15001 1.61731
1.47703 0.290601 1.8391
1.88813 0.166609 1.94701
1.37176 0.43318 2.34106
1.70897 0.15001 2.26413
1.63521 0.153861 2.41584
1.41016 0.15001 2.66707
1.50417 0.262858 0.738803
1.4656 0.15001 0.983914
1.66465 0.209864 1.05381
2.05718 0.281012 1.49937
1.67575 0.201142 1.84866
1.90451 0.15001 2.13077
1.83082 0.255686 2.233
1.92287 0.168357 2.44338
1.4054 0.2768 2.52048
1.7172 0.168582 2.55764
1.13509 0.279002 0.754977
1.77176 0.161515 1.24597
1.53455 0.259195 1.14447
1.42385 0.257019 1.68516
1.56827 0.380789 1.57208
1.58366 0.287014 1.70182
1.22232 0.296489 2.04746
1.25804 0.280536 2.37065
1.77372 0.18429 2.70234
1.29754 0.331606 2.8
1.48627 0.282554 0.919354
1.08765 0.268921 1.10024
1.70481 0.155545 1.55607
1.78204 0.273943 1.64707
1.26403 0.443837 2.00235
1.52521 0.402959 2.15521
1.55525 0.292966 2.4394
1.51975 0.553634 2.3141
1.64214 0.305796 2.65905
1.50979 0.387045 2.83935
1.22952 0.406349 0.79917
1.721 0.478987 1.21496
1.52798 0.520671 1.20261
1.25468 0.510186 1.77102
1.58365 0.521179 1.71182
1.17542 0.369853 1.87641
1.38021 0.477469 2.1378
1.36982 0.655622 2.14539
1.24559 0.369304 2.55478
1.15787 0.51892 2.80377
1.09854 0.675424 0.797797
1.56042 0.692437 1.01361
1.54858 0.615748 1.42375
1.7597 0.705461 1.40585
1.40994 0.592776 1.95323
1.64814 0.56666 2.00698
1.6807 0.350902 2.21891
1.61843 0.852405 2.23282
1.46016 0.672976 2.39948
1.6068 0.561853 2.76396
1.2398 0.829508 1.06403
1.58779 0.826294 1.40213
1.13434 0.84883 1.81311
0.940749 0.858044 1.81295
1.554 0.758293 2.06861
1.07901 1.21961 2.13122
1.26557 0.711755 2.29172
1.63962 0.899603 2.59059
1.20191 1.07504 2.35199
1.2552 0.808037 2.8401
1.19022 0.974824 0.858443
1.39362 0.948753 1.0109
1.4694 1.03751 1.24828
1.45944 0.904601 1.48483
1.3337 0.905798 1.65733
1.5031 1.08347 1.90319
1.39737 0.880177 2.15734
1.4988 1.06961 2.31755
1.23418 1.13734 2.56708
1.4906 0.969114 2.81021
-0.517 3.1655 -2.01472
-0.537694 3.14291 -1.82491
-0.540593 3.14 -1.61517
-0.54025 3.14024 -1.40882
-0.540074 3.14032 -1.20415
-0.539932 3.1405 -1.00022
-0.539768 3.14069 -0.796172
-0.539639 3.14081 -0.589827
-0.539425 3.1409 -0.378729
-0.539164 3.14041 -0.160492
-0.535919 3.35832 -2.03565
-0.541206 3.35844 -1.82037
-0.540639 3.35929 -1.61289
-0.540534 3.35929 -1.40549
-0.540433 3.35936 -1.20126
-0.540325 3.35937 -0.998826
-0.540206 3.35935 -0.795759
-0.540076 3.35932 -0.589713
-0.539921 3.35928 -0.378579
-0.539741 3.35866 -0.159916
-0.541306 3.56558 -2.0408
-0.54085 3.56906 -1.82076
-0.54075 3.57064 -1.60949
-0.540686 3.57061 -1.40344
-0.540615 3.57067 -1.20051
-0.540518 3.57065 -0.99864
-0.540435 3.5706 -0.795731
-0.540336 3.57055 -0.5897
-0.540263 3.57048 -0.378508
-0.540077 3.56983 -0.159576
-0.540935 3.76884 -2.04049
-0.540964 3.77525 -1.82089
-0.540883 3.77671 -1.60952
-0.540827 3.77671 -1.40345
-0.54074 3.77676 -1.20052
-0.540682 3.77671 -0.998658
-0.540625 3.7767 -0.795741
-0.540538 3.77664 -0.589681
-0.540481 3.77656 -0.378433
-0.54035 3.77584 -0.159328
-0.540982 3.97529 -2.04057
-0.541018 3.97869 -1.82091
-0.540964 3.97964 -1.60954
-0.540938 3.97966 -1.40346
-0.540869 3.97966 -1.20052
-0.540825 3.97961 -0.998646
-0.540748 3.97961 -0.795721
-0.540705 3.9796 -0.589659
-0.540669 3.9795 -0.378383
-0.540564 3.9788 -0.159105
-0.541083 4.17986 -2.04065
-0.541099 4.18115 -1.82098
-0.541023 4.18154 -1.60959
-0.540989 4.18155 -1.40348
-0.540961 4.18154 -1.20054
-0.540944 4.18151 -0.998657
-0.540892 4.18151 -0.795726
-0.540842 4.1815 -0.589647
-0.540797 4.1814 -0.378335
-0.540735 4.18068 -0.158942
-0.541145 4.38414 -2.04072
-0.541167 4.38432 -1.82099
-0.541122 4.38451 -1.6096
-0.541075 4.3845 -1.40347
-0.541023 4.38454 -1.20052
-0.540998 4.3845 -0.998648
-0.540975 4.38449 -0.79572
-0.540963 4.38448 -0.589626
-0.540941 4.38442 -0.378289
-0.540871 4.38367 -0.158806
-0.5412 4.59037 -2.0408
-0.541224 4.59034 -1.82103
-0.541179 4.59054 -1.60962
-0.541155 4.59056 -1.40348
-0.541121 4.59057 -1.20052
-0.541083 4.59056 -0.998646
-0.541048 4.59054 -0.795716
-0.541024 4.59049 -0.589609
-0.541004 4.59046 -0.378245
-0.541 4.58973 -0.158679
-0.541234 4.80162 -2.04086
-0.541267 4.80168 -1.82106
-0.541242 4.8018 -1.60964
-0.541215 4.80182 -1.4035
-0.541188 4.80182 -1.20054
-0.541175 4.80182 -0.998653
-0.541144 4.80175 -0.795709
-0.54112 4.80172 -0.589605
-0.5411 4.80171 -0.378217
-0.541056 4.801 -0.158585
-0.541281 5.02107 -2.04089
-0.541282 5.02131 -1.82105
-0.541272 5.02127 -1.60961
-0.541258 5.02122 -1.40348
-0.541239 5.02118 -1.20052
-0.541211 5.02114 -0.998634
-0.541198 5.02109 -0.795679
-0.541179 5.02105 -0.589572
-0.541163 5.02107 -0.378177
-0.541119 5.02028 -0.158512
-0.328075 3.13955 -2.04056
-0.321691 3.13987 -1.82153
-0.321181 3.13996 -1.60966
-0.321174 3.14009 -1.4035
-0.321114 3.14019 -1.20052
-0.321062 3.1403 -0.998621
-0.321027 3.14048 -0.795701
-0.320985 3.14067 -0.589717
-0.32094 3.14067 -0.378665
-0.320867 3.14034 -0.160323
-0.320784 3.35809 -2.04067
-0.32133 3.35929 -1.82086
-0.321263 3.35927 -1.60952
-0.321239 3.35934 -1.40343
-0.321197 3.35939 -1.20048
-0.321172 3.35941 -0.998625
-0.321141 3.35944 -0.79573
-0.321101 3.35945 -0.589714
-0.321057 3.35934 -0.378561
-0.321025 3.35878 -0.159805
-0.32128 3.57014 -2.04046
-0.321325 3.57061 -1.82086
-0.321275 3.57068 -1.60953
-0.321254 3.57073 -1.40344
-0.321233 3.57072 -1.20051
-0.321215 3.57072 -0.99865
-0.321183 3.57072 -0.795741
-0.321154 3.57067 -0.589704
-0.32117 3.57057 -0.378494
-0.321107 3.56993 -0.159493
-0.321385 3.77636 -2.04054
-0.321363 3.77667 -1.82089
-0.321313 3.77674 -1.60954
-0.32129 3.77682 -1.40346
-0.321266 3.77679 -1.20053
-0.321251 3.77676 -0.998664
-0.32123 3.77677 -0.795746
-0.321226 3.77671 -0.589697
-0.321223 3.77662 -0.378445
-0.321188 3.77594 -0.159258
-0.321392 3.97941 -2.04062
-0.32138 3.97963 -1.82094
-0.321342 3.97972 -1.60957
-0.321324 3.97977 -1.40347
-0.321303 3.97973 -1.20054
-0.321288 3.9797 -0.99867
-0.321268 3.97968 -0.795746
-0.321268 3.97965 -0.589675
-0.321279 3.97954 -0.378382
-0.32125 3.97892 -0.159072
-0.321415 4.18135 -2.0407
-0.321407 4.1815 -1.82098
-0.321362 4.18162 -1.60959
-0.321346 4.18164 -1.40347
-0.321337 4.18162 -1.20053
-0.32133 4.18161 -0.99866
-0.321311 4.18157 -0.79573
-0.321303 4.18152 -0.589659
-0.321322 4.1814 -0.37833
-0.321296 4.18083 -0.158908
-0.321431 4.38432 -2.04077
-0.321425 4.38445 -1.82101
-0.321393 4.38462 -1.60961
-0.321375 4.3846 -1.40348
-0.321362 4.3846 -1.20052
-0.321352 4.3846 -0.998653
-0.321341 4.38455 -0.795724
-0.321346 4.3845 -0.58964
-0.321364 4.38437 -0.378296
-0.321337 4.38384 -0.15877
-0.321447 4.59027 -2.04086
-0.321446 4.59047 -1.82103
-0.321413 4.59068 -1.60962
-0.321406 4.59068 -1.40349
-0.321396 4.59068 -1.20052
-0.321387 4.59067 -0.998654
-0.321379 4.59062 -0.795719
-0.321368 4.59056 -0.589621
-0.321393 4.59042 -0.378247
-0.32138 4.58985 -0.158665
-0.321467 4.80157 -2.04088
-0.321463 4.80177 -1.82106
-0.321463 4.80193 -1.60963
-0.321449 4.80189 -1.4035
-0.321443 4.80187 -1.20054
-0.321438 4.80185 -0.998657
-0.321425 4.80184 -0.795718
-0.321423 4.80178 -0.58961
-0.321418 4.80168 -0.378225
-0.321415 4.80117 -0.158577
-0.321482 5.02117 -2.04091
-0.321484 5.02146 -1.82107
-0.321466 5.02135 -1.60963
-0.321459 5.0213 -1.40349
-0.321453 5.02125 -1.20053
-0.321443 5.02123 -0.998641
-0.321435 5.02121 -0.795689
-0.321435 5.02123 -0.589581
-0.321443 5.02123 -0.378185
-0.321454 5.02052 -0.158496
-0.11586 3.13989 -2.04021
-0.11125 3.13989 -1.82078
-0.109901 3.14002 -1.60946
-0.109933 3.14011 -1.40339
-0.109913 3.14024 -1.20045
-0.109895 3.14033 -0.998599
-0.109885 3.14047 -0.795711
-0.109877 3.1406 -0.589736
-0.109864 3.14071 -0.37869
-0.109846 3.14037 -0.160264
-0.113418 3.35916 -2.04035
-0.110041 3.35926 -1.8208
-0.109957 3.35939 -1.60949
-0.109956 3.35939 -1.40342
-0.109947 3.35945 -1.20049
-0.109941 3.35944 -0.998628
-0.109922 3.35944 -0.79572
-0.109915 3.3595 -0.589698
-0.109902 3.35935 -0.378546
-0.109895 3.35875 -0.159767
-0.109958 3.57051 -2.04047
-0.109986 3.57072 -1.82085
-0.109971 3.57077 -1.60953
-0.109965 3.57078 -1.40344
-0.109961 3.57082 -1.2005
-0.109954 3.5708 -0.998646
-0.109941 3.57078 -0.795733
-0.10994 3.57076 -0.58969
-0.109943 3.57064 -0.378474
-0.109928 3.56992 -0.15946
-0.110004 3.7766 -2.04054
-0.109998 3.77679 -1.82088
-0.10998 3.77688 -1.60953
-0.10998 3.7769 -1.40345
-0.109972 3.77691 -1.20052
-0.109968 3.77687 -0.998657
-0.109954 3.77689 -0.795745
-0.109955 3.77685 -0.589685
-0.109958 3.77665 -0.378423
-0.109956 3.776 -0.159223
-0.110012 3.97954 -2.04062
-0.110009 3.97974 -1.82093
-0.109995 3.97985 -1.60956
-0.109992 3.97983 -1.40347
-0.109986 3.97984 -1.20054
-0.109981 3.97983 -0.998667
-0.109968 3.97981 -0.795737
-0.109973 3.97977 -0.589655
-0.109975 3.97957 -0.378356
-0.109973 3.97896 -0.159033
-0.110021 4.18144 -2.04071
-0.11002 4.18162 -1.82097
-0.110002 4.18174 -1.60958
-0.110004 4.18169 -1.40347
-0.110002 4.18174 -1.20053
-0.109998 4.1817 -0.99865
-0.109982 4.18169 -0.795719
-0.109985 4.18165 -0.589636
-0.10999 4.18148 -0.378314
-0.109991 4.18084 -0.158886
-0.110027 4.38439 -2.04086
-0.110026 4.38461 -1.82105
-0.110015 4.38471 -1.60963
-0.110014 4.38468 -1.40351
-0.110007 4.38472 -1.20055
-0.110006 4.38468 -0.998665
-0.109997 4.38467 -0.79572
-0.109999 4.38465 -0.589628
-0.110001 4.38448 -0.378274
-0.110004 4.3838 -0.158757
-0.110034 4.59034 -2.04086
-0.110035 4.59065 -1.82102
-0.110025 4.59076 -1.60961
-0.110024 4.59073 -1.40348
-0.110023 4.59076 -1.20052
-0.110019 4.59074 -0.998646
-0.110009 4.5907 -0.795708
-0.110013 4.59071 -0.589598
-0.110017 4.59052 -0.378226
-0.11002 4.58984 -0.158639
-0.11004 4.80162 -2.04088
-0.110043 4.80188 -1.82107
-0.110037 4.80205 -1.60964
-0.110038 4.80203 -1.40351
-0.110037 4.802 -1.20054
-0.110037 4.80199 -0.998653
-0.110027 4.80198 -0.795707
-0.11003 4.80197 -0.589598
-0.110034 4.80179 -0.378211
-0.11003 4.80114 -0.158565
-0.110048 5.02123 -2.04092
-0.110055 5.02145 -1.82106
-0.110051 5.02144 -1.6096
-0.110044 5.02142 -1.40347
-0.110045 5.02136 -1.20052
-0.110044 5.02132 -0.998631
-0.110037 5.02127 -0.795678
-0.110041 5.02132 -0.589562
-0.110042 5.02121 -0.378173
-0.110059 5.02053 -0.158485
0.0920772 3.13978 -2.04026
0.0947478 3.13987 -1.82077
0.0961145 3.14 -1.60945
0.0961073 3.14006 -1.40339
0.0961062 3.14019 -1.20045
0.0961084 3.14029 -0.998603
0.0961025 3.14045 -0.795709
0.0960984 3.14049 -0.589726
0.0960874 3.14057 -0.378649
0.0960883 3.14019 -0.160173
0.0939994 3.35917 -2.04039
0.0960408 3.35927 -1.82083
0.0960995 3.35942 -1.6095
0.0961019 3.35941 -1.40342
0.0960985 3.35942 -1.20051
0.0960976 3.35941 -0.998645
0.0961039 3.35952 -0.795732
0.0960985 3.35943 -0.589714
0.0960927 3.35935 -0.378549
0.0960858 3.35874 -0.159712
0.0961029 3.57056 -2.04047
0.0960964 3.5707 -1.82087
0.0960985 3.57077 -1.60954
0.0961029 3.57075 -1.40344
0.0960993 3.57074 -1.20052
0.0960985 3.57074 -0.998657
0.0960977 3.57078 -0.79574
0.0960984 3.57072 -0.589701
0.0960905 3.57065 -0.37848
0.096088 3.56998 -0.159428
0.0961009 3.77667 -2.04054
0.096097 3.7768 -1.82089
0.0961017 3.77685 -1.60954
0.096101 3.77685 -1.40347
0.0960994 3.77681 -1.20055
0.0960979 3.7768 -0.998677
0.0961006 3.77683 -0.795761
0.0961027 3.77675 -0.589708
0.0960945 3.77671 -0.378447
0.0960822 3.77598 -0.159215
0.096097 3.97961 -2.04066
0.0960965 3.97971 -1.82097
0.0960994 3.9798 -1.60959
0.0961013 3.97983 -1.40349
0.0961006 3.97978 -1.20055
0.0961006 3.97978 -0.998674
0.0961018 3.97979 -0.795747
0.0960996 3.97969 -0.589667
0.0960969 3.97966 -0.378367
0.0960825 3.97896 -0.159029
0.0960958 4.1815 -2.04072
0.0960912 4.18163 -1.82098
0.0960968 4.18172 -1.60959
0.0960975 4.18168 -1.40348
0.0960957 4.18167 -1.20054
0.096097 4.18167 -0.99866
0.0961005 4.1817 -0.795728
0.0961014 4.18161 -0.589651
0.0960953 4.18156 -0.378323
0.0960837 4.18086 -0.158877
0.0960934 4.38444 -2.04087
0.0960879 4.38458 -1.82106
0.0960898 4.38469 -1.60964
0.0960953 4.38462 -1.40352
0.0960938 4.38465 -1.20057
0.0960925 4.38463 -0.998678
0.0960956 4.38467 -0.795733
0.0960973 4.3846 -0.589652
0.0960943 4.38454 -0.378297
0.0960816 4.38383 -0.158757
0.0960878 4.59039 -2.04087
0.0960865 4.5906 -1.82104
0.0960918 4.59076 -1.60963
0.0960923 4.59069 -1.4035
0.0960931 4.59072 -1.20054
0.096094 4.59069 -0.998665
0.0960957 4.5907 -0.795722
0.096095 4.59069 -0.589618
0.0960895 4.59056 -0.378251
0.0960823 4.58989 -0.15866
0.0960825 4.80167 -2.04087
0.0960801 4.80186 -1.82105
0.0960845 4.80204 -1.60963
0.0960892 4.80199 -1.4035
0.0960875 4.80199 -1.20054
0.0960866 4.80197 -0.99866
0.0960908 4.80202 -0.795712
0.096086 4.80197 -0.589608
0.0960779 4.8018 -0.378219
0.0960767 4.8012 -0.158562
0.0960841 5.02129 -2.04091
0.0960748 5.02137 -1.82109
0.0960766 5.02142 -1.60965
0.096078 5.02137 -1.40351
0.0960772 5.02134 -1.20054
0.0960761 5.02127 -0.99866
0.0960768 5.02122 -0.795711
0.096077 5.02134 -0.589597
0.0960729 5.02132 -0.3782
0.0960647 5.02057 -0.158478
0.296909 3.13985 -2.04028
0.298244 3.13983 -1.82081
0.299019 3.13994 -1.60949
0.299019 3.14008 -1.40341
0.299013 3.14016 -1.20047
0.299004 3.14026 -0.99862
0.298987 3.1404 -0.79573
0.298976 3.14046 -0.589754
0.298964 3.14055 -0.378672
0.298952 3.1401 -0.160104
0.298265 3.35911 -2.0404
0.298996 3.35938 -1.82083
0.299023 3.35945 -1.6095
0.299023 3.35952 -1.40343
0.299015 3.35954 -1.20051
0.299013 3.35955 -0.998647
0.299014 3.35955 -0.795738
0.299005 3.35953 -0.589721
0.298989 3.3594 -0.37854
0.298976 3.35875 -0.159665
0.299039 3.5705 -2.04051
0.299034 3.57083 -1.82087
0.299034 3.57085 -1.60953
0.299031 3.57087 -1.40344
0.299024 3.57086 -1.20052
0.299021 3.57086 -0.998657
0.299015 3.57085 -0.795739
0.299016 3.57084 -0.589697
0.299007 3.57074 -0.378462
0.298999 3.56999 -0.159367
0.299049 3.77662 -2.04058
0.299044 3.77694 -1.8209
0.299043 3.77695 -1.60957
0.299038 3.7769 -1.40347
0.299034 3.77696 -1.20054
0.299027 3.77695 -0.998686
0.299025 3.77687 -0.795758
0.299024 3.77691 -0.5897
0.299014 3.77681 -0.378432
0.299001 3.77607 -0.159156
0.299047 3.97953 -2.04065
0.29905 3.97986 -1.82096
0.299047 3.97988 -1.60958
0.299048 3.97987 -1.40349
0.299043 3.97988 -1.20054
0.299039 3.97988 -0.998675
0.299035 3.97984 -0.79575
0.29903 3.97986 -0.589675
0.299024 3.97979 -0.378364
0.299008 3.97902 -0.158985
0.29905 4.18143 -2.04076
0.299048 4.18175 -1.821
0.299051 4.18174 -1.60959
0.299048 4.18176 -1.40348
0.299046 4.18175 -1.20054
0.299044 4.18174 -0.99866
0.299043 4.18166 -0.795721
0.29904 4.18176 -0.589648
0.299035 4.18171 -0.37831
0.29902 4.18094 -0.158827
0.299051 4.38439 -2.04088
0.299049 4.38468 -1.82105
0.299048 4.38472 -1.60963
0.299053 4.38474 -1.40351
0.29905 4.38468 -1.20055
0.299047 4.38468 -0.998673
0.299047 4.3846 -0.795727
0.299047 4.38474 -0.589647
0.299043 4.38467 -0.378287
0.299031 4.38392 -0.15872
0.299048 4.59035 -2.04088
0.299048 4.59066 -1.82104
0.299051 4.59076 -1.60962
0.29905 4.59079 -1.40349
0.299052 4.59074 -1.20053
0.299052 4.59072 -0.998661
0.29905 4.59067 -0.795718
0.299049 4.59079 -0.589623
0.299045 4.59069 -0.37825
0.299038 4.58997 -0.158625
0.299044 4.80164 -2.0409
0.299041 4.80189 -1.82107
0.299048 4.80202 -1.60963
0.299052 4.80204 -1.4035
0.299051 4.80204 -1.20054
0.299049 4.80202 -0.998657
0.299053 4.80198 -0.795709
0.299047 4.80205 -0.589606
0.29904 4.80193 -0.378211
0.299039 4.80121 -0.158535
0.299052 5.02127 -2.04093
0.299044 5.02146 -1.8211
0.299041 5.02147 -1.60966
0.299044 5.02142 -1.40352
0.299042 5.02137 -1.20055
0.299039 5.02133 -0.998662
0.29904 5.02132 -0.795712
0.299042 5.02138 -0.589586
0.299042 5.02142 -0.378184
0.299038 5.02063 -0.158483
0.500095 3.13985 -2.04029
0.500598 3.1398 -1.82082
0.500869 3.13995 -1.6095
0.50087 3.14003 -1.40344
0.500861 3.14009 -1.20049
0.500846 3.14023 -0.998635
0.500829 3.14038 -0.795739
0.50081 3.14042 -0.589757
0.50079 3.1404 -0.378661
0.500772 3.14007 -0.160008
0.500708 3.35916 -2.04043
0.500884 3.35929 -1.82085
0.50089 3.35939 -1.60951
0.500886 3.35942 -1.40344
0.500875 3.35943 -1.20051
0.500873 3.35943 -0.998651
0.500867 3.35945 -0.79574
0.500857 3.35942 -0.589715
0.500836 3.35929 -0.378518
0.500821 3.35873 -0.159584
0.500914 3.57054 -2.04052
0.500912 3.57067 -1.82087
0.500916 3.57072 -1.60954
0.500905 3.57072 -1.40345
0.500889 3.57072 -1.20052
0.500883 3.57071 -0.998665
0.500878 3.57075 -0.79575
0.500875 3.5707 -0.589702
0.500863 3.57061 -0.378456
0.500852 3.56996 -0.159321
0.500933 3.77666 -2.0406
0.500932 3.77677 -1.82093
0.500927 3.7768 -1.60958
0.500916 3.77678 -1.40349
0.500912 3.7768 -1.20055
0.500902 3.77677 -0.998692
0.500892 3.77676 -0.795768
0.500886 3.77675 -0.589715
0.50088 3.7767 -0.37844
0.500862 3.77597 -0.159127
0.500933 3.97962 -2.04068
0.50094 3.97971 -1.82099
0.500937 3.97974 -1.6096
0.500936 3.97972 -1.4035
0.500926 3.97973 -1.20054
0.50092 3.97972 -0.998678
0.500914 3.97971 -0.795749
0.500906 3.97968 -0.589668
0.500896 3.97961 -0.378345
0.500875 3.97897 -0.158948
0.500938 4.18148 -2.04075
0.50094 4.18163 -1.821
0.500943 4.18163 -1.60959
0.500937 4.18162 -1.40348
0.500937 4.18162 -1.20053
0.500931 4.18161 -0.998663
0.500926 4.18161 -0.795726
0.50092 4.18161 -0.589654
0.500914 4.18153 -0.378308
0.500899 4.18087 -0.158814
0.500941 4.38443 -2.04089
0.500944 4.38461 -1.82107
0.500943 4.38459 -1.60965
0.500947 4.38459 -1.40353
0.500942 4.38457 -1.20057
0.50094 4.38456 -0.998682
0.500939 4.38456 -0.795737
0.500937 4.38461 -0.589659
0.500931 4.38451 -0.378295
0.500919 4.38388 -0.158713
0.500937 4.59039 -2.0409
0.500941 4.59064 -1.82105
0.500944 4.59073 -1.60963
0.500944 4.59073 -1.4035
0.500945 4.59068 -1.20053
0.500947 4.59065 -0.998662
0.500943 4.59064 -0.79572
0.500941 4.59067 -0.589622
0.500936 4.59055 -0.378244
0.50093 4.58993 -0.158608
0.500932 4.80163 -2.04088
0.500933 4.8019 -1.82106
0.500942 4.80203 -1.60963
0.500946 4.80205 -1.4035
0.500945 4.80198 -1.20054
0.500945 4.80198 -0.998657
0.500949 4.802 -0.795713
0.50094 4.80199 -0.589611
0.500932 4.8018 -0.378216
0.500935 4.80121 -0.158527
0.500946 5.02128 -2.04093
0.500939 5.02137 -1.8211
0.500936 5.02143 -1.60966
0.500939 5.02139 -1.40352
0.500937 5.02136 -1.20055
0.500933 5.02128 -0.998668
0.500936 5.0213 -0.795717
0.500935 5.02135 -0.589595
0.500939 5.02134 -0.378195
0.500936 5.02061 -0.158476
0.703638 3.13985 -2.04034
0.703756 3.13977 -1.82086
0.703799 3.13989 -1.60952
0.703795 3.14002 -1.40344
0.703775 3.14009 -1.2005
0.703764 3.14016 -0.998643
0.703746 3.14028 -0.795741
0.703732 3.14039 -0.589745
0.70371 3.14038 -0.378625
0.70368 3.1399 -0.159883
0.703816 3.3591 -2.04045
0.703845 3.35935 -1.82085
0.703837 3.35945 -1.60952
0.703825 3.35951 -1.40344
0.703811 3.35957 -1.20051
0.703798 3.35955 -0.998644
0.703788 3.35954 -0.795729
0.703778 3.35954 -0.589693
0.703765 3.35938 -0.37849
0.70375 3.3587 -0.159508
0.70387 3.5705 -2.04055
0.70387 3.57082 -1.82087
0.703868 3.57089 -1.60955
0.703855 3.57089 -1.40346
0.70383 3.57092 -1.20053
0.703819 3.57091 -0.998663
0.703819 3.57089 -0.79574
0.703805 3.57088 -0.589675
0.703795 3.57073 -0.378412
0.703769 3.56996 -0.159256
0.703885 3.77661 -2.0406
0.703889 3.77696 -1.8209
0.703883 3.77698 -1.60956
0.70387 3.77698 -1.40348
0.703862 3.77699 -1.20055
0.703851 3.777 -0.998677
0.703835 3.77698 -0.795751
0.703822 3.77696 -0.589678
0.703821 3.77684 -0.378394
0.703799 3.77604 -0.159086
0.703882 3.97958 -2.04068
0.7039 3.97985 -1.82097
0.703898 3.9799 -1.6096
0.70389 3.97993 -1.40349
0.703879 3.97993 -1.20055
0.703872 3.97992 -0.998674
0.703868 3.97992 -0.795743
0.703859 3.97988 -0.589648
0.703844 3.97982 -0.378319
0.703818 3.97897 -0.15892
0.703888 4.18145 -2.04084
0.703896 4.18176 -1.82102
0.703909 4.18181 -1.60961
0.703893 4.18176 -1.40349
0.703893 4.18183 -1.20054
0.70389 4.18181 -0.998663
0.703885 4.18175 -0.795718
0.703874 4.18179 -0.589623
0.703869 4.18171 -0.378275
0.703849 4.18087 -0.158785
0.703896 4.38439 -2.0409
0.703904 4.38472 -1.82106
0.703902 4.3848 -1.60964
0.703907 4.38475 -1.40351
0.703904 4.38481 -1.20055
0.703897 4.38477 -0.998665
0.703898 4.38469 -0.795716
0.703897 4.38477 -0.589618
0.703891 4.38468 -0.378249
0.703873 4.38385 -0.15868
0.703892 4.59036 -2.04088
0.703905 4.59067 -1.82104
0.703907 4.59083 -1.60963
0.7039 4.59083 -1.4035
0.703905 4.59082 -1.20053
0.703906 4.59081 -0.998658
0.703905 4.59073 -0.795713
0.703903 4.59082 -0.589599
0.703903 4.59074 -0.378217
0.703899 4.58991 -0.158592
0.703892 4.80164 -2.04089
0.703896 4.80192 -1.82108
0.703909 4.80207 -1.60964
0.703905 4.80206 -1.40351
0.703904 4.80206 -1.20054
0.703905 4.80206 -0.998651
0.703914 4.80201 -0.795703
0.703903 4.80207 -0.589589
0.703899 4.80202 -0.378189
0.703905 4.8012 -0.158515
0.703896 5.02124 -2.04094
0.703904 5.02148 -1.82108
0.703904 5.02148 -1.60964
0.703907 5.02147 -1.4035
0.703906 5.02145 -1.20054
0.703902 5.02141 -0.998653
0.7039 5.02132 -0.795697
0.703899 5.02141 -0.589572
0.703902 5.02135 -0.378162
0.703905 5.0206 -0.158448
0.90987 3.13968 -2.04033
0.909876 3.13977 -1.82084
0.909872 3.13983 -1.60951
0.909868 3.13991 -1.40344
0.909837 3.13996 -1.20051
0.90982 3.14002 -0.998644
0.9098 3.14018 -0.79573
0.909773 3.14025 -0.589716
0.909733 3.14024 -0.378561
0.909712 3.1398 -0.159766
0.909936 3.35911 -2.04048
0.909943 3.35927 -1.82087
0.909942 3.35936 -1.60954
0.909915 3.35932 -1.40344
0.909892 3.35932 -1.20052
0.909876 3.35934 -0.998662
0.909857 3.35939 -0.795744
0.909845 3.35939 -0.589704
0.909812 3.35926 -0.378485
0.909796 3.35869 -0.15943
0.909979 3.57046 -2.04059
0.909989 3.57069 -1.8209
0.90998 3.57074 -1.60957
0.90997 3.57072 -1.40347
0.909937 3.57071 -1.20055
0.909918 3.57073 -0.998683
0.909903 3.57075 -0.79576
0.909889 3.5707 -0.589701
0.909867 3.5706 -0.37844
0.909832 3.56995 -0.159216
0.910017 3.77655 -2.04061
0.910016 3.77673 -1.82095
0.910004 3.77681 -1.60958
0.909995 3.77677 -1.4035
0.909975 3.77675 -1.20056
0.909966 3.77677 -0.998692
0.90994 3.77682 -0.795764
0.909927 3.77675 -0.589697
0.90991 3.77663 -0.378399
0.909881 3.77606 -0.159038
0.910015 3.9795 -2.04071
0.910029 3.97968 -1.82101
0.910035 3.97975 -1.60963
0.910026 3.97976 -1.40351
0.910007 3.97974 -1.20056
0.909996 3.97973 -0.998689
0.909985 3.97975 -0.795759
0.909976 3.9797 -0.589662
0.909959 3.9796 -0.378332
0.90991 3.97903 -0.158908
0.910022 4.1814 -2.04086
0.91003 4.18157 -1.82105
0.910046 4.18165 -1.60962
0.910037 4.18165 -1.4035
0.910034 4.18161 -1.20055
0.910026 4.1816 -0.998672
0.910008 4.18164 -0.795728
0.910003 4.18157 -0.589646
0.909993 4.18147 -0.378292
0.909957 4.18093 -0.158769
0.910026 4.38435 -2.04089
0.91003 4.38453 -1.82108
0.910041 4.38465 -1.60965
0.910047 4.38462 -1.40353
0.910042 4.3846 -1.20057
0.910036 4.38461 -0.99868
0.910034 4.38462 -0.79573
0.910037 4.38454 -0.589642
0.910022 4.38443 -0.378271
0.909992 4.38389 -0.158669
0.910023 4.59029 -2.04088
0.910041 4.59056 -1.82105
0.910048 4.59073 -1.60964
0.910046 4.59072 -1.40351
0.910047 4.59072 -1.20054
0.910049 4.59071 -0.99866
0.910046 4.59066 -0.795713
0.910046 4.59063 -0.589611
0.910037 4.59048 -0.378231
0.910022 4.58991 -0.15859
0.910014 4.80156 -2.04091
0.910023 4.80188 -1.82108
0.910042 4.80197 -1.60964
0.910049 4.80198 -1.40351
0.91005 4.80197 -1.20054
0.910047 4.80197 -0.99866
0.910052 4.80194 -0.795714
0.910044 4.80192 -0.589607
0.910015 4.80175 -0.37821
0.910036 4.80124 -0.158512
0.910036 5.02121 -2.04093
0.91004 5.02148 -1.82109
0.910033 5.02144 -1.60963
0.910043 5.02144 -1.4035
0.910043 5.02141 -1.20053
0.91004 5.02137 -0.998641
0.910041 5.02131 -0.795688
0.910029 5.02138 -0.589571
0.910035 5.02141 -0.378177
0.910035 5.02068 -0.158431
1.12121 3.1397 -2.04037
1.12122 3.13969 -1.82088
1.1212 3.13969 -1.60953
1.12117 3.13974 -1.40346
1.12112 3.13984 -1.20053
1.12108 3.13989 -0.998666
1.12107 3.13994 -0.795751
1.12104 3.1401 -0.58973
1.12099 3.14009 -0.378563
1.12095 3.13964 -0.159666
1.12132 3.35908 -2.04052
1.12131 3.3592 -1.82088
1.12127 3.35916 -1.60956
1.12123 3.35921 -1.40346
1.1212 3.35923 -1.20053
1.12118 3.35924 -0.998667
1.12115 3.35925 -0.795756
1.12111 3.35921 -0.589698
1.12108 3.35917 -0.378458
1.12107 3.35858 -0.159358
1.12138 3.57043 -2.04061
1.12137 3.5705 -1.82092
1.12137 3.57062 -1.60958
1.12133 3.57062 -1.40347
1.12129 3.57062 -1.20054
1.12126 3.57062 -0.998689
1.12123 3.57061 -0.795761
1.1212 3.57058 -0.589698
1.12118 3.57049 -0.378421
1.12114 3.56991 -0.15914
1.12145 3.77651 -2.04065
1.12143 3.77661 -1.82098
1.12141 3.77668 -1.60961
1.1214 3.77671 -1.40351
1.12136 3.7767 -1.20057
1.12134 3.7767 -0.998699
1.1213 3.77669 -0.795768
1.12128 3.77664 -0.589699
1.12125 3.77659 -0.378385
1.12121 3.77596 -0.158982
1.12144 3.97946 -2.04076
1.12145 3.97957 -1.82103
1.12146 3.97962 -1.60963
1.12146 3.97965 -1.40351
1.12142 3.97965 -1.20055
1.1214 3.97965 -0.998686
1.12138 3.97964 -0.795744
1.12135 3.97959 -0.589656
1.12132 3.97954 -0.378313
1.12127 3.97895 -0.158841
1.12145 4.18135 -2.04089
1.12146 4.18147 -1.82106
1.12148 4.1815 -1.60963
1.12148 4.18153 -1.40351
1.12147 4.18153 -1.20055
1.12146 4.18153 -0.998673
1.12142 4.18148 -0.795728
1.12141 4.18147 -0.589643
1.12139 4.18143 -0.378284
1.12134 4.18087 -0.158725
1.12146 4.38428 -2.04089
1.12146 4.38443 -1.82106
1.12147 4.38451 -1.60963
1.12149 4.38454 -1.4035
1.12149 4.38454 -1.20054
1.12148 4.38454 -0.99866
1.12147 4.38445 -0.795722
1.12147 4.38444 -0.589633
1.12145 4.38438 -0.378264
1.1214 4.38385 -0.158629
1.12147 4.59023 -2.0409
1.12146 4.5904 -1.82107
1.12147 4.59058 -1.60965
1.12148 4.59061 -1.40351
1.12149 4.5906 -1.20054
1.12149 4.5906 -0.998655
1.12149 4.59052 -0.795713
1.12149 4.59052 -0.589614
1.12148 4.59046 -0.378223
1.12146 4.58992 -0.15855
1.12146 4.80152 -2.04089
1.12147 4.80173 -1.82107
1.1215 4.80189 -1.60964
1.12149 4.80188 -1.40351
1.12149 4.80189 -1.20054
1.12148 4.80189 -0.99866
1.12149 4.80187 -0.795716
1.12149 4.80186 -0.589605
1.12146 4.80172 -0.378201
1.12148 4.80118 -0.158482
1.12149 5.02121 -2.04093
1.12148 5.02138 -1.82109
1.12149 5.02144 -1.60964
1.12149 5.02139 -1.4035
1.12148 5.02136 -1.20054
1.12148 5.02133 -0.998641
1.12148 5.02133 -0.795688
1.12149 5.02136 -0.589564
1.12148 5.02126 -0.378166
1.1215 5.02061 -0.158425
1.34072 3.13896 -2.0404
1.34073 3.13903 -1.82086
1.34066 3.13908 -1.60954
1.34058 3.13909 -1.40345
1.34049 3.13921 -1.20051
1.34035 3.13924 -0.998648
1.34028 3.1393 -0.795732
1.34021 3.13937 -0.589704
1.34013 3.13943 -0.378516
1.33997 3.13886 -0.159595
1.34094 3.35844 -2.04055
1.34092 3.35849 -1.82088
1.34081 3.35853 -1.60957
1.34075 3.35853 -1.40346
1.34067 3.35858 -1.20054
1.34059 3.3586 -0.998671
1.34056 3.35855 -0.795755
1.34047 3.35853 -0.589698
1.34032 3.35848 -0.378441
1.34024 3.35785 -0.159303
1.34106 3.56981 -2.04063
1.34105 3.56987 -1.82094
1.34098 3.56989 -1.60958
1.34091 3.56992 -1.40348
1.3408 3.56994 -1.20056
1.34075 3.56994 -0.99869
1.34068 3.56992 -0.795759
1.34061 3.56985 -0.589688
1.34057 3.56978 -0.37841
1.34048 3.56913 -0.159113
1.34117 3.77589 -2.04068
1.34117 3.77595 -1.82101
1.34111 3.77601 -1.60963
1.34105 3.77602 -1.40351
1.34097 3.77601 -1.20055
1.34091 3.77601 -0.998687
1.34081 3.77601 -0.795755
1.34076 3.77596 -0.589672
1.34071 3.77583 -0.378358
1.34063 3.77521 -0.158956
1.34119 3.97882 -2.04074
1.3412 3.97893 -1.82102
1.34118 3.97897 -1.60961
1.34116 3.97896 -1.40349
1.34111 3.97897 -1.20053
1.34105 3.97897 -0.998659
1.34099 3.979 -0.79572
1.34093 3.97894 -0.58964
1.34086 3.97877 -0.378299
1.34078 3.97821 -0.158826
1.34122 4.18072 -2.04088
1.34121 4.18081 -1.82107
1.34121 4.18089 -1.60964
1.3412 4.18088 -1.40352
1.34118 4.18083 -1.20056
1.34117 4.18083 -0.998673
1.34112 4.18089 -0.795722
1.34108 4.18085 -0.589635
1.34104 4.18066 -0.378265
1.34094 4.18011 -0.158706
1.34122 4.38366 -2.04092
1.34122 4.38377 -1.82109
1.34122 4.38386 -1.60966
1.34121 4.38386 -1.40352
1.34121 4.38378 -1.20054
1.34121 4.38376 -0.998662
1.34118 4.38384 -0.795719
1.34118 4.38384 -0.589622
1.34115 4.38363 -0.378248
1.34108 4.38308 -0.158618
1.34123 4.58962 -2.04091
1.34124 4.58978 -1.82108
1.34123 4.58987 -1.60966
1.34122 4.58991 -1.40352
1.34122 4.58984 -1.20054
1.34122 4.58983 -0.998656
1.34122 4.5899 -0.795717
1.34122 4.58989 -0.589607
1.34119 4.58971 -0.378211
1.3412 4.58915 -0.158534
1.34128 4.8009 -2.04094
1.34127 4.80106 -1.8211
1.34126 4.80117 -1.60965
1.34124 4.80117 -1.40352
1.34123 4.80114 -1.20055
1.34123 4.80114 -0.998659
1.34122 4.80117 -0.795714
1.34123 4.80123 -0.589594
1.34122 4.80098 -0.378187
1.34123 4.80051 -0.15847
1.34132 5.02047 -2.04096
1.34131 5.0207 -1.82111
1.3413 5.02068 -1.60965
1.34128 5.02064 -1.4035
1.34126 5.0206 -1.20054
1.34125 5.02056 -0.998643
1.34125 5.02052 -0.795684
1.34125 5.02063 -0.58957
1.34125 5.02051 -0.378151
1.34128 5.01989 -0.158402
