1000 0.1
1.86228 0.15001 -0.00116011
-2.67684 0.15001 0.956393
-2.49969 0.15001 -2.29986
-2.32588 0.15001 -2.40358
-2.84536 0.15001 -0.526853
2.84999 0.15001 1.33007
1.46994 0.15001 1.97367
-1.561 0.15001 1.61871
-1.48032 0.15001 -0.711154
-0.679769 0.15001 0.0533917
-2.66964 0.15001 2.33328
0.558265 0.15001 2.84999
-0.279217 0.15001 1.44902
2.84999 0.15001 0.570274
-0.765859 0.15001 1.62106
-0.24461 0.15001 -1.97021
-0.351149 0.15001 -1.10531
0.168188 0.15001 -1.26109
-0.953553 0.15001 0.576123
-0.141573 0.15001 1.31771
-2.14631 0.15001 -1.9166
-2.84701 0.15001 -2.09175
-0.658648 0.15001 -0.747461
-1.75924 0.15001 -2.49924
-1.35866 0.15001 -2.14386
2.52064 0.15001 0.569536
-2.67546 0.15001 -1.80242
-0.446744 0.15001 -2.6743
-2.49996 0.15001 0.459043
-1.6654 0.15001 1.444
-2.13888 0.15001 -0.983265
0.207177 0.15001 -0.414271
-1.92573 0.15001 -0.427482
-1.96612 0.15001 -1.46644
0.646479 0.15001 -2.84196
-2.33087 0.15001 -1.00715
0.549927 0.15001 -0.986701
-1.46471 0.15001 -1.25997
-1.16506 0.15001 0.914735
-2.84846 0.15001 0.0604109
-0.142913 0.15001 -2.49755
-1.68128 0.15001 -0.736711
-0.281091 0.15001 -0.925586
0.753716 0.15001 -2.3134
-0.037951 0.15001 -1.61734
-0.750686 0.15001 -2.14533
0.255422 0.15001 2.67683
-0.237001 0.15001 2.84999
-1.20833 0.15001 -0.498399
-2.67521 0.15001 1.94048
-1.55334 0.15001 -1.79491
-2.49703 0.15001 -1.50642
-1.15118 0.15001 0.563764
-1.36845 0.15001 -1.0792
-1.02494 0.15001 2.84999
-1.83264 0.15001 2.15325
-2.67413 0.15001 1.74374
-2.84999 0.15001 2.42168
-2.32168 0.15001 1.35312
0.872162 0.15001 1.50696
-0.542563 0.15001 -1.11722
1.44 0.15001 -2.49275
-1.3591 0.15001 -0.877728
-0.97383 0.15001 -0.821911
-0.568088 0.15001 0.927971
-1.30184 0.15001 0.195132
0.0439509 0.15001 -0.712727
-1.75718 0.15001 0.482753
-2.67421 0.15001 2.13735
-2.84999 0.15001 0.857784
-2.67223 0.15001 -2.60024
-2.84999 0.15001 -1.50187
-2.68018 0.15001 -0.0385654
1.03811 0.15001 0.834395
2.84999 0.15001 0.193787
-2.67357 0.15001 1.35
-2.84999 0.15001 1.44769
-2.84999 0.15001 0.254729
-1.46567 0.15001 1.44052
-0.754826 0.15001 1.97528
-2.67615 0.15001 -2.19237
-2.1676 0.15001 -2.84999
-1.15758 0.15001 -1.06861
-2.50282 0.15001 -0.331333
-0.637664 0.15001 2.4968
-2.84999 0.15001 2.61325
-2.16117 0.15001 0.862119
-2.84999 0.15001 2.03528
-2.32846 0.15001 2.13613
-0.651122 0.15001 2.14649
-0.137278 0.15001 -1.44387
-2.67736 0.15001 -0.817886
-2.4982 0.15001 -2.50236
-1.05749 0.15001 -1.25458
-2.50651 0.15001 0.0642674
-1.97078 0.15001 -0.065319
-1.76408 0.15001 1.27564
-2.32596 0.15001 1.15245
0.356259 0.15001 2.84999
-2.31832 0.15001 1.74833
-1.25331 0.15001 -2.32011
-0.165297 0.15001 1.97414
-2.3261 0.15001 -1.61179
2.68091 0.15001 2.0101
1.53044 0.15001 1.3148
-0.96369 0.15001 1.61939
1.8079 0.15001 -1.87731
-0.548048 0.15001 -2.49921
1.69674 0.15001 -0.286132
2.35361 0.15001 -1.02851
2.35579 0.15001 -2.7617
0.0506002 0.15001 -0.905723
-1.58478 0.15001 -1.09373
-0.138173 0.15001 -0.229334
0.386116 0.15001 -1.08754
-2.67686 0.15001 -0.625849
-0.345249 0.15001 -2.49828
-2.67198 0.15001 -2.3972
-0.434028 0.15001 2.84999
-2.67851 0.15001 -0.233848
-1.65691 0.15001 -2.6745
2.189 0.15001 1.13482
0.360173 0.15001 -1.96522
-1.72865 0.15001 -0.392618
-2.11829 0.15001 0.0733009
-0.142837 0.15001 2.66825
-1.65102 0.15001 -1.97879
0.543386 0.15001 -0.404827
-0.137043 0.15001 0.738576
0.707532 0.15001 0.641746
-2.31583 0.15001 -1.40355
-0.238023 0.15001 -1.26881
0.551142 0.15001 -1.19121
-2.32365 0.15001 -2.00789
-2.84999 0.15001 -2.6653
-0.651435 0.15001 -2.67579
0.727425 0.15001 -1.27532
-1.77973 0.15001 0.882592
-1.56909 0.15001 0.911242
-2.84999 0.15001 1.64374
-1.15319 0.15001 -1.78446
-0.649929 0.15001 -1.96907
-0.754618 0.15001 -1.44202
-2.67855 0.15001 -1.01095
-0.641119 0.15001 0.444075
1.36883 0.15001 0.273206
-1.57045 0.15001 1.26566
-1.25657 0.15001 1.7949
-2.84999 0.15001 2.22944
-1.80417 0.15001 0.296608
0.213494 0.15001 -0.803133
-2.33154 0.15001 -2.60223
0.0328555 0.15001 -0.129346
0.708602 0.15001 -0.116102
1.36761 0.15001 -0.481262
1.56094 0.15001 2.49668
-0.535002 0.15001 2.67294
-1.99989 0.15001 2.84999
-2.67977 0.15001 0.159162
-1.95856 0.15001 1.62517
-0.854641 0.15001 -1.61381
-2.84999 0.15001 -2.47821
-1.5548 0.15001 -2.84999
-1.96798 0.15001 -1.81347
-0.474827 0.15001 -0.6368
-0.800381 0.15001 -0.902971
-2.32997 0.15001 0.557731
-1.65614 0.15001 -2.32404
-0.833702 0.15001 0.404657
-2.84999 0.15001 2.84999
-0.847997 0.15001 -2.67663
1.368 0.15001 -0.292424
-2.15128 0.15001 1.25875
-1.40557 0.15001 -0.524388
-2.69944 0.15001 2.7212
-2.10766 0.15001 1.84007
-2.12404 0.15001 -0.449495
-2.50823 0.15001 2.65388
-0.669345 0.15001 1.44644
-1.62532 0.15001 2.49754
-1.35118 0.15001 -2.84999
-0.141271 0.15001 -0.0349808
-2.84999 0.15001 -0.719781
-1.28103 0.15001 -0.689464
0.216795 0.15001 -0.998813
0.7113 0.15001 -0.688116
-1.65995 0.15001 -1.62393
-2.32702 0.15001 1.94293
-2.67666 0.15001 0.761766
-1.80722 0.15001 2.84999
-1.3513 0.15001 0.542056
0.264413 0.15001 -1.44264
-2.84999 0.15001 -0.916499
-2.84999 0.15001 -0.134045
-1.45668 0.15001 -2.31907
0.199183 0.15001 1.1269
-2.66882 0.15001 2.52776
-2.1583 0.15001 0.658395
-2.31859 0.15001 2.32794
0.208406 0.15001 1.91569
-0.75021 0.15001 -2.50318
-1.9434 0.15001 -0.958935
1.36339 0.15001 1.60188
1.53344 0.15001 0.370242
0.188871 0.15001 1.71869
-0.242728 0.15001 2.49522
-0.547006 0.15001 -1.44885
2.35418 0.15001 1.04141
1.36838 0.15001 0.649729
2.34577 0.15001 1.81609
1.69622 0.15001 -1.22929
-1.14835 0.15001 -2.84999
-1.16457 0.15001 -0.861819
-0.444315 0.15001 -1.62089
-1.05122 0.15001 -2.32115
-0.442585 0.15001 -1.28011
-0.946268 0.15001 -2.84999
-1.74886 0.15001 -0.921815
-2.67771 0.15001 -1.99596
-2.6723 0.15001 1.54757
-2.84999 0.15001 -1.70248
-2.49992 0.15001 -1.90462
2.18705 0.15001 1.32684
-0.462563 0.15001 1.79903
-2.49971 0.15001 1.84419
-1.96422 0.15001 -2.49685
-2.5032 0.15001 0.660049
-1.52032 0.15001 2.67286
0.461219 0.15001 2.33668
-0.370061 0.15001 1.62429
-1.86144 0.15001 -2.67385
-2.67511 0.15001 1.15026
-1.25689 0.15001 -1.25671
0.029884 0.15001 1.22467
0.875267 0.15001 -0.587449
-2.00858 0.15001 -0.60778
-0.846748 0.15001 2.14607
-2.09172 0.15001 -0.787581
-1.76045 0.15001 1.62528
-2.84999 0.15001 0.456961
-0.852713 0.15001 -1.96661
0.836985 0.15001 -2.84999
-2.67772 0.15001 -0.427946
0.535321 0.15001 1.50915
1.20376 0.15001 0.552917
-1.01217 0.15001 -0.472689
2.02129 0.15001 1.42125
2.35624 0.15001 0.474291
-2.15902 0.15001 0.26426
-1.61313 0.15001 2.84999
-2.49945 0.15001 -2.70194
-0.611483 0.15001 -0.942351
-1.04458 0.15001 -2.67576
1.54711 0.15001 -2.31766
0.462414 0.15001 -1.78984
-0.337211 0.15001 1.24687
-1.33516 0.15001 2.31675
-2.32991 0.15001 0.958778
-0.304363 0.15001 0.840246
-2.56806 0.15001 2.84999
-1.57161 0.15001 -0.0155682
0.0352661 0.15001 -0.322609
-1.99028 0.15001 0.759728
-0.309026 0.15001 -0.331027
-2.494 0.15001 2.23962
-2.33611 0.15001 -0.0345463
-2.02297 0.15001 2.16489
-1.91919 0.15001 2.66949
-1.72036 0.15001 2.67222
0.0545859 0.15001 2.67672
1.03436 0.15001 -2.84999
2.35287 0.15001 1.23235
-2.16252 0.15001 -2.50734
0.863284 0.15001 -1.78536
1.20379 0.15001 -0.201238
-2.33145 0.15001 0.762728
0.871444 0.15001 1.12039
-1.43913 0.15001 2.14551
-0.040594 0.15001 2.84999
-0.478526 0.15001 1.09872
-0.546963 0.15001 -2.84999
-1.4529 0.15001 -2.6744
-1.86753 0.15001 -1.63732
1.36774 0.15001 2.49721
-2.49809 0.15001 -0.722884
-1.91784 0.15001 0.138603
0.709948 0.15001 -0.496227
-1.88229 0.15001 -1.28977
-2.07875 0.15001 1.45407
1.84116 0.15001 1.91126
-2.64247 0.15001 -2.84997
0.363515 0.15001 -1.61591
-1.07107 0.15001 1.08966
1.15684 0.15001 -1.95929
0.257944 0.15001 -2.50077
-0.134512 0.15001 -0.4247
-1.17793 0.15001 0.033651
-2.15213 0.15001 1.05888
-1.42693 0.15001 2.4957
-1.67108 0.15001 1.0922
-0.749135 0.15001 -2.84999
2.67927 0.15001 2.20912
-2.49649 0.15001 -2.1006
2.685 0.15001 0.853725
-2.04231 0.15001 -0.26904
-0.0571545 0.15001 2.14692
1.8616 0.15001 -0.189288
0.35548 0.15001 2.50536
2.68348 0.15001 1.42606
1.69792 0.15001 0.0905813
0.762742 0.15001 2.84999
-0.850331 0.15001 -2.32307
-0.239987 0.15001 -1.62044
-2.15288 0.15001 -1.51889
-2.84999 0.15001 -2.84999
-1.2496 0.15001 -0.14841
1.86046 0.15001 -1.31643
-1.1057 0.15001 0.214173
-1.8627 0.15001 1.45029
-1.63781 0.15001 0.723313
-0.947273 0.15001 -2.50301
-0.738631 0.15001 -1.09555
2.18991 0.15001 -0.560464
-2.3291 0.15001 0.361384
-0.657003 0.15001 -0.341449
-1.36142 0.15001 1.61717
-1.06734 0.15001 1.44227
-1.65743 0.15001 1.79746
0.382822 0.15001 -0.892935
-0.868138 0.15001 1.44388
-2.32166 0.15001 -0.44581
0.0503582 0.15001 -1.09713
1.20882 0.15001 -1.15241
1.52204 0.15001 1.70316
-2.16025 0.15001 2.03796
-1.8667 0.15001 1.8028
1.13982 0.15001 -2.66955
-2.49692 0.15001 1.45064
-0.0426576 0.15001 -1.96896
-0.968913 0.15001 0.92319
-2.84685 0.15001 -1.10865
-0.243451 0.15001 -2.67389
1.5323 0.15001 -0.950411
1.854 0.15001 2.33027
2.02726 0.15001 0.471121
2.0036 0.15001 2.01284
1.69812 0.15001 0.278789
0.20456 0.15001 0.352891
-0.968774 0.15001 1.26814
0.881885 0.15001 1.90881
-2.50175 0.15001 -1.70836
2.19161 0.15001 0.00237976
0.0577132 0.15001 -2.14393
-0.0387331 0.15001 -1.26941
-1.0544 0.15001 -1.95959
2.04329 0.15001 2.67715
-1.63348 0.15001 2.14885
0.964026 0.15001 2.84999
-0.732497 0.15001 2.67311
2.02393 0.15001 1.22822
1.24284 0.15001 -2.49141
-1.79914 0.15001 -1.11146
1.20363 0.15001 -0.579318
1.20127 0.15001 1.50495
-1.77434 0.15001 -0.0401944
-1.25103 0.15001 -1.95965
0.0353133 0.15001 0.834566
-2.49853 0.15001 1.25286
2.84999 0.15001 2.50415
0.246283 0.15001 2.33978
1.05297 0.15001 -2.13506
2.19102 0.15001 -0.18549
-0.14207 0.15001 -2.84999
-0.345821 0.15001 -2.14634
-1.55502 0.15001 -2.49891
-2.49893 0.15001 0.262741
0.763781 0.15001 2.5052
-2.84999 0.15001 1.25063
-0.631836 0.15001 2.84999
0.0343409 0.15001 0.448807
-0.0425955 0.15001 -2.3207
0.2104 0.15001 -0.607801
1.62096 0.15001 -2.84999
-1.45603 0.15001 1.79425
-0.938959 0.15001 2.31704
-2.02 0.15001 2.49877
-1.97934 0.15001 0.552552
-1.15578 0.15001 -1.43117
-1.26786 0.15001 1.08295
-2.84999 0.15001 1.83972
-2.21457 0.15001 -0.627158
0.368979 0.15001 -1.27746
-1.03109 0.15001 0.394694
0.203881 0.15001 -0.0302612
1.06404 0.15001 -1.78238
2.19187 0.15001 0.378723
-1.98002 0.15001 0.954457
1.03947 0.15001 0.0787561
-1.41724 0.15001 2.84999
2.02555 0.15001 1.03739
0.158932 0.15001 -1.9673
2.44154 0.15001 2.68153
0.373965 0.15001 0.640422
0.766249 0.15001 2.17254
1.5333 0.15001 0.558353
0.382447 0.15001 1.99762
-1.03139 0.15001 2.4948
-1.08366 0.15001 -0.659136
-0.252785 0.15001 2.14831
1.84962 0.15001 1.71207
1.61923 0.15001 -1.9395
-1.76478 0.15001 -1.4543
-2.49257 0.15001 -1.30803
-1.80853 0.15001 -0.583428
-1.2493 0.15001 -2.67418
-1.75784 0.15001 -1.80529
2.18913 0.15001 -1.12392
0.0653138 0.15001 -1.43957
-0.0632541 0.15001 1.79355
-0.0482893 0.15001 2.49394
-2.50078 0.15001 -0.528253
-1.75869 0.15001 -2.84999
0.0582709 0.15001 -2.49738
-0.483379 0.15001 -0.237663
-0.147615 0.15001 -1.08039
0.963255 0.15001 2.15563
0.561031 0.15001 2.50742
-1.42443 0.15001 0.35942
-1.84773 0.15001 -0.230302
0.541864 0.15001 0.355199
-2.11852 0.15001 -1.32257
-1.752 0.15001 -2.1513
0.455304 0.15001 -2.84999
0.258447 0.15001 -2.14271
-2.84999 0.15001 -2.28295
2.1904 0.15001 -0.373091
2.84999 0.15001 -1.88464
0.848457 0.15001 -2.49095
-1.24387 0.15001 2.14328
0.88331 0.15001 -1.16463
-1.95937 0.15001 -2.15255
1.20409 0.15001 0.364446
1.82233 0.15001 2.12103
2.35506 0.15001 0.851768
0.87373 0.15001 0.548391
0.542564 0.15001 1.89743
2.64698 0.15001 2.66424
0.363767 0.15001 1.61009
1.26359 0.15001 1.97648
0.194384 0.15001 1.32115
1.79248 0.15001 -2.27971
2.52106 0.15001 0.192894
2.02516 0.15001 -0.843626
1.86065 0.15001 -1.12833
-1.64916 0.15001 -0.202545
-0.764558 0.15001 0.928343
-1.22872 0.15001 2.49577
2.68233 0.15001 1.81551
1.03847 0.15001 1.60196
-0.437186 0.15001 2.49634
1.35361 0.15001 -1.96774
-1.32682 0.15001 -0.336028
0.0600802 0.15001 -1.79243
-0.446717 0.15001 -2.3227
-1.14957 0.15001 -2.49837
-1.55967 0.15001 -1.4413
-0.828909 0.15001 2.84999
-1.82468 0.15001 2.49787
-0.472182 0.15001 1.44851
0.203272 0.15001 0.930867
1.53189 0.15001 -0.760975
-0.128115 0.15001 -0.620759
-1.86204 0.15001 -2.32516
-0.343604 0.15001 2.32204
2.35113 0.15001 1.42504
-0.118781 0.15001 -0.820742
0.374179 0.15001 0.449966
-1.53023 0.15001 2.31932
2.14366 0.15001 2.84999
1.16219 0.15001 2.84999
0.959803 0.15001 -1.95821
0.0330343 0.15001 0.255754
-0.548162 0.15001 -1.79435
-1.44986 0.15001 -0.177036
-1.45181 0.15001 -1.96826
-1.60609 0.15001 -0.550895
-1.55109 0.15001 0.526845
-1.7523 0.15001 1.97353
-2.19115 0.15001 2.84999
-1.12459 0.15001 2.6726
0.709048 0.15001 -0.305726
-0.946284 0.15001 -1.05838
0.539196 0.15001 0.928301
-0.307999 0.15001 0.646991
1.04532 0.15001 -1.44361
-0.928724 0.15001 2.67243
-0.959853 0.15001 -1.4333
-1.98388 0.15001 0.352706
-2.48297 0.15001 2.44839
-1.05694 0.15001 1.79533
1.86276 0.15001 0.375081
0.875125 0.15001 1.70181
0.0224748 0.15001 1.61595
2.68129 0.15001 2.4082
2.50806 0.15001 2.31007
2.49752 0.15001 -2.27455
-1.16228 0.15001 1.61872
-1.46877 0.15001 1.08593
1.53345 0.15001 0.182009
-0.743999 0.15001 2.318
-0.649254 0.15001 -2.32337
-2.06569 0.15001 -2.6779
-0.292987 0.15001 -0.725494
-2.02176 0.15001 -1.14644
-2.36799 0.15001 -2.84999
-0.548339 0.15001 -2.14648
-1.9623 0.15001 -2.84999
-2.49923 0.15001 2.04212
2.19029 0.15001 0.944756
0.708598 0.15001 0.262256
1.36953 0.15001 -1.05106
2.18957 0.15001 -0.93568
-1.67427 0.15001 -1.27354
1.34702 0.15001 -2.31521
2.52095 0.15001 0.381134
-0.661534 0.15001 1.79875
-2.49734 0.15001 -1.11306
-1.86539 0.15001 1.11015
-0.656494 0.15001 0.249943
-0.759328 0.15001 0.592033
-2.16284 0.15001 -0.119431
-2.67552 0.15001 0.35879
-0.244306 0.15001 -2.32186
2.49868 0.15001 -2.46381
-2.31957 0.15001 -0.242971
-0.75291 0.15001 -1.79188
-2.28594 0.15001 -1.20249
0.874307 0.15001 -0.018554
2.35577 0.15001 0.662797
1.03916 0.15001 0.456071
-0.141492 0.15001 -1.79432
1.36645 0.15001 1.21739
2.34319 0.15001 2.01357
1.69809 0.15001 0.466904
1.66722 0.15001 1.99648
0.192915 0.15001 1.51762
0.708553 0.15001 0.0730684
2.33279 0.15001 2.42431
0.710896 0.15001 1.80011
-0.138368 0.15001 0.546871
-0.650385 0.15001 -1.61912
2.51636 0.15001 1.52302
1.94534 0.15001 2.84999
0.763679 0.15001 -1.612
1.8605 0.15001 -0.752838
1.20874 0.15001 -1.5486
2.84999 0.15001 2.1097
1.20353 0.15001 -0.390146
2.16567 0.15001 2.3119
0.033624 0.15001 1.03109
0.0593607 0.15001 -2.84999
0.357105 0.15001 -2.31979
0.261337 0.15001 -1.79077
-0.344337 0.15001 -1.79524
1.14925 0.15001 -2.31299
2.68322 0.15001 -1.40621
-1.34877 0.15001 -1.78613
-1.22089 0.15001 2.84999
1.69676 0.15001 1.03211
-2.32099 0.15001 1.54812
1.63685 0.15001 -2.4938
1.81213 0.15001 -2.84999
1.0393 0.15001 -0.109948
-2.67297 0.15001 -1.4052
-0.983454 0.15001 0.061915
1.53171 0.15001 -0.572177
-2.84999 0.15001 -1.30062
-0.455609 0.15001 -0.832364
1.37134 0.15001 -1.24434
-1.35254 0.15001 -1.43379
0.355231 0.15001 -2.67507
1.04484 0.15001 -1.06085
0.542251 0.15001 -0.214258
1.03665 0.15001 1.21629
2.02509 0.15001 -0.656153
0.874187 0.15001 0.359186
-1.61632 0.15001 0.335613
-2.67445 0.15001 -1.60737
-2.12155 0.15001 2.32673
-1.82053 0.15001 0.669811
1.24905 0.15001 -2.13791
-0.849012 0.15001 -0.654383
-0.311737 0.15001 0.0598326
-1.05711 0.15001 -1.60889
0.548251 0.15001 -2.67421
-1.1252 0.15001 -0.308752
-1.06007 0.15001 0.747565
-1.3499 0.15001 1.97234
2.52011 0.15001 0.758301
2.19158 0.15001 0.567075
0.864917 0.15001 2.67735
0.158124 0.15001 -2.32058
-2.11445 0.15001 2.67053
-1.32162 0.15001 2.67293
-2.32654 0.15001 0.163953
2.84999 0.15001 -1.12079
-1.35255 0.15001 -2.49733
1.84818 0.15001 2.67644
-1.55355 0.15001 -0.897928
-2.2175 0.15001 2.49758
-0.854398 0.15001 -1.25894
-2.15247 0.15001 -2.11234
-1.88907 0.15001 -0.765097
-0.544187 0.15001 2.32202
-1.95879 0.15001 1.98442
-2.50644 0.15001 -0.915271
1.36489 0.15001 1.40902
1.86225 0.15001 0.751539
2.51896 0.15001 -0.93337
1.04154 0.15001 -0.869078
0.659341 0.15001 -1.45118
-2.32365 0.15001 -2.20404
2.35063 0.15001 -1.40868
-0.670115 0.15001 1.09846
-2.30865 0.15001 -0.806753
-2.31334 0.15001 2.66621
-2.50381 0.15001 0.860981
0.370241 0.15001 1.02623
0.708191 0.15001 0.451824
-0.135484 0.15001 1.12806
0.377131 0.15001 -0.505283
-1.45499 0.15001 -1.61362
1.2028 0.15001 0.930831
-0.957615 0.15001 -1.78612
-0.143818 0.15001 -2.1453
2.02531 0.15001 -0.468692
-2.14249 0.15001 -1.71492
0.705273 0.15001 1.41122
0.536168 0.15001 1.31526
1.86067 0.15001 1.12984
0.706943 0.15001 1.99404
-0.480648 0.15001 0.557499
1.52823 0.15001 1.50723
0.0219466 0.15001 1.41946
0.537535 0.15001 1.12141
-1.85936 0.15001 -1.98051
1.03944 0.15001 0.267377
2.18428 0.15001 1.52095
1.26714 0.15001 2.32463
1.46514 0.15001 2.32786
1.85943 0.15001 -1.50289
2.35278 0.15001 -1.21771
0.259436 0.15001 -2.84999
1.16646 0.15001 2.1539
1.69595 0.15001 -0.66268
-1.49734 0.15001 0.175267
-0.447152 0.15001 -1.97048
1.06498 0.15001 1.98811
-1.16909 0.15001 1.26412
0.157391 0.15001 2.84999
-0.648587 0.15001 -1.2755
1.6437 0.15001 -1.73364
0.162517 0.15001 -1.61614
0.714783 0.15001 -1.07903
1.69614 0.15001 -0.850954
1.94012 0.15001 -2.65871
-0.651592 0.15001 -0.547617
-1.25312 0.15001 0.738024
-1.54734 0.15001 1.97325
-0.835183 0.15001 2.49515
2.15677 0.15001 -2.08015
0.65763 0.15001 -2.1374
0.951748 0.15001 -2.31234
1.2125 0.15001 -1.3491
-2.0906 0.15001 -2.31366
1.36856 0.15001 -0.85993
-1.36883 0.15001 1.26212
-1.37176 0.15001 0.00966121
1.20426 0.15001 0.176
-2.50742 0.15001 -0.136988
0.458301 0.15001 -2.14006
0.539975 0.15001 0.735992
0.54729 0.15001 -0.790212
-0.917302 0.15001 -0.273282
0.545096 0.15001 -0.596607
1.53267 0.15001 -0.194938
0.348681 0.15001 2.18076
0.373861 0.15001 -0.122551
-0.950044 0.15001 1.97391
-2.50184 0.15001 1.05403
1.73637 0.15001 -2.66886
0.555224 0.15001 -2.31623
2.84999 0.15001 -2.46107
0.375065 0.15001 -0.313472
1.36776 0.15001 -0.670267
0.46776 0.15001 -1.44451
2.68588 0.15001 0.287619
2.01713 0.15001 1.61679
-0.859125 0.15001 1.79709
2.34088 0.15001 2.84999
1.03864 0.15001 0.645006
2.52076 0.15001 -0.183059
-0.475156 0.15001 0.351007
2.51451 0.15001 2.50536
-0.664805 0.15001 0.760746
-1.05209 0.15001 -0.121085
1.8607 0.15001 -0.940505
2.24502 0.15001 2.67454
0.538136 0.15001 1.70304
-0.312437 0.15001 -0.132841
-1.25156 0.15001 -1.60844
-2.6757 0.15001 -1.20611
1.36849 0.15001 -0.103758
1.44531 0.15001 -2.14138
1.04829 0.15001 -1.25338
1.85885 0.15001 1.32124
-2.38029 0.15001 2.84999
2.50993 0.15001 2.11158
1.03654 0.15001 1.40971
2.35559 0.15001 -0.277924
-2.84999 0.15001 -1.89924
1.98317 0.15001 -2.17513
2.17453 0.15001 -1.69893
2.1618 0.15001 -1.88988
-0.482162 0.15001 0.154812
0.662366 0.15001 2.67834
2.14662 0.15001 2.50524
-2.32141 0.15001 -1.81353
2.17586 0.15001 1.91457
0.874364 0.15001 0.17025
0.204856 0.15001 -0.221933
1.20447 0.15001 -0.769042
-0.139842 0.15001 0.157101
1.98026 0.15001 -2.36981
0.561314 0.15001 -1.96263
-0.262949 0.15001 1.79608
-1.14939 0.15001 1.96985
-0.850588 0.15001 0.206282
2.68571 0.15001 0.475907
1.06675 0.15001 2.32704
2.84999 0.15001 -1.50029
1.04206 0.15001 1.79832
-1.92456 0.15001 2.32812
1.69363 0.15001 1.41398
2.51811 0.15001 1.32918
2.84999 0.15001 1.13919
2.84999 0.15001 1.52361
2.68422 0.15001 1.23424
0.367565 0.15001 1.22067
0.0273077 0.15001 1.97026
2.68571 0.15001 -2.74916
2.84999 0.15001 -2.07695
1.38243 0.15001 -1.63628
2.68587 0.15001 -0.0884787
0.20624 0.15001 0.544963
2.35432 0.15001 -0.840216
2.02301 0.15001 -1.40966
2.84999 0.15001 1.91261
-0.149897 0.15001 2.32112
2.84999 0.15001 0.948638
2.84999 0.15001 -1.69223
-1.15492 0.15001 -2.14089
2.3304 0.15001 -1.98441
1.36882 0.15001 0.0847885
2.67472 0.15001 -2.17407
2.35609 0.15001 -0.0902426
1.53295 0.15001 0.746512
2.68384 0.15001 -1.21698
-1.95887 0.15001 1.28161
-0.845065 0.15001 -0.0801244
1.63825 0.15001 -2.14272
2.18344 0.15001 -1.50615
-0.0408965 0.15001 -2.67382
0.855985 0.15001 -2.13547
-2.84999 0.15001 -0.333067
1.83106 0.15001 -2.49098
0.867937 0.15001 2.33623
-0.766447 0.15001 1.27149
-1.23143 0.15001 0.379901
1.75086 0.15001 2.85
0.663977 0.15001 -1.78715
1.81589 0.15001 -2.07314
1.99281 0.15001 -1.7914
1.42743 0.15001 -2.84999
0.960072 0.15001 -1.61392
-1.04195 0.15001 2.14555
1.03915 0.15001 -0.298891
1.69787 0.15001 0.655011
2.84999 0.15001 2.69687
2.73693 0.15001 2.84999
1.26275 0.15001 -1.78912
2.84999 0.15001 -2.269
0.650901 0.15001 -2.49294
-0.304661 0.15001 -0.528466
0.712988 0.15001 -0.882055
0.761114 0.15001 -1.96025
1.3642 0.15001 2.14815
0.876485 0.15001 -0.778964
0.707006 0.15001 1.60427
-1.72729 0.15001 2.32474
0.152371 0.15001 2.13225
-0.133446 0.15001 0.932861
0.540858 0.15001 0.545723
2.51404 0.15001 1.91294
2.84999 0.15001 -0.744238
-2.49556 0.15001 1.64821
2.51581 0.15001 1.71861
1.68045 0.15001 1.80457
2.01141 0.15001 1.8144
0.372679 0.15001 0.831855
-0.658282 0.15001 -0.144076
-0.820668 0.15001 -0.449842
-0.339058 0.15001 -1.44789
0.0391278 0.15001 -0.516746
-0.869465 0.15001 1.09726
1.86268 0.15001 0.186965
-1.69575 0.15001 0.141753
0.552076 0.15001 2.12707
1.0651 0.15001 2.67606
1.20121 0.15001 1.31301
-2.84999 0.15001 0.657865
2.15298 0.15001 -2.27251
0.149878 0.15001 2.50638
-0.308108 0.15001 0.252819
1.36864 0.15001 0.461467
-1.36251 0.15001 0.90693
2.02739 0.15001 0.28293
2.84999 0.15001 1.71876
0.373506 0.15001 0.0680215
-0.358179 0.15001 1.97531
1.04583 0.15001 -2.49038
2.32638 0.15001 -2.37295
2.68196 0.15001 -1.59641
1.23156 0.15001 -2.84999
2.33127 0.15001 -2.56655
1.35974 0.15001 2.84999
1.86164 0.15001 0.940223
2.51913 0.15001 1.13821
2.18037 0.15001 1.71708
2.84999 0.15001 0.759091
1.33776 0.15001 -2.67013
2.32532 0.15001 -2.17644
0.205888 0.15001 0.736521
1.69626 0.15001 -1.03965
0.45747 0.15001 2.67732
-1.13669 0.15001 2.31923
0.96751 0.15001 2.5047
2.54143 0.15001 2.84999
2.34645 0.15001 -1.60071
2.68592 0.15001 0.099495
1.20412 0.15001 -0.0125635
-0.137849 0.15001 0.352508
-0.563241 0.15001 1.27449
1.86262 0.15001 0.563241
0.0512212 0.15001 2.31666
0.873059 0.15001 0.738091
0.368627 0.15001 1.80314
2.50247 0.15001 -2.07967
1.16732 0.15001 2.49912
-2.15085 0.15001 1.64395
0.705628 0.15001 1.0242
2.50763 0.15001 -1.88679
1.53207 0.15001 -0.383546
2.68569 0.15001 -0.276112
2.84999 0.15001 -0.556812
2.02592 0.15001 -0.281051
2.18781 0.15001 -1.31361
-0.568093 0.15001 1.6233
1.26415 0.15001 2.67312
2.52097 0.15001 0.00479639
2.67667 0.15001 -2.55653
0.878464 0.15001 -0.971794
2.68506 0.15001 -0.650943
2.52767 0.15001 -2.84999
2.02719 0.15001 0.0948137
1.68896 0.15001 1.60864
2.19191 0.15001 0.19049
2.00153 0.15001 2.20733
1.36292 0.15001 1.80885
2.3564 0.15001 0.0977659
0.161158 0.15001 -2.67482
1.04004 0.15001 -0.678241
2.51198 0.15001 -1.69466
0.0325295 0.15001 0.0630915
1.69742 0.15001 -0.0977424
1.69616 0.15001 -0.474457
1.86047 0.15001 -0.565161
-0.171764 0.15001 1.61589
-0.301605 0.15001 1.03409
2.84999 0.15001 0.381917
2.01391 0.15001 -1.60214
2.51587 0.15001 -1.50259
-0.863654 0.15001 0.756619
2.68427 0.15001 -1.0272
0.452982 0.15001 -2.4997
2.84999 0.15001 -0.932116
-0.30937 0.15001 0.454029
1.5317 0.15001 1.12423
-0.55613 0.15001 1.97348
2.19107 0.15001 0.755745
2.68464 0.15001 1.04405
-2.84999 0.15001 1.05284
0.871163 0.15001 1.31416
1.65522 0.15001 2.67036
1.75244 0.15001 2.50195
0.364709 0.15001 1.41507
2.0014 0.15001 -2.84999
1.46221 0.15001 2.6674
2.67812 0.15001 -1.98134
-0.447994 0.15001 2.14916
2.51777 0.15001 -1.31237
0.942166 0.15001 -2.66962
0.744493 0.15001 -2.67223
1.55045 0.15001 -1.54164
0.0351293 0.15001 0.64129
-0.952998 0.15001 -2.14273
-2.67573 0.15001 0.559101
-1.26632 0.15001 1.44045
2.17298 0.15001 2.11191
0.874293 0.15001 -0.207559
1.20385 0.15001 1.70077
1.20337 0.15001 0.7416
1.69734 0.15001 -1.42011
2.35503 0.15001 -0.465329
0.203885 0.15001 0.161262
1.86091 0.15001 -0.377309
-0.481446 0.15001 -0.436923
2.18974 0.15001 -0.747859
2.84999 0.15001 2.30678
2.51831 0.15001 -1.12223
2.84999 0.15001 -2.65485
1.53627 0.15001 -2.66998
2.19065 0.15001 -2.84999
0.563585 0.15001 -1.61734
1.83087 0.15001 -1.6866
1.65905 0.15001 2.32735
1.69569 0.15001 1.2221
1.85537 0.15001 1.5153
2.68541 0.15001 0.664513
2.51949 0.15001 0.947729
1.46614 0.15001 -1.81075
0.851006 0.15001 -1.4322
0.379731 0.15001 -0.698463
2.33966 0.15001 -1.79276
0.541766 0.15001 0.165298
0.704662 0.15001 1.21715
2.52034 0.15001 -0.370546
2.84999 0.15001 -0.181993
2.33833 0.15001 2.21616
2.84999 0.15001 0.00580383
1.20206 0.15001 1.12107
2.15002 0.15001 -2.47022
-0.344447 0.15001 -2.84999
2.51948 0.15001 -0.74537
1.6974 0.15001 0.843295
1.94796 0.15001 2.50487
2.84999 0.15001 -1.31053
2.02645 0.15001 0.848143
1.53319 0.15001 -0.00639818
2.35465 0.15001 -0.652643
2.51986 0.15001 -0.557903
2.84999 0.15001 -2.84999
2.02492 0.15001 -1.21961
-2.15819 0.15001 0.459251
2.14151 0.15001 -2.6637
2.02661 0.15001 -0.0932056
1.53241 0.15001 0.934996
-0.486437 0.15001 -0.0383459
-1.44617 0.15001 0.72043
0.541742 0.15001 -0.0243675
1.53276 0.15001 -1.14122
2.68538 0.15001 -0.4635
1.03738 0.15001 1.02469
2.02528 0.15001 -1.0314
-0.473802 0.15001 0.754389
-1.52802 0.15001 -0.36425
1.3673 0.15001 1.02731
1.20621 0.15001 -0.960019
1.55506 0.15001 2.84999
1.36793 0.15001 0.838232
2.51366 0.15001 -2.65286
2.66956 0.15001 -2.36655
2.68469 0.15001 -0.83871
1.03933 0.15001 -0.488278
1.37809 0.15001 -1.44406
0.373782 0.15001 0.258662
1.53404 0.15001 -1.33508
1.55984 0.15001 2.15519
2.02696 0.15001 0.659467
2.68289 0.15001 1.62193
2.68008 0.15001 -1.78895
1.98838 0.15001 -1.98213
0.874569 0.15001 -0.397091
2.84999 0.15001 -0.369472
0.706585 0.15001 0.832403
2.35644 0.15001 0.285976
0.872299 0.15001 0.928575
-0.337263 0.15001 2.66908
0.658644 0.15001 2.3334
2.34886 0.15001 1.61998
