1000 0.1
1.86143 0.15001 0.00280014
-2.67798 0.15001 0.938197
-2.49573 0.15001 -2.32809
-2.32493 0.15001 -2.4338
-2.84781 0.15001 -0.544183
2.84999 0.15001 1.33429
1.4687 0.15001 1.97469
-1.55827 0.15001 1.618
-1.45012 0.15001 -0.730903
-0.79254 0.15001 0.101501
-2.6663 0.15001 2.3184
0.567534 0.15001 2.84999
-0.268296 0.15001 1.45071
2.84999 0.15001 0.574881
-0.75692 0.15001 1.6226
-0.237658 0.15001 -1.96433
-0.356535 0.15001 -1.10368
0.171684 0.15001 -1.25893
-0.962719 0.15001 0.583766
-0.130085 0.15001 1.32071
-2.13548 0.15001 -1.93784
-2.8364 0.15001 -2.10078
-0.720422 0.15001 -0.762208
-1.74628 0.15001 -2.5
-1.35035 0.15001 -2.14535
2.52053 0.15001 0.573767
-2.66957 0.15001 -1.82162
-0.443812 0.15001 -2.67256
-2.50197 0.15001 0.439598
-1.66709 0.15001 1.43933
-2.13937 0.15001 -1.00108
0.205215 0.15001 -0.416328
-1.91161 0.15001 -0.447531
-1.96655 0.15001 -1.47927
0.644521 0.15001 -2.84135
-2.33288 0.15001 -1.02265
0.552155 0.15001 -0.985917
-1.47498 0.15001 -1.27054
-1.16568 0.15001 0.92125
-2.84954 0.15001 0.0403142
-0.142321 0.15001 -2.49537
-1.65214 0.15001 -0.758117
-0.278793 0.15001 -0.929165
0.752061 0.15001 -2.31121
-0.0354737 0.15001 -1.60985
-0.744414 0.15001 -2.1441
0.259462 0.15001 2.67547
-0.235099 0.15001 2.84999
-1.18969 0.15001 -0.49625
-2.67173 0.15001 1.92398
-1.55254 0.15001 -1.8047
-2.49121 0.15001 -1.52473
-1.16559 0.15001 0.567927
-1.38882 0.15001 -1.08648
-1.02544 0.15001 2.84999
-1.8301 0.15001 2.14801
-2.67319 0.15001 1.7262
-2.84999 0.15001 2.40235
-2.32318 0.15001 1.33422
0.875548 0.15001 1.50543
-0.548194 0.15001 -1.11311
1.43886 0.15001 -2.49048
-1.31373 0.15001 -0.895695
-0.932596 0.15001 -0.785086
-0.567119 0.15001 0.930304
-1.31407 0.15001 0.195695
0.0424196 0.15001 -0.714574
-1.78039 0.15001 0.46249
-2.66964 0.15001 2.1212
-2.84999 0.15001 0.839455
-2.659 0.15001 -2.63907
-2.84999 0.15001 -1.51934
-2.67996 0.15001 -0.0581025
1.03915 0.15001 0.835373
2.84999 0.15001 0.199604
-2.67505 0.15001 1.33226
-2.84999 0.15001 1.43113
-2.84999 0.15001 0.233902
-1.46523 0.15001 1.44088
-0.746816 0.15001 1.97485
-2.66779 0.15001 -2.2176
-2.14078 0.15001 -2.84999
-1.18344 0.15001 -1.07321
-2.5048 0.15001 -0.349929
-0.631398 0.15001 2.49623
-2.84999 0.15001 2.5943
-2.16399 0.15001 0.844941
-2.84999 0.15001 2.01551
-2.31995 0.15001 2.11862
-0.643256 0.15001 2.14576
-0.139029 0.15001 -1.43976
-2.67829 0.15001 -0.835594
-2.48939 0.15001 -2.53997
-1.0699 0.15001 -1.26777
-2.50412 0.15001 0.0439806
-1.97061 0.15001 -0.0884909
-1.76529 0.15001 1.26931
-2.32927 0.15001 1.13472
0.364468 0.15001 2.84999
-2.31917 0.15001 1.72912
-1.24545 0.15001 -2.32021
-0.156455 0.15001 1.9761
-2.32 0.15001 -1.63063
2.68198 0.15001 2.01543
1.53213 0.15001 1.31753
-0.95698 0.15001 1.62177
1.81158 0.15001 -1.86847
-0.543183 0.15001 -2.49625
1.6959 0.15001 -0.282168
2.35514 0.15001 -1.02231
2.35221 0.15001 -2.76025
0.0505755 0.15001 -0.90789
-1.59558 0.15001 -1.10401
-0.137802 0.15001 -0.234969
0.388914 0.15001 -1.08709
-2.67763 0.15001 -0.642648
-0.342514 0.15001 -2.49507
-2.65993 0.15001 -2.43979
-0.431495 0.15001 2.84999
-2.67813 0.15001 -0.252401
-1.64118 0.15001 -2.67414
2.18991 0.15001 1.1386
0.362503 0.15001 -1.96059
-1.71271 0.15001 -0.412564
-2.12825 0.15001 0.0501657
-0.139838 0.15001 2.66991
-1.64706 0.15001 -1.98842
0.541964 0.15001 -0.40555
-0.139233 0.15001 0.739961
0.706942 0.15001 0.642327
-2.31392 0.15001 -1.41778
-0.242066 0.15001 -1.26589
0.555416 0.15001 -1.18827
-2.31358 0.15001 -2.03099
-2.84999 0.15001 -2.66284
-0.645414 0.15001 -2.67472
0.731096 0.15001 -1.2736
-1.77714 0.15001 0.896327
-1.56616 0.15001 0.910294
-2.84999 0.15001 1.62649
-1.15349 0.15001 -1.79075
-0.644607 0.15001 -1.96753
-0.758033 0.15001 -1.44486
-2.67931 0.15001 -1.03037
-0.649002 0.15001 0.442216
1.36732 0.15001 0.275496
-1.57059 0.15001 1.26436
-1.25119 0.15001 1.79571
-2.84999 0.15001 2.20942
-1.81458 0.15001 0.273251
0.212843 0.15001 -0.805183
-2.31824 0.15001 -2.63908
0.0333795 0.15001 -0.131997
0.706754 0.15001 -0.115629
1.36673 0.15001 -0.477991
1.56357 0.15001 2.50088
-0.531292 0.15001 2.6733
-2.00347 0.15001 2.84999
-2.6793 0.15001 0.138097
-1.95639 0.15001 1.62358
-0.85702 0.15001 -1.61786
-2.84999 0.15001 -2.47539
-1.53947 0.15001 -2.84999
-1.96347 0.15001 -1.82413
-0.479227 0.15001 -0.651813
-0.834408 0.15001 -0.946131
-2.33289 0.15001 0.540298
-1.64637 0.15001 -2.3249
-0.844964 0.15001 0.42077
-2.84999 0.15001 2.84999
-0.840672 0.15001 -2.67634
1.36636 0.15001 -0.289425
-2.15233 0.15001 1.23879
-1.3841 0.15001 -0.538938
-2.70276 0.15001 2.71002
-2.07224 0.15001 1.81378
-2.11781 0.15001 -0.471135
-2.5073 0.15001 2.65558
-0.660832 0.15001 1.4483
-1.6297 0.15001 2.49416
-1.33897 0.15001 -2.84999
-0.137897 0.15001 -0.0377307
-2.84999 0.15001 -0.737017
-1.25057 0.15001 -0.700829
0.218069 0.15001 -1.00084
0.711158 0.15001 -0.687804
-1.66003 0.15001 -1.63561
-2.32501 0.15001 1.92468
-2.678 0.15001 0.743012
-1.81144 0.15001 2.84999
-1.37208 0.15001 0.539964
0.266506 0.15001 -1.4388
-2.84999 0.15001 -0.934937
-2.84999 0.15001 -0.153283
-1.44816 0.15001 -2.31831
0.204611 0.15001 1.12678
-2.6545 0.15001 2.51499
-2.16035 0.15001 0.642817
-2.31148 0.15001 2.31222
0.215481 0.15001 1.91666
-0.743815 0.15001 -2.50223
-1.93922 0.15001 -0.968791
1.36489 0.15001 1.60355
1.53246 0.15001 0.372916
0.198706 0.15001 1.71953
-0.238564 0.15001 2.4951
-0.547098 0.15001 -1.45078
2.35485 0.15001 1.04529
1.36863 0.15001 0.652068
2.34821 0.15001 1.81861
1.6986 0.15001 -1.22459
-1.13856 0.15001 -2.84999
-1.11056 0.15001 -0.878299
-0.442576 0.15001 -1.61998
-1.04373 0.15001 -2.32177
-0.447372 0.15001 -1.27744
-0.937925 0.15001 -2.84999
-1.72349 0.15001 -0.942404
-2.66392 0.15001 -2.01891
-2.67349 0.15001 1.52964
-2.84999 0.15001 -1.71665
-2.48413 0.15001 -1.92775
2.18825 0.15001 1.33018
-0.451769 0.15001 1.79901
-2.4981 0.15001 1.82566
-1.95322 0.15001 -2.50203
-2.50572 0.15001 0.641475
-1.52604 0.15001 2.67134
0.470599 0.15001 2.33545
-0.359743 0.15001 1.62447
-1.84234 0.15001 -2.67457
-2.67659 0.15001 1.13246
-1.26903 0.15001 -1.2654
0.0381948 0.15001 1.22562
0.874839 0.15001 -0.586719
-1.99341 0.15001 -0.632302
-0.840328 0.15001 2.14522
-2.09189 0.15001 -0.807286
-1.75776 0.15001 1.62011
-2.84999 0.15001 0.436241
-0.84866 0.15001 -1.96819
0.83546 0.15001 -2.84999
-2.67882 0.15001 -0.446426
0.542057 0.15001 1.50935
1.20331 0.15001 0.554853
-0.986259 0.15001 -0.459194
2.02269 0.15001 1.42426
2.35585 0.15001 0.478605
-2.15878 0.15001 0.246218
-1.61768 0.15001 2.84999
-2.49067 0.15001 -2.7345
-0.636374 0.15001 -0.943368
-1.03627 0.15001 -2.67584
1.54944 0.15001 -2.31315
0.464152 0.15001 -1.78591
-0.32399 0.15001 1.24926
-1.33486 0.15001 2.31699
-2.33294 0.15001 0.940922
-0.305006 0.15001 0.844306
-2.57874 0.15001 2.84999
-1.5726 0.15001 -0.0300372
0.0334969 0.15001 -0.326275
-1.9917 0.15001 0.747426
-0.318856 0.15001 -0.335659
-2.48787 0.15001 2.22546
-2.33178 0.15001 -0.0538629
-2.02673 0.15001 2.15688
-1.92075 0.15001 2.6694
-1.72412 0.15001 2.67088
0.0579534 0.15001 2.6766
1.03311 0.15001 -2.84999
2.35371 0.15001 1.23607
-2.15594 0.15001 -2.52477
0.863666 0.15001 -1.78321
1.20163 0.15001 -0.199049
-2.33409 0.15001 0.744845
0.873987 0.15001 1.11971
-1.43594 0.15001 2.14401
-0.038209 0.15001 2.84999
-0.475421 0.15001 1.10016
-0.542414 0.15001 -2.84999
-1.43998 0.15001 -2.67342
-1.86553 0.15001 -1.64882
1.36786 0.15001 2.49935
-2.4996 0.15001 -0.739894
-1.92564 0.15001 0.114585
0.708838 0.15001 -0.496346
-1.88355 0.15001 -1.30288
-2.08982 0.15001 1.43474
1.84142 0.15001 1.91405
-2.65178 0.15001 -2.84776
0.366044 0.15001 -1.61141
-1.06963 0.15001 1.09604
1.15775 0.15001 -1.95506
0.256202 0.15001 -2.50002
-0.141998 0.15001 -0.429496
-1.18436 0.15001 0.0346605
-2.15673 0.15001 1.04042
-1.43034 0.15001 2.49499
-1.66969 0.15001 1.08931
-0.741978 0.15001 -2.84999
2.68007 0.15001 2.21465
-2.48624 0.15001 -2.12527
2.68512 0.15001 0.857811
-2.03469 0.15001 -0.291813
-0.0498803 0.15001 2.14927
1.86102 0.15001 -0.185013
0.36186 0.15001 2.50428
2.68403 0.15001 1.43006
1.69677 0.15001 0.0938637
0.768714 0.15001 2.84999
-0.843459 0.15001 -2.32277
-0.238041 0.15001 -1.61578
-2.1518 0.15001 -1.53089
-2.84999 0.15001 -2.84999
-1.2495 0.15001 -0.149524
1.86351 0.15001 -1.31043
-1.11997 0.15001 0.217769
-1.86614 0.15001 1.44409
-1.64404 0.15001 0.726925
-0.940117 0.15001 -2.50292
-0.741938 0.15001 -1.11339
2.19041 0.15001 -0.554089
-2.33058 0.15001 0.342999
-0.704229 0.15001 -0.236698
-1.3579 0.15001 1.61827
-1.06283 0.15001 1.44626
-1.65187 0.15001 1.79478
0.383412 0.15001 -0.893704
-0.86155 0.15001 1.4478
-2.31861 0.15001 -0.463005
0.0520798 0.15001 -1.09872
1.21092 0.15001 -1.15003
1.52372 0.15001 1.70518
-2.15214 0.15001 2.01003
-1.85643 0.15001 1.79723
1.138 0.15001 -2.6693
-2.4982 0.15001 1.43186
-0.0365712 0.15001 -1.96171
-0.969429 0.15001 0.929038
-2.84753 0.15001 -1.12833
-0.243008 0.15001 -2.67279
1.53329 0.15001 -0.946538
1.85305 0.15001 2.32981
2.02682 0.15001 0.47531
2.00531 0.15001 2.01273
1.69711 0.15001 0.282004
0.202616 0.15001 0.353542
-0.965715 0.15001 1.27361
0.884706 0.15001 1.90891
-2.4928 0.15001 -1.72745
2.19111 0.15001 0.00770623
0.061434 0.15001 -2.13912
-0.0418306 0.15001 -1.26716
-1.05105 0.15001 -1.96416
2.05026 0.15001 2.67613
-1.63096 0.15001 2.14477
0.9685 0.15001 2.84999
-0.728442 0.15001 2.6723
2.02501 0.15001 1.23185
1.24149 0.15001 -2.49011
-1.80432 0.15001 -1.12227
1.20323 0.15001 -0.576921
1.20324 0.15001 1.50505
-1.773 0.15001 -0.0633795
-1.24779 0.15001 -1.96537
0.0353969 0.15001 0.835133
-2.50114 0.15001 1.23473
2.84999 0.15001 2.50938
0.252388 0.15001 2.33916
1.05263 0.15001 -2.13251
2.19096 0.15001 -0.179678
-0.142439 0.15001 -2.84999
-0.339843 0.15001 -2.14085
-1.54335 0.15001 -2.49814
-2.49976 0.15001 0.242751
0.767761 0.15001 2.50579
-2.84999 0.15001 1.23383
-0.628224 0.15001 2.84999
0.0311959 0.15001 0.449153
-0.0407959 0.15001 -2.31743
0.20829 0.15001 -0.609532
1.61718 0.15001 -2.84999
-1.45112 0.15001 1.79402
-0.934087 0.15001 2.31599
-2.02101 0.15001 2.49701
-1.98246 0.15001 0.542204
-1.16376 0.15001 -1.44209
-1.26685 0.15001 1.08874
-2.84999 0.15001 1.82109
-2.22095 0.15001 -0.644023
0.373437 0.15001 -1.27614
-1.04776 0.15001 0.40376
0.203734 0.15001 -0.03098
1.06455 0.15001 -1.77816
2.1912 0.15001 0.383153
-1.98137 0.15001 0.943529
1.03704 0.15001 0.0804541
-1.42208 0.15001 2.84999
2.02663 0.15001 1.04133
0.163111 0.15001 -1.96077
2.44646 0.15001 2.68268
0.372744 0.15001 0.640661
0.771408 0.15001 2.17286
1.53309 0.15001 0.561123
0.389938 0.15001 1.99824
-1.02973 0.15001 2.4934
-1.06114 0.15001 -0.643391
-0.245346 0.15001 2.14835
1.85088 0.15001 1.71447
1.62408 0.15001 -1.93064
-1.76663 0.15001 -1.46774
-2.49174 0.15001 -1.32561
-1.78434 0.15001 -0.602591
-1.23888 0.15001 -2.67323
-1.75469 0.15001 -1.81589
2.19133 0.15001 -1.11772
0.0662132 0.15001 -1.43387
-0.0503552 0.15001 1.79804
-0.0446094 0.15001 2.49506
-2.49911 0.15001 -0.545864
-1.73978 0.15001 -2.84999
0.0574075 0.15001 -2.496
-0.499085 0.15001 -0.24157
-0.146121 0.15001 -1.08255
0.966785 0.15001 2.15817
0.566162 0.15001 2.50745
-1.44053 0.15001 0.354779
-1.84045 0.15001 -0.253787
0.540016 0.15001 0.356228
-2.11791 0.15001 -1.33047
-1.74913 0.15001 -2.15798
0.453127 0.15001 -2.84999
0.260443 0.15001 -2.13861
-2.84999 0.15001 -2.28625
2.19067 0.15001 -0.3669
2.84999 0.15001 -1.88456
0.846318 0.15001 -2.48998
-1.2404 0.15001 2.14444
0.886236 0.15001 -1.1628
-1.95456 0.15001 -2.16012
1.20267 0.15001 0.366456
1.82335 0.15001 2.11981
2.35554 0.15001 0.855676
0.872851 0.15001 0.549629
0.549074 0.15001 1.89727
2.64975 0.15001 2.65713
0.372784 0.15001 1.61108
1.26273 0.15001 1.97514
0.202873 0.15001 1.32179
1.79245 0.15001 -2.26865
2.52069 0.15001 0.198334
2.02576 0.15001 -0.837591
1.86263 0.15001 -1.12268
-1.64271 0.15001 -0.221123
-0.764169 0.15001 0.932212
-1.23043 0.15001 2.49548
2.68334 0.15001 1.82029
1.04048 0.15001 1.60095
-0.432359 0.15001 2.4954
1.35454 0.15001 -1.96458
-1.31758 0.15001 -0.341702
0.0640921 0.15001 -1.78448
-0.441649 0.15001 -2.31819
-1.14115 0.15001 -2.49762
-1.56437 0.15001 -1.45286
-0.826083 0.15001 2.84999
-1.82663 0.15001 2.49657
-0.461939 0.15001 1.44701
0.205169 0.15001 0.930634
1.53204 0.15001 -0.756958
-0.134359 0.15001 -0.625029
-1.85359 0.15001 -2.33044
-0.33743 0.15001 2.32106
2.35243 0.15001 1.42844
-0.119112 0.15001 -0.822331
0.372291 0.15001 0.450732
-1.53064 0.15001 2.31618
2.15195 0.15001 2.84999
1.16748 0.15001 2.84999
0.960612 0.15001 -1.95519
0.0317342 0.15001 0.255911
-0.544913 0.15001 -1.79268
-1.44571 0.15001 -0.18574
-1.44894 0.15001 -1.97478
-1.5831 0.15001 -0.570119
-1.57386 0.15001 0.516681
-1.74433 0.15001 1.96981
-2.19545 0.15001 2.84999
-1.12719 0.15001 2.67149
0.707444 0.15001 -0.305763
-0.975148 0.15001 -1.08673
0.540614 0.15001 0.927821
-0.311157 0.15001 0.648313
1.04857 0.15001 -1.44238
-0.927294 0.15001 2.67105
-0.966054 0.15001 -1.44145
-1.98806 0.15001 0.344099
-2.45507 0.15001 2.45358
-1.05064 0.15001 1.79674
1.86203 0.15001 0.378914
0.878916 0.15001 1.70087
0.032242 0.15001 1.61819
2.68149 0.15001 2.41359
2.50884 0.15001 2.3125
2.49478 0.15001 -2.27308
-1.15748 0.15001 1.62049
-1.46821 0.15001 1.08839
1.53205 0.15001 0.184714
-0.737181 0.15001 2.31688
-0.643115 0.15001 -2.32075
-2.04249 0.15001 -2.68135
-0.29977 0.15001 -0.733951
-2.0165 0.15001 -1.15628
-2.33569 0.15001 -2.84999
-0.542101 0.15001 -2.14248
-1.93938 0.15001 -2.84999
-2.49305 0.15001 2.02673
2.19114 0.15001 0.948716
0.706575 0.15001 0.263547
1.3712 0.15001 -1.04794
2.1907 0.15001 -0.929273
-1.68032 0.15001 -1.28546
1.34661 0.15001 -2.31332
2.52059 0.15001 0.385861
-0.65159 0.15001 1.79896
-2.49896 0.15001 -1.13041
-1.86514 0.15001 1.10091
-0.659252 0.15001 0.245191
-0.762607 0.15001 0.597457
-2.16135 0.15001 -0.146418
-2.67638 0.15001 0.337961
-0.240738 0.15001 -2.31737
2.49852 0.15001 -2.46446
-2.32321 0.15001 -0.26188
-0.751314 0.15001 -1.79373
-2.29133 0.15001 -1.21711
0.87198 0.15001 -0.0174101
2.35587 0.15001 0.666801
1.03797 0.15001 0.457769
-0.13639 0.15001 -1.78727
1.36869 0.15001 1.21928
2.34499 0.15001 2.01556
1.69755 0.15001 0.470177
1.66598 0.15001 1.99944
0.202666 0.15001 1.51913
0.706487 0.15001 0.0740849
2.33522 0.15001 2.4194
0.716753 0.15001 1.8008
-0.142503 0.15001 0.547347
-0.651754 0.15001 -1.62001
2.51767 0.15001 1.52676
1.95449 0.15001 2.84999
0.764313 0.15001 -1.61082
1.86064 0.15001 -0.747604
1.21278 0.15001 -1.54548
2.84999 0.15001 2.11597
1.20208 0.15001 -0.387859
2.1667 0.15001 2.30964
0.0376344 0.15001 1.03177
0.0577002 0.15001 -2.84999
0.356356 0.15001 -2.31762
0.264346 0.15001 -1.78468
-0.338977 0.15001 -1.79122
1.14764 0.15001 -2.31131
2.68466 0.15001 -1.40233
-1.34913 0.15001 -1.79464
-1.22457 0.15001 2.84999
1.69836 0.15001 1.03549
-2.3197 0.15001 1.52904
1.63494 0.15001 -2.4916
1.80935 0.15001 -2.84999
1.03688 0.15001 -0.108432
-2.67041 0.15001 -1.42443
-0.9917 0.15001 0.0631434
1.53127 0.15001 -0.56817
-2.84999 0.15001 -1.3206
-0.462777 0.15001 -0.853358
1.37371 0.15001 -1.24104
-1.36028 0.15001 -1.44373
0.35325 0.15001 -2.67463
1.04707 0.15001 -1.05909
0.540901 0.15001 -0.214502
1.03942 0.15001 1.21597
2.0254 0.15001 -0.650335
0.872401 0.15001 0.360722
-1.63068 0.15001 0.323549
-2.66958 0.15001 -1.62288
-2.11915 0.15001 2.32647
-1.82114 0.15001 0.656333
1.24851 0.15001 -2.13512
-0.850769 0.15001 -0.606962
-0.306882 0.15001 0.0572608
-1.06103 0.15001 -1.61591
0.546301 0.15001 -2.67355
-1.11906 0.15001 -0.307881
-1.06391 0.15001 0.754274
-1.34464 0.15001 1.97227
2.52027 0.15001 0.762286
2.19143 0.15001 0.571225
0.86846 0.15001 2.67715
0.158378 0.15001 -2.31813
-2.11487 0.15001 2.66912
-1.32692 0.15001 2.67253
-2.32643 0.15001 0.145456
2.84999 0.15001 -1.11505
-1.3427 0.15001 -2.49602
1.85561 0.15001 2.6761
-1.51706 0.15001 -0.920077
-2.21626 0.15001 2.49579
-0.864503 0.15001 -1.2682
-2.14866 0.15001 -2.13593
-1.85987 0.15001 -0.787325
-0.537047 0.15001 2.32078
-1.94717 0.15001 1.97453
-2.50824 0.15001 -0.932041
1.36685 0.15001 1.41082
1.86306 0.15001 0.755386
2.51981 0.15001 -0.926636
1.04291 0.15001 -0.867331
0.662571 0.15001 -1.44905
-2.31787 0.15001 -2.23189
2.35351 0.15001 -1.40417
-0.667622 0.15001 1.10136
-2.30949 0.15001 -0.824055
-2.31145 0.15001 2.66787
-2.50586 0.15001 0.84278
0.373151 0.15001 1.02572
0.706631 0.15001 0.452955
-0.129244 0.15001 1.13102
0.375493 0.15001 -0.50664
-1.45775 0.15001 -1.62392
1.20456 0.15001 0.932237
-0.957539 0.15001 -1.7905
-0.138461 0.15001 -2.13975
2.02552 0.15001 -0.463141
-2.13736 0.15001 -1.72912
0.709669 0.15001 1.41025
0.541316 0.15001 1.31498
1.86191 0.15001 1.13353
0.711058 0.15001 1.99548
-0.486501 0.15001 0.558055
1.52973 0.15001 1.5098
0.0330132 0.15001 1.42149
0.540848 0.15001 1.12085
-1.85516 0.15001 -1.98906
1.03743 0.15001 0.269172
2.18602 0.15001 1.52366
1.26941 0.15001 2.32528
1.46459 0.15001 2.32871
1.86344 0.15001 -1.49639
2.35536 0.15001 -1.21233
0.25732 0.15001 -2.84999
1.16806 0.15001 2.15485
1.69579 0.15001 -0.65814
-1.50755 0.15001 0.167302
-0.440709 0.15001 -1.96589
1.06533 0.15001 1.98945
-1.1671 0.15001 1.26931
0.162162 0.15001 2.84999
-0.64696 0.15001 -1.28107
1.64043 0.15001 -1.71834
0.164968 0.15001 -1.60987
0.718053 0.15001 -1.07699
1.6965 0.15001 -0.846388
1.93535 0.15001 -2.66009
-0.655002 0.15001 -0.566939
-1.25713 0.15001 0.744898
-1.54158 0.15001 1.97128
-0.829777 0.15001 2.49389
2.15381 0.15001 -2.07741
0.657398 0.15001 -2.13466
0.949729 0.15001 -2.31049
1.21493 0.15001 -1.34613
-2.07358 0.15001 -2.33238
1.36939 0.15001 -0.85668
-1.36782 0.15001 1.26511
-1.37618 0.15001 0.00654306
1.20216 0.15001 0.17805
-2.50589 0.15001 -0.155547
0.458951 0.15001 -2.13695
0.539756 0.15001 0.736004
0.547428 0.15001 -0.790426
-0.917712 0.15001 -0.271681
0.543977 0.15001 -0.597336
1.53121 0.15001 -0.191596
0.356812 0.15001 2.18123
0.373026 0.15001 -0.122958
-0.943503 0.15001 1.97404
-2.50426 0.15001 1.036
1.73264 0.15001 -2.6671
0.554021 0.15001 -2.31417
2.84999 0.15001 -2.46179
0.373837 0.15001 -0.314538
1.3677 0.15001 -0.66692
0.47142 0.15001 -1.44237
2.6857 0.15001 0.292931
2.01886 0.15001 1.61897
-0.850936 0.15001 1.79759
2.34681 0.15001 2.84999
1.03857 0.15001 0.646424
2.52082 0.15001 -0.176126
-0.481058 0.15001 0.347942
2.51315 0.15001 2.506
-0.665209 0.15001 0.764019
-1.05479 0.15001 -0.120038
1.86153 0.15001 -0.935097
2.25128 0.15001 2.67267
0.545531 0.15001 1.70356
-0.305755 0.15001 -0.139245
-1.25594 0.15001 -1.61753
-2.67633 0.15001 -1.2262
1.36648 0.15001 -0.101068
1.4441 0.15001 -2.13962
1.05065 0.15001 -1.25191
1.86006 0.15001 1.3246
-2.38751 0.15001 2.84999
2.51172 0.15001 2.11522
1.03926 0.15001 1.40881
2.35578 0.15001 -0.271256
-2.84999 0.15001 -1.91298
1.97905 0.15001 -2.16952
2.17761 0.15001 -1.69406
2.16193 0.15001 -1.88582
-0.482397 0.15001 0.149156
0.667333 0.15001 2.67794
2.15271 0.15001 2.50334
-2.30951 0.15001 -1.83451
2.17806 0.15001 1.91537
0.872104 0.15001 0.171733
0.204198 0.15001 -0.223565
1.20509 0.15001 -0.766626
-0.13937 0.15001 0.1563
1.97641 0.15001 -2.36451
0.561998 0.15001 -1.95968
-0.251598 0.15001 1.79793
-1.14445 0.15001 1.97095
-0.923291 0.15001 0.245955
2.6856 0.15001 0.480589
1.07005 0.15001 2.32927
2.84999 0.15001 -1.49694
1.04431 0.15001 1.79902
-1.92429 0.15001 2.32592
1.69496 0.15001 1.41705
2.51884 0.15001 1.333
2.84999 0.15001 1.14337
2.84999 0.15001 1.52808
2.6845 0.15001 1.23824
0.37306 0.15001 1.22059
0.0361831 0.15001 1.976
2.68451 0.15001 -2.74936
2.84999 0.15001 -2.07782
1.38625 0.15001 -1.63275
2.68582 0.15001 -0.0815265
0.203953 0.15001 0.545429
2.35508 0.15001 -0.833535
2.02654 0.15001 -1.40326
2.84999 0.15001 1.91828
-0.144281 0.15001 2.32142
2.84999 0.15001 0.952808
2.84999 0.15001 -1.69052
-1.14767 0.15001 -2.14351
2.3282 0.15001 -1.98437
1.36688 0.15001 0.0872185
2.67384 0.15001 -2.17527
2.35595 0.15001 -0.0840703
1.53386 0.15001 0.74935
2.68494 0.15001 -1.21211
-1.96024 0.15001 1.27263
-0.854209 0.15001 -0.0868462
1.63651 0.15001 -2.13476
2.18678 0.15001 -1.50067
-0.0420301 0.15001 -2.6731
0.855582 0.15001 -2.13262
-2.84999 0.15001 -0.350971
1.82953 0.15001 -2.48935
0.871653 0.15001 2.33705
-0.762416 0.15001 1.27542
-1.24823 0.15001 0.383081
1.75967 0.15001 2.84999
0.664586 0.15001 -1.78546
1.81304 0.15001 -2.06272
1.99432 0.15001 -1.78437
1.42359 0.15001 -2.84999
0.959511 0.15001 -1.61088
-1.03737 0.15001 2.14561
1.03727 0.15001 -0.29752
1.69824 0.15001 0.658357
2.84999 0.15001 2.70059
2.73578 0.15001 2.84999
1.26407 0.15001 -1.78452
2.84999 0.15001 -2.27016
0.648834 0.15001 -2.49181
-0.314204 0.15001 -0.534801
0.714482 0.15001 -0.880931
0.761536 0.15001 -1.95781
1.36513 0.15001 2.14779
0.877331 0.15001 -0.777736
0.712229 0.15001 1.60385
-1.7289 0.15001 2.32037
0.159348 0.15001 2.13724
-0.131787 0.15001 0.935095
0.539487 0.15001 0.546354
2.51585 0.15001 1.91714
2.84999 0.15001 -0.736215
-2.49577 0.15001 1.62856
2.51757 0.15001 1.72256
1.6814 0.15001 1.80765
2.01296 0.15001 1.81563
0.373144 0.15001 0.831536
-0.661568 0.15001 -0.0429359
-0.785017 0.15001 -0.418332
-0.34105 0.15001 -1.44472
0.0346014 0.15001 -0.519662
-0.867412 0.15001 1.10243
1.86174 0.15001 0.190801
-1.70229 0.15001 0.121821
0.564502 0.15001 2.14316
1.06954 0.15001 2.6762
1.20375 0.15001 1.31351
-2.84999 0.15001 0.638211
2.15015 0.15001 -2.26998
0.153091 0.15001 2.5047
-0.310819 0.15001 0.2509
1.36786 0.15001 0.463762
-1.36237 0.15001 0.912993
2.02652 0.15001 0.287239
2.84999 0.15001 1.72382
0.372462 0.15001 0.0683425
-0.349248 0.15001 1.97543
1.044 0.15001 -2.48949
2.32334 0.15001 -2.3717
2.68327 0.15001 -1.59361
1.22896 0.15001 -2.84999
2.32972 0.15001 -2.56619
1.36531 0.15001 2.84999
1.86294 0.15001 0.944035
2.51959 0.15001 1.14209
2.18259 0.15001 1.71894
2.84999 0.15001 0.763396
1.33534 0.15001 -2.66914
2.32189 0.15001 -2.17587
0.205049 0.15001 0.73663
1.69759 0.15001 -1.03507
0.463735 0.15001 2.67755
-1.135 0.15001 2.3194
0.970707 0.15001 2.50541
2.54365 0.15001 2.84999
2.34925 0.15001 -1.59742
2.68579 0.15001 0.105612
1.20176 0.15001 -0.0104503
-0.141372 0.15001 0.352381
-0.5588 0.15001 1.27582
1.86254 0.15001 0.567083
0.0569233 0.15001 2.31883
0.873316 0.15001 0.738784
0.376387 0.15001 1.80419
2.49997 0.15001 -2.08018
1.17113 0.15001 2.50057
-2.15015 0.15001 1.62773
0.707667 0.15001 1.02356
2.50731 0.15001 -1.88801
1.53105 0.15001 -0.379791
2.68574 0.15001 -0.268499
2.84999 0.15001 -0.548489
2.02579 0.15001 -0.275848
2.19084 0.15001 -1.30764
-0.557813 0.15001 1.62328
1.26885 0.15001 2.67407
2.52079 0.15001 0.0110399
2.67681 0.15001 -2.55779
0.880675 0.15001 -0.970087
2.68528 0.15001 -0.643024
2.52511 0.15001 -2.84999
2.02637 0.15001 0.0993246
1.69053 0.15001 1.61132
2.19115 0.15001 0.195325
2.00115 0.15001 2.20744
1.363 0.15001 1.808
2.35589 0.15001 0.103269
0.159285 0.15001 -2.67445
1.04027 0.15001 -0.676665
2.5137 0.15001 -1.69346
0.0333312 0.15001 0.0622518
1.69632 0.15001 -0.0941926
1.69568 0.15001 -0.470121
1.86044 0.15001 -0.560169
-0.161482 0.15001 1.61855
-0.297078 0.15001 1.0396
2.84999 0.15001 0.387014
2.01753 0.15001 -1.59586
2.51831 0.15001 -1.49902
-0.866008 0.15001 0.761998
2.68491 0.15001 -1.02081
0.450982 0.15001 -2.49873
2.84999 0.15001 -0.924937
-0.314987 0.15001 0.4541
1.53362 0.15001 1.127
-0.54714 0.15001 1.97298
2.19156 0.15001 0.759742
2.68484 0.15001 1.04808
-2.84999 0.15001 1.03514
0.874398 0.15001 1.31281
1.66237 0.15001 2.67454
1.75864 0.15001 2.50415
0.372424 0.15001 1.41566
1.99983 0.15001 -2.84999
1.46596 0.15001 2.6713
2.67715 0.15001 -1.98307
-0.440377 0.15001 2.14807
2.52 0.15001 -1.30791
0.940632 0.15001 -2.6693
0.742833 0.15001 -2.67181
1.55207 0.15001 -1.53415
0.0325529 0.15001 0.641777
-0.946466 0.15001 -2.14421
-2.67712 0.15001 0.539158
-1.26385 0.15001 1.44314
2.17354 0.15001 2.11185
0.872243 0.15001 -0.206842
1.20433 0.15001 1.69994
1.20404 0.15001 0.743366
1.70072 0.15001 -1.41512
2.35547 0.15001 -0.45842
0.203191 0.15001 0.161517
1.86063 0.15001 -0.372663
-0.493972 0.15001 -0.442881
2.19035 0.15001 -0.741407
2.84999 0.15001 2.31288
2.51993 0.15001 -1.11653
2.84999 0.15001 -2.65536
1.53307 0.15001 -2.66931
2.1888 0.15001 -2.84999
0.5659 0.15001 -1.61491
1.83104 0.15001 -1.67891
1.65974 0.15001 2.33043
1.69713 0.15001 1.2254
1.85684 0.15001 1.51802
2.68541 0.15001 0.668797
2.51986 0.15001 0.951635
1.46783 0.15001 -1.80781
0.854149 0.15001 -1.43152
0.378567 0.15001 -0.699754
2.34108 0.15001 -1.79147
0.539985 0.15001 0.166218
0.708076 0.15001 1.21617
2.52061 0.15001 -0.363202
2.84999 0.15001 -0.174439
2.33996 0.15001 2.21542
2.84999 0.15001 0.0124979
1.20452 0.15001 1.12201
2.14783 0.15001 -2.46755
-0.342729 0.15001 -2.84999
2.51993 0.15001 -0.738131
1.6987 0.15001 0.846674
1.95321 0.15001 2.50373
2.84999 0.15001 -1.30634
2.0274 0.15001 0.852184
1.53162 0.15001 -0.00345197
2.35519 0.15001 -0.645742
2.52024 0.15001 -0.550465
2.84999 0.15001 -2.84999
2.02756 0.15001 -1.21333
-2.1616 0.15001 0.443339
2.13871 0.15001 -2.66211
2.02614 0.15001 -0.0883768
1.53415 0.15001 0.937813
-0.470723 0.15001 -0.0445833
-1.45109 0.15001 0.72622
0.540269 0.15001 -0.0239624
1.53471 0.15001 -1.1374
2.68554 0.15001 -0.455548
1.03947 0.15001 1.02505
2.02685 0.15001 -1.02523
-0.47402 0.15001 0.756256
-1.51418 0.15001 -0.379086
1.36941 0.15001 1.02935
1.20777 0.15001 -0.957637
1.56208 0.15001 2.84999
1.36932 0.15001 0.840476
2.51294 0.15001 -2.65552
2.66873 0.15001 -2.36701
2.68505 0.15001 -0.831236
1.03841 0.15001 -0.48689
1.38033 0.15001 -1.44002
0.372179 0.15001 0.259493
1.53673 0.15001 -1.3311
1.56083 0.15001 2.15918
2.02726 0.15001 0.663565
2.68377 0.15001 1.62615
2.68042 0.15001 -1.78887
1.98767 0.15001 -1.97585
0.873174 0.15001 -0.396561
2.84999 0.15001 -0.361315
0.707231 0.15001 0.832307
2.35583 0.15001 0.290815
0.873709 0.15001 0.928609
-0.334288 0.15001 2.67016
0.666759 0.15001 2.33488
2.35086 0.15001 1.62292
