1240 0.1
-0.434354 0.877463 -0.434316
-0.437687 0.874132 -0.247975
-0.440442 0.8714 -0.0616444
-0.443543 0.868355 0.124124
-0.447762 0.864231 0.309418
-0.453717 0.858381 0.494426
-0.461539 0.850753 0.679582
-0.470764 0.84171 0.865696
-0.480222 0.832661 1.05421
-0.486095 0.826978 1.24659
-0.437689 1.0638 -0.437647
-0.441026 1.06094 -0.250842
-0.443802 1.05835 -0.0640044
-0.446904 1.05543 0.122178
-0.451074 1.05155 0.307841
-0.456876 1.04627 0.49326
-0.464433 1.03977 0.678975
-0.473416 1.03257 0.865905
-0.482461 1.02614 1.05545
-0.488298 1.02262 1.24899
-0.440444 1.25011 -0.440391
-0.443801 1.24777 -0.253439
-0.446584 1.24543 -0.066366
-0.44976 1.24274 0.120153
-0.454052 1.23924 0.306278
-0.459992 1.23473 0.492324
-0.467644 1.22955 0.678874
-0.476625 1.22437 0.866884
-0.485558 1.22041 1.05769
-0.491337 1.21894 1.25236
-0.443545 1.43587 -0.443467
-0.446901 1.43394 -0.256389
-0.449756 1.43195 -0.0690805
-0.453111 1.42964 0.11782
-0.457666 1.42673 0.304531
-0.463924 1.42326 0.49143
-0.471836 1.4197 0.679158
-0.480896 1.41669 0.868664
-0.489712 1.41514 1.06115
-0.495356 1.41577 1.25734
-0.447775 1.62116 -0.447655
-0.45108 1.61961 -0.260325
-0.454059 1.61809 -0.0726184
-0.457682 1.61635 0.114896
-0.462589 1.61433 0.302513
-0.469221 1.61225 0.49069
-0.477387 1.61064 0.680125
-0.486416 1.60991 0.871714
-0.494894 1.6108 1.06624
-0.500082 1.61359 1.26386
-0.453711 1.80617 -0.453532
-0.456862 1.80505 -0.265626
-0.459978 1.80414 -0.0771506
-0.463922 1.80325 0.111413
-0.469207 1.80249 0.300431
-0.47612 1.80222 0.490431
-0.484331 1.80289 0.682203
-0.493063 1.80449 0.876975
-0.500279 1.80602 1.07424
-0.502666 1.80764 1.26865
-0.461559 1.99133 -0.461321
-0.464435 1.99079 -0.272259
-0.467652 1.99072 -0.0824215
-0.471862 1.991 0.10779
-0.477405 1.9919 0.298758
-0.484356 1.9939 0.490977
-0.492283 1.99716 0.685122
-0.500305 2.00112 0.881507
-0.507177 2.00251 1.08006
-0.511059 2.00217 1.28044
-0.470838 2.1775 -0.470553
-0.473372 2.17776 -0.279581
-0.476594 2.17875 -0.0877095
-0.480901 2.18055 0.104729
-0.486437 2.18351 0.298099
-0.493092 2.1883 0.492792
-0.500283 2.19389 0.689403
-0.506403 2.19822 0.886526
-0.513705 2.20244 1.08614
-0.517734 2.20421 1.29058
-0.480179 2.36608 -0.479861
-0.482385 2.36733 -0.286333
-0.485518 2.36955 -0.0920555
-0.489732 2.37308 0.102802
-0.494984 2.37822 0.298848
-0.500468 2.3844 0.495015
-0.506464 2.39144 0.691261
-0.513737 2.39768 0.890493
-0.519465 2.40515 1.09388
-0.522726 2.40883 1.29955
-0.486272 2.55872 -0.485932
-0.488263 2.56092 -0.290203
-0.491325 2.56425 -0.0942393
-0.495416 2.56925 0.102062
-0.500231 2.57575 0.298392
-0.505978 2.58324 0.495309
-0.511797 2.59139 0.693965
-0.517948 2.60213 0.894714
-0.522842 2.61079 1.09851
-0.525603 2.61542 1.30484
-0.248012 0.87412 -0.437653
-0.25088 0.870796 -0.250848
-0.253486 0.868043 -0.0640097
-0.256461 0.864979 0.122175
-0.260439 0.860894 0.307844
-0.265817 0.855192 0.493281
-0.272532 0.8478 0.67905
-0.279977 0.839084 0.865927
-0.28683 0.830233 1.0554
-0.290768 0.824675 1.24888
-0.250882 1.06093 -0.440988
-0.253581 1.05823 -0.253547
-0.256192 1.05565 -0.0661242
-0.259159 1.05272 0.120516
-0.263076 1.04889 0.306593
-0.268292 1.04377 0.492468
-0.274729 1.03749 0.678753
-0.281837 1.03055 0.866414
-0.288398 1.02431 1.05684
-0.29218 1.02075 1.25128
-0.253488 1.24775 -0.443754
-0.256192 1.24565 -0.256148
-0.258799 1.24334 -0.0684637
-0.261816 1.24065 0.118541
-0.265795 1.23721 0.305105
-0.271054 1.23285 0.491626
-0.277469 1.22788 0.678761
-0.284461 1.2229 0.867506
-0.290854 1.21893 1.05917
-0.29455 1.21705 1.25469
-0.256462 1.43393 -0.446835
-0.259157 1.43229 -0.259093
-0.261813 1.43036 -0.0711631
-0.264942 1.42806 0.116241
-0.269063 1.42523 0.30341
-0.274461 1.42191 0.490804
-0.280936 1.41852 0.679127
-0.287844 1.41562 0.869368
-0.294058 1.41382 1.06269
-0.297644 1.41341 1.25968
-0.260443 1.6196 -0.450981
-0.263076 1.61838 -0.262978
-0.265797 1.61693 -0.0746384
-0.26907 1.61523 0.113394
-0.273342 1.61331 0.301483
-0.278862 1.61137 0.490154
-0.285348 1.60986 0.680141
-0.29208 1.60914 0.872368
-0.298036 1.60929 1.06772
-0.301483 1.61003 1.2664
-0.265807 1.80504 -0.456719
-0.268277 1.80427 -0.26813
-0.271044 1.80347 -0.0790251
-0.274459 1.80263 0.110055
-0.278859 1.80197 0.299536
-0.284377 1.8018 0.489979
-0.290667 1.80243 0.682112
-0.297053 1.80389 0.876715
-0.303008 1.80568 1.07425
-0.307189 1.8071 1.27447
-0.27251 1.99079 -0.464246
-0.274709 1.99057 -0.274511
-0.277463 1.99062 -0.0840786
-0.280944 1.99097 0.106608
-0.285362 1.99196 0.297985
-0.290683 1.99391 0.490575
-0.296556 1.99686 0.685003
-0.302435 2.00043 0.881866
-0.30735 2.00367 1.08158
-0.310142 2.00568 1.28405
-0.279887 2.17776 -0.473145
-0.281772 2.17826 -0.281533
-0.284433 2.17938 -0.0891528
-0.287849 2.18123 0.103639
-0.29211 2.18421 0.297239
-0.297102 2.18847 0.492061
-0.302486 2.19368 0.688649
-0.308174 2.19919 0.887472
-0.31175 2.20415 1.08909
-0.314046 2.20702 1.29355
-0.286673 2.36734 -0.482134
-0.288292 2.36871 -0.28803
-0.290813 2.37106 -0.0933719
-0.294077 2.37456 0.101621
-0.298109 2.37959 0.297297
-0.303061 2.38599 0.493928
-0.307908 2.39325 0.692116
-0.311785 2.40067 0.892653
-0.315399 2.40733 1.09594
-0.317468 2.41107 1.30177
-0.290568 2.56093 -0.488002
-0.29207 2.56318 -0.291799
-0.294519 2.56659 -0.0955389
-0.297704 2.57155 0.10081
-0.30168 2.57832 0.297586
-0.305816 2.58657 0.495264
-0.310163 2.59566 0.694599
-0.314142 2.60501 0.896089
-0.317492 2.61309 1.10009
-0.319301 2.61764 1.30657
-0.0616788 0.871365 -0.440414
-0.0640375 0.868021 -0.25346
-0.0664043 0.865248 -0.0663836
-0.0691439 0.862108 0.120141
-0.0727332 0.857877 0.306274
-0.0773558 0.852013 0.49233
-0.0827532 0.844472 0.678893
-0.0882714 0.835642 0.866904
-0.0927401 0.826855 1.0577
-0.0950255 0.821164 1.25238
-0.0640397 1.05832 -0.443772
-0.0661541 1.05563 -0.256163
-0.0684999 1.05303 -0.0684763
-0.07122 1.05005 0.118532
-0.0747332 1.04613 0.305101
-0.079187 1.04094 0.491628
-0.0843232 1.03463 0.67877
-0.0895084 1.02777 0.867521
-0.0938006 1.02154 1.05919
-0.0959798 1.01796 1.25471
-0.0664083 1.2454 -0.446548
-0.0685003 1.24332 -0.258766
-0.0708337 1.241 -0.070805
-0.0735767 1.23827 0.116589
-0.077094 1.23481 0.303675
-0.0814961 1.23048 0.490887
-0.0865006 1.22558 0.678914
-0.0914825 1.22071 0.868764
-0.0955954 1.21677 1.06164
-0.0976985 1.21478 1.25821
-0.069145 1.43193 -0.449709
-0.071218 1.43034 -0.261767
-0.0735739 1.4284 -0.0735343
-0.0763645 1.4261 0.114294
-0.0799029 1.42332 0.302035
-0.0842735 1.42011 0.490172
-0.0891659 1.41686 0.679433
-0.0939523 1.4141 0.870794
-0.0978758 1.41229 1.06531
-0.0999084 1.41165 1.2633
-0.0727294 1.61807 -0.45399
-0.0747286 1.61692 -0.265729
-0.0770923 1.61549 -0.0770318
-0.0799053 1.61385 0.111488
-0.083395 1.61203 0.300211
-0.0876645 1.61027 0.489675
-0.0923885 1.60894 0.680615
-0.0969158 1.60836 0.873928
-0.100628 1.60853 1.07045
-0.102638 1.60904 1.27017
-0.077336 1.80413 -0.459885
-0.0791691 1.80346 -0.270948
-0.0814866 1.80272 -0.0813964
-0.0842718 1.80199 0.108253
-0.0876655 1.8015 0.298431
-0.0917105 1.80151 0.489692
-0.096097 1.80233 0.682727
-0.100264 1.80394 0.878294
-0.103771 1.80592 1.07699
-0.106098 1.80741 1.27856
-0.082701 1.99071 -0.467529
-0.0842858 1.99062 -0.277336
-0.0864846 1.99076 -0.0863613
-0.0891655 1.99128 0.104965
-0.0923956 1.99244 0.297074
-0.0961049 1.99453 0.490482
-0.100025 1.99762 0.6858
-0.103744 2.00135 0.883644
-0.106779 2.00498 1.08445
-0.10847 2.00739 1.28788
-0.0880749 2.17876 -0.47645
-0.0894133 2.17939 -0.284281
-0.0914484 2.18064 -0.0912994
-0.0939505 2.18267 0.102142
-0.0969335 2.18576 0.296441
-0.100294 2.1901 0.492057
-0.103795 2.19543 0.689533
-0.107189 2.20112 0.88939
-0.109522 2.20629 1.092
-0.110781 2.20946 1.29704
-0.0924621 2.36958 -0.485361
-0.0936531 2.37108 -0.29065
-0.0955444 2.37354 -0.0953853
-0.0978717 2.37723 0.10021
-0.10063 2.38228 0.296532
-0.103741 2.38878 0.494023
-0.106967 2.39615 0.693219
-0.109542 2.40359 0.894625
-0.11166 2.41012 1.09856
-0.112795 2.41392 1.30481
-0.0946637 2.5643 -0.491162
-0.0958153 2.56662 -0.294356
-0.097644 2.57012 -0.0974927
-0.0999033 2.57525 0.0994718
-0.102554 2.58204 0.296984
-0.105438 2.59041 0.495529
-0.108327 2.59955 0.69566
-0.110788 2.60859 0.897855
-0.112793 2.61632 1.10245
-0.113808 2.62075 1.30932
0.12409 0.86829 -0.443527
0.122152 0.864929 -0.256447
0.120127 0.862074 -0.0691339
0.117772 0.858753 0.117776
0.114782 0.854237 0.304499
0.111187 0.848029 0.491414
0.107406 0.840169 0.679162
0.104043 0.831208 0.868694
0.101774 0.822453 1.06123
0.100932 0.816776 1.25751
0.122149 1.05537 -0.446885
0.120493 1.05267 -0.259142
0.118516 1.05002 -0.0712066
0.116196 1.04692 0.116205
0.113305 1.04283 0.303384
0.109892 1.03749 0.49079
0.106343 1.03107 0.679131
0.103238 1.02423 0.8694
0.101114 1.01812 1.06277
0.100332 1.01455 1.25982
0.120121 1.24268 -0.449738
0.118514 1.24062 -0.261795
0.116567 1.23826 -0.0735596
0.114261 1.23549 0.114275
0.111433 1.23198 0.302021
0.108162 1.22765 0.490168
0.104828 1.22281 0.679439
0.101963 1.21809 0.870817
0.100008 1.21429 1.06536
0.0992805 1.21234 1.26337
0.117768 1.4296 -0.453079
0.116197 1.42803 -0.264912
0.114264 1.42609 -0.0763404
0.111985 1.42383 0.112004
0.109257 1.42112 0.300487
0.106171 1.41807 0.489636
0.10308 1.41503 0.680189
0.100465 1.41246 0.873071
0.0986753 1.41078 1.06917
0.0979822 1.41019 1.26851
0.114793 1.61633 -0.457638
0.113313 1.61521 -0.269029
0.111437 1.61385 -0.0798707
0.109258 1.61231 0.109287
0.106758 1.61068 0.298861
0.103951 1.6092 0.489407
0.101137 1.60813 0.681646
0.0987955 1.60776 0.876409
0.0971585 1.60804 1.07438
0.0964468 1.6086 1.27533
0.111217 1.80324 -0.463868
0.109913 1.80262 -0.274406
0.108174 1.802 -0.0842245
0.106175 1.80146 0.106214
0.10395 1.80123 0.297354
0.101509 1.80157 0.48974
0.0990764 1.80266 0.684035
0.0970357 1.80444 0.880928
0.095527 1.80652 1.0809
0.0947203 1.80807 1.28355
0.107456 1.991 -0.471795
0.106386 1.99098 -0.280875
0.104851 1.99129 -0.0891021
0.103089 1.99203 0.103143
0.101137 1.99348 0.296284
0.0990763 1.99588 0.490822
0.0970625 1.99916 0.687323
0.0953209 2.00297 0.886337
0.0940384 2.00663 1.08821
0.0934184 2.00904 1.29251
0.104233 2.18058 -0.480828
0.10334 2.18126 -0.287767
0.102 2.1827 -0.0938738
0.100476 2.18493 0.100538
0.0987955 2.18827 0.295865
0.0970344 2.19278 0.492561
0.0952999 2.19815 0.691121
0.093786 2.20378 0.891999
0.092788 2.20883 1.09549
0.0923679 2.21197 1.30121
0.102203 2.37317 -0.489661
0.1013 2.37463 -0.293992
0.100065 2.37727 -0.0977897
0.0986982 2.38103 0.0987636
0.0971938 2.38626 0.296068
0.0955972 2.39278 0.494575
0.0940177 2.40002 0.694758
0.0927929 2.40718 0.897039
0.0919134 2.41339 1.10171
0.0915364 2.41709 1.30851
0.101538 2.5694 -0.495351
0.100536 2.57166 -0.297627
0.0993477 2.5753 -0.0998308
0.0980263 2.58038 0.0980815
0.0965718 2.58718 0.296557
0.0950372 2.59538 0.496074
0.0935648 2.60424 0.697114
0.0924075 2.61286 0.900104
0.0915507 2.62016 1.10536
0.091201 2.62438 1.31272
0.309388 0.864087 -0.447772
0.307828 0.860775 -0.260441
0.306272 0.857799 -0.072735
0.304515 0.854191 0.11478
0.302403 0.849293 0.302395
0.300182 0.842696 0.490565
0.298326 0.834564 0.679981
0.297188 0.825543 0.871585
0.297068 0.816995 1.06639
0.297481 0.811559 1.26465
0.307825 1.05142 -0.45108
0.306581 1.04878 -0.263075
0.305095 1.04606 -0.0747314
0.303386 1.0428 0.113308
0.301407 1.03854 0.301407
0.29938 1.03304 0.49009
0.297719 1.0266 0.6801
0.296819 1.0199 0.872383
0.296775 1.01402 1.0679
0.297227 1.01059 1.26683
0.306263 1.23913 -0.454057
0.305093 1.23713 -0.265794
0.303666 1.23476 -0.0770907
0.302018 1.23195 0.111438
0.300172 1.22847 0.300174
0.298361 1.22421 0.489656
0.296957 1.21954 0.680622
0.296292 1.21507 0.873977
0.296376 1.21149 1.07056
0.296856 1.2096 1.27035
0.304497 1.42665 -0.45767
0.303384 1.42517 -0.269059
0.302019 1.42328 -0.0798968
0.30048 1.42111 0.109265
0.298842 1.41861 0.298847
0.297325 1.41581 0.489404
0.296235 1.41304 0.681656
0.295812 1.41077 0.876438
0.296007 1.40924 1.07444
0.296486 1.40869 1.2754
0.302421 1.61427 -0.462587
0.301419 1.61327 -0.273331
0.300178 1.61202 -0.0833838
0.298847 1.61068 0.10677
0.297548 1.60939 0.297556
0.296412 1.60826 0.489516
0.295644 1.60753 0.683395
0.295444 1.6074 0.87993
0.295704 1.60774 1.07961
0.296133 1.60831 1.28198
0.300223 1.80245 -0.469199
0.299404 1.80195 -0.27884
0.298371 1.8015 -0.0876472
0.297332 1.80124 0.103966
0.296411 1.80135 0.296422
0.295681 1.80206 0.490224
0.295245 1.80347 0.686048
0.295221 1.80537 0.884504
0.295488 1.80741 1.08592
0.295833 1.8089 1.28978
0.298359 1.99187 -0.477396
0.297758 1.99196 -0.285333
0.296979 1.99247 -0.0923661
0.29625 1.99351 0.10116
0.295648 1.99522 0.295664
0.295249 1.99788 0.49161
0.295078 2.00137 0.689509
0.295157 2.00516 0.889847
0.295429 2.00864 1.09289
0.295749 2.01094 1.29814
0.297398 2.18351 -0.486448
0.296908 2.18424 -0.292069
0.29632 2.18582 -0.096888
0.295826 2.1883 0.0988264
0.295456 2.19176 0.295471
0.295235 2.19633 0.493471
0.295158 2.20168 0.693267
0.295255 2.20713 0.895268
0.29552 2.2118 1.09971
0.295836 2.21477 1.30619
0.297682 2.37845 -0.495045
0.296952 2.37975 -0.298044
0.296423 2.38239 -0.100568
0.296031 2.38631 0.0972296
0.295746 2.39142 0.29576
0.295553 2.39771 0.495449
0.295458 2.40469 0.696725
0.295537 2.41156 0.899967
0.29574 2.41722 1.10545
0.295996 2.42068 1.31288
0.297815 2.57628 -0.500295
0.297365 2.57862 -0.301661
0.296908 2.5822 -0.102519
0.296532 2.58725 0.0965974
0.296229 2.5938 0.296241
0.295994 2.60158 0.496872
0.295855 2.60992 0.698932
0.295879 2.61797 0.902799
0.296011 2.62464 1.10879
0.296217 2.62851 1.31671
0.494398 0.858147 -0.453732
0.493266 0.855002 -0.265827
0.492342 0.851872 -0.0773527
0.491478 0.847958 0.111189
0.49058 0.84267 0.300173
0.490123 0.835764 0.490117
0.490493 0.827572 0.681702
0.491692 0.818816 0.875778
0.493601 0.810679 1.0731
0.49511 0.805594 1.27354
0.493262 1.04605 -0.456887
0.492468 1.04359 -0.268299
0.491633 1.04081 -0.0791891
0.490804 1.03741 0.109895
0.490093 1.033 0.299377
0.489832 1.0275 0.489829
0.490341 1.02124 0.681974
0.491735 1.01494 0.876648
0.493666 1.0094 1.07455
0.495207 1.0062 1.27553
0.492329 1.23453 -0.460002
0.49163 1.23269 -0.271062
0.490889 1.23038 -0.0815011
0.490173 1.2276 0.108164
0.489655 1.22419 0.298361
0.48965 1.22016 0.48965
0.490412 1.2158 0.682732
0.491984 1.21173 0.878379
0.493976 1.20843 1.0772
0.495514 1.20664 1.2789
0.491416 1.4231 -0.463935
0.490797 1.42178 -0.27447
0.490173 1.42005 -0.0842793
0.489642 1.41804 0.106172
0.489403 1.4158 0.297327
0.489735 1.41336 0.489736
0.490801 1.41096 0.684057
0.492546 1.40902 0.880988
0.49456 1.4077 1.08101
0.496054 1.40708 1.28369
0.490604 1.61212 -0.469231
0.490109 1.61129 -0.278871
0.489663 1.61024 -0.0876712
0.48941 1.60919 0.10395
0.489513 1.60826 0.296412
0.490224 1.60753 0.490225
0.491602 1.60714 0.686062
0.493459 1.60721 0.884532
0.495421 1.6076 1.08597
0.496818 1.608 1.28983
0.49019 1.8021 -0.476132
0.48986 1.80175 -0.284383
0.489657 1.80151 -0.0917144
0.489741 1.80159 0.101508
0.490224 1.80207 0.295682
0.491266 1.80313 0.491268
0.492835 1.80471 0.688872
0.49469 1.80662 0.888997
0.496511 1.80856 1.09188
0.497763 1.80983 1.29696
0.49051 1.99371 -0.484379
0.490374 1.99389 -0.290688
0.490425 1.99457 -0.0960969
0.490812 1.99592 0.0990843
0.49161 1.99791 0.295254
0.492842 2.00075 0.492848
0.494415 2.00415 0.692308
0.49614 2.00773 0.894048
0.497756 2.01097 1.09829
0.498854 2.01294 1.30455
0.491912 2.18773 -0.493182
0.491788 2.18851 -0.297071
0.491992 2.19021 -0.100254
0.49255 2.19285 0.0970572
0.493469 2.19637 0.295245
0.494705 2.20087 0.494711
0.496147 2.20591 0.69585
0.497654 2.21085 0.899025
0.499033 2.21519 1.10445
0.499977 2.2177 1.31173
0.494527 2.38483 -0.501269
0.493775 2.38632 -0.302622
0.49399 2.38898 -0.103631
0.494573 2.39288 0.0956323
0.495452 2.39776 0.295565
0.496555 2.40374 0.49656
0.497787 2.4101 0.699007
0.499052 2.41622 0.903252
0.500195 2.42143 1.10955
0.500976 2.4244 1.31766
0.495092 2.58493 -0.50632
0.495225 2.58721 -0.305804
0.495528 2.5907 -0.105389
0.496083 2.59552 0.0950668
0.496878 2.60163 0.296009
0.497848 2.60882 0.497854
0.498919 2.61633 0.700999
0.500012 2.6235 0.905796
0.500989 2.62947 1.11254
0.501657 2.63287 1.32107
0.679559 0.850306 -0.461617
0.679001 0.847436 -0.272552
0.678904 0.844227 -0.0826928
0.679165 0.840097 0.107407
0.679992 0.834491 0.298263
0.681709 0.827518 0.490498
0.684488 0.819652 0.684528
0.688125 0.811379 0.881116
0.69189 0.804015 1.08087
0.694392 0.799424 1.28337
0.678998 1.03936 -0.464494
0.678768 1.03717 -0.274758
0.678786 1.03441 -0.0843277
0.679145 1.03089 0.106343
0.680105 1.02653 0.297714
0.68198 1.0212 0.490349
0.684872 1.01534 0.684888
0.688571 1.00958 0.882012
0.692336 1.00457 1.08222
0.694824 1.0017 1.28517
0.678906 1.22918 -0.467699
0.678787 1.2276 -0.277501
0.678933 1.22539 -0.0865178
0.679456 1.2227 0.104823
0.680625 1.21948 0.296959
0.682735 1.21577 0.490418
0.685815 1.21189 0.685825
0.689587 1.20828 0.8838
0.693324 1.20529 1.08476
0.695768 1.20368 1.2883
0.679169 1.41937 -0.471897
0.679147 1.41828 -0.280971
0.679455 1.41673 -0.0891857
0.680211 1.41495 0.103072
0.681663 1.41301 0.296236
0.68406 1.41095 0.490809
0.687345 1.409 0.687358
0.691161 1.40734 0.886429
0.694807 1.40617 1.08837
0.697154 1.40558 1.29269
0.68003 1.61034 -0.477455
0.680122 1.60968 -0.285386
0.680632 1.60886 -0.0924084
0.68167 1.60811 0.101129
0.683402 1.60752 0.295645
0.686067 1.60713 0.491611
0.68952 1.60703 0.689533
0.69328 1.60718 0.889895
0.696734 1.60754 1.09296
0.698923 1.60785 1.29823
0.681824 1.80262 -0.484411
0.682005 1.80233 -0.290706
0.682732 1.80231 -0.0961109
0.684058 1.80268 0.0990748
0.686063 1.80349 0.295249
0.688878 1.80471 0.492848
0.692303 1.8063 0.692318
0.695841 1.80809 0.894065
0.698986 1.8098 1.09831
0.700957 1.81089 1.30458
0.68453 1.99698 -0.492384
0.684885 1.99687 -0.296591
0.685814 1.99769 -0.100024
0.687348 1.99922 0.0970791
0.689527 2.00141 0.295096
0.692312 2.00418 0.494434
0.695469 2.00732 0.695486
0.698634 2.01053 0.898591
0.70138 2.01337 1.10397
0.703094 2.01502 1.3112
0.688078 2.19398 -0.500491
0.688543 2.19393 -0.302484
0.689567 2.19562 -0.103746
0.691153 2.19828 0.0953439
0.693283 2.20175 0.295188
0.695851 2.20595 0.49617
0.698638 2.21041 0.698656
0.701354 2.21479 0.902967
0.703678 2.21852 1.10933
0.705131 2.22065 1.31742
0.691831 2.39238 -0.506899
0.692276 2.39386 -0.307859
0.693293 2.39649 -0.106927
0.694799 2.4002 0.0940454
0.696746 2.40479 0.295477
0.69901 2.41014 0.497803
0.701397 2.41577 0.701411
0.703689 2.42109 0.906636
0.705632 2.4256 1.11374
0.706843 2.42806 1.32253
0.694333 2.59314 -0.512209
0.694769 2.59654 -0.310234
0.695745 2.6 -0.108324
0.697158 2.60447 0.0935803
0.698952 2.61004 0.295869
0.701002 2.61638 0.49893
0.703129 2.62297 0.703141
0.705153 2.62919 0.908839
0.706851 2.63431 1.11632
0.7079 2.6372 1.32545
0.865723 0.841038 -0.470969
0.86596 0.838516 -0.280024
0.866923 0.83529 -0.0882253
0.868645 0.830993 0.104053
0.871601 0.825443 0.2972
0.875789 0.818764 0.49171
0.881066 0.811353 0.688142
0.887059 0.803912 0.887075
0.892481 0.797475 1.0889
0.895857 0.79356 1.29323
0.865958 1.03198 -0.473482
0.86646 1.03011 -0.281878
0.867553 1.02745 -0.0895187
0.869414 1.02403 0.103235
0.872393 1.0198 0.296817
0.876657 1.01488 0.491741
0.882004 1.00955 0.68858
0.887888 1.00434 0.887896
0.893287 1 1.09006
0.896587 0.997506 1.29472
0.866947 1.22377 -0.476674
0.86756 1.22246 -0.284502
0.868802 1.22043 -0.0915085
0.870848 1.21793 0.10195
0.873989 1.21498 0.296287
0.87839 1.21169 0.491987
0.883796 1.20825 0.689593
0.88961 1.20502 0.88962
0.894878 1.20241 1.09239
0.898086 1.201 1.29751
0.868729 1.41603 -0.480964
0.869429 1.4152 -0.287894
0.870845 1.41388 -0.0939827
0.873112 1.41235 0.100449
0.876459 1.41071 0.295808
0.881 1.40899 0.492551
0.886424 1.40732 0.69117
0.89211 1.40591 0.892119
0.89716 1.40481 1.09567
0.900216 1.40431 1.30143
0.871647 1.60918 -0.486524
0.872408 1.60877 -0.292136
0.87399 1.60822 -0.0969417
0.876461 1.60771 0.0987877
0.879956 1.60737 0.295449
0.884547 1.6072 0.493473
0.889889 1.60716 0.693298
0.895311 1.60734 0.895328
0.900014 1.60757 1.09979
0.902838 1.60784 1.30629
0.876013 1.80369 -0.493225
0.876666 1.80367 -0.297089
0.87837 1.80391 -0.100265
0.880987 1.80445 0.0970498
0.88454 1.80539 0.295242
0.889015 1.80662 0.494715
0.894058 1.80808 0.695864
0.899035 1.80967 0.899053
0.903257 1.81103 1.10449
0.905794 1.81196 1.31178
0.881135 2.00012 -0.500619
0.881969 2.00048 -0.302408
0.883768 2.00148 -0.103706
0.886413 2.00305 0.0953695
0.889888 2.00521 0.295202
0.894066 2.00774 0.496179
0.898583 2.01053 0.698664
0.902958 2.01334 0.902979
0.906621 2.01562 1.10934
0.908816 2.017 1.31743
0.886725 2.19892 -0.507952
0.887753 2.19971 -0.307556
0.889555 2.20142 -0.106932
0.892085 2.20394 0.0938981
0.895306 2.20723 0.295315
0.899039 2.21088 0.497694
0.902958 2.2148 0.701385
0.906681 2.21859 0.906703
0.909774 2.22161 1.11388
0.911628 2.22338 1.3227
0.891168 2.40042 -0.514251
0.893013 2.4017 -0.311869
0.894793 2.40408 -0.109532
0.897127 2.40742 0.0928149
0.900009 2.41169 0.295558
0.903266 2.41628 0.499071
0.906628 2.42111 0.70371
0.909781 2.42573 0.9098
0.912384 2.42936 1.11762
0.913936 2.4315 1.32702
0.895386 2.60447 -0.518215
0.896389 2.60623 -0.314322
0.89801 2.60919 -0.110881
0.900187 2.61316 0.0923679
0.902835 2.61812 0.295871
0.905809 2.62357 0.500016
0.908832 2.62922 0.705166
0.911641 2.63449 0.911656
0.913942 2.63875 1.11979
0.915296 2.6412 1.32948
1.0543 0.831781 -0.480359
1.05552 0.829561 -0.286879
1.05775 0.82641 -0.0927476
1.06126 0.822196 0.101768
1.06643 0.816856 0.297047
1.0731 0.810603 0.493572
1.08087 0.803925 0.691891
1.08888 0.797444 0.892536
1.09579 0.79196 1.09585
1.09987 0.788724 1.30155
1.05553 1.02528 -0.482535
1.05691 1.02365 -0.288445
1.05923 1.02112 -0.0938255
1.06279 1.01788 0.101102
1.06791 1.0139 0.29677
1.07455 1.00932 0.493671
1.08221 1.00453 0.692344
1.09004 0.999981 0.893299
1.09686 0.996246 1.09689
1.10085 0.994142 1.30285
1.05777 1.21943 -0.485626
1.05924 1.21825 -0.290909
1.06169 1.21637 -0.0956296
1.06539 1.21409 0.0999896
1.07058 1.21138 0.29637
1.07721 1.20837 0.493984
1.08475 1.20526 0.693335
1.09237 1.20239 0.894891
1.09895 1.20014 1.09897
1.10281 1.19896 1.30532
1.06129 1.41393 -0.489818
1.0628 1.41315 -0.294135
1.06539 1.41197 -0.0979132
1.06922 1.41062 0.0986622
1.07446 1.40915 0.296007
1.08102 1.40765 0.494575
1.08835 1.40614 0.694824
1.09566 1.4048 0.897176
1.1019 1.40382 1.10192
1.10555 1.40343 1.30876
1.06648 1.6091 -0.495125
1.0679 1.60874 -0.298107
1.07057 1.60833 -0.100632
1.07446 1.60796 0.0971766
1.07965 1.6077 0.295729
1.08598 1.60758 0.495451
1.09296 1.60753 0.696762
1.09978 1.60756 0.900039
1.10553 1.60772 1.10555
1.10888 1.60799 1.31299
1.07352 1.80544 -0.501296
1.0745 1.80555 -0.302636
1.07717 1.80592 -0.103651
1.081 1.80653 0.0956127
1.08597 1.80742 0.295552
1.0919 1.80856 0.496563
1.09831 1.8098 0.699027
1.10447 1.81102 0.903288
1.10957 1.81214 1.1096
1.11257 1.81296 1.31772
1.08081 2.00357 -0.507949
1.08209 2.00415 -0.30736
1.0847 2.00521 -0.106685
1.08833 2.00674 0.0941346
1.09295 2.0087 0.295507
1.09831 2.011 0.497818
1.10396 2.01338 0.701425
1.10932 2.01562 0.906655
1.11374 2.01751 1.11376
1.11632 2.01871 1.32256
1.0885 2.20407 -0.514397
1.08983 2.205 -0.311876
1.09227 2.20671 -0.109503
1.09562 2.20903 0.092839
1.09977 2.2119 0.295571
1.10447 2.21523 0.499079
1.10932 2.21854 0.703716
1.11387 2.22161 0.909806
1.1176 2.22414 1.11763
1.11977 2.22571 1.32703
1.09499 2.40729 -0.519841
1.09649 2.4085 -0.315594
1.09881 2.4107 -0.11175
1.10184 2.41367 0.0918799
1.10551 2.41735 0.295735
1.10957 2.42149 0.500209
1.11374 2.42562 0.705656
1.11761 2.42937 0.912409
1.12075 2.43248 1.12078
1.12258 2.43432 1.33068
1.09926 2.61288 -0.523078
1.10052 2.61435 -0.317685
1.10266 2.61696 -0.112926
1.10548 2.62049 0.0914717
1.10885 2.62481 0.295971
1.11256 2.62955 0.500982
1.11632 2.63433 0.706864
1.11978 2.63876 0.913961
1.12259 2.64238 1.12261
1.12419 2.64445 1.33274
1.24688 0.825879 -0.486347
1.24907 0.823795 -0.290764
1.25246 0.820644 -0.0949719
1.25755 0.81648 0.101007
1.26459 0.811469 0.297498
1.27354 0.805494 0.495053
1.28342 0.799356 0.694369
1.29321 0.793529 0.895862
1.30149 0.788714 1.0999
1.30625 0.785964 1.30629
1.24913 1.02156 -0.488419
1.25139 1.01995 -0.292229
1.25478 1.01746 -0.0959958
1.25985 1.01427 0.10033
1.26683 1.01041 0.297229
1.27552 1.0061 0.495212
1.28516 1.00164 0.694829
1.2947 0.997477 0.8966
1.30281 0.994136 1.10088
1.30747 0.992328 1.3075
1.25249 1.21752 -0.491443
1.25479 1.21617 -0.294624
1.25828 1.21431 -0.0977375
1.26342 1.21209 0.0992667
1.27038 1.20946 0.296856
1.27891 1.20656 0.495527
1.28829 1.20362 0.695787
1.2975 1.20098 0.898107
1.30529 1.19895 1.10283
1.30978 1.19794 1.3098
1.25757 1.41377 -0.49552
1.25986 1.41249 -0.297761
1.26342 1.41128 -0.0999514
1.26858 1.41002 0.0979807
1.27543 1.40859 0.2965
1.28371 1.40703 0.496078
1.29268 1.40555 0.697183
1.30142 1.40429 0.900243
1.30874 1.40342 1.10558
1.31295 1.40309 1.31297
1.26446 1.61038 -0.500434
1.26678 1.60928 -0.301651
1.27037 1.60879 -0.1026
1.27543 1.60851 0.0965163
1.28203 1.60827 0.296192
1.28985 1.60798 0.496867
1.29823 1.60784 0.698967
1.30628 1.60783 0.902874
1.31297 1.60799 1.1089
1.31682 1.60823 1.31685
1.27241 1.80697 -0.505395
1.27534 1.80704 -0.306235
1.27886 1.80743 -0.105651
1.28368 1.80809 0.0949379
1.28984 1.80891 0.295953
1.29699 1.80984 0.497842
1.30458 1.8109 0.701015
1.31176 1.81196 0.905836
1.3177 1.81295 1.1126
1.32111 1.81367 1.32114
1.28298 2.00508 -0.512248
1.28497 2.00644 -0.31025
1.28821 2.00762 -0.108335
1.29265 2.00917 0.0935671
1.29822 2.011 0.295862
1.30458 2.01297 0.498934
1.3112 2.01504 0.703154
1.31742 2.01701 0.908861
1.32253 2.01871 1.11635
1.32546 2.01978 1.32549
1.29279 2.20668 -0.518247
1.29444 2.20805 -0.314334
1.29737 2.20989 -0.110883
1.30136 2.21218 0.0923678
1.30626 2.21486 0.295873
1.31176 2.21776 0.500021
1.31742 2.22067 0.705174
1.32269 2.22339 0.911665
1.327 2.22571 1.1198
1.32947 2.2271 1.3295
1.30078 2.41088 -0.523003
1.30243 2.4122 -0.317698
1.30511 2.41445 -0.112942
1.30866 2.41736 0.0914618
1.31294 2.42082 0.295968
1.31769 2.42447 0.500982
1.32253 2.42809 0.706866
1.327 2.43151 0.913964
1.33066 2.43432 1.12261
1.33272 2.43594 1.33275
1.30564 2.61732 -0.52582
1.30707 2.61884 -0.319495
1.30958 2.62138 -0.113958
1.31285 2.62471 0.0911021
1.31678 2.62868 0.296168
1.32109 2.63296 0.501644
1.32546 2.63723 0.707909
1.32947 2.64121 0.915317
1.33272 2.64445 1.12422
1.33453 2.64627 1.33456
-3 0 -3
-3 0 3
-3 1 -3
-3 1 3
-3 2 -3
-3 2 3
-3 3 -3
-3 3 3
-3 4 -3
-3 4 3
-3 5 -3
-3 5 3
-3 6 -3
-3 6 3
-2 0 -3
-2 0 3
-2 1 -3
-2 1 3
-2 2 -3
-2 2 3
-2 3 -3
-2 3 3
-2 4 -3
-2 4 3
-2 5 -3
-2 5 3
-2 6 -3
-2 6 3
-1 0 -3
-1 0 3
-1 1 -3
-1 1 3
-1 2 -3
-1 2 3
-1 3 -3
-1 3 3
-1 4 -3
-1 4 3
-1 5 -3
-1 5 3
-1 6 -3
-1 6 3
0 0 -3
0 0 3
0 1 -3
0 1 3
0 2 -3
0 2 3
0 3 -3
0 3 3
0 4 -3
0 4 3
0 5 -3
0 5 3
0 6 -3
0 6 3
1 0 -3
1 0 3
1 1 -3
1 1 3
1 2 -3
1 2 3
1 3 -3
1 3 3
1 4 -3
1 4 3
1 5 -3
1 5 3
1 6 -3
1 6 3
2 0 -3
2 0 3
2 1 -3
2 1 3
2 2 -3
2 2 3
2 3 -3
2 3 3
2 4 -3
2 4 3
2 5 -3
2 5 3
2 6 -3
2 6 3
-3 0 -3
-3 7 -3
-3 0 -2
-3 7 -2
-3 0 -1
-3 7 -1
-3 0 0
-3 7 0
-3 0 1
-3 7 1
-3 0 2
-3 7 2
-2 0 -3
-2 7 -3
-2 0 -2
-2 7 -2
-2 0 -1
-2 7 -1
-2 0 0
-2 7 0
-2 0 1
-2 7 1
-2 0 2
-2 7 2
-1 0 -3
-1 7 -3
-1 0 -2
-1 7 -2
-1 0 -1
-1 7 -1
-1 0 0
-1 7 0
-1 0 1
-1 7 1
-1 0 2
-1 7 2
0 0 -3
0 7 -3
0 0 -2
0 7 -2
0 0 -1
0 7 -1
0 0 0
0 7 0
0 0 1
0 7 1
0 0 2
0 7 2
1 0 -3
1 7 -3
1 0 -2
1 7 -2
1 0 -1
1 7 -1
1 0 0
1 7 0
1 0 1
1 7 1
1 0 2
1 7 2
2 0 -3
2 7 -3
2 0 -2
2 7 -2
2 0 -1
2 7 -1
2 0 0
2 7 0
2 0 1
2 7 1
2 0 2
2 7 2
-3 0 -3
3 0 -3
-3 0 -2
3 0 -2
-3 0 -1
3 0 -1
-3 0 0
3 0 0
-3 0 1
3 0 1
-3 0 2
3 0 2
-3 1 -3
3 1 -3
-3 1 -2
3 1 -2
-3 1 -1
3 1 -1
-3 1 0
3 1 0
-3 1 1
3 1 1
-3 1 2
3 1 2
-3 2 -3
3 2 -3
-3 2 -2
3 2 -2
-3 2 -1
3 2 -1
-3 2 0
3 2 0
-3 2 1
3 2 1
-3 2 2
3 2 2
-3 3 -3
3 3 -3
-3 3 -2
3 3 -2
-3 3 -1
3 3 -1
-3 3 0
3 3 0
-3 3 1
3 3 1
-3 3 2
3 3 2
-3 4 -3
3 4 -3
-3 4 -2
3 4 -2
-3 4 -1
3 4 -1
-3 4 0
3 4 0
-3 4 1
3 4 1
-3 4 2
3 4 2
-3 5 -3
3 5 -3
-3 5 -2
3 5 -2
-3 5 -1
3 5 -1
-3 5 0
3 5 0
-3 5 1
3 5 1
-3 5 2
3 5 2
-3 6 -3
3 6 -3
-3 6 -2
3 6 -2
-3 6 -1
3 6 -1
-3 6 0
3 6 0
-3 6 1
3 6 1
-3 6 2
3 6 2
