1240 0.1
-0.792686 0.15001 -0.795561
-0.901454 0.15001 -0.350646
-0.944536 0.15001 -0.0429577
-1.17246 0.15001 0.239969
-1.11099 0.15001 0.429146
-1.01972 0.15001 0.626504
-0.914168 0.15001 0.780414
-0.946957 0.15001 0.960884
-0.89254 0.15001 1.17947
-0.768815 0.15001 1.60076
-1.17763 0.15001 -1.17777
-1.14545 0.15001 -0.567432
-1.28495 0.15001 -0.212232
-1.32643 0.15001 0.0570549
-1.39702 0.15001 0.285069
-1.42029 0.15001 0.493203
-1.38591 0.15001 0.691391
-1.38173 0.15001 0.878156
-1.36264 0.15001 1.17839
-1.16722 0.15001 1.80185
-1.04253 0.15001 -1.04114
-0.939123 0.15001 -0.591965
-1.08213 0.159213 -0.228337
-1.12051 0.15408 0.0551168
-0.961743 0.15652 0.280349
-1.23436 0.160521 0.575771
-1.20344 0.15001 0.800643
-1.21701 0.15001 0.989737
-1.15972 0.15001 1.22359
-1.14114 0.15001 1.58433
-1.18612 0.321349 -1.18712
-1.14556 0.194073 -0.786179
-1.25878 0.254367 -0.361694
-1.28377 0.273474 -0.0604926
-1.29227 0.268791 0.182487
-1.32132 0.274167 0.391811
-1.38523 0.309843 0.618888
-1.37185 0.322747 0.854366
-1.37362 0.293206 1.07195
-1.14876 0.272856 1.93637
-0.915758 0.217272 -0.923493
-1.02385 0.24432 -0.43843
-0.939864 0.275183 -0.155414
-0.98589 0.281368 0.0976154
-1.10053 0.291991 0.323446
-1.06909 0.291523 0.547629
-1.08221 0.271253 0.746884
-1.05796 0.215429 1.08458
-0.980672 0.201748 1.36213
-0.955004 0.199875 1.58586
-1.04592 0.31523 -1.03868
-1.03397 0.287406 -0.646059
-1.10259 0.331187 -0.276492
-1.1012 0.340888 -0.0724289
-1.14121 0.381115 0.154784
-1.19559 0.391429 0.462612
-1.20409 0.382778 0.657543
-1.15291 0.327676 0.916977
-1.17571 0.327418 1.1666
-1.05138 0.278864 1.74677
-0.793557 0.326901 -0.829869
-0.850149 0.334501 -0.459592
-0.761676 0.32636 -0.214046
-0.786736 0.343249 0.0755564
-0.914398 0.357821 0.274376
-0.880403 0.3722 0.56626
-0.91433 0.304742 0.844135
-0.918889 0.341314 1.08386
-0.825815 0.287249 1.26512
-0.774012 0.272828 1.48034
-0.936873 0.413932 -0.917791
-0.888696 0.421497 -0.613805
-0.905288 0.411168 -0.288385
-0.892584 0.421251 -0.062695
-0.921513 0.459852 0.127898
-0.974101 0.44389 0.432282
-0.974598 0.430588 0.715163
-0.919713 0.452564 0.929257
-0.97061 0.418684 1.23572
-0.849203 0.346846 1.63807
-0.719841 0.457072 -0.71566
-0.708857 0.461689 -0.437016
-0.662586 0.473964 -0.184178
-0.677145 0.489984 0.0329773
-0.740214 0.490793 0.324864
-0.755399 0.511107 0.572011
-0.765027 0.501652 0.772519
-0.739686 0.495701 1.00929
-0.722274 0.436317 1.24757
-0.671776 0.406514 1.49979
-0.625642 0.599868 -0.622387
-0.615161 0.61996 -0.401064
-0.602335 0.644081 -0.183243
-0.609892 0.657954 0.0276267
-0.639511 0.64322 0.256598
-0.678497 0.656974 0.488955
-0.694177 0.663921 0.721245
-0.671049 0.652548 0.946352
-0.669095 0.599042 1.187
-0.640073 0.561198 1.42043
-0.347387 0.15001 -0.870035
-0.410805 0.15001 -0.431265
-0.328227 0.15001 -0.0927992
-0.404757 0.15001 0.137802
-0.434872 0.15001 0.318631
-0.439279 0.15001 0.658103
-0.377094 0.15001 0.823289
-0.474491 0.15001 1.10064
-0.52048 0.15001 1.44147
-0.38319 0.15001 1.63592
-0.570925 0.15001 -1.14466
-0.717004 0.15001 -0.614944
-0.610918 0.15001 -0.317644
-0.650166 0.15001 0.0445989
-0.772282 0.15001 0.335149
-0.643084 0.15001 0.540675
-0.709486 0.15001 0.702422
-0.598845 0.15001 0.952984
-0.459642 0.15001 1.27166
-0.535494 0.15001 1.99561
-0.600715 0.15001 -0.923761
-0.583469 0.15001 -0.500582
-0.449469 0.15001 -0.235882
-0.480383 0.20362 -0.0143487
-0.590676 0.169979 0.213616
-0.844792 0.15016 0.533805
-0.74387 0.218306 0.85523
-0.68584 0.15001 1.11932
-0.767602 0.15001 1.37163
-0.500092 0.15001 1.79101
-0.776988 0.205296 -1.14369
-0.578228 0.217552 -0.736215
-0.768165 0.15001 -0.17404
-0.829584 0.169103 0.122625
-0.617092 0.218204 0.392498
-0.625233 0.290935 0.624068
-0.558005 0.192731 0.781789
-0.397692 0.221219 0.97198
-0.526033 0.292587 1.09546
-0.344716 0.211982 2.05315
-0.434571 0.238478 -0.998319
-0.808812 0.277718 -0.652052
-0.742795 0.234717 -0.372885
-0.70642 0.265528 -0.0582836
-0.743457 0.285172 0.244626
-0.835475 0.286811 0.418513
-0.826579 0.268714 0.687066
-0.789545 0.248496 1.01737
-0.632707 0.210016 1.27438
-0.620768 0.242203 1.66908
-0.644801 0.282797 -1.01984
-0.486012 0.286349 -0.511546
-0.581582 0.264837 -0.199525
-0.5646 0.302826 0.0989187
-0.557489 0.362325 0.337074
-0.458295 0.351347 0.540918
-0.435266 0.311115 0.71871
-0.516383 0.315648 0.888843
-0.414817 0.312721 1.2853
-0.404783 0.276571 1.87038
-0.448874 0.33095 -0.833751
-0.616162 0.359086 -0.6102
-0.59504 0.350401 -0.362925
-0.562992 0.379616 -0.0647435
-0.63538 0.425365 0.193673
-0.654646 0.394975 0.483218
-0.664392 0.360174 0.786805
-0.671745 0.365395 1.09697
-0.584276 0.354173 1.34955
-0.514056 0.284884 1.53366
-0.609967 0.396118 -0.869175
-0.420177 0.427426 -0.412882
-0.475919 0.404503 -0.225248
-0.459752 0.449492 0.0676674
-0.457486 0.50206 0.320967
-0.419499 0.513025 0.605569
-0.494391 0.456037 0.769517
-0.470206 0.447641 0.973807
-0.465842 0.433062 1.15877
-0.405834 0.362566 1.68881
-0.440488 0.469039 -0.708039
-0.514296 0.517379 -0.515585
-0.436192 0.562141 -0.266377
-0.461594 0.561979 -0.0707171
-0.485382 0.587523 0.172763
-0.530991 0.559685 0.469478
-0.532463 0.61581 0.795654
-0.523143 0.58511 1.05034
-0.50617 0.509931 1.30543
-0.443968 0.426549 1.4738
-0.403495 0.62662 -0.613374
-0.413788 0.665382 -0.407039
-0.409818 0.711713 -0.163353
-0.403887 0.700312 0.0489785
-0.408751 0.708067 0.296429
-0.407554 0.706 0.522564
-0.412093 0.741702 0.724079
-0.416953 0.712176 0.957886
-0.425847 0.645282 1.20242
-0.409723 0.595316 1.45442
-0.0447287 0.15001 -0.944144
-0.0844698 0.15001 -0.336358
-0.0344705 0.15001 0.00655681
-0.07342 0.15001 0.178711
-0.094096 0.15001 0.425256
-0.102039 0.15001 0.60552
-0.0542277 0.15001 0.821692
-0.122964 0.15001 1.19023
-0.296152 0.15001 1.34348
-0.0873252 0.15001 1.71136
-0.21349 0.15001 -1.28609
-0.314565 0.15001 -0.592548
-0.280682 0.15001 -0.278858
-0.216777 0.15001 0.0620004
-0.239357 0.15001 0.30724
-0.272361 0.15001 0.52086
-0.233131 0.15001 0.722909
-0.0180972 0.15001 1.04118
-0.121487 0.15001 1.3765
-0.194722 0.15001 2.16727
-0.230494 0.156429 -1.08123
-0.220393 0.16991 -0.444592
-0.133181 0.15001 -0.155814
-0.215495 0.273978 -0.05694
-0.269561 0.257832 0.185393
-0.455991 0.18077 0.491458
-0.200488 0.160712 0.936417
-0.283461 0.15001 1.10757
-0.206898 0.15001 1.55131
-0.161108 0.15001 1.94647
-0.362063 0.253776 -1.25787
-0.172468 0.15001 -0.758562
-0.211762 0.287279 -0.246807
-0.106611 0.30123 0.119445
-0.208124 0.276196 0.4245
-0.290632 0.283861 0.629356
-0.127437 0.286161 0.775752
-0.125917 0.278122 1.06791
-0.226024 0.27393 1.25372
-0.0855554 0.288319 2.12261
-0.160195 0.272715 -0.940106
-0.368743 0.241889 -0.716486
-0.362121 0.284182 -0.353397
-0.380637 0.299936 -0.134922
-0.431179 0.314673 0.21927
-0.377433 0.305897 0.387154
-0.293329 0.294613 0.842408
-0.312502 0.306003 1.09783
-0.346944 0.245937 1.47427
-0.250993 0.221667 1.76931
-0.28472 0.327685 -1.09854
-0.203874 0.276852 -0.585956
-0.134759 0.401648 -0.154199
-0.274623 0.376915 0.0641776
-0.20124 0.386437 0.285087
-0.204393 0.401752 0.535807
-0.179121 0.436959 0.727187
-0.187989 0.390617 0.953465
-0.0966476 0.385235 1.29191
-0.135961 0.321896 1.92988
-0.210279 0.330136 -0.765573
-0.352582 0.375551 -0.590543
-0.287938 0.434644 -0.289641
-0.316471 0.459002 -0.0858581
-0.330825 0.472225 0.198241
-0.322317 0.471117 0.427936
-0.322071 0.462547 0.843463
-0.314907 0.462615 1.05996
-0.275562 0.383527 1.3844
-0.171463 0.304708 1.61171
-0.29039 0.413554 -0.906257
-0.217227 0.415586 -0.473108
-0.193924 0.549802 -0.189044
-0.19271 0.538176 0.0668983
-0.177562 0.55666 0.300759
-0.235934 0.559306 0.586931
-0.151887 0.609393 0.728575
-0.193668 0.565708 0.94512
-0.211947 0.476223 1.20579
-0.209142 0.403705 1.76106
-0.187179 0.481338 -0.668075
-0.272479 0.567771 -0.436192
-0.278138 0.661673 -0.275904
-0.263447 0.640575 -0.0544477
-0.276562 0.643998 0.187328
-0.263307 0.64091 0.432021
-0.307964 0.63523 0.817826
-0.293676 0.62692 1.0756
-0.300967 0.554538 1.3244
-0.187125 0.458621 1.52353
-0.183765 0.650069 -0.60191
-0.164323 0.713812 -0.406936
-0.162719 0.764419 -0.159562
-0.180835 0.762675 0.066023
-0.178915 0.766933 0.291544
-0.199634 0.78338 0.533622
-0.181584 0.778709 0.733805
-0.190809 0.749717 0.961373
-0.196323 0.686164 1.21765
-0.188974 0.625928 1.4611
0.237904 0.15001 -1.17627
0.137643 0.15001 -0.402783
0.149188 0.15001 -0.0563109
0.235047 0.15001 0.233022
0.216799 0.15001 0.409348
0.202888 0.15001 0.588067
0.130031 0.15001 0.828973
0.105075 0.15001 1.19078
0.0564364 0.15001 1.39479
0.146153 0.15001 1.77042
0.056649 0.15001 -1.32864
0.049208 0.15001 -0.67008
0.064721 0.15001 -0.211771
0.10235 0.154386 0.119096
0.0609036 0.15001 0.309238
0.0570393 0.197413 0.497338
0.0559324 0.182702 0.676229
0.158833 0.15001 1.01115
0.230903 0.15001 1.42735
0.0191052 0.15001 2.17448
0.0537759 0.15001 -1.12202
-0.0121237 0.186559 -0.496789
-0.0324183 0.281026 -0.25369
-0.0393236 0.282695 -0.082633
-0.0826802 0.262608 0.295645
-0.075111 0.310299 0.605837
0.0421483 0.255902 0.923323
-0.00443878 0.252202 1.26109
0.0658436 0.159151 1.59058
0.0791472 0.15001 1.98365
-0.0588335 0.274163 -1.28391
0.118691 0.176905 -0.843272
0.123906 0.323854 -0.110512
0.0695148 0.321184 0.062489
0.148051 0.29933 0.378068
0.102089 0.363058 0.566449
0.0714668 0.336677 0.749366
0.136712 0.293284 1.07471
0.114504 0.301371 1.39039
0.103706 0.306876 2.22169
0.0868608 0.286019 -0.99507
-0.058954 0.26867 -0.696565
-0.106459 0.309336 -0.407735
-0.0680589 0.422175 0.012149
0.0376048 0.382452 0.263023
-0.0300295 0.347399 0.436866
-0.0292334 0.394522 0.881072
0.00712124 0.376968 1.13651
-0.0522206 0.265647 1.48205
0.00519779 0.246598 1.8325
-0.0832239 0.340081 -1.10265
0.0929917 0.306818 -0.558586
0.0718751 0.406876 -0.262749
0.140659 0.46689 0.144793
0.118846 0.465097 0.406788
-0.0319643 0.478592 0.623883
0.114163 0.506999 0.740736
0.107726 0.44272 0.992147
0.159955 0.390942 1.23922
0.0746987 0.333692 2.00968
0.0692643 0.345341 -0.790889
-0.0624275 0.395544 -0.571572
-0.0827796 0.469489 -0.319892
-0.0533621 0.552813 -0.0860824
-0.0610299 0.492653 0.175318
-0.0874378 0.509892 0.442889
-0.047235 0.551486 0.849403
-0.0864571 0.50632 1.08736
-0.0164611 0.429632 1.43921
0.085722 0.323007 1.65697
-0.064618 0.421609 -0.899192
0.0735829 0.456716 -0.457345
0.0814579 0.561255 -0.193142
0.0722209 0.607814 0.0772302
0.0649619 0.587164 0.296959
0.0640679 0.588722 0.516951
0.03402 0.65086 0.676754
0.0628756 0.608599 0.975022
0.067268 0.522685 1.25999
0.0256891 0.422673 1.81065
0.0369121 0.49658 -0.683953
-0.0666814 0.568455 -0.466004
-0.0572473 0.645266 -0.26094
-0.0347129 0.707694 -0.0240745
-0.0523334 0.674717 0.197721
-0.0712636 0.684427 0.464797
-0.0245998 0.719703 0.83264
-0.0615251 0.676201 1.07736
-0.0788245 0.579234 1.31973
0.0766747 0.488232 1.58017
0.029887 0.662291 -0.61021
0.0505913 0.706843 -0.400722
0.0647682 0.763711 -0.172123
0.0760866 0.806073 0.0794554
0.0518869 0.801458 0.294745
0.0436194 0.821588 0.51428
0.0706607 0.824184 0.708055
0.059923 0.794115 0.974365
0.0515723 0.712943 1.22157
0.0460688 0.637379 1.46386
0.424089 0.15001 -1.10921
0.32177 0.15001 -0.427546
0.410204 0.15001 -0.110543
0.41336 0.15001 0.21206
0.418786 0.15001 0.395132
0.384706 0.15001 0.617579
0.404287 0.15001 0.895792
0.363309 0.15001 1.23903
0.43927 0.15001 1.56238
0.349078 0.15001 1.80161
0.285471 0.15001 -1.39507
0.323896 0.15001 -0.772567
0.280843 0.15001 -0.236864
0.296881 0.15001 0.0586752
0.322019 0.266533 0.320711
0.31882 0.247508 0.501416
0.287643 0.15001 0.758783
0.319993 0.183829 1.06452
0.367424 0.242581 1.39335
0.209181 0.15001 2.21017
0.275625 0.153061 -0.963948
0.203842 0.169902 -0.589285
0.174894 0.271763 -0.279512
0.282323 0.256326 -0.082722
0.185551 0.303811 0.195213
0.23393 0.293244 0.668758
0.2539 0.243894 0.908749
0.2353 0.248691 1.23556
0.268868 0.153984 1.62679
0.271463 0.15001 2.02621
0.181153 0.270065 -1.29443
0.377942 0.205293 -0.608303
0.418834 0.286929 -0.217168
0.36137 0.29228 0.143256
0.43545 0.356948 0.42972
0.42803 0.32506 0.621773
0.37561 0.300825 0.789159
0.425611 0.301357 0.962376
0.432732 0.288688 1.14993
0.307987 0.298044 2.21181
0.318208 0.290613 -1.09766
0.239975 0.28859 -0.744598
0.228795 0.316574 -0.441623
0.254791 0.381786 0.0356209
0.280256 0.424803 0.297991
0.263693 0.402057 0.495955
0.209867 0.395701 0.861448
0.290345 0.371029 1.09251
0.229983 0.301406 1.5291
0.224036 0.267639 1.87163
0.157126 0.383879 -1.14497
0.345042 0.364744 -0.573865
0.280368 0.391542 -0.192745
0.407653 0.450208 0.107213
0.380372 0.52355 0.412294
0.382136 0.508564 0.591874
0.286991 0.447239 0.71771
0.350799 0.46546 0.947192
0.329326 0.397077 1.3096
0.271339 0.360439 2.02662
0.281663 0.355802 -0.913397
0.19167 0.424239 -0.635791
0.210982 0.477599 -0.331284
0.163903 0.496353 -0.0552789
0.252506 0.574506 0.229701
0.235244 0.568527 0.509207
0.210562 0.569374 0.884187
0.203012 0.521972 1.12189
0.194249 0.450396 1.4245
0.315184 0.31907 1.69807
0.133994 0.457632 -0.923335
0.31908 0.498232 -0.46718
0.303356 0.561108 -0.16482
0.312147 0.586371 0.0522177
0.334759 0.687899 0.355488
0.350334 0.702258 0.552554
0.259366 0.619082 0.685558
0.338371 0.62972 1.01231
0.379548 0.533178 1.17996
0.227653 0.439984 1.80707
0.322929 0.494188 -0.740411
0.176503 0.598081 -0.481365
0.201487 0.651007 -0.276858
0.194075 0.677752 -0.0439143
0.198296 0.732493 0.208125
0.181889 0.726115 0.463092
0.241522 0.729635 0.819471
0.184925 0.691392 1.07483
0.247417 0.579844 1.30433
0.304585 0.481101 1.57405
0.260097 0.647032 -0.638355
0.303639 0.717537 -0.407497
0.293724 0.771325 -0.169588
0.294346 0.799671 0.0613128
0.300395 0.855693 0.303836
0.295594 0.863694 0.503157
0.286831 0.850395 0.6911
0.300869 0.805945 0.97048
0.303326 0.733816 1.20698
0.278371 0.643777 1.48099
0.630471 0.15001 -0.992481
0.65786 0.15001 -0.418812
0.589135 0.15001 -0.113949
0.589343 0.15001 0.187153
0.593959 0.15001 0.361655
0.673141 0.15001 0.641216
0.578713 0.15001 0.905923
0.661203 0.15001 1.1575
0.606263 0.15001 1.48521
0.541166 0.15001 1.77524
0.495295 0.15001 -1.40792
0.530005 0.15001 -0.661218
0.488849 0.15001 -0.287977
0.486439 0.176898 0.0424661
0.500619 0.287104 0.272452
0.534528 0.15001 0.528134
0.511319 0.15001 0.733773
0.495513 0.15001 1.07754
0.521582 0.15001 1.31009
0.430704 0.15001 2.1631
0.58235 0.150552 -1.21952
0.491047 0.15001 -0.86656
0.49423 0.188121 -0.468686
0.606519 0.308474 -0.0880966
0.686255 0.296723 0.21089
0.72558 0.292248 0.712081
0.697283 0.26991 0.887646
0.640015 0.279515 1.279
0.709209 0.15001 1.6309
0.586442 0.15001 2.03315
0.39058 0.274569 -1.31509
0.605988 0.293163 -0.635655
0.619994 0.263308 -0.288048
0.546476 0.328246 0.0995032
0.604735 0.324029 0.412937
0.602286 0.29521 0.585627
0.552944 0.302495 0.778536
0.599683 0.283338 1.04134
0.516743 0.289115 1.45748
0.434772 0.203271 1.95988
0.53616 0.28331 -1.06028
0.424404 0.299316 -0.809834
0.395648 0.322741 -0.387833
0.431733 0.345537 -0.0453187
0.581527 0.443573 0.231689
0.649657 0.438334 0.687786
0.627082 0.422629 0.870073
0.69669 0.38456 1.15052
0.560421 0.280801 1.65322
0.620772 0.305954 2.1011
0.453113 0.393589 -1.18415
0.558677 0.3496 -0.450726
0.568668 0.413009 -0.231776
0.594607 0.46211 -0.00372669
0.572763 0.50464 0.392294
0.539744 0.451724 0.555469
0.46687 0.464675 0.767743
0.516485 0.438726 1.00057
0.498366 0.359447 1.2816
0.415883 0.356264 1.86544
0.568612 0.378713 -0.883319
0.489287 0.420778 -0.651313
0.439324 0.488073 -0.329893
0.462657 0.506637 -0.113924
0.437408 0.549723 0.251344
0.601636 0.595934 0.646076
0.63133 0.585824 0.827365
0.583089 0.525534 1.12667
0.61352 0.427207 1.46342
0.61085 0.359562 1.87072
0.431227 0.45331 -0.967127
0.62241 0.511863 -0.449224
0.596605 0.582374 -0.251869
0.513482 0.586426 0.0873272
0.528504 0.683641 0.355796
0.495476 0.619574 0.510466
0.440218 0.643953 0.719835
0.477304 0.601631 0.908927
0.516241 0.517329 1.30518
0.461461 0.423758 1.65055
0.582534 0.520621 -0.762827
0.468241 0.57249 -0.518157
0.430875 0.651596 -0.252862
0.490145 0.674795 -0.0632273
0.466273 0.716587 0.194195
0.57114 0.760727 0.588563
0.569973 0.747683 0.800021
0.537414 0.682467 1.06133
0.56224 0.668333 1.34877
0.589568 0.544318 1.58762
0.489608 0.656914 -0.675672
0.525829 0.715161 -0.403239
0.536802 0.788515 -0.190445
0.507584 0.814617 0.0544057
0.500812 0.854627 0.303677
0.476684 0.866379 0.481727
0.473227 0.868062 0.702069
0.491704 0.820194 0.949159
0.513033 0.776544 1.2081
0.501143 0.686343 1.51879
0.794185 0.15001 -0.88533
0.828945 0.15001 -0.366514
0.828497 0.15001 -0.0557302
0.851195 0.15001 0.140116
0.909621 0.15001 0.393657
0.906815 0.15001 0.574111
0.892568 0.15001 0.916157
0.861982 0.15001 1.12428
0.851436 0.15001 1.45153
0.850179 0.15001 1.75794
0.692651 0.15001 -1.37673
0.709368 0.15001 -0.698262
0.730785 0.15001 -0.221707
0.688294 0.16624 0.0463439
0.753711 0.15001 0.281227
0.734653 0.15001 0.470209
0.788156 0.15001 0.778891
0.735489 0.15001 0.996674
0.716221 0.15001 1.34196
0.762196 0.15001 2.10693
0.811746 0.15001 -1.18701
0.857281 0.247491 -0.728842
0.939293 0.165576 -0.193869
0.921207 0.256786 0.0417561
0.905794 0.260867 0.25872
0.908424 0.274661 0.688851
0.982287 0.289167 0.943492
0.82076 0.248473 1.25457
0.972992 0.15001 1.59259
0.930153 0.15001 2.21054
0.613991 0.30775 -1.37776
0.776817 0.203998 -0.541143
0.792298 0.289077 -0.137462
0.733271 0.337651 0.0436199
0.765676 0.29422 0.369226
0.785638 0.286736 0.546391
0.841622 0.333327 0.831809
0.80634 0.297164 1.03342
0.720644 0.282431 1.46755
0.717529 0.185116 1.90533
0.730622 0.268457 -1.08229
0.673433 0.260468 -0.82479
0.854333 0.298017 -0.300654
0.886864 0.399908 -0.0165113
0.840711 0.39315 0.180518
0.848085 0.417806 0.627799
0.919776 0.448306 0.918469
0.923027 0.342102 1.14695
0.855738 0.279566 1.5932
0.872949 0.280515 2.0313
0.643885 0.383317 -1.19648
0.732653 0.333736 -0.434231
0.724998 0.440408 -0.118584
0.710196 0.503614 0.132113
0.75516 0.464839 0.326046
0.719626 0.453683 0.504761
0.781812 0.496364 0.775849
0.752469 0.458157 0.981779
0.785295 0.395954 1.32321
0.723559 0.279066 1.74125
0.822401 0.30851 -0.919899
0.758456 0.376524 -0.652739
0.83349 0.463338 -0.29014
0.868274 0.554887 -0.0473864
0.869706 0.566408 0.183226
0.824483 0.581155 0.613041
0.864608 0.605032 0.870253
0.837139 0.501061 1.12999
0.88943 0.411366 1.46244
0.861843 0.35662 1.8248
0.711266 0.442535 -0.978465
0.810967 0.478599 -0.470343
0.746615 0.599531 -0.162624
0.675294 0.628819 0.0116791
0.685596 0.625978 0.285353
0.681378 0.633318 0.474094
0.730567 0.685949 0.715177
0.69383 0.625737 0.989924
0.691471 0.532152 1.2613
0.725672 0.427403 1.64316
0.790976 0.503632 -0.771771
0.756241 0.615173 -0.555098
0.82267 0.634858 -0.316372
0.832159 0.71567 -0.0183951
0.812083 0.729784 0.207041
0.80159 0.742827 0.550873
0.818309 0.76701 0.842894
0.846682 0.671263 1.07418
0.836228 0.587753 1.33704
0.838654 0.545033 1.56114
0.714153 0.664936 -0.724189
0.72736 0.743482 -0.415485
0.734165 0.770275 -0.180378
0.700188 0.810552 0.065098
0.690681 0.837545 0.298526
0.685681 0.86508 0.485307
0.7127 0.864908 0.707024
0.720471 0.809046 0.991161
0.744926 0.736151 1.22468
0.744132 0.682625 1.47914
0.959046 0.15001 -0.964292
1.11314 0.15001 -0.43228
1.19966 0.15001 -0.106106
1.20218 0.15001 0.131085
1.20856 0.15001 0.355199
1.12021 0.15001 0.654128
1.1146 0.15001 0.885731
1.1299 0.15001 1.18198
1.12739 0.15001 1.38208
1.11837 0.15001 1.70843
0.880029 0.15001 -1.36761
0.939013 0.15001 -0.593304
1.05041 0.15001 0.0180797
1.03794 0.15001 0.222417
1.06067 0.255634 0.349865
1.08145 0.15001 0.481537
0.982913 0.15001 0.763732
1.01826 0.15001 1.04135
0.973795 0.155688 1.27501
0.999295 0.15001 2.01241
0.999368 0.15001 -1.20915
1.10275 0.15001 -0.680689
1.10568 0.15001 -0.255509
1.25451 0.25371 0.015877
1.23629 0.265491 0.24557
1.23797 0.267373 0.630332
1.25582 0.255051 0.84909
1.26051 0.256965 1.11586
1.24077 0.15001 1.5474
1.16573 0.15001 2.13874
0.867954 0.322983 -1.34578
0.966213 0.227977 -0.418929
1.0719 0.27373 -0.103215
1.07022 0.287338 0.143701
0.921707 0.31922 0.435342
1.04353 0.292646 0.575201
1.06728 0.293735 0.788934
1.08675 0.290741 1.09415
0.99054 0.252712 1.43977
0.996842 0.229462 1.82101
1.10149 0.214781 -1.0522
1.01537 0.251748 -0.805905
1.09658 0.297126 -0.323023
1.14286 0.383621 0.0261552
1.11726 0.401499 0.294546
1.14538 0.400598 0.68781
1.1545 0.362247 0.938058
1.16099 0.306951 1.26332
1.19384 0.288379 1.45481
1.13926 0.267635 1.97938
0.919757 0.31246 -1.1257
0.911553 0.333124 -0.546284
0.959793 0.384367 -0.177946
0.995915 0.439927 0.12144
0.943358 0.460626 0.328438
0.984824 0.453292 0.515524
0.972542 0.452276 0.74374
1.02644 0.442124 1.04668
0.98872 0.362241 1.30228
1.06606 0.291318 1.61213
1.10846 0.346761 -0.915114
1.07205 0.371673 -0.656708
1.099 0.45295 -0.277228
1.08763 0.497031 -0.0878412
1.13305 0.528581 0.17302
1.13651 0.518799 0.558562
1.11279 0.505625 0.832271
1.16871 0.463593 1.13431
1.08029 0.414688 1.44001
1.10197 0.385529 1.81101
0.939812 0.430308 -0.901526
0.98274 0.443114 -0.418703
0.95117 0.561321 -0.198308
0.99522 0.605125 0.0639635
0.995214 0.627148 0.309857
0.909059 0.608429 0.461129
0.98548 0.622501 0.682201
0.99824 0.596085 0.977315
0.98007 0.522379 1.22683
0.957545 0.422247 1.65598
1.02889 0.501682 -0.752716
1.0331 0.56213 -0.538889
1.08127 0.61957 -0.29472
1.07797 0.670731 -0.0746195
1.09022 0.698732 0.18151
1.06912 0.67809 0.527634
1.07007 0.678799 0.83219
1.09542 0.630394 1.11512
1.08083 0.581015 1.35529
1.08645 0.530328 1.56654
0.93961 0.645428 -0.689176
0.961646 0.699558 -0.422217
0.962125 0.74513 -0.200149
0.979769 0.79018 0.0545601
0.963482 0.8047 0.289422
0.952788 0.816055 0.489282
0.965584 0.807017 0.72335
0.985247 0.773776 0.985595
0.98341 0.714027 1.23729
0.981689 0.669683 1.48087
1.18229 0.15001 -0.874551
1.46829 0.15001 -0.489563
1.30841 0.15001 -0.32125
1.39017 0.15001 0.042787
1.55074 0.15001 0.458626
1.4517 0.15001 0.622249
1.43891 0.15001 0.839915
1.41928 0.15001 1.08568
1.40711 0.15001 1.45557
1.47085 0.15001 1.81111
1.15747 0.15001 -1.33301
1.26985 0.15001 -0.505863
1.38712 0.15001 -0.14607
1.41617 0.15001 0.225081
1.37673 0.224456 0.375529
1.29108 0.15001 0.516131
1.29743 0.15001 0.728112
1.26521 0.15001 0.985348
1.29475 0.15001 1.24277
1.24412 0.15001 1.86169
1.26134 0.15001 -1.15408
1.37721 0.15001 -0.767458
1.55793 0.15001 -0.244354
1.58074 0.164673 0.062176
1.61079 0.154589 0.285882
1.62501 0.15001 0.705826
1.58751 0.15001 0.95733
1.49578 0.15001 1.26999
1.55844 0.15001 1.57238
1.55724 0.15001 1.99438
1.07157 0.301493 -1.36924
1.12032 0.268745 -0.539396
1.25548 0.273111 -0.218355
1.40958 0.299701 0.109388
1.19188 0.319817 0.454458
1.44501 0.286347 0.520642
1.46126 0.286821 0.724426
1.41477 0.273107 0.958802
1.33877 0.26283 1.35206
1.42065 0.25158 1.66008
1.35029 0.204904 -0.966208
1.30919 0.239087 -0.640195
1.45334 0.254846 -0.334475
1.48221 0.266908 -0.0652902
1.50857 0.301554 0.261942
1.62127 0.29549 0.60497
1.58776 0.295511 0.856985
1.50801 0.273013 1.15066
1.49584 0.287673 1.45614
1.52134 0.307909 1.90109
1.18247 0.324539 -1.17266
1.27622 0.291424 -0.411163
1.30022 0.372588 -0.0860055
1.27155 0.405375 0.174732
1.3385 0.397077 0.350508
1.30297 0.403921 0.571715
1.31601 0.391744 0.770507
1.30497 0.39325 1.03142
1.35241 0.378672 1.22394
1.23162 0.277227 1.71985
1.27146 0.293007 -0.813431
1.35227 0.377788 -0.558549
1.36781 0.398275 -0.288218
1.44608 0.430067 -0.0150944
1.44409 0.453585 0.19004
1.47255 0.435103 0.596735
1.45002 0.430194 0.877123
1.46555 0.422267 1.08241
1.38908 0.418714 1.41162
1.42079 0.40596 1.74943
1.26436 0.41146 -0.969614
1.16166 0.415354 -0.453644
1.23692 0.492699 -0.181082
1.25934 0.513107 0.0495912
1.19352 0.549722 0.335271
1.29831 0.533489 0.466152
1.24578 0.537212 0.697189
1.22805 0.529719 0.958516
1.20678 0.466071 1.30416
1.28411 0.37274 1.57203
1.23558 0.437144 -0.705053
1.289 0.523517 -0.493982
1.31093 0.565681 -0.311686
1.33742 0.591908 -0.0724954
1.32401 0.590144 0.216975
1.35072 0.629096 0.59806
1.33872 0.595452 0.8303
1.3456 0.57152 1.08619
1.34837 0.562857 1.32162
1.33124 0.535686 1.58369
1.18606 0.606049 -0.669941
1.18964 0.655675 -0.430215
1.22225 0.68897 -0.196278
1.22402 0.712663 0.0421133
1.22506 0.733673 0.297517
1.2329 0.751528 0.50573
1.22541 0.73608 0.745463
1.22597 0.709416 0.991318
1.22896 0.675716 1.23445
1.23097 0.640912 1.46566
1.59897 0.15001 -0.768614
1.7055 0.15001 -0.366495
1.68517 0.15001 -0.0943205
1.74614 0.15001 0.159146
1.78916 0.15001 0.360715
1.74519 0.15001 0.545474
1.75759 0.15001 0.838685
1.67884 0.15001 1.12741
1.77715 0.15001 1.4924
1.70008 0.15001 1.6914
1.82128 0.15001 -1.17074
2.00903 0.15001 -0.569022
2.10995 0.15001 -0.223753
2.11443 0.15001 -0.0122828
2.18534 0.15001 0.18124
2.19761 0.15001 0.422786
2.08231 0.15001 0.747335
2.01968 0.15001 0.964141
1.84955 0.15001 1.22143
1.98648 0.15001 1.97765
1.61783 0.15001 -1.12953
1.80893 0.15001 -0.528588
1.93175 0.15001 -0.127133
1.97334 0.15001 0.11516
2.03931 0.15001 0.295103
2.04643 0.15001 0.556289
2.21933 0.15001 0.889326
2.1625 0.15001 1.09696
1.96908 0.15001 1.57501
1.82769 0.15001 1.85926
1.95985 0.256407 -1.11742
2.07039 0.229231 -0.395876
2.16031 0.291369 -0.120887
2.22002 0.288246 0.0702561
2.21771 0.299942 0.272343
1.94704 0.227729 0.429754
1.89405 0.177095 0.677302
1.83049 0.224097 0.97774
1.64312 0.197949 1.36643
2.01513 0.325622 1.99694
1.58063 0.207425 -0.948572
1.66311 0.245612 -0.622717
1.7815 0.234774 -0.221195
1.82426 0.229724 0.0154075
1.86202 0.258459 0.235247
2.10871 0.298822 0.627635
2.05301 0.29273 0.855154
1.98328 0.259582 1.11445
1.896 0.293449 1.48542
1.72725 0.30589 1.73765
1.76158 0.265904 -1.03408
1.86749 0.268443 -0.397679
1.95588 0.319488 -0.145779
2.01091 0.330439 0.0511349
2.02515 0.35164 0.252881
1.79679 0.310955 0.507356
1.75447 0.28639 0.741816
1.65732 0.296301 1.03945
1.73376 0.298859 1.22683
1.86616 0.335975 1.86108
1.48334 0.275287 -0.769255
1.5391 0.295246 -0.497801
1.60408 0.306976 -0.192059
1.64845 0.321248 0.113153
1.68343 0.31424 0.347315
1.90458 0.375127 0.647505
1.85422 0.377199 0.870626
1.83119 0.390316 1.07521
1.71655 0.368325 1.42451
1.60146 0.323199 1.59579
1.65225 0.34112 -0.831323
1.6915 0.368657 -0.395816
1.76692 0.409271 -0.202725
1.78524 0.402814 -0.00232627
1.77882 0.420924 0.226075
1.64543 0.432714 0.488938
1.66762 0.437771 0.737709
1.65394 0.441719 0.941707
1.54563 0.370998 1.28248
1.69601 0.473813 1.69715
1.48411 0.417129 -0.677841
1.47777 0.441182 -0.440378
1.51787 0.462018 -0.193257
1.58901 0.488098 0.0759445
1.57038 0.477201 0.32304
1.58256 0.560796 0.620392
1.55495 0.557741 0.823871
1.57914 0.546358 1.08129
1.59815 0.526161 1.32431
1.52617 0.47063 1.52776
1.41837 0.574629 -0.630925
1.44851 0.608292 -0.409518
1.45877 0.630301 -0.195337
1.47654 0.638425 0.0422823
1.49077 0.642045 0.277652
1.49335 0.682682 0.507865
1.47036 0.701619 0.749934
1.4754 0.672433 0.983367
1.48212 0.640769 1.22569
1.48568 0.637048 1.47716
-3 0 -3
-3 0 3
-3 1 -3
-3 1 3
-3 2 -3
-3 2 3
-3 3 -3
-3 3 3
-3 4 -3
-3 4 3
-3 5 -3
-3 5 3
-3 6 -3
-3 6 3
-2 0 -3
-2 0 3
-2 1 -3
-2 1 3
-2 2 -3
-2 2 3
-2 3 -3
-2 3 3
-2 4 -3
-2 4 3
-2 5 -3
-2 5 3
-2 6 -3
-2 6 3
-1 0 -3
-1 0 3
-1 1 -3
-1 1 3
-1 2 -3
-1 2 3
-1 3 -3
-1 3 3
-1 4 -3
-1 4 3
-1 5 -3
-1 5 3
-1 6 -3
-1 6 3
0 0 -3
0 0 3
0 1 -3
0 1 3
0 2 -3
0 2 3
0 3 -3
0 3 3
0 4 -3
0 4 3
0 5 -3
0 5 3
0 6 -3
0 6 3
1 0 -3
1 0 3
1 1 -3
1 1 3
1 2 -3
1 2 3
1 3 -3
1 3 3
1 4 -3
1 4 3
1 5 -3
1 5 3
1 6 -3
1 6 3
2 0 -3
2 0 3
2 1 -3
2 1 3
2 2 -3
2 2 3
2 3 -3
2 3 3
2 4 -3
2 4 3
2 5 -3
2 5 3
2 6 -3
2 6 3
-3 0 -3
-3 7 -3
-3 0 -2
-3 7 -2
-3 0 -1
-3 7 -1
-3 0 0
-3 7 0
-3 0 1
-3 7 1
-3 0 2
-3 7 2
-2 0 -3
-2 7 -3
-2 0 -2
-2 7 -2
-2 0 -1
-2 7 -1
-2 0 0
-2 7 0
-2 0 1
-2 7 1
-2 0 2
-2 7 2
-1 0 -3
-1 7 -3
-1 0 -2
-1 7 -2
-1 0 -1
-1 7 -1
-1 0 0
-1 7 0
-1 0 1
-1 7 1
-1 0 2
-1 7 2
0 0 -3
0 7 -3
0 0 -2
0 7 -2
0 0 -1
0 7 -1
0 0 0
0 7 0
0 0 1
0 7 1
0 0 2
0 7 2
1 0 -3
1 7 -3
1 0 -2
1 7 -2
1 0 -1
1 7 -1
1 0 0
1 7 0
1 0 1
1 7 1
1 0 2
1 7 2
2 0 -3
2 7 -3
2 0 -2
2 7 -2
2 0 -1
2 7 -1
2 0 0
2 7 0
2 0 1
2 7 1
2 0 2
2 7 2
-3 0 -3
3 0 -3
-3 0 -2
3 0 -2
-3 0 -1
3 0 -1
-3 0 0
3 0 0
-3 0 1
3 0 1
-3 0 2
3 0 2
-3 1 -3
3 1 -3
-3 1 -2
3 1 -2
-3 1 -1
3 1 -1
-3 1 0
3 1 0
-3 1 1
3 1 1
-3 1 2
3 1 2
-3 2 -3
3 2 -3
-3 2 -2
3 2 -2
-3 2 -1
3 2 -1
-3 2 0
3 2 0
-3 2 1
3 2 1
-3 2 2
3 2 2
-3 3 -3
3 3 -3
-3 3 -2
3 3 -2
-3 3 -1
3 3 -1
-3 3 0
3 3 0
-3 3 1
3 3 1
-3 3 2
3 3 2
-3 4 -3
3 4 -3
-3 4 -2
3 4 -2
-3 4 -1
3 4 -1
-3 4 0
3 4 0
-3 4 1
3 4 1
-3 4 2
3 4 2
-3 5 -3
3 5 -3
-3 5 -2
3 5 -2
-3 5 -1
3 5 -1
-3 5 0
3 5 0
-3 5 1
3 5 1
-3 5 2
3 5 2
-3 6 -3
3 6 -3
-3 6 -2
3 6 -2
-3 6 -1
3 6 -1
-3 6 0
3 6 0
-3 6 1
3 6 1
-3 6 2
3 6 2
