1000 0.1
1.85679 0.15001 -0.0198581
-2.67578 0.15001 0.922772
-2.49854 0.15001 -2.32007
-2.32944 0.15001 -2.42503
-2.84745 0.15001 -0.547154
2.84999 0.15001 1.30844
1.46196 0.15001 1.97395
-1.56608 0.15001 1.60749
-1.46096 0.15001 -0.738664
-0.777563 0.15001 0.0718414
-2.66768 0.15001 2.30553
0.547468 0.15001 2.84999
-0.275337 0.15001 1.4491
2.84999 0.15001 0.548312
-0.768517 0.15001 1.61513
-0.253302 0.15001 -1.97278
-0.357567 0.15001 -1.11595
0.16115 0.15001 -1.27162
-0.957884 0.15001 0.569733
-0.142153 0.15001 1.3129
-2.14132 0.15001 -1.93352
-2.84237 0.15001 -2.10053
-0.72333 0.15001 -0.775926
-1.76142 0.15001 -2.50049
-1.36484 0.15001 -2.1473
2.51881 0.15001 0.548458
-2.67274 0.15001 -1.81802
-0.457837 0.15001 -2.6744
-2.49728 0.15001 0.429013
-1.66958 0.15001 1.42821
-2.1425 0.15001 -1.00793
0.202053 0.15001 -0.429942
-1.91343 0.15001 -0.460309
-1.97056 0.15001 -1.48226
0.635493 0.15001 -2.84414
-2.33494 0.15001 -1.02909
0.54608 0.15001 -1.00109
-1.47797 0.15001 -1.27521
-1.16775 0.15001 0.906627
-2.84611 0.15001 0.0357539
-0.154108 0.15001 -2.49817
-1.66073 0.15001 -0.767286
-0.287616 0.15001 -0.938604
0.742872 0.15001 -2.31835
-0.0478327 0.15001 -1.62288
-0.760497 0.15001 -2.14893
0.245625 0.15001 2.676
-0.25433 0.15001 2.84999
-1.19706 0.15001 -0.512257
-2.67218 0.15001 1.90879
-1.5612 0.15001 -1.80596
-2.49439 0.15001 -1.5241
-1.15809 0.15001 0.553048
-1.3897 0.15001 -1.09338
-1.0479 0.15001 2.84999
-1.84936 0.15001 2.14093
-2.67322 0.15001 1.70982
-2.84999 0.15001 2.3862
-2.3229 0.15001 1.31838
0.868615 0.15001 1.49849
-0.548737 0.15001 -1.12404
1.42828 0.15001 -2.49436
-1.33296 0.15001 -0.90013
-0.9537 0.15001 -0.809545
-0.569843 0.15001 0.921342
-1.30202 0.15001 0.176574
0.0367026 0.15001 -0.726858
-1.772 0.15001 0.448519
-2.6715 0.15001 2.10692
-2.84999 0.15001 0.824537
-2.66518 0.15001 -2.61967
-2.84999 0.15001 -1.51746
-2.67787 0.15001 -0.0633873
1.03347 0.15001 0.823079
2.85 0.15001 0.172871
-2.67431 0.15001 1.31445
-2.84999 0.15001 1.4127
-2.84999 0.15001 0.228135
-1.46858 0.15001 1.42956
-0.764122 0.15001 1.97142
-2.67152 0.15001 -2.21221
-2.1582 0.15001 -2.84999
-1.18395 0.15001 -1.08471
-2.50438 0.15001 -0.355727
-0.654846 0.15001 2.49561
-2.84999 0.15001 2.57659
-2.15863 0.15001 0.832145
-2.84999 0.15001 2.00033
-2.32414 0.15001 2.10962
-0.663214 0.15001 2.14435
-0.14738 0.15001 -1.45132
-2.67813 0.15001 -0.837812
-2.49442 0.15001 -2.52832
-1.07356 0.15001 -1.27152
-2.50058 0.15001 0.0359183
-1.96793 0.15001 -0.0955287
-1.76459 0.15001 1.25668
-2.3267 0.15001 1.11912
0.348228 0.15001 2.84999
-2.3203 0.15001 1.71613
-1.26084 0.15001 -2.32158
-0.170184 0.15001 1.97538
-2.32408 0.15001 -1.63056
2.68085 0.15001 1.9928
1.52662 0.15001 1.30229
-0.968375 0.15001 1.61305
1.81553 0.15001 -1.89948
-0.557711 0.15001 -2.49986
1.69214 0.15001 -0.3046
2.35252 0.15001 -1.04575
2.35521 0.15001 -2.77383
0.0397721 0.15001 -0.925595
-1.59945 0.15001 -1.11074
-0.140373 0.15001 -0.245309
0.382425 0.15001 -1.10143
-2.67752 0.15001 -0.645773
-0.355601 0.15001 -2.49863
-2.66487 0.15001 -2.42316
-0.45311 0.15001 2.84999
-2.67779 0.15001 -0.256938
-1.65727 0.15001 -2.67434
2.18673 0.15001 1.11596
0.349522 0.15001 -1.97155
-1.71483 0.15001 -0.424302
-2.1299 0.15001 0.037607
-0.157675 0.15001 2.66869
-1.65894 0.15001 -1.98908
0.539491 0.15001 -0.421296
-0.142758 0.15001 0.730898
0.702306 0.15001 0.631653
-2.31702 0.15001 -1.42267
-0.245337 0.15001 -1.27635
0.54824 0.15001 -1.20345
-2.32041 0.15001 -2.02614
-2.84999 0.15001 -2.66375
-0.661387 0.15001 -2.676
0.723943 0.15001 -1.28882
-1.7839 0.15001 0.864692
-1.57388 0.15001 0.900069
-2.84999 0.15001 1.60917
-1.16332 0.15001 -1.79282
-0.660302 0.15001 -1.97381
-0.766087 0.15001 -1.44971
-2.68054 0.15001 -1.03134
-0.646411 0.15001 0.430622
1.36283 0.15001 0.257817
-1.56977 0.15001 1.25344
-1.26636 0.15001 1.78825
-2.84999 0.15001 2.19418
-1.80591 0.15001 0.259696
0.206918 0.15001 -0.819621
-2.32797 0.15001 -2.6355
0.0316767 0.15001 -0.143849
0.704241 0.15001 -0.131011
1.36376 0.15001 -0.498679
1.56005 0.15001 2.49935
-0.552934 0.15001 2.67249
-2.02593 0.15001 2.84999
-2.67624 0.15001 0.132886
-1.95974 0.15001 1.60766
-0.865798 0.15001 -1.62224
-2.84999 0.15001 -2.47677
-1.55551 0.15001 -2.84999
-1.96938 0.15001 -1.82223
-0.482133 0.15001 -0.654131
-0.830152 0.15001 -0.951937
-2.32703 0.15001 0.527932
-1.66071 0.15001 -2.32539
-0.839953 0.15001 0.407129
-2.84999 0.15001 2.84999
-0.857402 0.15001 -2.67665
1.36313 0.15001 -0.309525
-2.15122 0.15001 1.22548
-1.38736 0.15001 -0.549005
-2.71477 0.15001 2.70336
-2.10081 0.15001 1.80992
-2.1205 0.15001 -0.482289
-2.52418 0.15001 2.65107
-0.668736 0.15001 1.44069
-1.64272 0.15001 2.49254
-1.35549 0.15001 -2.84999
-0.139168 0.15001 -0.0484815
-2.84999 0.15001 -0.73916
-1.26371 0.15001 -0.706486
0.211146 0.15001 -1.01738
0.707384 0.15001 -0.704429
-1.66558 0.15001 -1.6375
-2.32889 0.15001 1.9122
-2.67521 0.15001 0.729806
-1.83127 0.15001 2.84999
-1.35902 0.15001 0.522705
0.255664 0.15001 -1.45231
-2.84999 0.15001 -0.935591
-2.84999 0.15001 -0.15707
-1.46312 0.15001 -2.31948
0.19603 0.15001 1.12121
-2.66195 0.15001 2.50315
-2.15438 0.15001 0.63088
-2.32425 0.15001 2.30407
0.207688 0.15001 1.91852
-0.759463 0.15001 -2.50378
-1.94413 0.15001 -0.977784
1.36027 0.15001 1.59203
1.5278 0.15001 0.354044
0.190148 0.15001 1.71904
-0.257752 0.15001 2.49521
-0.553922 0.15001 -1.45973
2.35243 0.15001 1.02149
1.36353 0.15001 0.635688
2.34302 0.15001 1.80019
1.69374 0.15001 -1.24735
-1.15548 0.15001 -2.84999
-1.13551 0.15001 -0.883996
-0.453841 0.15001 -1.62965
-1.05967 0.15001 -2.32327
-0.450806 0.15001 -1.28866
-0.955172 0.15001 -2.84999
-1.7351 0.15001 -0.949124
-2.67083 0.15001 -2.01502
-2.67322 0.15001 1.51233
-2.84999 0.15001 -1.71487
-2.49097 0.15001 -1.92375
2.1854 0.15001 1.30797
-0.465919 0.15001 1.79636
-2.49905 0.15001 1.81149
-1.96827 0.15001 -2.5004
-2.50088 0.15001 0.628883
-1.54314 0.15001 2.671
0.453404 0.15001 2.33314
-0.370267 0.15001 1.62195
-1.85829 0.15001 -2.67423
-2.67515 0.15001 1.11548
-1.27302 0.15001 -1.27079
0.0280988 0.15001 1.21977
0.871775 0.15001 -0.603746
-1.99999 0.15001 -0.642699
-0.859779 0.15001 2.14288
-2.10352 0.15001 -0.813505
-1.76397 0.15001 1.60923
-2.84999 0.15001 0.428261
-0.863011 0.15001 -1.97192
0.826917 0.15001 -2.84999
-2.67862 0.15001 -0.450259
0.532798 0.15001 1.50429
1.19859 0.15001 0.539666
-1.002 0.15001 -0.480635
2.01923 0.15001 1.40375
2.3533 0.15001 0.454072
-2.15206 0.15001 0.234102
-1.63646 0.15001 2.84999
-2.50184 0.15001 -2.72318
-0.632544 0.15001 -0.953267
-1.0532 0.15001 -2.67565
1.53943 0.15001 -2.31851
0.451581 0.15001 -1.79846
-0.340893 0.15001 1.24608
-1.35427 0.15001 2.31263
-2.32865 0.15001 0.926057
-0.309394 0.15001 0.833224
-2.60025 0.15001 2.84999
-1.5682 0.15001 -0.0441169
0.0304145 0.15001 -0.338327
-1.98482 0.15001 0.736259
-0.326741 0.15001 -0.34359
-2.49369 0.15001 2.21176
-2.32799 0.15001 -0.0635069
-2.04529 0.15001 2.15548
-1.93268 0.15001 2.67585
-1.73726 0.15001 2.67295
0.0421107 0.15001 2.67635
1.02537 0.15001 -2.84999
2.3516 0.15001 1.21253
-2.16706 0.15001 -2.52446
0.851784 0.15001 -1.79651
1.19855 0.15001 -0.217378
-2.32858 0.15001 0.731127
0.867115 0.15001 1.11092
-1.45567 0.15001 2.13931
-0.055042 0.15001 2.84999
-0.480786 0.15001 1.09277
-0.557845 0.15001 -2.84999
-1.45644 0.15001 -2.67372
-1.86931 0.15001 -1.64989
1.36042 0.15001 2.49989
-2.5002 0.15001 -0.743732
-1.93475 0.15001 0.113896
0.70606 0.15001 -0.512854
-1.88749 0.15001 -1.30759
-2.08799 0.15001 1.42233
1.83894 0.15001 1.9006
-2.65191 0.15001 -2.84998
0.354515 0.15001 -1.62493
-1.07252 0.15001 1.08215
1.14673 0.15001 -1.96672
0.246736 0.15001 -2.50253
-0.146632 0.15001 -0.439078
-1.17684 0.15001 0.017168
-2.15329 0.15001 1.02774
-1.44813 0.15001 2.49194
-1.66827 0.15001 1.08027
-0.758856 0.15001 -2.84999
2.67931 0.15001 2.19382
-2.49256 0.15001 -2.11973
2.68431 0.15001 0.831951
-2.03405 0.15001 -0.304664
-0.0675935 0.15001 2.14942
1.85686 0.15001 -0.208139
0.34598 0.15001 2.50286
2.68323 0.15001 1.40541
1.69198 0.15001 0.0726134
0.747573 0.15001 2.84999
-0.859337 0.15001 -2.32522
-0.249752 0.15001 -1.62697
-2.15467 0.15001 -1.5344
-2.84999 0.15001 -2.84999
-1.24843 0.15001 -0.166421
1.85824 0.15001 -1.33518
-1.10576 0.15001 0.198811
-1.86813 0.15001 1.42925
-1.63955 0.15001 0.711758
-0.956207 0.15001 -2.50337
-0.741719 0.15001 -1.12062
2.1876 0.15001 -0.57888
-2.32507 0.15001 0.331401
-0.712441 0.15001 -0.27481
-1.36722 0.15001 1.60848
-1.06938 0.15001 1.43542
-1.66785 0.15001 1.78627
0.377161 0.15001 -0.908466
-0.869051 0.15001 1.43824
-2.31987 0.15001 -0.46796
0.0486787 0.15001 -1.11529
1.20477 0.15001 -1.16913
1.51948 0.15001 1.69292
-2.16116 0.15001 2.00293
-1.87473 0.15001 1.78921
1.12873 0.15001 -2.67144
-2.49759 0.15001 1.41548
-0.0510485 0.15001 -1.9715
-0.971704 0.15001 0.915433
-2.84937 0.15001 -1.12819
-0.255596 0.15001 -2.67417
1.52947 0.15001 -0.968787
1.85514 0.15001 2.32207
2.02291 0.15001 0.452701
2.00606 0.15001 1.99539
1.69236 0.15001 0.261333
0.200106 0.15001 0.342496
-0.969411 0.15001 1.26204
0.879803 0.15001 1.90133
-2.49705 0.15001 -1.72508
2.18719 0.15001 -0.0168095
0.0484398 0.15001 -2.14623
-0.0469 0.15001 -1.27825
-1.0644 0.15001 -1.96613
2.05109 0.15001 2.67487
-1.65026 0.15001 2.13915
0.950378 0.15001 2.84999
-0.752879 0.15001 2.67223
2.02112 0.15001 1.21062
1.23215 0.15001 -2.49384
-1.80874 0.15001 -1.12949
1.20026 0.15001 -0.596214
1.19765 0.15001 1.49508
-1.7701 0.15001 -0.0748471
-1.26073 0.15001 -1.96727
0.030437 0.15001 0.827304
-2.49953 0.15001 1.21799
2.84999 0.15001 2.49105
0.236957 0.15001 2.33712
1.04341 0.15001 -2.1415
2.18723 0.15001 -0.204432
-0.155256 0.15001 -2.84999
-0.354961 0.15001 -2.1475
-1.55919 0.15001 -2.49863
-2.49552 0.15001 0.233401
0.750773 0.15001 2.50374
-2.84999 0.15001 1.21572
-0.652104 0.15001 2.84999
0.0290654 0.15001 0.4393
-0.0528424 0.15001 -2.32197
0.203722 0.15001 -0.623575
1.61199 0.15001 -2.84999
-1.46647 0.15001 1.78642
-0.955951 0.15001 2.3143
-2.03806 0.15001 2.50172
-1.97891 0.15001 0.529961
-1.1684 0.15001 -1.44511
-1.26887 0.15001 1.07382
-2.84999 0.15001 1.80519
-2.23159 0.15001 -0.650945
0.362917 0.15001 -1.2898
-1.03751 0.15001 0.386148
0.202272 0.15001 -0.0437652
1.05302 0.15001 -1.79175
2.18776 0.15001 0.35935
-1.9798 0.15001 0.931963
1.03352 0.15001 0.0644307
-1.44119 0.15001 2.84999
2.02233 0.15001 1.01976
0.149526 0.15001 -1.97106
2.45239 0.15001 2.67938
0.368328 0.15001 0.631702
0.756836 0.15001 2.17146
1.52826 0.15001 0.542829
0.385494 0.15001 1.9968
-1.0537 0.15001 2.49263
-1.07511 0.15001 -0.660987
-0.263498 0.15001 2.14816
1.84825 0.15001 1.69912
1.62151 0.15001 -1.94125
-1.77114 0.15001 -1.47055
-2.49149 0.15001 -1.32558
-1.78804 0.15001 -0.613656
-1.25566 0.15001 -2.67362
-1.76298 0.15001 -1.81777
2.18789 0.15001 -1.1417
0.0564457 0.15001 -1.44779
-0.0617558 0.15001 1.79611
-0.062268 0.15001 2.49494
-2.49947 0.15001 -0.5508
-1.75555 0.15001 -2.84999
0.0467607 0.15001 -2.49882
-0.509414 0.15001 -0.249296
-0.143074 0.15001 -1.0862
0.954476 0.15001 2.15382
0.548745 0.15001 2.50476
-1.42814 0.15001 0.337506
-1.84065 0.15001 -0.264883
0.536439 0.15001 0.344337
-2.12316 0.15001 -1.33662
-1.76099 0.15001 -2.15783
0.443483 0.15001 -2.84999
0.248156 0.15001 -2.14645
-2.84999 0.15001 -2.28708
2.18741 0.15001 -0.39177
2.84999 0.15001 -1.89608
0.838011 0.15001 -2.49474
-1.26033 0.15001 2.13952
0.879682 0.15001 -1.179
-1.96463 0.15001 -2.16184
1.19831 0.15001 0.350523
1.81985 0.15001 2.1092
2.353 0.15001 0.831742
0.868397 0.15001 0.537068
0.543175 0.15001 1.893
2.65353 0.15001 2.64718
0.362774 0.15001 1.60809
1.25907 0.15001 1.97314
0.192356 0.15001 1.31692
1.78939 0.15001 -2.29143
2.51856 0.15001 0.17252
2.02293 0.15001 -0.862107
1.85869 0.15001 -1.1471
-1.6428 0.15001 -0.233786
-0.767675 0.15001 0.921899
-1.25233 0.15001 2.49288
2.68203 0.15001 1.7971
1.03506 0.15001 1.59326
-0.452904 0.15001 2.49571
1.34342 0.15001 -1.9737
-1.31982 0.15001 -0.360176
0.0504902 0.15001 -1.79658
-0.455955 0.15001 -2.32363
-1.15745 0.15001 -2.49851
-1.5691 0.15001 -1.45601
-0.850422 0.15001 2.84999
-1.83788 0.15001 2.4975
-0.469404 0.15001 1.44117
0.198831 0.15001 0.923906
1.52891 0.15001 -0.779247
-0.137994 0.15001 -0.634313
-1.866 0.15001 -2.331
-0.357235 0.15001 2.32135
2.35028 0.15001 1.40557
-0.128154 0.15001 -0.831634
0.368677 0.15001 0.440199
-1.54797 0.15001 2.31197
2.15273 0.15001 2.84999
1.15449 0.15001 2.84999
0.949367 0.15001 -1.96679
0.0303286 0.15001 0.244891
-0.559525 0.15001 -1.80003
-1.44486 0.15001 -0.201242
-1.46146 0.15001 -1.97673
-1.58741 0.15001 -0.580665
-1.55956 0.15001 0.503575
-1.76084 0.15001 1.9627
-2.2192 0.15001 2.84999
-1.15084 0.15001 2.67086
0.705103 0.15001 -0.321776
-0.977046 0.15001 -1.08918
0.534494 0.15001 0.920321
-0.313545 0.15001 0.638039
1.03942 0.15001 -1.45912
-0.952348 0.15001 2.67105
-0.970881 0.15001 -1.44446
-1.97989 0.15001 0.331275
-2.45864 0.15001 2.4556
-1.06558 0.15001 1.78932
1.85757 0.15001 0.35719
0.873035 0.15001 1.69426
0.0237868 0.15001 1.61605
2.68014 0.15001 2.39548
2.5078 0.15001 2.29624
2.49458 0.15001 -2.28505
-1.16821 0.15001 1.61111
-1.4685 0.15001 1.07417
1.52736 0.15001 0.165187
-0.759622 0.15001 2.3159
-0.658377 0.15001 -2.32519
-2.05759 0.15001 -2.68226
-0.303836 0.15001 -0.740259
-2.0225 0.15001 -1.16402
-2.3542 0.15001 -2.84999
-0.557885 0.15001 -2.14902
-1.95513 0.15001 -2.84999
-2.49518 0.15001 2.01465
2.18766 0.15001 0.925894
0.703046 0.15001 0.250226
1.36625 0.15001 -1.06875
2.18793 0.15001 -0.953595
-1.6839 0.15001 -1.29045
1.33795 0.15001 -2.3181
2.51868 0.15001 0.360248
-0.666335 0.15001 1.79331
-2.50233 0.15001 -1.13177
-1.86206 0.15001 1.08631
-0.663923 0.15001 0.233824
-0.758819 0.15001 0.58601
-2.1579 0.15001 -0.158021
-2.67395 0.15001 0.330949
-0.254019 0.15001 -2.32229
2.49752 0.15001 -2.47397
-2.32253 0.15001 -0.268591
-0.763767 0.15001 -1.79857
-2.29548 0.15001 -1.22298
0.868976 0.15001 -0.032937
2.35341 0.15001 0.642628
1.03361 0.15001 0.443482
-0.151002 0.15001 -1.79844
1.36244 0.15001 1.20553
2.33972 0.15001 1.99569
1.69293 0.15001 0.450053
1.66214 0.15001 1.98777
0.192379 0.15001 1.51513
0.703582 0.15001 0.0596208
2.33398 0.15001 2.40429
0.709964 0.15001 1.79452
-0.144536 0.15001 0.537954
-0.662401 0.15001 -1.62591
2.51593 0.15001 1.50352
1.95302 0.15001 2.84999
0.753112 0.15001 -1.62485
1.85781 0.15001 -0.771653
1.20245 0.15001 -1.56521
2.84999 0.15001 2.09253
1.19925 0.15001 -0.406782
2.16347 0.15001 2.29965
0.0302586 0.15001 1.025
0.0460636 0.15001 -2.84999
0.346212 0.15001 -2.32311
0.251353 0.15001 -1.79737
-0.353973 0.15001 -1.80091
1.13915 0.15001 -2.31731
2.68319 0.15001 -1.42102
-1.35852 0.15001 -1.79611
-1.24485 0.15001 2.84999
1.69262 0.15001 1.01705
-2.31883 0.15001 1.51366
1.62336 0.15001 -2.49656
1.80447 0.15001 -2.84999
1.03388 0.15001 -0.125181
-2.67073 0.15001 -1.42223
-0.981629 0.15001 0.0432557
1.52829 0.15001 -0.590288
-2.84999 0.15001 -1.31992
-0.466549 0.15001 -0.852576
1.36727 0.15001 -1.26151
-1.3649 0.15001 -1.44745
0.343671 0.15001 -2.67616
1.04145 0.15001 -1.07663
0.538744 0.15001 -0.229847
1.03261 0.15001 1.20608
2.02258 0.15001 -0.674775
0.8684 0.15001 0.347057
-1.62025 0.15001 0.310268
-2.67223 0.15001 -1.61976
-2.13384 0.15001 2.32737
-1.81649 0.15001 0.641225
1.24054 0.15001 -2.14351
-0.865442 0.15001 -0.633824
-0.307443 0.15001 0.0475692
-1.06762 0.15001 -1.61845
0.537443 0.15001 -2.67606
-1.12613 0.15001 -0.327535
-1.06328 0.15001 0.739594
-1.36207 0.15001 1.96704
2.51862 0.15001 0.737242
2.18822 0.15001 0.547851
0.851012 0.15001 2.67623
0.147439 0.15001 -2.32313
-2.13236 0.15001 2.67482
-1.34801 0.15001 2.67105
-2.32154 0.15001 0.135174
2.84999 0.15001 -1.13601
-1.35884 0.15001 -2.49683
1.85709 0.15001 2.67548
-1.53174 0.15001 -0.925872
-2.24693 0.15001 2.49219
-0.868445 0.15001 -1.27101
-2.15552 0.15001 -2.12927
-1.86942 0.15001 -0.795424
-0.558551 0.15001 2.32073
-1.96396 0.15001 1.96871
-2.50855 0.15001 -0.935103
1.36125 0.15001 1.39828
1.85825 0.15001 0.734606
2.51795 0.15001 -0.950059
1.03875 0.15001 -0.885129
0.651995 0.15001 -1.46279
-2.32331 0.15001 -2.2249
2.35019 0.15001 -1.4255
-0.672474 0.15001 1.09156
-2.31536 0.15001 -0.831833
-2.32957 0.15001 2.6695
-2.50173 0.15001 0.828013
0.365994 0.15001 1.01945
0.702541 0.15001 0.440922
-0.137888 0.15001 1.12272
0.372186 0.15001 -0.521383
-1.46348 0.15001 -1.62581
1.19839 0.15001 0.918765
-0.967999 0.15001 -1.79385
-0.152655 0.15001 -2.14646
2.02229 0.15001 -0.487506
-2.14301 0.15001 -1.73
0.701687 0.15001 1.40401
0.532643 0.15001 1.30938
1.85697 0.15001 1.11363
0.706886 0.15001 1.99004
-0.48656 0.15001 0.546908
1.52519 0.15001 1.4958
0.0209726 0.15001 1.41691
0.5333 0.15001 1.11444
-1.86746 0.15001 -1.98977
1.03346 0.15001 0.254002
2.18317 0.15001 1.50273
1.25819 0.15001 2.32503
1.45831 0.15001 2.3241
1.85637 0.15001 -1.52367
2.35201 0.15001 -1.23481
0.24692 0.15001 -2.84999
1.15902 0.15001 2.15295
1.6929 0.15001 -0.681266
-1.49777 0.15001 0.151671
-0.45712 0.15001 -1.97374
1.0599 0.15001 1.98515
-1.16896 0.15001 1.25623
0.147184 0.15001 2.84999
-0.65058 0.15001 -1.28963
1.63717 0.15001 -1.73492
0.153366 0.15001 -1.6233
0.711828 0.15001 -1.09257
1.69341 0.15001 -0.86959
1.91545 0.15001 -2.66803
-0.663708 0.15001 -0.583155
-1.25578 0.15001 0.730073
-1.55855 0.15001 1.96585
-0.854525 0.15001 2.49395
2.15621 0.15001 -2.09549
0.646657 0.15001 -2.14358
0.941139 0.15001 -2.31737
1.20683 0.15001 -1.36519
-2.09713 0.15001 -2.3292
1.36564 0.15001 -0.877659
-1.36839 0.15001 1.25146
-1.37032 0.15001 -0.0101294
1.1981 0.15001 0.161314
-2.50438 0.15001 -0.162207
0.44749 0.15001 -2.14562
0.534753 0.15001 0.727139
0.542402 0.15001 -0.806068
-0.926396 0.15001 -0.294388
0.540395 0.15001 -0.613247
1.52738 0.15001 -0.212636
0.341498 0.15001 2.17797
0.371212 0.15001 -0.137131
-0.960463 0.15001 1.96972
-2.50122 0.15001 1.02026
1.71748 0.15001 -2.67246
0.544383 0.15001 -2.32085
2.84999 0.15001 -2.46663
0.371443 0.15001 -0.329119
1.36463 0.15001 -0.687884
0.460387 0.15001 -1.45624
2.68466 0.15001 0.266543
2.01587 0.15001 1.60021
-0.86588 0.15001 1.79145
2.35203 0.15001 2.84999
1.03367 0.15001 0.633083
2.51856 0.15001 -0.201824
-0.480219 0.15001 0.336701
2.51173 0.15001 2.49493
-0.667932 0.15001 0.755658
-1.05403 0.15001 -0.138468
1.8584 0.15001 -0.959364
2.25318 0.15001 2.67131
0.536887 0.15001 1.69883
-0.307643 0.15001 -0.14858
-1.26191 0.15001 -1.61982
-2.67798 0.15001 -1.22576
1.36274 0.15001 -0.120392
1.43828 0.15001 -2.14521
1.04344 0.15001 -1.2691
1.85567 0.15001 1.30536
-2.41017 0.15001 2.84999
2.50911 0.15001 2.09552
1.03274 0.15001 1.40018
2.35284 0.15001 -0.296533
-2.84999 0.15001 -1.91186
1.98394 0.15001 -2.19129
2.17545 0.15001 -1.71421
2.1641 0.15001 -1.90428
-0.483613 0.15001 0.140042
0.648186 0.15001 2.67628
2.15523 0.15001 2.49826
-2.31594 0.15001 -1.83173
2.17522 0.15001 1.89763
0.868595 0.15001 0.157068
0.20203 0.15001 -0.236767
1.20157 0.15001 -0.78599
-0.139899 0.15001 0.145642
1.97587 0.15001 -2.38581
0.549646 0.15001 -1.97053
-0.264466 0.15001 1.79612
-1.16141 0.15001 1.96513
-0.904365 0.15001 0.224877
2.68465 0.15001 0.454335
1.0569 0.15001 2.32734
2.84999 0.15001 -1.51435
1.04048 0.15001 1.79256
-1.93735 0.15001 2.32292
1.6904 0.15001 1.40036
2.5175 0.15001 1.30884
2.84999 0.15001 1.11718
2.84999 0.15001 1.50275
2.68382 0.15001 1.21297
0.364206 0.15001 1.21527
0.0249713 0.15001 1.97575
2.6867 0.15001 -2.75153
2.84999 0.15001 -2.08664
1.37736 0.15001 -1.65007
2.6847 0.15001 -0.107751
0.200462 0.15001 0.53599
2.35282 0.15001 -0.857682
2.0215 0.15001 -1.42741
2.84999 0.15001 1.89373
-0.163108 0.15001 2.32201
2.84999 0.15001 0.926451
2.84999 0.15001 -1.70526
-1.1629 0.15001 -2.14507
2.33022 0.15001 -2.00107
1.36263 0.15001 0.0687398
2.67405 0.15001 -2.18481
2.35275 0.15001 -0.109363
1.5284 0.15001 0.731643
2.68363 0.15001 -1.23221
-1.9592 0.15001 1.2561
-0.853236 0.15001 -0.112676
1.63238 0.15001 -2.14377
2.18287 0.15001 -1.52331
-0.0535871 0.15001 -2.67428
0.845588 0.15001 -2.14222
-2.84999 0.15001 -0.354477
1.81717 0.15001 -2.4959
0.857965 0.15001 2.33576
-0.767964 0.15001 1.26539
-1.23563 0.15001 0.363775
1.75741 0.15001 2.84999
0.65248 0.15001 -1.79804
1.81703 0.15001 -2.0934
1.9979 0.15001 -1.80679
1.41809 0.15001 -2.84999
0.94833 0.15001 -1.62573
-1.05644 0.15001 2.14174
1.03458 0.15001 -0.314831
1.6933 0.15001 0.638769
2.84999 0.15001 2.68537
2.75117 0.15001 2.84999
1.25163 0.15001 -1.79642
2.84999 0.15001 -2.27696
0.640353 0.15001 -2.49658
-0.318931 0.15001 -0.540679
0.709489 0.15001 -0.897143
0.74979 0.15001 -1.96926
1.35917 0.15001 2.14663
0.873419 0.15001 -0.794738
0.704482 0.15001 1.59778
-1.7432 0.15001 2.31653
0.144277 0.15001 2.1399
-0.137387 0.15001 0.926221
0.535237 0.15001 0.536081
2.51319 0.15001 1.89587
2.84999 0.15001 -0.76074
-2.49535 0.15001 1.61299
2.51504 0.15001 1.70061
1.67833 0.15001 1.79465
2.01221 0.15001 1.80001
0.367651 0.15001 0.823979
-0.658807 0.15001 -0.0863867
-0.803789 0.15001 -0.447445
-0.348229 0.15001 -1.45579
0.0308981 0.15001 -0.531525
-0.871803 0.15001 1.09055
1.85704 0.15001 0.168599
-1.69419 0.15001 0.108523
0.550395 0.15001 2.13583
1.05576 0.15001 2.67729
1.19736 0.15001 1.30239
-2.84999 0.15001 0.626954
2.15185 0.15001 -2.28828
0.138545 0.15001 2.50489
-0.310747 0.15001 0.240578
1.36323 0.15001 0.446762
-1.36627 0.15001 0.897007
2.02232 0.15001 0.264183
2.84999 0.15001 1.69893
0.370577 0.15001 0.0549381
-0.364786 0.15001 1.97462
1.0354 0.15001 -2.49372
2.32421 0.15001 -2.38693
2.68209 0.15001 -1.61065
1.22257 0.15001 -2.84999
2.32818 0.15001 -2.58028
1.3564 0.15001 2.84999
1.85779 0.15001 0.923679
2.5182 0.15001 1.11746
2.17925 0.15001 1.7019
2.84999 0.15001 0.736935
1.325 0.15001 -2.6718
2.32292 0.15001 -2.19244
0.200395 0.15001 0.728534
1.69388 0.15001 -1.05815
0.446921 0.15001 2.67611
-1.15588 0.15001 2.31621
0.956682 0.15001 2.50546
2.55442 0.15001 2.84999
2.34541 0.15001 -1.61753
2.68467 0.15001 0.0792164
1.19816 0.15001 -0.0280286
-0.142117 0.15001 0.342248
-0.565428 0.15001 1.26837
1.85813 0.15001 0.545854
0.0398455 0.15001 2.31973
0.868199 0.15001 0.727435
0.368336 0.15001 1.80255
2.50092 0.15001 -2.09433
1.15849 0.15001 2.50135
-2.15182 0.15001 1.61564
0.701084 0.15001 1.01558
2.50704 0.15001 -1.90223
1.52775 0.15001 -0.401479
2.68466 0.15001 -0.294537
2.84999 0.15001 -0.574031
2.02204 0.15001 -0.300016
2.18675 0.15001 -1.33117
-0.568756 0.15001 1.61726
1.25831 0.15001 2.6753
2.51853 0.15001 -0.0148057
2.67562 0.15001 -2.56326
0.875575 0.15001 -0.986651
2.68433 0.15001 -0.667952
2.53027 0.15001 -2.84999
2.02196 0.15001 0.0758606
1.68678 0.15001 1.59647
2.18733 0.15001 0.171126
2.00006 0.15001 2.19224
1.36018 0.15001 1.80266
2.35274 0.15001 0.078113
0.14888 0.15001 -2.67554
1.03697 0.15001 -0.694577
2.51182 0.15001 -1.71006
0.0320796 0.15001 0.0505667
1.69194 0.15001 -0.116058
1.69247 0.15001 -0.492987
1.8574 0.15001 -0.583965
-0.170533 0.15001 1.61804
-0.304076 0.15001 1.02786
2.84999 0.15001 0.360345
2.01507 0.15001 -1.61904
2.5157 0.15001 -1.51839
-0.866506 0.15001 0.749
2.68382 0.15001 -1.04296
0.442092 0.15001 -2.50208
2.84999 0.15001 -0.947959
-0.315422 0.15001 0.443627
1.52755 0.15001 1.11078
-0.564322 0.15001 1.97058
2.18821 0.15001 0.736739
2.68409 0.15001 1.02244
-2.84999 0.15001 1.01855
0.867163 0.15001 1.3052
1.66147 0.15001 2.6749
1.7596 0.15001 2.50279
0.362451 0.15001 1.41122
1.99525 0.15001 -2.84999
1.4603 0.15001 2.6745
2.67742 0.15001 -1.99397
-0.459202 0.15001 2.14765
2.5175 0.15001 -1.32842
0.931641 0.15001 -2.67191
0.733773 0.15001 -2.67448
1.54444 0.15001 -1.55452
0.0290747 0.15001 0.633012
-0.962304 0.15001 -2.14674
-2.67447 0.15001 0.529686
-1.26894 0.15001 1.4311
2.17184 0.15001 2.09374
0.869645 0.15001 -0.222998
1.20078 0.15001 1.69158
1.19865 0.15001 0.728964
1.69438 0.15001 -1.43754
2.35289 0.15001 -0.48351
0.201433 0.15001 0.149287
1.85709 0.15001 -0.396173
-0.506036 0.15001 -0.450997
2.18774 0.15001 -0.766005
2.84999 0.15001 2.29182
2.51769 0.15001 -1.1386
2.84999 0.15001 -2.65731
1.5209 0.15001 -2.67229
2.18519 0.15001 -2.84999
0.554566 0.15001 -1.62816
1.83043 0.15001 -1.70941
1.65866 0.15001 2.32341
1.69179 0.15001 1.20769
1.85306 0.15001 1.50009
2.68456 0.15001 0.642745
2.51826 0.15001 0.926777
1.46312 0.15001 -1.82234
0.844526 0.15001 -1.44746
0.373653 0.15001 -0.714549
2.33872 0.15001 -1.80866
0.537235 0.15001 0.152875
0.700512 0.15001 1.20925
2.51855 0.15001 -0.388677
2.84999 0.15001 -0.200957
2.33723 0.15001 2.19928
2.84999 0.15001 -0.0142023
1.19793 0.15001 1.10961
2.1486 0.15001 -2.48317
-0.356684 0.15001 -2.84999
2.51825 0.15001 -0.762481
1.69315 0.15001 0.827641
1.95608 0.15001 2.49848
2.84999 0.15001 -1.32518
2.02308 0.15001 0.830348
1.52722 0.15001 -0.0237286
2.35291 0.15001 -0.67044
2.51847 0.15001 -0.575473
2.84999 0.15001 -2.84999
2.02332 0.15001 -1.23784
-2.15566 0.15001 0.430551
2.113 0.15001 -2.67205
2.02187 0.15001 -0.112212
1.52809 0.15001 0.920791
-0.471536 0.15001 -0.0525327
-1.44774 0.15001 0.705801
0.538054 0.15001 -0.0384806
1.52975 0.15001 -1.15934
2.68454 0.15001 -0.481221
1.033 0.15001 1.01391
2.02357 0.15001 -1.04978
-0.477762 0.15001 0.744897
-1.51671 0.15001 -0.391736
1.36306 0.15001 1.01457
1.20315 0.15001 -0.976906
1.55758 0.15001 2.84999
1.36345 0.15001 0.824818
2.51101 0.15001 -2.66116
2.66822 0.15001 -2.37451
2.68407 0.15001 -0.855072
1.03561 0.15001 -0.504615
1.37216 0.15001 -1.4589
0.369503 0.15001 0.247277
1.53047 0.15001 -1.35246
1.55871 0.15001 2.15156
2.02327 0.15001 0.641391
2.68255 0.15001 1.60249
2.68005 0.15001 -1.80241
1.98972 0.15001 -1.99787
0.870575 0.15001 -0.413238
2.84999 0.15001 -0.387529
0.70175 0.15001 0.823014
2.35294 0.15001 0.265908
0.867667 0.15001 0.918537
-0.353341 0.15001 2.66895
0.649615 0.15001 2.33194
2.34807 0.15001 1.60165
