1240 0.1
-1.6477 0.15001 -1.58063
-1.86856 0.15001 -0.88053
-2.05707 0.15001 -0.282732
-2.40799 0.15001 0.132354
-2.36802 0.15001 0.438669
-2.17282 0.15001 0.747995
-2.001 0.15001 0.932188
-2.00411 0.15001 1.27906
-1.86784 0.15001 1.61677
-1.60207 0.15001 2.40307
-2.26421 0.15001 -2.25926
-2.16589 0.15001 -1.19962
-2.44816 0.15001 -0.510883
-2.57076 0.15001 -0.122385
-2.71979 0.15001 0.227832
-2.76091 0.15001 0.538116
-2.7317 0.15001 0.82973
-2.73453 0.15001 1.08268
-2.68367 0.15001 1.47382
-2.26557 0.15001 2.67535
-2.12432 0.15001 -2.12319
-1.90964 0.15001 -1.21984
-2.21036 0.15001 -0.526432
-2.31272 0.15001 -0.135429
-2.10418 0.15001 0.196892
-2.54525 0.15001 0.637168
-2.52295 0.15001 0.975287
-2.54263 0.15001 1.23334
-2.43376 0.15001 1.55977
-2.18658 0.15001 2.45303
-2.28617 0.318968 -2.2809
-2.18208 0.15001 -1.43915
-2.40178 0.151635 -0.698222
-2.47761 0.187686 -0.299162
-2.5694 0.215403 0.0665018
-2.63398 0.206526 0.396479
-2.71654 0.265663 0.68254
-2.71442 0.315986 1.02607
-2.71348 0.243112 1.30889
-2.2486 0.150805 2.84472
-1.94345 0.15001 -1.95775
-2.01538 0.154718 -1.0225
-2.01886 0.173443 -0.477347
-2.10037 0.17609 -0.0887238
-2.29919 0.224265 0.267503
-2.29858 0.216992 0.604285
-2.30197 0.186097 0.896109
-2.26996 0.15001 1.40012
-1.94766 0.15001 1.85292
-1.92782 0.15001 2.41745
-2.11713 0.320259 -2.10321
-2.04612 0.225928 -1.31197
-2.24059 0.26137 -0.656645
-2.24492 0.228617 -0.326265
-2.34882 0.271237 0.0110832
-2.47376 0.288039 0.494639
-2.49395 0.282019 0.746476
-2.44737 0.258761 1.11636
-2.46812 0.28849 1.45037
-2.09226 0.201283 2.61489
-1.67497 0.25631 -1.7165
-1.79905 0.206382 -1.04189
-1.60947 0.25511 -0.659115
-1.7099 0.221408 -0.139511
-1.96866 0.264369 0.173598
-1.94681 0.286283 0.642927
-1.95699 0.227266 1.10208
-1.92963 0.237898 1.46203
-1.73369 0.204574 1.76078
-1.59622 0.164103 2.19721
-1.98081 0.317928 -1.96048
-1.8469 0.291831 -1.28901
-1.88368 0.267317 -0.751827
-1.9365 0.267236 -0.32062
-1.956 0.300034 -0.057978
-2.0988 0.280412 0.421571
-2.0772 0.308161 0.869138
-1.92326 0.327561 1.26965
-1.96461 0.285571 1.69114
-1.75169 0.257966 2.45116
-1.53676 0.285802 -1.48965
-1.46781 0.263 -1.02857
-1.38512 0.278502 -0.567587
-1.39087 0.296185 -0.238076
-1.52989 0.291526 0.245203
-1.58382 0.29596 0.66877
-1.63979 0.30178 0.954901
-1.55711 0.281562 1.34908
-1.49232 0.282412 1.75352
-1.33866 0.192386 2.21345
-1.32937 0.367916 -1.30918
-1.29034 0.380661 -1.01378
-1.21693 0.36528 -0.545492
-1.21757 0.361239 -0.243011
-1.33625 0.393871 0.161829
-1.43845 0.409098 0.530495
-1.48567 0.393842 0.895346
-1.40788 0.35888 1.25396
-1.37272 0.381409 1.63391
-1.27074 0.335289 2.07436
-0.886128 0.15001 -1.77832
-0.97918 0.15001 -1.05588
-0.805143 0.15001 -0.406589
-0.981572 0.15001 -0.0876603
-1.09754 0.15001 0.241427
-1.04312 0.15001 0.745826
-0.95047 0.15001 1.08365
-1.0284 0.15001 1.56108
-1.10712 0.15001 2.1201
-0.791194 0.15001 2.55408
-1.24733 0.15001 -2.13705
-1.51506 0.15001 -1.36848
-1.38809 0.15001 -0.808124
-1.44544 0.15001 -0.185353
-1.71763 0.15001 0.27066
-1.48612 0.15001 0.618123
-1.57536 0.15001 0.862147
-1.33801 0.15001 1.30123
-1.06944 0.15001 1.85914
-0.909923 0.15001 2.84999
-1.25894 0.15001 -1.83703
-1.31774 0.15001 -1.14625
-1.00279 0.15001 -0.701046
-1.10491 0.15001 -0.305197
-1.31341 0.15001 0.0865783
-1.84996 0.15001 0.601128
-1.63432 0.15001 1.08853
-1.51251 0.15001 1.58379
-1.62135 0.15001 1.94868
-0.922527 0.15001 2.69426
-1.44635 0.15001 -2.14097
-1.29922 0.15001 -1.5688
-1.66345 0.15001 -0.526452
-1.84267 0.15001 -0.0361435
-1.41049 0.15001 0.33303
-1.40866 0.204491 0.773914
-1.28062 0.15001 1.00076
-0.935309 0.15001 1.3448
-1.1935 0.199928 1.49721
-0.641603 0.15001 2.84999
-1.02336 0.15001 -1.92834
-1.6957 0.185979 -1.40194
-1.59381 0.15001 -0.899391
-1.51962 0.154218 -0.375848
-1.61461 0.182647 0.104185
-1.86742 0.208872 0.410758
-1.81554 0.182579 0.829508
-1.70072 0.15001 1.38289
-1.37827 0.15001 1.81831
-1.24666 0.15001 2.52927
-1.33702 0.217775 -1.99319
-1.12391 0.157247 -1.18051
-1.28545 0.15001 -0.615
-1.25053 0.184228 -0.133049
-1.26017 0.23086 0.254477
-1.07203 0.237991 0.596097
-1.00328 0.206088 0.911885
-1.1776 0.192913 1.18696
-0.902503 0.218137 1.89991
-0.77115 0.215253 2.7805
-1.05312 0.20318 -1.71586
-1.34138 0.196476 -1.33198
-1.30082 0.219439 -0.948419
-1.25062 0.203947 -0.390959
-1.39468 0.285184 0.030837
-1.42755 0.242896 0.483192
-1.46503 0.223141 0.993908
-1.4353 0.273372 1.49906
-1.21327 0.201036 1.97284
-1.08216 0.15001 2.32151
-1.32269 0.283428 -1.74699
-1.02807 0.290502 -0.993831
-1.127 0.249388 -0.64073
-1.06298 0.25993 -0.186168
-1.05795 0.303986 0.234489
-0.956645 0.307927 0.727291
-1.14456 0.270319 1.02012
-1.04814 0.270755 1.32416
-1.0234 0.289032 1.63901
-0.80569 0.299631 2.64446
-1.04473 0.253991 -1.44936
-1.18321 0.324002 -1.16699
-0.965052 0.337616 -0.719391
-1.03905 0.300615 -0.398892
-1.07062 0.339807 -0.0156935
-1.18618 0.332989 0.473546
-1.20951 0.427204 1.05727
-1.12956 0.367913 1.45819
-1.06362 0.324572 1.89565
-0.963972 0.2514 2.16755
-1.03476 0.389185 -1.27869
-0.946154 0.425903 -0.926379
-0.930458 0.404482 -0.534861
-0.935307 0.385581 -0.210416
-0.924499 0.402683 0.178639
-0.90745 0.425494 0.593862
-0.944288 0.447352 0.917998
-0.932277 0.443267 1.27915
-0.928543 0.418963 1.69673
-0.872543 0.388081 2.09242
-0.283418 0.15001 -2.06073
-0.470883 0.15001 -0.82193
-0.311945 0.15001 -0.202111
-0.348394 0.15001 0.0562068
-0.459224 0.15001 0.448193
-0.554881 0.15001 0.733282
-0.31657 0.15001 1.08713
-0.435954 0.15001 1.75436
-0.763628 0.15001 1.99468
-0.325324 0.15001 2.57291
-0.499402 0.15001 -2.45082
-0.787736 0.15001 -1.28643
-0.77954 0.15001 -0.701472
-0.611724 0.15001 -0.176397
-0.748757 0.15001 0.263283
-0.77404 0.15001 0.576197
-0.700374 0.15001 0.928554
-0.25663 0.15001 1.52065
-0.446828 0.15001 2.08753
-0.474252 0.15001 2.84999
-0.515112 0.15001 -2.21586
-0.674356 0.15001 -0.992878
-0.499765 0.15001 -0.542935
-0.616581 0.187689 -0.370078
-0.741239 0.15001 0.0125384
-1.11195 0.15001 0.449627
-0.626191 0.15001 1.27448
-0.650618 0.15001 1.63476
-0.569726 0.15001 2.39541
-0.385374 0.15001 2.72286
-0.687318 0.15001 -2.40189
-0.535954 0.15001 -1.59934
-0.597513 0.204392 -0.688661
-0.464614 0.198721 -0.0843099
-0.649615 0.176819 0.425003
-0.795659 0.195371 0.76268
-0.498681 0.172877 1.01854
-0.473278 0.157534 1.55517
-0.617874 0.170985 1.85513
-0.267845 0.2575 2.84999
-0.476592 0.169809 -2.02555
-0.915141 0.15001 -1.52779
-0.90465 0.187613 -0.8591
-0.944237 0.197655 -0.529128
-1.04548 0.191371 0.0736796
-0.951753 0.186131 0.35393
-0.744879 0.154016 1.12511
-0.824339 0.204464 1.58237
-0.816909 0.15001 2.22979
-0.574603 0.15001 2.67238
-0.658207 0.248821 -2.23154
-0.600122 0.15001 -1.27511
-0.463221 0.297266 -0.521215
-0.760226 0.236604 -0.181372
-0.63169 0.222402 0.158048
-0.621494 0.239442 0.601502
-0.607695 0.277186 0.895541
-0.576648 0.284217 1.34556
-0.419855 0.227149 1.91713
-0.350872 0.326741 2.72727
-0.666779 0.265901 -1.61233
-0.927431 0.252793 -1.29298
-0.775611 0.289925 -0.774403
-0.803579 0.303509 -0.431899
-0.861292 0.266227 0.0387393
-0.816177 0.271304 0.448784
-0.849985 0.290535 1.13877
-0.799771 0.286904 1.41395
-0.672382 0.263115 2.07785
-0.471709 0.229418 2.5084
-0.768918 0.258038 -1.85332
-0.625218 0.25532 -1.11356
-0.61838 0.350713 -0.591479
-0.582802 0.310649 -0.164899
-0.527656 0.338779 0.231857
-0.687376 0.363831 0.700993
-0.484079 0.389945 0.917263
-0.598946 0.415016 1.24168
-0.587282 0.289236 1.72253
-0.508797 0.313572 2.66361
-0.571539 0.28225 -1.38342
-0.737201 0.330718 -0.959808
-0.73609 0.443229 -0.725938
-0.678265 0.388951 -0.348721
-0.707173 0.372223 0.0226275
-0.681279 0.388682 0.455891
-0.763253 0.416147 1.05268
-0.715231 0.435768 1.47427
-0.720905 0.354717 1.9193
-0.512277 0.285433 2.3029
-0.545743 0.369234 -1.21808
-0.538585 0.399834 -0.929809
-0.509163 0.466685 -0.504774
-0.542184 0.473356 -0.151713
-0.538564 0.510782 0.203997
-0.597778 0.501251 0.609967
-0.56471 0.54704 0.924712
-0.564668 0.580974 1.28741
-0.551532 0.457965 1.72072
-0.532215 0.388581 2.14616
0.13853 0.15001 -2.40788
-0.0657544 0.15001 -0.99259
-0.0248883 0.15001 -0.304091
0.176641 0.15001 0.162132
0.145563 0.15001 0.418841
0.0661297 0.15001 0.67732
-0.0411144 0.15001 1.10822
-0.0797533 0.15001 1.75253
-0.203137 0.15001 2.14699
0.0509581 0.15001 2.60936
-0.118646 0.15001 -2.57087
-0.158429 0.15001 -1.47093
-0.165795 0.15001 -0.607196
-0.102165 0.15001 -0.0275351
-0.167634 0.15001 0.272858
-0.166837 0.15001 0.553569
-0.176152 0.15001 0.820236
0.0462505 0.15001 1.40942
0.151689 0.15001 2.21772
-0.139602 0.15001 2.84999
-0.132459 0.15001 -2.31573
-0.29108 0.15001 -1.13039
-0.34545 0.185299 -0.668312
-0.307979 0.165377 -0.415094
-0.413152 0.168845 0.238901
-0.388493 0.200216 0.701328
-0.157916 0.152582 1.28989
-0.245403 0.15001 1.89164
-0.0959283 0.15001 2.44955
0.00269689 0.15001 2.76501
-0.292782 0.191615 -2.4778
-0.0377687 0.15001 -1.85875
-0.0616086 0.195123 -0.475115
-0.158813 0.216134 -0.178272
-0.0109864 0.192029 0.34568
-0.0944046 0.247695 0.675395
-0.154838 0.21748 0.989853
-0.0218979 0.195517 1.58287
-0.0278431 0.203194 2.12373
0.0681525 0.293846 2.84999
-0.100984 0.183903 -2.10952
-0.374105 0.152592 -1.47975
-0.472035 0.176922 -1.00422
-0.387936 0.28152 -0.249036
-0.216795 0.245232 0.144233
-0.293189 0.225036 0.459172
-0.313301 0.24427 1.22762
-0.240221 0.245023 1.67156
-0.340398 0.164242 2.30143
-0.172351 0.183334 2.67576
-0.340182 0.231425 -2.24238
-0.132044 0.183711 -1.25889
-0.151665 0.245164 -0.745658
-0.0521118 0.307789 -0.0362255
-0.0885345 0.324177 0.428386
-0.289064 0.327466 0.754248
-0.0383927 0.341411 0.945492
-0.0608798 0.270137 1.39868
0.0327631 0.249391 1.83698
-0.087085 0.324012 2.77753
-0.13206 0.217234 -1.71196
-0.391515 0.215294 -1.25573
-0.426176 0.300206 -0.813461
-0.330811 0.336503 -0.422819
-0.355127 0.299666 0.0152784
-0.455441 0.308731 0.470851
-0.349918 0.346834 1.0859
-0.400181 0.310464 1.53361
-0.258992 0.298569 2.18476
-0.0388599 0.273524 2.54934
-0.322154 0.276808 -1.95259
-0.174218 0.25622 -1.06743
-0.136005 0.321808 -0.573058
-0.175861 0.377863 -0.15199
-0.148939 0.383999 0.204382
-0.171187 0.377263 0.587168
-0.18761 0.427136 0.849977
-0.169305 0.372086 1.32002
-0.153541 0.313597 1.8481
-0.149124 0.378603 2.62696
-0.222796 0.288777 -1.40162
-0.382038 0.317552 -1.05679
-0.36323 0.381037 -0.667523
-0.31181 0.437694 -0.280111
-0.335776 0.454324 0.0654832
-0.383031 0.455854 0.511672
-0.288834 0.506622 1.05679
-0.335022 0.45573 1.46828
-0.366123 0.38912 1.93911
-0.0588957 0.317976 2.39068
-0.235137 0.36092 -1.22614
-0.206762 0.381768 -0.939842
-0.171945 0.477288 -0.506862
-0.133609 0.535743 -0.112812
-0.175275 0.550798 0.188082
-0.192195 0.551239 0.581124
-0.127166 0.587746 0.876903
-0.161392 0.54498 1.31522
-0.174014 0.442932 1.72682
-0.120566 0.410587 2.2154
0.432702 0.15001 -2.34568
0.258251 0.15001 -1.09206
0.406023 0.15001 -0.486479
0.429359 0.15001 0.121913
0.470859 0.15001 0.371788
0.337526 0.15001 0.781674
0.422119 0.15001 1.21092
0.40029 0.15001 1.87195
0.540556 0.15001 2.46643
0.391422 0.15001 2.63547
0.226225 0.15001 -2.70196
0.263384 0.15001 -1.73513
0.236706 0.15001 -0.740871
0.234367 0.15001 -0.162177
0.309079 0.166043 0.298466
0.307529 0.15001 0.575737
0.209436 0.15001 1.00926
0.352068 0.15001 1.51979
0.392018 0.15001 2.13903
0.164796 0.15001 2.84999
0.196702 0.15001 -2.09943
0.0756659 0.15001 -1.32007
0.0111263 0.15001 -0.764842
0.188848 0.152048 -0.405669
0.0314257 0.202874 0.0827047
0.11234 0.195279 0.848846
0.202761 0.15001 1.25572
0.183921 0.15001 1.8489
0.213008 0.15001 2.52262
0.324694 0.15001 2.78667
0.0683303 0.219375 -2.56541
0.345034 0.15001 -1.43104
0.41826 0.191964 -0.672052
0.300762 0.190764 -0.000270098
0.488515 0.251449 0.495232
0.487937 0.234343 0.781294
0.375021 0.213496 1.0483
0.471199 0.193299 1.3831
0.471234 0.191749 1.69492
0.398284 0.285177 2.84999
0.261488 0.22718 -2.28689
0.108649 0.186597 -1.61943
0.0840298 0.192624 -1.08329
0.111282 0.253475 -0.207533
0.17917 0.282036 0.25683
0.171824 0.244146 0.548971
0.0992256 0.236254 1.13442
0.241051 0.244922 1.60201
0.137263 0.192291 2.3811
0.180709 0.222525 2.70033
0.0194357 0.274723 -2.35118
0.266334 0.238928 -1.28817
0.150567 0.225248 -0.612392
0.416222 0.291269 -0.0940536
0.342364 0.324031 0.425291
0.355835 0.318453 0.698855
0.244063 0.291469 0.938747
0.327589 0.275638 1.29249
0.30379 0.255941 1.96363
0.245044 0.360929 2.80048
0.196394 0.25869 -1.95301
0.0380523 0.290424 -1.40005
0.0757031 0.268789 -0.867565
-0.00533567 0.299483 -0.341031
0.142155 0.35107 0.0912694
0.110387 0.387253 0.58797
0.106045 0.382416 1.21085
0.0858039 0.322906 1.6324
0.115448 0.305148 2.19471
0.307893 0.281889 2.58722
-0.0414907 0.297723 -1.95803
0.243857 0.307257 -1.08273
0.232595 0.333697 -0.505377
0.234918 0.366219 -0.165037
0.268514 0.427243 0.310605
0.294572 0.454836 0.620557
0.170863 0.397902 0.830455
0.287504 0.384462 1.42453
0.357734 0.327805 1.72578
0.161842 0.395189 2.64652
0.254713 0.300313 -1.54525
9.56357e-005 0.343341 -1.06581
0.05902 0.374156 -0.711549
0.0570397 0.449593 -0.314789
0.0229384 0.483327 0.061321
0.0167483 0.488543 0.481891
0.150377 0.478297 1.0514
0.0531022 0.431803 1.48929
0.164646 0.358292 1.91293
0.277829 0.308548 2.4282
0.170485 0.396816 -1.34104
0.210204 0.402291 -0.931702
0.200811 0.503121 -0.529405
0.177212 0.52815 -0.145358
0.216933 0.576012 0.240483
0.215617 0.590706 0.532052
0.220475 0.568087 0.816454
0.233502 0.527378 1.32008
0.240681 0.46638 1.71936
0.240025 0.403329 2.27778
0.74449 0.15001 -2.11116
0.773823 0.15001 -1.01046
0.655708 0.15001 -0.544647
0.695479 0.15001 0.0652504
0.726303 0.15001 0.309129
0.886014 0.15001 0.796204
0.705769 0.15001 1.29185
0.854481 0.15001 1.74213
0.802018 0.15001 2.37534
0.708801 0.15001 2.68681
0.535797 0.15001 -2.72968
0.578637 0.15001 -1.56227
0.533962 0.15001 -0.825928
0.52108 0.15001 -0.192934
0.57403 0.200031 0.216913
0.616832 0.15001 0.596835
0.554962 0.15001 0.926754
0.594938 0.15001 1.54814
0.668335 0.15001 2.06641
0.522672 0.15001 2.84999
0.644115 0.15001 -2.50607
0.538321 0.15001 -1.91604
0.471937 0.15001 -1.13631
0.722953 0.209263 -0.398836
0.866367 0.201764 0.0908486
0.964719 0.186622 0.940556
0.933972 0.159426 1.24907
0.84353 0.18135 1.96117
0.945969 0.15001 2.52609
0.751168 0.15001 2.84999
0.389194 0.209303 -2.60539
0.733911 0.181675 -1.45256
0.738998 0.170678 -0.814163
0.638232 0.214657 -0.0794105
0.7582 0.215155 0.47441
0.749231 0.201467 0.712263
0.683952 0.190575 1.05111
0.777776 0.186547 1.49932
0.634295 0.189349 2.29654
0.545381 0.15001 2.6969
0.600406 0.202877 -2.25495
0.43016 0.231532 -1.78634
0.387332 0.203152 -0.975879
0.438942 0.227385 -0.326953
0.693061 0.298595 0.118781
0.805425 0.264108 0.892986
0.789377 0.260768 1.20692
0.946041 0.276447 1.6886
0.737525 0.20259 2.54112
0.869432 0.303507 2.84999
0.482289 0.293856 -2.43627
0.613054 0.217666 -1.04865
0.609443 0.235668 -0.678043
0.696212 0.289585 -0.241127
0.655059 0.318933 0.384124
0.615192 0.2945 0.64664
0.528956 0.293 0.996843
0.63373 0.266142 1.41229
0.547698 0.21116 1.9462
0.476584 0.318882 2.70577
0.653669 0.27762 -1.93296
0.504997 0.248245 -1.44288
0.463838 0.293962 -0.832442
0.494344 0.302478 -0.493036
0.438478 0.320319 0.163822
0.698242 0.362598 0.790038
0.768722 0.360452 1.0666
0.731454 0.311237 1.62758
0.815773 0.278378 2.2776
0.777694 0.299288 2.71462
0.43565 0.292751 -2.06252
0.769531 0.315522 -1.02377
0.694691 0.375595 -0.710215
0.579406 0.365309 -0.113209
0.555354 0.430583 0.310596
0.518734 0.401578 0.559751
0.46098 0.401249 0.874907
0.540977 0.348271 1.23318
0.658012 0.335642 1.91349
0.551691 0.301487 2.54503
0.683363 0.300414 -1.61453
0.488013 0.332383 -1.14726
0.450011 0.386061 -0.676856
0.546724 0.411198 -0.35706
0.482761 0.454743 0.0599111
0.63802 0.492907 0.680048
0.648919 0.478417 0.995975
0.64066 0.419018 1.48322
0.759902 0.444469 2.01102
0.761234 0.343711 2.44682
0.538226 0.418139 -1.44983
0.598053 0.423118 -0.917495
0.611408 0.495025 -0.584898
0.564709 0.525369 -0.164877
0.509515 0.580105 0.240259
0.482565 0.579475 0.509826
0.494908 0.577775 0.831564
0.543712 0.519418 1.28371
0.628871 0.474033 1.73364
0.648399 0.406238 2.31096
0.995351 0.15001 -1.86747
1.09134 0.15001 -0.963128
1.098 0.15001 -0.330165
1.15297 0.15001 -0.0370203
1.23734 0.15001 0.37518
1.27328 0.15001 0.71704
1.22465 0.15001 1.31817
1.17747 0.15001 1.66224
1.16638 0.15001 2.31077
1.15508 0.15001 2.66001
0.831744 0.15001 -2.70045
0.881647 0.15001 -1.57523
0.954016 0.15001 -0.686511
0.816802 0.15001 -0.166397
0.998873 0.15001 0.203836
0.935501 0.15001 0.525941
1.06991 0.15001 1.0671
0.955479 0.15001 1.4496
0.95912 0.15001 2.12999
1.04606 0.15001 2.84999
1.01607 0.15001 -2.47887
1.10886 0.15001 -1.59858
1.26603 0.15001 -0.621181
1.30345 0.15001 -0.158994
1.23958 0.163671 0.178491
1.26321 0.154423 0.930363
1.42531 0.194622 1.34321
1.14865 0.15001 1.88591
1.36093 0.15001 2.4882
1.24981 0.15001 2.84999
0.681386 0.265378 -2.68649
1.02417 0.15001 -1.24873
1.07039 0.176489 -0.519796
0.962135 0.243009 -0.191417
1.02775 0.208148 0.382415
1.04859 0.179252 0.675748
1.17189 0.229957 1.16405
1.12628 0.203967 1.4972
0.986536 0.195705 2.3191
0.90378 0.15001 2.76144
0.876709 0.175079 -2.28047
0.814936 0.170477 -1.79547
1.17638 0.154478 -0.788924
1.2274 0.24934 -0.280751
1.08338 0.258634 0.0639881
1.15876 0.244872 0.818717
1.2747 0.297221 1.29799
1.32452 0.236097 1.69726
1.16494 0.190502 2.48619
1.14307 0.296285 2.84999
0.730409 0.29105 -2.45232
0.937631 0.214807 -1.03943
0.916098 0.246028 -0.429689
0.889701 0.326098 -0.0336411
0.960899 0.310058 0.249754
0.90587 0.287536 0.595863
1.03304 0.314101 1.04047
1.01154 0.282903 1.37697
1.0599 0.239496 2.02315
0.968496 0.249428 2.65708
1.06802 0.257683 -1.99453
0.975068 0.224281 -1.43856
1.09118 0.28452 -0.710482
1.13329 0.359569 -0.377632
1.18436 0.393275 0.0575514
1.05256 0.3584 0.74443
1.16413 0.391819 1.19613
1.14062 0.314538 1.64858
1.26482 0.276309 2.26987
1.18317 0.320525 2.69485
0.858789 0.305284 -2.09
1.09564 0.302724 -1.07694
0.966939 0.367329 -0.549578
0.842378 0.392526 -0.238716
0.81488 0.392423 0.20125
0.797464 0.395068 0.519981
0.901992 0.419652 0.899064
0.864313 0.373102 1.37068
0.916774 0.323466 1.87984
0.977129 0.322149 2.51385
0.999687 0.289046 -1.63448
0.958536 0.355874 -1.21117
1.0615 0.42426 -0.807833
1.04395 0.479371 -0.282443
1.02157 0.487696 0.0839795
0.992135 0.480547 0.631798
1.05483 0.500168 1.11256
1.12841 0.416819 1.49658
1.16985 0.374793 2.012
1.14631 0.349761 2.40219
0.875125 0.383158 -1.52569
0.902974 0.447758 -0.963481
0.902714 0.528583 -0.572581
0.860124 0.538558 -0.141235
0.791908 0.557634 0.239568
0.788723 0.575537 0.527866
0.842709 0.581997 0.854949
0.921399 0.534453 1.34645
0.994044 0.461774 1.79216
1.00673 0.404414 2.2539
1.26167 0.15001 -2.04255
1.59224 0.15001 -1.01049
1.77092 0.15001 -0.402381
1.76195 0.15001 -0.0125651
1.81333 0.15001 0.389743
1.63236 0.15001 0.872423
1.61711 0.15001 1.24893
1.67219 0.15001 1.76595
1.64187 0.15001 2.10909
1.602 0.15001 2.62968
1.10259 0.15001 -2.69904
1.30002 0.15001 -1.36479
1.53015 0.15001 -0.193722
1.48084 0.15001 0.168518
1.52573 0.167203 0.37438
1.59877 0.15001 0.587427
1.37531 0.15001 1.09229
1.43284 0.15001 1.52679
1.3949 0.15001 1.89925
1.43563 0.15001 2.8431
1.26371 0.15001 -2.50139
1.55302 0.15001 -1.51804
1.62384 0.15001 -0.619421
1.87273 0.15001 -0.203914
1.84863 0.15001 0.200673
1.86777 0.161083 0.828335
1.91055 0.162953 1.20118
1.89392 0.166165 1.66052
1.81512 0.15001 2.42812
1.61681 0.15001 2.84999
1.08557 0.318787 -2.65545
1.33228 0.15001 -1.03237
1.56122 0.15001 -0.41448
1.56455 0.173312 -0.00410081
1.27457 0.21255 0.525693
1.5074 0.191883 0.751993
1.55344 0.189758 1.08358
1.60752 0.188416 1.60152
1.41295 0.15001 2.24817
1.40527 0.168032 2.67856
1.43406 0.15001 -2.22952
1.3721 0.15001 -1.7491
1.54277 0.187159 -0.829216
1.67611 0.245891 -0.197727
1.63976 0.241333 0.227285
1.69826 0.291084 0.915702
1.70651 0.245108 1.36064
1.70901 0.183622 1.93788
1.77345 0.184436 2.25016
1.6085 0.302573 2.80871
1.15325 0.23881 -2.37698
1.22385 0.225158 -1.21134
1.35736 0.247589 -0.514085
1.38969 0.247669 -0.0359191
1.28177 0.285408 0.307802
1.38593 0.277721 0.653248
1.3667 0.286758 1.01708
1.47678 0.302916 1.52089
1.43179 0.263915 2.02215
1.53743 0.199313 2.48769
1.48481 0.245519 -1.93678
1.45623 0.241683 -1.40574
1.53699 0.282638 -0.658579
1.52643 0.30242 -0.397815
1.65598 0.316882 0.0295505
1.66569 0.311905 0.687971
1.62075 0.331211 1.15983
1.75155 0.287435 1.6825
1.5614 0.257552 2.21369
1.55418 0.336721 2.65568
1.26215 0.291651 -1.8961
1.34506 0.295607 -0.971922
1.2666 0.372552 -0.599445
1.36656 0.360372 -0.167544
1.38946 0.385292 0.224142
1.22802 0.370054 0.52789
1.35326 0.367424 0.867234
1.41203 0.372039 1.36856
1.41037 0.31689 1.83486
1.33773 0.306479 2.54485
1.3729 0.282908 -1.59398
1.39983 0.339472 -1.17747
1.46663 0.418824 -0.739886
1.46813 0.455116 -0.370216
1.51865 0.433474 0.0323811
1.4952 0.414018 0.627351
1.47747 0.435252 1.12358
1.58992 0.395393 1.6347
1.57297 0.370173 2.06006
1.52887 0.326075 2.38294
1.2274 0.34778 -1.46939
1.28455 0.449868 -0.94682
1.28687 0.547878 -0.59481
1.32059 0.527134 -0.171769
1.29718 0.53599 0.194366
1.28193 0.529754 0.548657
1.29329 0.514214 0.943738
1.32655 0.523081 1.34634
1.39072 0.489467 1.8349
1.37847 0.413553 2.2565
1.62498 0.15001 -1.85758
2.11756 0.15001 -1.05699
1.93169 0.15001 -0.784233
2.11392 0.15001 -0.213746
2.45139 0.15001 0.552876
2.30367 0.15001 0.811728
2.26242 0.15001 1.15403
2.13189 0.15001 1.60156
2.12304 0.15001 2.27119
2.22737 0.15001 2.74454
1.46693 0.15001 -2.61824
1.80967 0.15001 -1.12466
2.09641 0.15001 -0.479387
2.18885 0.15001 0.164581
2.129 0.15001 0.410902
1.97877 0.15001 0.603905
2.04017 0.15001 0.95298
1.90734 0.15001 1.40684
1.92614 0.15001 1.87547
1.76901 0.15001 2.7814
1.62338 0.15001 -2.38464
1.96114 0.15001 -1.6436
2.39923 0.15001 -0.610525
2.44674 0.15001 -0.123117
2.51341 0.15001 0.255154
2.52752 0.15001 0.957784
2.46352 0.15001 1.3414
2.23948 0.15001 1.91813
2.37094 0.15001 2.4168
2.36628 0.15001 2.84999
1.32395 0.254815 -2.68627
1.57392 0.162214 -1.22155
1.85488 0.158353 -0.597584
2.17753 0.191917 -0.0362559
1.78443 0.216367 0.554354
2.25919 0.189054 0.61671
2.29333 0.211967 0.985743
2.17258 0.172748 1.3769
2.01522 0.15001 2.06351
2.16048 0.15001 2.57088
1.84073 0.15001 -1.95386
1.8632 0.15001 -1.38984
2.16411 0.15001 -0.801142
2.29015 0.151591 -0.350346
2.35404 0.17741 0.221027
2.51291 0.211213 0.780173
2.46569 0.193017 1.15336
2.32135 0.159657 1.70837
2.30774 0.183605 2.22011
2.29131 0.300186 2.82498
1.49602 0.273719 -2.42848
1.84219 0.194874 -0.94025
1.94037 0.216375 -0.380822
1.90323 0.23397 0.0437889
2.00086 0.252832 0.343738
1.98602 0.260949 0.724769
2.01164 0.280279 1.04411
1.99062 0.266431 1.49345
2.05597 0.251428 1.82358
1.78951 0.212966 2.62758
1.77282 0.209792 -1.73446
1.96651 0.212007 -1.18346
2.0274 0.257514 -0.695816
2.20352 0.285001 -0.24216
2.23591 0.297833 0.114935
2.28877 0.301362 0.780988
2.23967 0.294861 1.2197
2.23337 0.270572 1.55757
2.12375 0.279231 2.15784
2.15483 0.300465 2.69364
1.72058 0.285117 -1.97973
1.63648 0.299499 -1.0368
1.77685 0.296648 -0.522147
1.85614 0.305416 -0.156277
1.78679 0.326397 0.310027
1.93371 0.326708 0.534947
1.88708 0.328364 0.909763
1.86079 0.337465 1.37052
1.82275 0.303074 1.99685
1.95025 0.25834 2.44746
1.71576 0.252277 -1.47139
1.84219 0.334608 -1.05584
1.87058 0.35313 -0.750762
1.97296 0.382314 -0.354618
1.98236 0.360205 0.142311
2.06306 0.406619 0.767883
2.04816 0.403163 1.15642
2.05449 0.39078 1.5978
2.02458 0.352619 1.97754
2.04831 0.372911 2.35257
1.5968 0.368682 -1.38336
1.66783 0.433969 -0.937016
1.71057 0.452063 -0.566399
1.74292 0.437612 -0.16995
1.80754 0.479882 0.231471
1.8003 0.452796 0.590248
1.83302 0.47367 0.996602
1.80862 0.492859 1.43551
1.81844 0.41195 1.83659
1.82245 0.383881 2.18984
2.412 0.15001 -1.60945
2.60828 0.15001 -0.728192
2.57361 0.15001 -0.353215
2.60663 0.15001 0.0700563
2.65565 0.15001 0.395598
2.64697 0.15001 0.705496
2.65621 0.15001 1.15412
2.60834 0.15001 1.64292
2.6863 0.15001 2.29539
2.60959 0.15001 2.56614
2.70308 0.15001 -2.25433
2.84999 0.15001 -0.960873
2.84999 0.15001 -0.484505
2.84999 0.15001 -0.158283
2.84999 0.15001 0.1518
2.84999 0.15001 0.477913
2.84999 0.15001 0.964951
2.80963 0.15001 1.29174
2.82302 0.15001 1.76875
2.84999 0.15001 2.84999
2.51543 0.15001 -2.17332
2.68152 0.15001 -0.942882
2.74451 0.15001 -0.34059
2.75476 0.15001 0.00380175
2.80019 0.15001 0.318313
2.84999 0.15001 0.678261
2.84999 0.15001 1.13319
2.84999 0.15001 1.45695
2.84999 0.15001 2.41759
2.71615 0.15001 2.78096
2.84999 0.15001 -2.18811
2.84999 0.15001 -0.7251
2.84999 0.263762 -0.291611
2.84999 0.2786 0.00752631
2.84999 0.309853 0.327441
2.7249 0.224004 0.527715
2.73681 0.15001 0.846563
2.67562 0.15001 1.38425
2.52328 0.15001 2.09147
2.84999 0.330698 2.84999
2.43859 0.15001 -1.9114
2.51502 0.15001 -1.32296
2.68324 0.15001 -0.533174
2.67494 0.15001 -0.161648
2.69654 0.206952 0.198918
2.84999 0.264146 0.815682
2.84999 0.322791 1.08567
2.82065 0.217017 1.6078
2.82912 0.247535 2.27465
2.65376 0.237697 2.6774
2.66232 0.180753 -2.06853
2.73893 0.241484 -0.788936
2.75459 0.345463 -0.395163
2.75788 0.317205 -0.129372
2.78333 0.367921 0.175281
2.69376 0.314695 0.659374
2.67301 0.230295 0.977911
2.55822 0.223265 1.47402
2.67933 0.249283 1.79331
2.75348 0.329153 2.74211
2.19439 0.15538 -1.59812
2.31169 0.160803 -1.07435
2.49498 0.234531 -0.497301
2.53337 0.261321 -0.0136607
2.57846 0.281733 0.370557
2.71405 0.348795 0.837926
2.72183 0.300258 1.18965
2.71115 0.311105 1.50354
2.6225 0.278059 2.18242
2.49496 0.266958 2.4715
2.49388 0.265067 -1.73685
2.60747 0.340148 -0.781258
2.64516 0.321406 -0.517768
2.61381 0.315839 -0.220115
2.61501 0.355089 0.148819
2.53612 0.311975 0.595919
2.53869 0.322831 0.985516
2.53811 0.307619 1.29265
2.37742 0.249183 1.94515
2.6104 0.370747 2.60207
2.16129 0.171201 -1.37097
2.157 0.27472 -0.953018
2.28627 0.276629 -0.524316
2.40011 0.323423 -0.0779428
2.43205 0.31723 0.316202
2.4482 0.369631 0.813091
2.39111 0.355405 1.10705
2.4029 0.323032 1.52126
2.43256 0.396634 2.02844
2.32668 0.327389 2.33103
2.05487 0.33549 -1.27136
2.05678 0.397332 -0.874758
2.13439 0.381959 -0.550281
2.24161 0.408643 -0.119164
2.29918 0.405071 0.245899
2.28708 0.414937 0.651776
2.24643 0.434869 0.996189
2.24806 0.410138 1.37496
2.2372 0.395552 1.79814
2.23394 0.435591 2.20696
-3 0 -3
-3 0 3
-3 1 -3
-3 1 3
-3 2 -3
-3 2 3
-3 3 -3
-3 3 3
-3 4 -3
-3 4 3
-3 5 -3
-3 5 3
-3 6 -3
-3 6 3
-2 0 -3
-2 0 3
-2 1 -3
-2 1 3
-2 2 -3
-2 2 3
-2 3 -3
-2 3 3
-2 4 -3
-2 4 3
-2 5 -3
-2 5 3
-2 6 -3
-2 6 3
-1 0 -3
-1 0 3
-1 1 -3
-1 1 3
-1 2 -3
-1 2 3
-1 3 -3
-1 3 3
-1 4 -3
-1 4 3
-1 5 -3
-1 5 3
-1 6 -3
-1 6 3
0 0 -3
0 0 3
0 1 -3
0 1 3
0 2 -3
0 2 3
0 3 -3
0 3 3
0 4 -3
0 4 3
0 5 -3
0 5 3
0 6 -3
0 6 3
1 0 -3
1 0 3
1 1 -3
1 1 3
1 2 -3
1 2 3
1 3 -3
1 3 3
1 4 -3
1 4 3
1 5 -3
1 5 3
1 6 -3
1 6 3
2 0 -3
2 0 3
2 1 -3
2 1 3
2 2 -3
2 2 3
2 3 -3
2 3 3
2 4 -3
2 4 3
2 5 -3
2 5 3
2 6 -3
2 6 3
-3 0 -3
-3 7 -3
-3 0 -2
-3 7 -2
-3 0 -1
-3 7 -1
-3 0 0
-3 7 0
-3 0 1
-3 7 1
-3 0 2
-3 7 2
-2 0 -3
-2 7 -3
-2 0 -2
-2 7 -2
-2 0 -1
-2 7 -1
-2 0 0
-2 7 0
-2 0 1
-2 7 1
-2 0 2
-2 7 2
-1 0 -3
-1 7 -3
-1 0 -2
-1 7 -2
-1 0 -1
-1 7 -1
-1 0 0
-1 7 0
-1 0 1
-1 7 1
-1 0 2
-1 7 2
0 0 -3
0 7 -3
0 0 -2
0 7 -2
0 0 -1
0 7 -1
0 0 0
0 7 0
0 0 1
0 7 1
0 0 2
0 7 2
1 0 -3
1 7 -3
1 0 -2
1 7 -2
1 0 -1
1 7 -1
1 0 0
1 7 0
1 0 1
1 7 1
1 0 2
1 7 2
2 0 -3
2 7 -3
2 0 -2
2 7 -2
2 0 -1
2 7 -1
2 0 0
2 7 0
2 0 1
2 7 1
2 0 2
2 7 2
-3 0 -3
3 0 -3
-3 0 -2
3 0 -2
-3 0 -1
3 0 -1
-3 0 0
3 0 0
-3 0 1
3 0 1
-3 0 2
3 0 2
-3 1 -3
3 1 -3
-3 1 -2
3 1 -2
-3 1 -1
3 1 -1
-3 1 0
3 1 0
-3 1 1
3 1 1
-3 1 2
3 1 2
-3 2 -3
3 2 -3
-3 2 -2
3 2 -2
-3 2 -1
3 2 -1
-3 2 0
3 2 0
-3 2 1
3 2 1
-3 2 2
3 2 2
-3 3 -3
3 3 -3
-3 3 -2
3 3 -2
-3 3 -1
3 3 -1
-3 3 0
3 3 0
-3 3 1
3 3 1
-3 3 2
3 3 2
-3 4 -3
3 4 -3
-3 4 -2
3 4 -2
-3 4 -1
3 4 -1
-3 4 0
3 4 0
-3 4 1
3 4 1
-3 4 2
3 4 2
-3 5 -3
3 5 -3
-3 5 -2
3 5 -2
-3 5 -1
3 5 -1
-3 5 0
3 5 0
-3 5 1
3 5 1
-3 5 2
3 5 2
-3 6 -3
3 6 -3
-3 6 -2
3 6 -2
-3 6 -1
3 6 -1
-3 6 0
3 6 0
-3 6 1
3 6 1
-3 6 2
3 6 2
