1000 0.1
-1.60243 0.15001 -2.35713
-2.41516 0.15001 -1.87798
-2.6749 0.15001 -0.637003
-2.51047 0.15001 -2.59999
-2.543 0.15001 -0.125097
-2.6429 0.15001 1.49928
-2.16873 0.15001 0.436737
-2.43313 0.15001 2.42836
-2.84793 0.15001 2.41586
-2.68368 0.15001 2.84999
-2.84986 0.15001 -2.61522
-2.38178 0.15001 -2.1186
-2.74872 0.311809 0.296091
-2.84999 0.15001 -0.307434
-2.84999 0.15001 0.59641
-2.84863 0.15001 1.54436
-1.89185 0.15001 -0.093161
-2.84999 0.15001 2.84999
-2.64938 0.15001 2.04247
-1.57257 0.15001 2.84999
-1.90162 0.15001 -2.55913
-2.23832 0.307908 0.158202
-2.84987 0.15001 -1.45393
-2.50257 0.15001 -1.39452
-2.6729 0.15001 -1.04621
-2.44644 0.15001 -1.58373
-2.84999 0.15001 -1.11342
-2.69227 0.253502 2.17101
-0.713596 0.353606 1.01839
-2.38073 0.15001 2.84999
-1.01297 0.15001 -2.68557
-1.59663 0.15001 0.439557
-1.83822 0.15001 -1.93531
-2.84747 0.15001 -0.507283
-2.84999 0.15001 0.0785933
-2.84999 0.15001 2.00736
-0.150748 0.172497 1.02876
-1.19629 0.15001 -0.945853
-2.67354 0.15001 1.86761
-1.61805 0.15001 2.65922
-2.84999 0.15001 -2.41921
-1.92015 0.303424 -1.90595
-1.73364 0.15001 -1.60225
-2.23473 0.15001 -1.57454
0.608537 0.294515 0.504371
-2.83515 0.15001 1.76809
0.164172 0.15001 -1.36813
0.0810851 0.15001 1.11416
-2.2826 0.15001 0.11757
-1.74056 0.409718 2.68207
-1.40443 0.15001 -2.84999
-2.09457 0.15001 -2.29447
-2.71284 0.15001 0.249686
-0.363399 0.15001 -1.99452
-0.657873 0.15001 1.33681
-2.83579 0.15001 0.37156
-2.18683 0.15001 -0.11486
-2.10858 0.15001 0.204659
-2.78689 0.15001 1.35925
-2.84999 0.159377 2.61971
-2.5253 0.15001 -2.00324
-2.52431 0.15001 -2.43098
-2.34118 0.15001 -1.45969
-2.68448 0.15001 -2.13819
-2.18362 0.15001 -1.27543
-2.44925 0.352937 -2.35316
0.286199 0.306486 1.33218
-0.109419 0.230519 1.19944
-2.32152 0.15001 2.69596
-0.693742 0.15001 0.555356
-0.317246 0.15001 -2.84999
-2.10394 0.15001 0.602183
-2.84999 0.15001 -1.61719
-1.47619 0.15001 2.32473
-1.5766 0.15001 -0.105329
-2.54054 0.15001 -0.559192
-2.32274 0.15001 0.521531
-0.249061 0.16167 0.770043
-1.9085 0.15001 2.02121
-2.19113 0.15001 2.4765
-0.633258 0.15001 -0.683315
-2.38296 0.15001 -0.0735539
-2.84733 0.15001 -1.29003
-2.34496 0.15001 -1.70879
-1.88995 0.15001 -0.613739
-0.738501 0.344858 -1.66342
-2.49099 0.171943 2.61446
-2.84999 0.15001 1.14191
-2.61872 0.15001 0.953945
-1.85819 0.15001 2.34652
-2.14652 0.15001 -1.43335
-0.359784 0.15001 0.185737
-2.49831 0.15001 -0.916621
-2.74239 0.288333 -0.626458
-1.16007 0.15001 -1.19035
-2.50381 0.15001 1.92306
-1.80688 0.15001 -1.28424
-1.76555 0.15001 -0.779707
-1.47829 0.15001 0.569625
-1.61368 0.15001 2.47353
-1.06978 0.15001 -2.52558
-1.96053 0.15001 -2.05394
-1.57639 0.15001 -1.58095
-1.03361 0.15001 -1.48222
-0.496775 0.15001 -1.72225
-0.169061 0.15001 0.45001
-2.84997 0.15001 2.23164
-1.4424 0.15001 0.896432
-1.40026 0.15001 1.36427
-0.65691 0.15001 0.269304
0.39835 0.15001 -2.51964
-2.66857 0.15001 -2.32529
-2.36031 0.15001 -2.51118
-2.73505 0.15001 -1.74156
-1.56539 0.15001 -1.8648
0.248314 0.15001 1.1749
-0.489485 0.15001 -1.87791
0.331462 0.15001 0.992823
-2.54435 0.15001 2.25759
-1.14112 0.15001 1.89317
-1.42606 0.15001 -2.37223
-2.20615 0.15001 -2.83522
-0.679047 0.15001 -1.88259
-1.97529 0.15001 -2.40309
0.729522 0.15001 0.494173
-2.69607 0.15001 0.0721872
0.18348 0.243946 0.989692
-1.88704 0.15001 0.211211
-2.06148 0.15001 -1.73079
-1.62653 0.15001 1.68998
-1.24477 0.15001 -2.84999
-2.39111 0.15001 -2.31317
-1.36151 0.15001 -1.33671
-1.75909 0.15001 -2.6489
-2.84988 0.15001 -0.88339
-1.28626 0.15001 -0.370025
0.24624 0.194744 1.51794
-2.68088 0.15001 2.64956
-0.853541 0.15001 1.33802
-1.57372 0.15001 2.18204
-2.0397 0.15001 -2.84983
-2.69542 0.15001 -2.84999
-0.575359 0.15001 -2.61141
-2.10011 0.15001 -1.06371
-0.58204 0.15001 -1.40161
0.492671 0.15001 0.776197
0.120207 0.24233 0.809781
0.333532 0.301774 1.12347
-2.49585 0.15001 0.540988
-1.84461 0.15001 2.84999
-1.16363 0.15001 -2.39729
-1.39418 0.15001 -2.69254
-1.47412 0.15001 -1.00019
-2.67251 0.15001 -1.35441
-2.69105 0.168316 1.15982
-0.149776 0.15001 0.60967
-2.4372 0.15001 0.174017
-1.66862 0.15001 -0.908134
-2.61247 0.15001 2.49026
-1.29347 0.15001 2.09072
-1.58128 0.15001 -2.68608
-0.953704 0.15001 -1.26379
-1.3323 0.15001 -1.79303
-1.28988 0.15001 -2.28434
-1.93722 0.15001 -1.6283
-2.02779 0.15001 2.16011
0.472626 0.403938 0.780569
-1.56701 0.151321 0.720186
-1.32408 0.15001 0.294438
-1.21618 0.15001 2.47612
-1.21223 0.15001 -2.13896
-1.95453 0.15001 -2.2106
-2.71222 0.15001 -1.97685
-2.09236 0.336866 -2.66672
-1.74424 0.15001 -1.4323
0.0368387 0.316979 1.08969
-1.6903 0.15001 0.177826
-2.01801 0.15001 1.38239
-0.736295 0.202356 2.46284
-2.16015 0.15001 2.66282
0.385276 0.17591 -0.363019
-2.84999 0.15001 -2.8063
-2.64997 0.15001 -1.57615
-0.847925 0.15001 -1.92163
-2.00155 0.163732 2.74349
-0.826485 0.15001 1.10213
-1.52307 0.15001 1.52529
-2.19109 0.15001 2.84296
-0.409271 0.15001 0.963681
-2.0748 0.321627 2.68235
-0.622318 0.15001 -2.03146
-2.35246 0.15001 -1.29799
-1.16361 0.15001 -1.57223
-2.24817 0.15001 1.04586
-0.78233 0.15001 0.164792
-2.03716 0.15001 1.05213
-2.07644 0.15001 -0.246729
-1.1433 0.15001 0.0111777
-1.42232 0.15001 -0.225793
-2.51273 0.15001 0.810144
-2.84679 0.15001 -2.2303
-2.6918 0.15001 -2.50651
-0.153518 0.15001 -1.62977
-0.561683 0.15001 -1.55789
-0.293625 0.15001 -1.33502
0.581063 0.15001 0.602156
0.418785 0.15001 1.16126
-1.275 0.15001 -0.743881
-1.21785 0.15001 1.68801
-1.11164 0.15001 2.26023
-0.890292 0.15001 -2.846
-2.27992 0.15001 -1.97924
-1.4745 0.15001 -1.45822
-2.52385 0.15001 -1.12182
-1.54266 0.15001 -0.416908
-1.956 0.15001 -1.18042
-1.31596 0.15001 -1.63448
-0.410987 0.15001 2.05434
0.0152224 0.15001 1.29762
-0.841478 0.15001 2.69789
-0.221938 0.15001 -1.88677
-2.37157 0.15001 -2.84999
1.0166 0.15001 0.129089
0.652728 0.15001 0.242215
1.08677 0.15001 0.435639
0.266082 0.302081 0.655897
-1.79053 0.15001 0.792966
0.700737 0.287044 1.05561
0.413329 0.15001 1.58046
-1.40268 0.15001 2.84995
-0.0412947 0.15001 -2.72025
0.272547 0.171835 0.161657
-2.84999 0.15001 -1.86756
-0.492181 0.15001 -2.12548
-2.55771 0.15001 0.329818
-2.42454 0.15001 1.29888
0.512429 0.15001 0.959564
0.368138 0.15001 1.33402
0.185904 0.15001 1.34982
0.600907 0.15001 1.59632
-1.87651 0.15001 -2.84999
-2.3628 0.15001 -2.68583
-0.155099 0.15001 -2.41012
-2.17843 0.15001 -1.8525
0.841065 0.304292 0.230604
-1.96043 0.15001 -0.766786
0.413633 0.278424 0.898919
0.761689 0.432671 0.952565
0.595988 0.426011 1.13939
0.499018 0.255538 1.26255
-0.719333 0.15001 -2.51978
-2.13031 0.174262 -0.433956
-0.166332 0.15001 0.229552
-2.20709 0.15001 -0.70412
0.731196 0.266631 0.368599
-1.98338 0.15001 1.83759
-2.77375 0.15001 -0.118455
0.409264 0.318948 1.48725
-1.62879 0.15001 0.961748
0.532355 0.310856 1.64754
-1.50233 0.15001 -2.21491
-2.05384 0.349319 -1.5058
-0.65175 0.293447 -2.43899
-1.42129 0.15001 -1.93005
0.805451 0.437928 0.45062
0.302341 0.15001 0.805514
0.873312 0.504757 0.820746
-1.73298 0.15001 1.54726
-2.52348 0.15001 1.67735
-1.19844 0.15001 1.26482
-0.648078 0.15001 -2.84999
-1.19515 0.15001 -0.209861
0.679494 0.425932 0.300156
0.420174 0.309407 0.461871
2.68142 0.15001 -2.67343
0.704258 0.424396 0.774664
0.494135 0.423058 0.59198
0.667289 0.564781 1.03568
0.424917 0.453295 1.06537
0.636718 0.487672 1.58889
-1.05413 0.15001 -2.18204
-2.84999 0.15001 -2.05064
-1.67268 0.15001 -1.75398
-0.502614 0.15001 0.0552965
0.506102 0.246042 0.152428
-0.94224 0.15001 -0.657001
-2.14208 0.15001 1.99677
-1.79148 0.15001 2.20305
-2.53303 0.15001 2.78035
-0.100373 0.15001 1.50269
-0.88189 0.15001 -1.41194
-1.80251 0.15001 -2.11176
-1.55201 0.15001 -0.629424
-1.86339 0.15001 -0.265778
-1.25371 0.319849 -1.40053
0.328845 0.320618 0.283505
-2.26138 0.15001 1.21922
-1.7054 0.15001 1.18456
-0.975948 0.15001 0.508267
-1.42302 0.15001 2.63057
-0.481834 0.15001 -2.84234
1.54399 0.15001 -1.42402
-0.07497 0.15001 -1.81117
0.559395 0.15001 0.399523
-1.74811 0.15001 0.00473242
-1.76422 0.15001 -1.04109
0.769992 0.15001 1.15299
0.848483 0.15001 1.33127
0.517168 0.15001 1.43231
-0.679402 0.15001 2.80388
-1.71731 0.15001 -2.84417
-1.37946 0.15001 -2.09718
-1.25695 0.15001 -1.94753
-1.81605 0.15001 -2.3121
0.863934 0.15001 0.352424
0.511677 0.288826 1.06108
0.59885 0.15001 1.12033
0.952287 0.270747 1.3868
-1.67264 0.15001 1.89304
0.676193 0.15001 1.76995
-2.23559 0.15001 -2.39492
-0.0600592 0.15001 -1.98503
-0.152342 0.15001 -1.04178
0.435459 0.261653 0.655197
1.15938 0.15001 1.12638
0.195926 0.15001 0.632953
0.694168 0.15001 0.962052
0.873833 0.15001 0.999159
0.680723 0.295721 1.23125
0.910112 0.15001 1.76702
-1.56029 0.15001 -2.84999
-0.858663 0.15001 -2.6393
-1.19545 0.15001 -2.68622
1.10187 0.325025 0.418721
0.613585 0.288407 0.692896
0.677681 0.15001 0.779527
0.872146 0.292143 1.22134
0.85303 0.490054 1.28152
0.633026 0.15001 1.29239
0.796714 0.293743 1.72886
-0.683371 0.15001 -2.19582
-0.469049 0.15001 -2.48513
1.02401 0.327164 0.147021
0.102492 0.15001 0.481194
0.869512 0.307799 0.747844
0.571754 0.433039 0.942261
0.602262 0.274563 0.875427
1.09945 0.305792 1.47956
0.588463 0.307509 1.41414
-0.751998 0.15001 2.24981
-1.43526 0.15001 -2.53812
-0.71555 0.15001 -2.70486
-2.53434 0.15001 -2.84893
0.379457 0.15001 0.302014
0.958934 0.402009 0.316143
-2.77449 0.15001 0.801275
0.781248 0.416067 1.13824
-2.7432 0.235798 1.63796
-2.27732 0.15001 1.51431
0.694811 0.313687 1.55931
-0.624831 0.15001 -2.3702
-0.968421 0.15001 -1.79246
-2.11499 0.15001 -2.5137
0.558133 0.15001 0.0114758
0.140658 0.15001 0.298692
0.868009 0.601759 0.538539
2.71339 0.278131 0.256654
-2.22201 0.15001 1.8407
-1.8668 0.168428 2.58638
-0.862478 0.15001 2.84999
-0.802057 0.15001 -1.75027
-1.57021 0.15001 -2.03998
-1.66892 0.15001 -2.20333
-2.58566 0.15001 -1.80452
0.023368 0.15001 -0.969017
-2.31925 0.15001 0.75211
0.917605 0.66449 1.17109
0.456768 0.421527 1.28964
-1.46555 0.15001 1.93029
-1.02995 0.158419 2.84697
-1.60128 0.15001 -2.52319
-2.02541 0.15001 -2.66792
-2.52828 0.15001 -2.20427
-0.116204 0.15001 -2.57272
-2.37568 0.15001 2.11044
-0.145936 0.15001 2.57785
-2.64063 0.168269 0.64668
0.85827 0.546155 1.04802
-1.51422 0.15001 -1.28668
-0.681161 0.15001 1.79578
-0.796999 0.15001 -2.36876
-2.13065 0.15001 -2.04784
-2.02231 0.15001 -1.90814
-1.84113 0.15001 -1.7622
-0.475467 0.15001 -0.608507
-1.99251 0.15001 0.380215
-1.46158 0.15001 1.73516
-0.451013 0.15001 1.50794
-1.09061 0.15001 0.903409
-1.67067 0.294353 2.84885
-1.07609 0.15001 -2.84999
0.36769 0.15001 -1.67035
0.381127 0.15001 -1.2737
0.362557 0.15001 0.512236
0.928703 0.15001 0.525596
-0.39311 0.15001 -0.840621
1.01891 0.15001 0.867848
1.21423 0.15001 1.36462
-0.574271 0.15001 2.00339
0.961015 0.15001 1.54977
0.472738 0.15001 -2.84999
-1.26133 0.15001 -2.53055
0.858071 0.15001 -0.0153789
-0.0734575 0.15001 -0.6591
1.20188 0.15001 0.201217
0.854247 0.15001 0.819267
1.13647 0.2684 0.881408
0.94802 0.15001 1.16582
0.787978 0.15001 1.62603
-0.431118 0.15001 2.48739
1.08311 0.15001 -0.602184
0.868369 0.15001 -1.24736
1.19219 0.15001 -0.283039
0.0130401 0.184893 0.638401
-1.15255 0.15001 0.656645
1.1854 0.15001 0.579496
0.979323 0.304349 0.600013
1.05409 0.285076 1.18423
0.323829 0.15001 2.32844
1.15772 0.15001 1.52325
0.268183 0.15001 -2.62025
-2.19829 0.15001 -2.65885
-1.3997 0.15001 -1.16428
1.01651 0.21541 0.293393
0.772009 0.307095 0.591324
0.787782 0.276313 0.898912
1.02652 0.37997 0.7924
0.776131 0.311848 1.38154
0.722406 0.15001 1.45782
1.01593 0.306728 1.63665
-2.50808 0.41278 -2.56069
-0.647672 0.15001 -1.72636
1.33633 0.410662 0.173345
0.54355 0.304898 0.320535
0.859937 0.321588 0.0424133
0.803757 0.15001 0.653135
0.99834 0.467136 0.954759
0.912745 0.317396 1.03201
1.22832 0.430822 1.13665
-0.124743 0.15001 1.97867
0.375393 0.15001 -2.73374
0.294505 0.15001 -1.48884
0.22423 0.278555 0.437895
2.84999 0.15001 0.0739396
1.21076 0.518027 0.691107
0.890616 0.444474 0.634012
0.988276 0.448516 1.14031
1.01638 0.411994 1.31443
-2.60251 0.15001 1.32023
0.943735 0.416009 1.49219
-0.0446307 0.15001 -2.27423
0.623312 0.15001 -2.82738
1.02443 0.492855 0.458187
0.0592749 0.15001 -2.54187
0.691525 0.243421 0.0815892
0.271131 0.363264 0.832177
0.677122 0.467772 0.587744
0.775812 0.483863 1.45666
1.25497 0.572202 1.52227
0.920601 0.441341 1.70044
0.530892 0.15001 -1.83795
0.709197 0.174059 -0.113114
1.01788 0.15001 -2.32265
-0.740606 0.15001 -1.30743
0.282664 0.15001 -2.04955
-1.90012 0.183157 0.607969
1.11621 0.5781 1.08689
1.25036 0.660494 1.34579
0.87452 0.648859 1.37324
0.920326 0.583637 1.55124
-0.47615 0.15001 -2.28881
-0.958012 0.15001 -0.207643
-0.914902 0.15001 -2.48624
-0.764825 0.15001 -1.54054
1.57944 0.450448 0.51388
1.04243 0.551621 0.629123
2.52698 0.15001 0.948143
0.652525 0.452522 1.31851
-1.92232 0.15001 1.60578
-1.17195 0.15001 1.41974
-0.322634 0.15001 -2.37716
0.00864229 0.15001 -1.66114
-1.75818 0.15001 -2.47397
0.844895 0.15001 -2.42637
-0.584985 0.15001 -1.25197
-2.67776 0.15001 -0.297299
-1.9214 0.15001 -1.01783
-0.192383 0.15001 2.2803
-0.629721 0.15001 2.57952
-0.808974 0.15001 2.07461
1.24499 0.15001 -2.84999
-2.66842 0.15001 -2.67567
1.87157 0.15001 -1.55945
0.21731 0.15001 -0.631372
1.90303 0.15001 -1.00411
1.22977 0.15001 0.964145
0.984984 0.15001 0.698906
1.33799 0.15001 1.09604
1.0438 0.15001 1.31337
1.066 0.15001 1.67479
0.111446 0.15001 -1.85188
-0.787545 0.15001 -2.06978
1.38875 0.15001 -0.328984
0.899672 0.412344 -1.3123
1.86465 0.15001 -0.800689
1.41303 0.15001 0.690664
1.26825 0.225823 1.22022
0.795218 0.15001 -0.976279
1.4027 0.15001 1.65984
-0.286137 0.15001 2.84998
-0.956559 0.15001 -2.04938
1.01631 0.228716 -0.029746
1.18179 0.241364 0.0637438
0.807691 0.15001 0.157435
1.27964 0.15001 -1.40396
1.30192 0.196007 0.810564
1.04282 0.188333 1.02459
1.16423 0.310795 1.31745
1.23476 0.15001 1.69425
1.12906 0.15001 1.84327
0.350691 0.15001 -2.34379
0.700852 0.15001 -1.78255
0.535421 0.15001 -0.175162
0.479822 0.15001 -0.886026
1.24912 0.20491 0.398898
1.33075 0.284993 0.6323
1.11708 0.353022 1.03011
1.16669 0.417747 1.62892
0.859919 0.277663 1.54147
1.26094 0.277723 1.58142
-1.15469 0.15001 -1.78083
2.10437 0.15001 -2.28869
1.37429 0.211985 0.140357
0.910154 0.294946 0.450265
1.29021 0.354142 0.914473
1.19584 0.335998 0.733444
1.38225 0.36281 1.0764
1.17175 0.476664 0.882386
1.58269 0.405277 1.60529
1.37345 0.15001 1.82232
-0.284433 0.15001 -2.54592
-0.916685 0.15001 -1.61934
0.621343 0.15001 -2.13543
1.0086 0.221164 -0.22079
1.21416 0.386448 0.547295
1.43015 0.593009 0.655106
1.04953 0.587872 0.809558
-0.911433 0.15001 0.87537
0.975554 0.660744 0.968871
1.03949 0.304818 1.8223
-0.986512 0.15001 -2.33303
2.2926 0.15001 -2.55104
-1.48108 0.15001 -1.70833
2.43675 0.354759 -1.49832
1.88772 0.15001 -0.268957
2.23049 0.15001 1.91837
1.32004 0.522993 1.00053
1.09813 0.493104 1.45957
1.40902 0.463904 1.54105
1.62819 0.171823 2.84999
2.21302 0.15001 -0.110168
-1.06749 0.291918 -1.12268
1.17016 0.240898 -0.121531
2.66082 0.304662 -2.74608
-1.07184 0.15001 -0.368528
-2.01898 0.15001 -1.32332
2.13196 0.294021 1.70888
2.59936 0.283118 0.638566
1.04321 0.583613 1.27626
1.07714 0.676656 1.43923
0.510112 0.15001 -2.65164
1.19945 0.15001 -2.23286
2.84999 0.330788 -2.43978
-0.729832 0.15001 -1.15283
2.84999 0.15001 -0.408913
2.35401 0.283427 1.28898
-1.90538 0.15001 1.21998
1.49938 0.652233 1.27011
1.09189 0.581973 1.63451
-1.20235 0.15001 2.82917
1.11549 0.15001 -2.09133
0.564787 0.15001 -1.65088
-0.333197 0.15001 -2.16849
-0.569427 0.15001 2.30598
-1.95499 0.15001 -1.47116
1.34714 0.153303 -1.09937
2.32551 0.297062 -0.368939
-0.169075 0.15001 1.67898
-0.337242 0.15001 1.7744
-0.0934415 0.15001 2.77376
0.819803 0.15001 -2.60137
0.572713 0.15001 -1.24913
-0.199196 0.15001 -2.24629
0.44865 0.15001 -1.08467
1.74809 0.15001 0.530192
1.59932 0.15001 0.723284
1.4836 0.15001 0.855292
1.89362 0.15001 1.59163
1.39378 0.15001 1.31954
0.519852 0.15001 2.22783
0.0233972 0.15001 -2.12639
2.35404 0.15001 -2.84999
1.88488 0.15001 -2.3251
2.12167 0.15001 -2.65478
1.70502 0.15001 -1.43635
1.0339 0.15001 -0.846059
1.72362 0.15001 1.50755
0.527924 0.15001 2.03194
1.08402 0.15001 2.6143
0.46972 0.15001 2.65071
1.70733 0.15001 -2.84999
1.73187 0.254726 -0.269286
1.33757 0.30385 -0.0231994
1.21744 0.304828 0.256126
1.40654 0.151509 0.315826
1.14906 0.15001 0.751841
1.44804 0.301462 0.804024
1.53312 0.15001 1.03746
1.32606 0.258684 1.42245
1.51769 0.246135 1.73741
1.08861 0.15001 -2.84999
2.40723 0.15001 -2.07904
2.07215 0.15001 -1.80388
1.77853 0.333272 0.505793
1.51299 0.350903 0.334113
1.61704 0.280917 0.47694
1.39487 0.230985 0.966304
1.48807 0.29112 1.34029
1.61683 0.283202 1.49091
1.44537 0.290092 1.54947
0.0654227 0.15001 -2.84999
1.40006 0.15001 -2.84998
2.6593 0.452019 -2.27476
2.69235 0.15001 -0.384573
2.2853 0.15001 -2.7137
1.32319 0.372037 0.383545
1.61645 0.315114 0.854038
1.3543 0.373416 1.25806
1.91488 0.15001 1.40949
1.23312 0.304837 1.7738
0.630498 0.15001 -2.29531
1.42498 0.277211 -0.197822
1.21432 0.517397 0.416271
1.1239 0.454792 0.25697
1.3949 0.444946 0.557151
1.46941 0.435848 0.922943
1.37992 0.523771 1.34663
1.25854 0.408754 1.4499
1.62288 0.579661 1.46241
0.385475 0.15001 2.84999
-0.134101 0.15001 -2.84999
0.357143 0.15001 -1.90482
0.221166 0.15001 -2.46336
0.81329 0.15001 -2.0434
1.87464 0.32654 0.667774
1.55089 0.46429 0.751865
-0.940978 0.15001 2.34275
1.19575 0.485347 1.30059
1.4297 0.15001 2.52117
1.39869 0.383059 1.71966
0.138798 0.15001 -2.71385
-2.23598 0.15001 -2.20875
0.667161 0.15001 -1.96301
-0.224355 0.15001 -1.49494
1.65328 0.15001 -1.79192
2.46914 0.418299 1.52188
1.83926 0.15001 -1.76917
1.29704 0.607781 1.1682
1.28299 0.150272 2.13248
1.43311 0.639215 1.4825
-0.863162 0.15001 -2.21738
2.70209 0.15001 -2.14453
1.49021 0.15001 -2.06199
2.037 0.424936 -1.96909
2.84999 0.157788 0.240126
2.34378 0.15001 1.55851
1.993 0.15001 -0.131795
1.63322 0.52519 1.2415
2.39333 0.150075 0.395602
1.75963 0.364695 1.79032
0.0817367 0.15001 -2.37252
1.07343 0.15001 -1.68681
2.84999 0.32809 -2.72341
2.56502 0.15001 -1.608
2.09801 0.320504 0.24003
-0.123604 0.15001 -0.880898
-0.609441 0.15001 -0.0856671
1.55602 0.343085 2.68769
2.47954 0.339285 -0.805021
0.0394638 0.15001 2.27481
1.86158 0.15001 -2.84999
1.32963 0.15001 -1.95819
2.80761 0.15001 -0.741966
2.13221 0.15001 -1.28061
1.76846 0.15001 0.225661
2.70305 0.15001 1.52565
1.94642 0.15001 0.220163
2.47606 0.15001 1.78639
1.55762 0.15001 1.58547
0.636797 0.15001 2.60697
0.527327 0.15001 -2.42186
1.47899 0.15001 -2.66945
1.61873 0.248812 0.246175
1.86283 0.15001 0.701703
1.34786 0.15001 0.515109
2.13042 0.15001 -0.739662
2.63571 0.15001 0.284435
1.56527 0.15001 1.39566
1.79792 0.295419 1.48045
0.253932 0.15001 2.56907
1.94152 0.15001 -2.67733
2.69033 0.15001 -2.34837
1.32135 0.15001 -0.12895
2.37285 0.15001 -1.57974
1.52006 0.15001 0.555149
1.92005 0.291342 0.996381
1.78472 0.265088 0.81476
1.68562 0.15001 0.87115
1.61444 0.15001 1.20429
1.66484 0.15001 1.75555
-0.408221 0.15001 -2.65636
1.14583 0.15001 -1.92654
1.82672 0.15001 0.0495003
1.6648 0.15001 0.380033
1.69215 0.285769 0.663329
2.82427 0.15001 1.3767
1.45953 0.232463 1.17463
1.57294 0.364279 1.19295
1.69778 0.15001 2.25722
1.24884 0.15001 2.56625
0.934174 0.15001 -2.81875
1.6798 0.15001 -2.36951
0.186858 0.15001 -2.24903
2.25798 0.15001 -2.37894
1.35565 0.43153 0.748036
2.43886 0.15001 2.57518
2.21087 0.15001 1.10407
1.66776 0.273418 1.32075
2.84999 0.324535 2.82161
1.86864 0.21125 2.60634
1.59871 0.288664 -0.131087
1.61386 0.15001 0.106353
1.02795 0.15001 -1.07413
0.797803 0.15001 -1.50447
1.44322 0.291332 0.481889
1.11976 0.15001 -1.53471
1.91772 0.416489 0.855758
1.72737 0.221316 1.0203
1.74727 0.300949 1.16815
2.17024 0.15001 1.28032
0.78001 0.15001 -2.84999
2.27082 0.15001 -1.38976
2.5147 0.15001 -2.79252
2.84469 0.15001 0.431685
1.55092 0.15001 -1.24619
1.35374 0.592237 0.83243
1.76825 0.397952 0.985655
1.5391 0.439623 1.39932
1.73148 0.431904 1.38014
1.7171 0.285844 1.65718
1.55426 0.15001 -2.84999
2.44386 0.15001 -0.144701
1.96382 0.246504 0.817156
1.4337 0.510656 0.318749
-0.961538 0.15001 0.108497
2.21897 0.395162 -2.83841
2.65132 0.34375 1.55654
2.68013 0.171077 -1.11535
1.4567 0.505884 1.15698
0.607074 0.15001 2.84999
0.686159 0.15001 -2.5
-0.405394 0.15001 -1.5853
1.86415 0.15001 -2.51064
-0.857296 0.15001 -1.04974
2.45355 0.15001 -0.707594
1.02964 0.15001 -1.39596
1.39921 0.181893 2.33275
0.314622 0.15001 2.08149
1.97165 0.442736 1.61198
1.52143 0.558777 1.67088
1.71289 0.325908 -2.21145
2.4414 0.15001 -1.14411
1.46957 0.456861 -2.68611
1.73766 0.475282 0.616504
0.669936 0.15001 -1.12512
2.62697 0.15001 -0.550603
2.51201 0.271775 1.46334
2.38558 0.318017 2.84999
2.64432 0.318509 -1.35447
1.52533 0.15001 2.672
1.26567 0.15001 -2.38593
2.06272 0.15001 -2.48781
2.84999 0.15001 -2.01873
2.18758 0.15001 -1.63043
2.01619 0.15001 0.42225
2.35511 0.15001 1.18441
2.04345 0.15001 0.965231
2.19684 0.15001 0.058527
2.58918 0.15001 1.63767
2.35948 0.15001 1.00482
-1.08588 0.15001 -1.93377
2.63206 0.15001 -2.50672
1.75968 0.15001 -2.68824
1.98393 0.15001 -1.94306
1.87743 0.15001 -2.10483
2.67072 0.15001 1.98319
2.50703 0.15001 2.14343
2.07702 0.254569 1.12884
1.93022 0.15001 2.24752
0.848221 0.15001 2.82323
1.44247 0.15001 -2.31954
0.976129 0.15001 -2.65808
0.888219 0.15001 -1.67332
1.76588 0.15001 -1.22015
2.19023 0.15001 -1.952
1.88682 0.15001 -1.3226
1.56024 0.310993 1.02215
2.47199 0.15001 1.36146
2.22131 0.15001 1.45249
1.84923 0.15001 2.84995
0.255434 0.15001 -2.84999
2.84681 0.456244 -2.84123
1.68274 0.15001 -2.53968
1.33664 0.15001 -2.57356
2.18375 0.15001 0.508703
1.85505 0.15001 0.924239
2.20664 0.15001 0.927702
1.92866 0.345609 1.16349
2.61746 0.15001 2.63807
1.86131 0.155894 1.7535
1.0683 0.15001 -2.49741
2.84999 0.15001 -2.68552
1.6835 0.15001 -0.0631654
1.99344 0.15001 0.0355125
1.81274 0.304534 0.323882
1.51711 0.308812 0.643603
2.03961 0.15001 0.622578
1.85902 0.282976 1.3129
0.921341 0.15001 2.04647
2.26798 0.15001 2.49993
0.321319 0.38345 -2.77615
1.16722 0.15001 -2.63985
1.53075 0.292729 0.0514797
2.65755 0.15001 -1.29074
1.66319 0.15001 -2.06217
2.64108 0.15001 -0.0692124
2.84999 0.15001 2.24091
1.9643 0.285502 1.54013
2.27495 0.23832 0.303015
1.25511 0.15001 2.74598
0.685691 0.15001 -2.68361
1.37958 0.345135 -1.41657
2.68573 0.15001 -2.84999
-0.84016 0.362813 -2.54489
2.84999 0.414143 -2.21795
-0.741532 0.303283 -2.71323
1.73233 0.158716 2.52254
1.80623 0.47495 1.20171
2.3923 0.15001 2.31284
1.77157 0.444885 1.57076
-0.278632 0.15001 -1.73103
1.36094 0.15001 -2.16193
2.62419 0.2742 -2.25774
2.52249 0.15001 -0.859727
1.22699 0.166803 -1.78127
2.06911 0.15001 -1.01956
1.61311 0.479792 1.04459
2.82994 0.600293 -2.72221
2.84264 0.15001 1.95111
1.04722 0.15001 2.84983
0.400308 0.15001 -2.16635
1.75362 0.15001 -2.21544
2.03554 0.329433 -2.81114
1.19007 0.29314 -2.74201
0.506692 0.15001 -2.0169
2.32697 0.15001 -0.285433
1.84042 0.574745 1.01764
2.53237 0.15001 0.732757
2.4059 0.177209 1.98262
2.03094 0.187509 2.70312
2.0987 0.162135 -0.556987
2.12236 0.15001 0.231026
-0.232167 0.319764 -2.62295
2.23673 0.15001 -2.14688
0.547421 0.314307 -2.58504
2.094 0.15001 1.61849
2.69031 0.15001 1.79654
2.64939 0.15001 1.34636
1.1045 0.154505 2.05923
2.57861 0.15001 -0.258644
2.84999 0.15001 -2.35852
2.01818 0.15001 -2.84999
2.63343 0.15001 -1.82313
2.12239 0.15001 -1.45018
2.24462 0.15001 -0.867971
2.84999 0.15001 1.5773
2.4031 0.15001 0.0232827
2.72375 0.15001 -1.5865
2.53278 0.15001 0.484968
2.84999 0.15001 2.44495
2.84999 0.15001 -2.84999
2.84999 0.15001 -2.19378
1.54986 0.15001 -1.91183
1.90775 0.467192 0.222347
2.84991 0.15001 -0.244233
2.84995 0.15001 0.608501
2.6995 0.15001 0.126578
2.67305 0.15001 0.827808
2.84646 0.15001 2.84999
2.25795 0.15001 2.84999
2.84999 0.15001 -1.85221
2.07636 0.15001 -2.09709
2.84999 0.15001 -1.49555
2.43256 0.15001 -1.73623
0.1797 0.153798 2.79813
2.1027 0.15001 0.788071
2.31695 0.15001 0.759863
2.38753 0.15001 -2.26412
0.68822 0.15001 2.31699
2.70329 0.15001 2.37397
2.44326 0.15001 -2.45559
2.15964 0.362526 -1.64896
2.50027 0.15001 -2.61694
2.84999 0.15001 -1.1004
2.24393 0.296452 2.02643
2.84823 0.15001 1.18732
2.84999 0.15001 0.970763
2.84999 0.15001 0.783089
1.96929 0.15001 1.23256
2.8354 0.15001 2.62585
0.784283 0.15001 -2.2061
2.68507 0.15001 -1.43941
1.77162 0.15001 -1.94222
2.84999 0.15001 -0.0851697
1.9502 0.303431 0.48526
2.2548 0.15001 -1.13129
2.43086 0.15001 2.84512
2.34906 0.289995 2.41152
-0.222667 0.15001 -2.7125
1.26481 0.260649 2.38621
0.956141 0.15001 -2.15496
2.84999 0.15001 -1.29153
2.38496 0.15001 -0.965754
-0.215689 0.380914 -1.45785
2.76693 0.361811 -1.51565
2.81239 0.311959 2.62728
2.84999 0.15001 -0.572958
1.58369 0.15001 2.41837
1.4296 0.15001 2.84999
2.68076 0.15001 2.19231
1.51172 0.15001 -2.48508
2.84999 0.15001 -2.52179
2.17115 0.292085 -1.35256
2.84999 0.15001 -1.68929
1.48148 0.15001 1.9995
2.4753 0.15001 -0.42399
2.03862 0.506978 1.06601
2.14773 0.338784 2.30709
2.09723 0.15001 1.7942
0.155855 0.15001 2.01665
2.17922 0.15001 -2.84999
1.73079 0.234351 -1.6765
2.8036 0.269982 2.10613
2.09003 0.320671 0.607191
0.738627 0.306418 2.78418
2.52815 0.317745 0.401021
2.84999 0.15001 -0.917672
2.63571 0.15001 -0.735108
2.45801 0.15001 -1.39315
2.16351 0.16281 2.28422
1.58098 0.15001 -2.21481
2.18781 0.423021 -0.635368
1.43365 0.15001 -1.76026
0.180853 0.15001 -1.61687
2.54259 0.15001 -2.19801
2.09099 0.15001 -0.385667
1.886 0.26759 2.07825
2.52725 0.15001 0.144333
2.31062 0.15001 2.15512
2.60405 0.15001 2.84999
2.44592 0.15001 -1.91427
2.59219 0.15001 -2.01772
0.971982 0.15001 -1.95772
1.48865 0.15001 -1.57489
2.84999 0.200263 1.75572
1.7393 0.438345 0.797449
2.6234 0.416173 -2.12092
2.66095 0.15001 1.13893
0.935323 0.15001 2.50827
2.54166 0.157334 2.43842
