1000 0.1
-2.33085 0.15001 -2.84923
-2.70148 0.15001 -2.83608
-2.67099 0.15001 -2.33204
-2.75893 0.15001 -1.6043
-2.68227 0.15001 -1.05746
-2.68492 0.15001 -0.180733
-2.69968 0.15001 0.269874
-2.7468 0.15001 0.921193
-2.84404 0.15001 1.34517
-2.84999 0.15001 1.92867
-2.51586 0.15001 -2.80767
-2.753 0.15001 -2.50737
-2.84999 0.15001 -1.97131
-2.84999 0.15001 -0.974045
-2.84999 0.15001 -0.724455
-2.84999 0.15001 -0.0762813
-2.84999 0.15001 0.398871
-2.84999 0.15001 1.09057
-2.84999 0.15001 1.72618
-2.84999 0.15001 2.45773
-1.92055 0.15001 -2.84382
-2.63658 0.15001 -2.65985
-2.84999 0.15001 -2.3426
-2.84387 0.15001 -1.18483
-2.84999 0.15001 -0.276597
-2.84999 0.15001 0.135455
-2.84999 0.15001 0.606109
-2.64245 0.15001 1.3903
-2.683 0.15001 1.82351
-2.70773 0.15001 2.79401
-2.10629 0.15001 -2.79053
-2.39674 0.15001 -2.41709
-2.84999 0.15001 -1.77755
-2.69821 0.15001 -0.847189
-2.71447 0.15001 -0.414886
-2.6809 0.15001 0.0221024
-2.67811 0.15001 0.506956
-2.6845 0.15001 1.19343
-2.73106 0.15001 1.56897
-2.84999 0.15001 2.27083
-2.26885 0.15001 -2.67082
-2.56791 0.15001 -2.48441
-2.77203 0.15001 -2.16471
-2.80499 0.15001 -1.40003
-2.68811 0.15001 -0.618274
-2.53549 0.15001 0.159344
-2.6962 0.15001 0.727881
-2.56076 0.15001 1.6763
-2.75766 0.15001 2.10208
-2.73993 0.15001 2.60795
-2.22651 0.283774 -2.78028
-2.33422 0.264649 -2.54647
-2.58229 0.15001 -2.17098
-2.6688 0.15001 -1.81338
-2.52396 0.15001 -0.931368
-2.51198 0.15001 -0.265241
-2.52079 0.15001 0.813466
-2.4897 0.15001 1.21145
-2.59711 0.15001 1.99369
-2.57899 0.15001 2.48619
-2.1197 0.23542 -2.61413
-2.25559 0.165722 -2.30117
-2.4913 0.15001 -2.01001
-2.62288 0.15001 -1.46134
-2.53285 0.15001 -0.494998
-2.3256 0.150221 0.0343985
-2.32009 0.15001 0.66338
-2.25347 0.15001 1.22169
-2.21225 0.15001 1.63466
-2.38716 0.15001 2.52328
-2.11329 0.259373 -2.37368
-2.13884 0.15001 -1.94285
-2.38338 0.15001 -1.65897
-2.34684 0.15001 -1.01239
-2.19112 0.15001 -0.302491
-2.19659 0.15001 0.352507
-2.15289 0.15001 0.763095
-2.02896 0.15001 1.58864
-2.14467 0.15001 2.02356
-2.29524 0.15001 2.70682
-2.0395 0.237151 -2.08615
-2.29115 0.15001 -1.82408
-2.24389 0.212735 -1.34349
-2.18974 0.15001 -0.71567
-2.01901 0.15001 -0.212034
-2.0129 0.15001 0.411481
-2.01421 0.15001 0.903703
-1.97525 0.246786 1.44107
-1.95318 0.15001 2.07974
-2.08262 0.15001 2.73993
-1.858 0.289492 -1.88483
-2.26726 0.26245 -1.56712
-2.163 0.15001 -1.1195
-2.02343 0.15001 -0.615107
-1.8692 0.273885 0.0479128
-1.84303 0.15001 0.504086
-1.93262 0.249573 1.04938
-1.7514 0.254347 1.63074
-1.7648 0.15001 1.95869
-2.00435 0.15001 2.54729
-1.66606 0.15001 -2.84999
-1.96601 0.15001 -2.66228
-2.21172 0.15001 -2.4803
-2.17663 0.15001 -1.67694
-2.33712 0.15001 -1.20075
-2.19667 0.15001 -0.510375
-2.3529 0.15001 0.469941
-2.32918 0.15001 0.858694
-2.43698 0.15001 1.39764
-2.65607 0.15001 2.2913
-1.78692 0.15001 -2.70642
-2.45141 0.15001 -2.62973
-2.39478 0.15001 -2.18004
-2.57318 0.15001 -1.64946
-2.35426 0.15001 -0.818068
-2.33773 0.15001 -0.166802
-2.52669 0.15001 0.375333
-2.57265 0.15001 1.01475
-2.41506 0.15001 2.04148
-2.53535 0.15001 2.69511
-1.48759 0.197313 -2.84999
-2.01594 0.15001 -2.47768
-2.67196 0.15001 -2.00352
-2.66646 0.15001 -1.26001
-2.52811 0.15001 -0.729483
-2.49835 0.15001 -0.0468549
-1.81673 0.15001 0.938815
-1.78826 0.15001 1.13242
-2.112 0.15001 1.79645
-2.28251 0.15001 2.17611
-1.64839 0.15001 -2.5582
-2.18516 0.15001 -2.13614
-2.48095 0.15001 -1.82181
-2.51005 0.15001 -1.1299
-2.36275 0.15001 -0.397685
-2.17573 0.15001 0.153252
-2.50375 0.15001 0.603296
-2.37534 0.15001 1.05484
-2.3941 0.15001 1.58457
-2.45739 0.15001 2.30306
-1.83667 0.15001 -2.52273
-2.00772 0.15001 -2.27406
-2.31247 0.15001 -2.00752
-2.48712 0.15001 -1.32273
-2.36729 0.15001 -0.611144
-2.357 0.15001 0.236169
-2.18593 0.15001 1.00538
-1.89538 0.15001 1.29705
-2.29373 0.15001 1.88371
-2.42482 0.15001 2.84999
-1.63997 0.258326 -2.70787
-1.80885 0.15001 -2.31407
-1.95137 0.15001 -1.95263
-2.14516 0.15001 -1.48385
-2.17699 0.15001 -0.918767
-2.15774 0.15001 -0.0654893
-2.15597 0.15001 0.557324
-2.05221 0.15001 1.15989
-1.94714 0.15001 1.89181
-2.24736 0.15001 2.36236
-1.72889 0.26535 -2.43686
-1.71113 0.15001 -2.14447
-2.02686 0.15001 -1.78575
-2.07262 0.15001 -1.29583
-2.02287 0.15001 -0.416441
-1.99827 0.15001 0.0790442
-1.97459 0.15001 0.659811
-1.77813 0.291322 1.25642
-1.88267 0.15001 1.7144
-1.94775 0.15001 2.36223
-1.66489 0.276303 -2.25995
-1.76586 0.15001 -1.96223
-2.00082 0.15001 -1.60022
-2.00107 0.15001 -1.01257
-1.85296 0.15001 -0.321835
-1.69148 0.15001 0.253298
-1.78571 0.283276 0.815247
-1.57187 0.289463 1.70952
-1.79394 0.15001 2.18338
-1.89898 0.15001 2.84021
-1.47096 0.224208 -1.89093
-1.71912 0.260559 -1.69396
-1.75784 0.15001 -1.32651
-1.83092 0.15001 -0.735075
-1.69953 0.15001 -0.202184
-1.7152 0.247541 0.40549
-1.47882 0.293024 1.08795
-1.34006 0.297744 1.73193
-1.63835 0.15001 2.29257
-1.65795 0.15001 2.6687
-1.44772 0.15001 -1.72246
-1.70763 0.260437 -1.49281
-1.66142 0.15001 -1.04466
-1.68334 0.15001 -0.421948
-1.57972 0.15001 -0.0471678
-1.60783 0.255806 0.693569
-1.31442 0.297657 1.19041
-1.12181 0.290852 1.69453
-1.46474 0.15001 2.18072
-1.46677 0.15001 2.54365
-1.30784 0.15001 -2.818
-1.32617 0.15001 -2.62109
-1.40452 0.15001 -2.05187
-1.8175 0.15001 -1.58217
-1.66557 0.15001 -0.62154
-1.39413 0.15001 0.0129255
-1.64244 0.15001 0.542752
-1.64445 0.15001 0.854626
-2.13048 0.15001 1.3836
-2.08669 0.15001 2.22263
-1.50037 0.15001 -2.67595
-1.60647 0.15001 -2.37134
-1.88892 0.15001 -2.13086
-1.92731 0.15001 -1.4207
-1.8231 0.15001 -0.937645
-1.86578 0.15001 -0.0919119
-1.76722 0.15001 0.68946
-1.59982 0.15001 1.1164
-1.8197 0.15001 1.49058
-2.19251 0.15001 2.54342
-1.117 0.15001 -2.84034
-1.22962 0.15001 -2.17294
-1.83834 0.15001 -1.77532
-2.36891 0.15001 -1.4676
-2.01094 0.15001 -0.813254
-1.52439 0.15001 0.368671
-1.25321 0.15001 0.729901
-1.53375 0.296478 0.881062
-1.57157 0.268483 1.25992
-1.60073 0.15001 1.57546
-1.46259 0.15001 -2.48901
-1.58672 0.15001 -2.00898
-1.58917 0.15001 -1.22708
-1.481 0.15001 -0.692276
-1.53032 0.15001 -0.300619
-1.3602 0.242238 0.395351
-1.46951 0.15001 0.761708
-1.68829 0.268421 1.00763
-1.68955 0.15001 1.34074
-1.66816 0.15001 1.78562
-1.17936 0.229908 -2.68405
-1.53396 0.15001 -2.19579
-1.63108 0.15001 -1.81602
-1.84747 0.15001 -1.14401
-1.84772 0.15001 -0.531613
-1.88855 0.15001 0.251303
-1.25943 0.324778 1.00173
-1.61625 0.286537 1.44944
-1.45204 0.15001 1.71801
-1.84351 0.15001 2.64063
-1.37566 0.286976 -2.72005
-1.31071 0.15001 -2.35427
-1.30682 0.15001 -1.85781
-1.58482 0.15001 -1.41932
-1.65551 0.15001 -0.827328
-1.73765 0.15001 0.0681864
-1.53492 0.292817 0.496492
-1.37368 0.283649 1.37138
-1.43871 0.250113 1.559
-1.66672 0.15001 2.48184
-1.32257 0.271902 -2.49061
-1.25087 0.23619 -2.01113
-1.59885 0.15001 -1.60976
-1.46599 0.15001 -1.07898
-1.4969 0.15001 -0.495779
-1.52826 0.15001 0.154808
-1.38893 0.284446 0.662366
-1.14831 0.293397 1.29381
-1.46076 0.15001 1.95617
-1.45611 0.15001 2.36136
-1.37944 0.243469 -2.21025
-1.25991 0.15001 -1.67135
-1.42268 0.15001 -1.33066
-1.46946 0.15001 -0.886505
-1.37557 0.15001 -0.189443
-1.19012 0.264208 0.196411
-1.22492 0.327217 0.756104
-1.21043 0.255042 1.95319
-1.27705 0.15001 2.28159
-1.32709 0.15001 2.83501
-1.06944 0.26596 -1.99837
-1.21433 0.15001 -1.4819
-1.29865 0.15001 -1.17921
-1.31152 0.15001 -0.581096
-1.24671 0.231019 -0.0761492
-1.1216 0.30314 0.383536
-0.986155 0.291914 1.2089
-0.959067 0.275603 1.79626
-1.07926 0.15001 2.24775
-1.1887 0.15001 2.65065
-1.08561 0.22007 -1.68417
-1.27349 0.255245 -1.34081
-1.12573 0.15001 -0.874804
-1.14125 0.15001 -0.465542
-1.0409 0.303129 0.0623651
-1.18606 0.321363 0.567096
-0.822726 0.349429 1.26335
-0.847597 0.313111 1.98528
-0.928283 0.15001 2.12367
-0.949579 0.15001 2.5652
-0.926845 0.15001 -2.84999
-1.01452 0.15001 -2.67029
-0.794606 0.15001 -2.09739
-1.12803 0.15001 -1.0827
-1.1803 0.15001 -0.234971
-1.21053 0.15001 0.349495
-1.42497 0.15001 0.544457
-1.4698 0.15001 0.975993
-1.49773 0.15001 1.40307
-1.61823 0.15001 2.07875
-0.734546 0.15001 -2.83995
-1.11517 0.15001 -2.32351
-1.1152 0.15001 -1.85542
-1.408 0.15001 -1.53159
-1.29963 0.15001 -0.780921
-1.34103 0.15001 0.209584
-1.18966 0.15001 0.932073
-1.43348 0.15001 1.21773
-1.30121 0.15001 1.4795
-1.68165 0.15001 2.84999
-0.820741 0.15001 -2.66019
-0.729633 0.15001 -2.28213
-0.847516 0.15001 -1.57949
-0.959134 0.15001 -0.767701
-1.04333 0.15001 0.256638
-0.883133 0.15001 0.621079
-1.07601 0.244736 0.828016
-1.00685 0.15001 0.98081
-1.01682 0.15001 1.32382
-1.11126 0.15001 1.822
-1.18236 0.15001 -2.50276
-0.939357 0.15001 -1.95569
-0.962179 0.15001 -1.1917
-0.943533 0.15001 0.0850573
-1.03987 0.15001 0.463232
-1.0707 0.15001 0.665817
-1.34484 0.227328 0.869848
-1.29723 0.15001 1.08204
-1.25602 0.15001 1.29351
-1.30343 0.15001 1.8375
-0.815019 0.15001 -2.46217
-1.04447 0.15001 -2.13989
-1.02765 0.15001 -1.52076
-1.29356 0.15001 -0.978754
-1.32682 0.15001 -0.382724
-1.22881 0.15001 0.539631
-1.08008 0.300547 1.04515
-1.19576 0.301816 1.47964
-1.23078 0.15001 1.6541
-1.47864 0.15001 2.72832
-0.914073 0.289089 -2.73346
-0.922541 0.15001 -2.2986
-0.924649 0.15001 -1.75922
-1.12871 0.15001 -1.28907
-1.13355 0.15001 -0.671352
-1.14415 0.15001 0.0552832
-0.990962 0.292724 0.568885
-0.984829 0.289951 1.44451
-0.970753 0.151268 1.94327
-1.27449 0.15001 2.47859
-0.999195 0.15001 -2.47776
-0.827542 0.291863 -1.98232
-0.888043 0.15001 -1.37903
-0.960972 0.15001 -0.983949
-1.00683 0.15001 -0.316978
-0.93662 0.280179 0.34604
-0.58774 0.280353 0.655854
-0.801133 0.298426 1.07976
-0.717709 0.200795 2.12107
-1.07555 0.15001 2.43008
-0.914377 0.275242 -2.1589
-0.689984 0.15001 -1.70001
-0.791037 0.15001 -1.10012
-0.962968 0.15001 -0.567986
-0.941715 0.15001 -0.119477
-0.602009 0.271449 0.467718
-0.601223 0.30609 1.04745
-0.783935 0.295888 1.43584
-0.815594 0.15001 2.26443
-0.861064 0.15001 2.84999
-0.570388 0.15001 -1.85998
-0.67561 0.15001 -1.5029
-0.683128 0.254946 -0.972997
-0.814789 0.15001 -0.299276
-0.617569 0.262003 0.0282996
-0.794531 0.301927 0.531112
-0.648848 0.297916 1.23205
-0.73094 0.304403 1.80934
-0.541295 0.15001 2.19519
-0.744737 0.15001 2.61179
-0.495264 0.15001 -1.66073
-0.671721 0.276453 -1.17768
-0.742078 0.15001 -0.682579
-0.737367 0.15001 -0.118634
-0.743867 0.302123 0.273504
-0.710206 0.387303 0.734656
-0.391454 0.29557 1.05503
-0.622159 0.305708 1.58509
-0.560556 0.188669 2.49408
-0.499057 0.15001 2.84999
-0.537018 0.15001 -2.8469
-0.632648 0.15001 -2.67387
-0.392603 0.15001 -2.13622
-0.799675 0.15001 -0.873988
-0.616786 0.15001 -0.286506
-0.744107 0.15001 0.757822
-0.924516 0.15001 0.80834
-1.11382 0.15001 1.15428
-1.0969 0.15001 1.50246
-1.30469 0.15001 2.08868
-0.381543 0.15001 -2.72127
-0.629413 0.15001 -2.4638
-0.759308 0.15001 -1.88364
-0.700536 0.15001 -1.31017
-0.782585 0.15001 -0.489962
-0.670943 0.15001 0.349374
-0.813844 0.15001 0.967122
-0.902556 0.15001 1.13804
-0.877701 0.15001 1.50415
-1.1412 0.15001 2.84999
-0.157565 0.15001 -2.67404
-0.104146 0.15001 -2.27249
-0.327624 0.15001 -1.53098
-0.498646 0.15001 -0.660654
-0.583138 0.15001 0.170126
-0.696095 0.15001 0.573089
-0.722366 0.286005 0.888306
-0.704888 0.15001 1.13657
-0.680314 0.15001 1.45251
-0.782985 0.15001 1.95843
-0.539885 0.15001 -2.26284
-0.395713 0.15001 -1.93679
-0.575542 0.15001 -1.08081
-0.754103 0.15001 0.080791
-0.842931 0.15001 0.43937
-0.872737 0.299881 0.725361
-0.9165 0.302243 0.922702
-0.815355 0.15001 1.30764
-0.990454 0.15001 1.65971
-1.11204 0.15001 2.06826
-0.290057 0.15001 -2.53611
-0.601308 0.15001 -2.07189
-0.496264 0.15001 -1.44499
-0.601977 0.15001 -0.832862
-0.845276 0.15001 0.248744
-0.488669 0.15001 0.575313
-0.5131 0.15001 1.1054
-0.829466 0.278309 1.62802
-0.828541 0.15001 1.77392
-1.00527 0.15001 2.73206
-0.48776 0.227837 -2.58954
-0.292949 0.15001 -2.32361
-0.313319 0.15001 -1.73888
-0.388376 0.15001 -1.04044
-0.587787 0.15001 -0.484431
-0.543517 0.290063 0.274644
-0.493035 0.28487 0.883008
-0.443707 0.288602 1.24145
-0.569108 0.15001 2.01626
-0.680611 0.15001 2.78751
-0.446173 0.15001 -2.4277
-0.210442 0.15001 -2.05513
-0.274843 0.15001 -1.33744
-0.40594 0.15001 -0.834471
-0.541351 0.15001 -0.101548
-0.289694 0.20179 0.399532
-0.0603999 0.15001 0.613629
-0.218675 0.203996 1.01936
-0.213434 0.284243 1.76533
-0.64635 0.15001 2.34285
-0.233844 0.268326 -2.19481
-0.105224 0.15001 -1.70957
-0.203259 0.15001 -1.12847
-0.20518 0.15001 -0.515243
-0.237272 0.15001 0.0724156
-0.148295 0.297457 0.536611
-0.0646534 0.286715 0.780616
-0.233966 0.271604 1.25213
-0.355583 0.15001 2.21559
-0.351792 0.15001 2.72892
-0.237265 0.238881 -1.88781
-0.121374 0.15001 -1.47463
-0.141323 0.284169 -1.01051
-0.418051 0.15001 -0.294759
-0.383889 0.305097 0.142245
-0.378524 0.292648 0.618127
-0.0186502 0.268672 1.03757
-0.381153 0.310029 1.6502
-0.23779 0.15001 2.07514
-0.292327 0.15001 2.5524
-0.216171 0.267529 -1.61886
-0.339273 0.26016 -1.19221
-0.240012 0.15001 -0.709962
-0.324145 0.15001 -0.117256
-0.425845 0.325466 0.426449
-0.276203 0.276762 0.850601
-0.0367771 0.305986 1.22832
-0.208094 0.298242 1.57224
-0.198151 0.15001 2.32492
-0.207742 0.15001 2.84999
-0.239693 0.15001 -2.84999
0.143028 0.15001 -2.75114
0.158457 0.15001 -2.18774
-0.23184 0.15001 -0.916885
-0.215209 0.15001 -0.312057
-0.265478 0.15001 0.576731
-0.619893 0.15001 0.951838
-0.565638 0.15001 1.28872
-0.695094 0.15001 1.64266
-0.819412 0.15001 2.44143
-0.0406121 0.15001 -2.84999
-0.101122 0.15001 -2.47495
-0.0739775 0.15001 -1.90938
-0.479012 0.15001 -1.25114
-0.391469 0.15001 -0.490507
-0.352241 0.15001 0.232256
-0.558869 0.15001 0.776051
-0.333571 0.15001 1.15836
-0.502358 0.15001 1.52674
-0.529733 0.15001 2.66481
0.370982 0.15001 -2.65905
0.571164 0.15001 -2.2859
0.429416 0.15001 -1.46889
-0.0588145 0.15001 -0.821317
0.00409276 0.15001 -0.220996
-0.116345 0.15001 0.430688
-0.189501 0.15001 0.74997
-0.114829 0.15001 1.15983
-0.385199 0.15001 1.34919
-0.342035 0.15001 1.72317
0.0704035 0.15001 -2.36271
0.311705 0.15001 -2.06583
-0.0443887 0.15001 -1.23805
-0.427634 0.15001 0.0526951
-0.476337 0.15001 0.384561
-0.377503 0.15001 0.742943
-0.382829 0.15001 0.941655
-0.566519 0.28866 1.40541
-0.523837 0.194278 1.70896
-0.638322 0.15001 1.84307
0.0810906 0.15001 -2.55772
-0.0166375 0.15001 -2.09797
0.0518749 0.15001 -1.59328
-0.0140625 0.15001 -1.02058
-0.162299 0.156184 0.2475
0.0660988 0.15001 0.37562
-0.0792233 0.15001 0.907804
-0.383331 0.29824 1.45698
-0.446295 0.15001 1.88096
-0.150939 0.15001 2.67794
-0.00335082 0.252415 -2.69128
0.328071 0.15001 -2.30075
0.29284 0.15001 -1.86387
0.384763 0.15001 -1.25155
-0.0485563 0.15001 -0.623104
-0.125143 0.15001 -0.0787838
0.0640413 0.15001 0.76217
-0.0673947 0.285977 1.43859
-0.0764626 0.15001 1.97279
-0.105172 0.15001 2.49251
0.261229 0.15001 -2.48826
0.503108 0.15001 -2.00652
0.240307 0.15001 -1.47748
0.412959 0.15001 -0.888706
-0.0406431 0.15001 -0.417271
0.211306 0.15001 0.225634
0.447666 0.15001 0.511622
0.324923 0.15001 1.01921
0.0197443 0.27967 1.84471
0.331607 0.15001 2.84999
0.445129 0.233118 -2.17231
0.234847 0.15001 -1.67516
0.131469 0.15001 -1.14586
0.326238 0.15001 -0.710589
0.195883 0.15001 -0.156406
0.408267 0.15001 0.317649
0.3453 0.15001 0.669772
0.0840777 0.15001 1.15739
0.0124472 0.15001 2.34997
0.00484841 0.15001 2.84463
0.136596 0.15001 -1.97922
0.0625645 0.15001 -1.4004
0.160838 0.15001 -0.930484
0.131666 0.15001 -0.54366
0.0700101 0.15001 -0.00533326
0.25701 0.15001 0.43246
0.128542 0.298511 0.863967
0.0589856 0.165608 1.65072
0.111996 0.15001 2.00615
0.334515 0.15001 2.6167
0.0770955 0.15001 -1.79105
0.185837 0.246398 -1.29713
0.124883 0.15001 -0.7387
0.149513 0.15001 -0.35112
0.0162085 0.15001 0.180036
0.202249 0.266969 0.685313
0.199033 0.278334 1.07692
0.117984 0.311731 1.53036
0.199575 0.15001 2.28563
0.17854 0.15001 2.74327
0.306505 0.15001 -2.84999
0.569937 0.15001 -2.65551
0.678921 0.15001 -2.10833
0.841663 0.15001 -1.17336
0.721374 0.15001 -0.390905
0.731602 0.15001 0.103405
0.110784 0.15001 0.968702
-0.197584 0.15001 1.3883
-0.0876181 0.15001 1.76821
-0.396724 0.15001 2.39886
0.500111 0.15001 -2.84863
0.458915 0.15001 -2.46959
0.604919 0.15001 -1.82967
0.301932 0.15001 -1.06276
0.326534 0.15001 -0.509552
0.266324 0.15001 0.0358613
0.684073 0.15001 0.601184
0.491355 0.15001 1.12526
0.280072 0.15001 1.21674
0.0299946 0.15001 2.62902
0.889083 0.15001 -2.80901
1.18711 0.15001 -2.33874
0.978567 0.15001 -1.63807
0.767444 0.15001 -0.79196
1.05476 0.15001 -0.360634
0.998074 0.15001 -0.165154
1.09003 0.15001 0.598725
0.875502 0.15001 0.921136
0.628578 0.15001 1.33495
0.0270275 0.15001 2.16744
0.655392 0.15001 -2.46458
0.852747 0.15001 -2.01157
0.731595 0.15001 -1.35243
0.513099 0.15001 -0.576708
0.390565 0.15001 -0.112191
0.119237 0.15001 0.565169
0.248462 0.15001 0.834719
-0.0209527 0.15001 1.32222
-0.311182 0.15001 1.53933
-0.256538 0.15001 1.88976
0.767476 0.15001 -2.65281
0.79931 0.15001 -2.2781
0.443511 0.15001 -1.66561
0.64547 0.15001 -0.954786
0.339581 0.15001 -0.310238
0.583118 0.15001 0.224738
0.522203 0.15001 0.918265
0.142174 0.250265 1.30261
-0.107326 0.15001 1.56014
0.504624 0.15001 2.78431
0.695968 0.15001 -2.84952
0.994114 0.15001 -2.35525
0.932876 0.15001 -1.83196
0.918489 0.15001 -1.35365
0.937063 0.15001 -0.688983
0.804635 0.15001 -0.199127
0.848857 0.15001 0.496797
0.965489 0.15001 1.34011
0.727155 0.15001 1.82543
0.381521 0.15001 2.36132
0.846279 0.150155 -2.4718
0.97085 0.15001 -2.15869
0.816588 0.15001 -1.5297
0.842619 0.15001 -0.973794
0.893689 0.15001 -0.492716
0.881926 0.15001 -0.0127528
1.02066 0.15001 0.784544
0.793676 0.15001 1.23945
0.33738 0.172463 1.77637
0.872971 0.15001 2.64281
1.08877 0.268554 -2.23545
0.764746 0.15001 -1.72135
0.649297 0.15001 -1.16907
0.717099 0.15001 -0.598025
0.620739 0.15001 -0.161543
0.778849 0.15001 0.303247
0.698686 0.15001 0.827963
0.627414 0.15001 1.54055
0.742831 0.15001 2.233
0.719041 0.15001 2.79369
0.720679 0.252647 -1.93173
0.616871 0.15001 -1.54492
0.488606 0.156726 -1.07069
0.526473 0.15001 -0.381436
0.5474 0.15001 0.0172731
0.615454 0.15001 0.41739
0.678234 0.15001 1.06707
0.440966 0.15001 1.60123
0.536954 0.15001 2.02652
0.57523 0.15001 2.33231
0.448149 0.246582 -1.83404
0.552273 0.194277 -1.33382
0.570781 0.15001 -0.763628
0.483751 0.258324 -0.233096
0.416162 0.210643 0.139359
0.531075 0.15001 0.715999
0.446986 0.191437 1.30643
0.527146 0.15001 1.80979
0.388841 0.15001 2.15634
0.572211 0.15001 2.61391
1.07772 0.15001 -2.84999
1.17176 0.15001 -2.68379
1.52647 0.15001 -2.22162
1.56887 0.15001 -1.45626
1.77208 0.15001 -0.558734
1.59335 0.15001 0.473844
1.06999 0.15001 0.974996
0.802251 0.15001 1.4437
0.15125 0.15001 1.8191
0.163648 0.15001 2.49085
1.28028 0.15001 -2.84999
1.00876 0.15001 -2.575
1.2594 0.15001 -1.91545
1.32707 0.15001 -1.12243
1.16379 0.15001 -0.744162
1.31094 0.15001 -0.0632723
1.40157 0.15001 0.818612
1.13652 0.15001 1.43171
0.300168 0.15001 1.41717
0.703174 0.15001 2.48639
1.58473 0.15001 -2.65792
1.70542 0.15001 -2.30571
1.52434 0.15001 -1.65326
1.73597 0.15001 -0.909408
2.07149 0.15001 -0.358054
1.96785 0.15001 -0.0976435
1.88162 0.15001 0.457833
1.76526 0.15001 1.32855
1.35696 0.15001 1.78969
0.240205 0.15001 1.60471
1.38332 0.15001 -2.36209
1.59991 0.15001 -2.02772
1.24874 0.15001 -1.37567
1.42524 0.15001 -0.73835
1.42508 0.15001 -0.442174
1.54463 0.15001 0.25374
1.66235 0.15001 0.813185
1.42124 0.15001 1.12756
0.108749 0.15001 1.4559
0.292426 0.15001 1.96338
1.26149 0.15001 -2.51762
1.20716 0.15001 -2.12545
1.21071 0.15001 -1.59292
1.01289 0.15001 -1.07347
1.23716 0.15001 -0.410122
1.13252 0.15001 0.23733
1.20817 0.15001 0.821523
1.10593 0.15001 1.8369
1.33077 0.15001 2.21934
1.29555 0.15001 2.56762
1.38887 0.15001 -2.67972
1.5677 0.15001 -2.45
1.48374 0.15001 -1.86338
1.42758 0.15001 -1.29061
1.62811 0.15001 -0.685943
1.50536 0.15001 -0.0850549
1.4042 0.15001 0.488095
1.57152 0.15001 1.44994
1.52545 0.15001 1.89888
1.01699 0.15001 2.29931
1.42681 0.246426 -2.52364
1.40585 0.15001 -2.04377
1.38791 0.15001 -1.51246
1.39329 0.15001 -0.94247
1.37545 0.15001 -0.25194
1.29256 0.15001 0.126561
1.52765 0.15001 0.966117
1.32437 0.15001 1.39694
1.09301 0.15001 2.03313
1.50188 0.15001 2.60769
1.35566 0.24319 -2.2006
1.34259 0.15001 -1.73122
1.15564 0.15001 -1.20152
1.29706 0.15001 -0.596595
1.18392 0.15001 -0.210066
1.20973 0.15001 0.435676
1.24595 0.15001 1.05236
1.1931 0.15001 1.65861
1.20377 0.15001 2.36158
1.26178 0.15001 2.76368
1.07046 0.15001 -1.97865
1.07281 0.15001 -1.46489
1.19624 0.15001 -0.958532
1.08898 0.15001 -0.556681
1.11686 0.15001 0.00790946
1.01033 0.15001 0.391392
1.119 0.15001 1.21268
0.996329 0.15001 1.66053
0.928147 0.15001 2.12309
1.06062 0.15001 2.53581
1.12348 0.15001 -1.77316
1.06063 0.263839 -1.31209
1.01441 0.15001 -0.873599
0.901498 0.247468 -0.323819
0.942209 0.15001 0.180564
0.850046 0.15001 0.700735
0.940237 0.15001 1.11848
0.801794 0.15001 1.6453
0.749241 0.15001 2.03753
0.878161 0.15001 2.42503
1.48 0.15001 -2.84999
1.77561 0.15001 -2.68695
1.8958 0.15001 -2.24237
2.49326 0.15001 -1.46722
2.48247 0.15001 -0.655629
2.41021 0.15001 0.161647
2.0486 0.15001 0.838115
1.70671 0.15001 1.8216
1.66389 0.15001 2.0523
1.05423 0.15001 2.76828
1.67288 0.15001 -2.84999
1.75208 0.15001 -2.4974
2.18372 0.15001 -1.93661
2.27906 0.15001 -1.49141
2.20359 0.15001 -0.965591
2.38517 0.15001 -0.241704
2.3242 0.15001 0.373953
2.14292 0.15001 1.39367
2.10984 0.15001 2.00617
1.66665 0.15001 2.75478
2.25579 0.15001 -2.84999
2.50494 0.15001 -2.38407
2.54281 0.15001 -1.76609
2.55887 0.15001 -1.06989
2.63022 0.15001 -0.502928
2.63051 0.15001 -0.0936638
2.64941 0.15001 0.491555
2.4305 0.15001 0.825875
2.49776 0.15001 1.69351
2.62339 0.15001 2.27957
2.15289 0.15001 -2.60241
2.16726 0.15001 -2.20678
2.21835 0.15001 -1.69281
2.19565 0.15001 -1.16778
2.28935 0.15001 -0.598253
2.2521 0.15001 0.0250932
2.24025 0.15001 0.872307
2.31568 0.15001 1.29806
2.30987 0.15001 1.71618
2.15393 0.15001 2.38037
2.07414 0.15001 -2.78956
2.30721 0.15001 -2.47813
1.96308 0.15001 -1.88623
1.81098 0.15001 -1.33455
2.00261 0.15001 -0.863514
1.81508 0.15001 0.169259
1.86963 0.15001 0.914401
1.9356 0.15001 1.51321
1.91193 0.15001 2.05153
2.34264 0.15001 2.475
1.96292 0.15001 -2.63014
2.12521 0.15001 -2.40472
2.02387 0.15001 -1.6925
2.02888 0.15001 -1.27855
2.16056 0.15001 -0.757637
2.20364 0.15001 -0.173724
2.15215 0.15001 0.462136
2.14305 0.15001 1.19517
2.13491 0.15001 1.79356
1.85363 0.15001 2.37235
1.93535 0.15001 -2.43516
2.01058 0.15001 -2.08303
1.89269 0.15001 -1.54095
1.77499 0.15001 -1.12521
1.82728 0.15001 -0.308292
2.00496 0.15001 0.110672
1.89831 0.15001 0.712869
1.96645 0.15001 1.31372
1.95869 0.15001 1.86553
2.07214 0.15001 2.78937
1.75231 0.209788 -2.12857
1.84046 0.15001 -1.73169
1.63289 0.15001 -1.2638
1.84952 0.15001 -0.735373
1.7175 0.15001 -0.13621
1.72536 0.15001 0.336957
1.71103 0.15001 1.02088
1.74163 0.15001 1.53926
1.65501 0.15001 2.30736
1.8624 0.15001 2.69093
1.78229 0.15001 -1.94726
1.70762 0.15001 -1.58761
1.56825 0.15001 -1.0684
1.60888 0.15001 -0.475293
1.63584 0.15001 0.0691699
1.52254 0.15001 0.660594
1.61592 0.15001 1.19237
1.55911 0.15001 1.6705
1.47636 0.15001 2.09664
1.68389 0.15001 2.5185
1.66331 0.15001 -1.7925
1.5373 0.29125 -1.34201
1.56057 0.191476 -0.866427
1.57443 0.15001 -0.277924
1.35924 0.175821 0.303166
1.29239 0.15001 0.643497
1.47179 0.21076 1.30018
1.3749 0.15001 1.5879
1.29025 0.15001 2.01439
1.41489 0.15001 2.4093
1.88558 0.15001 -2.84999
2.61737 0.15001 -2.73836
2.68494 0.15001 -2.09971
2.84999 0.15001 -1.32109
2.84999 0.15001 -0.801654
2.69035 0.15001 0.2819
2.6263 0.15001 0.89104
2.49909 0.15001 1.23795
2.47873 0.15001 1.89844
2.66686 0.15001 2.72573
2.45372 0.15001 -2.84999
2.84999 0.15001 -2.43187
2.84999 0.15001 -1.75735
2.67574 0.15001 -1.41226
2.70703 0.15001 -0.938946
2.7576 0.15001 -0.243228
2.70834 0.15001 0.711675
2.65848 0.15001 1.1195
2.66392 0.15001 1.60466
2.84999 0.15001 2.4343
2.84999 0.15001 -2.65467
2.84999 0.15001 -1.99291
2.84999 0.15001 -1.52863
2.84999 0.15001 -1.07335
2.84999 0.15001 -0.414367
2.84999 0.15001 -0.0605643
2.84999 0.15001 0.382455
2.83076 0.15001 0.923265
2.84999 0.15001 1.36581
2.84999 0.15001 1.79068
2.78406 0.15001 -2.84999
2.84999 0.15001 -2.21167
2.67374 0.15001 -1.6186
2.70323 0.15001 -1.1978
2.8021 0.15001 -0.604733
2.84712 0.15001 0.152731
2.84999 0.15001 0.580302
2.84999 0.15001 1.14211
2.84999 0.15001 1.57414
2.84999 0.15001 2.01298
2.68497 0.15001 -2.54032
2.50793 0.15001 -2.17634
2.69043 0.15001 -1.88709
2.53092 0.15001 -1.27401
2.6596 0.15001 -0.739739
2.60988 0.15001 0.104116
2.52047 0.15001 0.646805
2.65719 0.15001 1.35333
2.67142 0.15001 1.87299
2.81563 0.15001 2.22208
2.331 0.15001 -2.67438
2.68522 0.15001 -2.31872
2.51125 0.15001 -1.97078
2.34808 0.15001 -1.3036
2.51853 0.15001 -0.877121
2.57022 0.15001 -0.297131
2.51092 0.15001 0.341743
2.48418 0.15001 1.02714
2.49002 0.15001 1.47343
2.58341 0.15001 2.07691
2.49576 0.15001 -2.57863
2.33451 0.15001 -2.06882
2.40404 0.15001 -1.63644
2.36664 0.15001 -1.08415
2.44059 0.15001 -0.452776
2.43876 0.15001 -0.0460802
2.32722 0.15001 0.584056
2.29634 0.15001 1.07318
2.28869 0.15001 1.92769
2.65355 0.15001 2.48834
2.34257 0.15001 -2.28073
2.35625 0.15001 -1.84412
2.18474 0.226961 -1.3427
2.34294 0.15001 -0.805736
2.25775 0.15001 -0.394235
2.18522 0.15001 0.215698
2.15137 0.15001 0.672462
2.29825 0.15001 1.51277
2.27067 0.15001 2.14908
2.4903 0.15001 2.61251
2.15318 0.277923 -2.068
2.08552 0.152481 -1.50731
2.02716 0.15001 -1.08161
2.07757 0.15001 -0.583098
2.05757 0.265276 -0.211499
2.0168 0.15001 0.317882
2.03014 0.15001 1.03616
2.11522 0.15001 1.59302
2.04671 0.15001 2.20568
2.17419 0.15001 2.59549
2.09846 0.26725 -1.82038
1.94462 0.263186 -1.39983
1.88471 0.228524 -0.988169
1.928 0.189227 -0.472252
1.82942 0.229724 -0.000773831
1.74222 0.15001 0.598322
1.86401 0.15001 1.14335
1.8589 0.15001 1.69809
1.79449 0.203001 2.18759
1.98256 0.15001 2.52711
