1000 0.1
-1.05393 0.15001 -2.13221
-2.6545 0.15001 -1.974
-2.05219 0.15001 -1.26086
-2.16441 0.15001 -2.84726
-1.60781 0.15001 -0.58751
-2.56208 0.15001 0.612153
-2.53673 0.15001 -0.583302
-1.98803 0.15001 1.81333
-1.84334 0.15001 1.37269
-2.84999 0.15001 2.24974
-2.84999 0.15001 -2.24303
-2.69956 0.15001 -2.29291
-2.58593 0.15001 0.775186
-2.84999 0.15001 -0.152657
-2.75993 0.15001 0.579364
-2.84997 0.15001 1.32734
-2.16982 0.15001 -0.0986243
-2.84999 0.15001 2.84999
-2.36474 0.15001 1.91546
-2.70196 0.15001 2.37525
-1.20918 0.15001 -2.24289
-1.50689 0.29682 -2.56589
-2.84734 0.15001 -0.502112
-2.53482 0.15001 -1.33841
-2.5609 0.15001 -0.99479
-2.04434 0.15001 -2.33878
-2.8276 0.15001 -0.322511
-2.84999 0.15001 1.68901
-1.61237 0.311335 -2.7021
-2.74568 0.15001 2.70213
-0.138433 0.15001 -2.77732
-0.479556 0.15001 0.390877
-1.94837 0.15001 -2.17157
-2.20174 0.15001 -0.41831
-2.84999 0.15001 0.0637736
-2.84999 0.15001 1.51852
-0.0552373 0.15001 0.39485
0.12469 0.15001 1.09957
-1.9275 0.15001 2.22884
-1.74746 0.15001 2.76333
-2.84999 0.15001 -1.97418
2.67127 0.15001 -0.763637
-2.04219 0.15001 -1.91124
-2.1916 0.15001 -2.48313
0.64154 0.302327 -0.148182
-2.46399 0.15001 1.32592
-0.841753 0.15001 -0.53143
0.0770261 0.15001 0.526344
-2.05108 0.15001 -0.912142
-2.55826 0.15001 2.07081
-1.12653 0.15001 -2.8492
-1.88986 0.15001 -1.99513
-2.61417 0.15001 -0.155164
-1.27844 0.15001 -1.1785
0.224221 0.15001 1.22968
-2.84999 0.15001 0.235679
-2.03043 0.15001 -1.42434
-1.85985 0.15001 -1.0726
-2.37279 0.15001 1.60946
-2.81331 0.15001 2.05277
-2.7568 0.15001 -1.82185
-2.44512 0.15001 -2.70355
-2.38894 0.15001 -0.953101
-2.52311 0.15001 -1.86262
-2.35532 0.15001 -1.46007
-0.238737 0.201074 -0.221298
0.305217 0.289057 0.679598
-0.0987802 0.15001 0.584027
-1.57277 0.15001 2.76638
-0.313168 0.15001 0.616835
0.0483814 0.15001 -2.66183
-2.26669 0.15001 -0.267077
-2.84999 0.15001 -0.711968
-2.3062 0.15001 0.980449
-1.83957 0.15001 -0.704699
-1.99616 0.15001 -0.423185
-2.7238 0.15001 -1.04151
-1.45129 0.15001 0.920348
-2.17145 0.15001 1.60106
-2.84856 0.15001 2.54799
-0.632434 0.15001 0.50762
-2.20988 0.15001 -0.959075
-2.63844 0.15001 -0.323718
-2.38028 0.15001 -2.25758
-1.8986 0.15001 0.444178
2.7011 0.308484 -2.27945
-2.66766 0.15001 1.5427
-2.52394 0.15001 0.179358
-2.37549 0.15001 0.113582
-0.853715 0.15001 0.937771
-2.2256 0.15001 -2.30225
0.470132 0.15001 -0.617568
-2.68987 0.15001 -0.850248
0.164299 0.400153 -1.54448
-0.827121 0.15001 0.601419
-1.48858 0.15001 1.29201
-2.23214 0.15001 -1.29973
-1.52348 0.15001 -1.86897
-1.89727 0.15001 0.709341
-1.28026 0.15001 1.97279
-0.845023 0.15001 -2.2919
-1.94257 0.15001 -2.68895
-2.1826 0.15001 -1.5018
-1.55042 0.15001 -0.17186
-1.06011 0.15001 1.07333
-0.110555 0.15001 -0.313653
-2.48358 0.15001 2.30552
-2.02336 0.15001 0.254889
-1.4414 0.15001 0.729034
-0.846997 0.15001 0.0225927
-0.700998 0.15001 -2.10072
-2.75414 0.15001 -2.10707
-2.12311 0.15001 -2.6704
-2.69172 0.15001 -1.44662
-1.28135 0.15001 -2.08653
0.244524 0.15001 0.578342
-1.30018 0.15001 -0.754356
0.38948 0.15001 0.379286
-2.85 0.15001 1.85868
-1.95611 0.15001 1.21011
-1.18922 0.15001 -1.44595
-2.29086 0.15001 -2.63916
-1.36964 0.15001 0.363387
-1.53332 0.15001 -2.36473
0.810932 0.15001 -0.164051
-2.49879 0.15001 -0.816098
0.203604 0.15001 0.38253
-2.077 0.15001 -0.275017
-2.36965 0.15001 -2.42544
-2.0557 0.15001 0.777256
-0.780544 0.15001 -2.84961
-2.62927 0.15001 -2.69857
-1.79952 0.15001 -0.0124861
-0.95459 0.15001 -2.84104
-2.70387 0.15001 -1.25427
-1.61998 0.15001 -0.0159351
0.301365 0.15001 0.926082
-2.40827 0.15001 2.45275
-2.68695 0.15001 0.908376
-2.66913 0.15001 1.18382
-1.9841 0.15001 -2.84999
-2.81655 0.15001 -2.84999
-0.930632 0.15001 -2.46388
-2.52693 0.15001 -1.51895
-0.546091 0.15001 -0.938424
0.542931 0.15001 0.156283
0.163348 0.15001 0.200978
0.321609 0.279213 0.483001
-2.59816 0.15001 0.435789
-2.03889 0.15001 2.6199
-1.17806 0.15001 -1.61389
-1.16967 0.15001 -2.47347
-1.81258 0.15001 -0.532679
-2.84999 0.15001 -1.15361
-2.84999 0.15001 0.412121
-0.062152 0.15001 0.167439
-1.60998 0.15001 -1.30204
-1.53663 0.15001 -2.17436
-1.71248 0.15001 1.49136
-0.718356 0.15001 1.09638
-1.34308 0.15001 -2.84256
-0.418565 0.15001 1.27144
-1.88527 0.15001 -0.891291
-1.34768 0.15001 -1.57355
-1.8177 0.15001 -1.56524
-2.41602 0.15001 0.852917
0.545494 0.412836 0.158637
-2.03387 0.15001 0.0408451
-1.06645 0.15001 0.846613
-2.20764 0.15001 2.56089
-1.71712 0.15001 -0.931448
-1.1498 0.15001 -1.96213
-2.64519 0.15001 -1.68063
-2.57842 0.15001 1.71567
-2.4742 0.15001 -1.6976
0.0683341 0.29161 0.406735
-0.645989 0.15001 0.739085
-2.62796 0.15001 1.36289
-1.5556 0.15001 1.45261
-2.37037 0.15001 2.10656
0.477993 0.15001 -0.921235
-2.84999 0.15001 -2.67402
-2.27184 0.15001 -1.11297
-1.49651 0.15001 0.107519
-2.40367 0.15001 2.84996
0.39424 0.15001 1.44503
-2.30076 0.15001 0.436067
-2.65525 0.15001 2.54672
-0.242308 0.15001 0.298396
-2.18502 0.15001 1.95179
-1.17032 0.15001 0.314466
-2.45246 0.15001 -2.05193
-1.54848 0.15001 0.310461
-2.4385 0.15001 0.328537
-0.0351675 0.15001 -0.622044
-2.68467 0.15001 0.208232
-2.17796 0.15001 -0.788467
-0.400518 0.15001 0.226144
-2.45264 0.15001 -0.375418
-2.54412 0.15001 0.000652054
-2.84999 0.15001 -1.67559
-2.84999 0.15001 -2.43941
-1.2941 0.15001 -0.33103
-1.19632 0.15001 -0.174529
0.297231 0.15001 -0.581222
0.681101 0.15001 -0.0371819
0.432685 0.15001 0.561375
-1.72134 0.15001 -0.185717
-1.25743 0.15001 0.879289
-2.2578 0.15001 2.24303
-0.497246 0.15001 -2.60021
-2.84999 0.15001 -1.33669
-2.34209 0.15001 -1.89461
-2.05878 0.15001 -1.08632
-2.13335 0.15001 0.391781
-2.29403 0.15001 -1.64418
-1.74268 0.15001 -0.380357
-1.12846 0.15001 1.43953
0.0352616 0.15001 0.713447
-0.784939 0.15001 2.84085
-1.37446 0.15001 -0.18058
-2.35005 0.15001 -2.84999
1.09568 0.15001 -0.565652
0.728618 0.15001 -0.438526
1.12648 0.15001 -0.19111
0.255562 0.308958 -0.00777867
-1.78243 0.15001 0.576253
0.709353 0.28845 0.418391
0.453437 0.15001 1.02369
-0.994977 0.15001 2.84999
0.269058 0.15001 -2.69517
0.333042 0.15001 -0.422235
-2.84999 0.15001 -0.908727
-1.10651 0.15001 -0.690634
-2.68115 0.15001 -0.49291
-2.82214 0.15001 1.10941
0.572238 0.15001 0.335907
0.39526 0.15001 0.757649
0.214304 0.15001 0.757134
0.637893 0.15001 1.01678
-1.78864 0.15001 -2.84999
-1.77085 0.15001 -2.66971
-0.332949 0.15001 -2.43865
-2.55092 0.15001 -2.37349
0.864351 0.298371 -0.431532
-1.86686 0.15001 -1.40551
0.462525 0.279797 0.268796
0.761202 0.435413 0.294718
0.586129 0.413084 0.543899
0.568307 0.15001 0.677123
-0.641085 0.15001 -2.27569
-2.27748 0.15001 -2.09198
-0.363931 0.15001 -0.127306
-2.34032 0.15001 -0.710954
0.751462 0.253461 -0.290741
-2.29669 0.15001 1.445
-2.67089 0.15001 -0.681265
0.423855 0.284604 0.88054
-1.62068 0.15001 0.71202
0.550852 0.274835 1.11945
-1.09299 0.15001 -1.77634
-0.202696 0.15001 2.44656
0.0360842 0.305538 -0.0279925
-1.6601 0.15001 -1.71065
0.873792 0.378819 -0.222536
0.361856 0.15001 0.203703
0.919341 0.459813 0.165056
-1.907 0.15001 1.03639
-2.52187 0.15001 0.999228
0.165376 0.15001 1.7128
-0.287599 0.15001 -2.84999
-1.26268 0.15001 0.68485
0.719606 0.42031 -0.361562
0.43707 0.290721 -0.179783
0.866852 0.15001 -2.46761
0.774655 0.346706 0.12418
0.510989 0.396941 -0.0472142
0.714123 0.522106 0.45591
0.419205 0.429345 0.444616
0.613491 0.428776 0.986354
-1.53193 0.15001 -1.60175
-2.84999 0.15001 -1.50695
-2.10111 0.15001 -2.07541
-0.411364 0.15001 0.0555709
0.546105 0.15001 -0.449981
-0.475556 0.15001 0.688677
-2.49837 0.15001 1.50415
-2.39427 0.15001 1.13754
-2.6757 0.15001 2.20489
0.439567 0.15001 1.64851
-1.79486 0.15001 0.302742
-1.68905 0.15001 -2.26356
-1.89204 0.15001 0.139549
-2.03815 0.15001 -0.609157
-1.90767 0.346252 -0.0519027
0.375617 0.309378 -0.356385
-1.98287 0.15001 -0.132625
-2.71638 0.15001 -0.0253011
-0.16683 0.15001 0.0194327
-1.97285 0.15001 1.98346
0.0148707 0.15001 -2.84999
-0.0793213 0.15001 -1.43966
-0.871021 0.15001 -0.318253
0.523657 0.15001 -0.13875
-1.61223 0.15001 0.532289
-1.77629 0.15001 -1.24409
0.806673 0.15001 0.485242
0.910714 0.15001 0.713396
0.54829 0.15001 0.858061
-1.47979 0.15001 1.69957
-1.54592 0.15001 -2.84999
-1.46755 0.15001 -1.22232
-1.78196 0.15001 -1.84411
-1.44385 0.15001 -2.02492
0.899362 0.15001 -0.328012
0.513245 0.268463 0.453346
0.632659 0.15001 0.507812
0.988548 0.258156 0.805339
-2.15973 0.15001 0.632982
0.676675 0.15001 1.21061
-1.85245 0.15001 -2.31363
-1.25377 0.15001 -0.57192
0.00279599 0.15001 -0.161903
0.426604 0.291805 0.085884
1.27882 0.15001 0.604682
0.255857 0.15001 0.0603392
0.755009 0.15001 0.31318
0.947725 0.15001 0.362022
0.697873 0.296737 0.605981
0.952506 0.15001 1.24951
-1.6068 0.15001 -2.69784
-1.04955 0.15001 -2.31786
-1.05845 0.15001 -2.67112
1.18341 0.288249 -0.292696
0.618814 0.286218 0.0523123
0.724589 0.15001 0.133929
0.93272 0.283885 0.613453
0.892772 0.428585 0.700876
0.760537 0.15001 0.639579
0.813793 0.271056 1.22087
-1.40966 0.15001 -1.74193
-0.532726 0.15001 -2.12146
1.12863 0.308157 -0.50351
0.206179 0.15001 -0.102357
0.946764 0.287146 0.111987
0.583595 0.408346 0.345985
0.653173 0.275945 0.239163
1.17121 0.273244 0.870083
0.632138 0.299578 0.827924
-0.0766409 0.15001 1.29902
-0.8882 0.15001 -2.07637
-0.321893 0.15001 -2.64762
-2.53748 0.15001 -2.84999
0.453829 0.15001 -0.297745
1.02021 0.345028 -0.350926
-2.37304 0.15001 -0.531489
0.829857 0.386585 0.513074
-2.67388 0.15001 1.94937
-2.20607 0.15001 0.071899
0.732646 0.293893 1.00268
-1.03348 0.15001 -1.17933
-1.4662 0.15001 -0.867122
-1.24305 0.15001 -2.69432
0.637787 0.15001 -0.61547
0.19214 0.15001 -0.297118
0.918898 0.52147 -0.107252
2.68932 0.266994 -2.72314
-1.7669 0.15001 2.14961
-1.93368 0.15001 2.44997
-1.3821 0.15001 2.7929
-1.61737 0.15001 -0.759098
-1.25129 0.15001 -1.81637
-1.39057 0.15001 -2.2486
-2.38506 0.15001 -1.24523
-0.514288 0.15001 -0.596029
-2.27156 0.15001 0.244879
0.931783 0.563902 0.569917
0.489612 0.325869 0.69002
-2.39529 0.15001 -0.146169
-1.4052 0.15001 2.18464
-1.32501 0.15001 -2.4386
-1.72634 0.15001 -2.42874
-2.60389 0.15001 -2.14617
0.140622 0.15001 -2.31145
-1.80714 0.15001 1.62407
-0.891393 0.15001 1.24577
-2.84994 0.15001 0.752733
0.929671 0.469913 0.381472
-1.63247 0.15001 -1.99424
0.015143 0.15001 1.62408
-1.33748 0.15001 -0.998482
-2.50888 0.15001 -2.54449
-1.75795 0.15001 -2.10714
-1.9444 0.15001 -1.75772
-0.599461 0.15001 0.166371
-2.5539 0.15001 -1.1719
-1.59964 0.15001 0.988807
0.0919139 0.15001 0.884531
-1.2993 0.15001 1.3517
-2.5829 0.15001 2.72029
-0.461661 0.15001 -2.84986
2.18625 0.15001 -1.7896
-0.332273 0.15001 -0.597615
0.423485 0.15001 0.00103938
1.46918 0.15001 -0.103013
-0.998967 0.15001 0.417451
1.06317 0.15001 0.226964
1.37541 0.15001 0.849532
-1.79563 0.15001 0.838607
1.07199 0.15001 0.892684
0.532937 0.15001 -2.84461
-0.994337 0.15001 -1.64091
0.972994 0.15001 -0.703061
-1.08942 0.15001 -0.0301476
1.29599 0.15001 -0.519658
0.889492 0.15001 0.191502
1.19315 0.258498 0.233236
1.00487 0.15001 0.540227
0.819887 0.15001 1.08134
-1.45374 0.15001 1.12139
1.16875 0.15001 -1.19748
2.46573 0.15001 -1.39856
1.3131 0.15001 -0.90723
0.0693178 0.15001 0.0418054
-0.0675435 0.15001 0.874067
1.61236 0.15001 -0.429778
1.6548 0.15001 -0.109096
1.13675 0.257257 0.560603
-1.74328 0.15001 1.15009
1.2083 0.15001 1.0002
-0.538682 0.15001 -2.44077
-1.38257 0.15001 -2.59763
-1.43602 0.15001 -0.640275
1.08042 0.15001 -0.377992
0.80392 0.295119 -0.0602667
0.865363 0.292361 0.291739
1.12211 0.310574 0.061637
0.808912 0.281944 0.773487
0.794477 0.15001 0.891536
1.08937 0.283003 1.04305
2.71327 0.550972 0.0354913
-1.30452 0.15001 0.0260612
1.48344 0.302068 -0.477648
0.574954 0.290154 -0.33748
0.944944 0.303305 -0.603028
0.866335 0.15001 0.0102229
1.03827 0.350347 0.269189
0.984794 0.295164 0.436837
1.30457 0.30839 0.515072
-2.12566 0.15001 1.42662
-0.30575 0.15001 -2.2654
-0.50223 0.15001 -0.768648
0.246855 0.294763 -0.201405
2.84999 0.15001 -0.222916
1.26718 0.441784 0.0126807
0.977054 0.350855 -0.0490668
1.04741 0.422435 0.536775
1.0844 0.363275 0.708025
-2.84999 0.15001 0.94117
1.01846 0.39744 0.901824
-0.663148 0.15001 -0.793719
0.72378 0.15001 -2.84999
1.09141 0.394477 -0.182687
0.204687 0.15001 -2.48544
0.74918 0.281066 -0.576051
0.26142 0.293613 0.25597
0.706556 0.444464 -0.0325621
0.815143 0.42097 0.892484
1.31556 0.50149 0.965517
0.948336 0.36067 1.12877
-0.383399 0.15001 -1.26205
0.789747 0.15001 -0.701564
-0.55842 0.15001 -1.52651
-0.521671 0.15001 -0.257102
-0.52363 0.15001 -1.10839
-1.88557 0.15001 -0.281494
1.21525 0.479185 0.468448
1.34648 0.561873 0.766784
0.95349 0.563997 0.80122
0.933756 0.522582 1.00491
-1.03958 0.15001 -1.36537
-1.33428 0.15001 0.20075
-1.46276 0.15001 -1.42312
-0.530107 0.15001 -0.0775274
1.64972 0.440555 -0.11435
1.09462 0.49599 -0.0276213
1.67461 0.15001 1.40442
0.700331 0.435904 0.71893
-1.97947 0.15001 1.59864
-2.0163 0.15001 0.548036
-0.731777 0.15001 -2.43148
-1.05968 0.15001 -0.306033
-1.60104 0.15001 -2.53198
0.131523 0.15001 -1.38445
-0.775054 0.15001 -0.150393
-2.21609 0.15001 -0.595107
-2.06073 0.15001 -1.61859
-2.22557 0.15001 1.23002
-0.638033 0.15001 0.951193
-2.13447 0.15001 0.934311
1.30337 0.15001 -2.84848
-2.6766 0.15001 -2.4825
1.5198 0.15001 -2.00022
0.0903652 0.15001 -0.499081
1.08298 0.15001 -1.00556
1.62266 0.15001 -0.264667
1.04035 0.15001 0.0354072
1.35349 0.15001 0.449055
1.10671 0.15001 0.707291
1.12632 0.15001 1.16462
-1.0228 0.15001 -0.892239
-1.39028 0.15001 -0.467529
1.50616 0.15001 -0.926875
2.68999 0.15001 -0.499785
0.897938 0.15001 -1.17818
1.54021 0.15001 0.0504667
1.20553 0.15001 0.0698449
-0.189156 0.15001 -0.689355
1.47615 0.15001 1.11489
-1.1902 0.15001 2.49877
-0.98275 0.15001 -0.453782
1.1033 0.281852 -0.696309
1.23382 0.15001 -0.683739
0.866976 0.15001 -0.551942
-0.0771655 0.15001 -0.89243
1.39062 0.15001 0.155496
1.13829 0.15001 0.403665
1.24153 0.27041 0.70814
1.31293 0.15001 1.15053
1.2106 0.15001 1.33254
-0.356603 0.15001 -2.09868
-0.772732 0.15001 -1.93446
0.617413 0.15001 -0.800998
0.366193 0.15001 -0.770919
1.28454 0.15001 -0.280732
1.44918 0.286868 -0.011009
1.17068 0.321762 0.395913
1.2572 0.342023 1.0945
0.909293 0.265717 0.970286
1.36411 0.232718 0.994527
-1.67934 0.15001 0.159835
1.47981 0.15001 -2.24159
1.4977 0.15001 -0.582224
0.971511 0.225669 -0.177585
1.3596 0.2719 0.285278
1.30279 0.282624 0.0820605
1.48437 0.287735 0.425324
1.25845 0.427304 0.246255
1.73652 0.307714 1.10673
1.43069 0.15001 1.30097
-0.148233 0.15001 -2.40159
-1.18077 0.15001 0.52412
-0.600851 0.15001 -1.92693
1.13427 0.15001 -0.828302
1.26185 0.28233 -0.106218
1.50905 0.519026 0.0123308
1.10952 0.480908 0.155484
-0.459963 0.15001 0.888172
1.09289 0.553012 0.335225
1.07759 0.281052 1.28389
-1.32263 0.15001 -1.34535
0.867328 0.15001 -2.25786
-1.66257 0.15001 -1.46781
1.39373 0.15001 2.82357
1.57601 0.15001 -1.20628
2.82237 0.15001 0.501909
1.37676 0.425717 0.38572
1.18555 0.444892 0.842695
1.45895 0.38754 0.969727
-0.291044 0.15001 2.84113
0.266598 0.15001 -1.51414
1.53945 0.15001 2.549
1.2643 0.28704 -0.795512
-0.272759 0.270168 -1.70708
-0.801399 0.15001 0.272074
-2.01878 0.15001 -2.50627
0.88867 0.15001 2.62406
2.61566 0.15001 0.477967
1.12697 0.542587 0.650848
1.13414 0.617127 0.834765
-0.122843 0.15001 -1.81918
-0.0890599 0.15001 -1.98588
1.16756 0.677347 -0.423478
-0.406941 0.15001 -0.424138
2.40675 0.15001 -0.081709
2.84913 0.15001 0.846523
-2.34276 0.15001 0.629967
1.55399 0.55803 0.648561
1.128 0.471189 1.04174
-1.49398 0.15001 2.03915
0.209809 0.15001 -1.69929
2.12166 0.15001 -2.03029
-0.881629 0.15001 -2.66416
-2.09806 0.15001 2.09066
-2.18006 0.15001 -1.79944
0.0573812 0.15001 -1.07828
1.99068 0.15001 -1.8607
0.271355 0.15001 1.55047
-1.13077 0.15001 1.24928
-0.451848 0.15001 2.65395
0.572003 0.15001 -1.32691
0.074283 0.15001 -0.777601
-0.875469 0.15001 -1.29355
-0.203561 0.15001 -0.478394
2.67773 0.15001 -1.34434
1.73281 0.15001 0.0754064
1.62175 0.15001 0.217877
2.08289 0.15001 1.40528
1.47137 0.15001 0.698434
-0.317153 0.15001 1.58762
-0.687105 0.15001 -0.608069
1.98091 0.15001 -2.84999
0.456464 0.15001 -2.09724
1.00786 0.15001 -2.55652
0.754283 0.15001 -1.03973
2.10444 0.15001 -1.19838
0.268767 0.15001 2.64563
-1.29167 0.15001 1.11981
-1.53281 0.15001 1.85733
-1.49721 0.15001 2.45583
1.17658 0.15001 -2.52162
1.70534 0.15001 -0.902278
1.38552 0.295244 -0.642033
1.30288 0.293409 -0.429957
1.42802 0.15001 -0.392023
1.95904 0.15001 -0.0816052
1.52098 0.276477 0.167057
1.64846 0.15001 0.398258
1.48925 0.259543 0.826048
1.60521 0.15001 1.22584
1.11005 0.15001 -2.84999
1.85522 0.15001 -1.77089
0.250419 0.15001 -2.15208
1.93454 0.303145 -0.160932
1.61311 0.312385 -0.342954
1.75067 0.297654 -0.210533
1.47829 0.15001 0.320118
1.63846 0.279444 0.685883
1.77172 0.224648 0.909907
1.60117 0.280835 0.970727
0.362235 0.15001 -2.84688
1.46956 0.15001 -2.84999
1.21743 0.278565 -2.08501
1.37576 0.15001 -1.32458
1.18973 0.15001 -2.70678
1.39383 0.285318 -0.261053
1.72564 0.291664 0.191238
1.44983 0.286139 0.60985
2.11004 0.15001 0.8009
1.3047 0.290894 1.26839
-0.292639 0.15001 -1.82955
1.58521 0.15001 -0.76066
1.27694 0.438531 -0.22785
1.19136 0.446739 -0.397783
1.42768 0.420992 -0.125167
1.53334 0.411465 0.284986
1.46739 0.413841 0.731256
1.33179 0.339926 0.843497
1.78161 0.479318 0.886464
-0.493296 0.15001 2.84999
0.184812 0.15001 -2.84978
-0.833944 0.15001 -0.833071
-0.429618 0.15001 -1.72858
-0.432494 0.15001 -1.95872
2.02108 0.299999 0.01411
1.63093 0.427267 0.116869
-2.11027 0.15001 2.41661
1.27603 0.431271 0.65691
-0.967963 0.15001 1.62807
1.46267 0.305003 1.156
0.312916 0.15001 -2.3369
-1.85732 0.15001 -2.5291
-0.342776 0.15001 -1.07929
-0.926462 0.15001 -0.682017
-0.0263465 0.15001 -1.23764
2.46219 0.15001 1.53254
1.73786 0.15001 -1.45745
1.40094 0.505472 0.548073
-0.0705011 0.15001 2.19259
1.52536 0.534722 0.865384
-1.18549 0.15001 -0.875607
1.53677 0.15001 -2.60589
0.671367 0.15001 -1.66366
2.6315 0.381234 -2.56521
2.53749 0.15001 -0.597373
0.512101 0.15001 2.48268
1.94715 0.15001 -1.13473
1.71162 0.452176 0.654683
2.54232 0.15001 0.0373821
0.552834 0.15001 1.98595
-0.747605 0.15001 -0.9904
0.957986 0.15001 -0.877052
2.40471 0.369219 -2.10898
2.7656 0.15001 -2.5386
2.70627 0.15001 0.0248547
-1.01088 0.15001 0.637177
-0.625738 0.15001 1.32206
0.852756 0.15001 1.536
0.546903 0.670376 0.260267
-1.26405 0.15001 2.29201
1.79456 0.15001 -2.83268
-0.196969 0.15001 -1.30919
0.565463 0.15001 -1.82638
1.39254 0.15001 -1.07304
2.21382 0.15001 -1.00806
2.84083 0.15001 2.0945
2.57375 0.15001 -1.18014
2.36741 0.15001 1.38953
1.68056 0.15001 1.04976
-1.67779 0.15001 2.3026
-0.61931 0.15001 -2.75686
-0.470082 0.15001 -2.29306
1.76974 0.277758 -0.442628
1.94033 0.15001 0.0929041
2.08957 0.15001 -0.384716
0.83244 0.15001 -1.77161
2.67984 0.15001 -2.05387
1.63005 0.15001 0.838187
1.93611 0.15001 0.883054
-0.981523 0.15001 2.35858
0.101895 0.15001 -2.02964
1.33356 0.15001 -1.72583
1.40586 0.15001 -0.748331
0.408146 0.15001 -1.90275
2.08223 0.15001 -0.20673
2.05313 0.304398 0.372867
1.92762 0.286005 0.20749
1.77644 0.15001 0.291041
1.70552 0.15001 0.590498
1.78881 0.15001 1.22459
-0.154095 0.15001 -2.5807
-0.729625 0.15001 -1.61639
1.84869 0.15001 -0.545454
1.88743 0.15001 -0.263458
1.83437 0.283672 0.0281653
2.66624 0.15001 2.01639
1.53034 0.15001 0.522637
1.72925 0.303577 0.524903
0.924206 0.15001 1.94931
-0.0736236 0.15001 2.64637
0.373585 0.15001 -2.53553
-0.189769 0.15001 -2.12315
-1.17009 0.15001 -1.04595
1.32832 0.15001 -2.0076
1.41207 0.409636 0.131118
1.11962 0.15001 2.84999
2.34226 0.15001 0.490216
1.80312 0.15001 0.746385
2.05691 0.15001 2.35524
0.520955 0.15001 2.80466
1.68133 0.302084 -0.803293
1.68253 0.15001 -0.580597
1.52954 0.15001 -1.81772
-0.269908 0.15001 -0.892469
1.55778 0.292965 -0.166158
2.29147 0.15001 -1.50452
2.10845 0.333236 0.186626
1.82392 0.15001 0.446937
1.89046 0.195298 0.592956
2.2482 0.15001 0.665878
0.918998 0.15001 -2.84999
2.30659 0.15001 -1.27968
2.45061 0.15001 -2.84999
2.34174 0.15001 -0.896946
1.74344 0.15001 -1.14133
1.41374 0.552994 0.242773
1.85672 0.313231 0.378365
1.63341 0.385252 0.828407
1.81105 0.330915 0.756313
1.86705 0.15001 1.05347
1.63394 0.15001 -2.83394
2.18244 0.15001 -2.21164
2.09178 0.15001 0.197472
1.4788 0.440231 -0.31652
-0.287823 0.15001 1.39721
2.0018 0.326537 -0.664275
2.72171 0.15001 2.22979
2.58741 0.458933 -0.818691
1.56843 0.402695 0.535695
-0.548315 0.15001 2.04911
0.0391912 0.15001 -1.78824
-1.15071 0.15001 0.147019
0.247571 0.15001 -1.9541
-0.948832 0.15001 0.15199
2.84999 0.15001 -0.601853
0.690547 0.15001 -1.1947
-0.0522436 0.15001 1.95948
-1.66675 0.15001 1.73827
2.05985 0.316405 1.05101
1.59178 0.436283 1.09777
-0.701442 0.15001 2.23659
2.82422 0.15001 -2.33213
2.59026 0.387932 -1.89074
1.8371 0.438182 -0.0687824
-0.620394 0.15001 -0.418523
1.90954 0.15001 -2.71278
1.4318 0.15001 1.94092
-1.16559 0.15001 2.76473
1.37246 0.15001 -2.44333
-0.549409 0.15001 2.28875
0.893852 0.15001 -1.94999
0.841854 0.15001 -2.67877
2.84999 0.15001 -1.34837
1.06966 0.15001 -1.38742
2.19922 0.15001 -0.56053
2.51259 0.15001 0.635115
2.12812 0.15001 0.468883
2.28403 0.15001 -1.93631
2.50041 0.15001 1.70199
2.53154 0.15001 0.854069
-1.55453 0.15001 -1.04472
1.37774 0.15001 -2.6286
0.722949 0.15001 -2.36992
0.983685 0.15001 -2.10442
2.37442 0.15001 -2.52942
1.44272 0.15001 1.57044
0.94974 0.15001 1.66846
2.21859 0.273799 0.52902
1.11844 0.15001 1.58339
-0.391221 0.15001 2.40297
0.324154 0.15001 -1.33833
-0.151249 0.15001 -1.63876
-0.885671 0.15001 -1.49774
0.242517 0.15001 -1.17282
2.61569 0.15001 -2.41291
0.918647 0.15001 -1.46523
1.6637 0.316529 0.359088
2.59156 0.15001 -0.168042
2.29268 0.15001 0.852164
0.189141 0.15001 2.40193
0.580865 0.15001 -2.65593
-2.49358 0.240626 -2.20897
0.62603 0.15001 -2.23119
0.665891 0.15001 -1.96037
2.24166 0.15001 -0.12748
1.96466 0.15001 0.329645
2.33609 0.15001 0.306899
2.04368 0.319735 0.563931
0.925121 0.15001 2.454
1.98922 0.15001 1.19643
-0.693342 0.15001 -1.16775
2.84999 0.15001 -2.68224
1.76804 0.15001 -0.725874
1.79161 0.15001 -1.30084
1.93993 0.298491 -0.355275
1.649 0.2943 -0.000900939
2.12149 0.15001 0.0166624
1.97626 0.25396 0.740413
-0.974222 0.15001 1.41361
1.74117 0.15001 2.74109
0.477049 0.199737 2.63699
0.708219 0.15001 -2.54819
1.59923 0.295644 -0.630935
1.05972 0.15001 -1.90837
1.14267 0.15001 -1.73303
2.65382 0.15001 -1.84349
2.29767 0.15001 2.55796
2.08839 0.15001 0.994528
2.81376 0.15001 -1.16291
0.0930084 0.15001 2.66278
-0.0220221 0.15001 -2.14433
1.3824 0.343632 -2.74941
2.63154 0.15001 -2.84999
-2.00758 0.310323 -1.66106
-2.65761 0.30044 -2.36205
0.0371701 0.352186 0.615038
0.115433 0.15001 1.92798
1.87876 0.393737 0.569115
0.355242 0.15001 2.0345
1.89333 0.339892 0.971108
-1.55535 0.15001 -0.393105
-0.389835 0.15001 -1.48431
-2.22071 0.197269 2.74852
2.4154 0.15001 -2.07718
-0.67902 0.324913 0.269449
0.737567 0.15001 -1.50824
1.73064 0.469547 0.444075
2.84292 0.154519 1.61255
2.84071 0.15001 2.65873
1.69944 0.15001 2.23905
-0.69914 0.15001 -2.59089
1.13185 0.15001 -2.19117
2.17411 0.15001 -0.74221
2.55862 0.172364 1.11399
-0.558047 0.15001 -1.29284
1.57462 0.15001 -1.51732
2.70442 0.187855 1.31517
2.36338 0.15001 -0.548149
2.68576 0.15001 0.990521
0.546203 0.15001 2.24143
1.94927 0.15001 -1.41876
2.44471 0.15001 -1.61374
2.10708 0.530214 -0.225395
1.2363 0.15001 -2.34432
-2.10947 0.305777 0.854564
0.578096 0.15001 1.49564
2.19076 0.15001 1.89249
2.84999 0.15001 0.319132
-0.81961 0.15001 2.11708
1.86182 0.15001 -1.96461
2.84452 0.15001 -1.70526
1.8718 0.15001 -2.51227
1.72124 0.15001 -2.66569
2.13748 0.15001 -1.35414
1.62302 0.15001 -2.16335
2.81819 0.15001 2.47549
2.10972 0.15001 -1.54256
2.55296 0.15001 -2.56746
2.0192 0.15001 -0.541907
2.07049 0.15001 2.84954
2.84999 0.15001 -2.84999
2.84991 0.15001 -1.53018
-0.159218 0.15001 -1.10547
1.91672 0.15001 -1.6004
2.63604 0.15001 -1.53442
2.48559 0.15001 0.20149
1.7812 0.15001 -2.23241
2.36934 0.15001 -1.09317
2.5616 0.15001 2.80969
0.203766 0.15001 2.83005
2.84995 0.15001 -0.969377
2.35742 0.15001 -2.70445
1.86078 0.15001 -0.982257
2.25168 0.15001 -2.84766
-1.10665 0.15001 1.93292
2.27383 0.15001 0.125019
2.25552 0.15001 -0.371555
0.806299 0.15001 -2.09705
-0.813552 0.15001 1.51223
1.89603 0.15001 2.12659
0.493313 0.15001 -2.34184
0.282736 0.402889 -1.34931
0.387756 0.15001 -1.67946
2.45841 0.15001 -1.79687
-1.23188 0.15001 1.71368
2.84999 0.15001 0.684215
2.84213 0.15001 0.132444
2.84999 0.15001 -0.0558965
2.06356 0.15001 0.615765
2.65655 0.15001 2.38448
-0.856544 0.15001 -1.75253
1.26614 0.15001 -1.47239
0.78065 0.15001 -1.34011
2.04718 0.15001 -0.942732
2.12279 0.311817 -0.262684
1.01662 0.15001 -1.61151
1.05252 0.15001 1.81624
-0.0383759 0.15001 2.4121
0.0268056 0.15001 -2.46551
-0.827769 0.15001 1.77633
-0.597676 0.15001 -1.7162
2.42046 0.15001 -0.342129
2.25871 0.15001 -2.3824
-0.142653 0.368461 -0.129439
2.03116 0.15001 -2.31216
2.10377 0.15001 2.18561
2.84983 0.15001 -0.772638
-0.613931 0.15001 2.49175
-0.282538 0.15001 2.59362
1.71821 0.15001 2.45441
0.0662447 0.15001 -1.55831
2.84999 0.15001 -2.09578
-2.1214 0.353117 0.164854
2.84999 0.15001 -0.417742
-0.512114 0.15001 1.62937
2.53405 0.15001 -2.2087
2.63258 0.15001 -0.959427
0.955588 0.15001 2.30153
-0.344874 0.15001 2.1074
-2.10604 0.15001 1.10299
2.10877 0.15001 -2.72243
2.17093 0.15001 -2.55048
2.29212 0.15001 1.55841
2.23866 0.29079 -0.00544049
-0.659787 0.15001 2.69587
2.69717 0.15001 -0.321807
1.92509 0.15001 -0.817748
2.34463 0.15001 -0.717201
1.71701 0.15001 -1.69232
1.99054 0.15001 2.50963
0.468535 0.15001 -1.51169
2.50167 0.15001 -0.851707
0.382562 0.15001 -1.08055
0.76956 0.15001 -0.87214
1.71985 0.15001 -2.40646
1.94567 0.15001 -2.17526
1.07724 0.15001 2.68789
2.46031 0.15001 -2.35526
1.84834 0.15001 1.56818
2.82236 0.15001 2.8454
1.48302 0.15001 -1.65286
2.84996 0.15001 -1.88456
-0.712499 0.15001 -1.394
-0.927689 0.15001 -1.02306
2.49616 0.15001 2.11909
1.83106 0.434839 0.142649
-2.3119 0.388407 2.708
2.6182 0.15001 1.8527
-0.461929 0.15001 1.88251
1.9546 0.15001 1.73257
