1000 0.1
-2.08697 0.15001 -2.19943
-2.68647 0.15001 -0.410775
-2.84991 0.15001 0.480199
-2.62347 0.15001 -2.15322
-2.70414 0.15001 0.342032
-2.69052 0.15001 2.15266
-2.2568 0.15001 1.54171
-2.55173 0.15001 2.54075
-2.84999 0.15001 2.66482
-2.65399 0.15001 2.84999
-2.84999 0.15001 -2.71416
-2.5632 0.15001 -1.45958
-2.28668 0.289286 0.0506142
-2.84999 0.15001 0.829919
-2.84999 0.15001 1.40146
-2.84999 0.15001 1.70812
-2.40792 0.15001 0.755
-2.84999 0.15001 2.84999
-2.61945 0.15001 1.75218
-1.72807 0.15001 2.84999
-2.3496 0.15001 -2.07492
-2.65236 0.283828 -2.04174
-2.83979 0.15001 -0.874392
-2.40801 0.15001 -0.171061
-2.84999 0.15001 0.0489972
-2.84934 0.15001 -0.6827
-2.84999 0.15001 -0.130713
-2.84883 0.330354 2.60303
-1.82984 0.346701 2.75492
-2.41652 0.15001 2.84999
-1.7606 0.15001 -2.68358
-1.91442 0.340326 1.20313
-2.3502 0.15001 -0.964995
-2.84999 0.15001 0.647771
-2.83581 0.15001 1.03472
-2.84999 0.15001 2.25228
-0.300829 0.247945 1.57673
-1.58959 0.152133 0.78287
-2.84999 0.15001 2.07641
-2.24998 0.15001 2.80447
-2.84999 0.15001 -2.57437
-2.76098 0.441072 -2.62016
-2.66507 0.15001 -0.0298135
-2.51534 0.15001 -0.923685
0.515346 0.34544 1.06988
-2.84999 0.15001 1.89392
-1.2502 0.332107 -0.0595259
0.00632309 0.15001 1.67025
-2.61692 0.15001 1.45179
-2.16303 0.292529 2.66257
-1.44113 0.15001 -2.79255
-2.4626 0.15001 -1.60767
-2.7968 0.309657 0.952742
-2.22695 0.287975 -0.694817
-1.18417 0.393777 1.39393
-2.84999 0.15001 1.21248
-2.47731 0.15001 1.08196
-2.1135 0.15001 1.26412
-2.71219 0.15001 1.58857
-2.83646 0.328646 2.84982
-2.81722 0.15001 -1.40089
-2.84989 0.15001 -2.13657
-2.08574 0.15001 0.152704
-2.64991 0.15001 -0.788815
-2.46803 0.15001 0.436968
-2.84999 0.287385 0.739834
0.20771 0.307344 1.88735
-0.19132 0.274061 1.75927
-2.25547 0.15001 2.60195
-1.75187 0.373139 1.35278
-0.343315 0.15001 -2.81336
-1.98653 0.15001 1.61436
-2.84999 0.15001 -1.22701
-1.8294 0.15001 2.6699
-2.04137 0.15001 0.889374
-2.21848 0.15001 0.89466
-2.19547 0.154238 1.70414
-1.47252 0.24958 1.1942
-2.24371 0.15001 2.07269
-2.398 0.15001 2.42757
-1.67272 0.190326 0.00386293
-2.40857 0.189116 1.57255
-2.84488 0.15001 -0.453819
-2.174 0.15001 -0.0309867
-2.637 0.15001 0.505497
-2.19873 0.295271 1.19496
-2.55273 0.489036 2.84464
-2.84956 0.356072 1.67734
-2.80782 0.322934 1.87518
-2.0849 0.15001 2.84999
-2.45342 0.15001 -0.377001
-1.10833 0.15001 0.717681
-2.50096 0.360086 1.31555
-2.33518 0.27725 0.545394
-1.92811 0.15001 -1.15115
-2.25576 0.15001 2.27609
-2.21758 0.274614 0.425701
-2.54635 0.15001 0.903947
-0.986267 0.15001 1.8069
-1.97192 0.15001 2.30142
-1.80122 0.15001 -2.4951
-2.33048 0.15001 -0.684593
-2.29996 0.15001 -0.505299
-1.42468 0.15001 -0.61086
-0.343143 0.15001 -0.885027
0.0319664 0.15001 1.40718
-2.84999 0.15001 2.43216
-1.58909 0.15001 1.77442
-0.881083 0.15001 2.47137
-0.137809 0.15001 1.43736
1.44323 0.15001 -2.68552
-2.67883 0.15001 -0.98478
-2.76524 0.15001 -1.85938
-2.84999 0.15001 -1.58099
-1.65363 0.15001 -0.771607
0.176282 0.18299 1.70298
-0.380489 0.15001 -0.358681
0.249972 0.150697 1.54236
-2.67866 0.15001 2.40959
-1.30853 0.15001 2.7772
-2.10793 0.15001 -2.39316
-2.37272 0.15001 -2.84999
-0.908497 0.15001 -1.1138
-2.36562 0.15001 -1.47617
0.622557 0.188411 1.06726
-2.55638 0.15001 1.26366
0.116036 0.287003 1.5487
-2.43343 0.15001 1.41233
-1.90876 0.453184 -0.33573
-1.27851 0.15001 2.39016
-1.25251 0.15001 -2.80069
-2.64034 0.15001 -1.59897
-1.65957 0.15001 0.30503
-2.39273 0.15001 -2.25462
-2.84999 0.15001 0.243469
-1.89085 0.15001 0.975986
0.164138 0.275303 2.07305
-2.41794 0.15001 2.68003
-0.320897 0.15001 1.72995
-1.9951 0.15001 2.52899
-2.21426 0.15001 -2.84999
-2.6769 0.15001 -2.69821
-0.883569 0.15001 -2.04837
-2.27495 0.15001 0.261313
-0.745351 0.15001 -0.628062
0.382808 0.174955 1.32181
0.0440703 0.30278 1.33704
0.26147 0.341366 1.65891
-2.43758 0.15001 1.72791
-1.90625 0.15001 2.84999
-1.60109 0.15001 -2.68322
-2.49695 0.15001 -2.44723
-1.75252 0.15001 0.168752
-2.72873 0.234579 -0.202786
-2.11077 0.387299 2.35037
-0.453893 0.15001 1.30434
-2.66418 0.15001 1.07212
-2.64011 0.152742 0.71012
-2.6975 0.15001 2.6351
-1.61162 0.15001 2.72725
-2.4737 0.15001 -2.72276
-2.25694 0.15001 -0.247028
-1.73802 0.15001 -2.1702
-2.191 0.15001 -2.62117
-1.89305 0.15001 -0.252215
-2.7223 0.336934 2.29445
0.372793 0.467303 1.33884
-2.18692 0.455958 1.97306
-2.16772 0.15001 0.733827
-0.849095 0.15001 2.84999
-1.13066 0.15001 -2.01324
-2.17245 0.15001 -1.54606
-2.59583 0.15001 -0.566929
-1.93787 0.211193 -0.399528
-1.27957 0.151008 -0.269169
-0.0466896 0.316575 1.64775
-2.27235 0.15001 1.15225
-2.01239 0.15001 1.7881
-2.56568 0.319177 2.64574
-2.19515 0.15001 2.43282
0.299803 0.235822 0.167874
-2.84999 0.15001 -2.84999
-2.84999 0.15001 -1.06245
-0.956243 0.15001 -1.71244
-2.07362 0.426656 2.84861
-1.80789 0.39422 1.89626
-0.881827 0.15001 2.22628
-2.25448 0.359392 2.84999
-1.9468 0.297392 2.59326
-2.71855 0.442103 2.84999
-0.266835 0.15001 -1.3548
-2.43823 0.336312 -0.243033
-1.17827 0.15001 -0.456311
-1.30665 0.15001 1.41637
-1.94712 0.15001 1.37443
-1.44767 0.15001 1.08406
-2.38222 0.15035 1.26007
-1.78518 0.15001 1.25528
-1.71144 0.15001 0.608644
-2.46754 0.185402 1.88671
-2.84999 0.15001 -2.43217
-2.61755 0.15001 -1.9275
0.479785 0.15001 -0.309686
0.167489 0.15001 -0.280781
-1.18271 0.15001 0.123255
0.487018 0.15001 1.17644
0.34659 0.15001 1.68538
-0.826259 0.15001 0.600089
-1.13848 0.15001 2.52399
-1.00181 0.15001 2.80019
-0.895726 0.15001 -2.79768
-2.46163 0.15001 -1.30023
-0.991541 0.15001 -0.178104
-2.81355 0.414739 -0.154693
-1.97319 0.15001 0.448946
-2.52258 0.15001 0.249949
-0.81381 0.15001 -0.195339
0.357971 0.15001 2.57053
-0.0916141 0.15001 1.8351
-0.682612 0.15001 2.49972
0.400405 0.15001 -2.30039
-2.56576 0.15001 -2.84999
0.869122 0.15001 0.726658
0.561921 0.218682 0.818869
0.947826 0.196078 1.02195
0.201004 0.306112 1.20908
-1.60196 0.15001 1.42021
0.615872 0.287627 1.60122
0.344873 0.198444 2.07939
-1.15794 0.15001 2.84999
0.416017 0.15001 -2.51713
0.2091 0.242315 0.720033
-2.84999 0.15001 -1.98262
0.162014 0.15001 -1.12484
-2.71585 0.15001 1.31619
-1.78978 0.15001 1.72181
0.417989 0.15001 1.49394
0.268561 0.15001 1.86392
0.0873249 0.15001 1.85527
0.526978 0.226865 2.11974
-2.05407 0.15001 -2.84999
-2.69663 0.15001 -2.35892
-0.0506463 0.15001 -1.30858
-2.56573 0.15001 -1.12346
0.75063 0.30188 0.785917
-2.17946 0.15001 0.560448
0.332439 0.326737 1.46351
0.674284 0.436789 1.50445
0.51002 0.423962 1.65691
0.382545 0.274468 1.79845
-0.887165 0.15001 -1.86821
-2.50528 0.311203 0.738847
-0.215527 0.15001 0.735388
-2.69777 0.15001 0.155639
0.653108 0.314937 0.941757
-2.3006 0.15001 1.90264
-2.70837 0.15001 0.903204
0.312227 0.390492 2.02167
-1.92195 0.15001 2.05377
0.444651 0.377598 2.17523
-2.03843 0.15001 -2.6156
-2.84235 0.353682 -1.27791
-0.0175235 0.347198 -2.80982
-1.75646 0.15001 -1.87461
0.714719 0.485448 1.0125
0.20792 0.202885 1.37854
0.771906 0.54754 1.39111
-1.39831 0.15001 2.12496
-2.52402 0.15001 2.31357
-1.46405 0.362074 2.48273
-0.742352 0.15001 -2.84002
-1.07841 0.154208 1.12839
0.576832 0.467716 0.869246
0.317923 0.355498 1.01579
2.61245 0.15001 -2.27055
0.60767 0.482819 1.32162
0.392185 0.45672 1.15656
0.564739 0.578081 1.57443
0.353517 0.502531 1.62511
0.546391 0.537688 2.11774
-1.66913 0.15001 -2.3603
-2.84999 0.15001 -2.2865
-1.74234 0.15001 -0.625291
-1.0812 0.15001 1.31806
0.423158 0.30882 0.710662
-1.4978 0.244251 0.952863
-2.55436 0.459718 2.21372
-1.66423 0.15001 2.50653
-2.57352 0.310057 2.84999
-0.417674 0.15114 2.50779
-1.54053 0.15001 -0.891099
-1.73302 0.15001 -1.42875
-1.24995 0.15001 0.801915
-2.0233 0.15001 0.628643
-2.45406 0.250657 -2.15249
0.212981 0.376026 0.85266
-1.35784 0.195329 1.58161
-1.49602 0.15001 2.6106
-0.885116 0.15001 1.97254
-1.46678 0.15001 2.84999
-0.55527 0.15001 -2.84999
1.73183 0.15001 -0.387368
0.342465 0.15001 -0.729306
0.37908 0.15001 1.04616
-1.76729 0.15001 0.775295
-1.71867 0.15001 -0.220304
0.683174 0.15001 1.68022
0.757504 0.15001 1.86417
0.439255 0.15001 1.91483
0.061959 0.15001 2.84999
-1.83512 0.15001 -2.84999
-1.85928 0.15001 -2.33566
-1.43007 0.15001 -2.49885
-2.05977 0.15001 -1.67576
0.77817 0.151267 0.904735
0.423743 0.283214 1.60614
0.514283 0.15001 1.65486
0.858077 0.278115 1.91541
-1.27404 0.15001 2.60349
0.608361 0.15001 2.28477
-2.31593 0.15001 -1.92712
1.00361 0.15001 -1.52416
0.776788 0.15001 0.349966
0.369367 0.271442 1.16591
1.04276 0.15001 1.70542
0.055603 0.15001 1.24523
0.604577 0.15001 1.50083
0.781722 0.17232 1.54539
0.559425 0.306276 1.77953
0.790512 0.15001 2.26131
-1.67574 0.15001 -2.84075
-1.34482 0.15001 -2.67047
-1.93698 0.15001 -2.72897
0.997634 0.376931 0.989263
0.505259 0.333504 1.26807
0.582976 0.15001 1.32325
0.761024 0.280383 1.74918
0.74065 0.540685 1.80375
0.591457 0.15001 1.82003
0.690913 0.299995 2.24094
-0.436287 0.15001 -2.43531
0.0483422 0.15001 -1.9939
0.910235 0.355648 0.718781
0.033129 0.15001 1.04754
0.763731 0.366437 1.31974
0.495835 0.443818 1.46969
0.507203 0.275804 1.43269
0.994418 0.358056 1.99331
0.470383 0.318403 1.96297
-0.523413 0.15001 2.83998
-2.29819 0.15001 -2.45817
-0.862207 0.15001 -2.38339
-2.55717 0.15001 -2.58653
0.283267 0.202139 0.889054
0.839166 0.420604 0.88786
-2.82502 0.250398 1.5508
0.682152 0.42004 1.69518
-2.7349 0.289722 2.12797
-2.38897 0.325245 1.83778
0.61657 0.378232 2.0678
-0.547632 0.15001 -2.0618
-1.39523 0.15001 -1.50916
-2.18138 0.15001 -1.84337
0.461254 0.15001 0.592415
0.0274019 0.18877 0.872285
0.768656 0.649608 1.10103
1.81727 0.566502 0.749769
-2.38547 0.172686 2.15887
-1.95341 0.332754 2.11389
-0.127004 0.15001 2.84999
-0.673464 0.15001 -2.15206
-2.16113 0.15001 -0.868285
-2.19566 0.15001 -1.04817
-2.58433 0.15001 -0.260028
0.959554 0.472229 0.291405
-2.52269 0.262036 2.17147
0.813695 0.696296 1.71025
0.374575 0.446065 1.82846
-1.08247 0.152977 2.37064
-0.0303892 0.431277 2.84955
-2.23522 0.15001 -2.30529
-2.54601 0.15001 -2.30571
-2.73607 0.15001 -1.71396
0.216055 0.15001 -2.22479
-2.07021 0.15001 2.14879
0.2623 0.155441 2.34395
-2.14047 0.314656 2.16085
0.750815 0.56075 1.60613
-1.89026 0.15001 0.232828
-0.0113424 0.15001 2.21705
-0.459526 0.15001 -2.27748
-2.29643 0.15001 -1.22516
-2.16968 0.15001 -0.681018
-1.76105 0.15001 -0.929358
-0.325567 0.333461 1.32752
-2.11955 0.15001 1.08555
-1.14828 0.155308 2.02626
-1.41579 0.158876 1.76996
-1.5703 0.15001 1.98814
-1.51045 0.321421 2.84989
-1.07702 0.15001 -2.83944
0.844624 0.15001 -0.96787
0.852853 0.15001 -1.87838
0.200749 0.15001 1.09222
0.800296 0.15001 1.08699
-0.3188 0.15001 1.20021
0.917905 0.15001 1.44119
1.14351 0.15001 1.85449
-0.355828 0.15001 2.84205
0.857227 0.15001 2.02697
0.724724 0.15001 -2.84997
-2.39764 0.15001 -2.5783
0.718834 0.15001 0.567558
0.345601 0.15001 0.728629
1.1363 0.15001 0.928329
0.760556 0.15001 1.37355
1.01769 0.288367 1.43739
0.860854 0.15001 1.7073
0.679807 0.15001 2.11594
0.240637 0.15001 2.82042
0.966578 0.15001 -0.0553237
0.790145 0.15001 -0.10938
1.10037 0.15001 0.274893
-0.0584514 0.239474 1.17228
-1.2429 0.15001 1.06078
0.968422 0.451008 1.19924
0.926373 0.301184 1.14575
0.931254 0.315633 1.73663
1.12071 0.15001 2.5466
1.02459 0.166793 2.01125
1.12543 0.15001 -2.68925
-2.51484 0.15001 -2.03597
-1.77873 0.15001 -0.376697
0.928988 0.25312 0.865392
0.659389 0.35766 1.17158
0.682689 0.281044 1.43685
0.921964 0.426848 1.36031
0.702048 0.35884 1.89615
0.619976 0.212716 1.96751
0.927013 0.314045 2.14998
-1.26194 0.223352 -2.16771
-0.560197 0.15001 -2.6822
1.19681 0.430218 0.747829
0.449246 0.309568 0.906547
0.744419 0.362225 0.607599
0.718473 0.204912 1.22262
0.903577 0.517098 1.51583
0.819056 0.356081 1.58074
1.11789 0.477615 1.68733
0.494145 0.15001 2.41552
0.516992 0.15001 -2.84999
1.45413 0.15001 -2.23059
0.1461 0.292635 1.00142
2.84999 0.15001 1.04295
1.10966 0.551286 1.2514
0.777575 0.493927 1.19862
0.901066 0.485996 1.69441
0.879633 0.438148 1.86443
-2.64767 0.382989 1.90778
0.829811 0.436489 2.04065
0.817531 0.15001 -2.48191
0.895088 0.15001 -2.84999
0.915062 0.548408 1.00473
0.171979 0.15001 -1.4334
0.592649 0.266542 0.642019
0.194279 0.402905 1.37735
0.577067 0.521513 1.13822
0.683202 0.530703 1.98045
1.14704 0.590341 2.03546
0.835644 0.486175 2.21959
1.08856 0.150249 -1.26247
0.606004 0.234674 0.458689
1.60901 0.15001 -2.20912
-0.659226 0.180324 -0.37955
0.591867 0.15001 -1.63233
-1.76544 0.157022 1.54773
1.00392 0.635166 1.649
1.14801 0.709157 1.88803
0.76536 0.692884 1.90325
0.823295 0.619511 2.07538
-0.115407 0.15001 -1.90593
-0.0376961 0.15001 0.287324
-1.07441 0.15001 -2.62988
-0.834354 0.204415 -1.59345
1.46508 0.460147 1.07918
0.928422 0.611648 1.19123
2.1813 0.214185 1.51566
0.557398 0.465564 1.85952
-1.617 0.15001 2.27268
-0.335461 0.15001 2.11197
0.349344 0.15001 -0.929871
0.511073 0.15001 -0.518907
-2.29477 0.15001 -1.72879
1.5804 0.15001 -1.76237
-0.121059 0.269114 -0.113913
-2.38175 0.15001 0.132548
-2.15482 0.333448 0.639847
0.656274 0.15001 2.54104
0.111594 0.159652 2.60769
-0.512812 0.187606 2.17685
1.72874 0.15001 -2.84999
-2.703 0.15001 -2.52811
2.67735 0.15001 -0.700532
0.538112 0.15001 0.135477
1.23619 0.15001 0.584377
1.13339 0.15001 1.49202
0.887148 0.15001 1.23878
1.21267 0.15001 1.66506
0.946242 0.15001 1.85802
0.945494 0.15001 2.17498
1.17872 0.15001 -2.41264
-0.12838 0.15001 -2.82013
1.28954 0.15001 0.242497
2.7719 0.302328 -1.54471
1.3972 0.15001 0.935699
1.22041 0.15001 1.21735
1.11924 0.278391 1.58566
1.05614 0.15001 0.543786
1.1915 0.15001 2.037
0.416755 0.15001 2.84999
0.108802 0.15001 -2.35415
0.904092 0.292089 0.550046
1.07555 0.307111 0.65298
0.692341 0.15001 0.744124
1.00772 0.15001 0.100393
1.18069 0.236328 1.36231
0.947212 0.229375 1.58717
1.05432 0.288844 1.84867
1.11931 0.15001 2.20041
1.01139 0.196728 2.33211
1.42641 0.15001 -2.52568
1.3741 0.15001 -1.11323
0.457424 0.15001 0.402967
0.509483 0.15001 -0.0310871
1.13088 0.263486 1.03769
1.22819 0.310397 1.20718
1.00734 0.398341 1.57855
1.06287 0.453075 2.13256
0.763426 0.284636 2.07263
1.12591 0.29369 2.10102
-1.93892 0.15001 -2.18089
2.1292 0.15001 -2.00952
1.26124 0.270279 0.694083
0.794767 0.32219 1.04865
1.17853 0.37683 1.46416
1.08583 0.371856 1.2994
1.26243 0.400677 1.61549
1.07217 0.508328 1.43675
1.46753 0.429834 2.10309
1.22244 0.230559 2.31283
0.251517 0.15001 -1.96506
-0.972354 0.15001 -1.39856
1.66316 0.15001 -2.41221
0.902755 0.28689 0.361598
1.12871 0.418076 1.11243
1.3107 0.645362 1.20441
0.951763 0.624741 1.3694
-0.94115 0.15001 1.46415
0.861871 0.696578 1.52178
0.943423 0.372099 2.32271
-0.905916 0.15001 -2.55289
2.33738 0.171649 -1.87091
-1.40147 0.290509 -0.50388
2.81618 0.338421 -2.58872
2.05172 0.15001 0.651897
2.23726 0.536292 2.44949
1.21445 0.554027 1.54473
0.971827 0.537038 1.9946
1.30002 0.489126 2.06915
2.23836 0.297364 2.84999
2.44044 0.15001 0.702034
-0.337145 0.368021 -2.81976
1.07803 0.265243 0.449531
1.65933 0.526431 -2.64898
-1.67682 0.15001 1.14112
-2.46298 0.228473 -0.639891
2.82957 0.298418 0.902644
2.00297 0.40311 1.7927
0.925713 0.608823 1.82767
0.968905 0.722906 1.96698
1.22006 0.15001 -2.84999
1.87836 0.15001 -1.15798
2.84966 0.559413 -2.29781
-0.904525 0.162434 0.10003
2.84999 0.233623 0.499938
2.53696 0.31761 1.39881
-1.76135 0.15001 1.94563
1.39596 0.691018 1.80695
1.00629 0.632324 2.15578
-0.687833 0.15001 2.8498
1.79156 0.15001 -0.893893
1.21441 0.15001 -2.12668
-0.0810487 0.150512 -0.385653
-0.173522 0.167966 2.66771
-1.89548 0.252753 0.36147
2.71118 0.311333 0.274259
1.63531 0.303218 0.480471
0.352227 0.337465 2.34584
0.424072 0.15001 2.25746
0.544312 0.293013 2.84079
1.84729 0.15001 -2.42054
1.41925 0.15001 -0.927017
0.816147 0.15001 -2.32522
0.342085 0.15001 -0.163921
1.58665 0.15001 1.14193
1.46554 0.15001 1.29212
1.32068 0.15001 1.39617
1.63725 0.15001 1.62921
1.31078 0.15001 1.81695
1.20375 0.15001 2.84344
0.989793 0.15001 -2.58536
2.76015 0.15001 -2.57904
2.25153 0.15001 -2.15595
2.44399 0.15001 -2.17189
1.74002 0.15001 -0.146101
1.4075 0.15001 0.355757
1.80728 0.15001 1.65256
1.39987 0.15001 2.31985
1.51858 0.15001 2.54271
1.00494 0.15001 2.84999
2.23513 0.15001 -2.84999
1.63139 0.292626 0.311976
1.22691 0.359085 0.540863
1.1058 0.289364 0.83477
1.29022 0.265223 0.861933
1.0412 0.15001 1.30513
1.344 0.303171 1.36724
1.38938 0.15001 1.60325
1.21369 0.276586 1.92953
1.40794 0.293194 2.21457
1.5394 0.15001 -2.84999
2.53087 0.15001 -0.805852
2.36807 0.15001 -0.845357
1.63163 0.36962 1.05595
1.41335 0.377304 0.928019
1.48283 0.2754 1.06556
1.27115 0.238012 1.52584
1.373 0.285301 1.87629
1.47702 0.279348 2.02053
1.30657 0.303313 2.07039
0.1885 0.15001 -2.48658
1.90545 0.15001 -2.84999
2.70941 0.399717 -2.3077
2.53115 0.15001 0.921214
2.46204 0.15001 -2.3563
1.2093 0.399033 0.947079
1.50432 0.34364 1.40637
1.24511 0.399216 1.80197
1.76207 0.15001 1.93052
1.12498 0.378533 2.2824
1.48572 0.15001 -2.3762
1.31048 0.301693 0.384231
1.10809 0.545884 0.973471
1.02569 0.453435 0.823116
1.29182 0.480467 1.1283
1.35364 0.445456 1.46882
1.27366 0.562354 1.8782
1.16391 0.426724 1.97401
1.46653 0.595749 1.97935
0.733688 0.303393 2.84999
0.0492918 0.15001 -2.72967
1.76186 0.15001 -2.23302
1.28801 0.15001 -2.65268
1.70756 0.15001 -1.37047
1.75136 0.382224 1.22727
1.42331 0.530166 1.31906
-0.67982 0.154312 2.21038
1.08649 0.524485 1.85221
1.97753 0.15001 2.71356
1.30238 0.429338 2.24953
0.799127 0.15001 -2.66377
-2.19963 0.15001 -1.3751
1.72014 0.15001 -1.09078
-0.00751058 0.15001 -0.204456
1.94116 0.15001 -0.363081
2.69374 0.640883 2.15311
2.46708 0.178843 -0.227224
1.18447 0.653468 1.71048
1.95965 0.329784 2.70207
1.3055 0.687845 2.01865
-0.262197 0.15001 -1.51461
2.62265 0.15001 -1.63755
2.05509 0.15001 -1.85574
2.2917 0.263628 -0.96989
2.83534 0.241016 1.21007
2.07049 0.15001 2.3729
2.47365 0.637818 0.933867
1.50736 0.54964 1.76649
2.31674 0.396725 1.5217
2.55642 0.224381 2.53878
0.637685 0.15001 -2.5029
0.92439 0.300771 0.0761434
2.79303 0.362358 -0.885056
2.6079 0.186416 -0.440967
2.02435 0.493428 1.00331
0.229211 0.15001 0.574165
-1.13794 0.215029 0.905798
1.78858 0.328859 2.84999
2.22768 0.369814 0.40351
0.859789 0.15001 2.50238
2.39812 0.15001 -2.84999
1.97182 0.15001 -0.883557
2.83571 0.15001 0.0753518
1.94183 0.15001 -0.183112
1.72998 0.15001 0.818477
2.44561 0.15001 2.0163
1.90449 0.15001 0.935228
1.67606 0.15001 1.78872
1.42473 0.15001 2.11744
1.59661 0.15001 2.70396
1.60296 0.15001 -2.70239
2.39218 0.15001 -2.63661
1.51705 0.262134 0.838717
1.72388 0.188273 1.22949
1.06341 0.15001 1.14475
1.41387 0.15001 0.57005
2.47325 0.15001 1.68727
1.47025 0.15001 1.90993
1.65908 0.293556 2.01081
1.31069 0.15001 2.48946
2.6142 0.15001 -2.59803
2.64328 0.15001 -1.91175
1.21746 0.15001 0.408548
2.25255 0.15001 0.250877
1.38458 0.15001 1.11575
1.79081 0.29839 1.54065
1.65663 0.268716 1.37231
1.49509 0.15001 1.45792
1.49022 0.19698 1.73183
1.56761 0.15001 2.24926
-0.778392 0.15001 -2.64916
1.48382 0.15001 -0.673512
1.71559 0.15001 0.644731
1.55929 0.15001 0.96638
1.56946 0.315895 1.22712
2.58381 0.15001 1.90523
1.31918 0.271927 1.70086
1.43613 0.389473 1.7397
2.03311 0.15001 2.55344
1.77486 0.171742 2.70305
1.37607 0.15001 -2.83419
2.1434 0.15001 -2.54456
1.01043 0.15001 -2.39154
2.10583 0.150253 -1.23341
1.25229 0.446758 1.31542
2.19829 0.160583 2.50526
2.09321 0.172624 1.66045
1.55328 0.292113 1.86144
2.84999 0.337667 2.34646
1.78382 0.544532 2.84994
1.48465 0.289804 0.424321
1.53866 0.15001 0.704909
1.34675 0.15001 -0.0829486
1.16595 0.161963 -0.789395
1.30524 0.287954 1.05088
2.31495 0.351862 -0.761443
1.78334 0.42991 1.40744
1.60729 0.285869 1.541
1.60965 0.358949 1.70188
2.05357 0.211748 1.82044
1.05771 0.15001 -2.84194
2.44825 0.15001 0.116372
2.509 0.15001 -2.0025
2.84999 0.15001 1.35987
1.98819 0.171246 0.234935
1.24004 0.616798 1.37678
1.64561 0.455164 1.52438
1.40358 0.441472 1.92044
1.58639 0.458501 1.9155
1.58256 0.308802 2.18217
2.0746 0.15001 -2.84999
2.45965 0.15001 1.14158
1.8325 0.267775 1.35325
1.31908 0.52895 0.882859
-2.09383 0.15001 1.49901
2.35774 0.362622 -0.127762
2.84989 0.573266 1.71355
1.72657 0.601517 1.30805
1.33299 0.542467 1.69596
1.39446 0.15001 2.84999
1.74864 0.15001 -2.56213
1.78495 0.346603 -0.484709
2.31598 0.15001 -2.01972
-1.54135 0.15001 0.496653
2.3762 0.15001 0.994359
2.12121 0.280051 0.200427
2.2881 0.291266 2.43137
1.31333 0.257954 2.67876
1.83256 0.477682 2.11585
1.41934 0.584678 2.18086
2.42996 0.503376 -2.51083
2.15363 0.15001 -0.133587
2.20861 0.307287 -1.50578
1.61831 0.51834 1.16318
1.68793 0.15001 0.123622
2.48024 0.15001 0.4827
2.84999 0.358759 1.56956
2.79306 0.294033 2.84999
2.67486 0.36912 0.908267
2.29728 0.15001 2.84999
1.91974 0.15001 -2.27426
2.30699 0.15001 -1.65045
2.84999 0.15001 -2.00312
2.33932 0.15001 -0.0223587
1.73842 0.15001 0.986342
2.42223 0.15001 1.84483
1.88106 0.15001 1.49735
2.37692 0.15001 1.36465
1.61091 0.15001 2.08262
2.27858 0.15001 2.05799
-0.588111 0.15001 -2.38702
2.66954 0.15001 -2.10261
2.51974 0.15001 -2.72572
2.21623 0.15001 -0.910204
2.1733 0.15001 -0.642323
2.36932 0.15001 2.19743
2.22106 0.15001 2.2836
1.93252 0.25754 1.66138
1.89219 0.15001 2.34541
1.69319 0.15001 2.84999
2.0641 0.15001 -2.40432
2.04227 0.15001 -2.68005
1.69539 0.15001 -1.54017
2.19824 0.15001 0.555444
2.38269 0.15001 -1.36936
2.76667 0.330366 0.102664
1.43457 0.310409 1.56818
1.798 0.15001 2.12229
2.11141 0.15001 1.97769
2.49608 0.15001 2.84999
0.261671 0.15001 -2.8469
2.84999 0.322447 -2.36584
2.49132 0.15001 -2.50981
2.30108 0.15001 -2.47998
2.03853 0.15001 1.02482
1.70965 0.15001 1.47575
2.0467 0.15001 1.48524
1.8023 0.386801 1.6993
2.78026 0.277764 2.59464
1.72711 0.226511 2.25858
1.96753 0.15001 -2.52715
2.84999 0.15001 -2.69659
1.57001 0.15001 0.526168
1.88316 0.15001 0.706794
1.69531 0.295573 0.906815
1.39978 0.361751 1.2164
1.93683 0.18057 1.16774
1.72779 0.315435 1.84647
1.859 0.15001 2.54196
2.11921 0.266703 2.64854
2.00936 0.419713 -2.59497
2.23843 0.15001 -2.68021
1.4369 0.305373 0.603068
2.31251 0.15001 0.424285
2.04991 0.161003 -1.44476
2.6964 0.15001 1.21216
2.84999 0.15001 2.31853
1.83111 0.303719 2.05989
2.22597 0.218181 1.35659
2.09448 0.15001 2.84999
1.87459 0.15001 -2.65972
2.28965 0.301472 -2.79793
2.7036 0.15001 -2.73875
2.54444 0.238539 -1.42264
2.84738 0.307957 -0.312846
1.39297 0.326958 -0.365437
2.50467 0.370796 2.3168
1.67809 0.514249 1.75502
2.67017 0.406298 2.78757
1.64995 0.454427 2.09274
1.16349 0.19146 -1.49619
1.86698 0.15001 -1.55835
2.84999 0.336707 -0.739362
2.14345 0.15001 0.900839
2.45404 0.3833 0.253418
1.86637 0.15001 0.0902892
1.48016 0.493828 1.58651
2.5431 0.33246 -0.256342
2.52955 0.15001 2.22407
1.87564 0.15001 2.84999
1.32858 0.15001 -2.38041
2.14167 0.15001 -2.27215
1.37333 0.345356 -2.77082
2.16062 0.382299 -0.410389
1.75996 0.15001 -2.04494
2.21405 0.15001 1.05328
2.13541 0.33274 2.31049
2.10966 0.15001 1.1997
2.56851 0.305702 2.1724
2.39806 0.285056 2.82111
1.80611 0.290797 0.651569
2.27478 0.15001 0.782876
2.67666 0.463067 -0.630852
2.19471 0.15001 -1.75869
2.14435 0.306651 -0.0280585
2.43835 0.314427 1.66877
2.58551 0.37187 1.59893
2.28203 0.15001 1.68635
1.9527 0.297553 2.41382
2.60931 0.151419 1.07355
2.84999 0.15001 -2.31435
2.60193 0.15001 -2.84999
2.84999 0.15001 -0.592727
2.23432 0.15001 -0.357858
2.67387 0.15001 0.321248
2.71907 0.15001 2.19793
2.54685 0.15001 1.30929
2.66637 0.15001 0.102494
2.84999 0.15001 1.73457
2.82051 0.15001 2.68683
2.84999 0.15001 -2.84999
2.84998 0.15001 -2.16155
2.36982 0.15001 -0.664782
2.06039 0.31398 1.26027
2.84999 0.15001 0.647235
2.84999 0.15001 1.55642
2.69322 0.15001 1.40685
2.60844 0.15001 1.54647
2.84999 0.15001 2.84999
2.67355 0.15001 2.84999
2.84965 0.15001 -1.83416
2.01563 0.15001 -1.05986
2.84999 0.15001 -1.26125
2.56485 0.15001 -0.0919823
1.49555 0.562077 2.68788
1.95117 0.15001 1.33902
2.26634 0.15001 1.89219
2.62668 0.218375 -1.14989
1.68057 0.15001 2.39823
2.84999 0.15001 2.50187
2.84989 0.15001 -1.44981
2.68172 0.724965 -2.81956
2.56303 0.15001 -1.29515
2.67802 0.15001 -0.227915
2.337 0.203857 1.52596
2.84999 0.205142 2.10423
2.60637 0.15001 2.0754
2.84999 0.15001 1.94191
1.89828 0.15001 1.79502
2.63786 0.15001 2.68474
1.58458 0.15001 -2.54181
2.84646 0.176033 -0.767816
2.10614 0.15001 -0.472192
2.84999 0.15001 0.820733
1.79943 0.294068 1.07346
2.13256 0.15001 0.384053
2.45982 0.15001 2.68336
1.79162 0.535686 1.87113
0.377976 0.176527 -1.15204
1.62416 0.740801 1.96585
2.03079 0.15001 -1.63254
2.84999 0.15001 -0.346977
2.49276 0.15001 0.294426
2.23318 0.287526 -2.01397
2.84009 0.412036 0.562914
2.55098 0.356623 1.82356
2.84999 0.15001 0.270137
2.27426 0.15001 2.69398
2.07771 0.320542 2.84999
2.59913 0.15001 2.38387
2.30672 0.15001 -2.30548
2.84999 0.15001 -2.46528
2.6363 0.675156 -2.37349
2.81867 0.153615 -1.64407
2.11295 0.33526 1.9173
2.70414 0.15001 0.928716
1.98304 0.413401 1.63391
2.67155 0.291041 2.33648
1.93451 0.18525 1.96297
0.778079 0.160206 2.68856
2.6524 0.15001 -2.42993
1.75924 0.394302 0.193097
2.84999 0.419813 2.19784
1.94423 0.366437 1.14979
1.74267 0.392081 2.32224
2.54195 0.280812 0.413572
2.84999 0.15001 -0.122767
2.61162 0.15001 0.750159
2.69077 0.159707 0.493926
2.38463 0.515704 2.84999
2.01468 0.15001 -2.13809
2.51596 0.351353 -2.84999
2.01356 0.15001 -0.00602663
1.63153 0.15001 -0.54881
2.84901 0.15001 -1.05217
1.71494 0.15001 0.31292
2.71684 0.245798 1.92085
2.29571 0.15001 1.21223
2.4027 0.15001 2.41019
2.5479 0.33 2.84999
2.42653 0.15001 -0.493813
2.60359 0.15001 -0.995431
1.9914 0.15001 -0.696136
2.244 0.250066 -0.225804
2.84999 0.360067 2.01143
1.60577 0.475633 1.34146
2.84994 0.334462 -0.108446
2.31915 0.398616 1.7349
1.73241 0.43364 2.55956
2.82121 0.45268 2.78005
