1000 0.1
-1.28784 0.15001 -2.0986
-2.68286 0.15001 -2.39783
-2.15485 0.15001 -1.08688
-1.57062 0.15001 -2.66936
-1.76108 0.15001 -0.190341
-2.67121 0.15001 2.26535
-2.55353 0.15001 -0.724795
-1.47896 0.15001 1.66196
-2.33599 0.15001 2.25384
-2.84577 0.15001 2.31705
-2.84999 0.15001 -2.08351
-2.42257 0.15001 -2.80323
-2.84999 0.15001 1.41558
-2.84999 0.15001 0.366663
-2.24468 0.15001 1.08357
-2.84999 0.15001 1.23873
-2.50262 0.15001 0.762914
-2.84999 0.15001 2.84988
-1.64406 0.15001 1.73703
-2.24017 0.15001 2.53281
-0.991781 0.15001 -2.62763
-1.26611 0.311219 1.24375
-2.84999 0.15001 -0.0996972
-2.40695 0.15001 -1.82703
-2.72221 0.15001 -0.238974
-1.82955 0.15001 -2.82583
-2.84999 0.15001 0.164575
-2.82363 0.15001 1.76777
-0.00519351 0.230436 0.657805
-2.26327 0.15001 2.69482
0.0720154 0.15001 -2.84999
0.490732 0.15001 1.83333
-2.55304 0.15001 -1.72899
-1.87389 0.15001 0.0647535
-2.84999 0.15001 0.607065
-2.84891 0.15001 1.59793
0.0631789 0.15001 0.823757
0.312592 0.15001 1.45326
-1.62574 0.15001 2.41968
-0.922588 0.15001 2.84999
-2.84999 0.15001 -1.90775
2.84692 0.15001 -0.944182
-1.55907 0.15001 -0.836165
-2.01098 0.15001 -2.11272
0.781729 0.309795 0.260655
-2.14223 0.15001 2.36409
-0.888689 0.15001 0.773495
0.21578 0.15001 0.933369
-2.24885 0.15001 -0.508394
-2.51823 0.15001 2.79464
-0.89796 0.15001 -2.84974
-2.40871 0.15001 -1.47363
-2.6704 0.15001 0.0745205
-1.3968 0.15001 -0.776996
0.441743 0.15001 2.32081
-2.67142 0.15001 0.615354
-1.70042 0.15001 -0.92388
-1.32686 0.15001 -0.550033
-1.51121 0.15001 1.8754
-2.84999 0.15001 2.13237
-2.57643 0.15001 -2.18695
-2.23582 0.15001 -2.8363
-1.93558 0.15001 -1.16437
-2.44114 0.15001 -1.15109
-2.32751 0.15001 -0.984513
0.128459 0.15001 0.246365
0.449787 0.293254 1.1001
0.0439121 0.15001 1.00227
-0.376205 0.15001 2.84999
0.0866779 0.15001 1.76222
0.109429 0.15001 -2.6815
-2.35953 0.15001 0.358885
-2.84999 0.15001 -0.362295
-1.83522 0.15001 1.64899
-2.50357 0.15001 -0.967989
-2.50532 0.15001 0.540435
-2.71931 0.15001 -0.645413
-0.182274 0.15001 1.83341
-2.13537 0.15001 1.84288
-2.84999 0.15001 2.48803
-0.339745 0.15001 0.526571
-1.72469 0.15001 -0.490467
-2.06057 0.15001 -0.0189401
-2.67839 0.15001 -1.86229
-2.46016 0.15001 1.62103
2.75079 0.287937 -2.21625
-1.87536 0.15001 2.0358
-2.47123 0.15001 1.02708
-2.2732 0.15001 0.919399
-0.239561 0.15001 1.30529
-2.20511 0.15001 -2.09879
-0.279711 0.15001 -0.477469
-2.39517 0.15001 -0.580005
-1.6633 0.183788 -2.37624
-0.630731 0.15001 1.37538
-0.344736 0.15001 1.93737
-1.42601 0.15001 -1.22519
-1.75543 0.15001 -1.56532
-2.38597 0.15001 1.24004
-1.28136 0.15001 2.00449
-0.824149 0.15001 -2.5691
-1.66197 0.15001 -2.84298
-2.10637 0.15001 -0.86693
-1.12742 0.15001 0.737892
-0.0933092 0.15001 2.05244
0.54322 0.15001 -0.717174
-1.64999 0.15001 2.0023
-1.79508 0.15001 1.2843
0.15122 0.15001 1.9741
-0.551348 0.15001 0.551312
-0.745853 0.15001 -2.35725
-2.6841 0.15001 -2.04758
-2.33401 0.15001 -2.63781
-2.27498 0.15001 -1.19855
-0.899878 0.15001 -2.25641
0.380244 0.15001 1.00683
-1.92094 0.15001 -0.361669
0.538305 0.15001 0.79731
-2.85 0.15001 1.94354
-2.05596 0.15001 1.67107
-1.24959 0.15001 -0.886787
-2.49939 0.15001 -2.47196
-1.72715 0.15001 0.787858
-1.35031 0.15001 -2.27075
0.952334 0.15001 0.2433
-2.3955 0.15001 -0.792181
0.355182 0.15001 0.81168
-1.92976 0.15001 0.290349
-2.10405 0.15001 -2.61135
-2.09485 0.15001 1.27513
-0.424646 0.15001 -2.84687
-2.61813 0.15001 -2.84665
-0.972527 0.15001 0.278462
-0.605108 0.15001 -2.84999
-2.25975 0.15001 -1.37853
-1.94805 0.15001 1.34203
0.452061 0.15001 1.34716
-2.18775 0.15001 2.84999
-2.34869 0.15001 2.41731
-2.04621 0.15001 2.16906
-1.47435 0.15001 -2.81948
-2.84999 0.15001 -2.83905
-1.03121 0.15001 -2.37169
-2.35211 0.15001 -2.00726
-0.793418 0.15001 -0.499013
0.682132 0.15001 0.577997
0.316514 0.15001 0.62721
0.453959 0.275004 0.904692
-1.79963 0.15001 0.934973
-1.28571 0.15001 2.84999
-1.8365 0.15001 -2.06905
-1.2379 0.15001 -1.78636
-1.63986 0.15001 0.377642
-2.84999 0.15001 -0.790751
-2.84994 0.15001 0.802563
-0.413878 0.15001 1.42331
-1.45214 0.15001 -1.05534
-1.07767 0.15001 -2.21025
-1.17612 0.15001 1.25251
0.403066 0.15001 1.98123
-1.53021 0.15001 -2.46964
0.0172087 0.15001 2.34297
-2.32659 0.15001 -0.229589
-1.06889 0.15001 -1.05203
-2.01761 0.15001 -1.00069
-2.63018 0.15001 1.50851
0.692047 0.408038 0.574264
-1.71673 0.15001 1.09689
-0.726126 0.15001 1.8771
-2.01639 0.15001 2.84999
-1.04709 0.15001 -0.3578
-1.40352 0.15001 -1.57415
-2.84999 0.15001 -0.958782
-2.65646 0.15001 2.64805
-2.66244 0.15001 -0.99734
0.214057 0.265529 0.790989
-0.384057 0.15001 0.887778
-2.45961 0.15001 2.60323
-1.03162 0.15001 1.74468
-1.80234 0.15001 2.44678
0.594976 0.15001 -0.473838
-2.84748 0.15001 -2.51125
-1.86429 0.15001 -0.945766
-1.04732 0.15001 1.36093
-1.59872 0.15001 2.84999
1.12592 0.15001 1.94149
-2.67312 0.15001 2.1069
-2.06276 0.15001 2.6939
0.276649 0.15001 2.10533
-1.35577 0.15001 1.81185
-0.463751 0.15001 1.79324
-1.83786 0.15001 -1.80609
-1.91465 0.15001 1.15384
-2.06121 0.15001 1.49648
0.856742 0.15001 -0.87332
-2.06083 0.15001 0.889133
-1.83345 0.15001 -0.621067
-0.29405 0.15001 1.1173
-2.40453 0.15001 0.203237
-2.56357 0.15001 0.264005
-2.84677 0.15001 -1.61318
-2.80767 0.15001 -2.26111
-0.720329 0.15001 0.686027
-0.927159 0.15001 1.23423
-0.312864 0.15001 -0.661109
0.535587 0.15001 0.42059
0.579934 0.15001 0.972759
-2.14321 0.15001 0.622771
-0.958873 0.15001 2.1115
-1.8453 0.15001 2.62873
-0.66374 0.15001 -2.52651
-2.68887 0.15001 -0.826916
-2.75294 0.15001 -1.44914
-2.14637 0.15001 -0.293733
-1.56204 0.15001 0.868119
-2.59128 0.15001 -1.33171
-1.99913 0.15001 -0.561914
-1.0528 0.15001 1.55451
0.190856 0.15001 1.11299
-0.5258 0.15001 2.65465
-0.991112 0.15001 0.627565
-2.03913 0.15001 -2.81466
1.24619 0.15001 -0.176235
0.856739 0.15001 -0.0246597
1.3193 0.15001 0.252023
0.398902 0.272979 0.408447
-1.51574 0.15001 1.40655
0.851261 0.28021 0.832608
0.590276 0.15001 1.46235
-0.192183 0.15001 2.84999
-0.104406 0.15001 -2.00536
0.485649 0.15001 -0.0527964
-2.84999 0.15001 -0.5348
-1.29438 0.15001 0.873994
-2.40404 0.15001 -0.0595281
-2.84999 0.15001 0.967246
0.724283 0.15001 0.761578
0.546325 0.15001 1.17345
0.374049 0.15001 1.18017
0.757456 0.15001 1.48331
-1.18394 0.15001 -2.69398
-1.68363 0.15001 -2.138
-0.262862 0.15001 -2.32019
-2.2787 0.15001 -2.46234
1.01216 0.290545 -0.0363391
-1.64363 0.15001 -0.303128
0.605247 0.278714 0.691217
0.900665 0.419378 0.693036
0.707699 0.412254 0.98022
0.717494 0.15001 1.10803
-0.608894 0.15001 -2.20322
-2.29347 0.15001 -1.64852
-0.116057 0.15001 0.3875
-2.53089 0.15001 -0.239283
0.895933 0.254419 0.112873
-2.28294 0.15001 1.73702
-2.60773 0.15001 -0.410176
0.565429 0.289312 1.30833
-0.849182 0.15001 1.54417
0.700384 0.282023 1.57595
-1.73995 0.15001 -1.38487
0.213789 0.15001 2.84812
-2.80916 0.30317 0.120794
-1.7528 0.15001 -1.161
1.05219 0.311656 0.186648
0.498835 0.15001 0.607014
1.06813 0.436249 0.596298
-1.59376 0.15001 1.24238
-2.28678 0.15001 1.92417
1.54939 0.15001 2.30068
0.459594 0.15001 -2.84999
-0.899171 0.15001 2.30896
0.886714 0.409546 0.015755
0.589617 0.282212 0.21905
-0.365403 0.15001 -1.46885
0.94354 0.308883 0.534467
0.641868 0.3766 0.369754
0.864528 0.470819 0.881375
0.551236 0.417412 0.843276
0.758424 0.394296 1.39723
-1.94307 0.15001 -1.59896
-2.84999 0.15001 -1.12772
-2.82125 0.15001 -1.29039
0.0836436 0.15001 0.0911713
0.671653 0.15001 -0.0781528
0.218476 0.15001 1.65608
-2.65185 0.15001 2.45715
-2.44512 0.15001 2.07704
-2.06125 0.15001 2.52985
1.2146 0.15001 1.78355
-1.05688 0.15001 1.11323
-1.94157 0.15001 -2.29467
-1.41585 0.15001 1.19209
-1.90997 0.15001 -0.122772
2.57993 0.395714 -1.88425
0.522752 0.308393 0.0400716
-1.5456 0.15001 0.694121
-2.13804 0.15001 0.287935
-0.205384 0.15001 0.838414
-1.81392 0.15001 2.82708
0.641994 0.15001 -2.84999
-0.156279 0.15001 -1.21814
-0.368162 0.15001 0.132108
0.754605 0.15001 0.227756
-0.580625 0.15001 1.18684
-1.45994 0.15001 -0.414957
0.859095 0.15001 1.20988
1.05905 0.15001 1.1353
0.681412 0.15001 1.297
-1.31353 0.15001 2.19892
-1.52474 0.15001 -2.28758
-0.949076 0.15001 -0.125526
-2.11823 0.15001 -1.67919
-1.41753 0.15001 -1.93701
1.04651 0.15001 0.0736015
0.661581 0.272763 0.874083
0.792066 0.15001 0.935889
1.17456 0.194122 1.26942
-2.442 0.15001 1.42522
0.810754 0.15001 1.64126
-2.2308 0.15001 -1.83334
-1.5067 0.15001 0.173634
-0.264309 0.15001 -0.0567007
0.558533 0.289003 0.509905
1.54399 0.15001 1.04442
0.454978 0.15001 0.267445
0.908564 0.15001 0.729744
1.13395 0.15001 0.749886
0.839664 0.285728 1.0359
1.07987 0.15001 1.67109
-1.73651 0.15001 -2.55286
-1.13901 0.15001 -2.01199
-1.29691 0.15001 -2.84845
1.35518 0.27598 0.0858763
0.762151 0.268146 0.458514
0.866206 0.15001 0.535782
1.11119 0.275835 1.0319
1.04575 0.409593 1.12709
0.87822 0.15001 1.37994
0.945156 0.274568 1.6763
-2.05207 0.15001 -1.41301
-1.03833 0.15001 -1.24693
1.29631 0.297358 -0.0953412
0.287573 0.15001 0.297188
1.12669 0.279258 0.525444
0.725589 0.403085 0.766937
0.797281 0.272083 0.650491
1.33329 0.245676 1.31669
0.775982 0.294781 1.24967
0.0204393 0.15001 2.65726
-0.294548 0.15001 -2.09272
-0.122013 0.15001 -2.73138
-2.09322 0.15001 -2.39978
0.634946 0.15001 0.0940733
1.1737 0.316961 0.049378
-1.45459 0.15001 -0.226156
0.990142 0.341142 0.924951
-2.68676 0.15001 2.83304
-1.37997 0.15001 0.642304
0.891896 0.297103 1.4639
-0.854455 0.15001 -0.289739
-0.744369 0.15001 -0.02933
-1.06313 0.15001 -2.80761
0.795386 0.15001 -0.208793
0.313726 0.15001 0.0799872
1.04877 0.454294 0.317311
2.78402 0.34133 0.775979
-1.24139 0.15001 1.64163
-1.67448 0.15001 2.67769
-0.972043 0.15001 2.6815
-2.31415 0.15001 0.561293
-1.40798 0.15001 -1.73643
-1.23342 0.15001 -2.39409
-2.64248 0.15001 -0.0840404
-0.743377 0.15001 0.861973
-2.19969 0.15001 0.780679
1.04998 0.523867 0.982146
0.636599 0.306919 1.12017
-2.68526 0.15001 0.409389
-1.48728 0.15001 2.27691
-1.11293 0.15001 -2.51086
-1.88499 0.15001 -2.45945
-2.57527 0.15001 -2.64629
-0.07965 0.15001 -2.57118
-2.2479 0.15001 1.56669
0.125856 0.15001 2.47639
-2.25972 0.15001 1.35786
1.07955 0.447672 0.788772
-1.45424 0.15001 -2.13693
0.659463 0.15001 2.49237
-1.33458 0.15001 -0.0821284
-2.53081 0.15001 -1.94634
-2.42288 0.15001 -2.28397
-2.00435 0.15001 -1.79044
0.251008 0.15001 1.29119
-2.43385 0.15001 -0.396637
-2.6463 0.15001 1.76926
-0.0567885 0.15001 1.16531
-1.6303 0.15001 1.55487
-2.35671 0.15001 2.84999
0.286092 0.15001 -2.8128
2.00987 0.15001 -1.61716
0.323116 0.15001 -0.451823
0.47373 0.15001 0.108161
2.33415 0.15001 -0.0407063
-0.120243 0.15001 2.25519
1.23266 0.15001 0.587284
1.734 0.15001 1.37306
-2.44841 0.15001 1.84977
1.15845 0.15001 1.4349
0.964375 0.15001 -2.84999
-1.13983 0.15001 -0.748955
1.13385 0.15001 -0.324679
-0.825781 0.15001 1.05489
1.34894 0.15001 -0.02699
1.03651 0.15001 0.598862
1.40104 0.15001 0.64763
1.17237 0.15001 0.938724
0.970405 0.15001 1.53073
-0.804437 0.15001 1.37055
1.30319 0.15001 -0.797814
2.40593 0.15001 -2.10844
1.46198 0.15001 -0.513223
0.230171 0.15001 0.467308
-0.150865 0.15001 1.00981
1.99675 0.15001 0.317467
2.13427 0.15001 -0.414176
1.30629 0.258211 0.975464
-0.621052 0.15001 1.70735
1.37027 0.15001 1.45607
0.103411 0.15001 -2.11928
-1.88262 0.15001 -2.65209
-0.862543 0.15001 0.508229
1.22707 0.15001 0.0764609
0.942346 0.291548 0.348555
1.02279 0.285383 0.717182
1.29788 0.290919 0.45737
0.970497 0.277467 1.21417
1.02748 0.15001 1.32854
1.25494 0.28356 1.49639
1.9222 0.15001 2.35473
-1.0061 0.15001 0.945976
1.68194 0.295541 -0.0709891
0.726185 0.283595 0.0374063
1.10875 0.291216 -0.203811
1.02434 0.15001 0.418093
1.22808 0.299314 0.678568
1.159 0.292293 0.845236
1.4787 0.279032 0.944008
-1.49825 0.15001 2.1156
-0.277336 0.15001 -2.51151
-0.19624 0.15001 0.206033
0.368563 0.295641 0.196285
2.84999 0.15001 1.16546
1.44164 0.41688 0.396506
1.12867 0.292841 0.350312
1.20455 0.420349 0.955983
1.24038 0.32559 1.14488
-2.64275 0.15001 0.868682
1.18947 0.37609 1.32192
0.156551 0.15001 -0.224779
1.16401 0.15001 -2.84999
1.26239 0.319652 0.232083
0.269557 0.15001 -2.11371
0.898418 0.301405 -0.191712
0.413691 0.289127 0.701761
0.835241 0.43265 0.39259
0.95991 0.414213 1.327
1.47365 0.438375 1.40856
1.10512 0.317737 1.60265
-0.367089 0.15001 -0.971851
0.948339 0.15001 -0.319945
-0.71959 0.15001 -1.37149
0.0325736 0.15001 0.495705
-0.439807 0.15001 -0.0963384
-1.19463 0.15001 0.364528
1.38495 0.450544 0.917171
1.49808 0.534183 1.21562
1.11049 0.530128 1.24758
1.08675 0.462524 1.47087
-1.16757 0.15001 -0.56681
-0.351349 0.15001 1.63327
-2.17266 0.15001 -1.53052
-0.470335 0.15001 0.700331
1.80856 0.407805 0.263836
1.2447 0.448221 0.368704
1.64398 0.15001 2.44953
0.852828 0.429232 1.15165
-2.49594 0.15001 2.31368
-1.98209 0.15001 0.693844
-0.433143 0.15001 -2.41315
-1.61502 0.15001 -0.0650162
-1.31 0.15001 -2.58908
0.0239202 0.15001 -1.16934
-0.144591 0.15001 0.577066
-2.1152 0.15001 -0.702125
-2.09192 0.15001 -1.25379
-1.79072 0.15001 1.83671
-0.074074 0.15001 1.37864
-2.62373 0.15001 1.9484
1.70943 0.15001 -2.84229
-2.74265 0.15001 -2.70759
0.84331 0.15001 -1.52706
0.329158 0.15001 -0.253064
1.30902 0.15001 -0.617388
2.30778 0.15001 -0.329996
1.21359 0.15001 0.406808
1.5034 0.15001 0.832994
1.24597 0.15001 1.11251
1.29032 0.15001 1.61789
-1.23993 0.15001 -0.273469
-0.583259 0.15001 0.823364
1.66856 0.15001 -0.496986
1.99304 0.15001 -0.87435
0.475541 0.15001 -1.58482
1.72833 0.15001 0.448938
1.59056 0.15001 0.302595
0.209631 0.15001 -0.058453
1.6966 0.15001 1.5639
-1.44927 0.15001 2.48006
-0.376362 0.15001 0.321345
1.26779 0.283564 -0.306914
1.39734 0.15001 -0.284952
1.042 0.15001 -0.135457
0.653147 0.15001 -0.936252
1.57371 0.15001 0.559246
1.30687 0.15001 0.812148
1.40823 0.214347 1.12933
1.47651 0.15001 1.62299
1.38443 0.15001 1.78443
-1.40088 0.15001 -1.40435
-0.545634 0.15001 -1.89736
0.767886 0.15001 -0.393102
-0.69511 0.15001 -1.10633
1.46326 0.15001 0.133997
1.62373 0.286153 0.408615
1.36961 0.30719 0.798075
1.4295 0.312321 1.55031
1.06738 0.290866 1.42337
1.54361 0.186551 1.45575
-1.18497 0.15001 0.998018
0.425845 0.15001 -2.06316
1.6585 0.15001 -0.177569
1.13711 0.15001 0.237393
1.53152 0.262535 0.69376
1.46201 0.264131 0.50369
1.64807 0.275573 0.847542
1.41046 0.387113 0.638407
1.95933 0.299753 1.55695
1.60093 0.15001 1.75607
-0.141758 0.15001 -2.16924
-0.217982 0.15001 1.49593
-1.58 0.15001 -1.48519
1.28804 0.15001 -0.436127
1.45435 0.255669 0.298967
1.68949 0.474955 0.410567
1.25415 0.443621 0.558904
-0.19717 0.15001 2.66361
1.27115 0.466604 0.757223
1.24242 0.306539 1.72449
-1.26311 0.15001 -1.06219
0.30236 0.15001 -1.47607
-1.60181 0.15001 -1.66574
0.936571 0.15001 2.45161
2.5048 0.15001 -1.51472
2.62882 0.15001 1.40364
1.52565 0.406831 0.802262
1.35883 0.412585 1.2505
1.6386 0.33785 1.42372
-0.775483 0.15001 2.42248
0.358247 0.15001 -1.00839
1.36718 0.15001 2.63073
1.43794 0.290784 -0.399172
1.62295 0.186335 -1.77607
-1.14529 0.15001 0.536008
-2.24352 0.15001 -2.28358
1.7486 0.15001 2.68658
1.55173 0.15001 1.92717
1.29273 0.505131 1.09239
1.2964 0.581713 1.27795
-0.763591 0.15001 -1.56676
-0.981325 0.15001 -1.94305
-1.44391 0.316715 -2.28798
-0.539595 0.15001 0.2413
2.61782 0.15001 0.271859
1.87809 0.15001 1.85651
-2.75283 0.15001 1.0961
1.73839 0.525553 1.0721
1.29486 0.45594 1.47501
-1.25733 0.15001 2.52779
-0.554901 0.15001 -0.976306
0.696226 0.15001 -2.02144
-0.739452 0.15001 -2.73467
-1.96005 0.15001 2.33898
-2.58824 0.15001 -1.53056
-0.625136 0.15001 -0.776087
2.31072 0.15001 -1.46439
0.646609 0.15001 2.6934
-0.37311 0.15001 2.23939
-0.379843 0.15001 2.5498
0.810663 0.15001 -1.68591
0.520398 0.15001 -1.17081
-0.970357 0.15001 -0.525561
0.103979 0.15001 -0.411546
2.6883 0.15001 -2.11513
1.91628 0.15001 0.484421
1.81362 0.15001 0.632495
0.57934 0.15001 2.03891
1.52703 0.15001 1.23295
0.121832 0.15001 2.20008
-0.742548 0.15001 0.203856
2.21982 0.15001 -2.7615
-0.593706 0.15001 -1.64929
-0.0921208 0.15001 -2.33354
0.993803 0.15001 -1.06675
2.09916 0.15001 -1.83563
0.483845 0.15001 2.53403
-1.38604 0.15001 1.5188
-1.75859 0.15001 2.18783
-0.568424 0.15001 2.83294
0.525048 0.15001 -2.37623
1.85782 0.15001 -0.513338
1.53581 0.287545 -0.225078
1.49764 0.304443 -0.0313873
1.61502 0.15001 0.012064
1.74816 0.15001 -1.52642
1.69681 0.270231 0.586926
1.82119 0.15001 0.831541
1.68014 0.261017 1.25336
1.78535 0.15001 1.72182
1.34679 0.15001 -2.84999
0.919002 0.15001 -0.722998
-0.853957 0.15001 -1.77001
2.12 0.294419 0.257448
1.7943 0.294192 0.0732359
1.92597 0.275175 0.194905
1.66298 0.15001 0.728767
1.79116 0.276036 1.09617
1.93736 0.15001 1.3533
1.82944 0.294312 1.40912
0.110767 0.15001 -2.50299
1.8839 0.15001 -2.84999
0.778488 0.15001 -2.36788
1.48557 0.15001 -0.783279
0.321926 0.15001 -2.65702
1.58923 0.276596 0.132399
1.92638 0.290347 0.591513
1.62939 0.299501 1.03286
2.29274 0.15001 1.23418
1.47131 0.296832 1.74486
-0.971373 0.15001 -0.710868
1.75902 0.15001 -0.339348
1.43469 0.407895 0.183148
1.35891 0.439419 0.00517289
1.60383 0.39781 0.264923
1.6941 0.402047 0.716149
1.62437 0.410505 1.16638
1.50515 0.312527 1.27665
1.97651 0.437683 1.34119
0.0131322 0.15001 2.84881
0.760266 0.15001 -2.70834
-0.600219 0.15001 -0.134653
-1.21905 0.15001 -1.42224
-0.517543 0.15001 -1.14378
2.21534 0.305416 0.430262
1.80025 0.417821 0.552465
-1.44548 0.15001 2.80421
1.44685 0.388786 1.08693
-0.232001 0.15001 2.39056
1.6151 0.308761 1.63021
0.100749 0.15001 -1.94216
-1.96834 0.15001 -1.95282
-0.0408843 0.15001 -0.632896
-1.34372 0.15001 0.112954
-0.176566 0.15001 -0.285093
2.84999 0.15001 2.39881
1.44386 0.15001 -1.75982
1.5806 0.46012 0.970544
-0.555293 0.15001 2.21215
1.69627 0.48675 1.31871
-0.338131 0.15001 -0.228177
1.4473 0.15001 -2.69304
1.01879 0.15001 -1.6598
-0.766156 0.257773 -2.1518
2.77236 0.15001 -0.339369
0.896223 0.15001 2.24513
1.93207 0.15001 -1.87375
1.89968 0.426307 1.06826
2.40267 0.15001 1.78941
0.965259 0.15001 2.6233
-1.12997 0.15001 0.198511
1.123 0.15001 -0.519835
-1.1113 0.326061 0.996181
2.84999 0.15001 -2.6594
2.7129 0.15001 1.06181
-0.0885124 0.15001 1.64956
0.611812 0.15001 2.25562
0.87722 0.15001 1.80581
0.719226 0.431825 0.100468
-1.39162 0.15001 2.65847
1.56461 0.15001 -2.32852
-0.100147 0.15001 -0.790901
-0.955353 0.15001 -1.59704
0.879978 0.15001 -0.561491
2.49376 0.15001 -1.87581
2.71889 0.15001 2.49908
1.70038 0.15001 -0.903443
2.50643 0.15001 2.7722
1.86351 0.15001 1.53026
-1.22996 0.15001 2.3407
-0.258026 0.15001 -2.84999
-0.891057 0.15001 -2.07846
1.93729 0.280475 -0.0614761
2.13225 0.15001 0.493703
2.6424 0.15001 -0.477951
-0.350015 0.15001 -1.25659
2.20776 0.15001 -2.01866
1.81224 0.15001 1.21983
2.11943 0.15001 1.30392
-0.967682 0.15001 2.48863
-0.520715 0.15001 -1.36157
1.73943 0.15001 -1.13385
1.569 0.15001 -0.346383
0.648013 0.15001 -1.49393
2.66911 0.15001 -1.58061
2.24765 0.303112 0.769057
2.13166 0.280494 0.620333
2.02635 0.15001 0.619625
1.88373 0.15001 1.02483
1.96649 0.15001 1.68356
-0.322187 0.15001 -2.69346
-1.24145 0.15001 -1.25743
2.0486 0.15001 -0.178057
2.05497 0.15001 0.158892
2.02618 0.275934 0.425616
2.16559 0.15001 2.79166
1.70349 0.15001 0.960074
1.90302 0.289393 0.924206
1.98191 0.15001 2.64712
0.409418 0.15001 2.84999
-0.410358 0.15001 -1.6682
-0.479645 0.15001 -2.0713
-1.54153 0.15001 -0.612464
1.1014 0.15001 -1.23208
1.58008 0.403321 0.550873
1.62359 0.15001 2.84417
2.53634 0.15001 0.937854
1.98857 0.15001 1.17462
2.65225 0.15001 2.20215
1.45659 0.15001 2.84999
1.85917 0.299143 -0.403365
1.84659 0.15001 -0.15052
1.01214 0.15001 -1.39878
-0.0733445 0.15001 0.0206471
1.74671 0.233307 0.25001
2.14664 0.15001 -0.699195
2.33603 0.312117 0.592113
2.00215 0.15001 0.87872
2.09586 0.15001 1.02956
2.45344 0.15001 1.11932
0.54038 0.15001 -2.68384
2.50523 0.15001 -1.07488
2.71994 0.15001 -2.31689
2.17254 0.15001 -1.64893
1.89078 0.15001 -1.2313
1.56364 0.539985 0.676604
2.04047 0.303731 0.787687
1.82714 0.371814 1.24558
1.99659 0.322152 1.1944
2.05588 0.15001 1.49096
2.0638 0.15001 -2.84999
2.82901 0.15001 -1.53586
2.26978 0.15001 0.632096
1.65144 0.431931 0.0641964
-0.0971248 0.15001 2.52582
2.55286 0.15001 -0.816349
2.84999 0.15001 2.59795
1.46398 0.305537 2.29583
1.75641 0.388937 0.939844
-0.67894 0.15001 2.07085
-0.86888 0.15001 -1.24791
-0.426115 0.15001 1.22681
-0.353961 0.15001 -1.91528
-0.54077 0.15001 1.01714
2.83656 0.15001 0.210035
1.39501 0.15001 -1.11695
0.257957 0.15001 2.35407
-1.81601 0.15001 1.48347
2.22634 0.292665 1.52661
1.775 0.379335 1.56421
-1.12376 0.15001 2.14565
2.84994 0.15001 -2.45949
2.80489 0.154596 1.35099
1.99708 0.420574 0.319837
-0.6816 0.15001 1.54133
0.932878 0.15001 -2.24212
1.37358 0.15001 2.21854
-0.714372 0.15001 2.73544
1.98429 0.15001 -2.24451
-0.482542 0.15001 2.38207
-0.0129437 0.15001 -1.80288
0.128494 0.15001 -2.3
2.84999 0.15001 -0.685816
1.6465 0.15001 -0.672053
2.72149 0.15001 0.408541
2.26485 0.15001 2.03782
2.34754 0.15001 0.822644
1.77819 0.15001 -2.31684
2.33614 0.15001 2.84999
2.56827 0.15001 1.92142
-1.72323 0.15001 -0.74641
1.26005 0.15001 -2.22679
-0.212065 0.15001 -1.60747
0.193922 0.15001 -1.21432
1.62695 0.15001 -2.66808
0.826293 0.15001 2.07302
0.383815 0.15001 1.63206
2.39947 0.267965 0.958724
1.27681 0.15001 2.4453
0.428072 0.15001 2.6859
0.23191 0.15001 -0.715187
-0.940309 0.15001 -0.892149
-0.873986 0.15001 -1.06176
0.20236 0.15001 -1.05215
2.51802 0.15001 -2.68115
0.0308204 0.15001 -1.58991
1.84103 0.299842 0.748065
2.64421 0.15001 1.21811
2.43806 0.15001 1.34237
1.15937 0.15001 2.16945
0.600165 0.15001 -2.17798
-1.24762 0.339614 0.277831
-0.742513 0.15001 -1.94894
0.971361 0.15001 -1.89879
2.40474 0.15001 0.272459
2.1429 0.15001 0.764482
2.50104 0.15001 0.750774
2.21413 0.288616 0.954748
1.12128 0.15001 2.84999
2.14797 0.15001 1.64713
-0.429043 0.15001 -0.406299
2.4062 0.15001 -2.55737
1.94778 0.15001 -0.334265
1.28974 0.15001 -2.01762
2.1222 0.294731 0.0617044
1.83125 0.294061 0.412768
2.31468 0.15001 0.442492
2.16552 0.25741 1.16053
-1.12908 0.15001 1.88398
1.92502 0.15001 2.17899
0.959772 0.15001 2.84982
0.37561 0.15001 -2.30641
1.76725 0.29896 -0.234715
0.545492 0.15001 -1.94724
1.83503 0.15001 -0.752919
2.38727 0.15001 -1.64774
1.83435 0.15001 2.51178
2.26575 0.15001 1.42078
2.84999 0.15001 -0.499941
0.29109 0.15001 2.55309
-1.0366 0.15001 -1.78228
0.276297 0.15005 -2.47912
2.57672 0.15001 -2.84999
2.78945 0.404863 -0.110482
-1.78457 0.163818 0.566035
-2.08528 0.170693 2.0129
0.757784 0.15001 2.34443
2.05396 0.341108 1.01275
1.44079 0.15001 2.47584
2.08674 0.300082 1.39413
-1.41425 0.15001 0.992587
-0.927338 0.15001 0.0767083
-1.11708 0.15001 2.82335
2.57568 0.15001 -1.32336
-1.76013 0.15001 0.262078
0.392716 0.15001 -0.844118
1.92017 0.450477 0.838429
2.10375 0.15001 1.86295
2.84514 0.15001 2.84999
2.22192 0.15001 2.41869
-0.554225 0.15001 -2.65633
0.712791 0.15001 -1.83277
2.55778 0.15001 -0.338343
1.52587 0.15001 2.11959
-0.799856 0.15001 -0.726478
1.3604 0.15001 -1.31797
2.70341 0.15001 2.0439
2.66304 0.15001 0.625939
2.45354 0.15001 1.61129
0.79865 0.15001 2.59328
2.15453 0.15001 -0.983352
2.27303 0.15001 -2.25042
1.03271 0.354234 -1.23323
1.13164 0.15001 -2.00624
0.504273 0.44943 1.44394
0.959653 0.15001 1.9697
1.29166 0.15001 2.02759
2.84999 0.15001 1.96432
-0.800489 0.15001 2.5969
1.26576 0.15001 -2.61632
2.84999 0.15001 -1.95794
2.05573 0.15001 -2.60572
1.27889 0.15001 -1.79542
2.67932 0.15001 -1.76819
1.06013 0.15001 -2.70779
2.66443 0.15001 2.66605
2.2325 0.15001 -1.26179
2.21873 0.15001 -2.45353
2.0523 0.15001 -1.24764
1.17004 0.15001 2.62591
2.84555 0.15001 -2.84999
2.84999 0.15001 -1.78848
-0.630731 0.15001 -0.494058
1.75093 0.15001 -1.90255
1.93452 0.15001 -2.46214
2.62278 0.15001 1.57653
0.634392 0.15001 -2.50029
2.71451 0.15001 -0.792925
1.79129 0.15001 2.84999
0.793482 0.15001 2.84999
2.84982 0.15001 -0.162974
2.38677 0.15001 -2.39223
2.12861 0.15001 -1.46504
2.38295 0.15001 -2.84999
-0.844434 0.15001 1.7473
2.45011 0.15001 0.56676
2.1809 0.15001 0.33543
1.26899 0.15001 -1.62298
0.0894389 0.15001 1.35397
2.2915 0.15001 2.66416
0.2497 0.15001 -1.76095
0.102014 0.236753 -0.805404
-0.166284 0.15001 -1.00286
2.78181 0.15001 -1.12181
-1.2189 0.15001 1.47859
2.84999 0.15001 2.22031
2.82155 0.15001 1.58743
2.84566 0.15001 1.76247
2.27785 0.15001 1.05268
2.55441 0.15001 2.36369
-1.13929 0.15001 -1.59302
0.504461 0.15001 -1.7907
1.3532 0.15001 -1.48413
1.68088 0.15001 -1.3511
2.30558 0.310993 0.193921
1.1679 0.15001 -1.47948
2.44286 0.15001 2.15866
0.591044 0.15001 2.84999
-0.18484 0.15001 -1.85271
0.240239 0.15001 1.84159
-1.64189 0.15001 -1.85323
2.46638 0.15001 -0.653462
1.38718 0.15001 -2.34408
0.115863 0.15001 -0.575195
1.75597 0.15001 -2.08501
2.67207 0.15001 2.84474
2.37658 0.15001 -0.786591
-1.07054 0.15001 2.31668
0.183427 0.15001 2.68954
1.2881 0.15001 2.8491
-0.91351 0.15001 -1.419
2.01429 0.15001 -2.05595
-2.7547 0.317522 1.60906
2.78867 0.15001 0.878387
-0.5578 0.15001 1.92622
2.54048 0.15001 -2.31203
2.83786 0.15001 -1.34304
1.69465 0.15001 2.16385
-0.727421 0.15001 2.24772
-2.57934 0.15001 1.17058
1.49287 0.15001 -2.50071
0.907589 0.15001 -2.61202
0.737167 0.15001 1.92888
2.45961 0.260703 0.414503
-0.449054 0.15001 2.06585
2.80526 0.15001 0.0345758
1.55855 0.15001 -1.5282
2.82814 0.15001 0.677164
1.44347 0.15001 -2.11914
1.84921 0.15001 2.02433
-0.421865 0.15001 -0.805913
1.52622 0.15001 -1.00032
0.348377 0.15001 -1.26902
0.707429 0.15001 -0.605846
1.16048 0.15001 -2.45341
0.864697 0.15001 -2.0844
1.12595 0.15001 2.35831
2.60419 0.15001 -2.49023
0.656075 0.15001 1.71565
1.95443 0.15001 2.82262
0.73062 0.15001 -1.17869
2.84999 0.15001 -2.1546
-0.697035 0.15001 -0.318362
-0.657178 0.15001 0.396578
2.36147 0.15001 2.33677
2.03421 0.427827 0.545612
-2.80334 0.313885 -1.56075
2.08202 0.15001 2.0796
-0.910592 0.15001 1.93188
2.42354 0.15001 2.5094
