1000 0.1
-1.14319 0.15001 -1.93767
-2.69046 0.15001 -2.22111
-2.13561 0.15001 -1.02643
-2.05779 0.15001 -2.84863
-1.5717 0.15001 -0.603316
-2.59428 0.15001 1.24163
-2.39176 0.15001 -0.42896
-1.837 0.15001 2.26152
-2.13003 0.15001 1.96859
-2.84999 0.15001 2.43449
-2.84999 0.15001 -2.12887
-2.57381 0.15001 -2.5242
-2.71905 0.15001 1.39638
-2.84249 0.15001 0.0739643
-2.56318 0.15001 0.678544
-2.84999 0.15001 1.27696
-2.22265 0.15001 0.266854
-2.84999 0.15001 2.83768
-1.73169 0.15001 1.97736
-2.52256 0.15001 2.55246
-1.09293 0.15001 -2.47372
-1.23658 0.331037 -0.0347934
-2.84999 0.15001 -0.320032
-2.45169 0.15001 -1.453
-2.60342 0.15001 -0.446669
-1.99238 0.15001 -2.52399
-2.81623 0.15001 -0.142666
-2.84999 0.15001 1.67581
0.257813 0.596436 -0.737359
-2.53812 0.15001 2.72347
-0.0990631 0.15001 -2.6403
-0.523903 0.15001 0.773141
-2.04486 0.15001 -1.95267
-2.29534 0.15001 -0.15271
-2.84999 0.15001 0.262157
-2.84999 0.15001 1.50401
-0.0153963 0.15001 0.516571
0.351913 0.15001 1.21128
-1.87715 0.15001 2.4464
-1.43229 0.15001 2.84999
-2.84999 0.15001 -1.78969
2.56888 0.15001 -1.0362
-1.82679 0.15001 -1.55153
-2.20904 0.15001 -2.50309
0.680123 0.281947 -0.0447285
-2.74893 0.15001 2.07001
-1.07957 0.15001 -0.234128
0.125625 0.15001 0.640796
-1.94316 0.15001 -0.763433
-2.47035 0.15001 2.35572
-1.08756 0.15001 -2.84375
-1.98279 0.15001 -1.68254
-2.61086 0.15001 -0.10548
-1.35964 0.15001 -1.04632
0.245656 0.15001 1.54122
-2.84999 0.15001 0.457393
-1.69817 0.15001 -1.27182
-1.77307 0.15001 -0.636027
-1.99741 0.15001 2.18205
-2.84999 0.15001 2.20752
-2.60677 0.15001 -2.04436
-2.50003 0.15001 -2.68408
-2.21482 0.15001 -1.17362
-2.46671 0.15001 -1.88921
-2.55152 0.15001 -1.03029
-0.135651 0.15001 -0.247155
0.361651 0.290975 0.79552
-0.0414149 0.15001 0.716299
-1.093 0.15001 2.84999
-0.403374 0.15001 1.06067
0.2092 0.15001 -2.69707
-2.43863 0.15001 -0.0296896
-2.8488 0.15001 -0.651666
-2.35415 0.15001 1.50544
-2.15809 0.15001 -0.693046
-2.03775 0.15001 -0.0191744
-2.70047 0.15001 -1.21609
-1.14631 0.15001 1.12499
-2.33847 0.15001 1.75488
-2.84711 0.15001 2.66676
-0.592716 0.15001 0.540324
-2.10322 0.15001 -0.852489
-2.46781 0.15001 -0.234378
-2.3672 0.15001 -2.02784
-1.97003 0.15001 0.897636
2.67151 0.15001 -2.21073
-2.16291 0.15001 2.13673
-2.69309 0.15001 0.330362
-2.32728 0.15001 0.404216
-0.288725 0.15001 1.41664
-2.08698 0.15001 -2.38733
0.214839 0.15001 -0.700011
-2.71521 0.15001 -1.00268
-2.80664 1.02463 -1.8781
-0.845833 0.15001 0.583117
-1.26075 0.15001 1.44821
-1.88326 0.15001 -1.10965
-1.65424 0.15001 -1.87145
-2.11451 0.15001 0.803933
-1.40666 0.15001 2.29366
-0.697618 0.15001 -2.48512
-1.90404 0.15001 -2.67447
-2.41661 0.15001 -1.12242
-1.50371 0.15001 0.353344
-0.711787 0.15001 1.47098
0.0377977 0.15001 -0.235347
-2.34051 0.15001 2.52749
-1.88981 0.15001 0.470606
-0.84098 0.15001 1.0633
-0.794918 0.15001 -0.000512574
-0.769047 0.15001 -2.30424
-2.78595 0.15001 -1.95542
-2.29468 0.15001 -2.68203
-2.66801 0.15001 -1.38446
-1.11423 0.15001 -2.27276
0.295939 0.15001 0.700475
-1.54555 0.15001 -0.398204
0.444387 0.15001 0.493212
-2.84999 0.15001 1.87262
-1.91238 0.15001 1.45489
-1.2072 0.15001 -1.2862
-2.39135 0.15001 -2.494
-1.78119 0.15001 0.847309
-1.52114 0.15001 -2.26533
0.863762 0.15001 -0.0498745
-2.73428 0.15001 -0.780551
0.260682 0.15001 0.508241
-2.27336 0.15001 0.0791566
-2.29346 0.15001 -2.33095
-2.23602 0.15001 1.14731
-0.641077 0.15001 -2.84982
-2.63035 0.15001 -2.84863
-1.5601 0.15001 -0.0949571
-0.91163 0.15001 -2.84999
-2.52422 0.15001 -1.26929
-1.49569 0.15001 0.567514
0.346067 0.15001 1.04546
-2.40522 0.15001 2.83678
-2.64139 0.15001 1.66656
-2.67978 0.15001 1.85957
-1.83861 0.15001 -2.84999
-2.84863 0.15001 -2.84999
-0.873898 0.15001 -2.43663
-2.47552 0.15001 -1.63925
-0.380593 0.15001 -0.825157
0.59299 0.15001 0.276416
0.200477 0.15001 0.337849
0.365144 0.277118 0.595469
-2.28931 0.15001 0.781696
-1.78462 0.15001 2.84999
-1.40116 0.15001 -1.63178
-0.940069 0.15001 -2.27206
-1.77327 0.15001 -0.0739615
-2.84999 0.15001 -1.10101
-2.84999 0.15001 0.663969
-0.2677 0.15001 0.474683
-1.55599 0.15001 -1.13134
-1.304 0.15001 -2.02934
-1.72589 0.15001 1.2945
-0.171468 0.15001 2.02287
-1.39174 0.15001 -2.67596
-0.463783 0.15001 2.1648
-1.90231 0.15001 -0.394683
-1.31183 0.15001 -1.40765
-1.84518 0.15001 -1.37552
-2.58774 0.15001 0.993254
0.600199 0.41348 0.277751
-1.67296 0.15001 0.295393
-0.960459 0.15001 1.92098
-2.22787 0.15001 2.82365
-1.44028 0.15001 -0.731023
-1.15594 0.15001 -1.7591
-2.65149 0.15001 -1.56064
-2.65655 0.15001 2.25611
-2.69111 0.15001 -1.81924
0.127257 0.278597 0.50718
-0.80789 0.15001 0.794081
-2.45105 0.15001 2.12713
-1.5781 0.15001 1.37435
-2.1605 0.15001 2.47608
0.514969 0.15001 -0.788236
-2.8493 0.15001 -2.63284
-2.04806 0.15001 -1.222
-1.41652 0.15001 0.885882
-2.06627 0.15001 2.84999
0.397677 0.15001 1.87295
-2.30845 0.15001 0.990173
-2.32731 0.15001 2.68918
-0.0411708 0.15001 1.34569
-1.5375 0.15001 2.45582
-0.949564 0.15001 0.875181
-2.20735 0.15001 -1.93062
-1.61767 0.15001 0.696465
-2.48933 0.15001 0.518319
0.226325 0.15001 -0.401572
-2.70285 0.15001 0.54648
-2.28443 0.15001 -0.948677
-0.204785 0.15001 0.6239
-2.21765 0.15001 -0.32572
-2.52263 0.15001 0.346664
-2.84999 0.15001 -1.61869
-2.84999 0.15001 -2.45227
-1.04847 0.15001 0.201113
-1.37444 0.15001 0.449098
-0.0241724 0.15001 -0.660987
0.713807 0.15001 0.0726615
0.504865 0.15001 0.681102
-1.71242 0.15001 -0.290231
-1.09274 0.15001 1.39973
-2.15386 0.15001 2.65058
-0.652116 0.15001 -2.63978
-2.84999 0.15001 -1.28813
-2.34398 0.15001 -1.74517
-1.96268 0.15001 -0.95434
-2.07388 0.15001 0.364772
-2.28028 0.15001 -1.55334
-1.73337 0.15001 -0.482047
-1.3818 0.15001 1.8808
0.0919919 0.15001 0.840151
-0.853297 0.15001 2.6944
-1.30441 0.15001 0.226509
-2.2342 0.15001 -2.84999
1.15388 0.15001 -0.464071
0.776021 0.15001 -0.334673
1.20115 0.15001 -0.0607719
0.323314 0.304651 0.0938433
-1.82094 0.15001 1.05771
0.760159 0.285625 0.53408
0.508336 0.15001 1.15123
-0.923895 0.15001 2.84897
0.351489 0.15001 -2.58353
0.385941 0.15001 -0.323961
-2.84999 0.15001 -0.901165
-1.11905 0.15001 -0.0127259
-2.68182 0.15001 -0.308147
-2.84997 0.15001 1.09911
0.626939 0.15001 0.453232
0.44786 0.15001 0.872055
0.264765 0.15001 0.884842
0.694064 0.15001 1.12922
-1.66123 0.15001 -2.78729
-1.60198 0.15001 -2.47493
-0.457958 0.15001 -2.67832
-2.4938 0.15001 -2.15767
0.909284 0.291881 -0.32301
-1.75082 0.15001 -0.991117
0.513591 0.279905 0.388543
0.806448 0.420169 0.40732
0.625602 0.416343 0.665525
0.62734 0.15001 0.800953
-0.571635 0.15001 -2.36436
-2.22785 0.15001 -2.14395
-0.229537 0.15001 -0.0650134
-2.2379 0.15001 -0.516069
0.792575 0.235953 -0.181013
-2.46581 0.15001 1.62732
-2.7824 0.15001 -0.495496
0.471512 0.286963 1.00536
-1.45718 0.15001 1.04167
0.598267 0.271212 1.25026
-1.2044 0.15001 -1.60312
-0.177668 0.15001 2.25391
-0.525251 0.29404 -0.0305461
-1.63415 0.15001 -1.53725
0.930151 0.349511 -0.114376
0.410767 0.15001 0.31495
0.974586 0.444408 0.286994
-1.62255 0.15001 1.15485
-2.37655 0.15001 1.29586
0.237335 0.15001 1.97387
0.136251 0.15001 -2.84962
-1.0693 0.15001 1.63512
0.777383 0.40584 -0.253758
0.492873 0.293712 -0.072473
0.46648 0.15001 -2.04985
0.843339 0.315807 0.235122
0.558667 0.389603 0.07023
0.768442 0.504892 0.574519
0.465481 0.424814 0.553687
0.649461 0.408396 1.10667
-1.74203 0.15001 -1.69511
-2.83882 0.15001 -1.44999
-2.15818 0.15001 -1.73655
-0.168817 0.15001 0.118002
0.580029 0.15001 -0.358695
0.108898 0.15001 1.17897
-2.51222 0.15001 1.86316
-2.55903 0.15001 1.46702
-2.25319 0.15001 2.31202
0.924615 0.15001 1.91489
-1.80916 0.15001 0.645242
-1.68071 0.15001 -2.05747
-1.66171 0.15001 0.0559326
-2.12263 0.15001 -0.172029
-1.928 0.298276 -1.06291
0.4326 0.302567 -0.247839
-2.07916 0.15001 0.141655
-2.58937 0.15001 0.123867
0.0273089 0.15001 0.341187
-1.98196 0.15001 2.58433
0.327727 0.15001 -2.84996
-0.0162322 0.15001 -1.3027
-0.692622 0.15001 -0.123846
0.557647 0.15001 0.0947914
-1.21965 0.15001 0.912091
-1.75672 0.15001 -0.805224
0.883431 0.15001 0.577093
0.968137 0.15001 0.831849
0.590015 0.15001 0.98353
-2.03018 0.15001 1.6321
-1.4797 0.15001 -2.84822
-1.41734 0.15001 -0.896204
-1.93846 0.15001 -2.08929
-1.46149 0.15001 -1.92096
0.949195 0.15001 -0.211308
0.568113 0.271917 0.569589
0.689025 0.15001 0.625115
1.0548 0.236363 0.945874
-2.4471 0.15001 1.11472
0.716725 0.15001 1.31603
-1.92557 0.15001 -2.3053
-1.40914 0.15001 -0.56899
-0.0691159 0.15001 -0.0251337
0.472945 0.296543 0.210254
1.40459 0.15001 0.745094
0.303854 0.15001 0.178276
0.806623 0.15001 0.424973
1.01377 0.15001 0.464283
0.740456 0.295396 0.725976
1.0096 0.15001 1.37235
-1.73614 0.15001 -2.61834
-1.02714 0.15001 -2.10182
-1.23219 0.15001 -2.7428
1.24464 0.27792 -0.196937
0.671582 0.286497 0.168125
0.770325 0.15001 0.241354
0.999686 0.280998 0.728923
0.944108 0.42263 0.819257
0.81784 0.15001 0.761407
0.859347 0.268996 1.35172
-1.55222 0.15001 -1.74127
-0.621025 0.15001 -1.88928
1.18892 0.300811 -0.388374
0.211562 0.15001 -0.00235103
1.0198 0.277851 0.230382
0.632723 0.404977 0.465125
0.705376 0.274897 0.352049
1.22205 0.293128 1.02687
0.685211 0.295245 0.954742
0.0903251 0.15001 1.87277
-0.7748 0.15001 -2.09046
-0.22167 0.15001 -2.8211
-2.42099 0.15001 -2.83116
0.536804 0.15001 -0.177332
1.06913 0.318785 -0.236015
-2.07536 0.15001 -0.443976
0.887072 0.372549 0.629041
-2.68168 0.15001 2.48403
-1.89775 0.15001 0.284485
0.790339 0.294176 1.13679
-1.04728 0.15001 -0.844051
-1.26664 0.15001 -0.724537
-1.2542 0.15001 -2.53253
0.69076 0.15001 -0.498676
0.229185 0.15001 -0.194658
0.947506 0.490056 0.0217581
2.54686 0.3551 -2.2531
-1.55567 0.15001 2.11901
-1.78903 0.15001 2.64555
-1.06593 0.15001 2.68091
-1.93541 0.15001 -0.161959
-1.30482 0.15001 -1.84769
-1.34726 0.15001 -2.20674
-2.55076 0.15001 -0.846587
-0.576657 0.15001 0.0907951
-2.16734 0.15001 0.558024
0.972301 0.549486 0.682745
0.550417 0.311432 0.810086
-2.39545 0.15001 0.231149
-1.71023 0.15001 2.43641
-1.26705 0.15001 -2.36307
-1.7948 0.15001 -2.192
-2.69676 0.15001 -2.39496
0.0936136 0.15001 -2.34098
-1.85887 0.15001 1.66329
-0.118602 0.15001 1.67238
-2.70734 0.15001 0.773566
0.984226 0.45414 0.486351
-1.49945 0.15001 -2.09923
0.258718 0.15001 1.77119
-1.08534 0.15001 -0.673652
-2.50903 0.15001 -2.33725
-2.07213 0.15001 -2.20319
-1.87822 0.15001 -1.93404
-0.395174 0.15001 0.636519
-2.52809 0.15001 -0.659217
-2.13533 0.15001 0.979184
0.115456 0.15001 1.38113
-1.53495 0.15001 1.58779
-2.65514 0.15001 2.84999
-0.0398554 0.15001 -2.84887
2.07208 0.15001 -1.832
-0.47077 0.15001 -0.461194
0.382579 0.15001 0.0144472
1.44163 0.15001 0.0982913
-0.589512 0.15001 1.34048
1.11298 0.15001 0.316726
1.27318 0.15001 0.944996
-1.88272 0.15001 1.25696
1.04763 0.15001 1.17666
0.670759 0.15001 -2.84999
-1.13583 0.15001 -1.44596
1.03691 0.15001 -0.596253
-1.11979 0.15001 0.504246
1.3375 0.15001 -0.406382
0.934401 0.15001 0.302923
1.2696 0.209208 0.340557
1.06148 0.15001 0.639049
0.879098 0.15001 1.2126
-1.31842 0.15001 1.13069
1.19807 0.15001 -1.09744
2.70154 0.15001 -1.68718
1.36569 0.15001 -0.790001
0.0992464 0.15001 0.171069
-0.0416249 0.15001 1.02118
1.98356 0.15001 0.0375308
2.21541 0.15001 -0.754965
1.19484 0.261506 0.669974
-1.40303 0.15001 1.30208
1.26983 0.15001 1.12686
-0.385917 0.15001 -2.29962
-1.5547 0.15001 -2.63703
-1.47114 0.15001 -0.233345
1.13448 0.15001 -0.241864
0.849887 0.293719 0.0491534
0.923136 0.289832 0.410118
1.18786 0.302634 0.170241
0.861395 0.276146 0.891706
0.874269 0.15001 1.02009
1.15087 0.283683 1.1861
2.07712 0.243835 2.18082
-1.33384 0.15001 0.644945
1.55932 0.297973 -0.364956
0.629233 0.290088 -0.237498
0.999134 0.285462 -0.494098
0.916081 0.15001 0.124076
1.10772 0.321871 0.380178
1.04693 0.295064 0.548798
1.36599 0.295883 0.634489
-2.17654 0.15001 1.7211
-0.248193 0.15001 -2.44893
-0.581544 0.15001 -0.280177
0.293366 0.295836 -0.0952713
2.84586 0.15001 0.278472
1.33397 0.436135 0.110354
1.02944 0.326341 0.0630209
1.10547 0.424857 0.649774
1.13573 0.353513 0.828384
-2.84988 0.15001 0.913183
1.07826 0.400213 1.01784
-0.537192 0.15001 -0.734434
0.8429 0.15001 -2.84999
1.15319 0.354574 -0.0633942
0.00437814 0.15001 -2.50051
0.801473 0.286807 -0.472983
0.312157 0.28636 0.382915
0.746475 0.438131 0.060017
0.867996 0.41491 1.01113
1.36797 0.476653 1.09331
1.00736 0.345025 1.27263
-0.530013 0.15001 -1.17538
0.836199 0.15001 -0.607311
-0.680712 0.15001 -1.23165
-0.388437 0.15001 0.124657
-0.896846 0.15001 -0.912407
-1.89123 0.15001 0.0807432
1.27991 0.470124 0.596105
1.40406 0.547738 0.897279
1.01221 0.548998 0.931181
0.982992 0.498543 1.14322
-1.18278 0.15001 -1.10803
-1.16045 0.15001 0.727119
-1.46409 0.15001 -1.48248
-0.333006 0.15001 0.295363
1.71087 0.429616 -0.00831453
1.1485 0.474022 0.0836568
1.39156 0.15001 1.84633
0.75245 0.433138 0.84289
-2.34854 0.15001 1.98597
-1.97757 0.15001 0.650091
-0.419573 0.15001 -2.48333
-1.23819 0.15001 -0.281005
-1.43112 0.15001 -2.42534
0.454084 0.15001 -1.11966
-0.512812 0.15001 0.337518
-2.32011 0.15001 -0.753943
-2.34433 0.15001 -1.28003
-2.10145 0.15001 1.4825
-0.672674 0.15001 0.943238
-2.20146 0.15001 1.35272
1.41686 0.15001 -2.84999
-2.67881 0.15001 -2.67083
1.41359 0.15001 -1.91415
0.489661 0.15001 -0.583679
1.02734 0.15001 -1.06145
1.74034 0.15001 -0.195078
1.09333 0.15001 0.125257
1.40694 0.15001 0.550792
1.1446 0.15001 0.799928
1.18777 0.15001 1.29766
-1.25771 0.15001 -0.501765
-1.3291 0.15001 -0.11617
1.5579 0.15001 -0.801436
2.62259 0.15001 -0.61467
0.835272 0.15001 -1.04535
1.61347 0.15001 0.158461
1.27587 0.15001 0.0947301
-0.185258 0.15001 -0.492567
1.45753 0.15001 0.985024
-1.42042 0.15001 2.68484
-0.958505 0.15001 0.0422924
1.16456 0.282668 -0.590311
1.29859 0.15001 -0.569715
0.98133 0.15001 -0.395006
-0.00786257 0.15001 -0.420553
1.44866 0.15001 0.273819
1.19756 0.15001 0.507455
1.29863 0.255696 0.819893
1.37442 0.15001 1.28701
1.26822 0.15001 1.47481
-0.620545 0.15001 -1.71558
-0.784458 0.15001 -1.86461
0.66009 0.15001 -0.675773
-0.0243411 0.15001 -1.03195
1.35249 0.15001 -0.157064
1.52484 0.296916 0.105726
1.24231 0.317581 0.500044
1.32341 0.322934 1.22504
0.964973 0.28442 1.10164
1.44712 0.211313 1.13971
-1.68509 0.15001 0.495165
1.03225 0.15001 -2.13217
1.54845 0.15001 -0.468078
1.03461 0.191832 -0.0581126
1.42081 0.264659 0.406001
1.36184 0.282087 0.202612
1.55034 0.283541 0.538859
1.31553 0.404523 0.353178
1.82069 0.301717 1.2391
1.49179 0.15001 1.43602
-0.239838 0.15001 -2.17339
-0.434323 0.15001 1.25752
-0.83164 0.15001 -1.70015
1.18247 0.15001 -0.724891
1.31638 0.280688 0.00179888
1.57184 0.502417 0.117313
1.16375 0.461835 0.269162
0.00474062 0.15001 1.52173
1.16016 0.517159 0.452678
1.13784 0.27632 1.41969
-1.36134 0.15001 -1.21276
0.398439 0.15001 -1.69365
-1.51621 0.15001 -1.30381
0.904375 0.15001 2.29732
1.6627 0.15001 -0.954755
2.52947 0.15001 0.910639
1.43091 0.415625 0.501512
1.25558 0.441197 0.939294
1.52023 0.374442 1.09665
-0.749271 0.15001 2.54306
0.237485 0.15001 -1.68215
1.47691 0.15001 2.53162
1.32814 0.288815 -0.688044
1.73381 0.30902 -2.22837
-0.9553 0.15001 0.362467
-2.11905 0.15001 -2.66241
0.911107 0.15001 2.82542
2.43246 0.15001 1.59616
1.18475 0.533034 0.775248
1.19348 0.609083 0.958959
-0.617027 0.15001 -1.41034
-0.449608 0.15001 -1.94861
0.889081 0.480071 -0.714113
-0.52817 0.15001 -0.0883546
2.52919 0.15001 0.327488
2.6123 0.15001 1.22953
-2.47496 0.15001 0.831823
1.62408 0.545933 0.766613
1.18906 0.458013 1.16647
-1.29469 0.15001 2.13235
-0.361668 0.15001 -1.49478
1.71847 0.15001 -2.35024
-0.968258 0.15001 -2.62526
-2.01817 0.15001 2.37233
-2.09008 0.15001 -1.55417
-0.401636 0.15001 -1.04398
1.68085 0.15001 -1.78489
0.76845 0.15001 2.07183
-0.535536 0.15001 1.91006
-0.423197 0.15001 2.84642
0.74576 0.15001 -1.29928
0.317047 0.15001 -0.890495
-1.00525 0.15001 -1.05845
-0.347103 0.15001 -0.337081
2.82314 0.15001 -1.55274
1.79915 0.15001 0.186176
1.69087 0.15001 0.331952
1.51035 0.15001 1.71299
1.5891 0.15001 0.815279
-0.371666 0.15001 2.00565
-0.911057 0.15001 -0.363779
2.13753 0.15001 -2.84999
-0.0650081 0.15001 -1.89582
0.669687 0.15001 -2.69651
0.648905 0.15001 -1.05015
2.16703 0.15001 -1.52199
0.382545 0.15001 2.39422
-1.24331 0.15001 1.79527
-1.57801 0.15001 1.88737
-1.25405 0.15001 2.80347
0.887489 0.15001 -2.44712
1.7528 0.15001 -0.797915
1.43382 0.286091 -0.519669
1.38255 0.30127 -0.318805
1.50047 0.15001 -0.277101
2.13696 0.15001 -0.909939
1.58028 0.27078 0.286844
1.70786 0.15001 0.523943
1.56221 0.262639 0.938812
1.66248 0.15001 1.35646
1.11803 0.15001 -2.84999
1.46354 0.15001 -1.69873
-0.0241527 0.15001 -2.19324
2.01345 0.299289 -0.0328867
1.67655 0.299735 -0.224956
1.82506 0.275583 -0.0954241
1.54729 0.15001 0.429058
1.70319 0.289466 0.794982
1.83699 0.205251 1.03946
1.66065 0.265578 1.09534
0.4573 0.15001 -2.43712
1.61735 0.15001 -2.82331
1.02011 0.15001 -2.35343
1.68536 0.15001 -1.16577
0.81725 0.15001 -2.64768
1.46935 0.272058 -0.142715
1.80122 0.288431 0.297195
1.51931 0.2932 0.725498
2.18108 0.15001 0.927638
1.36764 0.289369 1.40819
-0.82348 0.15001 -1.46218
1.6472 0.15001 -0.634772
1.33283 0.419939 -0.117094
1.25529 0.439975 -0.288899
1.4899 0.410256 -0.0228301
1.5925 0.40879 0.405538
1.52284 0.412701 0.853398
1.39315 0.322702 0.968444
1.85713 0.456194 1.0136
-0.745398 0.15001 2.84999
0.503091 0.15001 -2.8383
-0.639406 0.15001 -0.463915
-0.997085 0.15001 -1.85464
-0.699207 0.15001 -1.57127
2.09141 0.30257 0.137183
1.69022 0.419235 0.236374
-1.93747 0.15001 2.7487
1.33763 0.420316 0.770434
-0.685933 0.15001 1.71643
1.52855 0.274722 1.28666
0.262073 0.15001 -2.25148
-1.78557 0.15001 -2.42219
-0.240448 0.15001 -1.17655
-1.09267 0.15001 -0.447744
-0.221379 0.15001 -1.01337
2.7401 0.15001 1.73312
1.87692 0.15001 -1.66647
1.47451 0.484359 0.664921
-0.226587 0.15001 2.41044
1.58867 0.518761 0.991926
-0.905577 0.15001 -0.619003
1.25973 0.15001 -2.75718
0.655308 0.15001 -1.45165
1.67324 0.293939 -2.7968
2.68298 0.15001 -0.768606
0.32585 0.15001 2.55931
2.0941 0.15001 -1.67274
1.78428 0.444941 0.768093
2.69174 0.15001 0.818168
0.694343 0.15001 2.28148
-0.636816 0.15001 -0.890321
0.945724 0.15001 -0.734615
1.59749 0.294221 -1.07348
2.84842 0.15001 -2.36306
2.53592 0.15001 0.53801
-1.00052 0.15001 1.23907
-0.313985 0.15001 1.57809
0.698802 0.15001 1.87547
0.873579 0.584195 0.385077
-1.2904 0.15001 2.43773
1.97585 0.15001 -2.77105
-0.450442 0.15001 -1.33905
-0.198848 0.15001 -1.73663
0.934118 0.15001 -0.899178
2.32175 0.15001 -1.29111
2.84998 0.15001 2.19791
2.68427 0.15001 -1.38308
2.64311 0.15001 2.00408
1.74293 0.15001 1.19065
-1.59123 0.15001 2.64752
-0.401226 0.15001 -2.84995
-0.639254 0.15001 -2.19594
1.8106 0.278662 -0.354767
2.00987 0.15001 0.20382
2.40393 0.15001 -0.778095
0.473421 0.15001 -1.86735
2.66186 0.15001 -2.40444
1.69532 0.15001 0.962252
2.00833 0.15001 1.00264
-1.2578 0.15001 2.62171
0.0823217 0.15001 -1.7846
1.42087 0.15001 -0.955414
1.46627 0.15001 -0.638685
0.337285 0.15001 -1.52149
2.08398 0.15001 -1.12609
2.12554 0.301965 0.484087
2.00376 0.280678 0.32159
1.85505 0.15001 0.390878
1.76953 0.15001 0.710957
1.85799 0.15001 1.35498
-0.270396 0.15001 -2.64056
-0.979007 0.15001 -1.47075
1.92467 0.15001 -0.454118
1.97674 0.15001 -0.132565
1.90019 0.283444 0.136557
2.4189 0.15001 2.30357
1.58061 0.15001 0.642522
1.79637 0.296543 0.630229
1.79737 0.15001 2.58609
-0.250103 0.15001 2.78737
0.235343 0.15001 -2.46662
-0.426891 0.15001 -2.1189
-1.21716 0.15001 -0.920829
1.25378 0.15001 -1.37262
1.47802 0.410973 0.248269
1.45107 0.15001 2.84999
2.40733 0.15001 0.635043
1.86305 0.15001 0.868982
2.24449 0.15001 2.20387
0.66918 0.15001 2.81495
1.74767 0.301027 -0.693851
1.7339 0.15001 -0.453337
1.59555 0.15001 -2.03027
-0.355058 0.15001 -0.594398
1.62598 0.2587 -0.0522234
2.51035 0.15001 -1.32355
2.19511 0.322392 0.299644
1.88664 0.15001 0.569583
1.96517 0.161083 0.72206
2.31759 0.15001 0.792967
0.97949 0.15001 -2.74291
2.32443 0.15001 -0.944908
2.5649 0.15001 -2.66769
2.13829 0.15001 -1.29226
1.81931 0.15001 -1.04959
1.46733 0.548181 0.368517
1.92558 0.308326 0.490186
1.70368 0.373675 0.952099
1.87599 0.323364 0.878693
1.93547 0.15001 1.17819
1.82411 0.15001 -2.84999
2.26132 0.15001 -1.90456
2.14971 0.15001 0.319823
1.53447 0.428414 -0.21272
0.0619478 0.15001 2.05745
2.03132 0.162467 -0.73328
2.84388 0.15001 2.40511
2.02997 0.653805 1.06574
1.64371 0.396793 0.643624
-0.935496 0.15001 2.07968
-0.394727 0.15001 -1.78713
-0.99034 0.15001 0.704345
0.147559 0.15001 -1.94851
-0.845087 0.15001 0.164965
2.8492 0.15001 -0.266029
0.894141 0.15001 -1.22366
0.189045 0.15001 2.17642
-1.73639 0.15001 1.78315
2.1198 0.303697 1.1922
1.65951 0.408752 1.2242
-1.10925 0.15001 2.13903
2.84691 0.15001 -2.16992
2.53584 0.420547 0.0950676
1.89833 0.432646 0.0364486
-0.724703 0.15001 0.365348
1.43237 0.15001 -2.55241
1.19709 0.15001 1.73723
-1.11875 0.15001 2.50185
1.43316 0.15001 -2.11668
-0.424355 0.15001 2.49958
0.844865 0.15001 -2.04543
0.510331 0.15001 -2.65173
2.83334 0.15001 -1.04928
1.05709 0.15001 -1.26214
2.50628 0.15001 -0.367717
2.29544 0.15001 1.45793
2.22369 0.15001 0.510912
1.97653 0.15001 -2.056
2.4481 0.15001 2.52396
2.57116 0.15001 1.69107
-1.58376 0.15001 -0.933237
1.20072 0.15001 -2.12074
0.292857 0.15001 -2.05393
0.639815 0.15001 -2.03696
2.26104 0.15001 -2.5987
0.771059 0.15001 1.71141
0.72951 0.15001 1.53083
2.28469 0.272104 0.648558
1.10036 0.15001 2.06342
0.113946 0.15001 2.42754
0.569684 0.15001 -1.27306
-0.468895 0.15001 -1.62637
-1.04667 0.15001 -1.24504
0.149857 0.15001 -0.927956
2.72413 0.15001 -2.56798
0.718547 0.15001 -1.88353
1.73111 0.309067 0.460839
2.69511 0.15001 0.392226
2.35087 0.15001 0.999482
0.404936 0.15001 2.03699
0.668304 0.15001 -2.45842
-1.70208 0.305565 -0.973037
0.120752 0.15001 -2.11567
0.55105 0.15001 -1.58062
2.30267 0.15001 -0.0124304
2.03018 0.15001 0.456843
2.39646 0.15001 0.435407
2.10838 0.307067 0.674362
0.666894 0.15001 2.62999
2.06452 0.15001 1.30879
-0.718187 0.15001 -0.68081
2.73479 0.15001 -2.73549
1.83127 0.15001 -0.619531
2.00068 0.15001 -1.54428
2.01692 0.277165 -0.244548
1.71452 0.284556 0.106147
2.18724 0.15001 0.13146
2.04744 0.257574 0.861803
-0.8201 0.15001 1.59193
1.91367 0.15001 2.78513
0.44677 0.15001 2.66852
0.613354 0.15001 -2.24773
1.6553 0.299753 -0.525231
1.06182 0.15001 -1.87619
1.48817 0.15001 -1.11102
2.32209 0.15001 -2.08369
2.10131 0.15001 2.65603
2.16654 0.15001 1.11366
2.84999 0.15001 -0.842519
0.130772 0.15001 2.64622
-0.235586 0.15001 -1.93479
0.937212 0.247861 -2.57383
2.60059 0.15001 -2.84999
-0.601901 0.318356 -2.41514
-2.01269 0.21944 -1.40862
-0.518527 0.310853 0.781193
-0.0162364 0.15001 2.21686
1.94509 0.377216 0.693669
0.564267 0.15001 1.98248
1.96584 0.31879 1.08943
-1.28203 0.15001 0.05934
-0.655183 0.15001 -1.05439
-1.59694 0.15001 2.84644
2.46547 0.15001 -1.7662
-2.78715 0.349841 2.49841
0.29422 0.15001 -1.35501
1.80131 0.461492 0.551477
2.83067 0.15001 1.97639
2.84999 0.15001 2.80531
1.84226 0.15001 2.14423
-0.813218 0.15001 -2.71135
0.844464 0.15001 -2.20985
2.22078 0.15001 -0.461429
2.04694 0.15001 1.51299
-0.824697 0.15001 -1.10574
1.51791 0.15001 -1.44795
2.84999 0.15001 1.55281
2.75993 0.15001 -0.0954587
2.73134 0.15001 1.36285
0.554128 0.15001 2.17925
2.39345 0.15001 -1.47569
2.51874 0.15001 -2.06428
1.86741 0.422897 -0.231574
1.08022 0.15001 -2.61623
-1.49143 0.281263 2.3848
0.583625 0.15001 1.61624
2.44838 0.15001 1.83158
2.84999 0.15001 0.82879
-1.15699 0.15001 2.31554
1.88384 0.15001 -2.42566
2.84999 0.15001 -1.74745
1.73787 0.15001 -2.70826
1.18437 0.15001 -2.28849
2.40998 0.15001 -1.11631
1.59894 0.15001 -2.21984
2.82396 0.15001 2.60948
2.54048 0.15001 -1.60966
2.47421 0.15001 -2.46442
1.97912 0.15001 -0.981523
1.61209 0.15001 2.84446
2.84999 0.15001 -2.84999
2.84999 0.15001 -1.37373
-0.20094 0.15001 -0.788594
1.87996 0.15001 -1.87806
2.67765 0.15001 -1.84934
2.67548 0.15001 1.05385
1.48158 0.15001 -2.38903
2.5507 0.15001 -0.867159
2.10935 0.15001 2.84999
0.412957 0.15001 2.84999
2.84999 0.15001 -0.602891
2.40048 0.15001 -2.71348
1.76457 0.15001 -1.37719
2.31258 0.15001 -2.84999
-1.18991 0.15001 1.95993
2.32605 0.15001 0.262866
2.33311 0.15001 -0.205837
0.787579 0.15001 -1.60016
-0.512498 0.15001 1.52172
2.09155 0.15001 1.91055
0.441768 0.15001 -2.23593
0.270005 0.296592 -1.25718
-0.179427 0.15001 -1.42205
2.28691 0.15001 -1.64111
-1.74632 0.15001 1.47313
2.84999 0.15001 1.10466
2.7494 0.15001 0.640318
2.84999 0.15001 0.47126
2.14174 0.15001 0.746017
2.6389 0.15001 2.41485
-0.900151 0.15001 -1.99083
0.889722 0.15001 -1.83796
1.03547 0.15001 -1.53124
1.9379 0.15001 -1.21071
2.17781 0.269677 -0.137076
1.30097 0.15001 -1.77139
1.44886 0.15001 2.31792
0.010384 0.15001 2.80523
-0.118094 0.15001 -2.3315
-0.413446 0.15001 1.70656
-1.00863 0.15001 -1.66545
2.50005 0.15001 -0.092761
2.06511 0.15001 -2.39507
0.153856 0.154282 -1.26981
2.16367 0.15001 -2.12777
2.41957 0.15001 2.71319
2.68636 0.15001 -0.406467
-0.926314 0.15001 2.50505
-0.273898 0.15001 2.56973
1.03655 0.15001 2.57111
-0.00969584 0.15001 -1.64852
2.70477 0.15001 -2.04973
-1.86592 0.284415 1.82581
2.84327 0.15001 0.0842806
-0.770092 0.15001 2.11321
2.50264 0.15001 -2.29566
2.76963 0.15001 -1.2225
1.56057 0.15001 2.14457
-0.600094 0.15001 2.24734
-2.04519 0.15001 1.29092
1.98846 0.15001 -2.59357
1.87507 0.15001 -2.20141
1.78806 0.15001 1.56475
2.32924 0.274538 0.124473
-0.656247 0.15001 2.39478
2.61781 0.15001 0.168555
1.99761 0.15001 -1.37957
2.65202 0.15001 -0.242297
1.76229 0.15001 -2.07915
2.00285 0.15001 2.45216
0.133023 0.15001 -1.52204
2.44178 0.15001 -0.534896
0.492257 0.15001 -0.947115
0.684676 0.15001 -0.869909
1.24607 0.15001 -2.57014
1.6412 0.15001 -2.53647
1.12604 0.15001 2.79266
2.2821 0.15001 -2.39041
0.912502 0.15001 1.51869
2.2672 0.15001 2.81469
1.32036 0.15001 -1.58008
2.84999 0.15001 -1.93868
-0.862175 0.15001 -1.28713
-0.804062 0.15001 -0.489165
2.68931 0.15001 2.7704
1.90362 0.431085 0.252539
-2.03031 0.299226 1.14222
2.6257 0.15001 2.17049
-0.946464 0.15001 2.29024
1.98065 0.15001 1.72294
