1240 0.1
-2.48727 0.15001 -2.49969
-2.68222 0.15001 -1.95161
-2.72532 0.15001 -1.58118
-2.72804 0.15001 -1.02427
-2.84999 0.15001 0.327259
-2.6741 0.15001 0.538634
-2.68823 0.15001 1.02015
-2.68969 0.15001 1.46575
-2.84999 0.15001 2.20903
-2.84999 0.15001 2.58938
-2.84661 0.15001 -2.52506
-2.74783 0.15001 -2.3684
-2.76759 0.15001 -1.39452
-2.84999 0.15001 -0.44686
-2.84999 0.15001 0.528063
-2.84999 0.15001 0.922781
-2.84999 0.15001 1.5942
-2.84999 0.15001 2.02476
-2.84999 0.15001 2.38881
-2.72858 0.15001 2.72415
-2.6003 0.15001 -2.70104
-2.5501 0.15001 -1.65543
-2.27095 0.15001 0.0312247
-2.82518 0.15001 -1.20031
-2.81191 0.15001 -0.651941
-2.4563 0.15001 -0.232896
-2.4471 0.15001 -0.0234093
-2.46412 0.15001 1.39754
-2.68581 0.15001 1.93535
-2.58933 0.15001 2.61932
-2.84129 0.15001 -2.70767
-2.7413 0.15001 -2.1919
-2.69973 0.15001 -1.76699
-2.84836 0.15001 -0.842527
-2.84999 0.15001 0.113781
-2.81866 0.15001 0.727808
-2.82821 0.15001 1.29545
-2.84999 0.15001 1.85404
-2.67623 0.15001 2.29559
-2.59617 0.15001 2.84999
-2.66574 0.15001 -2.52973
-0.0767616 0.15001 -0.687481
-0.804743 0.15001 0.469693
-2.6598 0.15001 -0.816583
-1.41378 0.15001 0.471539
-0.640644 0.15001 0.281843
-1.43932 0.788656 1.02394
-1.66977 0.546437 1.08367
-2.72332 1.02491 1.52692
-2.69966 0.15001 2.48492
-2.71714 0.15001 -2.8464
-2.52522 0.15001 -1.84593
-2.58556 0.15001 -1.45826
-2.64222 0.15001 -1.25418
-2.84999 0.15001 -0.0869093
-2.71008 0.15001 0.00818809
-2.64103 0.15001 1.2204
-2.70328 0.15001 1.72944
-2.70283 0.15001 2.11292
-2.46733 0.15001 2.73555
-2.27778 0.15001 -2.55915
-2.20755 0.15001 -1.56043
-1.6327 1.11917 -1.17155
-2.62257 0.15001 -0.633185
-2.60865 0.15001 -0.302554
-2.55788 0.15001 0.117249
-2.71366 0.15001 0.199154
-2.49233 0.15001 1.01014
-2.52352 0.15001 2.00659
-2.5287 0.15001 2.41692
-2.19003 0.15001 -2.3903
-2.06452 0.15001 -1.28058
-2.13809 0.15001 -1.10587
-2.35698 0.15001 -0.43106
-2.53292 0.15001 -0.472227
-2.59193 0.15001 -0.117661
-2.62461 0.15001 0.788532
-2.54839 0.15001 1.83358
-2.21287 0.15001 2.31202
-2.84999 0.15001 2.84999
-1.80734 0.15001 -1.868
-1.92612 0.15001 -1.41147
-2.20617 0.15001 -0.556963
-2.42801 0.306904 -0.0949301
-1.84748 0.15001 0.419876
-2.36459 0.15001 0.31386
-2.06248 0.15001 0.974797
-2.04439 0.15001 2.29464
-1.89967 0.15001 2.52539
-2.40747 0.15001 2.26069
-1.85326 0.15001 -1.58183
-1.6946 0.309507 -1.24435
-1.9377 0.15001 -0.561786
-2.27196 0.304802 -0.190296
-1.97259 0.15001 0.254656
-1.57769 0.15001 0.211248
-1.83193 0.304674 0.78436
-1.54957 0.156729 1.22325
-1.87581 0.15001 2.27499
-2.29681 0.15001 2.11306
-2.09653 0.15001 -2.77582
-1.49605 0.15001 -1.56738
-1.64367 0.15001 -1.16664
-2.77544 0.15001 -0.258
-0.92031 0.15001 1.13914
-2.39465 0.15001 1.91537
-1.55574 0.15001 1.39701
-1.17242 0.15001 1.78927
-1.74439 0.15001 2.46346
-2.4199 0.15001 2.56942
-2.42607 0.15001 -2.67641
-1.70114 0.15001 -1.30598
-0.755941 0.15001 -2.24225
-1.86171 0.15001 -1.24178
-1.30929 0.15001 1.45406
-1.09375 0.15001 2.54867
-1.35039 0.15001 2.39522
-1.11035 0.15001 2.07921
-2.54018 0.15001 2.16392
-2.18744 0.15001 2.84999
-1.9153 0.15001 -2.63823
-0.089568 0.15001 -0.378926
-0.808859 0.15001 0.303629
-1.86636 0.15001 0.63548
-0.614295 0.15001 0.673951
-0.772376 0.15001 -0.0717399
-0.979957 0.15001 0.512024
-0.463099 0.15001 0.868404
-0.0391045 0.15001 1.44338
-2.10642 0.15001 2.68007
-2.27613 0.15001 -2.76446
-1.76115 0.15001 -2.04949
-1.51662 0.15001 -1.39418
-1.55517 0.15001 -0.252307
-1.26308 0.15001 0.648716
-1.54943 0.15001 2.35133
-1.64485 0.15001 1.90297
-1.46277 0.15001 1.92071
-0.992513 1.1875 1.30333
-2.35251 0.15001 2.84999
-0.592151 0.15001 -0.416595
-0.427148 0.15001 -0.388959
-0.962361 0.15001 -0.347605
-0.773164 0.15001 -0.446893
-0.88761 0.15001 -0.203362
-1.36506 0.15001 -0.245725
-1.81184 1.48886 -0.213968
-1.42621 0.15001 0.704409
-1.00873 0.333803 0.701848
-2.34894 0.15001 2.41688
-2.09961 0.15001 -2.58913
-2.32511 0.985803 -2.40698
-1.20817 0.944425 -2.20276
-1.73545 0.15001 1.34864
-2.23702 0.432956 -0.0588794
-2.66829 0.206266 0.354382
-1.99142 0.15001 1.30113
-2.76182 0.861097 1.59089
-2.06101 0.15001 2.47882
-2.29107 0.15001 2.68724
-1.71702 0.15001 -2.54681
-1.28076 0.40774 -1.35749
-2.10369 0.15001 0.0795476
-2.61884 0.925308 0.495457
-0.618418 0.15001 -0.146756
-1.82221 0.15001 -0.186667
-1.6972 0.932951 0.433626
-1.90759 0.429761 1.83944
-2.13001 0.924397 2.3761
-2.22185 0.15001 2.52965
-1.55836 0.15001 -2.43699
-0.895052 0.15001 -2.49762
-1.43931 0.696018 -0.826116
-1.72757 0.15001 -1.02544
-1.64964 0.779392 -0.995783
-1.68034 0.234947 0.462283
-1.59446 0.216595 0.782637
-1.62328 0.15001 2.10584
-1.02061 0.15001 2.36823
-1.76188 0.15001 2.64058
-1.37972 0.15001 -2.50668
-1.94102 0.151984 -1.08685
-2.13684 0.231194 -0.933693
-1.66406 0.167764 -0.0831044
-1.871 0.739471 0.588265
-1.32267 0.15001 0.101338
-1.67627 0.445551 0.666411
-1.1623 0.15001 1.31082
-0.918849 0.15001 2.217
-1.93671 0.15001 2.6968
-1.1491 0.15001 -1.29096
-1.52281 0.157517 -1.04881
-1.35963 0.15001 -0.581669
-1.48933 0.15001 -0.437167
-1.47445 0.15001 -0.0361726
-1.31294 0.281425 0.519974
-1.37828 0.15001 0.901913
-1.46732 0.15001 1.60279
-1.21891 0.15001 1.60704
-1.41477 0.15001 2.55842
-1.4078 0.15001 -2.83853
-1.31819 0.15001 -1.51492
-0.336063 0.15001 -1.23
-1.97722 0.15001 -0.916139
0.267454 0.15001 2.25158
0.425155 0.15001 2.39104
0.104455 0.15001 2.51735
0.602194 0.15001 2.72142
-0.837169 0.15001 2.37224
-1.38845 0.15001 2.73233
-1.21565 0.15001 -2.8342
-1.72283 0.15001 -1.45711
-1.47668 0.15001 -1.23319
-0.361002 0.15001 -0.242172
-0.879519 0.15001 1.9037
-0.95274 0.15001 2.05239
-1.77177 0.15001 0.833902
-1.18013 0.15001 0.871021
-1.03881 0.15001 1.44892
-1.23286 0.15001 2.84999
-0.0674301 0.15001 -2.07333
0.452106 0.15001 -0.498382
-0.140815 0.15001 -0.0231948
-0.00517115 0.15001 0.549099
-0.336913 0.15001 0.76995
-0.0696569 0.15001 0.918889
-0.240872 0.15001 1.47649
0.0504379 0.15001 1.60712
0.037098 0.15001 1.94083
-1.51038 0.15001 2.84999
-1.92065 0.15001 -2.82659
-1.23297 1.50278 -1.17882
-0.554181 0.15001 -1.13113
-0.135293 0.15001 -1.19225
-0.351728 0.15001 1.33577
-1.58608 0.933801 1.26056
-1.94331 0.15001 0.797381
-1.11836 0.15001 0.712868
-1.41549 0.963312 1.29416
-1.85047 0.15001 2.84999
-0.130444 0.15001 -1.37215
0.042761 1.13884 -0.688812
-0.0132155 0.15001 0.165216
-0.848482 0.15001 0.641702
0.213658 0.15001 0.211902
0.0936797 0.15001 0.850864
-0.320935 1.15942 0.919686
-0.148698 0.423058 0.683705
0.120687 0.46358 -0.0677631
-1.57436 0.15001 2.64161
-1.73573 0.15001 -2.73187
-2.02063 0.807276 -1.05949
-1.31977 0.15001 -1.02054
0.371166 0.15001 -1.34656
-0.24031 0.15001 0.915063
-1.19817 0.15001 0.428955
-1.83522 0.684462 0.975042
-1.92584 0.514466 1.26089
-0.477034 0.729909 2.55527
-2.02437 0.15001 2.84999
-1.53528 0.15001 -2.62066
-1.19758 0.316234 -0.650704
-2.29638 0.15001 -0.254743
-2.05766 0.973921 -0.275418
-0.314216 0.15001 -0.598317
-1.46729 0.373389 0.34347
-1.72336 0.281888 0.625202
-1.01794 0.80683 0.973929
-1.26675 1.02907 1.76497
-1.67911 0.15001 2.79737
0.477479 1.41289 -1.62065
-1.72975 0.467012 -2.12024
-1.73702 0.542057 -0.900328
-1.22671 0.601681 0.875553
-0.798444 0.537494 0.0938949
-1.17537 0.388418 0.63671
-1.41468 0.16157 1.1181
-0.601886 0.843222 1.33247
0.529737 0.459827 2.67693
-0.925806 0.15001 2.54992
-0.805278 0.15001 -1.97222
-0.987282 0.15001 -1.44126
-1.61502 0.15001 -0.596012
-1.02492 0.25054 -0.141959
-1.34141 0.303504 -0.16006
-1.30962 0.705104 0.751955
-0.792722 0.15001 0.819555
-0.502412 0.15001 1.49453
-0.725007 0.15001 2.24291
-1.24995 0.15001 2.62821
-0.947396 0.15001 -1.62731
-1.11518 0.15001 -0.99669
-0.692731 0.30161 -0.4793
-1.14432 0.195726 -0.294828
-1.35574 0.28578 0.0318992
-1.16788 0.196965 0.154467
-0.338878 0.291397 0.905549
-0.956646 0.15001 1.30388
-0.778663 0.15001 2.03838
-0.624609 0.15001 2.40658
-1.31689 0.15001 -2.67796
-0.556679 0.15001 -2.66539
0.0815689 0.15001 -0.734056
-0.0451414 0.15001 -0.226886
-0.511257 0.15001 0.375177
0.155473 0.15001 0.613474
0.176972 0.15001 0.99192
0.337639 0.15001 0.929091
0.608011 0.15001 1.21587
-1.09256 0.15001 2.7106
-0.513357 0.15001 -2.84999
-1.13827 0.15001 -1.59227
-0.205377 0.15001 -0.204257
1.03795 0.15001 0.637201
0.610183 0.15001 0.792415
1.3607 0.15001 1.39032
0.930563 0.15001 1.21589
0.904922 0.15001 1.36134
0.757204 0.15001 2.67534
-1.00466 0.15001 2.84999
-1.01435 0.15001 -2.83668
0.27493 0.15001 -1.51963
0.377273 0.15001 0.312828
-0.182894 0.275665 0.0877365
0.228214 0.402467 -0.97383
-0.210248 0.15001 0.663789
0.132399 0.15001 1.19596
0.278791 0.15001 1.2907
0.364976 0.15001 1.78159
-0.799492 0.15001 2.84999
-0.774003 0.15001 -2.84999
-0.5262 0.15001 -1.51687
-0.72121 0.15001 -0.276987
1.54312 0.879322 1.48083
0.570396 0.15001 0.37267
0.858249 0.15001 0.892904
0.687045 0.15001 1.07782
0.841451 0.15001 1.04473
-0.340506 0.15001 2.64014
-0.0546281 0.15001 2.84999
-0.906083 0.15001 -2.68876
-0.631609 0.487047 -0.0940406
0.443565 0.15001 -0.324454
-1.3406 0.274832 -0.352136
-0.696283 0.15001 0.0881925
-0.0362782 0.15001 0.717517
-0.161823 1.24709 0.61751
-0.042977 1.04783 1.54807
-0.185598 0.15001 2.72918
-0.725152 0.15001 2.69344
-1.11432 0.15001 -2.67399
1.17307 0.15001 -1.84074
-1.59357 0.999712 0.332162
0.108793 0.231209 0.107349
-0.922939 0.779993 0.418823
-1.49324 0.716246 0.733254
0.471354 0.15001 0.575533
0.926345 0.15001 1.56462
0.121316 0.15001 2.84999
-0.902721 0.15001 2.71603
-0.732212 0.15001 -2.66315
-0.0438047 0.15001 -2.50835
-0.37829 0.589036 -0.532742
-1.02933 0.451979 -0.641851
-0.160692 0.152111 0.371388
-1.20144 0.19403 -0.106557
-1.13179 0.580998 1.00925
-0.154871 0.355229 1.7902
0.035688 1.16016 1.9869
-0.755144 0.15001 2.52608
-0.579834 0.15001 -2.34118
-0.11736 1.14233 -1.03764
-0.965177 0.250676 -1.25143
0.0606684 0.319496 -0.301177
-0.881356 0.387933 -0.116976
-0.148235 0.283857 0.496855
0.0218574 0.612978 1.02661
0.00928788 0.15001 2.37134
1.00618 0.933259 1.87464
-0.543634 0.15001 2.68355
-0.405841 0.15001 -2.23967
-0.000895758 0.667302 -1.0868
0.0582317 1.03489 -0.439723
-0.805846 0.296748 -0.275885
-0.533319 0.15001 0.00258966
-0.449045 0.15001 0.593286
-0.198142 0.15001 1.23177
-0.516279 0.15001 1.76715
-0.278733 0.15001 2.46254
-0.461924 0.15001 2.5079
0.156608 0.263775 -1.4404
0.000524955 0.258075 -0.976571
-0.469106 0.272208 -0.517416
-0.309801 0.279887 -0.12252
-0.637836 0.152608 0.493851
-0.291527 0.15001 0.499753
-0.357036 0.15001 1.12163
-0.025183 0.15001 1.26567
-0.139743 0.15001 2.56398
0.00273562 0.15001 2.6775
0.385104 0.15001 -2.81832
1.70981 0.15001 -2.32882
1.80822 0.15001 -0.235568
0.943758 0.15001 -0.208343
0.858814 0.15001 0.60954
0.51536 0.15001 0.928621
1.24141 0.15001 1.58942
1.39462 0.15001 1.52854
1.12438 0.15001 1.68924
0.679465 0.15001 2.84999
-0.0212919 0.15001 -2.84999
1.83963 0.15001 -1.40445
1.99643 0.15001 -0.705253
1.03391 0.15001 0.947002
1.20109 0.15001 1.44846
1.51688 0.15001 1.44428
1.47815 0.15001 1.74657
1.36351 0.15001 1.6678
0.574656 0.15001 2.28558
0.826519 0.15001 2.84999
-0.232792 0.15001 -2.78586
0.502838 0.15001 -0.671003
0.680139 0.15001 -0.236912
-0.814293 0.342745 0.0571542
0.0124563 0.15001 -0.0809391
-0.366144 0.15001 -0.0146452
0.00117633 0.15001 0.323564
0.0241324 0.32299 0.638247
0.197867 0.15001 2.38946
-0.628551 0.15001 2.84981
0.223846 0.15001 -2.84999
0.977863 0.15001 -1.47791
1.49942 0.15001 -0.267825
0.974684 0.15001 0.797092
0.667299 0.15001 0.609618
0.986777 0.15001 1.08593
1.44989 0.268182 1.6166
1.07867 0.15001 1.53515
0.766208 0.15001 1.62333
0.850151 0.324106 2.83394
-0.464422 0.659723 -2.71008
-0.562416 1.29061 -0.520519
0.51679 0.15001 -0.0700553
0.628672 0.361114 -0.301014
0.177081 0.15001 0.37625
-0.0822033 0.987998 0.0239224
-0.18956 1.13003 0.0201842
-0.172855 1.00262 0.695049
0.121037 0.15001 1.77606
0.373235 0.15001 2.84999
0.107621 0.15001 -2.72834
-0.249822 0.841516 -1.69309
0.809022 0.869653 -0.0628038
0.71656 1.29139 -1.04264
0.380875 0.449668 -0.297392
1.34763 0.16428 0.961637
1.29413 0.257989 1.4706
0.967869 0.15001 1.72362
1.70093 0.633209 2.3908
-0.406524 0.15001 2.84557
-0.382909 0.15001 -2.62314
0.0307501 0.15001 -1.16017
0.133734 0.15001 -0.919794
0.679403 0.361722 -0.806598
-0.624055 0.264792 0.173809
-0.259838 0.747524 -0.17767
0.71803 0.15001 0.264412
-0.628601 0.17199 2.10538
0.155991 0.683639 2.26381
0.521582 0.15001 2.84999
-0.208346 0.15001 -2.58853
-1.07819 0.894273 -2.39419
0.717079 0.482587 -0.924545
-0.10764 0.699316 -0.942401
1.19195 0.446987 -0.42287
-1.56384 0.841719 0.0578557
-0.0390907 0.300661 0.836952
0.902322 0.544249 1.68149
0.950737 0.927271 2.51141
0.848625 0.15001 2.52061
0.0989954 0.15001 -1.98739
0.395227 0.561929 -1.69346
-0.140134 0.15001 -0.920362
0.295298 0.240462 -0.401722
0.0999059 0.300211 -0.130258
0.291738 0.349914 0.252743
0.0042132 0.323432 0.292153
-0.128968 0.281237 1.36125
0.398584 0.235901 2.14166
0.647977 0.15001 2.53196
-0.338757 0.162092 -1.40832
0.451531 0.15001 -0.990487
0.549503 0.290062 -0.553148
0.586686 0.316143 -0.0933942
-0.118841 0.298777 -0.152895
0.250736 0.334601 0.0803403
0.0132524 0.392928 0.475996
-0.289444 0.15001 1.93392
0.110758 0.305899 1.6505
0.17553 0.15001 2.64855
0.395562 0.15001 -2.60914
0.730999 0.15001 -1.3119
2.37666 0.15001 0.330061
1.22575 0.15001 -0.0571425
0.696804 0.15001 0.922745
1.6273 0.15001 1.34603
1.53268 0.15001 1.59716
1.66321 0.15001 2.09879
0.881015 0.15001 1.86596
1.07167 0.15001 2.62956
0.660946 0.15001 -2.84999
1.52009 0.15001 -1.03305
1.77155 0.15001 -1.02737
1.05444 0.15001 1.38516
1.47311 0.15001 1.29849
1.26053 0.15001 1.15536
1.37655 0.15001 1.87312
2.13502 0.15001 1.98203
0.549741 0.15001 2.08253
1.11984 0.15001 2.84999
0.116457 0.15001 -2.45867
0.0728362 0.15001 -0.339987
1.43245 0.15001 0.0437544
1.01793 0.15001 -0.00385969
0.188349 0.188629 -0.0321567
0.16411 0.330843 0.406831
0.338533 0.291345 0.406385
0.415965 0.15001 1.07632
0.432011 0.15001 1.94294
0.918831 0.15001 2.68989
0.801462 0.15001 -2.73057
2.03427 0.15001 -1.54347
0.842126 0.15001 -1.02843
1.18959 0.15001 0.923919
1.02009 0.276225 1.22258
1.16851 0.263031 1.34061
1.59619 0.278817 1.50051
1.55996 0.639105 1.73206
1.23114 0.15001 2.09666
0.973517 0.15001 2.84999
0.203638 0.538858 -0.419414
-0.360726 0.15001 -1.5827
1.11131 0.15001 -0.173087
0.545753 0.615676 0.168481
0.148279 0.15001 -0.194516
0.340002 0.15001 0.0386696
0.0157106 1.02746 0.207489
0.162895 0.816538 0.915855
0.0244785 1.13878 1.41207
0.251487 0.15001 2.77318
-0.061845 0.15001 -2.68341
1.42238 0.679054 -1.55813
0.458526 0.15001 -1.77869
0.634508 0.745439 -1.12847
0.759291 0.396418 1.77099
1.355 0.249573 1.27843
1.54315 0.44286 1.32966
1.05091 0.27745 1.44379
1.68209 1.07743 2.61137
1.05351 0.283716 2.74621
-0.0300254 0.271729 -2.37452
-0.221348 0.15001 -2.40421
0.0278955 0.15001 -1.38842
1.20919 0.34199 0.038152
0.863993 0.5374 -0.0363457
-0.0441912 0.205502 -0.543852
0.320138 0.186768 0.761468
0.773455 0.179493 1.25032
0.0883346 0.243843 1.42601
0.938915 0.299973 2.49453
0.333219 0.15001 -2.18043
-0.436163 0.449028 -1.95844
0.480081 0.15001 -1.59183
0.731561 0.23135 -0.47246
0.750223 0.15001 0.460291
0.576728 0.288132 1.09429
0.460788 0.154619 1.35601
0.257291 0.240018 1.11173
0.745312 0.15001 2.19027
0.912538 0.15001 2.34147
0.972271 0.15001 -2.33729
0.539232 0.15001 -1.40241
0.149104 0.500276 -0.628091
0.992525 0.317895 -0.0110166
0.738056 0.583277 0.0938802
0.552323 0.303622 0.716978
0.398334 0.310828 0.914012
0.176929 0.316202 0.933956
0.898165 0.295321 2.23981
0.683638 0.313562 2.64983
0.335689 0.15001 -1.97469
0.431668 0.320549 -1.61669
0.972525 0.679771 -0.051897
0.655684 0.292893 0.0936651
0.528205 0.320515 0.321472
0.917139 0.310869 1.03719
0.272537 0.471567 0.862975
0.934352 0.329089 1.712
0.284383 0.27718 1.68806
0.735574 0.15001 2.37087
0.894897 0.15001 -2.55159
2.00461 0.15001 -1.88415
2.03659 0.15001 0.554645
0.863355 0.15001 0.192222
1.41283 0.15001 1.15378
1.65251 0.15001 1.50827
1.5813 0.15001 1.8467
1.8407 0.15001 1.95158
1.13753 0.15001 2.34017
1.52374 0.15001 2.66578
1.18921 0.15001 -2.80257
2.27371 0.15001 -0.872071
1.05953 0.15001 -1.23841
1.23822 0.15001 1.30351
1.85942 0.15001 1.5369
1.69124 0.15001 1.64378
1.52929 0.15001 1.9965
1.86788 0.15001 1.81473
1.25356 0.15001 1.76846
1.68149 0.15001 2.84999
0.0608438 0.15001 -2.27766
0.585757 0.15001 -0.402568
1.53009 0.497291 0.225011
1.27 0.15001 0.103043
0.348417 0.36496 -0.0692209
0.43274 0.315441 0.101354
1.26715 0.264844 1.05258
1.0506 0.272075 1.60145
0.989505 0.15001 1.9848
1.22946 0.15001 2.68773
1.01506 0.15001 -2.71483
1.95182 1.32216 -2.05542
0.934384 0.796334 -1.61869
1.13312 0.15001 1.08216
1.43978 0.341713 1.04698
1.65431 0.452286 1.47449
1.48572 0.259594 1.86551
1.96274 0.23613 2.03131
1.74342 1.19805 2.30438
1.52932 0.15001 2.84999
1.0084 0.372988 -1.09287
0.622714 0.15001 -1.78189
0.915995 1.09662 -0.27062
0.901985 0.87133 -0.242469
0.671047 0.15001 -0.0205377
0.758012 0.15001 0.740029
0.638368 0.507258 0.523522
0.383153 0.63422 1.03192
0.450159 0.36871 1.78177
0.296419 0.15001 2.52749
0.522686 0.15001 -2.73415
1.55625 0.511425 -1.51455
1.13122 0.15001 -2.22209
1.12009 0.219298 0.773345
1.55663 0.247216 1.2443
1.76137 0.257748 1.57518
2.03695 0.15001 1.56674
1.63825 0.495303 2.09063
1.63952 0.686111 2.81128
1.26635 0.15001 2.84999
0.220565 0.15001 -2.5952
0.207248 1.122 -0.906364
0.895479 0.390231 -1.31544
1.56691 0.391091 -0.140207
1.29402 0.327922 0.898551
1.17281 0.316948 1.17879
1.99609 0.272225 1.64445
1.79239 0.304377 1.99473
-0.199651 0.214336 1.05152
1.03059 0.15001 2.4684
0.703804 0.15001 -2.39833
0.522108 0.513582 -1.37664
0.924141 0.813338 -0.829306
0.685699 0.427892 0.234284
1.4227 0.158203 0.537527
1.44301 0.284955 1.43512
1.69006 0.155647 1.94793
1.9046 0.313566 2.52464
1.38788 0.15001 2.21446
1.2136 0.15001 2.51288
1.2029 0.15001 -2.41268
0.692251 0.153247 -1.48913
0.581732 0.153715 -1.1854
1.30693 0.275111 -0.161022
0.762265 0.297541 0.358802
0.412793 0.448495 0.534672
0.882463 0.321676 1.33602
1.11544 0.427796 1.38532
0.774419 0.292945 1.91176
1.02435 0.15001 2.18509
0.625195 0.253933 -1.63587
0.975356 0.15001 -0.916636
0.82128 0.350542 -1.08533
1.39796 0.315843 0.0435192
0.746379 0.531998 0.387759
1.10295 0.310326 1.00184
1.08483 0.443992 1.59223
1.14539 0.369979 1.76126
0.832269 0.210688 2.05173
0.672747 0.15001 1.9434
1.11159 0.15001 -2.55948
1.50628 0.15001 -1.31064
2.49644 0.15001 0.444686
0.976552 0.15001 0.381264
1.6922 0.15001 1.20846
1.8244 0.15001 1.28124
1.84696 0.15001 1.67672
1.98323 0.15001 2.15894
1.37846 0.15001 2.03984
1.86927 0.15001 2.69469
1.53293 0.15001 -2.79841
1.95017 0.15001 -1.2867
0.842232 0.15001 -1.18904
1.08972 0.15001 1.24023
1.75924 0.15001 1.41896
1.99981 0.15001 1.73173
1.9965 0.15001 1.9116
2.14876 0.15001 2.15736
1.81837 0.15001 2.09367
1.98998 0.15001 2.84999
0.643372 0.15001 -2.61972
0.815921 0.15001 -0.326251
1.69533 0.15001 -0.0641121
0.878292 0.488569 0.238084
0.543251 0.15001 0.107831
1.01417 0.419897 0.319972
1.13191 0.34679 0.517516
1.7136 0.15001 1.7851
1.0445 0.240197 1.83128
1.69609 0.15001 2.67765
1.36627 0.15001 -2.81355
1.76314 1.26324 -1.69674
0.753631 0.661133 -1.3641
0.742936 0.621254 0.851352
1.56665 0.15001 1.11707
1.9177 0.555522 1.76556
1.85902 0.695441 1.92402
1.88617 0.800281 2.08033
1.92073 1.15032 2.34781
1.8345 0.15001 2.84999
1.0201 0.271306 -1.35472
0.887101 0.15001 -1.34526
1.04756 0.15796 -0.605375
1.62682 1.32963 -0.211987
1.11095 0.15001 0.483915
1.20305 0.15001 0.348957
0.972618 0.746653 0.411134
1.58745 0.2354 1.70006
0.235687 0.182747 1.48082
1.3951 0.15001 2.78262
1.31776 0.15001 -2.59118
1.72572 0.794955 -2.77241
1.30137 0.625025 -2.26377
1.59222 0.622649 1.49407
1.85126 0.798954 1.42799
2.1348 0.886258 1.73097
1.97022 0.26862 1.82261
2.07953 0.555279 2.03247
1.71537 0.15001 2.37437
1.95421 0.15001 2.56056
1.81497 0.15001 -2.46379
2.50091 0.72916 -2.5526
1.66876 0.195656 -0.377206
2.18684 0.24456 -1.14639
1.85571 0.15001 0.2394
1.48224 0.408962 1.55376
1.75125 0.292024 1.323
1.75533 0.292206 1.73632
1.19075 0.15571 1.9218
1.78435 0.15001 2.53143
1.59489 0.15001 -2.58186
2.25794 0.15001 -1.40628
1.56863 0.673046 -1.65433
1.81812 0.15001 0.0628732
2.04009 0.169716 0.228521
1.622 0.304967 1.02437
2.72707 0.678963 1.78549
2.24768 0.269928 1.72284
1.49472 0.15001 2.37103
1.60591 0.15001 2.5061
1.79051 0.15001 -2.15489
1.11772 0.210408 -1.00615
2.12183 0.15001 -1.27911
1.88903 0.285341 -0.319122
1.66041 0.425757 0.0237993
1.1072 0.427068 0.167584
2.12702 0.325158 1.88613
1.69673 0.426593 1.83571
1.67502 0.61117 1.88039
1.31731 0.15001 2.37313
1.27689 0.161592 -1.36971
1.64405 0.245298 -1.13927
2.13072 0.15001 -0.533434
1.58168 0.24686 0.0268251
1.62521 0.319663 0.192085
1.49914 0.494554 0.95655
1.63241 0.386963 1.65049
1.95094 0.301391 1.44242
1.60282 0.15001 2.24534
1.40813 0.15001 2.53045
1.89489 0.15001 -2.84597
1.85338 0.15001 -1.16248
2.48717 0.15001 -0.60079
1.07893 0.15001 0.231848
1.49962 0.15001 0.97642
1.84517 0.15001 1.11819
2.40515 0.15001 1.06362
2.13412 0.15001 1.24545
2.23567 0.15001 2.29373
2.0467 0.15001 2.70646
2.2356 0.15001 -2.84999
2.31122 0.15001 -2.68012
1.65193 0.15001 -0.86319
2.6724 0.15001 -0.185551
2.35692 0.15001 0.553529
2.19277 0.15001 0.551635
1.91504 0.15001 1.40157
2.12924 0.15001 1.81086
2.52593 0.15001 2.53133
2.47475 0.15001 2.84999
1.70861 0.15001 -2.83223
1.33799 0.15001 0.264288
2.12012 0.567975 0.0368927
2.0889 0.15001 0.394137
2.12427 0.15001 -0.159568
2.00069 0.15001 0.709404
1.57509 0.478666 0.472184
1.79697 0.335786 0.862227
2.07156 0.15001 1.40234
2.13737 0.15001 2.58012
2.10484 0.15001 -2.63062
1.27515 0.15001 -0.95183
1.67376 0.15001 -1.29945
2.5825 0.15001 -0.969664
1.78116 0.15001 0.86205
1.97529 0.15001 1.24023
2.38718 0.15001 1.62174
2.43519 0.15001 1.95187
1.9092 0.991895 1.85715
2.3158 0.15001 2.84999
1.98672 0.705689 -2.60496
0.783414 0.740199 -1.19735
0.0828127 0.860068 -0.369528
1.76585 0.336565 -0.0954284
1.70115 1.0842 -0.273984
1.61213 0.15001 0.246936
1.74035 0.851992 0.252523
1.44057 0.286112 0.260099
1.254 0.419556 1.48822
2.23332 0.15001 2.70952
2.07007 0.15001 -2.84247
2.71543 0.15001 -2.4022
0.711925 0.816805 -0.457727
2.5841 0.15001 -0.446842
2.23912 0.604612 1.49469
2.59322 1.06343 1.70882
2.75011 0.969472 1.99485
2.65863 0.566362 1.46098
2.30442 0.15001 2.14722
2.15144 0.15001 2.84999
1.80903 0.15001 -2.63509
2.31949 0.743618 -2.2282
1.81818 0.370909 -0.558687
1.58067 0.447031 -0.865894
2.19174 0.777011 0.0939248
1.83509 0.251394 0.502547
1.22387 0.275612 0.199181
2.21952 0.236705 1.41112
2.28937 0.15001 1.82815
2.22157 0.15001 2.44537
2.47927 0.15001 -2.38934
2.41482 0.750728 -1.40862
2.33738 0.15001 -1.22858
2.32344 0.15001 -0.476596
2.84412 0.792043 0.909008
2.44105 0.294818 1.1729
2.53109 0.15001 1.1998
2.51267 0.15001 1.49616
1.89207 0.15001 2.39291
2.39103 0.15001 2.4281
2.3014 0.15001 -2.32669
2.15768 0.15001 -0.731143
2.44157 0.15001 -0.84974
1.9501 0.15001 -0.0881203
2.26907 0.2569 0.427159
2.10461 0.15001 0.94993
2.29336 0.15001 1.27696
2.43826 0.15001 1.77607
1.81953 0.15001 2.24558
2.05773 0.15001 2.44479
1.96637 0.15001 -2.16452
1.9279 0.303368 -1.37933
2.32525 0.15001 -0.675772
2.03922 0.15001 -0.354352
1.98134 0.228064 0.072428
2.12948 0.252075 0.790326
1.70378 0.15001 1.01357
2.21759 0.15001 1.56812
2.28699 0.15001 1.99119
2.04772 0.15001 2.29612
2.40293 0.15001 -2.84999
2.66863 0.15001 -2.55642
2.56972 0.15001 -1.53782
2.75081 0.15001 -1.40918
2.68709 0.15001 0.389408
2.6278 0.15001 0.736105
2.84999 0.15001 0.982226
2.71143 0.15001 1.72513
2.84999 0.15001 2.16177
2.6308 0.15001 2.84999
2.63799 0.15001 -2.84999
2.84563 0.15001 -1.9035
2.84999 0.15001 -1.5456
2.84999 0.15001 -1.2354
2.84999 0.15001 0.261949
2.84999 0.15001 0.653738
2.84999 0.15001 1.63003
2.84999 0.15001 1.9919
2.84999 0.15001 2.654
2.84999 0.15001 2.84999
2.69285 0.15001 -2.70962
2.63007 0.15001 -2.04178
2.66662 0.15001 -1.68249
2.84999 0.15001 -0.961183
2.75295 0.15001 -0.377421
2.55303 0.15001 0.59254
2.68582 0.15001 0.891955
2.84999 0.15001 1.45581
2.71206 0.15001 2.08448
2.69899 0.15001 2.57861
2.84999 0.15001 -2.65996
2.84999 0.15001 -2.48848
2.84999 0.15001 -1.72247
2.84999 0.15001 -0.542616
2.84999 0.15001 -0.224396
2.84999 0.15001 0.461239
2.84999 0.15001 1.28372
2.84999 0.15001 1.80807
2.84999 0.15001 2.49405
2.72983 0.15001 2.74035
2.84987 0.15001 -2.84999
2.84999 0.15001 -2.08573
2.47384 0.15001 -1.8047
2.71413 0.15001 -1.09861
2.8481 0.15001 -0.0355155
2.68601 0.15001 0.017921
2.5098 0.15001 0.0964809
2.69383 0.15001 1.22936
2.71687 0.15001 2.25652
2.41157 0.15001 2.69886
2.51023 0.15001 -2.7209
2.84999 0.15001 -2.29027
2.6521 0.15001 -1.86377
2.84999 0.15001 -0.751827
2.84993 0.272721 0.109832
2.71495 0.15001 0.567422
2.84999 0.15001 0.81654
2.71977 0.15001 1.90783
2.84999 0.15001 2.33371
2.57341 0.15001 2.69165
2.46443 0.15001 -2.55774
2.50678 0.15001 -2.22015
2.63588 0.15001 -1.2774
2.68365 0.15001 -0.620984
2.69599 0.15001 0.189487
2.62066 0.295824 0.479615
2.71406 0.15001 1.06793
2.69911 0.15001 1.5495
2.5835 0.15001 1.83049
2.69745 0.15001 2.41885
2.25094 0.15001 -2.50567
2.30732 0.15001 -2.14024
2.33739 0.15001 -1.67773
2.58879 0.153838 -0.770175
2.49714 0.15001 -0.120906
2.43595 0.15001 0.709138
2.56049 0.15001 1.01362
2.56088 0.15001 1.65521
2.57853 0.15001 2.19385
2.31857 0.15001 2.57131
2.69576 0.15001 -2.20682
2.44861 0.15001 -2.02017
2.45222 0.15001 -1.41401
2.4408 0.15001 -0.314905
2.30722 0.15001 -0.109692
2.54582 0.15001 0.274297
2.48319 0.15001 0.865442
2.64924 0.15001 1.38743
2.58206 0.15001 2.00066
2.54728 0.15001 2.359
2.13366 0.15001 -2.24054
2.28526 0.15001 -1.9263
2.50129 0.15001 -1.14265
2.23987 0.15001 -0.304485
2.30084 0.15001 0.09249
2.26087 0.15001 0.723102
2.29528 0.15001 0.905282
2.4424 0.15001 1.34696
2.45371 0.15001 2.10847
2.40891 0.15001 2.26905
-3 0 -3
-3 0 3
-3 1 -3
-3 1 3
-3 2 -3
-3 2 3
-3 3 -3
-3 3 3
-3 4 -3
-3 4 3
-3 5 -3
-3 5 3
-3 6 -3
-3 6 3
-2 0 -3
-2 0 3
-2 1 -3
-2 1 3
-2 2 -3
-2 2 3
-2 3 -3
-2 3 3
-2 4 -3
-2 4 3
-2 5 -3
-2 5 3
-2 6 -3
-2 6 3
-1 0 -3
-1 0 3
-1 1 -3
-1 1 3
-1 2 -3
-1 2 3
-1 3 -3
-1 3 3
-1 4 -3
-1 4 3
-1 5 -3
-1 5 3
-1 6 -3
-1 6 3
0 0 -3
0 0 3
0 1 -3
0 1 3
0 2 -3
0 2 3
0 3 -3
0 3 3
0 4 -3
0 4 3
0 5 -3
0 5 3
0 6 -3
0 6 3
1 0 -3
1 0 3
1 1 -3
1 1 3
1 2 -3
1 2 3
1 3 -3
1 3 3
1 4 -3
1 4 3
1 5 -3
1 5 3
1 6 -3
1 6 3
2 0 -3
2 0 3
2 1 -3
2 1 3
2 2 -3
2 2 3
2 3 -3
2 3 3
2 4 -3
2 4 3
2 5 -3
2 5 3
2 6 -3
2 6 3
-3 0 -3
-3 7 -3
-3 0 -2
-3 7 -2
-3 0 -1
-3 7 -1
-3 0 0
-3 7 0
-3 0 1
-3 7 1
-3 0 2
-3 7 2
-2 0 -3
-2 7 -3
-2 0 -2
-2 7 -2
-2 0 -1
-2 7 -1
-2 0 0
-2 7 0
-2 0 1
-2 7 1
-2 0 2
-2 7 2
-1 0 -3
-1 7 -3
-1 0 -2
-1 7 -2
-1 0 -1
-1 7 -1
-1 0 0
-1 7 0
-1 0 1
-1 7 1
-1 0 2
-1 7 2
0 0 -3
0 7 -3
0 0 -2
0 7 -2
0 0 -1
0 7 -1
0 0 0
0 7 0
0 0 1
0 7 1
0 0 2
0 7 2
1 0 -3
1 7 -3
1 0 -2
1 7 -2
1 0 -1
1 7 -1
1 0 0
1 7 0
1 0 1
1 7 1
1 0 2
1 7 2
2 0 -3
2 7 -3
2 0 -2
2 7 -2
2 0 -1
2 7 -1
2 0 0
2 7 0
2 0 1
2 7 1
2 0 2
2 7 2
-3 0 -3
3 0 -3
-3 0 -2
3 0 -2
-3 0 -1
3 0 -1
-3 0 0
3 0 0
-3 0 1
3 0 1
-3 0 2
3 0 2
-3 1 -3
3 1 -3
-3 1 -2
3 1 -2
-3 1 -1
3 1 -1
-3 1 0
3 1 0
-3 1 1
3 1 1
-3 1 2
3 1 2
-3 2 -3
3 2 -3
-3 2 -2
3 2 -2
-3 2 -1
3 2 -1
-3 2 0
3 2 0
-3 2 1
3 2 1
-3 2 2
3 2 2
-3 3 -3
3 3 -3
-3 3 -2
3 3 -2
-3 3 -1
3 3 -1
-3 3 0
3 3 0
-3 3 1
3 3 1
-3 3 2
3 3 2
-3 4 -3
3 4 -3
-3 4 -2
3 4 -2
-3 4 -1
3 4 -1
-3 4 0
3 4 0
-3 4 1
3 4 1
-3 4 2
3 4 2
-3 5 -3
3 5 -3
-3 5 -2
3 5 -2
-3 5 -1
3 5 -1
-3 5 0
3 5 0
-3 5 1
3 5 1
-3 5 2
3 5 2
-3 6 -3
3 6 -3
-3 6 -2
3 6 -2
-3 6 -1
3 6 -1
-3 6 0
3 6 0
-3 6 1
3 6 1
-3 6 2
3 6 2
