1240 0.1
-2.84999 0.15001 -2.84999
-0.895457 0.15001 -0.385981
-2.84999 0.15001 -0.500112
-2.84472 0.15001 -0.198481
-1.04875 0.15001 0.290289
-1.04875 0.15001 0.509715
-2.84476 0.15001 0.99853
-2.84999 0.15001 1.30022
-0.89547 0.15001 1.18599
-2.84999 0.15001 2.84999
-2.84999 0.15001 -2.84999
-0.909204 0.15001 -0.389078
-2.84999 0.15001 -0.499845
-2.84904 0.15001 -0.198484
-1.04665 0.15001 0.290467
-1.04665 0.15001 0.509537
-2.84909 0.15001 0.998536
-2.84999 0.15001 1.29995
-0.909217 0.15001 1.18908
-2.84999 0.15001 2.84999
-0.512924 0.244095 -0.512924
-0.515752 0.282203 -0.301214
-0.518796 0.284532 -0.100372
-0.519788 0.285407 0.0999082
-0.520051 0.285627 0.299979
-0.520051 0.285627 0.500021
-0.519788 0.285407 0.700093
-0.518796 0.284532 0.900372
-0.515752 0.282203 1.10121
-0.512925 0.244094 1.31292
-2.84999 0.15001 -2.84999
-2.85 0.15001 -0.833023
-0.581883 0.352784 -0.103043
-0.581667 0.356411 0.098875
-0.580878 0.355644 0.300108
-0.580877 0.355644 0.499892
-0.581668 0.356411 0.701125
-0.581883 0.352784 0.903043
-2.85 0.15001 1.63313
-2.84999 0.15001 2.84999
-0.532068 0.395018 -0.532068
-0.555047 0.412929 -0.312561
-0.563551 0.419178 -0.104167
-0.564566 0.42354 0.0986968
-0.564604 0.424014 0.299759
-0.564604 0.424014 0.500241
-0.564567 0.42354 0.701304
-0.563551 0.419178 0.904167
-0.555048 0.412928 1.11256
-0.532068 0.395018 1.33207
-0.738772 0.220271 -0.738772
-0.808519 0.228241 -0.429468
-0.599512 0.512423 -0.116236
-0.597957 0.526646 0.0940969
-0.588609 0.52652 0.299218
-0.588607 0.526519 0.500783
-0.597957 0.526647 0.705904
-0.599512 0.512423 0.916236
-0.808521 0.228238 1.22947
-0.738768 0.220271 1.53878
-0.539829 0.503015 -0.539829
-0.581822 0.524819 -0.328181
-0.587981 0.571158 -0.112652
-0.581286 0.584822 0.0956196
-0.582186 0.588066 0.298883
-0.582185 0.588066 0.501117
-0.581287 0.584822 0.704382
-0.587981 0.571158 0.912653
-0.581822 0.524817 1.12818
-0.53983 0.503014 1.33983
-0.765921 0.299327 -0.76592
-0.871431 0.28065 -0.493197
-2.84999 0.15001 -0.622719
-2.84999 0.15001 -0.271687
-2.84999 0.15001 0.0744294
-2.84999 0.15001 0.725657
-2.84999 0.15001 1.0718
-2.84999 0.15001 1.42283
-0.87143 0.280641 1.2932
-0.765919 0.299325 1.56593
-0.783205 0.290554 -0.783204
-2.81037 0.15001 -0.954681
-1.14145 0.233749 -0.270955
-1.0514 0.265251 0.0272317
-1.02882 0.276136 0.279288
-1.02882 0.276137 0.520717
-1.0514 0.265253 0.772778
-1.14146 0.23375 1.07096
-2.8104 0.15001 1.75479
-0.783202 0.290551 1.58321
-2.773 0.15001 -2.77327
-2.7931 0.15001 -0.944715
-2.82407 0.15001 -0.597854
-2.83302 0.15001 -0.210829
-2.84999 0.15001 0.0786933
-2.84999 0.15001 0.721392
-2.83307 0.15001 1.01092
-2.8241 0.15001 1.39796
-2.79313 0.15001 1.74483
-2.7659 0.15001 2.83738
-0.385982 0.15001 -0.895456
-2.48311 0.15001 -2.48308
-2.54 0.15001 -0.444713
-2.61452 0.15001 -0.0056227
-2.59259 0.15001 0.261758
-2.59259 0.15001 0.538319
-2.61457 0.15001 0.805715
-2.54003 0.15001 1.24468
-2.47333 0.15001 2.70288
-0.385975 0.15001 1.69548
-0.389079 0.15001 -0.909203
-0.299998 0.229117 -0.299998
-0.299998 0.229249 -0.0999986
-0.299998 0.229304 0.100001
-0.299998 0.229322 0.3
-0.299998 0.229322 0.5
-0.299998 0.229304 0.7
-0.299998 0.229249 0.899998
-0.299998 0.229117 1.1
-0.389071 0.15001 1.70923
-0.301214 0.282203 -0.515752
-0.302161 0.329971 -0.302161
-0.302134 0.331664 -0.100166
-0.302103 0.331877 0.100009
-0.302093 0.331874 0.300003
-0.302093 0.331874 0.499997
-0.302103 0.331878 0.699991
-0.302135 0.331666 0.900166
-0.302161 0.329972 1.10216
-0.301215 0.282202 1.31575
-0.833027 0.15001 -2.85
-0.308782 0.424057 -0.308782
-0.309444 0.435467 -0.102253
-0.309318 0.435785 0.0999233
-0.309472 0.436753 0.299883
-0.309471 0.436753 0.500117
-0.309319 0.435785 0.700077
-0.309444 0.435468 0.902253
-0.308782 0.424057 1.10878
-0.840169 0.15001 2.84999
-0.312561 0.412929 -0.555047
-0.306786 0.508272 -0.306786
-0.305582 0.517647 -0.102331
-0.306223 0.522568 0.0991537
-0.306355 0.523794 0.299862
-0.306354 0.523793 0.500138
-0.306223 0.522568 0.700847
-0.305582 0.517647 0.902331
-0.306786 0.508272 1.10679
-0.31256 0.412928 1.35505
-0.429468 0.228241 -0.808518
-0.311088 0.598984 -0.311088
-0.314666 0.622703 -0.105559
-0.314945 0.628105 0.0983464
-0.314904 0.630115 0.299492
-0.314904 0.630113 0.500508
-0.314945 0.628106 0.701654
-0.314666 0.622703 0.905559
-0.311088 0.598983 1.11109
-0.429465 0.228239 1.60853
-0.328182 0.524819 -0.581822
-0.313011 0.682611 -0.313011
-0.309887 0.708618 -0.104865
-0.310527 0.714643 0.0977853
-0.31078 0.718322 0.299355
-0.310779 0.71832 0.500645
-0.310528 0.714643 0.702216
-0.309887 0.708618 0.904865
-0.313011 0.682609 1.11301
-0.328181 0.524818 1.38182
-0.493199 0.28065 -0.87143
-0.312181 0.769669 -0.312181
-0.316991 0.805989 -0.108474
-0.311177 0.812415 0.0973611
-0.311581 0.816101 0.299256
-0.31158 0.8161 0.500745
-0.311177 0.812416 0.70264
-0.316991 0.805988 0.908474
-0.312181 0.769668 1.11218
-0.493187 0.280646 1.67145
-0.954686 0.15001 -2.81037
-0.722704 0.29699 -0.722704
-2.61236 0.15001 -0.854404
-2.70076 0.15001 -0.392507
-2.75733 0.15001 0.199515
-2.75735 0.15001 0.600518
-2.7008 0.15001 1.19255
-2.61239 0.15001 1.65447
-0.722704 0.296974 1.52272
-0.961346 0.15001 2.79907
-0.944721 0.15001 -2.79309
-2.64666 0.15001 -2.64676
-2.59476 0.15001 -0.84534
-2.68654 0.15001 -0.386115
-2.74289 0.15001 0.202824
-2.7429 0.15001 0.597214
-2.68658 0.15001 1.18616
-2.59479 0.15001 1.64541
-2.62592 0.15001 2.82461
-0.951269 0.15001 2.7815
-0.500117 0.15001 -2.84999
-0.444725 0.15001 -2.54
-0.218866 0.15001 -0.218865
-0.219576 0.15001 0.0829291
-0.224202 0.15001 0.297091
-0.224198 0.15001 0.502915
-0.219572 0.15001 0.717071
-0.21886 0.15001 1.01887
-0.415225 0.15001 2.60104
-0.504712 0.15001 2.84999
-0.499849 0.15001 -2.84999
-0.0999986 0.229249 -0.299998
-0.0999986 0.229353 -0.0999986
-0.0999988 0.2294 0.100001
-0.0999988 0.229415 0.3
-0.0999988 0.229415 0.5
-0.0999988 0.229399 0.7
-0.0999988 0.229353 0.899998
-0.0999988 0.229249 1.1
-0.504517 0.15001 2.84999
-0.100372 0.284532 -0.518796
-0.100166 0.331664 -0.302134
-0.10017 0.333434 -0.10017
-0.100166 0.33362 0.100013
-0.100164 0.333603 0.300004
-0.100164 0.333602 0.499996
-0.100166 0.333621 0.699987
-0.100169 0.333436 0.900169
-0.100166 0.331664 1.10213
-0.100373 0.284532 1.3188
-0.103043 0.352784 -0.581883
-0.102253 0.435467 -0.309444
-0.102005 0.445316 -0.102005
-0.102163 0.444755 0.099808
-0.102224 0.444812 0.299979
-0.102224 0.444812 0.500021
-0.102163 0.444755 0.700193
-0.102005 0.445316 0.902006
-0.102254 0.435467 1.10945
-0.103044 0.352781 1.38188
-0.104167 0.419178 -0.563551
-0.102331 0.517647 -0.305582
-0.101189 0.519926 -0.101189
-0.101311 0.52185 0.0995659
-0.101216 0.523207 0.299853
-0.101216 0.523205 0.500147
-0.101311 0.521851 0.700435
-0.101189 0.519926 0.901189
-0.102331 0.517647 1.10558
-0.104167 0.419177 1.36355
-0.116236 0.512424 -0.599512
-0.105559 0.622703 -0.314666
-0.105999 0.646223 -0.105999
-0.106391 0.649025 0.0988602
-0.107051 0.650129 0.299763
-0.107051 0.650127 0.500238
-0.106391 0.649025 0.701141
-0.105999 0.646223 0.905999
-0.105559 0.622702 1.11467
-0.116236 0.512422 1.39951
-0.112652 0.571158 -0.587981
-0.104865 0.708618 -0.309887
-0.103012 0.719781 -0.103012
-0.102822 0.724383 0.0985365
-0.102826 0.726693 0.29961
-0.102826 0.726691 0.50039
-0.102822 0.724384 0.701465
-0.103012 0.719781 0.903012
-0.104865 0.708618 1.10989
-0.112653 0.571156 1.38799
-0.622725 0.15001 -2.84999
-0.108474 0.805989 -0.316992
-0.106921 0.835783 -0.106921
-0.10641 0.8414 0.0976459
-0.106244 0.8448 0.299269
-0.106244 0.844797 0.500731
-0.106409 0.841401 0.702355
-0.106921 0.835782 0.906921
-0.108474 0.805989 1.11699
-0.629303 0.15001 2.84949
-0.270957 0.233749 -1.14144
-0.85442 0.15001 -2.61235
-1.99337 0.15001 -1.99339
-2.36455 0.15001 -0.449274
-2.40078 0.15001 0.213352
-2.40077 0.15001 0.586745
-2.36452 0.15001 1.2493
-1.99311 0.15001 2.7936
-0.79614 0.15001 2.62677
-0.270945 0.233752 1.94148
-0.597861 0.15001 -2.82408
-0.845354 0.15001 -2.59475
-1.97835 0.15001 -1.97836
-2.35361 0.15001 -0.441306
-2.39246 0.15001 0.214283
-2.39244 0.15001 0.585815
-2.35358 0.15001 1.24133
-1.9781 0.15001 2.77858
-0.787144 0.15001 2.60978
-0.604606 0.15001 2.82032
-0.198487 0.15001 -2.84473
-0.00561269 0.15001 -2.61453
0.0829287 0.15001 -0.219576
0.0805988 0.15001 0.0805995
0.0801096 0.15001 0.296046
0.0801126 0.15001 0.503969
0.0806046 0.15001 0.719402
0.0829348 0.15001 1.01959
-0.0947895 0.15001 2.61452
-0.153924 0.15001 2.84999
-0.19849 0.15001 -2.84905
0.100001 0.229304 -0.299998
0.100001 0.2294 -0.0999988
0.100001 0.229443 0.100001
0.100001 0.229457 0.3
0.100001 0.229457 0.5
0.100001 0.229443 0.7
0.100001 0.229399 0.899998
0.100001 0.229304 1.1
-0.154306 0.15001 2.84999
0.0999082 0.285407 -0.519788
0.100009 0.331877 -0.302103
0.100013 0.33362 -0.100166
0.100022 0.333753 0.100022
0.100023 0.33372 0.300006
0.100023 0.333719 0.499995
0.100022 0.333753 0.699979
0.100014 0.333621 0.900166
0.100009 0.331878 1.10211
0.0999081 0.285407 1.31979
0.0988749 0.356411 -0.581667
0.0999233 0.435785 -0.309318
0.099808 0.444755 -0.102163
0.0995451 0.446853 0.0995451
0.0992825 0.448918 0.299715
0.0992825 0.448917 0.500285
0.099545 0.446852 0.700456
0.0998078 0.444753 0.902165
0.0999235 0.435785 1.10932
0.0988742 0.356409 1.38167
0.0986968 0.42354 -0.564566
0.0991536 0.522568 -0.306223
0.0995659 0.52185 -0.101311
0.0997248 0.524787 0.0997248
0.0998046 0.525049 0.300027
0.0998044 0.525047 0.499974
0.099725 0.524786 0.700276
0.099566 0.52185 0.901312
0.0991535 0.522568 1.10623
0.0986964 0.423538 1.36457
0.0940969 0.526646 -0.597956
0.0983464 0.628105 -0.314945
0.0988602 0.649025 -0.106391
0.0984743 0.651627 0.0984743
0.0984275 0.653908 0.299493
0.0984278 0.653907 0.500508
0.0984744 0.651625 0.701527
0.0988604 0.649024 0.906393
0.0983464 0.628105 1.11495
0.0940967 0.526644 1.39796
0.0956195 0.584822 -0.581286
0.0977853 0.714643 -0.310527
0.0985365 0.724384 -0.102822
0.0989385 0.727108 0.0989385
0.0986324 0.72765 0.299872
0.0986321 0.727651 0.500128
0.0989371 0.727105 0.701063
0.0985368 0.724381 0.902823
0.0977851 0.714643 1.11053
0.0956193 0.58482 1.38129
-0.271689 0.15001 -2.84999
0.0973611 0.812416 -0.311177
0.0976459 0.8414 -0.10641
0.097878 0.848242 0.097878
0.0974152 0.851447 0.299306
0.0974145 0.851443 0.500695
0.0978795 0.848238 0.702123
0.0976461 0.841397 0.906412
0.0973608 0.812414 1.11118
-0.280844 0.15001 2.84999
0.0272312 0.265252 -1.0514
-0.39251 0.15001 -2.70076
-0.449286 0.15001 -2.36456
-0.764157 0.470472 -0.764099
0.0982526 0.939723 0.299777
0.0982527 0.939722 0.500224
-0.759366 0.470351 1.56902
-0.420335 0.15001 2.43924
-0.339253 0.15001 2.73173
0.0272331 0.265248 1.85142
-0.210826 0.15001 -2.83303
-0.386118 0.15001 -2.68654
-0.441319 0.15001 -2.35361
-0.755399 0.465417 -0.755342
0.135569 1.09488 0.291651
0.135581 1.09469 0.508369
-0.750817 0.465303 1.56005
-0.412389 0.15001 2.4288
-0.331287 0.15001 2.72178
-0.097433 0.15001 2.82342
0.290289 0.15001 -1.04875
0.261767 0.15001 -2.5926
0.297091 0.15001 -0.224202
0.296046 0.15001 0.0801097
0.297329 0.15001 0.297329
0.297331 0.15001 0.502694
0.296051 0.15001 0.719908
0.297102 0.15001 1.02421
0.194908 0.15001 2.59688
0.290287 0.15001 1.84877
0.290467 0.15001 -1.04664
0.3 0.229322 -0.299998
0.3 0.229415 -0.0999988
0.3 0.229457 0.100001
0.3 0.229471 0.3
0.3 0.229471 0.5
0.3 0.229457 0.7
0.3 0.229415 0.899999
0.3 0.229322 1.1
0.290465 0.15001 1.84667
0.299979 0.285627 -0.520051
0.300003 0.331874 -0.302093
0.300004 0.333603 -0.100164
0.300006 0.33372 0.100023
0.300006 0.333685 0.300006
0.300006 0.333683 0.499994
0.300006 0.33372 0.699978
0.300005 0.333601 0.900164
0.300003 0.331875 1.10209
0.299979 0.285627 1.32005
0.300108 0.355644 -0.580877
0.299883 0.436753 -0.309472
0.299979 0.444812 -0.102224
0.299715 0.448918 0.0992825
0.299981 0.44782 0.299981
0.299981 0.447818 0.50002
0.299715 0.448918 0.700718
0.299979 0.444812 0.902226
0.299883 0.436752 1.10947
0.300108 0.355642 1.38088
0.299759 0.424014 -0.564604
0.299862 0.523794 -0.306355
0.299853 0.523207 -0.101216
0.300027 0.525049 0.0998046
0.299931 0.525739 0.299931
0.299931 0.525738 0.50007
0.300027 0.525046 0.700197
0.299854 0.523204 0.901217
0.299862 0.523793 1.10636
0.299759 0.424012 1.36461
0.299218 0.52652 -0.588609
0.299492 0.630115 -0.314904
0.299763 0.650129 -0.107051
0.299493 0.653908 0.0984275
0.299853 0.656805 0.299853
0.299854 0.656802 0.500148
0.299493 0.653906 0.701574
0.299763 0.650127 0.907054
0.299492 0.630114 1.11491
0.299217 0.526517 1.38861
0.298883 0.588067 -0.582186
0.299355 0.718322 -0.31078
0.29961 0.726693 -0.102826
0.299872 0.72765 0.0986324
0.299131 0.734049 0.299131
0.299131 0.73405 0.500868
0.29987 0.72766 0.701369
0.299611 0.726688 0.902829
0.299355 0.718322 1.11078
0.298883 0.588064 1.38219
0.0744365 0.15001 -2.84999
0.299256 0.816102 -0.311581
0.299269 0.8448 -0.106244
0.299306 0.851447 0.0974151
0.299541 0.845344 0.299541
0.299541 0.845344 0.50046
0.299308 0.851438 0.702588
0.299269 0.844795 0.906246
0.299256 0.8161 1.11158
0.0994036 0.15001 2.84999
0.279288 0.276136 -1.02882
0.199523 0.15001 -2.75734
0.213363 0.15001 -2.40078
0.299777 0.939723 0.0982526
0.302514 0.975384 0.302513
0.302547 0.975437 0.497394
0.299775 0.939725 0.701748
0.153167 0.15001 2.42204
0.140082 0.15001 2.74202
0.27929 0.276129 1.82883
0.0786999 0.15001 -2.84999
0.202831 0.15001 -2.7429
0.214293 0.15001 -2.39245
0.291654 1.09488 0.135565
0.317666 1.03105 0.317657
0.317864 1.03052 0.481978
0.291774 1.09459 0.664431
0.154186 0.15001 2.41393
0.142489 0.15001 2.7284
0.103318 0.15001 2.84999
0.509715 0.15001 -1.04875
0.538326 0.15001 -2.5926
0.502915 0.15001 -0.224197
0.503969 0.15001 0.0801125
0.502694 0.15001 0.297331
0.502696 0.15001 0.502696
0.503974 0.15001 0.719912
0.502922 0.15001 1.02422
0.605166 0.15001 2.59692
0.509712 0.15001 1.84877
0.509537 0.15001 -1.04665
0.5 0.229322 -0.299998
0.5 0.229415 -0.0999988
0.5 0.229457 0.100001
0.5 0.229471 0.3
0.5 0.229471 0.5
0.5 0.229457 0.7
0.5 0.229415 0.899999
0.5 0.229322 1.1
0.509535 0.15001 1.84667
0.500021 0.285627 -0.520051
0.499998 0.331874 -0.302093
0.499996 0.333602 -0.100164
0.499995 0.333719 0.100023
0.499994 0.333683 0.300006
0.499994 0.333682 0.499994
0.499995 0.333719 0.699978
0.499996 0.3336 0.900164
0.499998 0.331874 1.10209
0.500021 0.285627 1.32005
0.499892 0.355644 -0.580877
0.500117 0.436753 -0.309471
0.500021 0.444812 -0.102224
0.500285 0.448917 0.0992825
0.50002 0.447818 0.299981
0.50002 0.447817 0.50002
0.500285 0.448918 0.700719
0.500021 0.44481 0.902226
0.500118 0.436752 1.10947
0.499892 0.355641 1.38088
0.500241 0.424014 -0.564604
0.500138 0.523793 -0.306355
0.500147 0.523205 -0.101216
0.499974 0.525047 0.0998044
0.500069 0.525738 0.299931
0.50007 0.525738 0.50007
0.499974 0.525043 0.700197
0.500147 0.523202 0.901217
0.500138 0.523793 1.10636
0.500241 0.424012 1.36461
0.500783 0.526519 -0.588607
0.500508 0.630113 -0.314904
0.500238 0.650127 -0.107051
0.500508 0.653907 0.0984278
0.500148 0.656802 0.299854
0.500148 0.6568 0.500148
0.500508 0.653904 0.701573
0.500238 0.650126 0.907054
0.500509 0.630113 1.11491
0.500783 0.526516 1.38861
0.501117 0.588066 -0.582185
0.500645 0.71832 -0.31078
0.50039 0.726691 -0.102826
0.500128 0.727651 0.098632
0.500868 0.73405 0.299131
0.500867 0.734053 0.500867
0.500131 0.727666 0.70137
0.500391 0.726684 0.902831
0.500646 0.718321 1.11078
0.501117 0.588063 1.38219
0.725673 0.15001 -2.84999
0.500745 0.8161 -0.31158
0.500731 0.844797 -0.106244
0.500695 0.851443 0.0974145
0.50046 0.845344 0.299541
0.500461 0.845341 0.500461
0.500695 0.851433 0.702588
0.500732 0.844791 0.906245
0.500745 0.816099 1.11158
0.700707 0.15001 2.84999
0.520717 0.276137 -1.02881
0.600542 0.15001 -2.75735
0.586752 0.15001 -2.40077
0.500224 0.939722 0.0982527
0.497397 0.975438 0.302545
0.497429 0.975437 0.497427
0.500226 0.939724 0.701748
0.647031 0.15001 2.42208
0.660048 0.15001 2.74205
0.520718 0.276126 1.82884
0.721409 0.15001 -2.84999
0.597237 0.15001 -2.74291
0.585821 0.15001 -2.39245
0.508373 1.09469 0.135575
0.481991 1.03053 0.317856
0.481959 1.03033 0.481953
0.508462 1.09454 0.664527
0.646008 0.15001 2.41397
0.657644 0.15001 2.72843
0.696792 0.15001 2.84999
0.998573 0.15001 -2.84477
0.805717 0.15001 -2.61456
0.717068 0.15001 -0.219572
0.719402 0.15001 0.0806042
0.719909 0.15001 0.296051
0.719913 0.15001 0.503973
0.719423 0.15001 0.719423
0.717091 0.15001 1.0196
0.894877 0.15001 2.61455
0.954018 0.15001 2.84999
0.998579 0.15001 -2.8491
0.7 0.229304 -0.299998
0.7 0.229399 -0.0999988
0.7 0.229443 0.100001
0.7 0.229457 0.3
0.7 0.229457 0.5
0.7 0.229443 0.7
0.7 0.229399 0.899999
0.7 0.229304 1.1
0.9544 0.15001 2.84999
0.700093 0.285407 -0.519788
0.699991 0.331878 -0.302103
0.699987 0.333621 -0.100166
0.699979 0.333753 0.100022
0.699978 0.33372 0.300006
0.699978 0.333719 0.499995
0.699979 0.333752 0.699979
0.699988 0.333619 0.900167
0.699992 0.331877 1.1021
0.700093 0.285407 1.31979
0.701125 0.356411 -0.581667
0.700077 0.435785 -0.309319
0.700193 0.444755 -0.102163
0.700456 0.446852 0.099545
0.700718 0.448918 0.299715
0.700719 0.448918 0.500285
0.700456 0.446854 0.700456
0.700193 0.444754 0.902166
0.700078 0.435784 1.10932
0.701126 0.35641 1.38167
0.701304 0.423539 -0.564567
0.700847 0.522568 -0.306223
0.700435 0.52185 -0.101311
0.700276 0.524786 0.099725
0.700197 0.525046 0.300027
0.700197 0.525043 0.499974
0.700276 0.524781 0.700276
0.700435 0.521845 0.901312
0.700848 0.522566 1.10623
0.701305 0.423539 1.36457
0.705904 0.526647 -0.597957
0.701654 0.628106 -0.314946
0.701141 0.649025 -0.106391
0.701527 0.651625 0.0984745
0.701574 0.653906 0.299493
0.701573 0.653904 0.500508
0.701527 0.651623 0.701527
0.701142 0.649023 0.906395
0.701655 0.628102 1.11495
0.705904 0.526643 1.39796
0.704382 0.584822 -0.581287
0.702216 0.714643 -0.310528
0.701465 0.724384 -0.102822
0.701063 0.727105 0.0989371
0.701369 0.72766 0.29987
0.701371 0.727666 0.500131
0.701066 0.727095 0.701066
0.701464 0.724372 0.902823
0.702217 0.71464 1.11053
0.704382 0.584819 1.38129
1.07182 0.15001 -2.84999
0.70264 0.812416 -0.311177
0.702355 0.841401 -0.106409
0.702124 0.848238 0.0978794
0.702588 0.851438 0.299308
0.702588 0.851433 0.500695
0.702123 0.848226 0.702123
0.702356 0.841392 0.906412
0.702641 0.812411 1.11118
1.08094 0.15001 2.84999
0.772778 0.265253 -1.0514
1.19259 0.15001 -2.70081
1.24934 0.15001 -2.36455
1.56889 0.470359 -0.759499
0.701748 0.939725 0.299775
0.701748 0.939725 0.500226
1.56492 0.470588 1.56489
1.22052 0.15001 2.4392
1.13935 0.15001 2.73174
0.772773 0.265246 1.85143
1.01093 0.15001 -2.83308
1.1862 0.15001 -2.68659
1.24138 0.15001 -2.35361
1.55993 0.465311 -0.750945
0.66444 1.09459 0.291767
0.664531 1.09454 0.508458
1.55613 0.465535 1.55609
1.21257 0.15001 2.42876
1.13138 0.15001 2.7218
0.897468 0.15001 2.82342
1.30025 0.15001 -2.84999
1.24474 0.15001 -2.54005
1.01887 0.15001 -0.218862
1.01959 0.15001 0.0829349
1.02421 0.15001 0.297103
1.02422 0.15001 0.502921
1.0196 0.15001 0.717091
1.01889 0.15001 1.01889
1.21532 0.15001 2.60104
1.30481 0.15001 2.84999
1.29998 0.15001 -2.84999
0.899998 0.229249 -0.299998
0.899998 0.229353 -0.0999988
0.899998 0.229399 0.100001
0.899999 0.229415 0.3
0.899999 0.229415 0.5
0.899999 0.229399 0.7
0.899999 0.229352 0.899999
0.899999 0.229249 1.1
1.30462 0.15001 2.84999
0.900372 0.284532 -0.518796
0.900166 0.331666 -0.302135
0.900169 0.333436 -0.100169
0.900166 0.333621 0.100014
0.900164 0.333601 0.300005
0.900164 0.3336 0.499996
0.900167 0.333619 0.699988
0.90017 0.333431 0.90017
0.900166 0.331663 1.10214
0.900373 0.284532 1.3188
0.903043 0.352784 -0.581883
0.902253 0.435468 -0.309444
0.902006 0.445316 -0.102005
0.902165 0.444753 0.0998078
0.902226 0.444811 0.299979
0.902226 0.444811 0.500021
0.902166 0.444754 0.700193
0.902007 0.445315 0.902007
0.902256 0.435465 1.10945
0.903046 0.352782 1.38189
0.904167 0.419178 -0.563551
0.902331 0.517647 -0.305582
0.901189 0.519926 -0.101189
0.901312 0.52185 0.099566
0.901217 0.523204 0.299854
0.901217 0.523202 0.500147
0.901312 0.521845 0.700435
0.90119 0.519925 0.90119
0.902333 0.517643 1.10558
0.904169 0.419175 1.36355
0.916236 0.512423 -0.599512
0.905559 0.622703 -0.314666
0.905999 0.646223 -0.105999
0.906393 0.649024 0.0988605
0.907054 0.650127 0.299763
0.907054 0.650126 0.500238
0.906395 0.649023 0.701141
0.906 0.646219 0.906
0.905561 0.622699 1.11467
0.916239 0.512421 1.39952
0.912653 0.571157 -0.587981
0.904865 0.708617 -0.309887
0.903012 0.71978 -0.103012
0.902824 0.724381 0.0985368
0.902829 0.726688 0.299611
0.902831 0.726684 0.500391
0.902823 0.724372 0.701464
0.903013 0.719775 0.903014
0.904867 0.708615 1.10989
0.912655 0.571155 1.38798
1.42287 0.15001 -2.84999
0.908474 0.805988 -0.316992
0.906921 0.835781 -0.106921
0.906412 0.841397 0.097646
0.906246 0.844794 0.299269
0.906245 0.844791 0.500732
0.906412 0.841392 0.702356
0.906923 0.835777 0.906923
0.908476 0.805985 1.11699
1.4294 0.15001 2.84949
1.07097 0.233749 -1.14146
1.65451 0.15001 -2.6124
2.79365 0.15001 -1.99301
2.43922 0.15001 -0.420337
2.42203 0.15001 0.15317
2.42206 0.15001 0.647026
2.43919 0.15001 1.22054
2.51105 0.15001 2.51105
1.59625 0.15001 2.62677
1.07095 0.233751 1.94149
1.39799 0.15001 -2.82412
1.64544 0.15001 -2.5948
2.77863 0.15001 -1.97801
2.42878 0.15001 -0.41239
2.41393 0.15001 0.154189
2.41396 0.15001 0.646003
2.42875 0.15001 1.21259
2.49944 0.15001 2.49944
1.58725 0.15001 2.60978
1.4047 0.15001 2.82033
1.18599 0.15001 -0.895469
2.70322 0.15001 -2.47333
2.60102 0.15001 -0.415224
2.61452 0.15001 -0.0947775
2.59688 0.15001 0.194914
2.59691 0.15001 0.60516
2.61456 0.15001 0.894871
2.60104 0.15001 1.21533
2.64021 0.15001 2.64017
1.18598 0.15001 1.69549
1.18909 0.15001 -0.909216
1.1 0.229117 -0.299998
1.1 0.229249 -0.0999988
1.1 0.229304 0.100001
1.1 0.229322 0.3
1.1 0.229322 0.5
1.1 0.229304 0.7
1.1 0.229249 0.899999
1.1 0.229117 1.1
1.18908 0.15001 1.70924
1.10121 0.282203 -0.515752
1.10216 0.329972 -0.302161
1.10213 0.331664 -0.100166
1.10211 0.331878 0.100009
1.10209 0.331875 0.300003
1.10209 0.331874 0.499998
1.1021 0.331877 0.699992
1.10214 0.331663 0.900166
1.10216 0.329973 1.10216
1.10122 0.282203 1.31575
1.63317 0.15001 -2.85
1.10878 0.424057 -0.308782
1.10945 0.435467 -0.102254
1.10932 0.435785 0.0999235
1.10947 0.436753 0.299883
1.10947 0.436752 0.500118
1.10932 0.435784 0.700078
1.10945 0.435465 0.902256
1.10878 0.424054 1.10878
1.64027 0.15001 2.84999
1.11256 0.412928 -0.555048
1.10679 0.508271 -0.306786
1.10558 0.517647 -0.102331
1.10623 0.522568 0.0991535
1.10636 0.523793 0.299862
1.10636 0.523792 0.500138
1.10623 0.522566 0.700848
1.10558 0.517643 0.902333
1.10679 0.508272 1.10679
1.11256 0.412927 1.35505
1.22948 0.228238 -0.808521
1.11109 0.598983 -0.311088
1.11467 0.622702 -0.105559
1.11495 0.628105 0.0983463
1.11491 0.630115 0.299493
1.11491 0.630113 0.500509
1.11495 0.628102 0.701655
1.11467 0.622699 0.905561
1.11109 0.59898 1.11109
1.22948 0.228232 1.60854
1.12818 0.524817 -0.581822
1.11301 0.682609 -0.313011
1.10989 0.708618 -0.104865
1.11053 0.714643 0.097785
1.11078 0.718322 0.299355
1.11078 0.718321 0.500646
1.11053 0.714639 0.702217
1.10989 0.708615 0.904867
1.11301 0.682606 1.11301
1.12818 0.524814 1.38183
1.29321 0.280643 -0.87143
1.11218 0.769668 -0.312181
1.11699 0.805989 -0.108474
1.11118 0.812414 0.0973608
1.11158 0.8161 0.299256
1.11158 0.816099 0.500745
1.11118 0.812411 0.702641
1.11699 0.805984 0.908476
1.11218 0.769664 1.11218
1.2932 0.280646 1.67144
1.75483 0.15001 -2.81041
1.52272 0.296967 -0.722705
2.62677 0.15001 -0.79614
2.73172 0.15001 -0.33925
2.74202 0.15001 0.140088
2.74205 0.15001 0.66004
2.73174 0.15001 1.13936
2.62676 0.15001 1.59625
1.52271 0.296951 1.52271
1.76145 0.15001 2.79907
1.74487 0.15001 -2.79314
2.82499 0.15001 -2.626
2.60977 0.15001 -0.787144
2.72178 0.15001 -0.331284
2.7284 0.15001 0.142495
2.72843 0.15001 0.657637
2.7218 0.15001 1.13139
2.60976 0.15001 1.58726
2.70608 0.15001 2.70605
1.75137 0.15001 2.7815
2.84999 0.15001 -2.84999
1.69548 0.15001 -0.385975
2.84999 0.15001 -0.504707
2.84999 0.15001 -0.153925
1.84876 0.15001 0.290288
1.84877 0.15001 0.509713
2.84999 0.15001 0.954024
2.84999 0.15001 1.30481
1.69548 0.15001 1.18599
2.84999 0.15001 2.84999
2.84999 0.15001 -2.84999
1.70923 0.15001 -0.389071
2.84999 0.15001 -0.504513
2.84999 0.15001 -0.154307
1.84666 0.15001 0.290466
1.84667 0.15001 0.509536
2.84999 0.15001 0.954408
2.84999 0.15001 1.30462
1.70923 0.15001 1.18908
2.84999 0.15001 2.84999
1.31292 0.244094 -0.512925
1.31575 0.282202 -0.301215
1.3188 0.284532 -0.100373
1.31979 0.285407 0.0999081
1.32005 0.285627 0.299979
1.32005 0.285627 0.500021
1.31979 0.285407 0.700093
1.3188 0.284532 0.900373
1.31575 0.282203 1.10122
1.31293 0.244095 1.31293
2.84999 0.15001 -2.84999
2.84999 0.15001 -0.840166
1.38188 0.352782 -0.103044
1.38167 0.356409 0.0988742
1.38088 0.355642 0.300108
1.38088 0.355641 0.499892
1.38167 0.35641 0.701126
1.38189 0.352782 0.903046
2.84999 0.15001 1.64028
2.84999 0.15001 2.84999
1.33207 0.395018 -0.532068
1.35505 0.412928 -0.31256
1.36355 0.419177 -0.104167
1.36457 0.423538 0.0986964
1.36461 0.424013 0.299759
1.36461 0.424012 0.500241
1.36457 0.423539 0.701305
1.36355 0.419175 0.90417
1.35505 0.412927 1.11256
1.33207 0.395018 1.33207
1.53878 0.22027 -0.738768
1.60853 0.228239 -0.429465
1.39951 0.512422 -0.116236
1.39796 0.526645 0.0940968
1.38861 0.526517 0.299217
1.38861 0.526517 0.500783
1.39796 0.526643 0.705904
1.39952 0.512421 0.916239
1.60854 0.228232 1.22948
1.53879 0.220267 1.53879
1.33983 0.503014 -0.53983
1.38182 0.524818 -0.328181
1.38799 0.571156 -0.112653
1.38129 0.58482 0.0956193
1.38219 0.588064 0.298883
1.38219 0.588063 0.501117
1.38129 0.584819 0.704382
1.38798 0.571155 0.912655
1.38183 0.524814 1.12818
1.33983 0.503011 1.33983
1.56593 0.299324 -0.765919
1.67145 0.280647 -0.493187
2.84949 0.15001 -0.6293
2.84999 0.15001 -0.280835
2.84999 0.15001 0.0994041
2.84999 0.15001 0.700702
2.84999 0.15001 1.08093
2.84949 0.15001 1.42941
1.67144 0.280645 1.2932
1.56593 0.299309 1.56593
1.58321 0.29055 -0.783202
2.79907 0.15001 -0.961345
1.94148 0.233752 -0.270945
1.85142 0.265249 0.0272332
1.82883 0.27613 0.27929
1.82884 0.276128 0.520718
1.85142 0.265248 0.772773
1.94148 0.233753 1.07095
2.79905 0.15001 1.76146
1.58322 0.290534 1.58322
2.83747 0.15001 -2.76625
2.7815 0.15001 -0.951268
2.82032 0.15001 -0.604603
2.82341 0.15001 -0.0974296
2.84999 0.15001 0.103319
2.84999 0.15001 0.696787
2.82341 0.15001 0.897465
2.82031 0.15001 1.40471
2.78149 0.15001 1.75138
2.79808 0.15001 2.79807
-3 0 -3
-3 0 3
-3 1 -3
-3 1 3
-3 2 -3
-3 2 3
-3 3 -3
-3 3 3
-3 4 -3
-3 4 3
-3 5 -3
-3 5 3
-3 6 -3
-3 6 3
-2 0 -3
-2 0 3
-2 1 -3
-2 1 3
-2 2 -3
-2 2 3
-2 3 -3
-2 3 3
-2 4 -3
-2 4 3
-2 5 -3
-2 5 3
-2 6 -3
-2 6 3
-1 0 -3
-1 0 3
-1 1 -3
-1 1 3
-1 2 -3
-1 2 3
-1 3 -3
-1 3 3
-1 4 -3
-1 4 3
-1 5 -3
-1 5 3
-1 6 -3
-1 6 3
0 0 -3
0 0 3
0 1 -3
0 1 3
0 2 -3
0 2 3
0 3 -3
0 3 3
0 4 -3
0 4 3
0 5 -3
0 5 3
0 6 -3
0 6 3
1 0 -3
1 0 3
1 1 -3
1 1 3
1 2 -3
1 2 3
1 3 -3
1 3 3
1 4 -3
1 4 3
1 5 -3
1 5 3
1 6 -3
1 6 3
2 0 -3
2 0 3
2 1 -3
2 1 3
2 2 -3
2 2 3
2 3 -3
2 3 3
2 4 -3
2 4 3
2 5 -3
2 5 3
2 6 -3
2 6 3
-3 0 -3
-3 7 -3
-3 0 -2
-3 7 -2
-3 0 -1
-3 7 -1
-3 0 0
-3 7 0
-3 0 1
-3 7 1
-3 0 2
-3 7 2
-2 0 -3
-2 7 -3
-2 0 -2
-2 7 -2
-2 0 -1
-2 7 -1
-2 0 0
-2 7 0
-2 0 1
-2 7 1
-2 0 2
-2 7 2
-1 0 -3
-1 7 -3
-1 0 -2
-1 7 -2
-1 0 -1
-1 7 -1
-1 0 0
-1 7 0
-1 0 1
-1 7 1
-1 0 2
-1 7 2
0 0 -3
0 7 -3
0 0 -2
0 7 -2
0 0 -1
0 7 -1
0 0 0
0 7 0
0 0 1
0 7 1
0 0 2
0 7 2
1 0 -3
1 7 -3
1 0 -2
1 7 -2
1 0 -1
1 7 -1
1 0 0
1 7 0
1 0 1
1 7 1
1 0 2
1 7 2
2 0 -3
2 7 -3
2 0 -2
2 7 -2
2 0 -1
2 7 -1
2 0 0
2 7 0
2 0 1
2 7 1
2 0 2
2 7 2
-3 0 -3
3 0 -3
-3 0 -2
3 0 -2
-3 0 -1
3 0 -1
-3 0 0
3 0 0
-3 0 1
3 0 1
-3 0 2
3 0 2
-3 1 -3
3 1 -3
-3 1 -2
3 1 -2
-3 1 -1
3 1 -1
-3 1 0
3 1 0
-3 1 1
3 1 1
-3 1 2
3 1 2
-3 2 -3
3 2 -3
-3 2 -2
3 2 -2
-3 2 -1
3 2 -1
-3 2 0
3 2 0
-3 2 1
3 2 1
-3 2 2
3 2 2
-3 3 -3
3 3 -3
-3 3 -2
3 3 -2
-3 3 -1
3 3 -1
-3 3 0
3 3 0
-3 3 1
3 3 1
-3 3 2
3 3 2
-3 4 -3
3 4 -3
-3 4 -2
3 4 -2
-3 4 -1
3 4 -1
-3 4 0
3 4 0
-3 4 1
3 4 1
-3 4 2
3 4 2
-3 5 -3
3 5 -3
-3 5 -2
3 5 -2
-3 5 -1
3 5 -1
-3 5 0
3 5 0
-3 5 1
3 5 1
-3 5 2
3 5 2
-3 6 -3
3 6 -3
-3 6 -2
3 6 -2
-3 6 -1
3 6 -1
-3 6 0
3 6 0
-3 6 1
3 6 1
-3 6 2
3 6 2
