1240 0.1
-2.49487 0.15001 -2.48357
-2.74465 0.15001 -1.78837
-2.75874 0.15001 -1.39906
-2.73272 0.15001 -0.865844
-2.7557 0.15001 0.32255
-2.64423 0.15001 0.488334
-2.68934 0.15001 0.955877
-2.69124 0.15001 1.38456
-2.84999 0.15001 2.25924
-2.84999 0.15001 2.67085
-2.84894 0.15001 -2.50035
-2.74981 0.15001 -2.26476
-2.79385 0.15001 -1.21211
-2.84999 0.15001 -0.335798
-2.84999 0.15001 0.47128
-2.84999 0.15001 0.842701
-2.84999 0.15001 1.5141
-2.83258 0.15001 2.0766
-2.84999 0.15001 2.49199
-2.71141 0.15001 2.75043
-2.60536 0.15001 -2.65033
-2.59048 0.15001 -1.48147
-2.08038 0.15001 0.0104673
-2.8462 0.15001 -1.02509
-2.74674 0.15001 -0.501348
-2.26607 0.15001 -0.149953
-2.25371 0.15001 0.0519166
-2.4874 0.15001 1.31652
-2.68712 0.15001 1.905
-2.56295 0.15001 2.66853
-2.84999 0.15001 -2.68054
-2.76371 0.15001 -2.08355
-2.76009 0.15001 -1.58751
-2.84492 0.15001 -0.693251
-2.84999 0.15001 0.165646
-2.79608 0.15001 0.652102
-2.84448 0.15001 1.20767
-2.83563 0.15001 1.72554
-2.72234 0.15001 2.37675
-2.58788 0.15001 2.84999
-2.68061 0.15001 -2.42805
-0.122199 0.15001 -0.602358
-0.842496 0.15001 0.360731
-2.6485 0.15001 -0.67642
-1.34494 0.15001 0.465777
-0.663714 0.15001 0.286367
-1.41872 0.692213 0.975473
-1.59755 0.473937 1.0991
-2.82228 0.89784 1.4788
-2.70834 0.15001 2.5767
-2.72178 0.15001 -2.80824
-2.59877 0.15001 -1.6773
-2.61312 0.15001 -1.27784
-2.66029 0.15001 -1.07629
-2.84299 0.15001 -0.0657133
-2.674 0.15001 0.0986199
-2.63987 0.15001 1.15838
-2.68839 0.15001 1.59665
-2.68508 0.15001 2.16966
-2.42668 0.15001 2.80928
-2.05753 0.15001 -2.52283
-2.30118 0.15001 -1.41248
-1.52256 0.971835 -1.0266
-2.5547 0.15001 -0.470061
-2.52899 0.15001 -0.23617
-2.44199 0.15001 0.163563
-2.58458 0.15001 0.28346
-2.4943 0.15001 0.968118
-2.49534 0.15001 2.12849
-2.57388 0.15001 2.47922
-2.02087 0.15001 -2.35971
-1.91697 0.15001 -1.15402
-1.87786 0.15001 -0.923882
-2.22974 0.15001 -0.326797
-2.40206 0.15001 -0.357872
-2.52274 0.15001 -0.0310082
-2.60604 0.15001 0.723569
-2.51563 0.15001 1.66782
-2.05755 0.15001 2.34694
-2.84999 0.15001 2.84999
-1.6447 0.15001 -1.69661
-1.78429 0.15001 -1.30136
-2.0822 0.15001 -0.420497
-2.20277 0.297641 -0.0804851
-1.69476 0.15001 0.345709
-2.12743 0.15001 0.34457
-1.86399 0.15001 0.910435
-1.8425 0.15001 2.2971
-1.71029 0.15001 2.46616
-2.42416 0.15001 2.39343
-1.69227 0.15001 -1.46218
-1.57313 0.307179 -1.14879
-1.6911 0.151532 -0.452455
-2.04738 0.292375 -0.174137
-1.80623 0.15001 0.177744
-1.44201 0.15001 0.220322
-1.63422 0.309452 0.77499
-1.432 0.411899 1.18528
-1.67543 0.154291 2.1967
-2.27559 0.15001 2.30321
-1.86031 0.15001 -2.75062
-1.33372 0.15001 -1.38612
-1.54658 0.15001 -1.07336
-2.70763 0.15001 -0.20809
-0.813091 0.15001 0.985418
-2.19695 0.15001 1.75484
-1.46915 0.15001 1.30522
-1.06995 0.15001 1.69155
-1.55738 0.15001 2.35456
-2.42249 0.15001 2.57267
-2.22185 0.15001 -2.58032
-1.60146 0.15001 -1.21777
-0.802995 0.15001 -2.01046
-1.73483 0.15001 -1.12161
-1.27835 0.15001 1.2709
-1.08933 0.15001 2.31792
-1.32809 0.15001 2.24438
-1.0184 0.15001 1.9842
-2.56645 0.15001 2.2982
-1.92924 0.15001 2.84999
-1.71671 0.15001 -2.62138
-0.134976 0.15001 -0.403675
-0.830072 0.15001 0.192
-1.72136 0.15001 0.576683
-0.582117 0.15001 0.62938
-0.730815 0.15001 0.00780582
-0.999695 0.15001 0.584085
-0.519724 0.15001 0.911646
-0.0960203 0.15001 1.44364
-1.90269 0.15001 2.66424
-2.05212 0.15001 -2.69012
-1.59756 0.15001 -1.88937
-1.4144 0.15001 -1.23082
-1.4674 0.15001 -0.199131
-1.20143 0.15001 0.634527
-1.47598 0.15001 2.13273
-1.47393 0.15001 1.76154
-1.30754 0.15001 1.83145
-0.953333 1.05122 1.32561
-2.25672 0.15001 2.84999
-0.571296 0.15001 -0.471086
-0.44284 0.15001 -0.369537
-0.912257 0.15001 -0.322351
-0.740348 0.15001 -0.340045
-0.847487 0.15001 -0.168846
-1.21833 0.15001 -0.122714
-1.6557 1.28907 -0.0947369
-1.29056 0.15001 0.779002
-0.953196 0.276381 0.799353
-2.25292 0.15001 2.51269
-1.88867 0.15001 -2.57467
-2.09807 0.859847 -2.17288
-1.12584 0.806218 -1.90741
-1.615 0.15001 1.17031
-2.0332 0.36726 -0.000862875
-2.42206 0.185396 0.385257
-1.81107 0.15001 1.21404
-2.72656 0.754914 1.51845
-1.90155 0.15001 2.47529
-2.12494 0.15001 2.71923
-1.57059 0.15001 -2.50235
-1.15617 0.349309 -1.23531
-1.90981 0.15001 0.0113336
-2.81116 0.809914 0.438221
-0.651714 0.15001 -0.129989
-1.65803 0.15001 -0.0901082
-1.54458 0.785789 0.457688
-1.71925 0.36072 1.7067
-1.87338 0.796857 2.21215
-2.07507 0.15001 2.53671
-1.4213 0.15001 -2.38291
-0.919077 0.15001 -2.26431
-1.3089 0.602232 -0.721902
-1.56193 0.15001 -0.909052
-1.52589 0.651037 -0.808956
-1.49559 0.297625 0.48255
-1.39784 0.287035 0.765481
-1.46657 0.170185 1.94274
-0.910908 0.15001 2.29409
-1.49399 0.15001 2.52214
-1.21684 0.15001 -2.44364
-1.70511 0.224001 -0.970012
-1.83093 0.308911 -0.872914
-1.51144 0.262282 -0.0687601
-1.66292 0.598977 0.516934
-1.16002 0.160544 0.146324
-1.49954 0.403279 0.655169
-1.09624 0.152388 1.27397
-0.804422 0.15001 2.02889
-1.66173 0.15001 2.64555
-1.01065 0.15001 -1.15294
-1.28025 0.292301 -0.916874
-1.21184 0.202679 -0.460038
-1.32426 0.15001 -0.293031
-1.37935 0.15001 -0.00261038
-1.15095 0.30745 0.583592
-1.19253 0.202653 0.912505
-1.35097 0.15001 1.47226
-1.13795 0.15001 1.47152
-1.29403 0.15001 2.40414
-1.25768 0.15001 -2.83538
-1.14265 0.15001 -1.3718
-0.267112 0.15001 -1.1412
-1.68211 0.15001 -0.737626
0.202191 0.15001 2.07842
0.366709 0.15001 2.12846
0.128041 0.15001 2.36162
0.477738 0.15001 2.62224
-0.742256 0.15001 2.28624
-1.2286 0.15001 2.70368
-1.0578 0.15001 -2.8419
-1.53223 0.15001 -1.35431
-1.32311 0.15001 -1.09768
-0.360841 0.15001 -0.226855
-0.766052 0.15001 1.681
-0.836271 0.15001 1.84288
-1.57473 0.15001 0.83638
-1.02867 0.15001 0.945261
-0.93883 0.15001 1.44202
-1.15666 0.15001 2.84999
-0.0908588 0.15001 -1.91453
0.344928 0.15001 -0.5066
-0.114993 0.15001 -0.0802642
-0.084481 0.15001 0.505427
-0.366309 0.15001 0.729785
-0.107208 0.15001 0.920951
-0.245691 0.15001 1.3596
0.035696 0.15001 1.60904
0.00244473 0.15001 1.8668
-1.36173 0.15001 2.84999
-1.64208 0.15001 -2.81221
-1.10751 1.31723 -1.1215
-0.478282 0.15001 -1.05343
-0.145936 0.15001 -1.00883
-0.339992 0.15001 1.22022
-1.38614 0.79765 1.16902
-1.71412 0.15001 0.74325
-1.09212 0.15001 0.750205
-1.28778 0.835299 1.29707
-1.56062 0.15001 2.84999
-0.0787606 0.15001 -1.27803
-0.00341958 0.997661 -0.680907
-0.0475058 0.15001 0.129027
-0.762332 0.15001 0.539477
0.111174 0.15001 0.182682
0.0364501 0.15001 0.842666
-0.319653 0.979951 0.907675
-0.157093 0.352599 0.69974
0.0470561 0.334357 0.180377
-1.31512 0.15001 2.5662
-1.49014 0.15001 -2.70021
-1.71887 0.668603 -0.977321
-1.1809 0.15001 -0.883535
0.260853 0.15001 -1.12236
-0.267135 0.15001 0.887422
-1.02552 0.15001 0.421929
-1.59358 0.551783 0.946764
-1.68039 0.427787 1.26241
-0.439519 0.639573 2.69561
-1.74698 0.21101 2.79864
-1.37179 0.15001 -2.55819
-1.04758 0.255182 -0.607224
-1.99311 0.15001 -0.244792
-1.80096 0.792327 -0.223245
-0.297924 0.15001 -0.466147
-1.26828 0.281753 0.366087
-1.51565 0.229228 0.631603
-0.869907 0.664091 0.981458
-1.11302 0.883791 1.66876
-1.46619 0.15001 2.69129
0.371664 1.22179 -1.48432
-1.50754 0.407359 -1.88287
-1.52893 0.450606 -0.810587
-1.0483 0.499966 0.764457
-0.701942 0.425266 0.13017
-0.977472 0.304257 0.641635
-1.2022 0.365188 1.00198
-0.559035 0.719321 1.3159
0.426508 0.404746 2.805
-0.942986 0.15001 2.48226
-0.776616 0.15001 -1.78483
-0.83647 0.15001 -1.31006
-1.41535 0.15001 -0.463443
-0.880773 0.316274 -0.119843
-1.16255 0.31693 -0.133019
-1.1256 0.655328 0.732696
-0.736192 0.15001 0.751914
-0.489695 0.15001 1.39084
-0.565172 0.15001 2.09865
-1.12681 0.15001 2.487
-0.791981 0.15001 -1.51193
-0.977919 0.15001 -0.879405
-0.659621 0.28578 -0.405365
-1.00416 0.29443 -0.267772
-1.15493 0.436586 -0.00378648
-0.989793 0.539467 0.193468
-0.403735 0.260703 0.873695
-0.92097 0.15001 1.24778
-0.652347 0.15001 1.84178
-0.566624 0.15001 2.26806
-1.16802 0.15001 -2.66831
-0.34502 0.15001 -2.67034
0.0413621 0.15001 -0.625755
0.030924 0.15001 -0.22257
-0.46976 0.15001 0.314464
0.134204 0.15001 0.574453
0.156044 0.15001 0.94577
0.310352 0.15001 0.96679
0.569924 0.15001 1.21968
-1.04166 0.15001 2.65889
-0.374014 0.15001 -2.84999
-1.00687 0.15001 -1.49544
-0.179989 0.15001 -0.243649
0.928588 0.15001 0.495789
0.528498 0.15001 0.710142
1.23795 0.15001 1.3269
0.855354 0.15001 1.15173
0.887929 0.15001 1.30593
0.702089 0.15001 2.67507
-0.961518 0.15001 2.84999
-0.848325 0.15001 -2.8492
0.198467 0.15001 -1.38519
0.285631 0.15001 0.226461
-0.208235 0.331104 0.0497868
0.183323 0.339622 -0.734137
-0.218005 0.15001 0.629918
0.116959 0.15001 1.18953
0.258383 0.15001 1.29863
0.349511 0.15001 1.77596
-0.747013 0.15001 2.84999
-0.618964 0.15001 -2.84954
-0.465501 0.15001 -1.43364
-0.592239 0.15001 -0.271821
1.25746 0.751157 1.18544
0.427844 0.15001 0.318812
0.748397 0.15001 0.875902
0.58489 0.15001 1.00437
0.732144 0.15001 1.03704
-0.294703 0.15001 2.67587
0.0301107 0.15001 2.84999
-0.749741 0.15001 -2.67882
-0.528164 0.411007 -0.161911
0.441211 0.15001 -0.342811
-1.16631 0.214069 -0.270827
-0.594312 0.15001 0.138936
-0.0309507 0.15001 0.65782
-0.126369 1.06694 0.638089
-0.00105915 0.869012 1.45729
-0.132401 0.15001 2.84389
-0.644016 0.15001 2.6464
-0.969811 0.15001 -2.66935
0.973366 0.15001 -1.72647
-1.39231 0.833078 0.218483
0.154814 0.260602 0.0917748
-0.802377 0.669807 0.453673
-1.30555 0.59695 0.739316
0.347454 0.15001 0.607261
0.796998 0.15001 1.55087
0.190519 0.15001 2.84999
-0.842035 0.153008 2.67266
-0.538725 0.15001 -2.67177
-0.0328808 0.15001 -2.28293
-0.308791 0.513878 -0.457261
-0.889783 0.366935 -0.550811
-0.122984 0.215299 0.343716
-1.02907 0.256407 -0.0204631
-0.984959 0.4866 0.917715
-0.108495 0.298335 1.62984
0.0193439 1.00148 1.88406
-0.760843 0.15001 2.48409
-0.644447 0.15001 -2.09776
-0.0948862 0.957188 -0.959348
-0.815333 0.216168 -1.11471
0.13816 0.314741 -0.280075
-0.712482 0.364871 -0.0561474
-0.0993371 0.316237 0.531105
0.00302395 0.499175 1.00699
0.0343389 0.156337 2.18422
0.855919 0.77479 1.81588
-0.461617 0.15001 2.5856
-0.464974 0.15001 -2.04124
0.0183177 0.551646 -0.978219
0.0790197 0.854466 -0.385277
-0.720524 0.299398 -0.229119
-0.40808 0.222227 0.0121918
-0.441267 0.15001 0.514572
-0.157228 0.15001 1.18787
-0.469417 0.15001 1.63042
-0.26241 0.15001 2.39598
-0.464722 0.15001 2.40916
0.14467 0.300123 -1.30099
0.0229784 0.278361 -0.823818
-0.48651 0.332616 -0.436568
-0.265328 0.229481 -0.102382
-0.587746 0.221767 0.430473
-0.268934 0.15684 0.452112
-0.277408 0.19647 1.0571
0.0231224 0.15001 1.32555
-0.0203066 0.15001 2.53683
0.0561396 0.15001 2.69281
0.44057 0.15001 -2.7415
1.50421 0.15001 -2.10711
1.54979 0.15001 -0.237649
0.834925 0.15001 -0.18095
0.785802 0.15001 0.566737
0.441192 0.15001 0.876871
1.09972 0.15001 1.46524
1.25154 0.15001 1.47169
1.06251 0.15001 1.605
0.612678 0.15001 2.84999
0.027593 0.15001 -2.83822
1.6808 0.15001 -1.33074
1.73879 0.15001 -0.609645
0.897737 0.15001 0.854397
1.08474 0.15001 1.32432
1.37181 0.15001 1.38156
1.35425 0.15001 1.62326
1.21366 0.15001 1.60831
0.504832 0.15001 2.19996
0.761925 0.15001 2.84999
-0.151872 0.15001 -2.74897
0.469455 0.15001 -0.622746
0.679157 0.15001 -0.280833
-0.606164 0.251963 0.0137457
0.0398705 0.15001 -0.0514311
-0.268 0.15001 0.111293
0.0279606 0.15001 0.392546
0.121178 0.221921 0.718205
0.247327 0.15001 2.24175
-0.533623 0.15001 2.84182
0.228566 0.15001 -2.84999
0.8406 0.15001 -1.36987
1.34614 0.15001 -0.278729
0.906695 0.15001 0.700639
0.615142 0.15001 0.559088
0.874477 0.15001 1.0045
1.33396 0.260863 1.5181
0.93176 0.15001 1.47214
0.638486 0.15001 1.58998
0.744841 0.333267 2.84615
-0.372981 0.583234 -2.82004
-0.459832 1.12258 -0.489474
0.5488 0.15001 -0.0857127
0.577004 0.291 -0.256792
0.167315 0.15001 0.326781
-0.0304338 0.776613 0.108199
-0.123642 0.929847 0.123698
-0.095376 0.81762 0.747967
0.1821 0.15001 1.69372
0.356949 0.15001 2.84999
0.154982 0.15001 -2.6683
-0.192473 0.709808 -1.57023
0.713532 0.718515 -0.110766
0.686185 1.09609 -0.921583
0.362031 0.347863 -0.217732
1.14702 0.217395 0.926369
1.16699 0.258724 1.38741
0.897275 0.15001 1.65988
1.50923 0.544393 2.28295
-0.316733 0.194557 2.84999
-0.227188 0.15001 -2.54288
-0.00503669 0.15001 -1.08443
0.147928 0.15001 -0.827908
0.621992 0.296783 -0.690829
-0.521242 0.278041 0.180807
-0.147545 0.571287 -0.0444512
0.581734 0.15001 0.353662
-0.525071 0.210315 1.94881
0.173954 0.601207 2.44652
0.487207 0.15001 2.77305
-0.104567 0.15001 -2.42931
-0.882244 0.766964 -2.12124
0.647536 0.387742 -0.834788
0.0118028 0.556681 -0.789126
1.01904 0.341614 -0.333571
-1.25034 0.666232 0.146153
-0.0116334 0.322786 0.833925
0.7803 0.438815 1.54964
0.846421 0.763312 2.33346
0.820885 0.15001 2.52201
0.0933489 0.15001 -1.82071
0.353572 0.450147 -1.49389
-0.104946 0.15001 -0.818941
0.335128 0.289214 -0.396504
0.162382 0.313844 -0.088313
0.301447 0.30546 0.29235
0.0632795 0.321345 0.40712
-0.130139 0.291311 1.29114
0.455965 0.288764 2.03051
0.636026 0.15001 2.49874
-0.203485 0.266308 -1.3419
0.352392 0.154646 -0.91263
0.498514 0.308327 -0.514703
0.548502 0.383596 -0.0983663
-0.0296845 0.300457 -0.162264
0.25825 0.387888 0.124223
0.0762235 0.326595 0.596816
-0.245854 0.164614 1.78522
0.118109 0.309106 1.61967
0.194643 0.151669 2.53537
0.421529 0.15001 -2.53924
0.728759 0.15001 -1.19343
2.13956 0.15001 0.257561
1.15844 0.15001 -0.0646469
0.59685 0.15001 0.849096
1.47485 0.15001 1.23874
1.4439 0.15001 1.51455
1.56889 0.15001 1.97106
0.844994 0.15001 1.81833
1.01523 0.15001 2.57154
0.651147 0.15001 -2.84999
1.3719 0.15001 -1.0822
1.61458 0.15001 -0.934723
0.995937 0.15001 1.2085
1.33257 0.15001 1.22052
1.21085 0.15001 1.04234
1.33078 0.15001 1.7787
1.94534 0.15001 1.9161
0.572507 0.15001 2.02861
1.05866 0.15001 2.84999
0.133395 0.15001 -2.29384
0.143167 0.15001 -0.337886
1.4073 0.15001 0.0185791
0.956481 0.15001 -0.0384254
0.254556 0.151764 0.0343292
0.227126 0.22233 0.449662
0.394529 0.205534 0.464038
0.432177 0.15001 1.07149
0.480028 0.15001 1.87976
0.884997 0.15001 2.6827
0.735277 0.15001 -2.70369
1.83151 0.15001 -1.478
0.78564 0.15001 -0.960027
1.05481 0.15001 0.816681
0.959021 0.255197 1.09186
1.07469 0.270197 1.23346
1.45785 0.277392 1.42433
1.39615 0.517228 1.68906
1.1495 0.15001 2.00362
0.910423 0.15001 2.84999
0.265128 0.449589 -0.509425
-0.18946 0.15001 -1.47714
1.06018 0.15001 -0.197901
0.544999 0.505015 0.12706
0.193061 0.15001 -0.117784
0.393935 0.15001 0.110839
0.0928102 0.832637 0.310238
0.231172 0.635625 0.94536
0.122114 0.965881 1.39467
0.255201 0.15001 2.716
0.00479633 0.15001 -2.56756
1.24382 0.546248 -1.43695
0.454712 0.15001 -1.57255
0.644336 0.615055 -0.961233
0.717122 0.284998 1.51127
1.2399 0.272485 1.23007
1.40351 0.304261 1.26507
0.988432 0.248273 1.37135
1.53148 0.929934 2.46898
1.00861 0.279259 2.71416
0.0471634 0.279445 -2.18862
-0.088578 0.15001 -2.12374
0.0745764 0.15001 -1.23403
1.10866 0.268382 0.0726165
0.801702 0.428361 -0.0181776
0.0105597 0.151636 -0.461736
0.331549 0.199424 0.760602
0.718243 0.21935 1.18542
0.149852 0.186998 1.4486
0.934255 0.281193 2.47428
0.371318 0.15001 -1.96501
-0.298573 0.380855 -1.76813
0.497265 0.15001 -1.38137
0.684296 0.298068 -0.40313
0.729218 0.15001 0.404522
0.589412 0.3072 1.01069
0.413917 0.318043 1.37579
0.272006 0.174333 1.13191
0.774004 0.15001 2.11862
0.791671 0.15001 2.35287
0.923529 0.15001 -2.05935
0.420653 0.15001 -1.20164
0.235253 0.60587 -0.604586
0.972016 0.366221 0.017118
0.681308 0.620991 0.0703453
0.560577 0.323741 0.696423
0.413973 0.319085 0.910812
0.172279 0.325773 0.949492
0.845034 0.449385 2.06635
0.575855 0.298446 2.60986
0.358112 0.15001 -1.76051
0.485042 0.32226 -1.43567
0.849675 0.597886 -0.0420223
0.663791 0.328596 0.151177
0.502268 0.314698 0.339991
0.797676 0.307518 0.984638
0.378972 0.504446 0.962346
0.914268 0.333828 1.58308
0.346902 0.311434 1.71645
0.642739 0.15001 2.28238
0.852959 0.15001 -2.51698
1.87649 0.15001 -1.72445
1.92453 0.15001 0.513068
0.860345 0.15001 0.145829
1.35703 0.15001 1.07687
1.51588 0.15001 1.38826
1.48467 0.15001 1.68854
1.69358 0.15001 1.84898
1.09023 0.15001 2.25326
1.46833 0.15001 2.68478
1.08129 0.15001 -2.78713
2.1225 0.15001 -0.884104
1.08202 0.15001 -1.08213
1.16479 0.15001 1.19508
1.71995 0.15001 1.40399
1.59624 0.15001 1.51301
1.47909 0.15001 1.8421
1.76631 0.15001 1.71538
1.16762 0.15001 1.74703
1.57746 0.15001 2.84999
0.138414 0.15001 -2.09631
0.575837 0.15001 -0.43608
1.43749 0.424341 0.192899
1.24204 0.15001 0.0793516
0.44027 0.28009 0.0134712
0.514966 0.222538 0.183237
1.28378 0.291388 1.07141
1.05066 0.279221 1.51078
0.986009 0.15001 1.89832
1.13619 0.15001 2.69345
0.911826 0.15001 -2.70672
1.80131 1.14897 -1.89222
0.891084 0.661697 -1.4292
1.01098 0.15001 0.957032
1.32044 0.232941 0.927873
1.54532 0.357426 1.32495
1.39787 0.270777 1.71127
1.82152 0.224376 1.84938
1.61738 1.03651 2.22923
1.42195 0.15001 2.84999
1.00855 0.312089 -1.09652
0.711685 0.15001 -1.60147
0.892133 0.937073 -0.27086
0.898443 0.699291 -0.21581
0.652139 0.15001 0.0294655
0.689964 0.15001 0.702647
0.711098 0.366535 0.590146
0.470349 0.438815 1.10334
0.53908 0.293322 1.74275
0.341167 0.15001 2.39687
0.602619 0.15001 -2.58507
1.42827 0.410689 -1.29756
1.0823 0.15001 -1.93897
1.0508 0.219679 0.686228
1.46595 0.248202 1.12996
1.62899 0.263165 1.43561
1.86198 0.153063 1.45951
1.47812 0.352129 1.94887
1.53725 0.59148 2.71069
1.20888 0.15001 2.84999
0.194481 0.15001 -2.4721
0.282754 0.943619 -0.859288
0.843724 0.334525 -1.15604
1.40179 0.298411 -0.114153
1.21625 0.198841 0.788086
1.10779 0.342044 1.08637
1.79814 0.286747 1.50124
1.60546 0.379901 1.8406
-0.0726239 0.249182 1.06348
1.03135 0.15001 2.40693
0.696352 0.15001 -2.23014
0.640578 0.638157 -1.21292
0.891647 0.665136 -0.726469
0.767061 0.472463 0.233625
1.40413 0.252095 0.485448
1.29472 0.334045 1.37148
1.59974 0.230597 1.783
1.76501 0.222282 2.3419
1.28474 0.15001 2.16839
1.19611 0.15001 2.53183
1.12306 0.15001 -2.15931
0.673987 0.247849 -1.32945
0.603994 0.25135 -1.1366
1.18321 0.320785 -0.10497
0.762574 0.324264 0.374591
0.598653 0.502252 0.557235
0.873336 0.314086 1.24689
1.05129 0.410211 1.31815
0.80079 0.294319 1.72993
0.915713 0.15001 2.2293
0.610989 0.202929 -1.48767
0.965076 0.15001 -0.875665
0.839511 0.473699 -0.98183
1.2661 0.353055 0.0813921
0.872094 0.598549 0.443841
0.956131 0.314657 0.874457
1.09624 0.441571 1.50199
1.03298 0.320164 1.73074
0.861965 0.277664 1.94854
0.72641 0.15001 1.94453
1.04914 0.15001 -2.54587
1.48725 0.15001 -1.20922
2.29074 0.15001 0.342735
1.0243 0.15001 0.338804
1.59751 0.15001 1.12564
1.74037 0.15001 1.22524
1.74476 0.15001 1.56359
1.87875 0.15001 2.06645
1.35553 0.15001 1.97127
1.80873 0.15001 2.70134
1.58492 0.15001 -2.84265
1.82417 0.15001 -1.23818
0.893812 0.15001 -1.07157
1.06577 0.15001 1.08521
1.6125 0.15001 1.29014
1.90818 0.15001 1.60501
1.91632 0.15001 1.7561
2.05373 0.15001 2.10701
1.7271 0.15001 1.99516
1.90051 0.15001 2.84999
0.656989 0.15001 -2.4218
0.826964 0.15001 -0.351055
1.62956 0.15001 -0.0961138
0.917535 0.372048 0.240493
0.667849 0.15001 0.186326
1.04449 0.357662 0.360507
1.1837 0.253683 0.578096
1.62374 0.15001 1.65565
1.0147 0.156207 1.74767
1.6391 0.15001 2.69188
1.30989 0.15001 -2.82254
1.67944 1.09726 -1.53476
0.788618 0.536481 -1.19141
0.838596 0.48019 0.653666
1.48626 0.15001 0.997162
1.87024 0.435275 1.59688
1.78619 0.580735 1.79677
1.77745 0.672857 1.97106
1.7986 1.00089 2.2404
1.73595 0.15001 2.84999
1.01616 0.212803 -1.30008
0.884709 0.15001 -1.22288
1.03602 0.152468 -0.563931
1.55447 1.13545 -0.18471
1.08137 0.15001 0.505439
1.20614 0.15001 0.395359
1.04686 0.551282 0.498386
1.50395 0.257754 1.57744
0.326792 0.166917 1.45147
1.31216 0.15001 2.74524
1.23815 0.15001 -2.59209
1.6371 0.693659 -2.69832
1.28847 0.53366 -1.97839
1.56462 0.495268 1.24833
1.75916 0.664595 1.26269
1.98103 0.741471 1.52843
1.83104 0.269093 1.66743
1.96243 0.421741 1.92262
1.59254 0.15001 2.3513
1.91937 0.15001 2.58115
1.63343 0.15001 -2.2824
2.28562 0.620981 -2.29154
1.42861 0.301852 -0.317602
1.98994 0.265776 -0.995131
1.74679 0.15001 0.251055
1.41491 0.454746 1.35908
1.6863 0.297961 1.25614
1.64772 0.322198 1.64388
1.22191 0.210104 1.8774
1.71715 0.15001 2.53531
1.54319 0.15001 -2.61682
2.15298 0.156001 -1.185
1.47915 0.565927 -1.42883
1.75397 0.15001 0.0655762
1.90819 0.229315 0.299483
1.53653 0.302413 0.917617
2.80834 0.569081 1.65196
2.10669 0.189687 1.65571
1.42254 0.15001 2.31531
1.54313 0.15001 2.52782
1.61793 0.15001 -1.93506
1.13385 0.293388 -0.94381
1.9368 0.15001 -1.10808
1.63572 0.297889 -0.250966
1.48304 0.436279 -0.0319649
1.0909 0.449113 0.201602
2.02267 0.332883 1.74883
1.57237 0.499576 1.68231
1.63716 0.68755 1.77705
1.24398 0.15001 2.3602
1.21519 0.252862 -1.27809
1.54256 0.2489 -1.06192
2.06754 0.15001 -0.526372
1.56096 0.243618 0.0397195
1.56457 0.25313 0.208179
1.35476 0.403833 0.914164
1.58079 0.408293 1.50538
1.83309 0.434819 1.39154
1.51817 0.15001 2.14891
1.37088 0.15001 2.5076
1.9946 0.15001 -2.8478
1.74674 0.15001 -1.02951
2.47413 0.15001 -0.518058
1.1634 0.15001 0.235772
1.44754 0.15001 0.840058
1.75712 0.15001 1.06321
2.33235 0.15001 1.0462
2.06233 0.15001 1.25996
2.20438 0.15001 2.22005
2.00081 0.15001 2.71208
2.32776 0.15001 -2.83631
2.4239 0.15001 -2.69238
1.65759 0.15001 -0.773899
2.66192 0.15001 -0.0951192
2.25483 0.15001 0.503911
2.0909 0.15001 0.550664
1.86807 0.15001 1.3016
2.0583 0.15001 1.80451
2.46732 0.15001 2.53642
2.41506 0.15001 2.84999
1.8244 0.15001 -2.8428
1.35824 0.15001 0.190238
2.03237 0.489331 0.00582941
2.02968 0.15001 0.389951
2.06783 0.15001 -0.112857
1.95633 0.15001 0.668372
1.57828 0.400906 0.540433
1.7951 0.24628 0.878863
2.00057 0.15001 1.41238
2.1392 0.15001 2.55665
2.21183 0.15001 -2.62422
1.29035 0.15001 -0.926331
1.64559 0.15001 -1.17018
2.53669 0.15001 -0.796524
1.75977 0.15001 0.745917
1.93918 0.15001 1.14801
2.32805 0.15001 1.52441
2.3186 0.15001 1.8949
1.86524 0.863055 1.80987
2.24966 0.15001 2.84999
1.88556 0.622422 -2.37348
0.885178 0.653165 -1.1173
0.31645 0.716594 -0.356181
1.70678 0.295415 -0.0656605
1.64476 0.943207 -0.181527
1.57481 0.15001 0.337858
1.69932 0.723502 0.341603
1.39898 0.209252 0.324809
1.2736 0.438195 1.48968
2.16916 0.15001 2.71276
2.16006 0.15001 -2.84999
2.58328 0.15001 -2.23588
0.809299 0.712677 -0.436875
2.59576 0.15001 -0.351197
2.1353 0.514796 1.32794
2.45187 0.917263 1.55185
2.57315 0.831986 1.83169
2.79752 0.478926 1.43591
2.25029 0.15001 2.05579
2.07417 0.15001 2.84999
1.78044 0.15001 -2.65284
2.18092 0.642076 -1.97284
1.74353 0.322962 -0.492454
1.53836 0.391068 -0.722862
2.08338 0.659534 0.125456
1.7352 0.178146 0.501217
1.24314 0.296245 0.254523
2.08387 0.277036 1.37676
2.2315 0.15001 1.75425
2.18528 0.15001 2.38768
2.43231 0.15001 -2.35188
2.27202 0.64986 -1.27916
2.2891 0.15001 -1.07089
2.30258 0.15001 -0.424382
2.63439 0.6692 0.801865
2.4049 0.260768 1.1664
2.58986 0.15001 1.21628
2.49862 0.15001 1.45762
1.85993 0.15001 2.43775
2.3609 0.15001 2.34328
2.35076 0.15001 -2.17428
2.11447 0.15001 -0.70953
2.35063 0.15001 -0.761213
1.9072 0.15001 -0.0332553
2.1282 0.297656 0.459787
2.06354 0.15001 0.889334
2.24726 0.15001 1.27529
2.3964 0.15001 1.72526
1.87944 0.15001 2.23657
2.02206 0.15001 2.44263
1.93312 0.15001 -1.96592
1.75922 0.30818 -1.29958
2.25278 0.15001 -0.595778
2.03225 0.15001 -0.333943
1.87946 0.307403 0.0601233
2.09546 0.246351 0.724804
1.63049 0.15001 0.886687
2.16059 0.15001 1.48286
2.12469 0.15001 1.95106
2.04455 0.15001 2.27757
2.50568 0.15001 -2.84999
2.67677 0.15001 -2.37004
2.61228 0.15001 -1.41678
2.75601 0.15001 -1.22943
2.67985 0.15001 0.386979
2.58038 0.15001 0.696795
2.84999 0.15001 1.01913
2.6685 0.15001 1.74128
2.84999 0.15001 2.20425
2.5858 0.15001 2.84999
2.68168 0.15001 -2.84999
2.84999 0.15001 -1.90925
2.84804 0.15001 -1.44153
2.84999 0.15001 -1.02199
2.84999 0.15001 0.239388
2.84999 0.15001 0.649495
2.84999 0.15001 1.70107
2.84999 0.15001 2.03177
2.84999 0.15001 2.69046
2.82945 0.15001 2.84999
2.80644 0.15001 -2.54819
2.66419 0.15001 -1.9764
2.7226 0.15001 -1.60206
2.84999 0.15001 -0.759873
2.76085 0.15001 -0.257561
2.5268 0.15001 0.509422
2.6828 0.15001 0.869816
2.84999 0.15001 1.53571
2.7098 0.15001 2.11568
2.62963 0.15001 2.58205
2.84999 0.15001 -2.69706
2.84999 0.15001 -2.39797
2.84999 0.15001 -1.7378
2.84999 0.15001 -0.418851
2.84999 0.15001 -0.0981742
2.84999 0.15001 0.437316
2.84999 0.15001 1.36982
2.84999 0.15001 1.86496
2.84999 0.15001 2.53074
2.69381 0.15001 2.73248
2.84999 0.15001 -2.84999
2.84999 0.15001 -2.07111
2.51815 0.15001 -1.62121
2.70551 0.15001 -0.883
2.76438 0.15001 0.0594287
2.56502 0.15001 0.0896538
2.40312 0.15001 0.188423
2.78133 0.15001 1.21652
2.67816 0.15001 2.27707
2.33692 0.15001 2.67666
2.63252 0.15001 -2.69476
2.84999 0.15001 -2.23979
2.6485 0.15001 -1.78393
2.84999 0.228587 -0.589656
2.84999 0.295857 0.111448
2.7012 0.15001 0.560628
2.84999 0.15001 0.830074
2.69556 0.15001 1.91503
2.84999 0.15001 2.36686
2.50782 0.15001 2.70236
2.59919 0.15001 -2.53136
2.48893 0.15001 -2.04791
2.61573 0.15001 -1.06998
2.69426 0.15001 -0.533925
2.67882 0.15001 0.216248
2.64849 0.303756 0.467354
2.68003 0.15001 1.05972
2.68463 0.15001 1.55961
2.51864 0.15001 1.8515
2.70026 0.15001 2.43888
2.40135 0.15001 -2.52223
2.3102 0.15001 -1.98474
2.36056 0.15001 -1.48043
2.58295 0.24137 -0.643523
2.48375 0.15001 -0.118277
2.38636 0.15001 0.616664
2.50381 0.15001 1.05144
2.52924 0.15001 1.62605
2.53095 0.15001 2.19445
2.30503 0.15001 2.50702
2.71375 0.15001 -2.14866
2.45399 0.15001 -1.84466
2.44884 0.15001 -1.23842
2.41574 0.15001 -0.285324
2.2997 0.15001 -0.103903
2.5168 0.15001 0.325517
2.50894 0.15001 0.866093
2.66119 0.15001 1.38083
2.57831 0.15001 2.02647
2.53244 0.15001 2.37709
2.12597 0.15001 -2.00697
2.29584 0.15001 -1.71257
2.44035 0.15001 -0.969754
2.20861 0.15001 -0.262887
2.24943 0.15001 0.0872317
2.2338 0.15001 0.720071
2.33336 0.15001 0.864418
2.42488 0.15001 1.3016
2.42172 0.15001 2.01731
2.36705 0.15001 2.176
-3 0 -3
-3 0 3
-3 1 -3
-3 1 3
-3 2 -3
-3 2 3
-3 3 -3
-3 3 3
-3 4 -3
-3 4 3
-3 5 -3
-3 5 3
-3 6 -3
-3 6 3
-2 0 -3
-2 0 3
-2 1 -3
-2 1 3
-2 2 -3
-2 2 3
-2 3 -3
-2 3 3
-2 4 -3
-2 4 3
-2 5 -3
-2 5 3
-2 6 -3
-2 6 3
-1 0 -3
-1 0 3
-1 1 -3
-1 1 3
-1 2 -3
-1 2 3
-1 3 -3
-1 3 3
-1 4 -3
-1 4 3
-1 5 -3
-1 5 3
-1 6 -3
-1 6 3
0 0 -3
0 0 3
0 1 -3
0 1 3
0 2 -3
0 2 3
0 3 -3
0 3 3
0 4 -3
0 4 3
0 5 -3
0 5 3
0 6 -3
0 6 3
1 0 -3
1 0 3
1 1 -3
1 1 3
1 2 -3
1 2 3
1 3 -3
1 3 3
1 4 -3
1 4 3
1 5 -3
1 5 3
1 6 -3
1 6 3
2 0 -3
2 0 3
2 1 -3
2 1 3
2 2 -3
2 2 3
2 3 -3
2 3 3
2 4 -3
2 4 3
2 5 -3
2 5 3
2 6 -3
2 6 3
-3 0 -3
-3 7 -3
-3 0 -2
-3 7 -2
-3 0 -1
-3 7 -1
-3 0 0
-3 7 0
-3 0 1
-3 7 1
-3 0 2
-3 7 2
-2 0 -3
-2 7 -3
-2 0 -2
-2 7 -2
-2 0 -1
-2 7 -1
-2 0 0
-2 7 0
-2 0 1
-2 7 1
-2 0 2
-2 7 2
-1 0 -3
-1 7 -3
-1 0 -2
-1 7 -2
-1 0 -1
-1 7 -1
-1 0 0
-1 7 0
-1 0 1
-1 7 1
-1 0 2
-1 7 2
0 0 -3
0 7 -3
0 0 -2
0 7 -2
0 0 -1
0 7 -1
0 0 0
0 7 0
0 0 1
0 7 1
0 0 2
0 7 2
1 0 -3
1 7 -3
1 0 -2
1 7 -2
1 0 -1
1 7 -1
1 0 0
1 7 0
1 0 1
1 7 1
1 0 2
1 7 2
2 0 -3
2 7 -3
2 0 -2
2 7 -2
2 0 -1
2 7 -1
2 0 0
2 7 0
2 0 1
2 7 1
2 0 2
2 7 2
-3 0 -3
3 0 -3
-3 0 -2
3 0 -2
-3 0 -1
3 0 -1
-3 0 0
3 0 0
-3 0 1
3 0 1
-3 0 2
3 0 2
-3 1 -3
3 1 -3
-3 1 -2
3 1 -2
-3 1 -1
3 1 -1
-3 1 0
3 1 0
-3 1 1
3 1 1
-3 1 2
3 1 2
-3 2 -3
3 2 -3
-3 2 -2
3 2 -2
-3 2 -1
3 2 -1
-3 2 0
3 2 0
-3 2 1
3 2 1
-3 2 2
3 2 2
-3 3 -3
3 3 -3
-3 3 -2
3 3 -2
-3 3 -1
3 3 -1
-3 3 0
3 3 0
-3 3 1
3 3 1
-3 3 2
3 3 2
-3 4 -3
3 4 -3
-3 4 -2
3 4 -2
-3 4 -1
3 4 -1
-3 4 0
3 4 0
-3 4 1
3 4 1
-3 4 2
3 4 2
-3 5 -3
3 5 -3
-3 5 -2
3 5 -2
-3 5 -1
3 5 -1
-3 5 0
3 5 0
-3 5 1
3 5 1
-3 5 2
3 5 2
-3 6 -3
3 6 -3
-3 6 -2
3 6 -2
-3 6 -1
3 6 -1
-3 6 0
3 6 0
-3 6 1
3 6 1
-3 6 2
3 6 2
