1240 0.1
-2.56837 0.15001 -2.37282
-2.38344 0.15001 -2.26105
-2.6881 0.15001 -2.10328
-2.84999 0.15001 -1.87886
-2.84999 0.15001 0.667016
-2.70118 0.15001 0.798437
-2.66498 0.15001 1.19364
-2.63679 0.15001 1.37206
-2.84999 0.15001 2.0659
-2.84999 0.15001 2.54065
-2.84999 0.15001 -2.50699
-2.71597 0.15001 -2.43284
-2.84999 0.15001 -2.20704
-2.84924 0.15001 -1.04779
-2.84999 0.15001 0.83247
-2.84999 0.15001 1.13904
-2.84999 0.15001 1.44216
-2.84999 0.15001 1.76392
-2.84999 0.15001 2.38691
-2.84999 0.15001 2.69539
-2.69722 0.15001 -2.83809
-2.45153 0.15001 -2.10357
-2.71198 0.15001 0.0367826
-2.84999 0.15001 -2.04186
-2.83591 0.15001 -1.21777
-2.84515 0.15001 -0.70943
-2.80995 0.15001 -0.18878
-2.40114 0.15001 1.41658
-2.67677 0.15001 1.70258
-2.52042 0.15001 2.47021
-2.84999 0.15001 -2.69196
-2.708 0.15001 -2.27362
-2.55879 0.15001 -2.21477
-2.84999 0.15001 -1.38843
-2.84999 0.15001 0.335188
-2.8026 0.15001 0.985294
-2.80329 0.15001 1.29211
-2.84999 0.15001 1.60372
-2.65852 0.15001 2.35074
-2.70324 0.15001 2.84999
-2.7236 0.15001 -2.59745
0.388549 0.15001 -0.720951
-0.796192 0.15001 0.866179
-2.6696 0.15001 -1.34512
-1.75534 0.15001 0.357387
-0.367832 0.15001 0.174526
-1.51399 1.13986 1.20172
-1.89786 0.821959 1.00587
-2.2533 1.42544 1.75244
-2.68094 0.15001 2.52413
-2.84999 0.15001 -2.84999
-2.25174 0.15001 -2.14901
-2.51556 0.15001 -1.94894
-2.68863 0.15001 -1.93659
-2.84999 0.15001 -0.0312753
-2.8468 0.15001 0.15235
-2.49364 0.15001 1.25846
-2.70301 0.15001 1.53096
-2.78455 0.15001 1.91334
-2.69407 0.15001 2.69135
-2.56828 0.15001 -2.53699
-2.33147 0.15001 -1.99934
-2.02919 1.64957 -1.69337
-2.66534 0.15001 -1.15257
-2.84981 0.15001 -0.87861
-2.68028 0.15001 0.45475
-2.84999 0.15001 0.500848
-2.45861 0.15001 1.08409
-2.62699 0.15001 1.8571
-2.59642 0.15001 2.18706
-2.41689 0.15001 -2.42004
-2.51711 0.15001 -1.77339
-2.68941 0.15001 -1.76709
-2.55104 0.15001 -0.806495
-2.67249 0.15001 -0.961242
-2.84999 0.15001 -0.354713
-2.63542 0.15001 1.02584
-2.42629 0.15001 1.70665
-2.26412 0.15001 1.8399
-2.84999 0.15001 2.84999
-2.21234 0.15001 -2.31502
-2.35144 0.15001 -1.83346
-2.49363 0.15001 -1.03056
-2.78348 0.316126 -0.341944
-2.51711 0.15001 0.641622
-2.68406 0.15001 0.627941
-2.26976 0.15001 1.13493
-2.21317 0.15001 2.10466
-2.24792 0.15001 2.42808
-2.46204 0.15001 1.87527
-2.17933 0.15001 -1.9238
-2.20359 0.218504 -1.76465
-2.3228 0.15001 -0.937661
-2.49672 0.15001 -0.315074
-2.5062 0.15001 0.442355
-2.07292 0.15001 0.222388
-2.49891 0.295464 0.779725
-2.02712 0.15001 1.40633
-2.08536 0.15001 2.53846
-2.23507 0.15001 1.65364
-2.45388 0.15001 -2.72266
-2.08095 0.15001 -2.17692
-2.14504 0.15001 -1.61546
-2.84966 0.15001 -0.52228
-1.28579 0.15001 1.70802
-2.82051 0.15001 2.23458
-1.88707 0.15001 1.67481
-1.53989 0.15001 2.19064
-2.24316 0.15001 2.65084
-2.42675 0.15001 2.32559
-2.60982 0.15001 -2.70128
-2.0385 0.15001 -1.74097
-0.7598 0.15001 -2.84645
-2.31082 0.15001 -1.63907
-1.36374 0.15001 2.11001
-0.836286 0.15001 2.74432
-1.37064 0.15001 2.82452
-1.33547 0.15001 2.34087
-2.58658 0.15001 2.01843
-2.40077 0.15001 2.84999
-2.28658 0.15001 -2.69196
-0.0400847 0.15001 -0.393778
-0.701243 0.15001 0.711054
-2.39062 0.15001 0.758563
-0.611065 0.15001 0.843688
-0.797871 0.15001 -0.369236
-0.787951 0.15001 0.219455
-0.322004 0.15001 0.70457
0.156626 0.15001 1.38579
-2.36664 0.15001 2.52914
-2.53842 0.15001 -2.84999
-2.27652 0.15001 -2.50815
-1.80457 0.15001 -1.90533
-1.9155 0.15001 -0.485456
-1.27081 0.15001 0.861074
-1.76711 0.15001 2.7231
-2.10421 0.15001 2.36366
-2.01923 0.15001 2.2127
-1.13356 1.67812 1.22314
-2.55321 0.15001 2.84992
-0.647933 0.15001 -0.406071
-0.47419 0.15001 -0.550385
-1.08643 0.15001 -0.37193
-0.753361 0.15001 -0.756375
-1.2743 0.15001 -0.358179
-1.82949 0.15001 -0.813157
-2.37394 2.2081 -0.643198
-1.8794 0.15001 0.478378
-1.26211 0.586201 0.197358
-2.34612 0.15001 1.99622
-2.41421 0.15001 -2.57915
-2.71504 1.44249 -2.65666
-1.49785 1.45765 -2.65825
-2.11123 0.15001 1.97937
-2.7937 0.664314 -0.302605
-2.49698 0.347893 0.249808
-2.54626 0.15001 1.58202
-2.17727 1.29212 1.8409
-2.26068 0.15001 2.25996
-2.54129 0.15001 2.65359
-2.11355 0.15001 -2.552
-1.72788 0.623369 -1.79585
-2.70915 0.15001 0.278877
-1.97936 1.34474 0.679409
-0.622695 0.15001 -0.23829
-2.45303 0.15001 -0.517569
-2.20951 1.46849 0.273949
-2.5801 0.680417 2.3071
-2.75375 1.38354 2.79261
-2.41773 0.15001 2.15177
-2.06696 0.15001 -2.38979
-1.56391 0.15001 -2.39464
-1.89556 1.04062 -1.19785
-2.28023 0.15001 -1.4704
-2.08446 1.24495 -1.68362
-2.36355 0.170208 0.526451
-2.11672 0.15001 0.656505
-1.91338 0.15001 2.38373
-1.09892 0.15001 2.72254
-1.96805 0.15001 2.67179
-1.93065 0.15001 -2.47751
-2.67485 0.15001 -1.59126
-2.84999 0.15001 -1.71759
-2.32852 0.15001 -0.350591
-2.6134 1.24364 0.848339
-1.8675 0.15001 0.195107
-2.22162 0.15001 0.834057
-1.62105 0.15001 1.30486
-1.2625 0.15001 2.70091
-2.39077 0.15001 2.69394
-1.63553 0.15001 -1.74448
-2.01063 0.15001 -1.48507
-1.8932 0.15001 -1.0157
-2.01411 0.15001 -0.865204
-2.15932 0.15001 -0.201224
-1.74354 0.302453 0.511085
-1.92826 0.15001 0.719978
-1.7368 0.15001 2.10044
-1.12652 0.15001 2.11913
-1.6473 0.15001 2.60101
-2.0341 0.15001 -2.84999
-1.92016 0.15001 -2.08356
-0.571937 0.15001 -1.5657
-2.82991 0.15001 -1.55831
0.405407 0.15001 2.78853
0.653517 0.15001 2.75968
0.0346139 0.15001 2.73191
0.862248 0.15001 2.72243
-0.795643 0.15001 2.57196
-1.68304 0.15001 2.84999
-1.86453 0.15001 -2.84999
-2.53816 0.15001 -1.49085
-1.87972 0.15001 -1.74192
-0.333162 0.15001 -0.463453
-1.31186 0.15001 2.54924
-1.48507 0.15001 2.67304
-2.40011 0.15001 0.923043
-1.75844 0.15001 0.608627
-1.45766 0.15001 1.46613
-1.52699 0.15001 2.84999
0.0100621 0.15001 -2.57847
0.968703 0.15001 -0.381408
-0.0313674 0.15001 0.0734372
0.226178 0.15001 0.717751
-0.232208 0.15001 0.973849
0.0717484 0.15001 0.965499
-0.18141 0.15001 1.84662
0.15939 0.15001 1.64405
0.121009 0.15001 2.21239
-1.85597 0.15001 2.84999
-2.36811 0.15001 -2.84999
-1.68465 2.17077 -1.38517
-0.81501 0.15001 -1.38222
0.108291 0.15001 -1.86297
-0.347727 0.15001 1.76945
-2.15524 1.46442 1.63559
-2.56062 0.15001 0.872914
-1.42384 0.15001 0.44307
-1.97292 1.39518 1.20185
-2.12053 0.15001 2.74123
-0.0858576 0.15001 -1.70126
0.204975 1.6516 -0.717432
0.0997309 0.15001 0.22505
-1.1774 0.15001 0.998043
0.549174 0.15001 0.409547
0.247913 0.15001 0.931551
-0.325553 1.8055 0.962923
-0.117643 0.698035 0.621193
0.462362 0.79811 -1.01199
-1.82464 0.15001 2.55587
-2.20896 0.15001 -2.84999
-2.72268 1.30492 -1.34527
-1.82787 0.15001 -1.5191
0.80811 0.15001 -2.15028
-0.038135 0.15001 1.11919
-1.64441 0.15001 0.484758
-2.72664 1.16001 1.09516
-2.82131 0.828477 1.25761
-0.612089 1.05512 2.05004
-2.24263 0.15001 2.84999
-2.12293 0.15001 -2.71305
-1.73781 0.539889 -0.802822
-2.66827 0.15001 -0.391296
-2.78616 1.62763 -0.463243
-0.434957 0.15001 -1.10214
-2.20068 0.723734 0.262439
-2.4434 0.607512 0.47589
-1.54642 1.32364 0.945641
-1.8202 1.55209 2.11132
-2.01327 0.15001 2.84999
0.858413 2.10085 -2.11146
-2.51736 0.689226 -2.79476
-2.49307 0.869035 -1.21256
-1.84954 0.997558 1.38595
-1.13505 0.940734 -0.0331104
-1.88599 0.645614 0.745714
-1.85929 0.15001 1.19887
-0.75615 1.28927 1.3921
0.882989 0.653411 2.22628
-0.96063 0.15001 2.65138
-0.844095 0.15001 -2.66458
-1.46941 0.15001 -1.83125
-2.11804 0.15001 -1.0219
-1.56127 0.15001 -0.30911
-1.92919 0.15001 -0.255246
-2.10254 0.151053 0.991683
-0.997371 0.15001 1.15851
-0.516791 0.15001 1.84516
-0.738054 0.15001 2.40517
-1.19489 0.15001 2.84999
-1.45825 0.15001 -2.01783
-1.64497 0.15001 -1.47494
-0.591735 0.15001 -0.683221
-1.67369 0.15001 -0.661859
-1.93186 0.15001 -0.0199565
-1.39982 0.15001 0.256027
-0.452036 0.15001 0.942953
-0.960592 0.15001 1.88212
-1.14134 0.15001 2.55116
-0.583763 0.15001 2.13747
-1.95721 0.15001 -2.67799
-1.36491 0.15001 -2.4277
0.131584 0.15001 -1.05399
-0.223033 0.15001 -0.348896
-0.809839 0.15001 0.468247
0.360943 0.15001 0.809731
0.201643 0.15001 1.0912
0.518107 0.15001 0.87034
0.871693 0.15001 1.27601
-0.976601 0.15001 2.84999
-1.44909 0.15001 -2.84999
-1.62718 0.15001 -1.93178
-0.399889 0.15001 -0.0369618
1.68414 0.15001 1.09322
1.18646 0.15001 1.14151
1.78956 0.15001 1.64432
1.42633 0.15001 1.3918
1.27427 0.15001 1.31291
0.801967 0.15001 2.50344
-0.711024 0.15001 2.84999
-1.73867 0.15001 -2.73261
0.511233 0.15001 -2.00713
0.621498 0.15001 0.703212
-0.207483 0.15001 0.148631
0.404317 0.640927 -1.87627
-0.159257 0.15001 0.751338
0.242161 0.15001 1.25086
0.406966 0.15001 1.27306
0.484038 0.15001 1.82212
-0.545249 0.15001 2.84999
-1.56664 0.15001 -2.72159
-0.79214 0.15001 -1.77983
-1.19186 0.15001 -0.148793
2.53147 1.31091 2.49554
0.980557 0.15001 0.486679
1.40812 0.15001 0.854716
1.34426 0.15001 1.17351
1.3153 0.15001 0.981248
-0.201525 0.15001 2.46542
-0.219432 0.15001 2.84977
-1.64694 0.15001 -2.55639
-0.998179 0.769449 0.148879
0.582699 0.15001 -0.571476
-2.01595 0.463131 -0.482333
-1.00407 0.15001 -0.0510513
0.0175618 0.15001 0.791532
-0.290573 1.89499 0.54283
-0.140178 1.73931 1.83277
-0.197576 0.15001 2.27293
-0.571391 0.15001 2.50963
-1.81052 0.15001 -2.58462
1.85622 0.15001 -2.217
-2.34179 1.59571 0.819804
0.175007 0.295055 0.306157
-1.36707 1.17428 0.316209
-2.1461 1.15363 0.708953
0.814156 0.15001 0.489738
1.235 0.15001 1.93843
-0.058589 0.15001 2.84999
-0.647194 0.15001 2.67679
-1.47753 0.15001 -2.5632
-0.0994118 0.15001 -2.82686
-0.640319 0.853143 -0.786894
-1.53078 0.759767 -0.972239
-0.139811 0.179862 0.502405
-1.75917 0.15001 -0.433183
-1.68798 0.921067 1.223
-0.326481 0.568187 2.37705
0.0945269 1.7314 2.3571
-0.5667 0.15001 2.3203
-0.580471 0.15001 -2.55646
-0.198612 1.80877 -1.31919
-1.51169 0.370029 -1.73479
0.0656697 0.18619 -0.552409
-1.424 0.15001 -0.0770628
-0.244432 0.269311 0.611269
0.0927783 1.02388 1.0993
0.0962565 0.15001 2.40157
1.54713 1.50375 2.08621
-0.388909 0.15001 2.47947
-0.383641 0.15001 -2.43056
-0.0764007 1.08438 -1.43899
-0.00359275 1.68802 -0.64044
-0.937254 0.178688 -0.486721
-0.645239 0.15001 0.00861674
-0.38618 0.15001 0.528929
-0.55579 0.15001 1.25989
-0.659345 0.15001 1.96416
-0.312852 0.15001 2.12399
-0.382726 0.15001 2.29152
0.240934 0.15001 -2.0115
-0.231071 0.15001 -1.27639
-0.447889 0.15001 -0.842576
-0.444313 0.19561 -0.229618
-0.505526 0.15001 0.686214
-0.448401 0.15001 0.350298
-0.768989 0.15001 1.19751
-0.0462091 0.15001 1.31623
-0.0593726 0.15001 2.15411
-0.1271 0.15001 2.66129
0.44192 0.15001 -2.84999
2.10588 0.15001 -2.711
2.43601 0.15001 -0.193637
1.32166 0.15001 -0.443536
1.13063 0.15001 0.76173
0.779054 0.15001 1.13097
1.6978 0.15001 1.80917
1.9019 0.15001 1.74459
1.51969 0.15001 2.0581
0.930375 0.15001 2.84999
-0.324154 0.15001 -2.84999
2.41705 0.15001 -1.61504
2.70661 0.15001 -1.01907
1.57487 0.15001 1.43549
1.62012 0.15001 1.6935
2.0353 0.15001 1.79845
1.77675 0.15001 2.18261
1.83194 0.15001 1.8645
0.591932 0.15001 2.53455
1.07533 0.15001 2.84999
-1.10218 0.15001 -2.84999
0.596027 0.15001 -0.78976
0.693884 0.15001 -0.217054
-1.68963 0.646155 0.241507
-0.292775 0.15001 -0.185052
-0.495491 0.15001 -0.389324
-0.0924889 0.15001 0.259555
-0.413615 0.660845 0.195079
0.0317431 0.15001 2.57185
-0.381708 0.15001 2.84896
0.280392 0.15001 -2.84999
1.48144 0.15001 -1.48793
2.02604 0.15001 -0.227875
1.4883 0.15001 1.09385
0.901654 0.15001 1.00009
1.48351 0.15001 1.25064
1.93074 0.278342 1.86858
1.50363 0.15001 1.80424
0.930741 0.15001 1.65026
1.05447 0.306604 2.76543
-0.794494 0.93422 -2.15528
-0.93172 1.89554 -0.632279
0.505197 0.15001 0.0982971
0.83294 0.637577 -0.469301
0.121384 0.15001 0.399426
-0.277089 1.75823 -0.304586
-0.429612 1.83936 -0.360374
-0.450661 1.66925 0.505139
-0.177556 0.15001 2.01915
0.540209 0.15001 2.84999
0.120906 0.15001 -2.84999
-0.456282 1.31566 -2.13537
1.16223 1.42458 0.114217
0.825908 1.99448 -1.47843
0.484286 0.837592 -0.61675
1.97739 0.497372 1.11628
1.79126 0.254843 1.74473
1.2866 0.15001 2.0825
2.38646 0.955086 2.77392
-0.308144 0.15001 2.65153
-1.32508 0.15001 -2.65523
-0.0130021 0.15001 -1.40919
0.0509785 0.15001 -1.23904
0.890707 0.631037 -1.27689
-1.13619 0.193751 0.121768
-0.709408 1.36374 -0.660329
1.00031 0.15001 -0.0703827
-0.983234 0.15001 2.49662
0.0913231 0.980394 1.60603
0.772545 0.15001 2.84999
-1.27515 0.15001 -2.83892
-1.79251 1.33727 -2.61506
0.959648 0.805962 -1.18318
-0.51153 1.21302 -1.53114
1.81622 0.828848 -0.746803
-2.69507 1.47339 -0.270851
-0.0788268 0.233068 0.929588
1.3492 0.893697 2.14749
1.32627 1.51752 2.70318
0.690855 0.15001 2.37102
0.0811878 0.15001 -2.39205
0.548926 0.976542 -2.415
-0.422258 0.15001 -1.30197
0.292317 0.15001 -0.347322
-0.151591 0.310346 -0.31978
0.153018 0.153454 0.0254792
-0.0706165 0.299283 0.170601
-0.220237 0.15001 1.50663
0.286088 0.15001 2.48933
0.723647 0.15001 2.63067
-0.589042 0.15001 -1.76328
0.488094 0.15001 -1.28335
0.878269 0.15001 -0.726487
0.455988 0.284995 -0.0753059
-0.306531 0.29998 -0.0802919
-0.00316713 0.321534 -0.00509436
-0.259203 0.193934 0.337966
-0.452194 0.15001 2.01284
0.0134331 0.15001 1.84869
0.118772 0.15001 2.84999
0.475067 0.15001 -2.67304
0.872592 0.15001 -1.92358
2.73646 0.15001 0.452082
1.47921 0.15001 -0.0376057
0.978458 0.15001 1.15181
2.0937 0.15001 1.63545
1.9521 0.15001 1.93361
1.9462 0.15001 2.42082
1.07844 0.15001 1.96813
1.14234 0.15001 2.7145
0.762622 0.15001 -2.84923
2.07849 0.15001 -0.96114
2.44764 0.15001 -1.32366
1.36269 0.15001 1.86659
1.94683 0.15001 1.61101
1.46478 0.15001 1.55615
1.66818 0.15001 2.08777
2.49389 0.15001 2.00297
0.399721 0.15001 2.21688
1.37154 0.15001 2.84999
0.0237535 0.15001 -2.7339
-0.13439 0.15001 -0.207106
1.55256 0.15001 0.13619
1.12393 0.15001 0.0370442
-0.145824 0.480154 -0.145774
-0.127594 0.636143 0.137828
0.0438542 0.600413 0.0733751
0.375408 0.15001 1.0315
0.255305 0.15001 2.11109
1.00244 0.15001 2.66106
0.830712 0.15001 -2.65893
2.55453 0.15001 -1.74981
1.24139 0.15001 -1.55313
1.63613 0.15001 1.26316
1.30978 0.341472 1.75826
1.52179 0.269837 1.7447
2.14536 0.285267 1.76179
2.19129 1.11043 1.94453
1.41096 0.15001 2.16005
1.22348 0.15001 2.84999
-0.0306982 0.923951 -0.13001
-0.940216 0.15001 -1.97844
1.30856 0.15001 -0.0509553
0.566481 1.05051 0.275143
0.102673 0.15001 -0.335139
0.0142885 0.15001 -0.152317
-0.250483 1.73057 -0.129537
-0.0831068 1.47813 0.808319
-0.380713 1.71344 1.51683
0.271095 0.15001 2.84999
-0.490592 0.15001 -2.84999
2.08364 1.15935 -1.99416
0.355875 0.15001 -2.5331
0.565755 1.25127 -1.72811
0.970167 0.797983 2.82117
1.59382 0.261975 1.60188
2.08295 0.99595 1.63332
1.44598 0.263959 1.95901
2.2129 1.60227 2.72336
1.27943 0.317458 2.76805
-0.418578 0.15001 -2.65681
-0.631028 0.15001 -2.74288
-0.430882 0.15001 -2.01796
1.61055 0.676737 -0.0196724
1.10928 1.01296 -0.0975648
-0.522166 0.35976 -1.10426
0.328416 0.395438 0.779997
0.975927 0.399053 1.43883
-0.159306 0.42061 1.32276
0.891288 0.315807 2.48648
0.176179 0.15001 -2.5553
-0.9306 0.695316 -2.63872
0.427193 0.15001 -2.22667
1.14193 0.15001 -0.477073
0.777491 0.15001 0.661595
0.553091 0.151764 1.37877
0.552875 0.15001 1.61124
0.128397 0.435194 1.10498
0.572534 0.15001 2.16867
0.955454 0.15001 2.21717
1.10716 0.15001 -2.4329
1.00578 0.15001 -2.20312
0.236204 0.15001 -0.528666
1.13874 0.15001 -0.194051
0.718453 0.214575 0.0127673
0.726313 0.15001 0.862937
0.627708 0.15001 1.02426
0.165211 0.301232 0.980413
0.799173 0.29504 2.29286
0.788946 0.307732 2.65602
0.539141 0.15001 -2.49716
0.215968 0.15001 -2.24074
1.39927 0.184994 -0.245135
0.581312 0.15001 0.244267
0.720539 0.15001 0.349768
1.17554 0.282554 1.24846
0.13949 0.284336 0.796457
0.688241 0.15001 1.75244
0.328197 0.15001 1.72088
0.515139 0.15001 2.35677
0.903298 0.15001 -2.49597
2.27637 0.15001 -2.32443
2.50738 0.15001 0.857778
0.907544 0.15001 0.201699
1.6748 0.15001 1.54798
2.02121 0.15001 2.05584
1.85238 0.15001 2.30922
2.18598 0.15001 2.27937
1.10299 0.15001 2.44081
1.33895 0.15001 2.56773
1.47367 0.15001 -2.84851
2.72006 0.15001 -0.84566
1.01029 0.15001 -1.76835
1.38253 0.15001 1.70982
2.23234 0.15001 1.88796
1.832 0.15001 2.03084
1.6866 0.15001 2.30152
2.38413 0.15001 2.10482
1.57621 0.15001 1.92363
1.80735 0.15001 2.84999
-0.229203 0.15001 -2.72661
0.358519 0.15001 -0.147464
1.86628 0.771367 0.32072
1.41334 0.15001 0.244748
-0.0349711 0.709768 -0.342748
0.0902668 0.641555 -0.232048
1.3249 0.266104 1.07598
0.853207 0.174978 1.82325
0.867749 0.15001 2.05225
1.29364 0.15001 2.71187
0.926807 0.15001 -2.84333
2.49363 1.94565 -2.64293
1.09035 1.28101 -2.30091
1.24634 0.15001 1.62413
1.70266 0.783059 1.68082
1.86181 0.862367 2.06176
1.78274 0.471273 2.32424
2.4825 0.70986 2.30576
2.21252 1.77581 2.5758
1.66261 0.15001 2.84999
0.989838 0.627909 -1.0509
0.425576 0.15001 -2.38517
0.999723 1.66819 -0.271608
0.906365 1.50389 -0.338511
0.573785 0.15001 -0.0766626
0.883081 0.15001 0.783313
0.359742 1.0799 0.282104
0.0611737 1.36905 0.763553
0.105207 0.659651 1.92039
0.19627 0.15001 2.70661
0.602751 0.15001 -2.84787
2.01912 0.872342 -2.2859
1.2983 0.15001 -2.82938
1.23037 0.58614 1.29556
1.9785 0.271111 1.71838
2.18982 0.168927 2.03771
2.45273 0.15001 1.86121
2.22929 1.02621 2.57505
1.99695 1.03344 2.45136
1.51669 0.15001 2.84999
0.296345 0.15001 -2.68444
-0.0630244 1.76404 -1.07519
1.10859 0.623603 -1.90671
2.17255 0.798926 -0.224273
1.51103 0.726083 1.52423
1.40894 0.297052 1.55852
2.685 0.358657 1.98784
2.40222 0.292093 2.52404
-0.69242 0.15001 0.991598
0.871489 0.15001 2.35963
0.694642 0.15001 -2.40019
0.631438 0.15001 -1.86252
1.04112 1.34687 -1.19952
0.740696 0.15001 0.171151
1.47544 0.15001 0.688482
1.83266 0.285066 1.58523
2.14499 0.551377 2.60399
2.57089 0.429882 2.63612
1.42818 0.15001 2.30396
0.960801 0.15001 2.5091
1.49369 0.15001 -2.4105
1.22481 0.15001 -2.25169
0.39042 0.15001 -1.46179
1.68889 0.15001 -0.508565
0.924649 0.300151 0.319987
0.413381 0.15001 0.618042
0.895297 0.15001 1.44893
1.08272 0.154849 1.51618
0.692825 0.15001 1.9664
1.10998 0.15001 2.12735
0.874619 0.15001 -2.32051
1.02716 0.15001 -0.932531
0.691479 0.15001 -1.35166
1.57569 0.15001 -0.31761
0.829123 0.324585 0.477741
1.38245 0.296488 1.29276
1.19981 0.323541 1.8895
1.64984 0.319095 1.8563
0.749413 0.15001 2.19139
0.508063 0.15001 2.00059
1.09657 0.15001 -2.84875
1.69398 0.15001 -1.61045
2.73011 0.15001 0.663531
0.980555 0.15001 0.648152
1.98216 0.15001 1.47098
2.25579 0.15001 1.62602
2.10338 0.15001 2.16616
2.086 0.15001 2.38825
1.56222 0.15001 2.21291
1.73899 0.15001 2.70539
1.64736 0.15001 -2.4971
2.33073 0.15001 -1.45091
0.481776 0.15001 -1.70139
1.01359 0.15001 1.81268
2.09603 0.15001 1.93103
2.2538 0.15001 2.15752
2.2266 0.15001 2.40816
2.37216 0.15001 2.39538
1.9998 0.15001 2.26747
2.09197 0.15001 2.84999
0.64235 0.15001 -2.6203
0.834778 0.15001 -0.129274
1.92332 0.15001 0.0198168
0.788807 0.938024 0.297561
0.176376 0.15001 -0.195636
0.834604 0.672977 0.0861211
0.894383 0.636445 0.257828
1.91572 0.15001 2.14963
0.91237 0.479194 1.85532
1.59183 0.15001 2.70557
1.63982 0.15001 -2.84998
2.06446 1.86077 -2.27986
0.668818 1.19709 -1.94703
0.397085 1.1291 1.57767
1.82791 0.15001 1.497
2.09446 0.982584 2.33808
2.11674 1.16127 2.40565
2.28832 1.26084 2.48858
2.35658 1.69831 2.72377
1.95093 0.15001 2.84999
0.922036 0.420606 -1.51788
0.77693 0.15001 -1.72492
1.09312 0.175789 -0.750631
1.88681 2.03677 -0.304953
1.13534 0.15001 0.443763
1.14578 0.15001 0.198233
0.709308 1.46911 0.0934839
1.71477 0.156453 1.95101
-0.120615 0.32267 1.50499
1.4439 0.15001 2.692
1.50314 0.15001 -2.64105
2.044 1.15921 -2.22487
1.3478 0.953942 -2.63596
1.68063 0.961239 2.3911
2.19374 1.29009 2.01632
2.68154 1.401 2.44581
2.48064 0.53234 2.34543
2.4931 1.04333 2.42868
1.57463 0.15001 2.4066
1.81447 0.15001 2.56791
1.97073 0.15001 -2.53012
2.65397 1.11837 -2.5324
1.97699 0.15001 -0.463593
2.75051 0.304781 -1.65644
2.25915 0.15001 0.236728
1.67216 0.281238 2.20041
2.07778 0.288022 1.54931
2.02771 0.299289 2.1072
1.12384 0.350373 2.03888
1.66265 0.15001 2.55642
1.70726 0.15001 -2.32124
2.12389 0.15001 -1.77547
1.87067 1.0545 -2.45478
2.11635 0.15001 0.0732903
2.4249 0.15001 0.275353
1.8575 0.313376 1.4042
2.22817 1.07671 2.26974
2.80902 0.464312 2.14367
1.26668 0.15001 2.40493
1.51466 0.15001 2.55844
1.91159 0.15001 -2.37257
1.36569 0.15001 -1.33839
2.5602 0.15001 -1.55484
2.12687 0.222943 -0.33497
1.97387 0.15001 0.226879
1.05181 0.308156 0.00623536
2.65283 0.328977 2.21634
1.85585 0.318873 2.18232
2.11046 0.310802 2.30909
1.16368 0.15001 2.2797
1.50814 0.15001 -1.74364
1.92523 0.15001 -1.41383
2.21921 0.15001 -0.875892
1.77662 0.15001 -0.293809
1.91445 0.15001 0.421974
2.00778 0.309364 1.20096
2.09692 0.322371 1.94186
2.35116 0.314364 1.84728
1.41892 0.15001 2.4458
1.18529 0.15001 2.56887
1.80278 0.15001 -2.84999
2.08803 0.15001 -1.59877
2.41975 0.15001 -0.709611
1.01061 0.15001 0.325676
1.72332 0.15001 1.38917
2.0496 0.15001 1.32674
2.51619 0.15001 1.04543
2.18017 0.15001 1.23594
2.30432 0.15001 2.51754
1.88824 0.15001 2.70846
2.133 0.15001 -2.84999
2.26355 0.15001 -2.48697
1.62896 0.15001 -1.11151
2.68244 0.15001 -0.428807
2.61913 0.15001 0.555722
2.38455 0.15001 0.45465
2.17504 0.15001 1.75918
2.33819 0.15001 1.97491
2.5811 0.15001 2.57319
2.52938 0.15001 2.84999
1.70715 0.15001 -2.66867
1.23777 0.15001 0.631572
2.43394 0.849145 0.152362
2.18635 0.15001 0.440189
2.48345 0.15001 -0.362842
2.14822 0.15001 0.601878
1.56044 0.760078 0.254276
1.76878 0.575642 0.71303
2.28136 0.15001 1.45902
2.16921 0.15001 2.7402
2.24913 0.15001 -2.64585
1.17205 0.15001 -1.05925
1.64655 0.15001 -1.87461
2.71217 0.15001 -1.3241
1.88953 0.15001 1.1873
2.13348 0.15001 1.47983
2.5748 0.15001 1.76581
2.73742 0.15001 1.99778
2.08458 1.48713 2.04614
2.38823 0.15001 2.84999
2.35083 1.00549 -2.56065
0.414329 0.982307 -1.52721
-0.726891 1.39306 -0.412756
1.94332 0.461333 -0.210859
1.9046 1.58369 -0.612062
1.72466 0.15001 -0.0931079
1.88807 1.31455 -0.0681666
1.47589 0.398858 -0.139203
1.19242 0.344091 1.45711
2.32261 0.15001 2.71581
1.96669 0.15001 -2.84999
2.72494 0.15001 -2.80482
0.357623 1.18902 -0.532735
2.5631 0.15001 -0.564579
2.60617 0.930123 2.09339
2.72705 1.5896 2.27407
2.59545 1.47112 2.59931
2.16669 0.87727 1.54901
2.35337 0.15001 2.25557
2.24638 0.15001 2.84999
1.89178 0.15001 -2.68166
2.80444 1.1094 -2.71389
2.07027 0.551933 -0.794906
1.73359 0.649588 -1.38126
2.58366 1.20386 -0.0233058
2.19197 0.523986 0.505365
1.23717 0.262476 0.0420202
2.48433 0.332393 1.53168
2.61814 0.15001 2.07705
2.21562 0.15001 2.61539
2.57073 0.15001 -2.38146
2.81072 1.11385 -1.87469
2.71063 0.15001 -1.48583
2.24498 0.15001 -0.684488
2.42154 1.23428 1.29472
2.37059 0.2737 1.00778
2.37574 0.15001 1.1454
2.44219 0.15001 1.66112
1.95987 0.15001 2.56526
2.48967 0.15001 2.46821
2.41472 0.15001 -2.40366
2.44516 0.15001 -0.904748
2.52391 0.15001 -1.16502
2.21409 0.15001 -0.107631
2.54928 0.15001 0.399624
2.05011 0.15001 1.11882
2.22228 0.15001 1.0488
2.61087 0.15001 1.91653
1.75773 0.15001 2.43142
2.03641 0.15001 2.6916
1.93965 0.15001 -2.05713
2.46325 0.298607 -1.7116
2.58776 0.15001 -0.741196
2.06863 0.15001 -0.637674
2.30167 0.15001 0.0597516
1.86972 0.15001 0.964646
1.88062 0.15001 1.34397
2.33185 0.15001 1.7687
2.50436 0.15001 2.16451
2.10368 0.15001 2.53259
2.28688 0.15001 -2.84953
2.70502 0.15001 -2.60005
2.52652 0.15001 -1.91808
2.70493 0.15001 -1.80316
2.68591 0.15001 0.293237
2.70063 0.15001 0.814378
2.84999 0.15001 1.03339
2.70837 0.15001 1.50413
2.84999 0.15001 2.23795
2.66942 0.15001 2.84999
2.43848 0.15001 -2.84999
2.84999 0.15001 -2.17943
2.84999 0.15001 -1.86446
2.84999 0.15001 -1.70743
2.84999 0.15001 0.11424
2.84999 0.15001 0.738534
2.84999 0.15001 1.46847
2.84999 0.15001 1.91309
2.84999 0.15001 2.68132
2.84999 0.15001 2.84999
2.57218 0.15001 -2.69308
2.69312 0.15001 -2.26204
2.69556 0.15001 -1.96217
2.84999 0.15001 -1.23908
2.72584 0.15001 -0.63633
2.55664 0.15001 0.702803
2.697 0.15001 1.10236
2.84999 0.15001 1.32553
2.84999 0.15001 2.07944
2.72162 0.15001 2.61351
2.84999 0.15001 -2.84999
2.84999 0.15001 -2.68454
2.84999 0.15001 -2.0216
2.84999 0.15001 -0.746681
2.84999 0.15001 -0.524612
2.84999 0.15001 0.300276
2.84999 0.15001 1.17987
2.84999 0.15001 1.61368
2.84999 0.15001 2.53759
2.7483 0.15001 2.75416
2.5874 0.15001 -2.84999
2.84999 0.15001 -2.34186
2.26802 0.15001 -1.92373
2.84999 0.15001 -1.39706
2.84999 0.15001 -0.357308
2.84999 0.15001 -0.0698389
2.77516 0.15001 -0.212554
2.46062 0.15001 1.32358
2.73537 0.15001 2.31982
2.46927 0.15001 2.72177
2.40441 0.15001 -2.68577
2.84999 0.15001 -2.51776
2.62525 0.15001 -2.11
2.84999 0.15001 -1.08484
2.82666 0.307422 0.00245656
2.84999 0.15001 0.561311
2.84999 0.15001 0.887492
2.84999 0.15001 1.7596
2.84999 0.15001 2.39296
2.60914 0.15001 2.71724
2.5058 0.15001 -2.54298
2.47726 0.15001 -2.23385
2.84999 0.15001 -1.55359
2.84999 0.15001 -0.925871
2.68112 0.15001 0.0309865
2.81798 0.320597 0.53601
2.70217 0.15001 1.2733
2.59522 0.15001 1.39808
2.6998 0.15001 1.66636
2.72038 0.15001 2.4722
2.10207 0.15001 -2.39728
2.27375 0.15001 -2.13264
1.9684 0.15001 -1.86779
2.69181 0.15001 -1.17343
2.61596 0.15001 -0.25991
2.31112 0.15001 0.881102
2.55895 0.15001 1.20008
2.56912 0.15001 1.5717
2.61873 0.15001 2.2418
2.41874 0.15001 2.59321
2.717 0.15001 -2.43355
2.4377 0.15001 -2.06381
2.69387 0.15001 -1.64488
2.38102 0.15001 -0.530007
2.57178 0.15001 -0.0929361
2.57076 0.15001 0.180198
2.64199 0.15001 0.953088
2.43446 0.15001 1.48771
2.72289 0.15001 1.82433
2.60668 0.15001 2.39207
2.03826 0.15001 -2.22102
2.11203 0.15001 -2.04841
2.57842 0.15001 -1.39836
2.19917 0.15001 -0.48335
2.47207 0.15001 0.048204
2.02508 0.15001 0.75306
2.06788 0.15001 0.935093
2.31329 0.15001 1.3048
2.73594 0.15001 2.15954
2.48837 0.15001 2.30979
-3 0 -3
-3 0 3
-3 1 -3
-3 1 3
-3 2 -3
-3 2 3
-3 3 -3
-3 3 3
-3 4 -3
-3 4 3
-3 5 -3
-3 5 3
-3 6 -3
-3 6 3
-2 0 -3
-2 0 3
-2 1 -3
-2 1 3
-2 2 -3
-2 2 3
-2 3 -3
-2 3 3
-2 4 -3
-2 4 3
-2 5 -3
-2 5 3
-2 6 -3
-2 6 3
-1 0 -3
-1 0 3
-1 1 -3
-1 1 3
-1 2 -3
-1 2 3
-1 3 -3
-1 3 3
-1 4 -3
-1 4 3
-1 5 -3
-1 5 3
-1 6 -3
-1 6 3
0 0 -3
0 0 3
0 1 -3
0 1 3
0 2 -3
0 2 3
0 3 -3
0 3 3
0 4 -3
0 4 3
0 5 -3
0 5 3
0 6 -3
0 6 3
1 0 -3
1 0 3
1 1 -3
1 1 3
1 2 -3
1 2 3
1 3 -3
1 3 3
1 4 -3
1 4 3
1 5 -3
1 5 3
1 6 -3
1 6 3
2 0 -3
2 0 3
2 1 -3
2 1 3
2 2 -3
2 2 3
2 3 -3
2 3 3
2 4 -3
2 4 3
2 5 -3
2 5 3
2 6 -3
2 6 3
-3 0 -3
-3 7 -3
-3 0 -2
-3 7 -2
-3 0 -1
-3 7 -1
-3 0 0
-3 7 0
-3 0 1
-3 7 1
-3 0 2
-3 7 2
-2 0 -3
-2 7 -3
-2 0 -2
-2 7 -2
-2 0 -1
-2 7 -1
-2 0 0
-2 7 0
-2 0 1
-2 7 1
-2 0 2
-2 7 2
-1 0 -3
-1 7 -3
-1 0 -2
-1 7 -2
-1 0 -1
-1 7 -1
-1 0 0
-1 7 0
-1 0 1
-1 7 1
-1 0 2
-1 7 2
0 0 -3
0 7 -3
0 0 -2
0 7 -2
0 0 -1
0 7 -1
0 0 0
0 7 0
0 0 1
0 7 1
0 0 2
0 7 2
1 0 -3
1 7 -3
1 0 -2
1 7 -2
1 0 -1
1 7 -1
1 0 0
1 7 0
1 0 1
1 7 1
1 0 2
1 7 2
2 0 -3
2 7 -3
2 0 -2
2 7 -2
2 0 -1
2 7 -1
2 0 0
2 7 0
2 0 1
2 7 1
2 0 2
2 7 2
-3 0 -3
3 0 -3
-3 0 -2
3 0 -2
-3 0 -1
3 0 -1
-3 0 0
3 0 0
-3 0 1
3 0 1
-3 0 2
3 0 2
-3 1 -3
3 1 -3
-3 1 -2
3 1 -2
-3 1 -1
3 1 -1
-3 1 0
3 1 0
-3 1 1
3 1 1
-3 1 2
3 1 2
-3 2 -3
3 2 -3
-3 2 -2
3 2 -2
-3 2 -1
3 2 -1
-3 2 0
3 2 0
-3 2 1
3 2 1
-3 2 2
3 2 2
-3 3 -3
3 3 -3
-3 3 -2
3 3 -2
-3 3 -1
3 3 -1
-3 3 0
3 3 0
-3 3 1
3 3 1
-3 3 2
3 3 2
-3 4 -3
3 4 -3
-3 4 -2
3 4 -2
-3 4 -1
3 4 -1
-3 4 0
3 4 0
-3 4 1
3 4 1
-3 4 2
3 4 2
-3 5 -3
3 5 -3
-3 5 -2
3 5 -2
-3 5 -1
3 5 -1
-3 5 0
3 5 0
-3 5 1
3 5 1
-3 5 2
3 5 2
-3 6 -3
3 6 -3
-3 6 -2
3 6 -2
-3 6 -1
3 6 -1
-3 6 0
3 6 0
-3 6 1
3 6 1
-3 6 2
3 6 2
